x y fp fmu
0.044 0.198 -19.3465 8.72732e-10
0.0439686 0.198831 -18.2042 5.26859e-10
0.0438651 0.199717 -17.9245 2.36858e-10
0.0437102 0.200508 -16.434 1.47844e-10
0.043563 0.20107 -15.3649 5.61143e-10
0.0434411 0.201462 -14.7488 4.77408e-10
0.0433293 0.201782 -14.0545 8.13502e-10
0.043204 0.202108 -12.9198 7.39354e-10
0.0430609 0.202447 -13.5281 5.03671e-10
0.0429027 0.202789 -12.1227 1.67897e-10
0.0427243 0.203142 -11.5447 4.34523e-10
0.0424896 0.203563 -10.4667 4.18612e-10
0.0421284 0.204138 -9.09076 4.50831e-10
0.0417217 0.204703 -7.70627 4.21911e-10
0.0413553 0.205155 -6.60427 3.15159e-10
0.0409274 0.205626 -5.2946 3.36459e-10
0.0405792 0.205972 -4.35945 3.56626e-10
0.0402873 0.20624 -3.7506 2.5982e-10
0.0400692 0.206428 -3.16154 4.15138e-10
0.0398676 0.206593 -2.60598 1.78967e-10
0.0396645 0.206751 -2.27235 2.43295e-10
0.0394515 0.206909 -1.71822 2.51532e-10
0.0392252 0.207069 -1.32872 2.27553e-10
0.0389981 0.207221 -0.938093 3.24369e-10
0.038779 0.20736 -0.554483 2.29007e-10
0.038575 0.207483 -0.0549161 2.22488e-10
0.0383127 0.207632 0.452437 2.78177e-10
0.0380748 0.207759 0.671085 3.82269e-10
0.0377483 0.207922 1.57262 5.76101e-10
0.0373962 0.208083 1.63955 -4.31213e-10
0.0370617 0.208223 1.81096 1.62944e-11
0.0367982 0.208323 2.36089 1.36798e-10
0.0365134 0.208424 2.71615 9.47701e-11
0.0362289 0.208515 2.98699 2.00123e-10
0.0359148 0.208607 3.30419 1.43298e-10
0.0356344 0.20868 3.68285 1.19286e-10
0.0353866 0.208738 3.59156 9.49907e-11
0.0351467 0.208788 3.72925 1.46847e-10
0.0349167 0.208832 4.05357 6.77636e-11
0.0346987 0.208868 4.132 1.1048e-10
0.0344766 0.2089 4.30401 8.58445e-11
0.0342335 0.208931 4.31883 5.28531e-11
0.0339475 0.208959 4.38574 9.23086e-11
0.0336007 0.208984 4.55698 -3.99455e-12
0.0331337 0.208999 4.61383 -3.6792e-12
0.0326391 0.208994 4.58341 -4.5202e-11
0.0321724 0.208969 4.51192 -5.89942e-11
0.0317078 0.208924 4.36915 -7.38949e-11
0.0312574 0.208861 3.92666 -1.73026e-10
0.0308079 0.208779 3.9285 -3.11505e-10
0.0303463 0.208675 3.62501 -1.30088e-10
0.0300313 0.208592 3.25168 -1.28476e-10
0.0297315 0.208503 2.93405 -1.99295e-10
0.0294487 0.208411 2.70249 -1.07927e-10
0.0292011 0.208323 2.44566 -1.09069e-10
0.0289701 0.208235 2.05723 -2.24176e-10
0.0287542 0.208148 1.77708 -1.3998e-10
0.0284816 0.208029 1.56488 -2.03257e-10
0.0281197 0.207858 1.05674 -2.6009e-10
0.027793 0.20769 0.616803 -2.57998e-10
0.0274729 0.207511 0.0785176 -2.634e-10
0.0272349 0.207368 -0.429199 -2.4083e-10
0.0270229 0.207234 -0.831388 -3.29536e-10
0.0267841 0.207075 -1.27921 -2.32679e-10
0.0264598 0.206845 -1.89652 -3.15748e-10
0.0259968 0.206483 -2.86347 -2.82427e-10
0.0254015 0.205954 -4.35212 -2.48133e-10
0.0247838 0.205314 -6.04078 -3.50656e-10
0.024235 0.204646 -7.79162 -5.21108e-10
0.0237809 0.204001 -9.396 -4.0733e-10
0.023382 0.203338 -10.8907 -4.32216e-10
0.0231067 0.202809 -12.0384 -4.19675e-10
0.0229174 0.202398 -13.0481 -3.32918e-10
0.0227768 0.20206 -13.661 -2.25261e-10
0.0226627 0.20176 -14.2159 -3.65382e-10
0.0225618 0.201471 -15.2397 -6.25438e-11
0.0224723 0.201189 -15.8626 -4.70733e-10
0.0223813 0.200871 -14.8739 1.12794e-10
0.0222857 0.200491 -16.545 -4.62414e-10
0.0221958 0.200066 -17.4885 -1.51613e-11
0.0220966 0.199454 -18.0288 -7.28815e-10
0.022023 0.19871 -17.9393 -8.02034e-10
0.0220001 0.197945 -19.7534 -1.23328e-10
0.0220281 0.197214 -18.7223 -1.47014e-09
0.0220873 0.196617 -19.063 -1.71005e-09
0.022166 0.196096 -19.6288 -1.08119e-09
0.0222874 0.195502 -19.7226 -6.26846e-10
0.0224286 0.194959 -19.5199 -6.08798e-10
0.0225447 0.194582 -19.2736 -6.08335e-10
0.0226671 0.194228 -19.0874 -5.54881e-10
0.02278 0.193932 -18.8252 -5.44054e-10
0.0229191 0.193598 -18.5924 -4.78845e-10
0.0231069 0.193191 -18.2161 -4.07718e-10
0.023375 0.192675 -17.6456 -3.39989e-10
0.0237519 0.192044 -16.8254 -2.8882e-10
0.0241651 0.191447 -15.9352 -2.38852e-10
0.0244989 0.191019 -15.2254 -2.0152e-10
0.0248051 0.190662 -14.5866 -1.72272e-10
0.0251202 0.190325 -13.942 -1.39102e-10
0.0255252 0.18993 -13.167 -1.28677e-10
0.025995 0.189519 -12.2535 -9.10508e-11
0.0263768 0.189217 -11.5727 -8.13011e-11
0.026657 0.189013 -11.1384 -7.52188e-11
0.0269416 0.188819 -10.6159 -2.40707e-11
0.0271748 0.188669 -10.3368 -3.04938e-11
0.0274131 0.188524 -10.0016 -1.63071e-12
0.0276469 0.18839 -9.59547 -1.58131e-11
0.027851 0.18828 -9.37043 -1.77553e-11
0.0281196 0.188142 -8.9933 -2.63398e-11
0.0283611 0.188026 -8.75431 -3.07606e-11
0.0286364 0.187903 -8.44141 -1.91203e-13
0.0288819 0.1878 -8.23955 -5.70508e-12
0.0291065 0.187712 -8.00625 2.51439e-11
0.0293903 0.187609 -7.63119 1.7762e-11
0.029637 0.187527 -7.47252 -3.2951e-12
0.0299587 0.187429 -7.27356 -4.82827e-14
0.0302386 0.187352 -6.99679 4.50461e-11
0.0305194 0.187283 -6.78988 2.18865e-11
0.0307484 0.187233 -6.65135 1.19287e-11
0.0309915 0.187185 -6.60072 1.67548e-11
0.0312193 0.187145 -6.38286 3.82826e-11
0.0314448 0.18711 -6.12956 1.73097e-11
0.031683 0.187079 -6.22592 -8.12177e-11
0.0319532 0.18705 -6.2458 1.10177e-13
0.0322347 0.187027 -6.17505 -5.95889e-12
0.0325951 0.187007 -6.07233 3.01518e-11
0.032996 0.187 -6.06821 -2.09615e-11
0.0334437 0.187009 -6.09938 -9.20342e-12
0.0339605 0.187042 -6.15907 -2.75935e-11
0.0346015 0.187117 -6.40097 -1.76065e-11
0.0351949 0.187221 -6.62578 8.22151e-12
0.035663 0.187327 -6.73812 -4.57783e-11
0.0359809 0.187412 -7.10991 4.03025e-11
0.0362841 0.187502 -7.38521 -3.1831e-12
0.036601 0.187606 -7.69241 2.54769e-13
0.0368434 0.187693 -7.90181 -1.86422e-11
0.0371047 0.187795 -8.14719 1.83436e-12
0.0374554 0.187943 -8.54213 -1.71293e-11
0.0377735 0.18809 -8.90116 5.4092e-11
0.038104 0.188256 -9.14598 4.46618e-12
0.0383909 0.188412 -9.66662 3.48202e-11
0.0385944 0.188529 -9.93023 1.54755e-11
0.0387998 0.188653 -10.2065 -1.49453e-12
0.0390204 0.188794 -10.5919 4.82006e-11
0.0392557 0.188952 -10.9435 3.03725e-11
0.039488 0.189117 -11.2891 4.07112e-11
0.0397049 0.18928 -11.6706 6.04057e-11
0.0399146 0.189445 -12.0202 5.75141e-11
0.0401188 0.189614 -12.3933 1.04795e-10
0.0403505 0.189816 -12.8212 9.63118e-11
0.0406368 0.190083 -13.3452 1.10317e-10
0.0409776 0.190427 -14.0472 1.50439e-10
0.0412586 0.190734 -14.6508 1.79349e-10
0.0415154 0.191037 -15.1744 1.94608e-10
0.0417712 0.191362 -15.7358 2.2818e-10
0.041959 0.191617 -16.1408 2.50087e-10
0.0421074 0.191831 -16.4592 2.84809e-10
0.0422325 0.19202 -16.6953 3.202e-10
0.0423548 0.192213 -17.0382 2.82926e-10
0.0424748 0.192412 -17.3247 3.50302e-10
0.0425889 0.19261 -17.5484 3.26349e-10
0.0426986 0.19281 -17.8026 3.71885e-10
0.0428132 0.19303 -18.0429 3.59262e-10
0.0429391 0.193287 -18.3584 3.98343e-10
0.0430978 0.193637 -18.6618 4.33466e-10
0.043245 0.193995 -18.9601 4.38832e-10
0.0433577 0.194296 -19.1922 5.21777e-10
0.0434522 0.194572 -19.2276 5.69299e-10
0.0435441 0.194866 -19.4939 4.83051e-10
0.0436261 0.195156 -19.6454 6.50467e-10
0.0436986 0.195443 -19.6075 6.34944e-10
0.0437807 0.195814 -19.7902 6.17405e-10
0.0438773 0.196361 -19.6661 8.81384e-10
0.0439681 0.197163 -19.1047 7.99185e-10
