x y fp fmu
0.044601 0.198 -3.08977 1.90092e-09
0.0445696 0.198831 -2.98955 1.73394e-09
0.0444661 0.199717 -3.039 1.01653e-09
0.0443112 0.200508 -0.967343 7.44195e-10
0.044164 0.20107 0.289082 1.29543e-09
0.0440421 0.201462 1.02656 9.57045e-10
0.0439303 0.201782 1.93671 1.56085e-09
0.043805 0.202108 3.91331 1.27604e-09
0.043662 0.202447 2.23577 6.06933e-10
0.0435037 0.202789 4.88714 -1.17329e-10
0.0433253 0.203142 5.61604 4.57756e-10
0.0430907 0.203563 7.23876 3.89912e-10
0.0427294 0.204138 9.24522 2.94515e-10
0.0423227 0.204703 11.2827 1.29502e-10
0.0419563 0.205155 12.9416 -1.324e-10
0.0415284 0.205626 14.9161 -1.36585e-10
0.0411802 0.205972 16.2957 -9.43249e-11
0.0408883 0.20624 17.1038 -2.79178e-10
0.0406702 0.206428 17.924 1.3245e-10
0.0404686 0.206593 18.8275 -4.9429e-10
0.0402655 0.206751 19.1937 -3.26356e-10
0.0400525 0.206909 20.0137 -3.00697e-10
0.0398262 0.207069 20.5096 -3.00548e-10
0.0395991 0.207221 21.0332 4.37216e-11
0.03938 0.20736 21.493 -2.15188e-10
0.039176 0.207483 22.236 -3.0514e-10
0.0389137 0.207632 23.1062 -1.48686e-10
0.0386758 0.207759 23.2717 2.17191e-10
0.0383493 0.207922 24.7335 6.11142e-10
0.0379972 0.208083 24.8433 -1.91153e-09
0.0376628 0.208223 24.6933 -5.10084e-10
0.0373992 0.208323 25.6339 -2.39518e-10
0.0371144 0.208424 26.062 -3.75062e-10
0.0368299 0.208515 26.4706 -5.94702e-11
0.0365158 0.208607 26.7489 -1.86903e-10
0.0362354 0.20868 27.4659 -2.64906e-10
0.0359876 0.208738 27.2222 -1.30584e-10
0.0357477 0.208788 27.0493 4.59706e-11
0.0355177 0.208832 27.5687 -2.96839e-10
0.0352997 0.208868 27.8143 -1.15475e-10
0.0350776 0.2089 28.0586 -1.50203e-10
0.0348345 0.208931 27.9501 -1.08793e-10
0.0345485 0.208959 27.8306 -4.72568e-11
0.0342017 0.208984 28.1363 -3.04189e-10
0.0337347 0.208999 28.1277 -7.2663e-11
0.0332402 0.208994 27.9455 -6.19315e-11
0.0327734 0.208969 27.8081 3.59772e-12
0.0323088 0.208924 27.5515 1.3286e-10
0.0318584 0.208861 26.5266 -1.53847e-10
0.0314089 0.208779 26.9038 -5.49328e-10
0.0309473 0.208675 26.3138 2.15883e-10
0.0306323 0.208592 25.5638 1.86758e-10
0.0303325 0.208503 25.1754 -4.93084e-11
0.0300497 0.208411 24.8427 2.97597e-10
0.0298021 0.208323 24.4747 3.27599e-10
0.0295711 0.208235 23.6974 -5.57022e-11
0.0293552 0.208148 23.294 2.22015e-10
0.0290827 0.208029 23.1137 1.07078e-10
0.0287207 0.207858 22.2055 3.18564e-11
0.028394 0.20769 21.5615 1.26784e-10
0.0280739 0.207511 20.6594 7.36228e-11
0.0278359 0.207368 19.7695 1.32684e-10
0.0276239 0.207234 19.1952 -1.58919e-10
0.0273851 0.207075 18.4738 2.29391e-10
0.0270608 0.206845 17.5734 4.92302e-11
0.0265978 0.206483 16.0676 2.03548e-10
0.0260025 0.205954 13.7592 3.04577e-10
0.0253849 0.205314 11.2888 -1.64829e-11
0.024836 0.204646 8.73798 -7.09028e-10
0.0243819 0.204001 6.42677 -4.6159e-10
0.023983 0.203338 4.37043 -6.07002e-10
0.0237077 0.202809 2.95421 -8.44762e-10
0.0235184 0.202398 1.52783 -8.01207e-10
0.0233779 0.20206 0.984384 -6.75064e-10
0.0232638 0.20176 0.466179 -1.15723e-09
0.0231628 0.201471 -1.46923 -3.48927e-10
0.0230733 0.201189 -2.86979 -1.2023e-09
0.0229823 0.200871 0.595928 -2.18716e-10
0.0228868 0.200491 -2.03005 -2.08464e-09
0.0227968 0.200066 -3.29755 -9.29869e-10
0.0226976 0.199454 -3.54591 -2.29772e-09
0.022624 0.19871 -2.20178 -2.16011e-09
0.0226012 0.197945 -3.01623 -1.15366e-09
0.0226291 0.197214 -2.6159 -7.92361e-10
0.0226883 0.196617 -1.99811 -9.30618e-10
0.022767 0.196096 -2.02749 -8.86852e-10
0.0228884 0.195502 -2.01834 -7.12714e-10
0.0230296 0.194959 -2.04504 -5.83059e-10
0.0231457 0.194582 -1.98196 -5.52759e-10
0.0232681 0.194228 -1.97353 -4.84918e-10
0.023381 0.193932 -1.91998 -4.96288e-10
0.0235201 0.193598 -1.91105 -4.55431e-10
0.0237079 0.193191 -1.90713 -4.20522e-10
0.023976 0.192675 -1.92858 -3.71658e-10
0.0243529 0.192044 -1.95918 -3.46944e-10
0.0247661 0.191447 -1.99733 -3.15526e-10
0.0250999 0.191019 -2.02207 -3.04803e-10
0.0254061 0.190662 -2.03301 -3.02124e-10
0.0257212 0.190325 -2.05949 -2.8297e-10
0.0261262 0.18993 -2.08202 -2.35332e-10
0.026596 0.189519 -2.08535 -2.54681e-10
0.0269778 0.189217 -2.12377 -1.9366e-10
0.027258 0.189013 -2.09019 -2.48793e-10
0.0275427 0.188819 -2.10574 -2.31042e-10
0.0277758 0.188669 -2.16183 -1.62404e-10
0.0280141 0.188524 -2.0948 -1.79077e-10
0.0282479 0.18839 -2.07625 -1.74298e-10
0.028452 0.18828 -2.11123 -1.47425e-10
0.0287206 0.188142 -2.06944 -1.53465e-10
0.0289621 0.188026 -2.12561 -1.1025e-10
0.0292374 0.187903 -2.08978 -7.7609e-11
0.029483 0.1878 -2.09999 -6.95233e-11
0.0297075 0.187712 -2.05716 -6.4678e-11
0.0299913 0.187609 -2.05964 -6.09289e-11
0.030238 0.187527 -2.08562 -1.92415e-11
0.0305597 0.187429 -2.08388 -2.6478e-11
0.0308397 0.187352 -2.10104 -1.91941e-11
0.0311205 0.187283 -2.12971 8.18836e-12
0.0313494 0.187233 -2.13912 -2.21988e-12
0.0315925 0.187185 -2.16602 1.95743e-11
0.0318203 0.187145 -2.29831 4.76195e-11
0.0320458 0.18711 -2.35551 -9.08328e-11
0.032284 0.187079 -2.10939 1.20017e-10
0.0325542 0.18705 -2.28568 6.9638e-12
0.0328358 0.187027 -2.40179 9.38582e-11
0.0331961 0.187007 -2.46261 8.62215e-11
0.033597 0.187 -2.51419 5.2068e-11
0.0340447 0.187009 -2.60339 -2.74914e-12
0.0345615 0.187042 -2.67809 1.02078e-10
0.0352026 0.187117 -2.73376 1.47093e-10
0.0357959 0.187221 -2.82343 1.78587e-11
0.0362641 0.187327 -2.81984 2.50417e-10
0.0365819 0.187412 -2.56864 2.10381e-10
0.0368851 0.187502 -2.69254 1.20221e-10
0.0372021 0.187606 -2.70193 1.21931e-10
0.0374444 0.187693 -2.66176 1.14142e-10
0.0377058 0.187795 -2.64797 1.11277e-10
0.0380564 0.187943 -2.58417 1.39407e-10
0.0383745 0.18809 -2.58791 1.06073e-10
0.0387051 0.188256 -2.56186 2.05818e-10
0.0389919 0.188412 -2.48155 1.80257e-10
0.0391955 0.188529 -2.50476 1.79617e-10
0.0394008 0.188653 -2.49726 2.02048e-10
0.0396214 0.188794 -2.46693 1.8781e-10
0.0398567 0.188952 -2.48449 1.86308e-10
0.040089 0.189117 -2.48014 2.09179e-10
0.0403059 0.18928 -2.47135 2.08142e-10
0.0405156 0.189445 -2.46367 2.28046e-10
0.0407198 0.189614 -2.45007 2.25359e-10
0.0409515 0.189816 -2.45472 2.34298e-10
0.0412378 0.190083 -2.44219 2.63405e-10
0.0415786 0.190427 -2.40954 2.6405e-10
0.0418596 0.190734 -2.44576 2.29659e-10
0.0421164 0.191037 -2.43216 2.82542e-10
0.0423722 0.191362 -2.42141 2.86017e-10
0.04256 0.191617 -2.41463 3.16704e-10
0.0427084 0.191831 -2.38781 3.50706e-10
0.0428336 0.19202 -2.36465 3.51855e-10
0.0429558 0.192213 -2.45969 3.1877e-10
0.0430758 0.192412 -2.4185 3.4704e-10
0.0431899 0.19261 -2.42114 3.68605e-10
0.0432997 0.19281 -2.43015 3.74821e-10
0.0434142 0.19303 -2.45485 3.87671e-10
0.0435401 0.193287 -2.44464 4.09389e-10
0.0436988 0.193637 -2.43556 4.48655e-10
0.043846 0.193995 -2.46817 4.71875e-10
0.0439587 0.194296 -2.45495 5.15532e-10
0.0440532 0.194572 -2.4459 5.63702e-10
0.0441451 0.194866 -2.54752 5.44782e-10
0.0442271 0.195156 -2.48086 5.9082e-10
0.0442996 0.195443 -2.5325 6.27502e-10
0.0443817 0.195814 -2.57654 6.68161e-10
0.0444783 0.196361 -2.52663 8.56529e-10
0.0445692 0.197163 -2.92509 1.16864e-09
