x y fp fmu
0.0447159 0.198 -1.29097 1.84783e-09
0.0446845 0.198831 -0.986924 1.63156e-09
0.044581 0.199717 -0.698696 9.08191e-10
0.0444261 0.200508 1.41443 6.99952e-10
0.0442789 0.20107 2.73361 1.17647e-09
0.044157 0.201462 3.54333 8.4937e-10
0.0440452 0.201782 4.45427 1.40427e-09
0.0439199 0.202108 6.3963 1.15719e-09
0.0437768 0.202447 4.90157 5.36783e-10
0.0436186 0.202789 7.41008 -1.42868e-10
0.0434402 0.203142 8.1602 3.90184e-10
0.0432055 0.203563 9.73122 3.23342e-10
0.0428443 0.204138 11.6923 2.38464e-10
0.0424376 0.204703 13.661 8.17824e-11
0.0420712 0.205155 15.2361 -1.61069e-10
0.0416433 0.205626 17.0817 -1.66941e-10
0.0412951 0.205972 18.3655 -1.17391e-10
0.0410032 0.20624 19.1153 -2.79961e-10
0.0407851 0.206428 19.8686 1.14504e-10
0.0405835 0.206593 20.7251 -4.712e-10
0.0403804 0.206751 21.0787 -2.95963e-10
0.0401674 0.206909 21.86 -2.7855e-10
0.0399411 0.207069 22.3521 -2.84771e-10
0.039714 0.207221 22.8591 3.25718e-11
0.0394949 0.20736 23.2977 -2.19268e-10
0.0392909 0.207483 24.0011 -3.20609e-10
0.0390286 0.207632 24.8154 -1.73628e-10
0.0387907 0.207759 24.9642 1.78498e-10
0.0384642 0.207922 26.3008 5.41121e-10
0.0381121 0.208083 26.4195 -1.80124e-09
0.0377776 0.208223 26.2536 -4.85237e-10
0.0375141 0.208323 27.131 -2.32705e-10
0.0372293 0.208424 27.5343 -3.58783e-10
0.0369448 0.208515 27.9243 -5.46325e-11
0.0366307 0.208607 28.186 -1.84246e-10
0.0363503 0.20868 28.8679 -2.63161e-10
0.0361025 0.208738 28.6344 -1.27113e-10
0.0358626 0.208788 28.456 4.38417e-11
0.0356326 0.208832 28.9516 -2.84174e-10
0.0354146 0.208868 29.1876 -1.06533e-10
0.0351925 0.2089 29.4215 -1.41394e-10
0.0349494 0.208931 29.3137 -1.01529e-10
0.0346634 0.208959 29.2007 -3.64271e-11
0.0343166 0.208984 29.4982 -2.8491e-10
0.0338496 0.208999 29.4924 -5.89253e-11
0.033355 0.208994 29.3253 -4.61149e-11
0.0328883 0.208969 29.2047 1.75786e-11
0.0324237 0.208924 28.9683 1.46575e-10
0.0319733 0.208861 28.0111 -1.19653e-10
0.0315238 0.208779 28.3852 -4.8964e-10
0.0310622 0.208675 27.8248 2.33851e-10
0.0307472 0.208592 27.1168 2.03744e-10
0.0304474 0.208503 26.7516 -2.7111e-11
0.0301646 0.208411 26.4378 3.11898e-10
0.029917 0.208323 26.0946 3.37792e-10
0.029686 0.208235 25.3559 -2.54098e-11
0.0294701 0.208148 24.9888 2.45782e-10
0.0291975 0.208029 24.8368 1.49326e-10
0.0288356 0.207858 23.9944 8.62309e-11
0.0285089 0.20769 23.3961 1.77314e-10
0.0281888 0.207511 22.5483 1.29103e-10
0.0279508 0.207368 21.7034 1.8245e-10
0.0277388 0.207234 21.1644 -9.70313e-11
0.0275 0.207075 20.4865 2.77417e-10
0.0271757 0.206845 19.6329 1.00372e-10
0.0267127 0.206483 18.1966 2.55873e-10
0.0261174 0.205954 15.9524 3.69289e-10
0.0254997 0.205314 13.5776 6.4244e-11
0.0249509 0.204646 11.0864 -5.99249e-10
0.0244968 0.204001 8.78546 -3.73875e-10
0.0240979 0.203338 6.71596 -5.04264e-10
0.0238226 0.202809 5.25281 -7.36934e-10
0.0236333 0.202398 3.76095 -7.06682e-10
0.0234927 0.20206 3.17334 -5.86082e-10
0.0233786 0.20176 2.57817 -1.08156e-09
0.0232777 0.201471 0.602572 -2.99758e-10
0.0231882 0.201189 -0.834799 -1.10645e-09
0.0230972 0.200871 2.61043 5.81001e-12
0.0230016 0.200491 -0.23853 -2.00901e-09
0.0229117 0.200066 -1.69625 -8.15471e-10
0.0228125 0.199454 -2.14384 -2.29836e-09
0.0227389 0.19871 -0.993731 -2.22166e-09
0.022716 0.197945 -2.2293 -1.02504e-09
0.022744 0.197214 -1.72907 -1.13703e-09
0.0228032 0.196617 -1.3286 -1.28494e-09
0.0228819 0.196096 -1.4763 -1.13791e-09
0.0230033 0.195502 -1.49786 -8.76973e-10
0.0231445 0.194959 -1.53279 -6.9461e-10
0.0232606 0.194582 -1.43237 -6.67927e-10
0.023383 0.194228 -1.40924 -5.71127e-10
0.0234959 0.193932 -1.3183 -5.89839e-10
0.023635 0.193598 -1.28208 -5.24271e-10
0.0238228 0.193191 -1.23637 -4.75425e-10
0.0240909 0.192675 -1.20916 -4.11632e-10
0.0244678 0.192044 -1.17868 -3.82689e-10
0.024881 0.191447 -1.16342 -3.43655e-10
0.0252148 0.191019 -1.15353 -3.29287e-10
0.025521 0.190662 -1.1356 -3.23873e-10
0.0258361 0.190325 -1.13783 -3.01014e-10
0.0262411 0.18993 -1.13709 -2.50645e-10
0.0267109 0.189519 -1.11319 -2.66866e-10
0.0270927 0.189217 -1.13878 -2.04259e-10
0.0273729 0.189013 -1.09278 -2.59401e-10
0.0276575 0.188819 -1.09791 -2.34852e-10
0.0278907 0.188669 -1.15042 -1.65616e-10
0.028129 0.188524 -1.07482 -1.80134e-10
0.0283628 0.18839 -1.05102 -1.75957e-10
0.0285669 0.18828 -1.08156 -1.47087e-10
0.0288355 0.188142 -1.03791 -1.51071e-10
0.029077 0.188026 -1.08418 -1.10666e-10
0.0293523 0.187903 -1.04763 -8.15319e-11
0.0295979 0.1878 -1.04968 -7.26064e-11
0.0298224 0.187712 -1.00768 -7.06845e-11
0.0301062 0.187609 -1.01127 -6.65296e-11
0.0303529 0.187527 -1.02494 -2.72371e-11
0.0306746 0.187429 -1.01551 -3.27025e-11
0.0309545 0.187352 -1.02582 -3.08577e-11
0.0312353 0.187283 -1.04427 -5.38149e-12
0.0314643 0.187233 -1.0435 -1.31046e-11
0.0317074 0.187185 -1.0545 6.60117e-12
0.0319352 0.187145 -1.16602 2.64901e-11
0.0321607 0.18711 -1.21817 -9.41042e-11
0.0323989 0.187079 -0.983915 1.06017e-10
0.0326691 0.18705 -1.12632 -4.25286e-13
0.0329507 0.187027 -1.21949 7.6562e-11
0.033311 0.187007 -1.25774 6.87596e-11
0.0337119 0.187 -1.28568 4.49905e-11
0.0341596 0.187009 -1.34483 -3.80897e-12
0.0346764 0.187042 -1.38981 9.01536e-11
0.0353174 0.187117 -1.41675 1.32094e-10
0.0359108 0.187221 -1.47671 1.8744e-11
0.0363789 0.187327 -1.46355 2.35762e-10
0.0366968 0.187412 -1.23457 2.02582e-10
0.037 0.187502 -1.34997 1.20682e-10
0.0373169 0.187606 -1.36309 1.24136e-10
0.0375593 0.187693 -1.32912 1.17345e-10
0.0378206 0.187795 -1.32147 1.16125e-10
0.0381713 0.187943 -1.26843 1.45318e-10
0.0384894 0.18809 -1.28676 1.14342e-10
0.0388199 0.188256 -1.25213 2.13121e-10
0.0391068 0.188412 -1.18856 1.90991e-10
0.0393103 0.188529 -1.21935 1.86311e-10
0.0395157 0.188653 -1.21174 2.07998e-10
0.0397363 0.188794 -1.18882 2.01606e-10
0.0399716 0.188952 -1.21398 1.92144e-10
0.0402039 0.189117 -1.20924 2.1615e-10
0.0404208 0.18928 -1.20431 2.16817e-10
0.0406305 0.189445 -1.19792 2.35426e-10
0.0408347 0.189614 -1.18554 2.40908e-10
0.0410664 0.189816 -1.1928 2.45089e-10
0.0413527 0.190083 -1.17913 2.74366e-10
0.0416935 0.190427 -1.14392 2.79873e-10
0.0419745 0.190734 -1.17855 2.4036e-10
0.0422313 0.191037 -1.15644 2.91824e-10
0.0424871 0.191362 -1.13667 2.9619e-10
0.0426749 0.191617 -1.12218 3.25409e-10
0.0428233 0.191831 -1.08848 3.59972e-10
0.0429484 0.19202 -1.05614 3.60701e-10
0.0430707 0.192213 -1.14646 3.24849e-10
0.0431907 0.192412 -1.09979 3.55102e-10
0.0433048 0.19261 -1.09492 3.74782e-10
0.0434145 0.19281 -1.09845 3.821e-10
0.0435291 0.19303 -1.11659 3.94474e-10
0.043655 0.193287 -1.0997 4.1721e-10
0.0438137 0.193637 -1.07994 4.5937e-10
0.0439609 0.193995 -1.10183 4.84632e-10
0.0440736 0.194296 -1.07707 5.33089e-10
0.0441681 0.194572 -1.05209 5.8431e-10
0.04426 0.194866 -1.14141 5.60215e-10
0.044342 0.195156 -1.0603 6.09835e-10
0.0444145 0.195443 -1.08638 6.41372e-10
0.0444966 0.195814 -1.11702 6.68504e-10
0.0445932 0.196361 -1.02645 8.83522e-10
0.044684 0.197163 -1.3206 1.21189e-09
