x y fp fmu
0.0447851 0.198 -0.948705 1.7386e-09
0.0447536 0.198831 -0.433811 1.60245e-09
0.0446502 0.199717 -0.132226 8.95335e-10
0.0444952 0.200508 1.84481 6.67872e-10
0.044348 0.20107 3.1691 1.12163e-09
0.0442261 0.201462 3.96401 8.06978e-10
0.0441144 0.201782 4.85233 1.32269e-09
0.0439891 0.202108 6.70931 1.11088e-09
0.043846 0.202447 5.33687 5.26398e-10
0.0436877 0.202789 7.7205 -1.26214e-10
0.0435094 0.203142 8.47748 3.78359e-10
0.0432747 0.203563 9.98674 3.1616e-10
0.0429134 0.204138 11.901 2.31512e-10
0.0425067 0.204703 13.8077 8.77899e-11
0.0421403 0.205155 15.3316 -1.38797e-10
0.0417124 0.205626 17.1121 -1.39051e-10
0.0413643 0.205972 18.3538 -9.16566e-11
0.0410723 0.20624 19.0855 -2.42001e-10
0.0408542 0.206428 19.8157 1.37814e-10
0.0406526 0.206593 20.6483 -4.25976e-10
0.0404495 0.206751 21.0002 -2.65253e-10
0.0402366 0.206909 21.7624 -2.51491e-10
0.0400103 0.207069 22.2462 -2.61343e-10
0.0397832 0.207221 22.7383 4.34007e-11
0.039564 0.20736 23.1686 -2.04031e-10
0.03936 0.207483 23.8456 -2.98474e-10
0.0390978 0.207632 24.6365 -1.54337e-10
0.0388599 0.207759 24.8033 1.74365e-10
0.0385334 0.207922 26.1105 5.36893e-10
0.0381813 0.208083 26.214 -1.71694e-09
0.0378468 0.208223 26.0646 -4.57326e-10
0.0375833 0.208323 26.9199 -2.1061e-10
0.0372984 0.208424 27.3212 -3.32614e-10
0.037014 0.208515 27.7052 -3.38773e-11
0.0366999 0.208607 27.9699 -1.65203e-10
0.0364195 0.20868 28.6459 -2.38136e-10
0.0361716 0.208738 28.4046 -1.17693e-10
0.0359318 0.208788 28.2453 5.48091e-11
0.0357018 0.208832 28.7445 -2.59831e-10
0.0354838 0.208868 28.9754 -8.46767e-11
0.0352617 0.2089 29.2083 -1.2149e-10
0.0350185 0.208931 29.1023 -8.96641e-11
0.0347326 0.208959 29.0094 -1.34675e-11
0.0343857 0.208984 29.3099 -2.58456e-10
0.0339187 0.208999 29.3153 -4.25349e-11
0.0334242 0.208994 29.1715 -2.92593e-11
0.0329574 0.208969 29.0731 3.04244e-11
0.0324929 0.208924 28.8571 1.56328e-10
0.0320425 0.208861 27.9632 -8.86041e-11
0.031593 0.208779 28.3299 -4.42352e-10
0.0311314 0.208675 27.7918 2.42345e-10
0.0308164 0.208592 27.1239 2.13393e-10
0.0305166 0.208503 26.7798 -4.13965e-12
0.0302337 0.208411 26.4848 3.16654e-10
0.0299862 0.208323 26.1573 3.4332e-10
0.0297552 0.208235 25.4482 -3.60574e-12
0.0295393 0.208148 25.1067 2.50484e-10
0.0292667 0.208029 24.9623 1.65485e-10
0.0289047 0.207858 24.1591 1.09082e-10
0.0285781 0.20769 23.5856 1.98507e-10
0.0282579 0.207511 22.7719 1.51275e-10
0.0280199 0.207368 21.9633 2.00747e-10
0.0278079 0.207234 21.4397 -6.39538e-11
0.0275692 0.207075 20.7862 2.95207e-10
0.0272449 0.206845 19.9607 1.23136e-10
0.0267818 0.206483 18.567 2.78743e-10
0.0261866 0.205954 16.3757 3.91094e-10
0.0255689 0.205314 14.0463 9.66656e-11
0.02502 0.204646 11.5905 -5.37471e-10
0.024566 0.204001 9.31714 -3.26398e-10
0.0241671 0.203338 7.23967 -4.52997e-10
0.0238918 0.202809 5.76024 -6.6998e-10
0.0237025 0.202398 4.26856 -6.37302e-10
0.0235619 0.20206 3.66739 -5.23669e-10
0.0234478 0.20176 3.02847 -1.02199e-09
0.0233469 0.201471 1.09371 -2.73708e-10
0.0232574 0.201189 -0.319823 -1.04264e-09
0.0231664 0.200871 2.96974 1.0082e-10
0.0230708 0.200491 -0.0169474 -1.94774e-09
0.0229808 0.200066 -1.46619 -7.00307e-10
0.0228816 0.199454 -2.05383 -2.21386e-09
0.022808 0.19871 -1.10413 -2.04897e-09
0.0227852 0.197945 -2.61573 -8.91422e-10
0.0228132 0.197214 -1.95977 -1.22218e-09
0.0228724 0.196617 -1.57487 -1.26942e-09
0.022951 0.196096 -1.75706 -1.07439e-09
0.0230725 0.195502 -1.9073 -8.9531e-10
0.0232137 0.194959 -2.03003 -7.52246e-10
0.0233297 0.194582 -1.99032 -7.37772e-10
0.0234522 0.194228 -2.0117 -6.42372e-10
0.0235651 0.193932 -1.94268 -6.69837e-10
0.0237041 0.193598 -1.9254 -5.94515e-10
0.0238919 0.193191 -1.88138 -5.33259e-10
0.02416 0.192675 -1.83602 -4.51575e-10
0.024537 0.192044 -1.75932 -4.10523e-10
0.0249501 0.191447 -1.69557 -3.51706e-10
0.025284 0.191019 -1.65559 -3.31913e-10
0.0255901 0.190662 -1.61339 -3.23958e-10
0.0259053 0.190325 -1.59644 -2.99215e-10
0.0263102 0.18993 -1.58113 -2.52285e-10
0.0267801 0.189519 -1.53493 -2.65488e-10
0.0271618 0.189217 -1.5508 -2.06159e-10
0.0274421 0.189013 -1.4936 -2.58987e-10
0.0277267 0.188819 -1.48666 -2.2611e-10
0.0279599 0.188669 -1.53282 -1.61863e-10
0.0281982 0.188524 -1.45019 -1.74492e-10
0.0284319 0.18839 -1.41961 -1.72394e-10
0.028636 0.18828 -1.44234 -1.44561e-10
0.0289046 0.188142 -1.3948 -1.48305e-10
0.0291462 0.188026 -1.42944 -1.11341e-10
0.0294215 0.187903 -1.38882 -8.56926e-11
0.029667 0.1878 -1.38241 -7.69705e-11
0.0298916 0.187712 -1.33573 -7.71807e-11
0.0301754 0.187609 -1.33224 -7.49753e-11
0.030422 0.187527 -1.33698 -3.51858e-11
0.0307437 0.187429 -1.31268 -4.44697e-11
0.0310237 0.187352 -1.31076 -4.1542e-11
0.0313045 0.187283 -1.31589 -1.94516e-11
0.0315334 0.187233 -1.30601 -2.37588e-11
0.0317765 0.187185 -1.29862 -8.10263e-12
0.0320043 0.187145 -1.37745 1.15884e-12
0.0322299 0.18711 -1.42152 -8.98431e-11
0.032468 0.187079 -1.22228 8.37592e-11
0.0327383 0.18705 -1.32062 -6.12047e-12
0.0330198 0.187027 -1.38648 5.57853e-11
0.0333802 0.187007 -1.40239 4.93757e-11
0.0337811 0.187 -1.40755 3.50844e-11
0.0342287 0.187009 -1.4354 -4.93172e-12
0.0347456 0.187042 -1.44952 7.25562e-11
0.0353866 0.187117 -1.4447 1.11108e-10
0.0359799 0.187221 -1.47198 1.71498e-11
0.0364481 0.187327 -1.44593 2.12986e-10
0.036766 0.187412 -1.23552 1.86064e-10
0.0370692 0.187502 -1.33293 1.13343e-10
0.0373861 0.187606 -1.33917 1.18142e-10
0.0376285 0.187693 -1.30372 1.11426e-10
0.0378898 0.187795 -1.29165 1.11258e-10
0.0382405 0.187943 -1.23426 1.40303e-10
0.0385585 0.18809 -1.2467 1.09682e-10
0.0388891 0.188256 -1.2006 2.04789e-10
0.0391759 0.188412 -1.13292 1.84724e-10
0.0393795 0.188529 -1.15635 1.79123e-10
0.0395848 0.188653 -1.14055 2.00162e-10
0.0398055 0.188794 -1.10918 1.94312e-10
0.0400408 0.188952 -1.12299 1.84025e-10
0.0402731 0.189117 -1.10663 2.06942e-10
0.04049 0.18928 -1.08987 2.08066e-10
0.0406996 0.189445 -1.07207 2.25847e-10
0.0409038 0.189614 -1.04779 2.29536e-10
0.0411356 0.189816 -1.04019 2.33761e-10
0.0414218 0.190083 -1.00843 2.63558e-10
0.0417627 0.190427 -0.949682 2.65256e-10
0.0420436 0.190734 -0.959376 2.25972e-10
0.0423005 0.191037 -0.919934 2.77046e-10
0.0425563 0.191362 -0.877472 2.78684e-10
0.0427441 0.191617 -0.85073 3.03087e-10
0.0428924 0.191831 -0.807033 3.34412e-10
0.0430176 0.19202 -0.76212 3.31631e-10
0.0431398 0.192213 -0.831227 2.9706e-10
0.0432598 0.192412 -0.78755 3.34554e-10
0.043374 0.19261 -0.769616 3.45066e-10
0.0434837 0.19281 -0.764312 3.57373e-10
0.0435982 0.19303 -0.77122 3.67994e-10
0.0437241 0.193287 -0.745845 3.91989e-10
0.0438829 0.193637 -0.711783 4.31378e-10
0.0440301 0.193995 -0.715067 4.52758e-10
0.0441428 0.194296 -0.680947 4.95187e-10
0.0442373 0.194572 -0.643658 5.38303e-10
0.0443292 0.194866 -0.715585 5.11884e-10
0.0444111 0.195156 -0.638277 5.64075e-10
0.0444837 0.195443 -0.658652 5.90594e-10
0.0445657 0.195814 -0.686666 6.15329e-10
0.0446623 0.196361 -0.610198 8.22854e-10
0.0447532 0.197163 -0.917771 1.16805e-09
