x y fp fmu
0.044763 0.198 -2.39547 1.63398e-09
0.0447316 0.198831 -2.03123 1.56877e-09
0.0446281 0.199717 -1.69245 9.10599e-10
0.0444732 0.200508 0.146358 6.5665e-10
0.044326 0.20107 1.40946 1.09927e-09
0.0442041 0.201462 2.16083 7.84358e-10
0.0440923 0.201782 3.04901 1.30031e-09
0.043967 0.202108 4.81849 1.10243e-09
0.0438239 0.202447 3.58181 5.47467e-10
0.0436657 0.202789 5.86798 -8.43492e-11
0.0434873 0.203142 6.64929 3.90379e-10
0.0432526 0.203563 8.1256 3.4074e-10
0.0428914 0.204138 10.0244 2.62436e-10
0.0424847 0.204703 11.9288 1.18981e-10
0.0421183 0.205155 13.4438 -1.02594e-10
0.0416904 0.205626 15.2214 -1.0126e-10
0.0413422 0.205972 16.4706 -5.4629e-11
0.0410503 0.20624 17.2133 -2.10526e-10
0.0408322 0.206428 17.951 1.66379e-10
0.0406306 0.206593 18.7777 -3.83613e-10
0.0404275 0.206751 19.1448 -2.31157e-10
0.0402145 0.206909 19.9139 -2.19372e-10
0.0399882 0.207069 20.4069 -2.30621e-10
0.0397611 0.207221 20.9087 6.54148e-11
0.039542 0.20736 21.3446 -1.83714e-10
0.039338 0.207483 22.0241 -2.71519e-10
0.0390757 0.207632 22.8185 -1.33323e-10
0.0388378 0.207759 22.9791 2.08454e-10
0.0385113 0.207922 24.3232 5.6014e-10
0.0381592 0.208083 24.4752 -1.65435e-09
0.0378247 0.208223 24.3394 -4.40845e-10
0.0375612 0.208323 25.1944 -1.93886e-10
0.0372764 0.208424 25.6124 -3.11478e-10
0.0369919 0.208515 26.0056 -1.05287e-11
0.0366778 0.208607 26.2882 -1.44828e-10
0.0363974 0.20868 26.9884 -2.12858e-10
0.0361496 0.208738 26.7307 -1.10603e-10
0.0359097 0.208788 26.5953 6.81848e-11
0.0356797 0.208832 27.1216 -2.40835e-10
0.0354617 0.208868 27.3574 -6.23069e-11
0.0352396 0.2089 27.6008 -1.02143e-10
0.0349965 0.208931 27.4958 -8.04861e-11
0.0347105 0.208959 27.4282 1.1286e-11
0.0343637 0.208984 27.7476 -2.39286e-10
0.0338967 0.208999 27.7713 -2.85425e-11
0.0334021 0.208994 27.6538 -1.53493e-11
0.0329354 0.208969 27.5797 4.18885e-11
0.0324708 0.208924 27.3831 1.67903e-10
0.0320204 0.208861 26.5256 -6.30712e-11
0.0315709 0.208779 26.9039 -4.18513e-10
0.0311093 0.208675 26.3813 2.54405e-10
0.0307943 0.208592 25.7329 2.24848e-10
0.0304945 0.208503 25.405 1.77989e-11
0.0302117 0.208411 25.1252 3.2887e-10
0.0299641 0.208323 24.8101 3.57111e-10
0.0297331 0.208235 24.1036 1.58977e-11
0.0295172 0.208148 23.7762 2.60718e-10
0.0292446 0.208029 23.6385 1.81269e-10
0.0288827 0.207858 22.8469 1.25082e-10
0.028556 0.20769 22.2864 2.20297e-10
0.0282359 0.207511 21.4859 1.71476e-10
0.0279979 0.207368 20.6853 2.1411e-10
0.0277859 0.207234 20.1633 -4.34734e-11
0.0275471 0.207075 19.5146 3.07752e-10
0.0272228 0.206845 18.6935 1.37818e-10
0.0267598 0.206483 17.3162 3.01824e-10
0.0261645 0.205954 15.1306 4.21174e-10
0.0255468 0.205314 12.8187 1.30913e-10
0.024998 0.204646 10.3487 -5.21515e-10
0.0245439 0.204001 8.05825 -2.87366e-10
0.024145 0.203338 5.98187 -4.12877e-10
0.0238697 0.202809 4.52064 -6.57976e-10
0.0236804 0.202398 2.98582 -6.35912e-10
0.0235398 0.20206 2.40829 -5.0416e-10
0.0234257 0.20176 1.77356 -1.03365e-09
0.0233248 0.201471 -0.197593 -2.62688e-10
0.0232353 0.201189 -1.72712 -1.08068e-09
0.0231443 0.200871 1.69224 2.2129e-10
0.0230487 0.200491 -1.28618 -1.97247e-09
0.0229588 0.200066 -2.88813 -7.0637e-10
0.0228595 0.199454 -3.60362 -2.22705e-09
0.022786 0.19871 -2.37787 -2.23885e-09
0.0227631 0.197945 -3.96442 -1.1155e-09
0.0227911 0.197214 -3.53583 -1.32123e-09
0.0228503 0.196617 -3.16089 -1.36873e-09
0.022929 0.196096 -3.32744 -1.11693e-09
0.0230504 0.195502 -3.42966 -9.03059e-10
0.0231916 0.194959 -3.5342 -7.36871e-10
0.0233077 0.194582 -3.49561 -7.3319e-10
0.0234301 0.194228 -3.53975 -6.52474e-10
0.023543 0.193932 -3.50346 -6.76769e-10
0.0236821 0.193598 -3.52502 -6.2072e-10
0.0238699 0.193191 -3.53345 -5.71333e-10
0.024138 0.192675 -3.54755 -4.9692e-10
0.0245149 0.192044 -3.51925 -4.5106e-10
0.0249281 0.191447 -3.47372 -3.81251e-10
0.0252619 0.191019 -3.43691 -3.5228e-10
0.0255681 0.190662 -3.39059 -3.39221e-10
0.0258832 0.190325 -3.37039 -3.10634e-10
0.0262882 0.18993 -3.35487 -2.65698e-10
0.026758 0.189519 -3.30028 -2.71249e-10
0.0271398 0.189217 -3.31719 -2.13592e-10
0.02742 0.189013 -3.2556 -2.63798e-10
0.0277046 0.188819 -3.24867 -2.25744e-10
0.0279378 0.188669 -3.29233 -1.66267e-10
0.0281761 0.188524 -3.20878 -1.7992e-10
0.0284099 0.18839 -3.18035 -1.78856e-10
0.028614 0.18828 -3.2004 -1.51995e-10
0.0288826 0.188142 -3.15474 -1.56603e-10
0.0291241 0.188026 -3.18679 -1.19822e-10
0.0293994 0.187903 -3.14514 -9.59129e-11
0.0296449 0.1878 -3.13643 -8.73676e-11
0.0298695 0.187712 -3.08409 -8.89872e-11
0.0301533 0.187609 -3.0777 -8.98943e-11
0.0304 0.187527 -3.08251 -4.49036e-11
0.0307217 0.187429 -3.04361 -6.33758e-11
0.0310016 0.187352 -3.03365 -5.49194e-11
0.0312824 0.187283 -3.03021 -3.65018e-11
0.0315114 0.187233 -3.01627 -3.64066e-11
0.0317545 0.187185 -2.99129 -2.60441e-11
0.0319823 0.187145 -3.03622 -2.99833e-11
0.0322078 0.18711 -3.07927 -8.42783e-11
0.032446 0.187079 -2.92645 5.73408e-11
0.0327162 0.18705 -2.97499 -1.25891e-11
0.0329977 0.187027 -3.0155 3.09026e-11
0.0333581 0.187007 -3.01377 2.57514e-11
0.033759 0.187 -3.00001 2.37415e-11
0.0342067 0.187009 -2.99926 -5.965e-12
0.0347235 0.187042 -2.98501 5.29006e-11
0.0353645 0.187117 -2.94902 8.28793e-11
0.0359579 0.187221 -2.93693 1.36003e-11
0.036426 0.187327 -2.90058 1.77964e-10
0.0367439 0.187412 -2.7211 1.53354e-10
0.0370471 0.187502 -2.78304 9.8618e-11
0.037364 0.187606 -2.77778 1.01902e-10
0.0376064 0.187693 -2.73782 1.00892e-10
0.0378677 0.187795 -2.71996 9.99139e-11
0.0382184 0.187943 -2.65602 1.27673e-10
0.0385365 0.18809 -2.65262 9.72616e-11
0.038867 0.188256 -2.61021 1.90442e-10
0.0391539 0.188412 -2.53589 1.6745e-10
0.0393574 0.188529 -2.55076 1.64444e-10
0.0395628 0.188653 -2.53285 1.84537e-10
0.0397834 0.188794 -2.49746 1.75528e-10
0.0400187 0.188952 -2.50248 1.69648e-10
0.040251 0.189117 -2.48273 1.91609e-10
0.0404679 0.18928 -2.46162 1.92127e-10
0.0406776 0.189445 -2.44047 2.1006e-10
0.0408818 0.189614 -2.41431 2.10086e-10
0.0411135 0.189816 -2.40206 2.16812e-10
0.0413998 0.190083 -2.36793 2.45859e-10
0.0417406 0.190427 -2.30916 2.45102e-10
0.0420216 0.190734 -2.31285 2.10598e-10
0.0422784 0.191037 -2.2726 2.60314e-10
0.0425342 0.191362 -2.22739 2.61287e-10
0.042722 0.191617 -2.20051 2.81534e-10
0.0428704 0.191831 -2.15739 3.09861e-10
0.0429955 0.19202 -2.11071 3.03594e-10
0.0431178 0.192213 -2.16721 2.69599e-10
0.0432378 0.192412 -2.13136 3.1056e-10
0.0433519 0.19261 -2.10858 3.13253e-10
0.0434616 0.19281 -2.10087 3.28126e-10
0.0435762 0.19303 -2.10385 3.36586e-10
0.0437021 0.193287 -2.07846 3.60238e-10
0.0438608 0.193637 -2.04436 3.96912e-10
0.044008 0.193995 -2.04565 4.16073e-10
0.0441207 0.194296 -2.01553 4.54035e-10
0.0442152 0.194572 -1.98104 4.9111e-10
0.0443071 0.194866 -2.0474 4.64586e-10
0.0443891 0.195156 -1.98075 5.13576e-10
0.0444616 0.195443 -2.00121 5.35133e-10
0.0445437 0.195814 -2.03293 5.5109e-10
0.0446403 0.196361 -1.97292 7.39728e-10
0.0447311 0.197163 -2.30231 1.05168e-09
