x y fp fmu
0.0447177 0.198 -3.5624 1.61111e-09
0.0446862 0.198831 -3.29162 1.5619e-09
0.0445828 0.199717 -2.95317 9.04165e-10
0.0444279 0.200508 -1.14339 6.41164e-10
0.0442807 0.20107 0.111665 1.10618e-09
0.0441588 0.201462 0.841061 7.94698e-10
0.044047 0.201782 1.69308 1.30385e-09
0.0439217 0.202108 3.46001 1.09226e-09
0.0437786 0.202447 2.22376 5.51236e-10
0.0436203 0.202789 4.50601 -8.75245e-11
0.043442 0.203142 5.27923 3.88955e-10
0.0432073 0.203563 6.76813 3.38486e-10
0.0428461 0.204138 8.66461 2.68145e-10
0.0424394 0.204703 10.5714 1.25381e-10
0.0420729 0.205155 12.0876 -9.64705e-11
0.0416451 0.205626 13.8702 -9.47512e-11
0.0412969 0.205972 15.1278 -4.59608e-11
0.0410049 0.20624 15.8726 -2.04604e-10
0.0407868 0.206428 16.6185 1.74869e-10
0.0405852 0.206593 17.4477 -3.78509e-10
0.0403822 0.206751 17.8157 -2.24423e-10
0.0401692 0.206909 18.5922 -2.10156e-10
0.0399429 0.207069 19.0886 -2.25459e-10
0.0397158 0.207221 19.5986 7.2427e-11
0.0394967 0.20736 20.0382 -1.77509e-10
0.0392927 0.207483 20.7288 -2.63327e-10
0.0390304 0.207632 21.525 -1.30948e-10
0.0387925 0.207759 21.6876 2.15286e-10
0.038466 0.207922 23.0528 5.7944e-10
0.0381139 0.208083 23.1942 -1.67082e-09
0.0377794 0.208223 23.063 -4.43646e-10
0.0375159 0.208323 23.9332 -1.90742e-10
0.0372311 0.208424 24.3597 -3.08873e-10
0.0369466 0.208515 24.7616 -2.81522e-12
0.0366325 0.208607 25.0539 -1.39172e-10
0.0363521 0.20868 25.7684 -2.08967e-10
0.0361042 0.208738 25.5015 -1.10094e-10
0.0358644 0.208788 25.3743 7.30161e-11
0.0356344 0.208832 25.9181 -2.36914e-10
0.0354164 0.208868 26.159 -5.49077e-11
0.0351943 0.2089 26.4085 -9.63701e-11
0.0349511 0.208931 26.3033 -7.84121e-11
0.0346652 0.208959 26.2474 2.13772e-11
0.0343184 0.208984 26.5789 -2.3374e-10
0.0338514 0.208999 26.6127 -2.27423e-11
0.0333568 0.208994 26.5084 -8.94305e-12
0.0328901 0.208969 26.4472 4.74418e-11
0.0324255 0.208924 26.2593 1.75474e-10
0.0319751 0.208861 25.418 -4.91048e-11
0.0315256 0.208779 25.8071 -4.08144e-10
0.031064 0.208675 25.2913 2.64929e-10
0.030749 0.208592 24.651 2.33641e-10
0.0304492 0.208503 24.3311 3.13993e-11
0.0301664 0.208411 24.0581 3.39399e-10
0.0299188 0.208323 23.7467 3.70927e-10
0.0296878 0.208235 23.0437 2.96103e-11
0.0294719 0.208148 22.7239 2.68223e-10
0.0291993 0.208029 22.5849 1.97236e-10
0.0288374 0.207858 21.8012 1.39142e-10
0.0285107 0.20769 21.2482 2.37395e-10
0.0281905 0.207511 20.4562 1.90276e-10
0.0279526 0.207368 19.6578 2.29917e-10
0.0277406 0.207234 19.1374 -2.64335e-11
0.0275018 0.207075 18.4899 3.24752e-10
0.0271775 0.206845 17.6746 1.57728e-10
0.0267145 0.206483 16.3011 3.26302e-10
0.0261192 0.205954 14.1177 4.53504e-10
0.0255015 0.205314 11.8066 1.64758e-10
0.0249526 0.204646 9.34569 -5.07569e-10
0.0244986 0.204001 7.04486 -2.58831e-10
0.0240997 0.203338 4.96898 -3.84847e-10
0.0238244 0.202809 3.5052 -6.27585e-10
0.0236351 0.202398 1.9782 -6.0973e-10
0.0234945 0.20206 1.38864 -4.73851e-10
0.0233804 0.20176 0.74404 -1.01547e-09
0.0232795 0.201471 -1.21345 -2.33246e-10
0.02319 0.201189 -2.7607 -1.07613e-09
0.023099 0.200871 0.663422 3.17022e-10
0.0230034 0.200491 -2.37538 -1.94377e-09
0.0229135 0.200066 -4.03968 -6.90607e-10
0.0228142 0.199454 -4.78964 -2.16403e-09
0.0227406 0.19871 -3.40826 -2.30866e-09
0.0227178 0.197945 -5.07602 -1.1257e-09
0.0227458 0.197214 -4.42333 -1.45565e-09
0.022805 0.196617 -4.10049 -1.43323e-09
0.0228837 0.196096 -4.26503 -1.12976e-09
0.0230051 0.195502 -4.40225 -9.30142e-10
0.0231463 0.194959 -4.52419 -7.61301e-10
0.0232624 0.194582 -4.49777 -7.47868e-10
0.0233848 0.194228 -4.55105 -6.66753e-10
0.0234977 0.193932 -4.5282 -6.86322e-10
0.0236368 0.193598 -4.56552 -6.34988e-10
0.0238245 0.193191 -4.60036 -5.90103e-10
0.0240927 0.192675 -4.65165 -5.20707e-10
0.0244696 0.192044 -4.67055 -4.75556e-10
0.0248828 0.191447 -4.66286 -4.10881e-10
0.0252166 0.191019 -4.64657 -3.79513e-10
0.0255228 0.190662 -4.6112 -3.64627e-10
0.0258379 0.190325 -4.59983 -3.31437e-10
0.0262428 0.18993 -4.59087 -2.85331e-10
0.0267127 0.189519 -4.53435 -2.8603e-10
0.0270944 0.189217 -4.55312 -2.26541e-10
0.0273747 0.189013 -4.48645 -2.77604e-10
0.0276593 0.188819 -4.48101 -2.36403e-10
0.0278925 0.188669 -4.52437 -1.76756e-10
0.0281308 0.188524 -4.43722 -1.91658e-10
0.0283645 0.18839 -4.40982 -1.90297e-10
0.0285687 0.18828 -4.42974 -1.62828e-10
0.0288372 0.188142 -4.38368 -1.67863e-10
0.0290788 0.188026 -4.41687 -1.29527e-10
0.0293541 0.187903 -4.37325 -1.05128e-10
0.0295996 0.1878 -4.36389 -9.64607e-11
0.0298242 0.187712 -4.30699 -9.84649e-11
0.030108 0.187609 -4.30031 -1.01144e-10
0.0303547 0.187527 -4.30714 -5.17288e-11
0.0306764 0.187429 -4.26006 -7.63763e-11
0.0309563 0.187352 -4.24719 -6.41993e-11
0.0312371 0.187283 -4.24065 -4.76e-11
0.031466 0.187233 -4.22576 -4.47335e-11
0.0317091 0.187185 -4.19121 -3.71866e-11
0.0319369 0.187145 -4.21843 -4.9255e-11
0.0321625 0.18711 -4.26486 -8.31592e-11
0.0324007 0.187079 -4.13742 4.25651e-11
0.0326709 0.18705 -4.15822 -1.66017e-11
0.0329524 0.187027 -4.18682 1.69173e-11
0.0333128 0.187007 -4.1779 1.25678e-11
0.0337137 0.187 -4.1565 1.84391e-11
0.0341614 0.187009 -4.14356 -6.11844e-12
0.0346782 0.187042 -4.11819 4.37769e-11
0.0353192 0.187117 -4.07109 6.96542e-11
0.0359125 0.187221 -4.04434 1.3284e-11
0.0363807 0.187327 -4.00795 1.62312e-10
0.0366986 0.187412 -3.84465 1.39056e-10
0.0370018 0.187502 -3.89245 9.38813e-11
0.0373187 0.187606 -3.88598 9.6669e-11
0.0375611 0.187693 -3.84681 9.85092e-11
0.0378224 0.187795 -3.82987 9.73191e-11
0.0381731 0.187943 -3.76719 1.24884e-10
0.0384911 0.18809 -3.76188 9.45867e-11
0.0388217 0.188256 -3.72441 1.88141e-10
0.0391085 0.188412 -3.65047 1.63634e-10
0.0393121 0.188529 -3.66516 1.61545e-10
0.0395175 0.188653 -3.64886 1.81464e-10
0.0397381 0.188794 -3.61489 1.71717e-10
0.0399734 0.188952 -3.62034 1.67015e-10
0.0402057 0.189117 -3.60241 1.8905e-10
0.0404226 0.18928 -3.58292 1.89354e-10
0.0406322 0.189445 -3.56345 2.07556e-10
0.0408364 0.189614 -3.53964 2.0729e-10
0.0410682 0.189816 -3.52948 2.14656e-10
0.0413544 0.190083 -3.49878 2.43586e-10
0.0416953 0.190427 -3.44529 2.43269e-10
0.0419762 0.190734 -3.45301 2.09951e-10
0.0422331 0.191037 -3.41663 2.59739e-10
0.0424889 0.191362 -3.37565 2.61335e-10
0.0426767 0.191617 -3.3521 2.81134e-10
0.0428251 0.191831 -3.31151 3.09443e-10
0.0429502 0.19202 -3.26658 3.02205e-10
0.0430724 0.192213 -3.32363 2.67636e-10
0.0431925 0.192412 -3.29135 3.09462e-10
0.0433066 0.19261 -3.26934 3.10482e-10
0.0434163 0.19281 -3.26307 3.25852e-10
0.0435309 0.19303 -3.2674 3.33938e-10
0.0436568 0.193287 -3.24397 3.577e-10
0.0438155 0.193637 -3.21196 3.94406e-10
0.0439627 0.193995 -3.21499 4.13686e-10
0.0440754 0.194296 -3.18646 4.51573e-10
0.0441699 0.194572 -3.1523 4.88676e-10
0.0442618 0.194866 -3.21881 4.62074e-10
0.0443437 0.195156 -3.15123 5.11693e-10
0.0444163 0.195443 -3.16718 5.31796e-10
0.0444983 0.195814 -3.19367 5.42205e-10
0.0445949 0.196361 -3.12486 7.20701e-10
0.0446858 0.197163 -3.42932 1.01577e-09
