x y fp fmu
0.0441871 0.198 -8.22474 1.7398e-09
0.0441556 0.198831 -7.75953 1.63096e-09
0.0440522 0.199717 -7.38111 9.01561e-10
0.0438973 0.200508 -5.36472 5.87719e-10
0.0437501 0.20107 -3.98926 1.11696e-09
0.0436282 0.201462 -3.20291 8.06914e-10
0.0435164 0.201782 -2.29514 1.37759e-09
0.0433911 0.202108 -0.393615 1.11062e-09
0.043248 0.202447 -1.78431 5.74068e-10
0.0430897 0.202789 0.663137 -1.52936e-10
0.0429114 0.203142 1.47246 3.82637e-10
0.0426767 0.203563 3.04391 3.03565e-10
0.0423155 0.204138 5.0303 2.57055e-10
0.0419088 0.204703 7.01123 1.09125e-10
0.0415423 0.205155 8.57948 -1.19481e-10
0.0411145 0.205626 10.4277 -1.16446e-10
0.0407663 0.205972 11.7281 -6.514e-11
0.0404743 0.20624 12.4955 -2.26575e-10
0.0402562 0.206428 13.2744 1.63668e-10
0.0400546 0.206593 14.1362 -4.03229e-10
0.0398516 0.206751 14.5175 -2.43368e-10
0.0396386 0.206909 15.3316 -2.32284e-10
0.0394123 0.207069 15.8467 -2.44713e-10
0.0391852 0.207221 16.373 5.04408e-11
0.0389661 0.20736 16.8311 -2.01378e-10
0.0387621 0.207483 17.5493 -2.84311e-10
0.0384998 0.207632 18.3726 -1.46487e-10
0.0382619 0.207759 18.5457 2.07182e-10
0.0379354 0.207922 19.9707 5.8499e-10
0.0375833 0.208083 20.0924 -1.73373e-09
0.0372488 0.208223 19.9877 -4.83729e-10
0.0369853 0.208323 20.8851 -2.07202e-10
0.0367005 0.208424 21.3333 -3.2865e-10
0.036416 0.208515 21.7541 -2.13135e-11
0.0361019 0.208607 22.0689 -1.55455e-10
0.0358215 0.20868 22.8092 -2.30228e-10
0.0355736 0.208738 22.5473 -1.2556e-10
0.0353338 0.208788 22.4359 5.38098e-11
0.0351038 0.208832 22.9968 -2.5646e-10
0.0348858 0.208868 23.2485 -7.44191e-11
0.0346637 0.2089 23.5121 -1.14656e-10
0.0344205 0.208931 23.4175 -9.73079e-11
0.0341346 0.208959 23.3775 -7.96675e-13
0.0337878 0.208984 23.7278 -2.57196e-10
0.0333208 0.208999 23.7879 -4.31439e-11
0.0328262 0.208994 23.7115 -2.81889e-11
0.0323595 0.208969 23.6777 2.82833e-11
0.0318949 0.208924 23.5119 1.55944e-10
0.0314445 0.208861 22.702 -6.50051e-11
0.030995 0.208779 23.116 -4.26898e-10
0.0305334 0.208675 22.6224 2.48965e-10
0.0302184 0.208592 22.006 2.15193e-10
0.0299186 0.208503 21.7033 1.22324e-11
0.0296358 0.208411 21.444 3.22157e-10
0.0293882 0.208323 21.1442 3.52233e-10
0.0291572 0.208235 20.4535 7.79482e-12
0.0289413 0.208148 20.1518 2.4728e-10
0.0286687 0.208029 20.0196 1.74838e-10
0.0283068 0.207858 19.2594 1.16365e-10
0.0279801 0.20769 18.7212 2.14199e-10
0.0276599 0.207511 17.9522 1.67892e-10
0.027422 0.207368 17.1773 2.06295e-10
0.02721 0.207234 16.6732 -5.04015e-11
0.0269712 0.207075 16.0451 3.02096e-10
0.0266469 0.206845 15.2523 1.38449e-10
0.0261839 0.206483 13.9183 3.09897e-10
0.0255886 0.205954 11.8048 4.3654e-10
0.0249709 0.205314 9.55633 1.43781e-10
0.024422 0.204646 7.16374 -5.16787e-10
0.023968 0.204001 4.93836 -2.68949e-10
0.0235691 0.203338 2.9229 -3.90136e-10
0.0232938 0.202809 1.50485 -6.29215e-10
0.0231045 0.202398 0.0473822 -6.15655e-10
0.0229639 0.20206 -0.535061 -4.84523e-10
0.0228498 0.20176 -1.1546 -1.00929e-09
0.0227489 0.201471 -2.99974 -2.51389e-10
0.0226594 0.201189 -4.45468 -1.09035e-09
0.0225684 0.200871 -1.31279 2.15282e-10
0.0224728 0.200491 -4.15262 -1.8486e-09
0.0223829 0.200066 -5.69644 -6.92716e-10
0.0222836 0.199454 -6.42377 -2.07789e-09
0.02221 0.19871 -5.20164 -2.19545e-09
0.0221872 0.197945 -6.59906 -1.0534e-09
0.0222152 0.197214 -5.80928 -1.40608e-09
0.0222744 0.196617 -5.3934 -1.3009e-09
0.0223531 0.196096 -5.43677 -1.01327e-09
0.0224745 0.195502 -5.5112 -8.83462e-10
0.0226157 0.194959 -5.58202 -7.05228e-10
0.0227318 0.194582 -5.52147 -6.88733e-10
0.0228542 0.194228 -5.5372 -6.01962e-10
0.0229671 0.193932 -5.4849 -6.25376e-10
0.0231062 0.193598 -5.48483 -5.67259e-10
0.0232939 0.193191 -5.4758 -5.23668e-10
0.0235621 0.192675 -5.48486 -4.56626e-10
0.023939 0.192044 -5.48111 -4.12401e-10
0.0243522 0.191447 -5.48741 -3.41814e-10
0.024686 0.191019 -5.50378 -3.06952e-10
0.0249922 0.190662 -5.51077 -2.88979e-10
0.0253073 0.190325 -5.54293 -2.63097e-10
0.0257122 0.18993 -5.59696 -2.22311e-10
0.0261821 0.189519 -5.63521 -2.14708e-10
0.0265638 0.189217 -5.70783 -1.67936e-10
0.0268441 0.189013 -5.71862 -1.88988e-10
0.0271287 0.188819 -5.7781 -1.73993e-10
0.0273619 0.188669 -5.83294 -1.34845e-10
0.0276002 0.188524 -5.83456 -1.48689e-10
0.0278339 0.18839 -5.88358 -1.44537e-10
0.0280381 0.18828 -5.92769 -1.20052e-10
0.0283066 0.188142 -5.97561 -1.16901e-10
0.0285482 0.188026 -6.0305 -8.82886e-11
0.0288235 0.187903 -6.07769 -8.35865e-11
0.029069 0.1878 -6.11508 -6.8719e-11
0.0292936 0.187712 -6.14168 -7.95855e-11
0.0295774 0.187609 -6.2238 -7.49548e-11
0.0298241 0.187527 -6.25929 -4.31572e-11
0.0301458 0.187429 -6.30728 -4.33004e-11
0.0304257 0.187352 -6.36515 -5.28142e-11
0.0307065 0.187283 -6.42591 -3.51928e-11
0.0309354 0.187233 -6.45738 -2.95291e-11
0.0311785 0.187185 -6.48207 -2.13254e-11
0.0314063 0.187145 -6.56722 -3.19687e-11
0.0316319 0.18711 -6.66585 -5.84275e-11
0.0318701 0.187079 -6.58795 6.85154e-11
0.0321403 0.18705 -6.67374 5.12291e-12
0.0324218 0.187027 -6.77586 4.17691e-11
0.0327822 0.187007 -6.85806 3.26455e-11
0.0331831 0.187 -6.94201 4.27066e-11
0.0336308 0.187009 -7.05338 1.42731e-11
0.0341476 0.187042 -7.17729 6.84638e-11
0.0347886 0.187117 -7.32035 1.14404e-10
0.0353819 0.187221 -7.49007 4.459e-11
0.0358501 0.187327 -7.58296 2.20844e-10
0.036168 0.187412 -7.44851 2.15816e-10
0.0364712 0.187502 -7.64161 1.40988e-10
0.0367881 0.187606 -7.73608 1.55921e-10
0.0370305 0.187693 -7.76864 1.28199e-10
0.0372918 0.187795 -7.81818 1.34344e-10
0.0376425 0.187943 -7.84239 1.65394e-10
0.0379606 0.18809 -7.95509 1.37792e-10
0.0382911 0.188256 -7.93087 2.26079e-10
0.0385779 0.188412 -7.93096 2.24254e-10
0.0387815 0.188529 -8.0064 2.08238e-10
0.0389869 0.188653 -8.02002 2.29598e-10
0.0392075 0.188794 -8.02692 2.33647e-10
0.0394428 0.188952 -8.08971 2.09586e-10
0.0396751 0.189117 -8.10834 2.32044e-10
0.039892 0.18928 -8.12617 2.36794e-10
0.0401016 0.189445 -8.14116 2.52629e-10
0.0403058 0.189614 -8.14431 2.62606e-10
0.0405376 0.189816 -8.1741 2.61828e-10
0.0408238 0.190083 -8.18215 2.95893e-10
0.0411647 0.190427 -8.16318 3.01159e-10
0.0414457 0.190734 -8.21599 2.54701e-10
0.0417025 0.191037 -8.21098 3.10977e-10
0.0419583 0.191362 -8.19188 3.15463e-10
0.0421461 0.191617 -8.19091 3.33088e-10
0.0422945 0.191831 -8.15786 3.69554e-10
0.0424196 0.19202 -8.10526 3.54966e-10
0.0425418 0.192213 -8.17586 3.0586e-10
0.0426619 0.192412 -8.17305 3.67283e-10
0.042776 0.19261 -8.1421 3.46921e-10
0.0428857 0.19281 -8.14694 3.73524e-10
0.0430003 0.19303 -8.15661 3.73297e-10
0.0431262 0.193287 -8.1477 4.02279e-10
0.0432849 0.193637 -8.12283 4.42148e-10
0.0434321 0.193995 -8.13989 4.65146e-10
0.0435448 0.194296 -8.12352 5.11153e-10
0.0436393 0.194572 -8.09173 5.56212e-10
0.0437312 0.194866 -8.18466 5.29804e-10
0.0438131 0.195156 -8.11881 5.96902e-10
0.0438857 0.195443 -8.13993 6.24496e-10
0.0439677 0.195814 -8.17217 6.54712e-10
0.0440643 0.196361 -8.06877 8.60073e-10
0.0441552 0.197163 -8.23279 1.12537e-09
