x y fp fmu
0.0441695 0.198 -9.02335 1.79751e-09
0.0441381 0.198831 -8.28273 1.62895e-09
0.0440346 0.199717 -7.87243 8.76985e-10
0.0438797 0.200508 -5.7479 5.95196e-10
0.0437325 0.20107 -4.32104 1.08582e-09
0.0436106 0.201462 -3.47016 7.85253e-10
0.0434988 0.201782 -2.51762 1.35473e-09
0.0433735 0.202108 -0.572298 1.10145e-09
0.0432304 0.202447 -1.97638 5.55134e-10
0.0430721 0.202789 0.49063 -1.71484e-10
0.0428938 0.203142 1.32074 3.68661e-10
0.0426591 0.203563 2.87465 2.92295e-10
0.0422979 0.204138 4.87708 2.31718e-10
0.0418912 0.204703 6.85696 8.52376e-11
0.0415248 0.205155 8.42354 -1.38073e-10
0.0410969 0.205626 10.2622 -1.36587e-10
0.0407487 0.205972 11.5475 -8.36021e-11
0.0404568 0.20624 12.307 -2.39901e-10
0.0402387 0.206428 13.0772 1.44332e-10
0.0400371 0.206593 13.939 -4.17276e-10
0.039834 0.206751 14.3162 -2.56929e-10
0.039621 0.206909 15.1206 -2.52877e-10
0.0393947 0.207069 15.6308 -2.61855e-10
0.0391676 0.207221 16.1445 2.98624e-11
0.0389485 0.20736 16.5934 -2.17042e-10
0.0387445 0.207483 17.2935 -3.05572e-10
0.0384822 0.207632 18.113 -1.56472e-10
0.0382443 0.207759 18.2837 1.87819e-10
0.0379178 0.207922 19.6678 5.44363e-10
0.0375657 0.208083 19.8046 -1.70261e-09
0.0372312 0.208223 19.6968 -4.8295e-10
0.0369677 0.208323 20.5667 -2.1461e-10
0.0366829 0.208424 21.0025 -3.34895e-10
0.0363984 0.208515 21.4103 -3.75445e-11
0.0360843 0.208607 21.7111 -1.67991e-10
0.0358039 0.20868 22.4278 -2.40862e-10
0.0355561 0.208738 22.183 -1.28844e-10
0.0353162 0.208788 22.0602 4.26238e-11
0.0350862 0.208832 22.5943 -2.64751e-10
0.0348682 0.208868 22.8393 -8.8724e-11
0.0346461 0.2089 23.0946 -1.26249e-10
0.034403 0.208931 23.0021 -1.03311e-10
0.034117 0.208959 22.9473 -1.94292e-11
0.0337702 0.208984 23.281 -2.68358e-10
0.0333032 0.208999 23.3304 -5.44733e-11
0.0328086 0.208994 23.2401 -3.98552e-11
0.0323419 0.208969 23.1931 1.81759e-11
0.0318773 0.208924 23.0206 1.42847e-10
0.0314269 0.208861 22.2001 -8.47484e-11
0.0309774 0.208779 22.6021 -4.3904e-10
0.0305158 0.208675 22.1074 2.33172e-10
0.0302008 0.208592 21.4888 2.00814e-10
0.029901 0.208503 21.181 -8.44244e-12
0.0296182 0.208411 20.9174 3.05397e-10
0.0293706 0.208323 20.6174 3.30618e-10
0.0291396 0.208235 19.9302 -1.20761e-11
0.0289237 0.208148 19.6248 2.34799e-10
0.0286511 0.208029 19.4983 1.5338e-10
0.0282892 0.207858 18.7404 9.8447e-11
0.0279625 0.20769 18.2033 1.9064e-10
0.0276423 0.207511 17.4354 1.42702e-10
0.0274044 0.207368 16.6683 1.85466e-10
0.0271924 0.207234 16.1693 -7.1629e-11
0.0269536 0.207075 15.5495 2.80503e-10
0.0266293 0.206845 14.764 1.14491e-10
0.0261663 0.206483 13.4436 2.76227e-10
0.025571 0.205954 11.3508 3.95766e-10
0.0249533 0.205314 9.13496 1.00419e-10
0.0244045 0.204646 6.76766 -5.26387e-10
0.0239504 0.204001 4.57945 -3.04442e-10
0.0235515 0.203338 2.5849 -4.22159e-10
0.0232762 0.202809 1.17661 -6.55654e-10
0.0230869 0.202398 -0.268786 -6.42232e-10
0.0229463 0.20206 -0.82853 -5.16528e-10
0.0228322 0.20176 -1.44567 -1.02138e-09
0.0227313 0.201471 -3.27366 -2.87904e-10
0.0226418 0.201189 -4.69165 -1.09374e-09
0.0225508 0.200871 -1.58684 9.50762e-11
0.0224552 0.200491 -4.32951 -1.85818e-09
0.0223653 0.200066 -5.76991 -7.21877e-10
0.022266 0.199454 -6.48154 -2.13393e-09
0.0221925 0.19871 -5.43153 -2.17524e-09
0.0221696 0.197945 -6.70985 -1.01285e-09
0.0221976 0.197214 -6.2568 -1.18506e-09
0.0222568 0.196617 -5.77942 -1.1543e-09
0.0223355 0.196096 -5.84754 -9.49546e-10
0.0224569 0.195502 -5.92019 -8.23914e-10
0.0225981 0.194959 -6.00397 -6.64801e-10
0.0227142 0.194582 -5.95527 -6.53868e-10
0.0228366 0.194228 -5.97493 -5.70584e-10
0.0229495 0.193932 -5.9248 -5.98875e-10
0.0230886 0.193598 -5.92585 -5.42367e-10
0.0232764 0.193191 -5.91377 -5.01382e-10
0.0235445 0.192675 -5.91828 -4.35561e-10
0.0239214 0.192044 -5.90614 -3.92754e-10
0.0243346 0.191447 -5.90103 -3.19758e-10
0.0246684 0.191019 -5.90807 -2.8469e-10
0.0249746 0.190662 -5.9057 -2.66332e-10
0.0252897 0.190325 -5.92657 -2.41756e-10
0.0256947 0.18993 -5.97106 -2.05663e-10
0.0261645 0.189519 -5.99752 -1.92869e-10
0.0265462 0.189217 -6.06102 -1.52089e-10
0.0268265 0.189013 -6.07338 -1.66332e-10
0.0271111 0.188819 -6.12505 -1.51662e-10
0.0273443 0.188669 -6.17493 -1.18846e-10
0.0275826 0.188524 -6.18294 -1.30049e-10
0.0278164 0.18839 -6.23123 -1.27219e-10
0.0280205 0.18828 -6.27206 -1.04178e-10
0.0282891 0.188142 -6.32484 -9.93388e-11
0.0285306 0.188026 -6.37416 -7.44718e-11
0.0288059 0.187903 -6.4292 -7.25291e-11
0.0290514 0.1878 -6.46808 -5.64511e-11
0.029276 0.187712 -6.5072 -6.73194e-11
0.0295598 0.187609 -6.59565 -5.89964e-11
0.0298065 0.187527 -6.62709 -3.65229e-11
0.0301282 0.187429 -6.69415 -2.26868e-11
0.0304081 0.187352 -6.76142 -4.17101e-11
0.0306889 0.187283 -6.831 -2.11253e-11
0.0309179 0.187233 -6.86584 -1.98938e-11
0.031161 0.187185 -6.90772 -7.96581e-12
0.0313888 0.187145 -7.02188 -8.19353e-12
0.0316143 0.18711 -7.11907 -6.2061e-11
0.0318525 0.187079 -7.00854 8.80592e-11
0.0321227 0.18705 -7.1362 1.07133e-11
0.0324042 0.187027 -7.25951 6.04428e-11
0.0327646 0.187007 -7.35688 4.89951e-11
0.0331655 0.187 -7.45755 4.82491e-11
0.0336132 0.187009 -7.59279 1.43973e-11
0.03413 0.187042 -7.74118 7.95812e-11
0.034771 0.187117 -7.91247 1.32054e-10
0.0353644 0.187221 -8.11625 4.56878e-11
0.0358325 0.187327 -8.21998 2.43645e-10
0.0361504 0.187412 -8.06779 2.38632e-10
0.0364536 0.187502 -8.29143 1.49061e-10
0.0367705 0.187606 -8.39588 1.65341e-10
0.0370129 0.187693 -8.4326 1.30843e-10
0.0372742 0.187795 -8.48521 1.37732e-10
0.0376249 0.187943 -8.51372 1.6883e-10
0.037943 0.18809 -8.63732 1.4141e-10
0.0382735 0.188256 -8.60538 2.27087e-10
0.0385603 0.188412 -8.61156 2.30268e-10
0.0387639 0.188529 -8.69179 2.12194e-10
0.0389693 0.188653 -8.70589 2.33236e-10
0.0391899 0.188794 -8.7159 2.39551e-10
0.0394252 0.188952 -8.78303 2.12766e-10
0.0396575 0.189117 -8.80411 2.35351e-10
0.0398744 0.18928 -8.82588 2.40615e-10
0.040084 0.189445 -8.84455 2.56179e-10
0.0402883 0.189614 -8.85204 2.6855e-10
0.04052 0.189816 -8.88777 2.66691e-10
0.0408063 0.190083 -8.90338 3.00834e-10
0.0411471 0.190427 -8.8971 3.08846e-10
0.0414281 0.190734 -8.96391 2.62301e-10
0.0416849 0.191037 -8.9697 3.18575e-10
0.0419407 0.191362 -8.96692 3.24749e-10
0.0421285 0.191617 -8.9765 3.4477e-10
0.0422769 0.191831 -8.95374 3.81074e-10
0.042402 0.19202 -8.91386 3.7035e-10
0.0425243 0.192213 -9.00417 3.24213e-10
0.0426443 0.192412 -8.99962 3.78922e-10
0.0427584 0.19261 -8.98698 3.71011e-10
0.0428681 0.19281 -9.00237 3.92855e-10
0.0429827 0.19303 -9.02893 3.99462e-10
0.0431086 0.193287 -9.03019 4.2878e-10
0.0432673 0.193637 -9.02386 4.75869e-10
0.0434145 0.193995 -9.06075 5.04043e-10
0.0435272 0.194296 -9.05167 5.56075e-10
0.0436217 0.194572 -9.02633 6.0925e-10
0.0437136 0.194866 -9.1334 5.79591e-10
0.0437955 0.195156 -9.06172 6.46689e-10
0.0438681 0.195443 -9.08375 6.77531e-10
0.0439502 0.195814 -9.11341 7.14757e-10
0.0440468 0.196361 -8.99642 9.24264e-10
0.0441376 0.197163 -9.11255 1.21243e-09
