x y fp fmu
0.0442402 0.198 -9.36618 1.97964e-09
0.0442088 0.198831 -8.64596 1.55744e-09
0.0441053 0.199717 -8.12998 7.97631e-10
0.0439504 0.200508 -5.76554 5.81615e-10
0.0438032 0.20107 -4.28776 1.08647e-09
0.0436813 0.201462 -3.38983 7.70739e-10
0.0435695 0.201782 -2.41703 1.35793e-09
0.0434442 0.202108 -0.377804 1.07984e-09
0.0433011 0.202447 -1.9199 5.07527e-10
0.0431429 0.202789 0.661017 -2.26934e-10
0.0429645 0.203142 1.45974 3.35452e-10
0.0427298 0.203563 3.0697 2.51219e-10
0.0423686 0.204138 5.08254 1.88053e-10
0.0419619 0.204703 7.07584 3.42549e-11
0.0415955 0.205155 8.65411 -1.97515e-10
0.0411676 0.205626 10.4993 -1.97358e-10
0.0408194 0.205972 11.7809 -1.41683e-10
0.0405275 0.20624 12.5326 -2.95389e-10
0.0403094 0.206428 13.2946 9.44435e-11
0.0401078 0.206593 14.1579 -4.80449e-10
0.0399047 0.206751 14.5189 -3.03011e-10
0.0396917 0.206909 15.3131 -2.94848e-10
0.0394654 0.207069 15.8207 -3.00659e-10
0.0392383 0.207221 16.3321 -1.69812e-12
0.0390192 0.20736 16.7746 -2.42447e-10
0.0388152 0.207483 17.4779 -3.39469e-10
0.0385529 0.207632 18.285 -1.97761e-10
0.038315 0.207759 18.4466 1.56667e-10
0.0379885 0.207922 19.7793 5.06906e-10
0.0376364 0.208083 19.8904 -1.78656e-09
0.0373019 0.208223 19.7578 -5.04164e-10
0.0370384 0.208323 20.6256 -2.41995e-10
0.0367536 0.208424 21.0388 -3.67118e-10
0.0364691 0.208515 21.4363 -7.30742e-11
0.036155 0.208607 21.7116 -1.97722e-10
0.0358746 0.20868 22.3939 -2.80253e-10
0.0356268 0.208738 22.1779 -1.39449e-10
0.0353869 0.208788 22.0164 2.2946e-11
0.0351569 0.208832 22.5101 -2.96521e-10
0.0349389 0.208868 22.7503 -1.24484e-10
0.0347168 0.2089 22.9908 -1.56924e-10
0.0344737 0.208931 22.8971 -1.17348e-10
0.0341877 0.208959 22.8008 -5.86831e-11
0.0338409 0.208984 23.1066 -3.0104e-10
0.0333739 0.208999 23.126 -7.74377e-11
0.0328793 0.208994 22.991 -6.27542e-11
0.0324126 0.208969 22.9018 2.52007e-13
0.031948 0.208924 22.6968 1.25914e-10
0.0314976 0.208861 21.806 -1.2615e-10
0.0310481 0.208779 22.1951 -4.84386e-10
0.0305865 0.208675 21.6764 2.17677e-10
0.0302715 0.208592 21.0179 1.84983e-10
0.0299717 0.208503 20.6845 -4.02098e-11
0.0296889 0.208411 20.3968 2.90513e-10
0.0294413 0.208323 20.0786 3.13722e-10
0.0292103 0.208235 19.3766 -4.07651e-11
0.0289944 0.208148 19.0425 2.22577e-10
0.0287218 0.208029 18.9074 1.32196e-10
0.0283599 0.207858 18.1227 7.36402e-11
0.0280332 0.20769 17.5666 1.62537e-10
0.0277131 0.207511 16.7746 1.16134e-10
0.0274751 0.207368 15.984 1.65533e-10
0.0272631 0.207234 15.4807 -1.04692e-10
0.0270243 0.207075 14.8466 2.60001e-10
0.0267 0.206845 14.0496 9.30771e-11
0.026237 0.206483 12.7002 2.45382e-10
0.0256417 0.205954 10.5996 3.55384e-10
0.025024 0.205314 8.35877 5.924e-11
0.0244752 0.204646 6.01606 -5.68478e-10
0.0240211 0.204001 3.84763 -3.49524e-10
0.0236222 0.203338 1.89134 -4.6967e-10
0.0233469 0.202809 0.497249 -6.91667e-10
0.0231576 0.202398 -0.905735 -6.66456e-10
0.023017 0.20206 -1.47465 -5.45778e-10
0.0229029 0.20176 -2.04819 -1.02192e-09
0.022802 0.201471 -3.86657 -2.92354e-10
0.0227125 0.201189 -5.18489 -1.05933e-09
0.0226215 0.200871 -2.12455 -2.31925e-11
0.0225259 0.200491 -4.75921 -1.83337e-09
0.022436 0.200066 -6.10165 -7.68598e-10
0.0223368 0.199454 -6.57171 -2.12634e-09
0.0222632 0.19871 -5.54208 -2.0783e-09
0.0222403 0.197945 -6.65016 -9.17655e-10
0.0222683 0.197214 -5.99704 -1.02952e-09
0.0223275 0.196617 -5.51358 -1.03113e-09
0.0224062 0.196096 -5.58449 -8.67576e-10
0.0225276 0.195502 -5.66951 -7.46372e-10
0.0226688 0.194959 -5.78883 -6.19853e-10
0.0227849 0.194582 -5.79378 -6.06961e-10
0.0229073 0.194228 -5.85572 -5.48119e-10
0.0230202 0.193932 -5.85236 -5.72166e-10
0.0231593 0.193598 -5.89853 -5.35082e-10
0.0233471 0.193191 -5.94383 -4.99728e-10
0.0236152 0.192675 -6.00998 -4.39416e-10
0.0239921 0.192044 -6.0574 -3.95474e-10
0.0244053 0.191447 -6.09025 -3.24763e-10
0.0247391 0.191019 -6.11349 -2.88029e-10
0.0250453 0.190662 -6.11847 -2.67589e-10
0.0253604 0.190325 -6.14153 -2.40184e-10
0.0257654 0.18993 -6.18515 -2.05309e-10
0.0262352 0.189519 -6.20367 -1.85446e-10
0.026617 0.189217 -6.26064 -1.46728e-10
0.0268972 0.189013 -6.2699 -1.54955e-10
0.0271818 0.188819 -6.31654 -1.39027e-10
0.027415 0.188669 -6.35789 -1.11559e-10
0.0276533 0.188524 -6.36827 -1.20349e-10
0.0278871 0.18839 -6.41654 -1.17924e-10
0.0280912 0.18828 -6.45036 -9.53147e-11
0.0283598 0.188142 -6.50634 -8.75705e-11
0.0286013 0.188026 -6.54403 -6.6063e-11
0.0288766 0.187903 -6.60291 -6.74798e-11
0.0291222 0.1878 -6.63643 -4.81801e-11
0.0293467 0.187712 -6.68672 -5.91386e-11
0.0296305 0.187609 -6.78206 -4.46327e-11
0.0298772 0.187527 -6.79879 -3.49158e-11
0.0301989 0.187429 -6.88167 5.98231e-13
0.0304788 0.187352 -6.95786 -3.37677e-11
0.0307596 0.187283 -7.0326 -6.85446e-12
0.0309886 0.187233 -7.06364 -1.26183e-11
0.0312317 0.187185 -7.12126 7.16787e-12
0.0314595 0.187145 -7.28232 2.42729e-11
0.031685 0.18711 -7.37674 -8.20483e-11
0.0319232 0.187079 -7.18405 1.17974e-10
0.0321934 0.18705 -7.36607 1.05856e-11
0.032475 0.187027 -7.51108 8.28164e-11
0.0328353 0.187007 -7.61557 6.97782e-11
0.0332362 0.187 -7.72154 5.41135e-11
0.0336839 0.187009 -7.87023 1.079e-11
0.0342007 0.187042 -8.0289 9.51817e-11
0.0348417 0.187117 -8.20612 1.55787e-10
0.0354351 0.187221 -8.43145 4.41268e-11
0.0359032 0.187327 -8.53247 2.78971e-10
0.0362211 0.187412 -8.32379 2.68743e-10
0.0365243 0.187502 -8.57206 1.5786e-10
0.0368412 0.187606 -8.67036 1.73547e-10
0.0370836 0.187693 -8.69536 1.34208e-10
0.0373449 0.187795 -8.73693 1.39626e-10
0.0376956 0.187943 -8.74695 1.71088e-10
0.0380137 0.18809 -8.86004 1.40871e-10
0.0383442 0.188256 -8.81158 2.25369e-10
0.0386311 0.188412 -8.79991 2.31092e-10
0.0388346 0.188529 -8.87249 2.13542e-10
0.03904 0.188653 -8.87833 2.34714e-10
0.0392606 0.188794 -8.87848 2.39925e-10
0.0394959 0.188952 -8.93756 2.14119e-10
0.0397282 0.189117 -8.95269 2.37484e-10
0.0399451 0.18928 -8.9701 2.41864e-10
0.0401548 0.189445 -8.98522 2.58476e-10
0.040359 0.189614 -8.99187 2.72752e-10
0.0405907 0.189816 -9.02758 2.7189e-10
0.040877 0.190083 -9.04547 3.06023e-10
0.0412178 0.190427 -9.05024 3.20694e-10
0.0414988 0.190734 -9.13416 2.76105e-10
0.0417556 0.191037 -9.15097 3.32777e-10
0.0420114 0.191362 -9.17189 3.42455e-10
0.0421992 0.191617 -9.1927 3.71522e-10
0.0423476 0.191831 -9.18156 4.10085e-10
0.0424727 0.19202 -9.1617 4.08551e-10
0.042595 0.192213 -9.2863 3.67379e-10
0.042715 0.192412 -9.2643 4.0693e-10
0.0428291 0.19261 -9.27615 4.25518e-10
0.0429388 0.19281 -9.30073 4.37049e-10
0.0430534 0.19303 -9.34176 4.51997e-10
0.0431793 0.193287 -9.34627 4.79385e-10
0.043338 0.193637 -9.34663 5.28997e-10
0.0434852 0.193995 -9.39132 5.55895e-10
0.0435979 0.194296 -9.38375 6.06298e-10
0.0436924 0.194572 -9.36349 6.62933e-10
0.0437843 0.194866 -9.4866 6.32756e-10
0.0438663 0.195156 -9.4193 7.0448e-10
0.0439388 0.195443 -9.47039 7.4843e-10
0.0440209 0.195814 -9.51205 8.2969e-10
0.0441175 0.196361 -9.41949 1.06147e-09
0.0442083 0.197163 -9.49129 1.38075e-09
