x y fp fmu
0.0440478 0.198 -14.2936 2.18181e-09
0.0440163 0.198831 -13.4041 1.57588e-09
0.0439129 0.199717 -13.0221 7.89268e-10
0.0437579 0.200508 -10.7828 6.39198e-10
0.0436107 0.20107 -9.39582 1.09038e-09
0.0434888 0.201462 -8.51306 7.67223e-10
0.0433771 0.201782 -7.58587 1.35066e-09
0.0432518 0.202108 -5.61412 1.04248e-09
0.0431087 0.202447 -7.28845 4.76469e-10
0.0429504 0.202789 -4.71868 -2.63285e-10
0.0427721 0.203142 -4.02559 3.22038e-10
0.0425374 0.203563 -2.49426 2.26226e-10
0.0421761 0.204138 -0.622197 1.76989e-10
0.0417694 0.204703 1.21616 2.56559e-11
0.041403 0.205155 2.66031 -1.94711e-10
0.0409751 0.205626 4.37214 -1.84002e-10
0.0406269 0.205972 5.56039 -1.1716e-10
0.040335 0.20624 6.24887 -2.72063e-10
0.0401169 0.206428 6.9912 1.35518e-10
0.0399153 0.206593 7.82125 -4.51846e-10
0.0397122 0.206751 8.14649 -2.85284e-10
0.0394993 0.206909 8.91798 -2.78597e-10
0.039273 0.207069 9.38101 -2.86365e-10
0.0390459 0.207221 9.85713 1.42013e-11
0.0388267 0.20736 10.2599 -2.28024e-10
0.0386227 0.207483 10.9431 -3.19905e-10
0.0383605 0.207632 11.6939 -1.80344e-10
0.0381225 0.207759 11.8373 1.80272e-10
0.0377961 0.207922 13.1689 5.4013e-10
0.037444 0.208083 13.2019 -1.75544e-09
0.0371095 0.208223 13.0767 -4.78621e-10
0.036846 0.208323 13.9229 -2.07327e-10
0.0365611 0.208424 14.3334 -3.2698e-10
0.0362767 0.208515 14.7134 -2.70047e-11
0.0359626 0.208607 14.9843 -1.62452e-10
0.0356822 0.20868 15.6676 -2.37787e-10
0.0354343 0.208738 15.3992 -1.22337e-10
0.0351945 0.208788 15.2797 5.23219e-11
0.0349645 0.208832 15.8054 -2.44026e-10
0.0347465 0.208868 16.0314 -7.107e-11
0.0345244 0.2089 16.265 -1.10806e-10
0.0342812 0.208931 16.1624 -8.97552e-11
0.0339953 0.208959 16.1159 4.85551e-12
0.0336484 0.208984 16.4292 -2.35773e-10
0.0331814 0.208999 16.4696 -3.05344e-11
0.0326869 0.208994 16.3883 -1.24938e-11
0.0322201 0.208969 16.3511 3.86039e-11
0.0317556 0.208924 16.1857 1.59741e-10
0.0313052 0.208861 15.4519 -3.53386e-11
0.0308557 0.208779 15.821 -3.6231e-10
0.0303941 0.208675 15.3397 2.44074e-10
0.0300791 0.208592 14.7797 2.08583e-10
0.0297793 0.208503 14.4905 2.2472e-11
0.0294964 0.208411 14.2402 2.9803e-10
0.0292489 0.208323 13.9505 3.27701e-10
0.0290179 0.208235 13.315 2.00335e-11
0.028802 0.208148 13.0485 2.32104e-10
0.0285294 0.208029 12.918 1.62635e-10
0.0281674 0.207858 12.2155 1.2069e-10
0.0278408 0.20769 11.7069 2.01742e-10
0.0275206 0.207511 10.9808 1.65069e-10
0.0272826 0.207368 10.2755 2.00219e-10
0.0270706 0.207234 9.81161 -2.42348e-11
0.0268319 0.207075 9.23797 2.84638e-10
0.0265076 0.206845 8.49534 1.36565e-10
0.0260445 0.206483 7.22953 2.74446e-10
0.0254493 0.205954 5.23602 3.71859e-10
0.0248316 0.205314 3.08701 1.14093e-10
0.0242827 0.204646 0.805172 -4.01968e-10
0.0238287 0.204001 -1.3145 -2.29394e-10
0.0234298 0.203338 -3.3032 -3.39345e-10
0.0231545 0.202809 -4.76322 -5.22525e-10
0.0229652 0.202398 -6.17443 -5.09342e-10
0.0228246 0.20206 -6.82674 -3.97148e-10
0.0227105 0.20176 -7.49954 -8.01328e-10
0.0226096 0.201471 -9.2022 -1.70949e-10
0.0225201 0.201189 -10.4041 -8.77812e-10
0.0224291 0.200871 -8.03807 8.43348e-11
0.0223335 0.200491 -10.6972 -1.43288e-09
0.0222435 0.200066 -12.0631 -5.52029e-10
0.0221443 0.199454 -12.8845 -1.80704e-09
0.0220707 0.19871 -12.5679 -1.67855e-09
0.0220479 0.197945 -14.163 -8.18725e-10
0.0220758 0.197214 -13.8772 -1.22327e-09
0.0221351 0.196617 -13.6311 -1.15587e-09
0.0222137 0.196096 -13.7162 -8.57704e-10
0.0223352 0.195502 -13.7831 -7.13119e-10
0.0224764 0.194959 -13.8577 -5.7046e-10
0.0225924 0.194582 -13.8224 -5.56148e-10
0.0227149 0.194228 -13.8602 -4.84716e-10
0.0228278 0.193932 -13.8363 -4.87784e-10
0.0229668 0.193598 -13.8676 -4.41233e-10
0.0231546 0.193191 -13.908 -4.03909e-10
0.0234227 0.192675 -13.9837 -3.57025e-10
0.0237997 0.192044 -14.093 -3.35052e-10
0.0242128 0.191447 -14.2176 -3.13152e-10
0.0245467 0.191019 -14.307 -3.10516e-10
0.0248528 0.190662 -14.3798 -3.12905e-10
0.025168 0.190325 -14.4697 -3.00073e-10
0.0255729 0.18993 -14.5557 -2.4144e-10
0.0260428 0.189519 -14.6671 -2.76149e-10
0.0264245 0.189217 -14.7757 -2.02786e-10
0.0267048 0.189013 -14.7938 -2.74184e-10
0.0269894 0.188819 -14.9028 -2.89793e-10
0.0272226 0.188669 -14.9861 -2.13112e-10
0.0274609 0.188524 -14.9509 -2.59949e-10
0.0276946 0.18839 -14.9817 -2.5363e-10
0.0278987 0.18828 -15.0413 -2.39524e-10
0.0281673 0.188142 -15.0049 -2.70028e-10
0.0284089 0.188026 -15.1146 -2.01292e-10
0.0286842 0.187903 -15.0394 -1.55347e-10
0.0289297 0.1878 -15.0627 -1.60789e-10
0.0291543 0.187712 -14.9221 -1.56425e-10
0.0294381 0.187609 -14.8451 -2.07045e-10
0.0296847 0.187527 -14.9455 -7.07791e-11
0.0300064 0.187429 -14.7788 -2.21647e-10
0.0302864 0.187352 -14.6892 -9.90938e-11
0.0305672 0.187283 -14.6355 -1.12367e-10
0.0307961 0.187233 -14.6371 -7.62425e-11
0.0310392 0.187185 -14.5344 -9.26297e-11
0.031267 0.187145 -14.3402 -1.66332e-10
0.0314926 0.18711 -14.3712 -1.53918e-11
0.0317307 0.187079 -14.5905 -1.02687e-10
0.032001 0.18705 -14.4076 -1.91661e-11
0.0322825 0.187027 -14.3544 -5.40646e-11
0.0326429 0.187007 -14.3326 -9.30152e-12
0.0330438 0.187 -14.336 3.07011e-11
0.0334914 0.187009 -14.3619 4.74534e-13
0.0340082 0.187042 -14.4285 2.79566e-11
0.0346493 0.187117 -14.5515 1.3368e-10
0.0352426 0.187221 -14.7882 4.2219e-11
0.0357108 0.187327 -14.8624 2.99032e-10
0.0360287 0.187412 -14.5833 3.54823e-10
0.0363319 0.187502 -14.9586 1.87189e-10
0.0366488 0.187606 -15.0838 2.23497e-10
0.0368911 0.187693 -15.125 1.24323e-10
0.0371525 0.187795 -15.1555 1.49984e-10
0.0375032 0.187943 -15.1617 1.86595e-10
0.0378212 0.18809 -15.3695 1.7493e-10
0.0381518 0.188256 -15.0971 2.14651e-10
0.0384386 0.188412 -15.0904 2.9455e-10
0.0386422 0.188529 -15.1603 2.45312e-10
0.0388475 0.188653 -15.0993 2.65986e-10
0.0390682 0.188794 -15.038 2.73425e-10
0.0393035 0.188952 -15.0357 2.31939e-10
0.0395358 0.189117 -14.9851 2.46052e-10
0.0397527 0.18928 -14.9348 2.58403e-10
0.0399623 0.189445 -14.8919 2.73447e-10
0.0401665 0.189614 -14.8366 2.65878e-10
0.0403983 0.189816 -14.8025 2.73273e-10
0.0406845 0.190083 -14.7426 3.17456e-10
0.0410254 0.190427 -14.632 3.02779e-10
0.0413063 0.190734 -14.6163 2.58841e-10
0.0415632 0.191037 -14.5652 3.27954e-10
0.041819 0.191362 -14.4808 3.2409e-10
0.0420067 0.191617 -14.4417 3.43279e-10
0.0421551 0.191831 -14.3697 3.84052e-10
0.0422803 0.19202 -14.2776 3.63261e-10
0.0424025 0.192213 -14.3127 3.11091e-10
0.0425225 0.192412 -14.3013 3.90928e-10
0.0426367 0.19261 -14.2303 3.53559e-10
0.0427464 0.19281 -14.2105 3.91351e-10
0.0428609 0.19303 -14.1928 3.87363e-10
0.0429868 0.193287 -14.1552 4.21493e-10
0.0431456 0.193637 -14.092 4.66026e-10
0.0432928 0.193995 -14.0776 4.99155e-10
0.0434054 0.194296 -14.0315 5.55191e-10
0.0434999 0.194572 -13.9867 6.10611e-10
0.0435919 0.194866 -14.0725 5.99247e-10
0.0436738 0.195156 -13.9734 6.68662e-10
0.0437464 0.195443 -14.0169 7.15678e-10
0.0438284 0.195814 -14.0243 8.19606e-10
0.043925 0.196361 -13.9086 1.07559e-09
0.0440159 0.197163 -14.0516 1.53307e-09
