x y fp fmu
0.0451187 0.198 -6.03783 1.58615e-09
0.0450873 0.198831 -5.20382 1.4369e-09
0.0449838 0.199717 -4.5847 8.45374e-10
0.0448289 0.200508 -2.49501 5.91816e-10
0.0446817 0.20107 -1.02617 1.03401e-09
0.0445598 0.201462 -0.15105 7.65546e-10
0.044448 0.201782 0.836331 1.30025e-09
0.0443227 0.202108 2.67702 1.09753e-09
0.0441797 0.202447 1.37992 4.76675e-10
0.0440214 0.202789 3.73582 -1.22469e-10
0.0438431 0.203142 4.53426 3.27766e-10
0.0436084 0.203563 6.07225 2.77441e-10
0.0432471 0.204138 8.01691 1.87616e-10
0.0428404 0.204703 9.94242 3.5717e-11
0.042474 0.205155 11.4757 -1.86243e-10
0.0420461 0.205626 13.2632 -1.92511e-10
0.0416979 0.205972 14.4943 -1.51998e-10
0.041406 0.20624 15.2289 -2.9646e-10
0.0411879 0.206428 15.931 6.10986e-11
0.0409863 0.206593 16.755 -4.79382e-10
0.0407832 0.206751 17.0979 -3.17704e-10
0.0405702 0.206909 17.8322 -2.97751e-10
0.0403439 0.207069 18.3102 -3.03268e-10
0.0401168 0.207221 18.7812 -1.59925e-11
0.0398977 0.20736 19.204 -2.40749e-10
0.0396937 0.207483 19.8532 -3.43118e-10
0.0394314 0.207632 20.6086 -2.21128e-10
0.0391935 0.207759 20.7636 1.1697e-10
0.038867 0.207922 21.9691 4.26651e-10
0.038515 0.208083 22.1338 -1.66613e-09
0.0381805 0.208223 21.9361 -4.69544e-10
0.037917 0.208323 22.7351 -2.52527e-10
0.0376321 0.208424 23.0934 -3.76549e-10
0.0373476 0.208515 23.4503 -1.03364e-10
0.0370336 0.208607 23.6603 -2.21122e-10
0.0367531 0.20868 24.2639 -2.94311e-10
0.0365053 0.208738 24.0962 -1.29463e-10
0.0362654 0.208788 23.8619 1.18279e-11
0.0360354 0.208832 24.2614 -3.14263e-10
0.0358174 0.208868 24.4783 -1.52252e-10
0.0355953 0.2089 24.6827 -1.78498e-10
0.0353522 0.208931 24.5841 -1.14461e-10
0.0350662 0.208959 24.4083 -9.52709e-11
0.0347194 0.208984 24.6492 -3.1935e-10
0.0342524 0.208999 24.5999 -8.74523e-11
0.0337579 0.208994 24.3748 -7.50111e-11
0.0332911 0.208969 24.195 -6.71285e-12
0.0328265 0.208924 23.9318 1.17802e-10
0.0323761 0.208861 22.9024 -1.82818e-10
0.0319266 0.208779 23.2536 -5.40149e-10
0.031465 0.208675 22.6974 1.98408e-10
0.03115 0.208592 21.9321 1.74991e-10
0.0308502 0.208503 21.5482 -7.73941e-11
0.0305674 0.208411 21.2185 2.8175e-10
0.0303199 0.208323 20.8687 2.95424e-10
0.0300888 0.208235 20.1209 -7.5914e-11
0.0298729 0.208148 19.7167 2.23011e-10
0.0296004 0.208029 19.5725 1.14138e-10
0.0292384 0.207858 18.7371 5.35343e-11
0.0289118 0.20769 18.1417 1.42192e-10
0.0285916 0.207511 17.2937 8.95306e-11
0.0283536 0.207368 16.4401 1.48295e-10
0.0281416 0.207234 15.911 -1.42734e-10
0.0279028 0.207075 15.2394 2.37075e-10
0.0275785 0.206845 14.4059 6.29006e-11
0.0271155 0.206483 12.9773 2.14643e-10
0.0265202 0.205954 10.7595 3.3163e-10
0.0259026 0.205314 8.42937 3.63755e-11
0.0253537 0.204646 5.99514 -6.21968e-10
0.0248996 0.204001 3.77881 -3.82376e-10
0.0245007 0.203338 1.74383 -4.78557e-10
0.0242254 0.202809 0.33022 -6.57436e-10
0.0240362 0.202398 -1.2107 -6.03797e-10
0.0238956 0.20206 -1.73256 -5.10798e-10
0.0237815 0.20176 -2.29839 -1.02573e-09
0.0236806 0.201471 -4.30692 -2.84488e-10
0.023591 0.201189 -5.62992 -1.03311e-09
0.0235 0.200871 -2.03492 1.33695e-10
0.0234045 0.200491 -5.0797 -1.90477e-09
0.0233145 0.200066 -6.62082 -7.26053e-10
0.0232153 0.199454 -7.03815 -2.30191e-09
0.0231417 0.19871 -5.47486 -2.23244e-09
0.0231189 0.197945 -6.81408 -9.92474e-10
0.0231468 0.197214 -6.0989 -1.172e-09
0.0232061 0.196617 -5.7081 -1.30162e-09
0.0232847 0.196096 -5.87344 -1.13908e-09
0.0234061 0.195502 -5.94878 -8.72905e-10
0.0235473 0.194959 -6.01204 -7.02752e-10
0.0236634 0.194582 -5.93763 -6.7165e-10
0.0237858 0.194228 -5.92833 -5.84181e-10
0.0238988 0.193932 -5.85467 -6.02164e-10
0.0240378 0.193598 -5.8285 -5.42648e-10
0.0242256 0.193191 -5.79213 -4.90318e-10
0.0244937 0.192675 -5.76994 -4.17159e-10
0.0248706 0.192044 -5.74204 -3.7271e-10
0.0252838 0.191447 -5.73984 -3.1225e-10
0.0256176 0.191019 -5.75095 -2.89344e-10
0.0259238 0.190662 -5.75744 -2.79651e-10
0.0262389 0.190325 -5.7849 -2.58473e-10
0.0266439 0.18993 -5.81232 -2.12654e-10
0.0271137 0.189519 -5.8239 -2.17597e-10
0.0274955 0.189217 -5.85368 -1.6398e-10
0.0277757 0.189013 -5.83056 -1.83071e-10
0.0280604 0.188819 -5.85916 -1.7631e-10
0.0282935 0.188669 -5.86817 -1.38353e-10
0.0285318 0.188524 -5.83974 -1.5068e-10
0.0287656 0.18839 -5.85866 -1.4406e-10
0.0289697 0.18828 -5.86319 -1.18581e-10
0.0292383 0.188142 -5.87306 -1.09688e-10
0.0294798 0.188026 -5.8768 -8.23404e-11
0.0297551 0.187903 -5.88472 -7.92532e-11
0.0300007 0.1878 -5.87785 -5.74476e-11
0.0302252 0.187712 -5.88757 -6.46568e-11
0.030509 0.187609 -5.93654 -4.7139e-11
0.0307557 0.187527 -5.90953 -3.82684e-11
0.0310774 0.187429 -5.94212 3.82674e-12
0.0313574 0.187352 -5.97657 -3.16121e-11
0.0316382 0.187283 -6.00806 2.07336e-12
0.0318671 0.187233 -5.99845 -1.03702e-11
0.0321102 0.187185 -6.03087 2.11263e-11
0.032338 0.187145 -6.20499 5.84066e-11
0.0325635 0.18711 -6.26027 -1.19117e-10
0.0328017 0.187079 -5.9313 1.41029e-10
0.033072 0.18705 -6.13231 -4.61877e-12
0.0333535 0.187027 -6.25129 9.59704e-11
0.0337139 0.187007 -6.29915 8.20629e-11
0.0341147 0.187 -6.33928 5.40822e-11
0.0345624 0.187009 -6.42124 2.15157e-12
0.0350792 0.187042 -6.49575 1.03497e-10
0.0357203 0.187117 -6.56274 1.59937e-10
0.0363136 0.187221 -6.69017 3.5655e-11
0.0367818 0.187327 -6.7034 2.7847e-10
0.0370996 0.187412 -6.44013 2.64268e-10
0.0374029 0.187502 -6.63474 1.46932e-10
0.0377198 0.187606 -6.67299 1.61781e-10
0.0379621 0.187693 -6.65616 1.29969e-10
0.0382235 0.187795 -6.656 1.33154e-10
0.0385741 0.187943 -6.61238 1.64015e-10
0.0388922 0.18809 -6.66964 1.32579e-10
0.0392228 0.188256 -6.58054 2.18613e-10
0.0395096 0.188412 -6.52979 2.18472e-10
0.0397132 0.188529 -6.56712 2.02919e-10
0.0399185 0.188653 -6.54606 2.2397e-10
0.0401391 0.188794 -6.51338 2.22864e-10
0.0403744 0.188952 -6.53283 2.01188e-10
0.0406067 0.189117 -6.51327 2.21481e-10
0.0408236 0.18928 -6.49542 2.21528e-10
0.0410333 0.189445 -6.47703 2.35767e-10
0.0412375 0.189614 -6.44967 2.44949e-10
0.0414692 0.189816 -6.4445 2.45596e-10
0.0417555 0.190083 -6.41149 2.73387e-10
0.0420963 0.190427 -6.36102 2.90501e-10
0.0423773 0.190734 -6.38968 2.54059e-10
0.0426341 0.191037 -6.35135 3.01799e-10
0.0428899 0.191362 -6.32246 3.15545e-10
0.0430777 0.191617 -6.30067 3.41379e-10
0.0432261 0.191831 -6.26068 3.81695e-10
0.0433513 0.19202 -6.21456 3.75258e-10
0.0434735 0.192213 -6.29273 3.27196e-10
0.0435935 0.192412 -6.25245 3.68641e-10
0.0437076 0.19261 -6.22901 3.71033e-10
0.0438174 0.19281 -6.22552 3.84583e-10
0.0439319 0.19303 -6.22894 3.87183e-10
0.0440578 0.193287 -6.20665 4.10984e-10
0.0442166 0.193637 -6.17044 4.46277e-10
0.0443637 0.193995 -6.17374 4.64436e-10
0.0444764 0.194296 -6.14457 5.07985e-10
0.0445709 0.194572 -6.10715 5.52267e-10
0.0446628 0.194866 -6.18809 5.24626e-10
0.0447448 0.195156 -6.11768 5.86431e-10
0.0448173 0.195443 -6.14252 6.18249e-10
0.0448994 0.195814 -6.17844 6.61952e-10
0.044996 0.196361 -6.10423 8.89301e-10
0.0450869 0.197163 -6.25868 1.17004e-09
