x y fp fmu
0.0452974 0.198 -4.66945 1.43262e-09
0.045266 0.198831 -4.04474 1.38656e-09
0.0451626 0.199717 -3.51662 8.72051e-10
0.0450076 0.200508 -1.62937 6.34911e-10
0.0448604 0.20107 -0.293189 1.04146e-09
0.0447385 0.201462 0.523159 7.62078e-10
0.0446267 0.201782 1.40126 1.22071e-09
0.0445015 0.202108 3.16503 1.06049e-09
0.0443584 0.202447 2.02196 4.88924e-10
0.0442001 0.202789 4.24761 -7.96042e-11
0.0440218 0.203142 5.0352 3.51073e-10
0.0437871 0.203563 6.51793 3.15101e-10
0.0434258 0.204138 8.4196 2.10839e-10
0.0430191 0.204703 10.3119 7.85089e-11
0.0426527 0.205155 11.8218 -1.4662e-10
0.0422248 0.205626 13.5822 -1.51433e-10
0.0418766 0.205972 14.8151 -1.09576e-10
0.0415847 0.20624 15.5445 -2.54471e-10
0.0413666 0.206428 16.2459 9.62219e-11
0.041165 0.206593 17.0588 -4.4011e-10
0.0409619 0.206751 17.4072 -2.8844e-10
0.040749 0.206909 18.1376 -2.69108e-10
0.0405226 0.207069 18.6129 -2.75992e-10
0.0402955 0.207221 19.0875 1.78144e-11
0.0400764 0.20736 19.507 -2.14009e-10
0.0398724 0.207483 20.1533 -3.14509e-10
0.0396102 0.207632 20.9255 -1.83426e-10
0.0393722 0.207759 21.0696 1.475e-10
0.0390458 0.207922 22.2815 4.65887e-10
0.0386937 0.208083 22.4493 -1.65828e-09
0.0383592 0.208223 22.2548 -4.47972e-10
0.0380957 0.208323 23.0688 -2.31702e-10
0.0378108 0.208424 23.4377 -3.55103e-10
0.0375264 0.208515 23.8041 -7.22014e-11
0.0372123 0.208607 24.0294 -1.94367e-10
0.0369319 0.20868 24.6525 -2.67624e-10
0.036684 0.208738 24.4596 -1.1839e-10
0.0364442 0.208788 24.2407 3.60298e-11
0.0362142 0.208832 24.6725 -2.90533e-10
0.0359962 0.208868 24.8957 -1.21156e-10
0.0357741 0.2089 25.1082 -1.51856e-10
0.0355309 0.208931 25.0019 -9.8138e-11
0.035245 0.208959 24.8477 -5.60615e-11
0.0348981 0.208984 25.1088 -2.8923e-10
0.0344311 0.208999 25.071 -5.95273e-11
0.0339366 0.208994 24.8657 -4.53564e-11
0.0334698 0.208969 24.7086 2.01834e-11
0.0330053 0.208924 24.4536 1.50974e-10
0.0325549 0.208861 23.4534 -1.31894e-10
0.0321053 0.208779 23.8133 -4.95731e-10
0.0316438 0.208675 23.2548 2.4161e-10
0.0313288 0.208592 22.5101 2.15571e-10
0.031029 0.208503 22.1353 -2.57707e-11
0.0307461 0.208411 21.8123 3.24377e-10
0.0304986 0.208323 21.4656 3.50401e-10
0.0302675 0.208235 20.7129 -2.09164e-11
0.0300517 0.208148 20.324 2.66114e-10
0.0297791 0.208029 20.1896 1.70552e-10
0.0294171 0.207858 19.3462 1.14472e-10
0.0290905 0.20769 18.7561 2.09405e-10
0.0287703 0.207511 17.9087 1.54925e-10
0.0285323 0.207368 17.0465 2.11225e-10
0.0283203 0.207234 16.5126 -7.51133e-11
0.0280816 0.207075 15.8352 3.09695e-10
0.0277573 0.206845 14.993 1.35374e-10
0.0272942 0.206483 13.5624 2.87754e-10
0.026699 0.205954 11.3063 4.0408e-10
0.0260813 0.205314 8.95048 9.38935e-11
0.0255324 0.204646 6.47029 -5.78219e-10
0.0250783 0.204001 4.18036 -3.4993e-10
0.0246795 0.203338 2.12357 -4.6945e-10
0.0244041 0.202809 0.661723 -6.91092e-10
0.0242149 0.202398 -0.901537 -6.49853e-10
0.0240743 0.20206 -1.46636 -5.26307e-10
0.0239602 0.20176 -2.07961 -1.05797e-09
0.0238593 0.201471 -4.20278 -2.4853e-10
0.0237697 0.201189 -5.79139 -1.06075e-09
0.0236788 0.200871 -1.7412 3.35582e-10
0.0235832 0.200491 -5.01649 -2.14691e-09
0.0234932 0.200066 -6.65234 -6.95068e-10
0.023394 0.199454 -7.13994 -2.39982e-09
0.0233204 0.19871 -5.62869 -2.34493e-09
0.0232976 0.197945 -7.4599 -1.07148e-09
0.0233255 0.197214 -6.47294 -1.49836e-09
0.0233848 0.196617 -6.0986 -1.61549e-09
0.0234634 0.196096 -6.38393 -1.35331e-09
0.0235849 0.195502 -6.55928 -1.0712e-09
0.023726 0.194959 -6.66521 -8.7644e-10
0.0238421 0.194582 -6.58961 -8.3433e-10
0.0239646 0.194228 -6.58051 -7.24422e-10
0.0240775 0.193932 -6.48438 -7.55725e-10
0.0242165 0.193598 -6.44603 -6.80124e-10
0.0244043 0.193191 -6.38222 -6.09278e-10
0.0246724 0.192675 -6.31604 -5.05558e-10
0.0250494 0.192044 -6.20537 -4.3672e-10
0.0254625 0.191447 -6.11849 -3.41271e-10
0.0257964 0.191019 -6.07181 -3.14819e-10
0.0261025 0.190662 -6.03164 -3.05801e-10
0.0264176 0.190325 -6.02165 -2.86633e-10
0.0268226 0.18993 -6.0061 -2.38661e-10
0.0272925 0.189519 -5.97517 -2.49289e-10
0.0276742 0.189217 -5.97544 -1.90175e-10
0.0279545 0.189013 -5.92217 -2.19763e-10
0.0282391 0.188819 -5.93399 -2.13341e-10
0.0284723 0.188669 -5.9274 -1.68301e-10
0.0287106 0.188524 -5.86685 -1.85879e-10
0.0289443 0.18839 -5.86447 -1.78552e-10
0.0291484 0.18828 -5.85446 -1.52638e-10
0.029417 0.188142 -5.83051 -1.47282e-10
0.0296585 0.188026 -5.82232 -1.14263e-10
0.0299338 0.187903 -5.79133 -1.04416e-10
0.0301794 0.1878 -5.76187 -8.58686e-11
0.030404 0.187712 -5.72677 -9.21582e-11
0.0306878 0.187609 -5.73462 -8.35066e-11
0.0309344 0.187527 -5.69846 -5.55209e-11
0.0312561 0.187429 -5.6679 -4.02711e-11
0.0315361 0.187352 -5.65853 -5.50624e-11
0.0318169 0.187283 -5.65008 -2.75255e-11
0.0320458 0.187233 -5.6176 -3.21106e-11
0.0322889 0.187185 -5.60113 -7.67065e-12
0.0325167 0.187145 -5.70051 1.16081e-11
0.0327422 0.18711 -5.73387 -1.15713e-10
0.0329804 0.187079 -5.45704 9.8585e-11
0.0332507 0.18705 -5.569 -1.49709e-11
0.0335322 0.187027 -5.63066 6.38898e-11
0.0338926 0.187007 -5.629 5.86941e-11
0.0342935 0.187 -5.61683 4.20342e-11
0.0347411 0.187009 -5.63404 -4.28197e-12
0.0352579 0.187042 -5.63878 8.45296e-11
0.035899 0.187117 -5.62441 1.34941e-10
0.0364923 0.187221 -5.66759 2.5734e-11
0.0369605 0.187327 -5.63122 2.51258e-10
0.0372784 0.187412 -5.36344 2.30045e-10
0.0375816 0.187502 -5.49483 1.28018e-10
0.0378985 0.187606 -5.49098 1.37619e-10
0.0381408 0.187693 -5.44355 1.17666e-10
0.0384022 0.187795 -5.41401 1.17309e-10
0.0387528 0.187943 -5.32919 1.45843e-10
0.0390709 0.18809 -5.3293 1.12189e-10
0.0394015 0.188256 -5.2348 1.99436e-10
0.0396883 0.188412 -5.14249 1.88132e-10
0.0398919 0.188529 -5.14855 1.7962e-10
0.0400972 0.188653 -5.11189 2.00365e-10
0.0403179 0.188794 -5.05519 1.89288e-10
0.0405532 0.188952 -5.04275 1.79946e-10
0.0407855 0.189117 -5.00395 1.9857e-10
0.0410023 0.18928 -4.96365 1.97301e-10
0.041212 0.189445 -4.92634 2.11994e-10
0.0414162 0.189614 -4.88187 2.07815e-10
0.041648 0.189816 -4.85217 2.13552e-10
0.0419342 0.190083 -4.79704 2.38638e-10
0.0422751 0.190427 -4.72247 2.43568e-10
0.042556 0.190734 -4.72153 2.16935e-10
0.0428129 0.191037 -4.67114 2.64013e-10
0.0430687 0.191362 -4.63115 2.73877e-10
0.0432564 0.191617 -4.60267 2.99255e-10
0.0434048 0.191831 -4.56293 3.33327e-10
0.04353 0.19202 -4.52358 3.28444e-10
0.0436522 0.192213 -4.58938 2.89172e-10
0.0437722 0.192412 -4.54804 3.24434e-10
0.0438864 0.19261 -4.53005 3.29653e-10
0.0439961 0.19281 -4.52516 3.4008e-10
0.0441106 0.19303 -4.52991 3.44979e-10
0.0442365 0.193287 -4.5085 3.65835e-10
0.0443953 0.193637 -4.48049 3.97753e-10
0.0445424 0.193995 -4.48934 4.1465e-10
0.0446551 0.194296 -4.46751 4.52945e-10
0.0447496 0.194572 -4.44461 4.92627e-10
0.0448416 0.194866 -4.52349 4.69054e-10
0.0449235 0.195156 -4.46538 5.19771e-10
0.0449961 0.195443 -4.49618 5.52499e-10
0.0450781 0.195814 -4.54613 5.67801e-10
0.0451747 0.196361 -4.49089 7.86709e-10
0.0452656 0.197163 -4.74851 1.04307e-09
