x y fp fmu
0.0453275 0.198 -3.68802 1.36187e-09
0.0452961 0.198831 -3.21396 1.37231e-09
0.0451927 0.199717 -2.73559 8.5121e-10
0.0450377 0.200508 -0.937334 6.12511e-10
0.0448905 0.20107 0.349605 1.0268e-09
0.0447686 0.201462 1.12033 7.39695e-10
0.0446568 0.201782 1.98207 1.17833e-09
0.0445316 0.202108 3.66858 1.02955e-09
0.0443885 0.202447 2.62513 4.94064e-10
0.0442302 0.202789 4.77349 -5.72289e-11
0.0440519 0.203142 5.54406 3.5617e-10
0.0438172 0.203563 7.00106 3.1594e-10
0.0434559 0.204138 8.8651 2.3053e-10
0.0430492 0.204703 10.7391 1.00806e-10
0.0426828 0.205155 12.2331 -1.18449e-10
0.0422549 0.205626 13.9699 -1.222e-10
0.0419067 0.205972 15.1936 -7.83423e-11
0.0416148 0.20624 15.9269 -2.23499e-10
0.0413967 0.206428 16.6235 1.2363e-10
0.0411951 0.206593 17.4281 -4.01623e-10
0.040992 0.206751 17.7825 -2.57153e-10
0.0407791 0.206909 18.5108 -2.41269e-10
0.0405527 0.207069 18.9882 -2.4836e-10
0.0403256 0.207221 19.4666 3.88894e-11
0.0401065 0.20736 19.8861 -1.94761e-10
0.0399025 0.207483 20.5285 -2.85951e-10
0.0396403 0.207632 21.294 -1.59752e-10
0.0394023 0.207759 21.462 1.61471e-10
0.0390759 0.207922 22.6765 4.87022e-10
0.0387238 0.208083 22.8472 -1.60752e-09
0.0383893 0.208223 22.6721 -4.2779e-10
0.0381258 0.208323 23.4873 -2.09834e-10
0.0378409 0.208424 23.8655 -3.31143e-10
0.0375565 0.208515 24.2357 -4.39219e-11
0.0372424 0.208607 24.4761 -1.69904e-10
0.036962 0.20868 25.1147 -2.4092e-10
0.0367141 0.208738 24.9003 -1.09371e-10
0.0364743 0.208788 24.7039 5.38445e-11
0.0362442 0.208832 25.162 -2.66333e-10
0.0360263 0.208868 25.3871 -9.34977e-11
0.0358042 0.2089 25.6068 -1.2767e-10
0.035561 0.208931 25.4973 -8.51362e-11
0.0352751 0.208959 25.3686 -2.39397e-11
0.0349282 0.208984 25.6458 -2.62084e-10
0.0344612 0.208999 25.6228 -3.89481e-11
0.0339667 0.208994 25.4423 -2.42406e-11
0.0334999 0.208969 25.3104 3.83224e-11
0.0330354 0.208924 25.0709 1.69805e-10
0.032585 0.208861 24.1154 -9.46683e-11
0.0321354 0.208779 24.4777 -4.55436e-10
0.0316738 0.208675 23.9261 2.62835e-10
0.0313589 0.208592 23.2129 2.36917e-10
0.0310591 0.208503 22.8521 5.64637e-12
0.0307762 0.208411 22.5415 3.44779e-10
0.0305287 0.208323 22.2052 3.71771e-10
0.0302976 0.208235 21.4653 8.87684e-12
0.0300818 0.208148 21.0931 2.83958e-10
0.0298092 0.208029 20.9628 1.98955e-10
0.0294472 0.207858 20.1333 1.42939e-10
0.0291206 0.20769 19.5527 2.41747e-10
0.0288004 0.207511 18.718 1.89432e-10
0.0285624 0.207368 17.8693 2.42422e-10
0.0283504 0.207234 17.3353 -3.86576e-11
0.0281117 0.207075 16.6659 3.41806e-10
0.0277874 0.206845 15.8317 1.69621e-10
0.0273243 0.206483 14.4118 3.30911e-10
0.0267291 0.205954 12.1702 4.46074e-10
0.0261114 0.205314 9.8016 1.5285e-10
0.0255625 0.204646 7.29353 -5.41645e-10
0.0251084 0.204001 4.98064 -2.75999e-10
0.0247096 0.203338 2.88231 -4.11397e-10
0.0244342 0.202809 1.38559 -6.43956e-10
0.024245 0.202398 -0.198869 -6.06657e-10
0.0241044 0.20206 -0.787471 -4.66376e-10
0.0239903 0.20176 -1.43453 -1.02604e-09
0.0238894 0.201471 -3.55459 -1.95667e-10
0.0237998 0.201189 -5.17146 -1.03588e-09
0.0237089 0.200871 -1.15233 4.4061e-10
0.0236133 0.200491 -4.58928 -2.17814e-09
0.0235233 0.200066 -6.28736 -6.39945e-10
0.0234241 0.199454 -6.86681 -2.35552e-09
0.0233505 0.19871 -5.44178 -2.42421e-09
0.0233277 0.197945 -7.40163 -1.24209e-09
0.0233556 0.197214 -6.46776 -1.72458e-09
0.0234149 0.196617 -6.15066 -1.72306e-09
0.0234935 0.196096 -6.40719 -1.33628e-09
0.023615 0.195502 -6.59273 -1.10773e-09
0.0237561 0.194959 -6.74504 -9.11619e-10
0.0238722 0.194582 -6.69657 -8.94346e-10
0.0239947 0.194228 -6.72851 -7.86083e-10
0.0241076 0.193932 -6.65794 -8.17645e-10
0.0242466 0.193598 -6.64782 -7.40676e-10
0.0244344 0.193191 -6.6074 -6.71708e-10
0.0247025 0.192675 -6.55816 -5.64642e-10
0.0250794 0.192044 -6.43849 -4.86797e-10
0.0254926 0.191447 -6.31453 -3.74607e-10
0.0258265 0.191019 -6.23229 -3.38393e-10
0.0261326 0.190662 -6.15694 -3.24929e-10
0.0264477 0.190325 -6.11584 -3.049e-10
0.0268527 0.18993 -6.06715 -2.56695e-10
0.0273226 0.189519 -5.99959 -2.67173e-10
0.0277043 0.189217 -5.97812 -2.06468e-10
0.0279846 0.189013 -5.90355 -2.42871e-10
0.0282692 0.188819 -5.90127 -2.34295e-10
0.0285024 0.188669 -5.88677 -1.85626e-10
0.0287406 0.188524 -5.80515 -2.06296e-10
0.0289744 0.18839 -5.78741 -1.993e-10
0.0291785 0.18828 -5.77001 -1.73658e-10
0.0294471 0.188142 -5.72395 -1.71599e-10
0.0296886 0.188026 -5.71148 -1.35304e-10
0.0299639 0.187903 -5.65609 -1.2051e-10
0.0302095 0.1878 -5.61488 -1.0545e-10
0.0304341 0.187712 -5.54955 -1.11264e-10
0.0307178 0.187609 -5.52967 -1.10315e-10
0.0309645 0.187527 -5.49304 -6.76254e-11
0.0312862 0.187429 -5.41884 -7.56019e-11
0.0315662 0.187352 -5.37952 -7.35409e-11
0.031847 0.187283 -5.34424 -5.25825e-11
0.0320759 0.187233 -5.29909 -5.00642e-11
0.032319 0.187185 -5.24579 -3.39746e-11
0.0325468 0.187145 -5.27862 -3.34153e-11
0.0327723 0.18711 -5.29978 -1.07461e-10
0.0330105 0.187079 -5.08885 5.76628e-11
0.0332808 0.18705 -5.12226 -2.19325e-11
0.0335623 0.187027 -5.13852 3.25313e-11
0.0339227 0.187007 -5.1015 3.37316e-11
0.0343236 0.187 -5.05263 2.89915e-11
0.0347712 0.187009 -5.02128 -8.88153e-12
0.035288 0.187042 -4.97521 6.3289e-11
0.0359291 0.187117 -4.90394 1.05997e-10
0.0365224 0.187221 -4.88143 1.68084e-11
0.0369906 0.187327 -4.81286 2.16903e-10
0.0373085 0.187412 -4.56539 1.92726e-10
0.0376117 0.187502 -4.64581 1.10101e-10
0.0379286 0.187606 -4.61804 1.15619e-10
0.0381709 0.187693 -4.55553 1.05529e-10
0.0384323 0.187795 -4.51181 1.03774e-10
0.0387829 0.187943 -4.40996 1.3087e-10
0.039101 0.18809 -4.38038 9.78296e-11
0.0394316 0.188256 -4.28979 1.85717e-10
0.0397184 0.188412 -4.18393 1.67873e-10
0.039922 0.188529 -4.17634 1.6335e-10
0.0401273 0.188653 -4.13573 1.83185e-10
0.0403479 0.188794 -4.07314 1.6836e-10
0.0405832 0.188952 -4.04856 1.65041e-10
0.0408156 0.189117 -4.0042 1.83423e-10
0.0410324 0.18928 -3.95786 1.81504e-10
0.0412421 0.189445 -3.91506 1.96909e-10
0.0414463 0.189614 -3.86746 1.88986e-10
0.0416781 0.189816 -3.83076 1.96937e-10
0.0419643 0.190083 -3.77087 2.20329e-10
0.0423052 0.190427 -3.69312 2.21088e-10
0.0425861 0.190734 -3.68316 1.99224e-10
0.042843 0.191037 -3.62999 2.45329e-10
0.0430988 0.191362 -3.58858 2.54073e-10
0.0432865 0.191617 -3.55842 2.79687e-10
0.0434349 0.191831 -3.52017 3.10865e-10
0.0435601 0.19202 -3.48555 3.07485e-10
0.0436823 0.192213 -3.54741 2.72694e-10
0.0438023 0.192412 -3.50367 3.0366e-10
0.0439165 0.19261 -3.48912 3.122e-10
0.0440262 0.19281 -3.48334 3.2056e-10
0.0441407 0.19303 -3.48801 3.2712e-10
0.0442666 0.193287 -3.46544 3.46569e-10
0.0444254 0.193637 -3.43781 3.77201e-10
0.0445725 0.193995 -3.44418 3.92794e-10
0.0446852 0.194296 -3.42035 4.28151e-10
0.0447797 0.194572 -3.3961 4.64766e-10
0.0448717 0.194866 -3.46635 4.40512e-10
0.0449536 0.195156 -3.4077 4.85901e-10
0.0450262 0.195443 -3.4329 5.14188e-10
0.0451082 0.195814 -3.47666 5.2017e-10
0.0452048 0.196361 -3.42264 7.1739e-10
0.0452957 0.197163 -3.71816 9.52146e-10
