x y fp fmu
0.0428344 0.198 -13.5612 3.34157e-08
0.042803 0.198831 -11.7598 1.87426e-10
0.0426995 0.199717 -10.2158 -6.91568e-10
0.0425446 0.200508 -6.19841 -5.65966e-11
0.0423974 0.20107 -4.05044 7.77954e-10
0.0422755 0.201462 -2.94076 2.74736e-10
0.0421637 0.201782 -1.62601 1.2876e-09
0.0420385 0.202108 1.30133 8.45088e-10
0.0418954 0.202447 -1.45606 3.05859e-10
0.0417371 0.202789 2.0581 -8.84597e-10
0.0415588 0.203142 2.82014 4.21656e-11
0.0413241 0.203563 4.69216 -1.4434e-10
0.0409628 0.204138 6.94391 -1.66772e-10
0.0405561 0.204703 9.12667 -3.42558e-10
0.0401897 0.205155 10.7765 -6.17062e-10
0.0397618 0.205626 12.7577 -5.85693e-10
0.0394136 0.205972 14.0971 -4.79636e-10
0.0391217 0.20624 14.7577 -6.64825e-10
0.0389036 0.206428 15.5476 -2.34564e-10
0.038702 0.206593 16.5225 -8.85895e-10
0.0384989 0.206751 16.7962 -6.4446e-10
0.038286 0.206909 17.6423 -6.53345e-10
0.0380596 0.207069 18.1124 -6.47328e-10
0.0378325 0.207221 18.602 -3.23646e-10
0.0376134 0.20736 18.9973 -5.66638e-10
0.0374094 0.207483 19.7334 -6.91466e-10
0.0371472 0.207632 20.5908 -5.27988e-10
0.0369092 0.207759 20.7004 -4.50137e-11
0.0365828 0.207922 22.0179 2.69869e-10
0.0362307 0.208083 22.1184 -1.94734e-09
0.0358962 0.208223 21.8045 -8.02202e-10
0.0356327 0.208323 22.678 -4.37813e-10
0.0353478 0.208424 23.0648 -5.97213e-10
0.0350634 0.208515 23.4503 -2.97356e-10
0.0347493 0.208607 23.6211 -3.88978e-10
0.0344688 0.20868 24.2943 -4.91784e-10
0.034221 0.208738 24.1243 -2.25111e-10
0.0339811 0.208788 23.7775 -1.05283e-10
0.0337511 0.208832 24.1855 -4.86431e-10
0.0335332 0.208868 24.4469 -3.07562e-10
0.033311 0.2089 24.6636 -3.1297e-10
0.0330679 0.208931 24.5514 -2.10511e-10
0.0327819 0.208959 24.3103 -2.44164e-10
0.0324351 0.208984 24.5559 -4.87942e-10
0.0319681 0.208999 24.5013 -1.89547e-10
0.0314736 0.208994 24.2404 -1.72745e-10
0.0310068 0.208969 24.0435 -8.98558e-11
0.0305422 0.208924 23.7515 3.54133e-11
0.0300918 0.208861 22.6965 -2.56101e-10
0.0296423 0.208779 23.0594 -6.29263e-10
0.0291807 0.208675 22.4441 1.10082e-10
0.0288657 0.208592 21.7107 7.51757e-11
0.028566 0.208503 21.3268 -1.56456e-10
0.0282831 0.208411 20.9896 1.8417e-10
0.0280356 0.208323 20.6348 1.7442e-10
0.0278045 0.208235 19.9226 -1.57769e-10
0.0275887 0.208148 19.5648 1.15204e-10
0.0273161 0.208029 19.3876 -4.47356e-13
0.0269541 0.207858 18.5764 -5.20839e-11
0.0266275 0.20769 17.9669 1.80796e-11
0.0263073 0.207511 17.175 -3.37429e-11
0.0260693 0.207368 16.4164 7.22927e-12
0.0258573 0.207234 15.9035 -2.18037e-10
0.0256185 0.207075 15.2756 8.90729e-11
0.0252942 0.206845 14.4776 -5.47428e-11
0.0248312 0.206483 13.1368 3.4294e-11
0.024236 0.205954 11.1365 9.33488e-11
0.0236183 0.205314 8.9832 -1.43335e-10
0.0230694 0.204646 6.84401 -5.60108e-10
0.0226153 0.204001 4.91094 -3.87897e-10
0.0222165 0.203338 3.18451 -4.82076e-10
0.0219411 0.202809 1.94728 -6.15037e-10
0.0217519 0.202398 0.904937 -5.96921e-10
0.0216113 0.20206 0.308316 -4.70612e-10
0.0214972 0.20176 -0.197782 -7.45e-10
0.0213963 0.201471 -1.17562 -4.35697e-10
0.0213067 0.201189 -1.90781 -7.62001e-10
0.0212157 0.200871 -0.859482 -3.11923e-10
0.0211202 0.200491 -2.03085 -9.83594e-10
0.0210302 0.200066 -2.59291 -6.63023e-10
0.020931 0.199454 -2.96755 -7.91715e-10
0.0208574 0.19871 -2.71438 -8.36178e-10
0.0208346 0.197945 -2.8291 -6.52628e-10
0.0208625 0.197214 -2.95432 -1.8175e-10
0.0209218 0.196617 -2.80035 -2.78158e-10
0.0210004 0.196096 -2.86643 -2.90491e-10
0.0211218 0.195502 -2.95462 -2.47487e-10
0.021263 0.194959 -3.07092 -2.29055e-10
0.0213791 0.194582 -3.13119 -2.3474e-10
0.0215015 0.194228 -3.2141 -2.28605e-10
0.0216145 0.193932 -3.25753 -2.34305e-10
0.0217535 0.193598 -3.33079 -2.33024e-10
0.0219413 0.193191 -3.41421 -2.22949e-10
0.0222094 0.192675 -3.52928 -2.04496e-10
0.0225863 0.192044 -3.67824 -1.9181e-10
0.0229995 0.191447 -3.83567 -1.64692e-10
0.0233333 0.191019 -3.96015 -1.52573e-10
0.0236395 0.190662 -4.0709 -1.4659e-10
0.0239546 0.190325 -4.19127 -1.40611e-10
0.0243596 0.18993 -4.34776 -1.0805e-10
0.0248295 0.189519 -4.53566 -1.07527e-10
0.0252112 0.189217 -4.68988 -7.4917e-11
0.0254914 0.189013 -4.8019 -6.3228e-11
0.0257761 0.188819 -4.94348 -8.30875e-11
0.0260093 0.188669 -5.01683 -7.26626e-11
0.0262475 0.188524 -5.12791 -7.69405e-11
0.0264813 0.18839 -5.26677 -6.94664e-11
0.0266854 0.18828 -5.34101 -5.20861e-11
0.026954 0.188142 -5.50424 -3.43743e-11
0.0271955 0.188026 -5.58336 -2.61333e-11
0.0274708 0.187903 -5.74782 -3.89337e-11
0.0277164 0.1878 -5.84067 -1.46192e-11
0.0279409 0.187712 -5.99403 -3.19832e-11
0.0282247 0.187609 -6.21304 1.93412e-12
0.0284714 0.187527 -6.26056 -2.39842e-11
0.0287931 0.187429 -6.47796 7.26905e-11
0.0290731 0.187352 -6.67274 -1.44141e-11
0.0293539 0.187283 -6.84894 3.22481e-11
0.0295828 0.187233 -6.94001 1.06046e-11
0.0298259 0.187185 -7.08938 4.41648e-11
0.0300537 0.187145 -7.44028 9.83727e-11
0.0302792 0.18711 -7.64308 -1.45288e-10
0.0305174 0.187079 -7.23394 2.21496e-10
0.0307877 0.18705 -7.60049 1.87688e-11
0.0310692 0.187027 -7.87508 1.41295e-10
0.0314296 0.187007 -8.07476 9.79287e-11
0.0318305 0.187 -8.25393 6.44682e-11
0.0322781 0.187009 -8.49046 -5.52648e-13
0.0327949 0.187042 -8.72415 1.38308e-10
0.033436 0.187117 -8.96238 1.85133e-10
0.0340293 0.187221 -9.25575 4.14219e-11
0.0344975 0.187327 -9.43089 3.23886e-10
0.0348153 0.187412 -9.18595 3.05211e-10
0.0351186 0.187502 -9.49125 2.16292e-10
0.0354355 0.187606 -9.67736 2.42078e-10
0.0356778 0.187693 -9.76124 1.96913e-10
0.0359392 0.187795 -9.88264 2.1803e-10
0.0362898 0.187943 -9.99623 2.79923e-10
0.0366079 0.18809 -10.327 2.64265e-10
0.0369385 0.188256 -10.2606 3.82895e-10
0.0372253 0.188412 -10.3786 4.53712e-10
0.0374289 0.188529 -10.6053 4.05861e-10
0.0376342 0.188653 -10.6647 4.44036e-10
0.0378548 0.188794 -10.7703 5.1742e-10
0.0380901 0.188952 -11.0031 4.26854e-10
0.0383224 0.189117 -11.102 4.76306e-10
0.0385393 0.18928 -11.2271 5.03846e-10
0.038749 0.189445 -11.3259 5.27278e-10
0.0389532 0.189614 -11.4027 6.23046e-10
0.0391849 0.189816 -11.5509 5.95685e-10
0.0394712 0.190083 -11.6328 6.55966e-10
0.039812 0.190427 -11.6747 7.60539e-10
0.040093 0.190734 -11.9138 6.44301e-10
0.0403499 0.191037 -11.9135 7.2656e-10
0.0406056 0.191362 -11.9382 7.92715e-10
0.0407934 0.191617 -11.943 8.64792e-10
0.0409418 0.191831 -11.8751 9.91652e-10
0.041067 0.19202 -11.8353 9.85565e-10
0.0411892 0.192213 -12.1501 9.00096e-10
0.0413092 0.192412 -12.067 9.45023e-10
0.0414233 0.19261 -12.1051 1.03724e-09
0.0415331 0.19281 -12.1838 1.05414e-09
0.0416476 0.19303 -12.3213 1.11485e-09
0.0417735 0.193287 -12.3469 1.19444e-09
0.0419323 0.193637 -12.3971 1.35763e-09
0.0420794 0.193995 -12.5785 1.51226e-09
0.0421921 0.194296 -12.5891 1.72136e-09
0.0422866 0.194572 -12.6394 1.93349e-09
0.0423786 0.194866 -13.057 1.98323e-09
0.0424605 0.195156 -13.0005 2.21335e-09
0.042533 0.195443 -12.9674 2.60543e-09
0.0426151 0.195814 -13.369 2.86337e-09
0.0427117 0.196361 -13.0428 3.75357e-09
0.0428026 0.197163 -13.8978 -2.38344e-09
