x y fp fmu
0.0433368 0.198 -12.9796 3.18208e-08
0.0433054 0.198831 -11.12 1.54531e-10
0.043202 0.199717 -9.42727 -5.89981e-10
0.043047 0.200508 -5.46031 -2.16135e-11
0.0428998 0.20107 -3.26578 7.55092e-10
0.0427779 0.201462 -2.12404 2.24346e-10
0.0426661 0.201782 -0.833215 1.16772e-09
0.0425409 0.202108 2.05595 8.1141e-10
0.0423978 0.202447 -0.522888 2.24959e-10
0.0422395 0.202789 2.83477 -9.14973e-10
0.0420612 0.203142 3.67535 -5.31319e-11
0.0418265 0.203563 5.53317 -2.18185e-10
0.0414652 0.204138 7.77364 -2.3598e-10
0.0410585 0.204703 9.91933 -3.95729e-10
0.0406921 0.205155 11.5528 -6.61835e-10
0.0402642 0.205626 13.4927 -6.26596e-10
0.039916 0.205972 14.8269 -5.14046e-10
0.0396241 0.20624 15.4723 -7.02114e-10
0.039406 0.206428 16.182 -3.04595e-10
0.0392044 0.206593 17.1321 -9.38449e-10
0.0390013 0.206751 17.3984 -7.00962e-10
0.0387884 0.206909 18.2011 -7.03863e-10
0.038562 0.207069 18.6597 -6.9902e-10
0.0383349 0.207221 19.1134 -3.91256e-10
0.0381158 0.20736 19.4819 -6.40033e-10
0.0379118 0.207483 20.1874 -7.65402e-10
0.0376496 0.207632 21.0428 -5.80837e-10
0.0374116 0.207759 21.1225 -9.28051e-11
0.0370852 0.207922 22.3026 1.59515e-10
0.0367331 0.208083 22.5192 -1.81065e-09
0.0363986 0.208223 22.1207 -8.01494e-10
0.0361351 0.208323 22.9283 -4.73605e-10
0.0358502 0.208424 23.2755 -6.27233e-10
0.0355658 0.208515 23.6336 -3.41556e-10
0.0352517 0.208607 23.7446 -4.25237e-10
0.0349713 0.20868 24.3588 -5.29394e-10
0.0347234 0.208738 24.2557 -2.23835e-10
0.0344836 0.208788 23.8377 -1.33921e-10
0.0342536 0.208832 24.1591 -5.2268e-10
0.0340356 0.208868 24.4091 -3.46839e-10
0.0338135 0.2089 24.6033 -3.43937e-10
0.0335703 0.208931 24.4944 -2.17608e-10
0.0332844 0.208959 24.1848 -2.93169e-10
0.0329375 0.208984 24.3848 -5.21882e-10
0.0324705 0.208999 24.2823 -2.08558e-10
0.031976 0.208994 23.9486 -1.93588e-10
0.0315092 0.208969 23.6869 -1.06526e-10
0.0310447 0.208924 23.3418 1.28433e-11
0.0305943 0.208861 22.1724 -3.12029e-10
0.0301447 0.208779 22.5133 -6.83191e-10
0.0296832 0.208675 21.8588 7.97368e-11
0.0293682 0.208592 21.0441 5.33924e-11
0.0290684 0.208503 20.6245 -1.94423e-10
0.0287855 0.208411 20.2535 1.63332e-10
0.028538 0.208323 19.8685 1.44745e-10
0.0283069 0.208235 19.1251 -1.96434e-10
0.0280911 0.208148 18.7157 9.97792e-11
0.0278185 0.208029 18.5251 -3.05953e-11
0.0274565 0.207858 17.6798 -7.82835e-11
0.0271299 0.20769 17.041 -8.68503e-12
0.0268097 0.207511 16.2091 -6.84909e-11
0.0265717 0.207368 15.4224 -1.71796e-11
0.0263597 0.207234 14.8939 -2.49089e-10
0.026121 0.207075 14.2526 6.81377e-11
0.0257967 0.206845 13.4092 -9.13106e-11
0.0253336 0.206483 12.0442 -5.50393e-13
0.0247384 0.205954 10.0129 5.84699e-11
0.0241207 0.205314 7.86251 -1.81847e-10
0.0235718 0.204646 5.73191 -6.00954e-10
0.0231177 0.204001 3.80685 -4.29849e-10
0.0227189 0.203338 2.11418 -5.27034e-10
0.0224435 0.202809 0.947011 -6.58304e-10
0.0222543 0.202398 -0.0242968 -6.2756e-10
0.0221137 0.20206 -0.613211 -5.21151e-10
0.0219996 0.20176 -1.10509 -7.60136e-10
0.0218987 0.201471 -2.01219 -4.70647e-10
0.0218091 0.201189 -2.71807 -7.15056e-10
0.0217182 0.200871 -1.7816 -3.50552e-10
0.0216226 0.200491 -2.84394 -9.91724e-10
0.0215326 0.200066 -3.33969 -6.32632e-10
0.0214334 0.199454 -3.68108 -6.39081e-10
0.0213598 0.19871 -3.56702 -6.42101e-10
0.021337 0.197945 -3.8044 -4.75465e-10
0.0213649 0.197214 -3.96585 -2.56246e-10
0.0214242 0.196617 -3.86843 -3.22011e-10
0.0215028 0.196096 -3.93653 -3.06988e-10
0.0216243 0.195502 -4.00851 -2.58796e-10
0.0217654 0.194959 -4.1043 -2.29649e-10
0.0218815 0.194582 -4.14764 -2.31053e-10
0.022004 0.194228 -4.21862 -2.21281e-10
0.0221169 0.193932 -4.25197 -2.25355e-10
0.0222559 0.193598 -4.31752 -2.23755e-10
0.0224437 0.193191 -4.39524 -2.15653e-10
0.0227118 0.192675 -4.50636 -2.00749e-10
0.0230888 0.192044 -4.65143 -1.90753e-10
0.0235019 0.191447 -4.80071 -1.68023e-10
0.0238358 0.191019 -4.91492 -1.5672e-10
0.0241419 0.190662 -5.0144 -1.50952e-10
0.024457 0.190325 -5.12155 -1.44549e-10
0.024862 0.18993 -5.25686 -1.1108e-10
0.0253319 0.189519 -5.41963 -1.10827e-10
0.0257136 0.189217 -5.55139 -7.64613e-11
0.0259939 0.189013 -5.64765 -6.38365e-11
0.0262785 0.188819 -5.77534 -8.28922e-11
0.0265117 0.188669 -5.83245 -7.33927e-11
0.02675 0.188524 -5.93152 -7.73844e-11
0.0269837 0.18839 -6.05965 -6.8535e-11
0.0271878 0.18828 -6.12095 -5.08598e-11
0.0274564 0.188142 -6.27235 -3.22975e-11
0.027698 0.188026 -6.33049 -2.55607e-11
0.0279732 0.187903 -6.48067 -4.12048e-11
0.0282188 0.1878 -6.55533 -1.35299e-11
0.0284434 0.187712 -6.7012 -3.08158e-11
0.0287272 0.187609 -6.90833 6.25274e-12
0.0289738 0.187527 -6.92998 -2.67031e-11
0.0292955 0.187429 -7.13342 7.95665e-11
0.0295755 0.187352 -7.31431 -1.53455e-11
0.0298563 0.187283 -7.47434 3.54313e-11
0.0300852 0.187233 -7.54606 1.08391e-11
0.0303283 0.187185 -7.68869 5.12041e-11
0.0305561 0.187145 -8.05349 1.12503e-10
0.0307817 0.18711 -8.23845 -1.70469e-10
0.0310198 0.187079 -7.76014 2.33737e-10
0.0312901 0.18705 -8.13888 1.08242e-11
0.0315716 0.187027 -8.40192 1.48122e-10
0.031932 0.187007 -8.57753 1.00436e-10
0.0323329 0.187 -8.72883 6.51582e-11
0.0327805 0.187009 -8.94102 -3.56946e-12
0.0332973 0.187042 -9.1482 1.4303e-10
0.0339384 0.187117 -9.36643 2.06415e-10
0.0345317 0.187221 -9.67428 4.64537e-11
0.0349999 0.187327 -9.82399 3.69226e-10
0.0353178 0.187412 -9.50892 3.58386e-10
0.035621 0.187502 -9.8562 2.39259e-10
0.0359379 0.187606 -10.0344 2.71887e-10
0.0361802 0.187693 -10.1098 2.09104e-10
0.0364416 0.187795 -10.2108 2.33475e-10
0.0367923 0.187943 -10.2996 2.97428e-10
0.0371103 0.18809 -10.6381 2.79176e-10
0.0374409 0.188256 -10.4622 3.83055e-10
0.0377277 0.188412 -10.5576 4.81196e-10
0.0379313 0.188529 -10.7633 4.23716e-10
0.0381366 0.188653 -10.7739 4.63016e-10
0.0383573 0.188794 -10.8385 5.46778e-10
0.0385926 0.188952 -11.0316 4.41399e-10
0.0388249 0.189117 -11.0709 4.91064e-10
0.0390418 0.18928 -11.1454 5.18789e-10
0.0392514 0.189445 -11.1931 5.38008e-10
0.0394556 0.189614 -11.2214 6.33456e-10
0.0396874 0.189816 -11.315 5.97486e-10
0.0399736 0.190083 -11.3392 6.57583e-10
0.0403145 0.190427 -11.3353 7.59924e-10
0.0405954 0.190734 -11.544 6.57556e-10
0.0408523 0.191037 -11.5475 7.4598e-10
0.0411081 0.191362 -11.6026 8.14779e-10
0.0412958 0.191617 -11.6201 9.11686e-10
0.0414442 0.191831 -11.5718 1.03866e-09
0.0415694 0.19202 -11.5682 1.05746e-09
0.0416916 0.192213 -11.9505 9.96787e-10
0.0418116 0.192412 -11.8068 1.01363e-09
0.0419258 0.19261 -11.899 1.17265e-09
0.0420355 0.19281 -11.9805 1.16744e-09
0.04215 0.19303 -12.1509 1.26287e-09
0.0422759 0.193287 -12.1659 1.34804e-09
0.0424347 0.193637 -12.218 1.5669e-09
0.0425818 0.193995 -12.4297 1.77829e-09
0.0426945 0.194296 -12.4847 2.02577e-09
0.042789 0.194572 -12.5888 2.30522e-09
0.042881 0.194866 -13.1419 2.3675e-09
0.0429629 0.195156 -13.0401 2.7317e-09
0.0430355 0.195443 -12.8514 3.30247e-09
0.0431175 0.195814 -13.839 3.24114e-09
0.0432141 0.196361 -13.8694 3.57708e-09
0.043305 0.197163 -13.9758 -2.48702e-09
