x y fp fmu
0.0445222 0.198 -10.4567 2.97158e-08
0.0444907 0.198831 -8.69938 1.4128e-10
0.0443873 0.199717 -6.8731 -4.03494e-10
0.0442323 0.200508 -3.05532 1.19062e-10
0.0440852 0.20107 -0.926817 7.59188e-10
0.0439633 0.201462 0.256056 2.41029e-10
0.0438515 0.201782 1.45017 1.04303e-09
0.0437262 0.202108 4.16494 8.52948e-10
0.0435831 0.202447 1.95615 1.22604e-10
0.0434248 0.202789 5.04507 -8.24968e-10
0.0432465 0.203142 5.93966 -7.57546e-11
0.0430118 0.203563 7.73065 -2.07888e-10
0.0426506 0.204138 9.89803 -2.82478e-10
0.0422439 0.204703 11.9382 -4.30945e-10
0.0418774 0.205155 13.5196 -6.88755e-10
0.0414495 0.205626 15.3959 -6.62597e-10
0.0411014 0.205972 16.6974 -5.4689e-10
0.0408094 0.20624 17.3294 -7.25753e-10
0.0405913 0.206428 17.9572 -3.7386e-10
0.0403897 0.206593 18.8954 -9.67671e-10
0.0401866 0.206751 19.1665 -7.35112e-10
0.0399737 0.206909 19.8686 -7.39381e-10
0.0397474 0.207069 20.2886 -7.31672e-10
0.0395203 0.207221 20.6885 -4.24903e-10
0.0393012 0.20736 21.0147 -6.63645e-10
0.0390971 0.207483 21.628 -8.12089e-10
0.0388349 0.207632 22.4585 -6.22224e-10
0.038597 0.207759 22.5329 -1.48092e-10
0.0382705 0.207922 23.4835 4.53258e-11
0.0379184 0.208083 23.8516 -1.6257e-09
0.0375839 0.208223 23.3697 -7.69278e-10
0.0373204 0.208323 24.0745 -5.0079e-10
0.0370356 0.208424 24.3574 -6.49852e-10
0.0367511 0.208515 24.6837 -3.87851e-10
0.036437 0.208607 24.7262 -4.7184e-10
0.0361566 0.20868 25.2374 -5.55791e-10
0.0359087 0.208738 25.2256 -2.11248e-10
0.0356689 0.208788 24.7161 -1.49993e-10
0.0354389 0.208832 24.9069 -5.46851e-10
0.0352209 0.208868 25.1294 -3.80923e-10
0.0349988 0.2089 25.2796 -3.68983e-10
0.0347556 0.208931 25.1752 -2.11997e-10
0.0344697 0.208959 24.7683 -3.40007e-10
0.0341229 0.208984 24.8915 -5.42296e-10
0.0336559 0.208999 24.716 -2.15661e-10
0.0331613 0.208994 24.2726 -2.05156e-10
0.0326946 0.208969 23.9167 -1.13713e-10
0.03223 0.208924 23.4951 -5.65071e-12
0.0317796 0.208861 22.1849 -3.64638e-10
0.0313301 0.208779 22.4673 -7.2708e-10
0.0308685 0.208675 21.7611 4.87987e-11
0.0305535 0.208592 20.8462 2.88101e-11
0.0302537 0.208503 20.353 -2.31932e-10
0.0299708 0.208411 19.9255 1.44989e-10
0.0297233 0.208323 19.5032 1.16481e-10
0.0294923 0.208235 18.7118 -2.38072e-10
0.0292764 0.208148 18.2151 8.07015e-11
0.0290038 0.208029 18.0127 -6.34116e-11
0.0286418 0.207858 17.1 -1.15563e-10
0.0283152 0.20769 16.39 -4.83359e-11
0.027995 0.207511 15.4952 -1.09446e-10
0.027757 0.207368 14.6365 -5.13343e-11
0.0275451 0.207234 14.0678 -2.78973e-10
0.0273063 0.207075 13.3762 2.74011e-11
0.026982 0.206845 12.4927 -1.21106e-10
0.0265189 0.206483 11.0367 -4.82251e-11
0.0259237 0.205954 8.91196 -6.20846e-12
0.025306 0.205314 6.67008 -2.38441e-10
0.0247571 0.204646 4.48964 -6.73231e-10
0.0243031 0.204001 2.5376 -4.9271e-10
0.0239042 0.203338 0.83591 -5.86314e-10
0.0236289 0.202809 -0.295346 -7.07187e-10
0.0234396 0.202398 -1.235 -6.55056e-10
0.023299 0.20206 -1.78072 -5.48258e-10
0.0231849 0.20176 -2.23372 -7.53739e-10
0.023084 0.201471 -3.12623 -4.84045e-10
0.0229945 0.201189 -3.80581 -6.84249e-10
0.0229035 0.200871 -2.89342 -3.28174e-10
0.0228079 0.200491 -3.87534 -9.46354e-10
0.022718 0.200066 -4.38683 -5.84425e-10
0.0226187 0.199454 -4.7743 -5.66837e-10
0.0225451 0.19871 -4.74052 -5.88002e-10
0.0225223 0.197945 -5.10452 -4.26199e-10
0.0225503 0.197214 -5.27961 -3.03286e-10
0.0226095 0.196617 -5.21772 -3.79269e-10
0.0226882 0.196096 -5.30614 -3.43265e-10
0.0228096 0.195502 -5.37259 -2.69183e-10
0.0229508 0.194959 -5.45597 -2.30616e-10
0.0230668 0.194582 -5.48808 -2.28845e-10
0.0231893 0.194228 -5.5538 -2.20421e-10
0.0233022 0.193932 -5.58273 -2.23615e-10
0.0234413 0.193598 -5.6476 -2.2744e-10
0.023629 0.193191 -5.7215 -2.22916e-10
0.0238972 0.192675 -5.82248 -2.13087e-10
0.0242741 0.192044 -5.94622 -2.06741e-10
0.0246873 0.191447 -6.06131 -1.91831e-10
0.0250211 0.191019 -6.13881 -1.841e-10
0.0253272 0.190662 -6.1989 -1.81806e-10
0.0256424 0.190325 -6.26274 -1.7402e-10
0.0260473 0.18993 -6.32902 -1.40029e-10
0.0265172 0.189519 -6.39896 -1.47303e-10
0.0268989 0.189217 -6.45431 -1.0746e-10
0.0271792 0.189013 -6.47521 -1.09357e-10
0.0274638 0.188819 -6.53463 -1.20017e-10
0.027697 0.188669 -6.54496 -9.9323e-11
0.0279353 0.188524 -6.57308 -1.06282e-10
0.028169 0.18839 -6.63562 -1.00269e-10
0.0283732 0.18828 -6.65191 -7.81841e-11
0.0286417 0.188142 -6.72297 -6.22716e-11
0.0288833 0.188026 -6.73122 -5.03309e-11
0.0291586 0.187903 -6.7989 -6.20954e-11
0.0294041 0.1878 -6.81397 -3.2918e-11
0.0296287 0.187712 -6.89029 -4.56715e-11
0.0299125 0.187609 -7.01234 -1.23576e-11
0.0301592 0.187527 -6.9816 -3.61617e-11
0.0304809 0.187429 -7.09656 5.49718e-11
0.0307608 0.187352 -7.2004 -2.29904e-11
0.0310416 0.187283 -7.28929 2.69342e-11
0.0312705 0.187233 -7.30716 1.82287e-12
0.0315136 0.187185 -7.39651 4.88645e-11
0.0317414 0.187145 -7.71083 1.12089e-10
0.031967 0.18711 -7.8259 -2.00392e-10
0.0322052 0.187079 -7.29115 2.14051e-10
0.0324754 0.18705 -7.62934 -9.27292e-12
0.0327569 0.187027 -7.82345 1.39895e-10
0.0331173 0.187007 -7.91689 9.78337e-11
0.0335182 0.187 -7.97902 5.96481e-11
0.0339658 0.187009 -8.10171 -1.46172e-11
0.0344827 0.187042 -8.20428 1.37755e-10
0.0351237 0.187117 -8.30135 2.16075e-10
0.035717 0.187221 -8.52967 2.85278e-11
0.0361852 0.187327 -8.53707 4.05448e-10
0.0365031 0.187412 -8.05968 3.96539e-10
0.0368063 0.187502 -8.3938 2.28184e-10
0.0371232 0.187606 -8.46795 2.55955e-10
0.0373656 0.187693 -8.45974 1.87598e-10
0.0376269 0.187795 -8.47195 2.06843e-10
0.0379776 0.187943 -8.43702 2.63034e-10
0.0382956 0.18809 -8.65342 2.32828e-10
0.0386262 0.188256 -8.34882 3.42221e-10
0.038913 0.188412 -8.33317 4.25636e-10
0.0391166 0.188529 -8.44889 3.73602e-10
0.039322 0.188653 -8.38907 4.08554e-10
0.0395426 0.188794 -8.37757 4.84713e-10
0.0397779 0.188952 -8.47632 3.91594e-10
0.0400102 0.189117 -8.4489 4.45836e-10
0.0402271 0.18928 -8.46199 4.7446e-10
0.0404367 0.189445 -8.44631 4.99156e-10
0.0406409 0.189614 -8.43319 5.97094e-10
0.0408727 0.189816 -8.46547 5.67157e-10
0.0411589 0.190083 -8.42785 6.28278e-10
0.0414998 0.190427 -8.37058 7.23181e-10
0.0417807 0.190734 -8.52485 6.3533e-10
0.0420376 0.191037 -8.47111 7.3142e-10
0.0422934 0.191362 -8.47545 7.90715e-10
0.0424812 0.191617 -8.42977 8.96226e-10
0.0426295 0.191831 -8.34417 9.9882e-10
0.0427547 0.19202 -8.33723 1.03163e-09
0.0428769 0.192213 -8.68738 9.90147e-10
0.042997 0.192412 -8.44224 9.69207e-10
0.0431111 0.19261 -8.56778 1.1973e-09
0.0432208 0.19281 -8.61358 1.15835e-09
0.0433354 0.19303 -8.80246 1.30009e-09
0.0434613 0.193287 -8.78689 1.38804e-09
0.04362 0.193637 -8.96203 1.71436e-09
0.0437672 0.193995 -9.46763 2.00434e-09
0.0438799 0.194296 -9.70308 2.36974e-09
0.0439744 0.194572 -9.95864 2.71899e-09
0.0440663 0.194866 -10.6791 2.81457e-09
0.0441482 0.195156 -10.7707 3.25927e-09
0.0442208 0.195443 -10.9349 3.37678e-09
0.0443028 0.195814 -12.1868 2.99979e-09
0.0443994 0.196361 -11.9582 3.08078e-09
0.0444903 0.197163 -11.4479 -2.18062e-09
