x y fp fmu
0.0465191 0.198 -5.05307 1.83452e-08
0.0464876 0.198831 -3.64942 2.06752e-10
0.0463842 0.199717 -1.81584 -2.24485e-11
0.0462292 0.200508 1.06774 2.68925e-10
0.0460821 0.20107 2.69727 7.55575e-10
0.0459602 0.201462 3.71743 3.08745e-10
0.0458484 0.201782 4.72568 8.37578e-10
0.0457231 0.202108 6.80516 8.07769e-10
0.04558 0.202447 5.43872 -8.35804e-12
0.0454217 0.202789 7.93676 -5.17238e-10
0.0452434 0.203142 8.72489 -2.62988e-11
0.0450087 0.203563 10.2733 -1.20954e-11
0.0446475 0.204138 12.1639 -1.3794e-10
0.0442408 0.204703 13.9999 -2.61533e-10
0.0438743 0.205155 15.4253 -5.02047e-10
0.0434464 0.205626 17.1081 -4.77047e-10
0.0430983 0.205972 18.2661 -3.90085e-10
0.0428063 0.20624 18.9011 -5.24753e-10
0.0425882 0.206428 19.4928 -1.43335e-10
0.0423866 0.206593 20.2942 -7.11574e-10
0.0421835 0.206751 20.5722 -5.41667e-10
0.0419706 0.206909 21.2077 -5.08791e-10
0.0417443 0.207069 21.6174 -4.86192e-10
0.0415172 0.207221 21.9859 -1.85919e-10
0.0412981 0.20736 22.3189 -3.90744e-10
0.0410941 0.207483 22.8625 -5.1057e-10
0.0408318 0.207632 23.5523 -3.99042e-10
0.0405939 0.207759 23.6163 -2.14023e-11
0.0402674 0.207922 24.493 1.82474e-10
0.0399153 0.208083 24.816 -1.44608e-09
0.0395808 0.208223 24.4342 -5.09163e-10
0.0393173 0.208323 25.0929 -3.31507e-10
0.0390325 0.208424 25.345 -4.58982e-10
0.038748 0.208515 25.6367 -2.19634e-10
0.0384339 0.208607 25.7037 -3.21887e-10
0.0381535 0.20868 26.1472 -3.82614e-10
0.0379056 0.208738 26.0961 -1.29417e-10
0.0376658 0.208788 25.6861 -4.3669e-11
0.0374358 0.208832 25.8768 -3.92998e-10
0.0372178 0.208868 26.0493 -2.48609e-10
0.0369957 0.2089 26.1756 -2.56642e-10
0.0367525 0.208931 26.0665 -1.34989e-10
0.0364666 0.208959 25.709 -2.2098e-10
0.0361198 0.208984 25.7966 -4.00051e-10
0.0356528 0.208999 25.5933 -1.42383e-10
0.0351582 0.208994 25.1598 -1.25252e-10
0.0346915 0.208969 24.7904 -4.66744e-11
0.0342269 0.208924 24.3975 6.19345e-11
0.0337765 0.208861 23.1171 -3.06842e-10
0.033327 0.208779 23.3413 -6.30215e-10
0.0328654 0.208675 22.6993 1.19353e-10
0.0325504 0.208592 21.7588 1.14192e-10
0.0322506 0.208503 21.2645 -1.58127e-10
0.0319677 0.208411 20.8463 2.20816e-10
0.0317202 0.208323 20.4296 1.87986e-10
0.0314892 0.208235 19.6251 -1.80323e-10
0.0312733 0.208148 19.0654 1.79014e-10
0.0310007 0.208029 18.8996 3.42473e-11
0.0306387 0.207858 17.9699 -2.1209e-11
0.0303121 0.20769 17.3048 5.29522e-11
0.0299919 0.207511 16.3981 -1.64691e-11
0.0297539 0.207368 15.4965 6.81379e-11
0.029542 0.207234 14.9179 -2.23904e-10
0.0293032 0.207075 14.1833 1.35463e-10
0.0289789 0.206845 13.2772 -2.62091e-11
0.0285159 0.206483 11.7913 8.25851e-11
0.0279206 0.205954 9.50669 1.45768e-10
0.0273029 0.205314 7.11503 -1.4719e-10
0.026754 0.204646 4.72481 -7.84066e-10
0.0263 0.204001 2.5283 -5.14602e-10
0.0259011 0.203338 0.60038 -6.38047e-10
0.0256258 0.202809 -0.716272 -8.22206e-10
0.0254365 0.202398 -1.96961 -7.62101e-10
0.0252959 0.20206 -2.50613 -5.8559e-10
0.0251818 0.20176 -3.04681 -9.91225e-10
0.0250809 0.201471 -4.63601 -4.63034e-10
0.0249914 0.201189 -5.70671 -8.47852e-10
0.0249004 0.200871 -3.12441 -2.25328e-11
0.0248048 0.200491 -5.25183 -1.53614e-09
0.0247149 0.200066 -6.33978 -7.26231e-10
0.0246156 0.199454 -6.83527 -1.21904e-09
0.024542 0.19871 -6.64042 -1.18199e-09
0.0245192 0.197945 -7.82145 -5.70856e-10
0.0245472 0.197214 -7.81508 -7.57329e-10
0.0246064 0.196617 -7.74307 -8.50904e-10
0.0246851 0.196096 -7.97842 -7.10003e-10
0.0248065 0.195502 -8.13188 -5.82595e-10
0.0249477 0.194959 -8.22731 -5.48472e-10
0.0250638 0.194582 -8.21241 -5.5765e-10
0.0251862 0.194228 -8.243 -5.13001e-10
0.0252991 0.193932 -8.1891 -5.14189e-10
0.0254382 0.193598 -8.17373 -4.66439e-10
0.0256259 0.193191 -8.13313 -4.09869e-10
0.0258941 0.192675 -8.08078 -3.49774e-10
0.026271 0.192044 -8.02356 -3.23842e-10
0.0266842 0.191447 -7.98544 -3.04766e-10
0.027018 0.191019 -7.95565 -3.01136e-10
0.0273242 0.190662 -7.92123 -3.0414e-10
0.0276393 0.190325 -7.90108 -2.90737e-10
0.0280442 0.18993 -7.8365 -2.44866e-10
0.0285141 0.189519 -7.74383 -2.82593e-10
0.0288958 0.189217 -7.67694 -2.16817e-10
0.0291761 0.189013 -7.54588 -2.77896e-10
0.0294607 0.188819 -7.49992 -2.73707e-10
0.0296939 0.188669 -7.44507 -2.17869e-10
0.0299322 0.188524 -7.29203 -2.4685e-10
0.0301659 0.18839 -7.20848 -2.40399e-10
0.0303701 0.18828 -7.14527 -2.2169e-10
0.0306386 0.188142 -7.00439 -2.26962e-10
0.0308802 0.188026 -6.94619 -1.88315e-10
0.0311555 0.187903 -6.78755 -1.54981e-10
0.031401 0.1878 -6.68249 -1.50535e-10
0.0316256 0.187712 -6.51102 -1.49313e-10
0.0319094 0.187609 -6.37255 -1.62089e-10
0.0321561 0.187527 -6.29507 -9.58692e-11
0.0324778 0.187429 -6.08269 -1.40418e-10
0.0327577 0.187352 -5.93553 -1.02926e-10
0.0330385 0.187283 -5.80296 -8.80403e-11
0.0332674 0.187233 -5.69997 -7.91205e-11
0.0335105 0.187185 -5.56037 -6.62288e-11
0.0337383 0.187145 -5.47424 -7.48724e-11
0.0339639 0.18711 -5.42959 -1.37587e-10
0.0342021 0.187079 -5.21356 -4.28455e-12
0.0344723 0.18705 -5.14428 -4.34303e-11
0.0347538 0.187027 -5.0685 8.43762e-13
0.0351142 0.187007 -4.93188 1.61086e-11
0.0355151 0.187 -4.78066 1.51714e-11
0.0359627 0.187009 -4.64319 -2.79506e-11
0.0364796 0.187042 -4.48269 4.61004e-11
0.0371206 0.187117 -4.2922 1.0917e-10
0.0377139 0.187221 -4.19864 -1.35475e-12
0.0381821 0.187327 -4.00996 2.4259e-10
0.0385 0.187412 -3.63695 2.45011e-10
0.0388032 0.187502 -3.73437 1.17951e-10
0.0391201 0.187606 -3.66045 1.32635e-10
0.0393625 0.187693 -3.55455 1.03597e-10
0.0396238 0.187795 -3.46156 1.07507e-10
0.0399745 0.187943 -3.29872 1.39522e-10
0.0402925 0.18809 -3.25177 1.03031e-10
0.0406231 0.188256 -3.02161 1.87377e-10
0.0409099 0.188412 -2.88589 1.96977e-10
0.0411135 0.188529 -2.85036 1.83199e-10
0.0413189 0.188653 -2.75787 2.04061e-10
0.0415395 0.188794 -2.65772 2.05536e-10
0.0417748 0.188952 -2.59482 1.84442e-10
0.0420071 0.189117 -2.49676 2.11696e-10
0.042224 0.18928 -2.41525 2.09707e-10
0.0424336 0.189445 -2.3292 2.28294e-10
0.0426378 0.189614 -2.25281 2.51055e-10
0.0428696 0.189816 -2.18131 2.51342e-10
0.0431558 0.190083 -2.07321 2.77326e-10
0.0434967 0.190427 -1.96881 3.16041e-10
0.0437776 0.190734 -1.96293 2.91097e-10
0.0440345 0.191037 -1.87702 3.37123e-10
0.0442903 0.191362 -1.83977 3.57175e-10
0.0444781 0.191617 -1.79093 4.06251e-10
0.0446265 0.191831 -1.74686 4.42822e-10
0.0447516 0.19202 -1.75056 4.54223e-10
0.0448738 0.192213 -1.88868 4.3159e-10
0.0449939 0.192412 -1.75357 4.06207e-10
0.045108 0.19261 -1.81432 5.0725e-10
0.0452177 0.19281 -1.82178 4.64836e-10
0.0453323 0.19303 -1.91043 5.33911e-10
0.0454582 0.193287 -1.88291 5.41515e-10
0.0456169 0.193637 -1.96439 6.24559e-10
0.0457641 0.193995 -2.16811 7.23948e-10
0.0458768 0.194296 -2.31378 8.72714e-10
0.0459713 0.194572 -2.67578 1.05609e-09
0.0460632 0.194866 -3.17745 1.20166e-09
0.0461451 0.195156 -3.37176 1.32825e-09
0.0462177 0.195443 -3.78395 1.71709e-09
0.0462997 0.195814 -4.40647 1.86961e-09
0.0463963 0.196361 -4.93308 2.07345e-09
0.0464872 0.197163 -5.34622 -9.56383e-10
