x y fp fmu
0.044128 0.198 -14.0097 2.16492e-09
0.0440965 0.198831 -13.1559 1.58995e-09
0.0439931 0.199717 -12.7719 7.94046e-10
0.0438381 0.200508 -10.5384 6.28444e-10
0.043691 0.20107 -9.14644 1.08685e-09
0.043569 0.201462 -8.26665 7.64552e-10
0.0434573 0.201782 -7.36654 1.37539e-09
0.043332 0.202108 -5.35625 1.05479e-09
0.0431889 0.202447 -6.98372 4.86162e-10
0.0430306 0.202789 -4.45037 -2.41466e-10
0.0428523 0.203142 -3.76497 3.28762e-10
0.0426176 0.203563 -2.23472 2.35163e-10
0.0422563 0.204138 -0.361006 1.8319e-10
0.0418496 0.204703 1.47686 3.10522e-11
0.0414832 0.205155 2.92389 -1.89446e-10
0.0410553 0.205626 4.63712 -1.79646e-10
0.0407072 0.205972 5.82358 -1.14238e-10
0.0404152 0.20624 6.51539 -2.68038e-10
0.0401971 0.206428 7.25523 1.3805e-10
0.0399955 0.206593 8.08599 -4.47855e-10
0.0397924 0.206751 8.41092 -2.82998e-10
0.0395795 0.206909 9.1789 -2.75566e-10
0.0393532 0.207069 9.64249 -2.82092e-10
0.0391261 0.207221 10.1199 1.80057e-11
0.038907 0.20736 10.5254 -2.23603e-10
0.0387029 0.207483 11.2085 -3.14954e-10
0.0384407 0.207632 11.9558 -1.79256e-10
0.0382028 0.207759 12.1035 1.73232e-10
0.0378763 0.207922 13.4259 5.4349e-10
0.0375242 0.208083 13.4463 -1.76556e-09
0.0371897 0.208223 13.3157 -4.77233e-10
0.0369262 0.208323 14.1658 -2.07132e-10
0.0366414 0.208424 14.5733 -3.27699e-10
0.0363569 0.208515 14.9527 -2.87267e-11
0.0360428 0.208607 15.2213 -1.64057e-10
0.0357624 0.20868 15.9009 -2.38943e-10
0.0355145 0.208738 15.6363 -1.22808e-10
0.0352747 0.208788 15.5106 5.14254e-11
0.0350447 0.208832 16.0301 -2.45903e-10
0.0348267 0.208868 16.2556 -7.37029e-11
0.0346046 0.2089 16.4878 -1.12997e-10
0.0343614 0.208931 16.385 -9.02957e-11
0.0340755 0.208959 16.3314 1.13781e-12
0.0337287 0.208984 16.6412 -2.38745e-10
0.0332616 0.208999 16.6762 -3.31473e-11
0.0327671 0.208994 16.5863 -1.55733e-11
0.0323003 0.208969 16.5409 3.68978e-11
0.0318358 0.208924 16.3696 1.57893e-10
0.0313854 0.208861 15.6194 -4.19513e-11
0.0309359 0.208779 15.9881 -3.70068e-10
0.0304743 0.208675 15.5018 2.42398e-10
0.0301593 0.208592 14.9311 2.07863e-10
0.0298595 0.208503 14.6364 1.80806e-11
0.0295766 0.208411 14.3819 2.98226e-10
0.0293291 0.208323 14.0885 3.2748e-10
0.0290981 0.208235 13.4468 1.59704e-11
0.0288822 0.208148 13.1738 2.33158e-10
0.0286096 0.208029 13.0433 1.61879e-10
0.0282476 0.207858 12.3331 1.19092e-10
0.027921 0.20769 11.8193 2.00434e-10
0.0276008 0.207511 11.0868 1.62677e-10
0.0273628 0.207368 10.3738 1.9966e-10
0.0271508 0.207234 9.90626 -2.90348e-11
0.0269121 0.207075 9.32689 2.85424e-10
0.0265878 0.206845 8.57849 1.35425e-10
0.0261247 0.206483 7.30408 2.73983e-10
0.0255295 0.205954 5.29572 3.73503e-10
0.0249118 0.205314 3.13318 1.10197e-10
0.0243629 0.204646 0.842378 -4.15501e-10
0.0239089 0.204001 -1.28477 -2.42282e-10
0.02351 0.203338 -3.28013 -3.55867e-10
0.0232347 0.202809 -4.74116 -5.42243e-10
0.0230454 0.202398 -6.1583 -5.23889e-10
0.0229048 0.20206 -6.80503 -4.10253e-10
0.0227907 0.20176 -7.47372 -8.26658e-10
0.0226898 0.201471 -9.19953 -1.84683e-10
0.0226003 0.201189 -10.4191 -8.90917e-10
0.0225093 0.200871 -7.96422 8.57699e-11
0.0224137 0.200491 -10.6646 -1.4912e-09
0.0223237 0.200066 -12.0464 -5.68156e-10
0.0222245 0.199454 -12.8323 -1.84049e-09
0.0221509 0.19871 -12.4831 -1.69691e-09
0.0221281 0.197945 -14.1356 -8.31166e-10
0.0221561 0.197214 -13.7314 -1.27146e-09
0.0222153 0.196617 -13.4592 -1.21623e-09
0.0222939 0.196096 -13.5518 -9.03946e-10
0.0224154 0.195502 -13.6122 -7.55432e-10
0.0225566 0.194959 -13.6757 -6.14809e-10
0.0226726 0.194582 -13.6252 -6.11524e-10
0.0227951 0.194228 -13.6523 -5.39708e-10
0.022908 0.193932 -13.6091 -5.53841e-10
0.0230471 0.193598 -13.6204 -5.02228e-10
0.0232348 0.193191 -13.625 -4.56459e-10
0.023503 0.192675 -13.6475 -3.95375e-10
0.0238799 0.192044 -13.6725 -3.64725e-10
0.024293 0.191447 -13.7069 -3.28988e-10
0.0246269 0.191019 -13.7268 -3.24594e-10
0.024933 0.190662 -13.7323 -3.25907e-10
0.0252482 0.190325 -13.7535 -3.07353e-10
0.0256531 0.18993 -13.7623 -2.57543e-10
0.026123 0.189519 -13.7637 -2.67986e-10
0.0265047 0.189217 -13.794 -2.05459e-10
0.026785 0.189013 -13.7654 -2.54153e-10
0.0270696 0.188819 -13.8154 -2.57478e-10
0.0273028 0.188669 -13.8553 -1.98747e-10
0.0275411 0.188524 -13.8071 -2.35207e-10
0.0277748 0.18839 -13.8228 -2.29758e-10
0.027979 0.18828 -13.8571 -2.15211e-10
0.0282475 0.188142 -13.8253 -2.39728e-10
0.0284891 0.188026 -13.9097 -1.80673e-10
0.0287644 0.187903 -13.8514 -1.44279e-10
0.0290099 0.1878 -13.8708 -1.47463e-10
0.0292345 0.187712 -13.748 -1.46284e-10
0.0295183 0.187609 -13.6841 -1.91702e-10
0.0297649 0.187527 -13.7715 -6.79888e-11
0.0300866 0.187429 -13.6231 -2.02685e-10
0.0303666 0.187352 -13.5404 -9.3934e-11
0.0306474 0.187283 -13.491 -1.06123e-10
0.0308763 0.187233 -13.4902 -7.20132e-11
0.0311194 0.187185 -13.3958 -8.54669e-11
0.0313472 0.187145 -13.2205 -1.50991e-10
0.0315728 0.18711 -13.2512 -1.68302e-11
0.031811 0.187079 -13.4405 -8.74402e-11
0.0320812 0.18705 -13.2788 -1.67709e-11
0.0323627 0.187027 -13.2342 -4.60984e-11
0.0327231 0.187007 -13.2133 -6.07432e-12
0.033124 0.187 -13.2156 3.00935e-11
0.0335716 0.187009 -13.2382 9.63152e-14
0.0340885 0.187042 -13.2956 2.84829e-11
0.0347295 0.187117 -13.4013 1.24724e-10
0.0353228 0.187221 -13.608 3.7066e-11
0.035791 0.187327 -13.6663 2.81098e-10
0.0361089 0.187412 -13.4015 3.26211e-10
0.0364121 0.187502 -13.7349 1.71322e-10
0.036729 0.187606 -13.8428 2.01016e-10
0.0369714 0.187693 -13.8673 1.17141e-10
0.0372327 0.187795 -13.8886 1.3662e-10
0.0375834 0.187943 -13.8787 1.67507e-10
0.0379014 0.18809 -14.0259 1.50118e-10
0.038232 0.188256 -13.8326 1.97013e-10
0.0385188 0.188412 -13.8149 2.50417e-10
0.0387224 0.188529 -13.8759 2.19823e-10
0.0389277 0.188653 -13.8466 2.3925e-10
0.0391484 0.188794 -13.8138 2.37403e-10
0.0393837 0.188952 -13.8339 2.13989e-10
0.039616 0.189117 -13.8219 2.33169e-10
0.0398329 0.18928 -13.8111 2.38605e-10
0.0400425 0.189445 -13.8027 2.577e-10
0.0402467 0.189614 -13.7884 2.58924e-10
0.0404785 0.189816 -13.7968 2.67551e-10
0.0407647 0.190083 -13.7876 3.0432e-10
0.0411056 0.190427 -13.7535 3.06549e-10
0.0413865 0.190734 -13.7967 2.6279e-10
0.0416434 0.191037 -13.7866 3.20665e-10
0.0418992 0.191362 -13.7669 3.19427e-10
0.042087 0.191617 -13.761 3.45667e-10
0.0422353 0.191831 -13.727 3.78568e-10
0.0423605 0.19202 -13.6881 3.7595e-10
0.0424827 0.192213 -13.7854 3.41576e-10
0.0426027 0.192412 -13.7501 3.81958e-10
0.0427169 0.19261 -13.7469 4.00541e-10
0.0428266 0.19281 -13.7552 4.12877e-10
0.0429411 0.19303 -13.7843 4.33134e-10
0.043067 0.193287 -13.7683 4.61266e-10
0.0432258 0.193637 -13.7518 5.15917e-10
0.043373 0.193995 -13.7809 5.50052e-10
0.0434857 0.194296 -13.7541 6.03312e-10
0.0435802 0.194572 -13.7299 6.64747e-10
0.0436721 0.194866 -13.8409 6.4315e-10
0.043754 0.195156 -13.7461 7.0492e-10
0.0438266 0.195443 -13.799 7.54985e-10
0.0439086 0.195814 -13.821 8.44811e-10
0.0440052 0.196361 -13.7049 1.10054e-09
0.0440961 0.197163 -13.8436 1.53468e-09
