x y fp fmu
0.0455258 0.198 -8.05549 -4.75716e-10
0.0454944 0.198831 -7.7265 2.18151e-10
0.0453909 0.199717 -7.38869 5.29393e-10
0.045236 0.200508 -6.709 6.60958e-10
0.0450888 0.20107 -6.11015 8.36547e-10
0.0449669 0.201462 -5.67498 6.6617e-10
0.0448551 0.201782 -5.07769 9.57931e-10
0.0447298 0.202108 -4.01063 8.88888e-10
0.0445867 0.202447 -4.58102 5.54625e-10
0.0444284 0.202789 -3.02959 2.54445e-10
0.0442501 0.203142 -2.4334 4.71394e-10
0.0440154 0.203563 -1.23331 4.80423e-10
0.0436542 0.204138 0.347468 4.08173e-10
0.0432475 0.204703 2.01402 3.11467e-10
0.042881 0.205155 3.39721 9.74362e-11
0.0424532 0.205626 5.04393 9.45091e-11
0.042105 0.205972 6.2572 1.51471e-10
0.041813 0.20624 7.03065 -2.8246e-12
0.0415949 0.206428 7.8096 3.65933e-10
0.0413933 0.206593 8.62321 -1.69466e-10
0.0411903 0.206751 9.03119 -4.26302e-11
0.0409773 0.206909 9.83265 -2.92844e-11
0.040751 0.207069 10.3605 -7.19102e-11
0.0405239 0.207221 10.9303 2.4917e-10
0.0403048 0.20736 11.4025 -2.57594e-11
0.0401008 0.207483 12.1517 -9.60034e-11
0.0398385 0.207632 12.9967 3.79061e-11
0.0396006 0.207759 13.1997 3.54723e-10
0.0392741 0.207922 14.8451 8.7236e-10
0.038922 0.208083 14.915 -1.83665e-09
0.0385875 0.208223 14.833 -3.35429e-10
0.038324 0.208323 15.9109 -6.56085e-11
0.0380392 0.208424 16.475 -1.79467e-10
0.0377547 0.208515 16.9892 2.01702e-10
0.0374406 0.208607 17.4349 2.00472e-11
0.0371602 0.20868 18.4056 -3.53491e-11
0.0369123 0.208738 17.9328 -9.67263e-11
0.0366725 0.208788 17.9648 2.30751e-10
0.0364425 0.208832 18.8148 -7.74918e-11
0.0362245 0.208868 19.1453 1.59e-10
0.0360024 0.2089 19.5065 7.09458e-11
0.0357593 0.208931 19.3779 1.41016e-12
0.0354733 0.208959 19.542 2.93307e-10
0.0351265 0.208984 20.0877 -3.52284e-11
0.0346595 0.208999 20.2952 1.55156e-10
0.0341649 0.208994 20.4414 1.82279e-10
0.0336982 0.208969 20.6335 2.03628e-10
0.0332336 0.208924 20.5883 3.8075e-10
0.0327832 0.208861 20.1274 3.2173e-10
0.0323337 0.208779 20.7033 -6.73782e-11
0.0318721 0.208675 20.23 5.30862e-10
0.0315571 0.208592 19.8034 4.83275e-10
0.0312573 0.208503 19.6455 3.7375e-10
0.0309745 0.208411 19.4963 5.6883e-10
0.0307269 0.208323 19.2259 7.18819e-10
0.0304959 0.208235 18.5629 3.96784e-10
0.03028 0.208148 18.4578 5.06073e-10
0.0300074 0.208029 18.4054 5.06056e-10
0.0296455 0.207858 17.7503 4.66132e-10
0.0293188 0.20769 17.329 5.79452e-10
0.0289986 0.207511 16.5995 5.9034e-10
0.0287607 0.207368 15.8588 6.15225e-10
0.0285487 0.207234 15.418 4.18478e-10
0.0283099 0.207075 14.8353 7.29209e-10
0.0279856 0.206845 14.1226 5.68856e-10
0.0275226 0.206483 12.8443 7.46677e-10
0.0269273 0.205954 10.7575 8.48792e-10
0.0263096 0.205314 8.43411 5.90797e-10
0.0257608 0.204646 5.80936 -1.15247e-11
0.0253067 0.204001 3.31013 2.01401e-10
0.0249078 0.203338 0.995967 6.04069e-11
0.0246325 0.202809 -0.741843 -1.34636e-10
0.0244432 0.202398 -2.59723 -1.09022e-10
0.0243026 0.20206 -3.42289 1.10336e-10
0.0241885 0.20176 -4.42281 -4.21497e-10
0.0240876 0.201471 -7.0528 4.1587e-10
0.0239981 0.201189 -8.57193 -5.73001e-10
0.0239071 0.200871 -4.40238 1.16439e-09
0.0238115 0.200491 -9.02024 -1.41003e-09
0.0237216 0.200066 -11.4638 3.5284e-10
0.0236223 0.199454 -12.9866 -1.6953e-09
0.0235488 0.19871 -12.2907 -1.87807e-09
0.0235259 0.197945 -18.2972 6.62857e-11
0.0235539 0.197214 -15.4973 -4.09498e-09
0.0236131 0.196617 -16.9895 -5.54335e-09
0.0236918 0.196096 -18.59 -4.39929e-09
0.0238132 0.195502 -18.3302 -3.32878e-09
0.0239544 0.194959 -17.74 -2.98943e-09
0.0240705 0.194582 -17.5936 -2.39712e-09
0.0241929 0.194228 -17.1257 -2.00942e-09
0.0243058 0.193932 -16.7808 -1.96306e-09
0.0244449 0.193598 -16.5195 -1.70804e-09
0.0246326 0.193191 -16.407 -1.51436e-09
0.0249008 0.192675 -16.2863 -1.27088e-09
0.0252777 0.192044 -16.0295 -1.10404e-09
0.0256909 0.191447 -15.7422 -9.08525e-10
0.0260247 0.191019 -15.5411 -7.84143e-10
0.0263309 0.190662 -15.3235 -7.25069e-10
0.026646 0.190325 -15.1818 -6.51605e-10
0.0270509 0.18993 -15.027 -5.68596e-10
0.0275208 0.189519 -14.7652 -5.33442e-10
0.0279025 0.189217 -14.695 -4.32853e-10
0.0281828 0.189013 -14.5156 -4.92251e-10
0.0284674 0.188819 -14.4887 -4.11983e-10
0.0287006 0.188669 -14.5035 -3.30136e-10
0.0289389 0.188524 -14.3453 -3.51186e-10
0.0291726 0.18839 -14.329 -3.43542e-10
0.0293768 0.18828 -14.3367 -2.97163e-10
0.0296453 0.188142 -14.2996 -2.97769e-10
0.0298869 0.188026 -14.3368 -2.35291e-10
0.0301622 0.187903 -14.2931 -2.07017e-10
0.0304077 0.1878 -14.2795 -1.94001e-10
0.0306323 0.187712 -14.1947 -2.09559e-10
0.0309161 0.187609 -14.2527 -2.35202e-10
0.0311628 0.187527 -14.3148 -9.98801e-11
0.0314845 0.187429 -14.2205 -2.22449e-10
0.0317644 0.187352 -14.2374 -1.59688e-10
0.0320452 0.187283 -14.2601 -1.77254e-10
0.0322741 0.187233 -14.2829 -1.17442e-10
0.0325172 0.187185 -14.1167 -1.91241e-10
0.032745 0.187145 -13.8486 -3.88617e-10
0.0329706 0.18711 -14.0562 1.37233e-10
0.0332088 0.187079 -14.6005 -1.62613e-10
0.033479 0.18705 -14.0201 -3.73111e-11
0.0337605 0.187027 -13.8134 -2.28618e-10
0.0341209 0.187007 -13.685 -2.07648e-10
0.0345218 0.187 -13.531 -3.49981e-11
0.0349695 0.187009 -13.247 2.46271e-11
0.0354863 0.187042 -12.9357 -1.18747e-10
0.0361273 0.187117 -12.5138 -1.9593e-10
0.0367207 0.187221 -12.007 1.63003e-11
0.0371888 0.187327 -11.8292 -1.579e-10
0.0375067 0.187412 -11.8803 -2.57924e-10
0.0378099 0.187502 -11.3843 -6.80491e-11
0.0381268 0.187606 -11.1535 -9.76158e-11
0.0383692 0.187693 -10.9981 2.79549e-11
0.0386305 0.187795 -10.8726 4.94464e-12
0.0389812 0.187943 -10.6615 3.26336e-11
0.0392993 0.18809 -10.4013 -8.62961e-12
0.0396298 0.188256 -10.4158 1.05059e-10
0.0399166 0.188412 -10.1749 1.34295e-11
0.0401202 0.188529 -10.066 4.83017e-11
0.0403256 0.188653 -10.0023 6.8421e-11
0.0405462 0.188794 -9.88274 1.91671e-11
0.0407815 0.188952 -9.77507 7.02495e-11
0.0410138 0.189117 -9.69558 9.16195e-11
0.0412307 0.18928 -9.60211 8.28118e-11
0.0414403 0.189445 -9.51961 1.08997e-10
0.0416445 0.189614 -9.44073 7.10613e-11
0.0418763 0.189816 -9.352 1.04713e-10
0.0421626 0.190083 -9.24663 1.27398e-10
0.0425034 0.190427 -9.11734 1.05561e-10
0.0427844 0.190734 -9.02702 1.04262e-10
0.0430412 0.191037 -8.93239 1.50945e-10
0.043297 0.191362 -8.83234 1.49201e-10
0.0434848 0.191617 -8.76745 1.6504e-10
0.0436332 0.191831 -8.70397 1.85375e-10
0.0437583 0.19202 -8.64239 1.73432e-10
0.0438805 0.192213 -8.62764 1.47513e-10
0.0440006 0.192412 -8.59096 1.95567e-10
0.0441147 0.19261 -8.53115 1.7266e-10
0.0442244 0.19281 -8.49351 1.95659e-10
0.044339 0.19303 -8.45033 1.88249e-10
0.0444649 0.193287 -8.39814 2.08462e-10
0.0446236 0.193637 -8.31872 2.23756e-10
0.0447708 0.193995 -8.25865 2.28386e-10
0.0448835 0.194296 -8.19931 2.49039e-10
0.044978 0.194572 -8.12956 2.60255e-10
0.0450699 0.194866 -8.11711 2.36083e-10
0.0451518 0.195156 -8.04527 2.79089e-10
0.0452244 0.195443 -7.99866 2.68561e-10
0.0453064 0.195814 -7.95242 2.71451e-10
0.045403 0.196361 -7.82778 3.35803e-10
0.0454939 0.197163 -7.82145 3.24662e-10
