x y fp fmu
0.0442778 0.198 -9.9225 2.31949e-10
0.0442463 0.198831 -9.52762 1.83396e-10
0.0441429 0.199717 -9.04532 4.55132e-10
0.0439879 0.200508 -8.26484 5.8448e-10
0.0438407 0.20107 -7.64364 7.86764e-10
0.0437188 0.201462 -7.24042 6.6321e-10
0.0436071 0.201782 -6.65537 9.85168e-10
0.0434818 0.202108 -5.63073 8.80964e-10
0.0433387 0.202447 -6.28233 5.79913e-10
0.0431804 0.202789 -4.71971 2.56906e-10
0.0430021 0.203142 -4.11149 5.1299e-10
0.0427674 0.203563 -2.89045 4.91992e-10
0.0424061 0.204138 -1.27102 4.55339e-10
0.0419994 0.204703 0.45332 3.85623e-10
0.041633 0.205155 1.87975 1.58872e-10
0.0412051 0.205626 3.58482 1.51402e-10
0.0408569 0.205972 4.84933 2.01707e-10
0.040565 0.20624 5.64281 3.40877e-11
0.0403469 0.206428 6.48869 4.04158e-10
0.0401453 0.206593 7.34153 -1.32011e-10
0.0399422 0.206751 7.77757 1.11218e-12
0.0397293 0.206909 8.64223 4.75529e-12
0.039503 0.207069 9.19187 -4.88327e-11
0.0392759 0.207221 9.80057 2.63312e-10
0.0390567 0.20736 10.3177 -3.69365e-13
0.0388527 0.207483 11.1429 -4.7262e-11
0.0385905 0.207632 12.0325 7.7579e-11
0.0383525 0.207759 12.2796 4.22826e-10
0.0380261 0.207922 14.1325 9.62785e-10
0.037674 0.208083 14.0801 -1.98584e-09
0.0373395 0.208223 14.0989 -3.77568e-10
0.037076 0.208323 15.2402 -5.57689e-11
0.0367911 0.208424 15.8688 -1.67541e-10
0.0365067 0.208515 16.4231 2.19831e-10
0.0361926 0.208607 16.9392 5.35904e-11
0.0359122 0.20868 17.9965 -2.06786e-11
0.0356643 0.208738 17.4599 -1.10694e-10
0.0354245 0.208788 17.581 2.38523e-10
0.0351945 0.208832 18.5201 -5.70854e-11
0.0349765 0.208868 18.8784 1.79766e-10
0.0347544 0.2089 19.2809 9.28675e-11
0.0345112 0.208931 19.1615 -1.09806e-12
0.0342253 0.208959 19.4134 3.22047e-10
0.0338784 0.208984 20.0319 -1.03611e-11
0.0334114 0.208999 20.3223 1.72635e-10
0.0329169 0.208994 20.5733 1.9388e-10
0.0324501 0.208969 20.8677 2.07032e-10
0.0319856 0.208924 20.8885 3.92535e-10
0.0315352 0.208861 20.5899 3.77068e-10
0.0310857 0.208779 21.2106 -1.14878e-11
0.0306241 0.208675 20.7725 5.62573e-10
0.0303091 0.208592 20.4349 5.01603e-10
0.0300093 0.208503 20.3377 4.08998e-10
0.0297264 0.208411 20.2277 5.84622e-10
0.0294789 0.208323 19.982 7.51368e-10
0.0292479 0.208235 19.3514 4.37866e-10
0.029032 0.208148 19.339 5.09996e-10
0.0287594 0.208029 19.2976 5.23469e-10
0.0283974 0.207858 18.7133 4.87794e-10
0.0280708 0.20769 18.3249 6.09176e-10
0.0277506 0.207511 17.6263 6.28645e-10
0.0275126 0.207368 16.9391 6.42138e-10
0.0273006 0.207234 16.5427 4.50774e-10
0.0270619 0.207075 16.0168 7.4153e-10
0.0267376 0.206845 15.3688 5.81671e-10
0.0262745 0.206483 14.1578 7.69175e-10
0.0256793 0.205954 12.167 8.94686e-10
0.0250616 0.205314 9.93013 6.55818e-10
0.0245127 0.204646 7.37461 6.79504e-11
0.0240587 0.204001 5.02203 2.42529e-10
0.0236598 0.203338 2.8556 7.34411e-11
0.0233844 0.202809 1.16397 -1.12582e-10
0.0231952 0.202398 -0.629663 -1.30806e-10
0.0230546 0.20206 -1.45554 6.91238e-11
0.0229405 0.20176 -2.48296 -4.73444e-10
0.0228396 0.201471 -4.95109 3.41907e-10
0.02275 0.201189 -6.2902 -7.58221e-10
0.0226591 0.200871 -2.75327 9.38961e-10
0.0225635 0.200491 -7.13241 -1.25993e-09
0.0224735 0.200066 -9.3753 1.70599e-10
0.0223743 0.199454 -10.857 -1.8179e-09
0.0223007 0.19871 -10.3464 -2.30297e-09
0.0222779 0.197945 -15.8134 -2.51278e-10
0.0223058 0.197214 -13.0975 -4.31204e-09
0.0223651 0.196617 -14.4092 -5.40065e-09
0.0224437 0.196096 -16.0794 -4.30102e-09
0.0225652 0.195502 -15.6046 -3.51895e-09
0.0227064 0.194959 -14.5827 -3.38987e-09
0.0228224 0.194582 -14.2213 -2.66508e-09
0.0229449 0.194228 -13.6009 -2.2323e-09
0.0230578 0.193932 -13.1235 -2.12799e-09
0.0231968 0.193598 -12.6289 -1.81375e-09
0.0233846 0.193191 -12.3582 -1.57395e-09
0.0236527 0.192675 -12.3007 -1.28913e-09
0.0240297 0.192044 -12.2697 -1.09416e-09
0.0244428 0.191447 -12.2274 -9.03551e-10
0.0247767 0.191019 -12.2135 -8.03839e-10
0.0250828 0.190662 -12.1632 -7.52201e-10
0.025398 0.190325 -12.1548 -6.66094e-10
0.0258029 0.18993 -12.171 -5.89316e-10
0.0262728 0.189519 -12.0461 -5.12706e-10
0.0266545 0.189217 -12.0866 -4.22107e-10
0.0269348 0.189013 -11.9863 -4.76583e-10
0.0272194 0.188819 -12.0195 -3.9195e-10
0.0274526 0.188669 -12.0976 -3.14973e-10
0.0276909 0.188524 -11.9926 -3.4259e-10
0.0279246 0.18839 -12.0161 -3.40678e-10
0.0281287 0.18828 -12.0759 -2.94883e-10
0.0283973 0.188142 -12.0804 -3.00303e-10
0.0286389 0.188026 -12.1747 -2.33223e-10
0.0289142 0.187903 -12.1707 -2.04482e-10
0.0291597 0.1878 -12.203 -1.92006e-10
0.0293843 0.187712 -12.1469 -2.07472e-10
0.0296681 0.187609 -12.2321 -2.32646e-10
0.0299147 0.187527 -12.3401 -1.00688e-10
0.0302364 0.187429 -12.2946 -2.18732e-10
0.0305164 0.187352 -12.3471 -1.52352e-10
0.0307972 0.187283 -12.4121 -1.65063e-10
0.0310261 0.187233 -12.4729 -1.05949e-10
0.0312692 0.187185 -12.383 -1.63453e-10
0.031497 0.187145 -12.1799 -3.4124e-10
0.0317226 0.18711 -12.3907 1.30551e-10
0.0319607 0.187079 -12.9749 -1.46521e-10
0.032231 0.18705 -12.5147 -2.44538e-11
0.0325125 0.187027 -12.3918 -1.89306e-10
0.0328729 0.187007 -12.3612 -1.66001e-10
0.0332738 0.187 -12.3305 -1.20336e-11
0.0337214 0.187009 -12.2041 4.18343e-11
0.0342382 0.187042 -12.0766 -8.30886e-11
0.0348793 0.187117 -11.886 -1.44476e-10
0.0354726 0.187221 -11.6065 4.64378e-11
0.0359408 0.187327 -11.5737 -1.23235e-10
0.0362587 0.187412 -11.7065 -1.93095e-10
0.0365619 0.187502 -11.3444 -4.17459e-11
0.0368788 0.187606 -11.2241 -4.99815e-11
0.0371211 0.187693 -11.1553 4.8439e-11
0.0373825 0.187795 -11.1203 3.81903e-11
0.0377332 0.187943 -11.0329 6.60075e-11
0.0380512 0.18809 -10.9161 3.23788e-11
0.0383818 0.188256 -10.9938 1.47804e-10
0.0386686 0.188412 -10.8751 6.70845e-11
0.0388722 0.188529 -10.8489 9.07787e-11
0.0390775 0.188653 -10.8438 1.10856e-10
0.0392982 0.188794 -10.8055 8.4836e-11
0.0395335 0.188952 -10.7909 1.09955e-10
0.0397658 0.189117 -10.7804 1.33349e-10
0.0399827 0.18928 -10.7594 1.28981e-10
0.0401923 0.189445 -10.7422 1.50763e-10
0.0403965 0.189614 -10.7238 1.3597e-10
0.0406283 0.189816 -10.7101 1.5424e-10
0.0409145 0.190083 -10.6851 1.78374e-10
0.0412554 0.190427 -10.6414 1.70359e-10
0.0415363 0.190734 -10.6338 1.51534e-10
0.0417932 0.191037 -10.5953 1.96773e-10
0.042049 0.191362 -10.5455 1.97958e-10
0.0422367 0.191617 -10.5156 2.12115e-10
0.0423851 0.191831 -10.4705 2.39776e-10
0.0425103 0.19202 -10.4136 2.24669e-10
0.0426325 0.192213 -10.4238 1.83719e-10
0.0427525 0.192412 -10.4114 2.39846e-10
0.0428667 0.19261 -10.3508 2.04259e-10
0.0429764 0.19281 -10.3267 2.31661e-10
0.0430909 0.19303 -10.2877 2.14403e-10
0.0432168 0.193287 -10.2497 2.34784e-10
0.0433756 0.193637 -10.1737 2.43663e-10
0.0435228 0.193995 -10.1183 2.41638e-10
0.0436354 0.194296 -10.0667 2.63458e-10
0.0437299 0.194572 -9.99096 2.72875e-10
0.0438219 0.194866 -9.98713 2.44513e-10
0.0439038 0.195156 -9.92445 2.93336e-10
0.0439764 0.195443 -9.87565 2.82892e-10
0.0440584 0.195814 -9.8438 2.85167e-10
0.044155 0.196361 -9.72325 3.56236e-10
0.0442459 0.197163 -9.73306 2.81882e-10
