x y fp fmu
0.042055 0.198 -18.7463 2.4489e-08
0.0420236 0.198831 -17.1919 7.52146e-10
0.0419202 0.199717 -16.3154 -2.55262e-10
0.0417652 0.200508 -12.6073 8.42222e-11
0.041618 0.20107 -10.6497 8.87151e-10
0.0414961 0.201462 -9.58423 4.52603e-10
0.0413843 0.201782 -8.28337 1.44883e-09
0.0412591 0.202108 -5.59597 8.11612e-10
0.041116 0.202447 -8.24735 3.67671e-10
0.0409577 0.202789 -4.77637 -7.55566e-10
0.0407794 0.203142 -4.07633 1.10504e-10
0.0405447 0.203563 -2.2021 -5.43668e-11
0.0401834 0.204138 -0.0056653 -5.47867e-11
0.0397767 0.204703 2.11791 -2.24331e-10
0.0394103 0.205155 3.74622 -4.83116e-10
0.0389824 0.205626 5.73008 -4.36444e-10
0.0386342 0.205972 7.09731 -3.14323e-10
0.0383423 0.20624 7.83981 -4.87008e-10
0.0381242 0.206428 8.71058 -2.70681e-11
0.0379226 0.206593 9.67967 -6.99577e-10
0.0377195 0.206751 10.0006 -4.76986e-10
0.0375066 0.206909 10.9166 -4.81624e-10
0.0372802 0.207069 11.4362 -4.73753e-10
0.0370531 0.207221 11.9571 -1.64374e-10
0.036834 0.20736 12.4198 -4.14187e-10
0.03663 0.207483 13.1955 -4.86058e-10
0.0363678 0.207632 14.0678 -3.37607e-10
0.0361298 0.207759 14.1904 1.35412e-10
0.0358034 0.207922 15.7783 4.81225e-10
0.0354513 0.208083 15.6549 -2.18454e-09
0.0351168 0.208223 15.595 -6.97153e-10
0.0348533 0.208323 16.5364 -3.30862e-10
0.0345684 0.208424 16.9934 -4.75267e-10
0.034284 0.208515 17.4198 -1.58799e-10
0.0339699 0.208607 17.7194 -2.74147e-10
0.0336895 0.20868 18.4826 -3.78359e-10
0.0334416 0.208738 18.2361 -1.96051e-10
0.0332018 0.208788 18.1026 -3.87016e-11
0.0329718 0.208832 18.6643 -3.70568e-10
0.0327538 0.208868 18.9242 -1.89453e-10
0.0325317 0.2089 19.189 -2.17893e-10
0.0322885 0.208931 19.1009 -1.75672e-10
0.0320026 0.208959 19.0548 -1.10772e-10
0.0316557 0.208984 19.4081 -3.63158e-10
0.0311887 0.208999 19.4883 -1.27414e-10
0.0306942 0.208994 19.4301 -1.06869e-10
0.0302274 0.208969 19.4207 -4.23994e-11
0.0297629 0.208924 19.269 8.58542e-11
0.0293125 0.208861 18.5069 -1.33986e-10
0.0288629 0.208779 18.9497 -4.97568e-10
0.0284014 0.208675 18.4803 1.81464e-10
0.0280864 0.208592 17.924 1.36003e-10
0.0277866 0.208503 17.6488 -6.74878e-11
0.0275037 0.208411 17.4077 2.38259e-10
0.0272562 0.208323 17.1261 2.58934e-10
0.0270251 0.208235 16.4937 -7.00539e-11
0.0268093 0.208148 16.2522 1.56227e-10
0.0265367 0.208029 16.1189 7.81975e-11
0.0261747 0.207858 15.4363 2.42953e-11
0.0258481 0.20769 14.9443 1.10829e-10
0.0255279 0.207511 14.2438 6.58136e-11
0.0252899 0.207368 13.5741 1.01706e-10
0.0250779 0.207234 13.1257 -1.28866e-10
0.0248392 0.207075 12.5739 1.86092e-10
0.0245149 0.206845 11.863 4.44173e-11
0.0240518 0.206483 10.6601 1.75913e-10
0.0234566 0.205954 8.80436 2.70244e-10
0.0228389 0.205314 6.78791 -3.06091e-13
0.02229 0.204646 4.67533 -4.63728e-10
0.0218359 0.204001 2.74216 -2.94903e-10
0.0214371 0.203338 0.914453 -3.86695e-10
0.0211617 0.202809 -0.430595 -5.21909e-10
0.0209725 0.202398 -1.63439 -4.96159e-10
0.0208319 0.20206 -2.24968 -3.84768e-10
0.0207178 0.20176 -2.83482 -7.29346e-10
0.0206169 0.201471 -4.16157 -2.10219e-10
0.0205273 0.201189 -5.04247 -8.51164e-10
0.0204364 0.200871 -3.60049 -2.17468e-10
0.0203408 0.200491 -5.45952 -1.04292e-09
0.0202508 0.200066 -6.41318 -5.25039e-10
0.0201516 0.199454 -7.04214 -1.45604e-09
0.020078 0.19871 -6.88541 -1.46824e-09
0.0200552 0.197945 -7.66692 -7.61018e-10
0.0200831 0.197214 -6.89184 -9.03183e-10
0.0201424 0.196617 -5.91823 -5.14465e-10
0.020221 0.196096 -5.38606 -1.89328e-10
0.0203425 0.195502 -5.22867 -3.15671e-10
0.0204836 0.194959 -5.24784 -2.39576e-10
0.0205997 0.194582 -5.26095 -2.53578e-10
0.0207222 0.194228 -5.3311 -2.47428e-10
0.0208351 0.193932 -5.36871 -2.67165e-10
0.0209741 0.193598 -5.43709 -2.61748e-10
0.0211619 0.193191 -5.52258 -2.43517e-10
0.02143 0.192675 -5.65532 -2.08658e-10
0.021807 0.192044 -5.84471 -1.84102e-10
0.0222201 0.191447 -6.07136 -1.35729e-10
0.022554 0.191019 -6.26778 -1.18865e-10
0.0228601 0.190662 -6.45241 -1.12123e-10
0.0231752 0.190325 -6.65249 -1.10828e-10
0.0235802 0.18993 -6.91637 -7.83986e-11
0.0240501 0.189519 -7.22811 -8.75536e-11
0.0244318 0.189217 -7.47251 -5.52073e-11
0.0247121 0.189013 -7.65392 -4.55783e-11
0.0249967 0.188819 -7.85009 -7.32517e-11
0.0252299 0.188669 -7.98042 -5.58561e-11
0.0254682 0.188524 -8.1395 -5.84847e-11
0.0257019 0.18839 -8.31502 -4.86513e-11
0.025906 0.18828 -8.44033 -2.87917e-11
0.0261746 0.188142 -8.64764 -1.04854e-11
0.0264162 0.188026 -8.79825 6.35328e-12
0.0266914 0.187903 -9.02286 6.85394e-12
0.026937 0.1878 -9.19273 2.8169e-11
0.0271616 0.187712 -9.40166 1.92361e-11
0.0274454 0.187609 -9.6817 5.70115e-11
0.027692 0.187527 -9.83004 4.43745e-11
0.0280137 0.187429 -10.1698 1.43226e-10
0.0282937 0.187352 -10.4607 7.07783e-11
0.0285745 0.187283 -10.7554 1.29258e-10
0.0288034 0.187233 -10.9469 9.81559e-11
0.0290465 0.187185 -11.2345 1.37881e-10
0.0292743 0.187145 -11.739 2.39031e-10
0.0294999 0.18711 -12.037 -3.94262e-11
0.029738 0.187079 -11.6572 3.65068e-10
0.0300083 0.18705 -12.2957 1.30721e-10
0.0302898 0.187027 -12.8059 3.10475e-10
0.0306502 0.187007 -13.2713 2.55272e-10
0.0310511 0.187 -13.7458 1.75565e-10
0.0314987 0.187009 -14.3525 5.64936e-11
0.0320155 0.187042 -14.9914 2.91474e-10
0.0326566 0.187117 -15.6478 3.89236e-10
0.0332499 0.187221 -16.3668 8.55864e-11
0.0337181 0.187327 -16.7374 5.80045e-10
0.034036 0.187412 -16.2316 4.95036e-10
0.0343392 0.187502 -16.7414 2.73104e-10
0.0346561 0.187606 -16.9189 2.59092e-10
0.0348984 0.187693 -16.9346 1.91893e-10
0.0351598 0.187795 -16.9788 1.76999e-10
0.0355105 0.187943 -16.9418 2.13785e-10
0.0358285 0.18809 -17.0236 1.44559e-10
0.0361591 0.188256 -17.0768 2.82308e-10
0.0364459 0.188412 -16.9408 2.64314e-10
0.0366495 0.188529 -17.0194 2.75816e-10
0.0368548 0.188653 -17.0492 3.1468e-10
0.0370755 0.188794 -17.0235 2.9131e-10
0.0373108 0.188952 -17.1071 2.98746e-10
0.0375431 0.189117 -17.1718 3.35733e-10
0.03776 0.18928 -17.2144 3.39956e-10
0.0379696 0.189445 -17.2701 3.80514e-10
0.0381738 0.189614 -17.3108 3.7678e-10
0.0384056 0.189816 -17.4098 4.01721e-10
0.0386918 0.190083 -17.5095 4.68854e-10
0.0390327 0.190427 -17.6001 4.85189e-10
0.0393136 0.190734 -17.8324 4.40846e-10
0.0395705 0.191037 -17.9924 5.49311e-10
0.0398263 0.191362 -18.1388 5.71275e-10
0.040014 0.191617 -18.2703 6.3671e-10
0.0401624 0.191831 -18.3049 7.25093e-10
0.0402876 0.19202 -18.3161 7.26413e-10
0.0404098 0.192213 -18.587 6.56614e-10
0.0405298 0.192412 -18.6527 7.43921e-10
0.040644 0.19261 -18.6947 7.48908e-10
0.0407537 0.19281 -18.7989 7.93667e-10
0.0408682 0.19303 -18.9175 8.11564e-10
0.0409941 0.193287 -19.0008 8.73016e-10
0.0411529 0.193637 -19.0515 9.71303e-10
0.0413 0.193995 -19.1768 1.03492e-09
0.0414127 0.194296 -19.2018 1.14535e-09
0.0415072 0.194572 -19.1484 1.25103e-09
0.0415992 0.194866 -19.3987 1.20794e-09
0.0416811 0.195156 -19.3133 1.38111e-09
0.0417537 0.195443 -19.1804 1.53355e-09
0.0418357 0.195814 -19.4314 1.44056e-09
0.0419323 0.196361 -18.7686 1.91533e-09
0.0420232 0.197163 -19.0724 -1.24798e-09
