x y fp fmu
0.0441478 0.198 -13.9869 2.14761e-09
0.0441164 0.198831 -13.1844 1.59671e-09
0.0440129 0.199717 -12.794 8.02495e-10
0.043858 0.200508 -10.5863 6.33689e-10
0.0437108 0.20107 -9.19516 1.093e-09
0.0435889 0.201462 -8.3253 7.70476e-10
0.0434771 0.201782 -7.41092 1.36836e-09
0.0433518 0.202108 -5.42685 1.0669e-09
0.0432087 0.202447 -7.03845 4.92184e-10
0.0430504 0.202789 -4.51137 -2.34242e-10
0.0428721 0.203142 -3.8201 3.33704e-10
0.0426374 0.203563 -2.29218 2.40933e-10
0.0422762 0.204138 -0.415639 1.88698e-10
0.0418695 0.204703 1.42743 3.68126e-11
0.041503 0.205155 2.87871 -1.84958e-10
0.0410752 0.205626 4.59725 -1.75651e-10
0.040727 0.205972 5.78614 -1.11249e-10
0.040435 0.20624 6.48041 -2.65019e-10
0.0402169 0.206428 7.22044 1.40269e-10
0.0400153 0.206593 8.05128 -4.4506e-10
0.0398123 0.206751 8.378 -2.79775e-10
0.0395993 0.206909 9.14795 -2.71763e-10
0.039373 0.207069 9.61259 -2.80153e-10
0.0391459 0.207221 10.092 2.07913e-11
0.0389268 0.20736 10.4992 -2.21615e-10
0.0387228 0.207483 11.1825 -3.13297e-10
0.0384605 0.207632 11.9333 -1.7622e-10
0.0382226 0.207759 12.0817 1.75364e-10
0.0378961 0.207922 13.4064 5.45097e-10
0.037544 0.208083 13.4313 -1.76179e-09
0.0372095 0.208223 13.3013 -4.75709e-10
0.036946 0.208323 14.152 -2.06323e-10
0.0366612 0.208424 14.5604 -3.26681e-10
0.0363767 0.208515 14.9405 -2.76724e-11
0.0360626 0.208607 15.2101 -1.63087e-10
0.0357822 0.20868 15.8907 -2.37754e-10
0.0355343 0.208738 15.6265 -1.22303e-10
0.0352945 0.208788 15.5009 5.20381e-11
0.0350645 0.208832 16.0208 -2.45536e-10
0.0348465 0.208868 16.2465 -7.32545e-11
0.0346244 0.2089 16.4792 -1.12554e-10
0.0343813 0.208931 16.3765 -8.99994e-11
0.0340953 0.208959 16.3225 1.29929e-12
0.0337485 0.208984 16.6325 -2.38904e-10
0.0332815 0.208999 16.6672 -3.33863e-11
0.0327869 0.208994 16.5762 -1.60382e-11
0.0323202 0.208969 16.5296 3.66274e-11
0.0318556 0.208924 16.3572 1.57563e-10
0.0314052 0.208861 15.603 -4.35196e-11
0.0309557 0.208779 15.9714 -3.72408e-10
0.0304941 0.208675 15.4837 2.41859e-10
0.0301791 0.208592 14.9102 2.07577e-10
0.0298793 0.208503 14.6139 1.70379e-11
0.0295965 0.208411 14.3582 2.983e-10
0.0293489 0.208323 14.0638 3.27412e-10
0.0291179 0.208235 13.4199 1.48371e-11
0.028902 0.208148 13.1447 2.33088e-10
0.0286294 0.208029 13.0134 1.61179e-10
0.0282675 0.207858 12.2999 1.17864e-10
0.0279408 0.20769 11.7836 1.99267e-10
0.0276206 0.207511 11.0483 1.61254e-10
0.0273827 0.207368 10.3319 1.98565e-10
0.0271707 0.207234 9.86219 -3.13166e-11
0.0269319 0.207075 9.28005 2.84453e-10
0.0266076 0.206845 8.52846 1.33542e-10
0.0261446 0.206483 7.24948 2.72558e-10
0.0255493 0.205954 5.23422 3.72593e-10
0.0249316 0.205314 3.06578 1.07733e-10
0.0243827 0.204646 0.768837 -4.21124e-10
0.0239287 0.204001 -1.36405 -2.47407e-10
0.0235298 0.203338 -3.36288 -3.62044e-10
0.0232545 0.202809 -4.82367 -5.50083e-10
0.0230652 0.202398 -6.24151 -5.30956e-10
0.0229246 0.20206 -6.88562 -4.17491e-10
0.0228105 0.20176 -7.5519 -8.36622e-10
0.0227096 0.201471 -9.28261 -1.91896e-10
0.0226201 0.201189 -10.5087 -8.99834e-10
0.0225291 0.200871 -8.02785 8.20591e-11
0.0224335 0.200491 -10.7325 -1.50929e-09
0.0223436 0.200066 -12.1207 -5.78697e-10
0.0222443 0.199454 -12.8957 -1.85341e-09
0.0221707 0.19871 -12.5259 -1.70999e-09
0.0221479 0.197945 -14.154 -8.32481e-10
0.0221759 0.197214 -13.7461 -1.26412e-09
0.0222351 0.196617 -13.4609 -1.20533e-09
0.0223138 0.196096 -13.544 -8.98713e-10
0.0224352 0.195502 -13.601 -7.5157e-10
0.0225764 0.194959 -13.6642 -6.09176e-10
0.0226925 0.194582 -13.6149 -6.05916e-10
0.0228149 0.194228 -13.6443 -5.35791e-10
0.0229278 0.193932 -13.6047 -5.50011e-10
0.0230669 0.193598 -13.6204 -5.00931e-10
0.0232546 0.193191 -13.6309 -4.57468e-10
0.0235228 0.192675 -13.6608 -3.98007e-10
0.0238997 0.192044 -13.6929 -3.67548e-10
0.0243129 0.191447 -13.731 -3.31941e-10
0.0246467 0.191019 -13.752 -3.27137e-10
0.0249529 0.190662 -13.7571 -3.28304e-10
0.025268 0.190325 -13.7778 -3.08653e-10
0.0256729 0.18993 -13.7868 -2.59561e-10
0.0261428 0.189519 -13.7844 -2.69415e-10
0.0265245 0.189217 -13.8129 -2.07663e-10
0.0268048 0.189013 -13.78 -2.57311e-10
0.0270894 0.188819 -13.8251 -2.58253e-10
0.0273226 0.188669 -13.8634 -1.99752e-10
0.0275609 0.188524 -13.8106 -2.35599e-10
0.0277946 0.18839 -13.8215 -2.30684e-10
0.0279988 0.18828 -13.8536 -2.16075e-10
0.0282673 0.188142 -13.8175 -2.40673e-10
0.0285089 0.188026 -13.9 -1.81587e-10
0.0287842 0.187903 -13.8389 -1.44406e-10
0.0290297 0.1878 -13.8571 -1.47822e-10
0.0292543 0.187712 -13.7317 -1.46092e-10
0.0295381 0.187609 -13.6647 -1.91874e-10
0.0297848 0.187527 -13.7524 -6.73476e-11
0.0301065 0.187429 -13.6021 -2.02698e-10
0.0303864 0.187352 -13.5178 -9.26536e-11
0.0306672 0.187283 -13.4676 -1.04735e-10
0.0308961 0.187233 -13.4666 -7.10225e-11
0.0311392 0.187185 -13.3725 -8.42549e-11
0.031367 0.187145 -13.1976 -1.48845e-10
0.0315926 0.18711 -13.2275 -1.63404e-11
0.0318308 0.187079 -13.415 -8.6226e-11
0.032101 0.18705 -13.2554 -1.62697e-11
0.0323825 0.187027 -13.2112 -4.52785e-11
0.0327429 0.187007 -13.1902 -5.82444e-12
0.0331438 0.187 -13.1919 2.95311e-11
0.0335915 0.187009 -13.2132 1.97017e-14
0.0341083 0.187042 -13.268 2.76567e-11
0.0347493 0.187117 -13.37 1.21692e-10
0.0353426 0.187221 -13.5698 3.60522e-11
0.0358108 0.187327 -13.625 2.75505e-10
0.0361287 0.187412 -13.3674 3.18979e-10
0.0364319 0.187502 -13.6923 1.67395e-10
0.0367488 0.187606 -13.798 1.96544e-10
0.0369912 0.187693 -13.8217 1.1521e-10
0.0372525 0.187795 -13.843 1.34274e-10
0.0376032 0.187943 -13.8345 1.64662e-10
0.0379213 0.18809 -13.9795 1.4784e-10
0.0382518 0.188256 -13.7929 1.95422e-10
0.0385386 0.188412 -13.7808 2.4746e-10
0.0387422 0.188529 -13.8437 2.17395e-10
0.0389476 0.188653 -13.8177 2.36326e-10
0.0391682 0.188794 -13.7905 2.36629e-10
0.0394035 0.188952 -13.8153 2.11808e-10
0.0396358 0.189117 -13.8061 2.31451e-10
0.0398527 0.18928 -13.7992 2.36606e-10
0.0400623 0.189445 -13.7932 2.54943e-10
0.0402665 0.189614 -13.7816 2.59859e-10
0.0404983 0.189816 -13.7925 2.66483e-10
0.0407846 0.190083 -13.7849 3.01994e-10
0.0411254 0.190427 -13.7541 3.07945e-10
0.0414064 0.190734 -13.7998 2.62389e-10
0.0416632 0.191037 -13.7887 3.18312e-10
0.041919 0.191362 -13.7711 3.17945e-10
0.0421068 0.191617 -13.7637 3.45572e-10
0.0422552 0.191831 -13.7295 3.78941e-10
0.0423803 0.19202 -13.6926 3.78658e-10
0.0425025 0.192213 -13.7932 3.45008e-10
0.0426226 0.192412 -13.7501 3.805e-10
0.0427367 0.19261 -13.7484 4.04688e-10
0.0428464 0.19281 -13.7549 4.14398e-10
0.042961 0.19303 -13.7814 4.35134e-10
0.0430869 0.193287 -13.7619 4.62122e-10
0.0432456 0.193637 -13.7404 5.14804e-10
0.0433928 0.193995 -13.7643 5.45857e-10
0.0435055 0.194296 -13.7346 5.96674e-10
0.0436 0.194572 -13.7069 6.55567e-10
0.0436919 0.194866 -13.8135 6.33237e-10
0.0437738 0.195156 -13.7187 6.94724e-10
0.0438464 0.195443 -13.7695 7.42468e-10
0.0439284 0.195814 -13.7904 8.30678e-10
0.044025 0.196361 -13.6787 1.08242e-09
0.0441159 0.197163 -13.8358 1.51708e-09
