x y fp fmu
0.0467245 0.198 -11.0098 1.88917e-08
0.0466931 0.198831 -9.36494 1.58576e-10
0.0465896 0.199717 -7.44442 -1.23815e-10
0.0464347 0.200508 -4.35039 2.31632e-10
0.0462875 0.20107 -2.57885 7.24067e-10
0.0461656 0.201462 -1.49288 2.69884e-10
0.0460538 0.201782 -0.444992 8.14352e-10
0.0459285 0.202108 1.74055 8.41616e-10
0.0457855 0.202447 0.345235 -2.72364e-11
0.0456272 0.202789 2.86554 -5.88567e-10
0.0454488 0.203142 3.70592 -9.37382e-11
0.0452142 0.203563 5.30397 -1.07587e-10
0.0448529 0.204138 7.27485 -2.3943e-10
0.0444462 0.204703 9.13998 -3.6083e-10
0.0440798 0.205155 10.5856 -6.06132e-10
0.0436519 0.205626 12.2904 -5.63445e-10
0.0433037 0.205972 13.4592 -4.79667e-10
0.0430118 0.20624 14.0864 -6.18591e-10
0.0427937 0.206428 14.646 -2.61957e-10
0.0425921 0.206593 15.4615 -8.17538e-10
0.042389 0.206751 15.7435 -6.41398e-10
0.042176 0.206909 16.3495 -6.15344e-10
0.0419497 0.207069 16.7492 -5.85179e-10
0.0417226 0.207221 17.0875 -2.99287e-10
0.0415035 0.20736 17.394 -4.82211e-10
0.0412995 0.207483 17.8896 -6.10515e-10
0.0410372 0.207632 18.5602 -4.94796e-10
0.0407993 0.207759 18.6484 -1.136e-10
0.0404728 0.207922 19.3653 4.33222e-11
0.0401207 0.208083 19.7799 -1.33083e-09
0.0397863 0.208223 19.3414 -5.55816e-10
0.0395227 0.208323 19.9189 -3.89027e-10
0.0392379 0.208424 20.1219 -5.16088e-10
0.0389534 0.208515 20.3804 -3.00245e-10
0.0386393 0.208607 20.3938 -3.87578e-10
0.0383589 0.20868 20.7626 -4.44989e-10
0.0381111 0.208738 20.7928 -1.36128e-10
0.0378712 0.208788 20.3009 -9.13586e-11
0.0376412 0.208832 20.383 -4.52732e-10
0.0374232 0.208868 20.5389 -3.19425e-10
0.0372011 0.2089 20.6346 -3.10986e-10
0.036958 0.208931 20.5279 -1.59702e-10
0.036672 0.208959 20.0742 -3.09119e-10
0.0363252 0.208984 20.0959 -4.72019e-10
0.0358582 0.208999 19.834 -1.89029e-10
0.0353636 0.208994 19.2902 -1.81646e-10
0.0348969 0.208969 18.832 -9.06453e-11
0.0344323 0.208924 18.3508 5.10456e-12
0.0339819 0.208861 16.924 -4.01374e-10
0.0335324 0.208779 17.1068 -7.30038e-10
0.0330708 0.208675 16.4162 5.87302e-11
0.0327558 0.208592 15.3843 6.45684e-11
0.032456 0.208503 14.848 -2.33985e-10
0.0321732 0.208411 14.3809 1.6233e-10
0.0319256 0.208323 13.9178 1.2954e-10
0.0316946 0.208235 13.0837 -2.47739e-10
0.0314787 0.208148 12.4617 1.32562e-10
0.0312062 0.208029 12.2744 -4.42447e-11
0.0308442 0.207858 11.2849 -9.83472e-11
0.0305175 0.20769 10.5667 -1.81015e-11
0.0301974 0.207511 9.63632 -9.58716e-11
0.0299594 0.207368 8.68343 -1.79011e-11
0.0297474 0.207234 8.07807 -2.99504e-10
0.0295086 0.207075 7.35342 7.85214e-11
0.0291843 0.206845 6.40119 -1.10065e-10
0.0287213 0.206483 4.86686 -1.85157e-13
0.028126 0.205954 2.52084 7.95712e-11
0.0275084 0.205314 0.125526 -1.88957e-10
0.0269595 0.204646 -2.19964 -8.00637e-10
0.0265054 0.204001 -4.2992 -5.52815e-10
0.0261065 0.203338 -6.0868 -6.60242e-10
0.0258312 0.202809 -7.35653 -8.25853e-10
0.0256419 0.202398 -8.51248 -7.64539e-10
0.0255014 0.20206 -9.07067 -5.89913e-10
0.0253873 0.20176 -9.55751 -9.60656e-10
0.0252863 0.201471 -10.9598 -4.93825e-10
0.0251968 0.201189 -11.9365 -8.2433e-10
0.0251058 0.200871 -9.58639 -1.06315e-11
0.0250102 0.200491 -11.4135 -1.47375e-09
0.0249203 0.200066 -12.3988 -6.88846e-10
0.0248211 0.199454 -12.8602 -9.7243e-10
0.0247475 0.19871 -12.5773 -1.01834e-09
0.0247246 0.197945 -13.6362 -5.66223e-10
0.0247526 0.197214 -13.6857 -7.26131e-10
0.0248118 0.196617 -13.614 -9.12544e-10
0.0248905 0.196096 -13.8009 -7.95986e-10
0.0250119 0.195502 -13.8021 -5.82853e-10
0.0251531 0.194959 -13.754 -4.42808e-10
0.0252692 0.194582 -13.6281 -3.73189e-10
0.0253916 0.194228 -13.5512 -2.98153e-10
0.0255045 0.193932 -13.4522 -2.86631e-10
0.0256436 0.193598 -13.4104 -2.57007e-10
0.0258314 0.193191 -13.385 -2.48528e-10
0.0260995 0.192675 -13.3977 -2.45762e-10
0.0264764 0.192044 -13.4691 -2.50256e-10
0.0268896 0.191447 -13.5595 -2.72412e-10
0.0272234 0.191019 -13.6109 -2.851e-10
0.0275296 0.190662 -13.6413 -3.00485e-10
0.0278447 0.190325 -13.671 -2.89946e-10
0.0282497 0.18993 -13.6419 -2.49353e-10
0.0287195 0.189519 -13.5505 -3.05072e-10
0.0291013 0.189217 -13.4757 -2.33086e-10
0.0293815 0.189013 -13.3105 -3.08253e-10
0.0296662 0.188819 -13.2179 -2.85917e-10
0.0298993 0.188669 -13.1607 -2.20278e-10
0.0301376 0.188524 -12.9635 -2.3759e-10
0.0303714 0.18839 -12.8279 -2.3198e-10
0.0305755 0.18828 -12.7538 -2.0768e-10
0.0308441 0.188142 -12.5647 -2.04928e-10
0.0310856 0.188026 -12.491 -1.68256e-10
0.0313609 0.187903 -12.3068 -1.22571e-10
0.0316065 0.1878 -12.1883 -1.10445e-10
0.031831 0.187712 -12.0315 -9.72592e-11
0.0321148 0.187609 -11.8886 -8.40348e-11
0.0323615 0.187527 -11.7822 -5.65749e-11
0.0326832 0.187429 -11.6412 -2.7691e-11
0.0329632 0.187352 -11.5342 -3.39264e-11
0.033244 0.187283 -11.4421 1.28107e-11
0.0334729 0.187233 -11.3472 -8.93788e-12
0.033716 0.187185 -11.3223 5.04803e-11
0.0339438 0.187145 -11.4808 1.30323e-10
0.0341693 0.18711 -11.4126 -2.25585e-10
0.0344075 0.187079 -10.8342 1.6499e-10
0.0346777 0.18705 -11.1082 -1.56004e-11
0.0349593 0.187027 -11.184 1.56687e-10
0.0353196 0.187007 -11.1327 1.30833e-10
0.0357205 0.187 -11.0507 4.87819e-11
0.0361682 0.187009 -11.025 -3.62699e-11
0.036685 0.187042 -10.9523 1.53842e-10
0.037326 0.187117 -10.8447 2.28175e-10
0.0379194 0.187221 -10.851 -8.80866e-12
0.0383876 0.187327 -10.628 3.70653e-10
0.0387054 0.187412 -10.1162 3.44798e-10
0.0390086 0.187502 -10.2804 1.64515e-10
0.0393256 0.187606 -10.1901 1.70646e-10
0.0395679 0.187693 -10.0588 1.48656e-10
0.0398293 0.187795 -9.95243 1.40541e-10
0.0401799 0.187943 -9.73678 1.74601e-10
0.040498 0.18809 -9.62646 1.18648e-10
0.0408285 0.188256 -9.44015 2.28287e-10
0.0411154 0.188412 -9.19499 2.00282e-10
0.0413189 0.188529 -9.12043 1.96312e-10
0.0415243 0.188653 -9.00712 2.24131e-10
0.0417449 0.188794 -8.84352 1.90628e-10
0.0419802 0.188952 -8.73357 1.94776e-10
0.0422125 0.189117 -8.60404 2.19503e-10
0.0424294 0.18928 -8.47453 2.07423e-10
0.0426391 0.189445 -8.35147 2.31455e-10
0.0428433 0.189614 -8.23373 2.26975e-10
0.043075 0.189816 -8.11827 2.44577e-10
0.0433613 0.190083 -7.95923 2.69682e-10
0.0437021 0.190427 -7.79201 3.00406e-10
0.0439831 0.190734 -7.74122 2.8127e-10
0.0442399 0.191037 -7.61395 3.26074e-10
0.0444957 0.191362 -7.54712 3.38298e-10
0.0446835 0.191617 -7.46738 4.00284e-10
0.0448319 0.191831 -7.40635 4.18692e-10
0.0449571 0.19202 -7.43318 4.54431e-10
0.0450793 0.192213 -7.59696 4.62195e-10
0.0451993 0.192412 -7.4008 3.79758e-10
0.0453134 0.19261 -7.53554 5.59852e-10
0.0454231 0.19281 -7.56627 4.83879e-10
0.0455377 0.19303 -7.75663 6.18999e-10
0.0456636 0.193287 -7.81636 6.37476e-10
0.0458223 0.193637 -8.21809 8.8911e-10
0.0459695 0.193995 -8.87109 1.11472e-09
0.0460822 0.194296 -9.25951 1.41403e-09
0.0461767 0.194572 -9.78737 1.67669e-09
0.0462686 0.194866 -10.4814 1.77348e-09
0.0463506 0.195156 -10.7432 1.89637e-09
0.0464231 0.195443 -11.0603 2.23717e-09
0.0465052 0.195814 -11.7316 2.06027e-09
0.0466018 0.196361 -11.8888 2.12454e-09
0.0466927 0.197163 -11.6118 -1.04643e-09
