x y fp fmu
0.0474214 0.198 -8.6094 1.30678e-08
0.0473899 0.198831 -7.5648 3.87922e-10
0.0472865 0.199717 -5.93826 3.28863e-10
0.0471315 0.200508 -3.70851 3.79163e-10
0.0469844 0.20107 -2.30243 7.71137e-10
0.0468624 0.201462 -1.40263 4.49932e-10
0.0467507 0.201782 -0.532025 8.25033e-10
0.0466254 0.202108 1.18785 8.3229e-10
0.0464823 0.202447 0.238604 1.01077e-10
0.046324 0.202789 2.30072 -2.54813e-10
0.0461457 0.203142 3.05332 8.75715e-11
0.045911 0.203563 4.44394 1.11806e-10
0.0455497 0.204138 6.17861 -2.24904e-11
0.045143 0.204703 7.88706 -1.27862e-10
0.0447766 0.205155 9.24177 -3.30899e-10
0.0443487 0.205626 10.7998 -3.12579e-10
0.0440006 0.205972 11.8804 -2.59592e-10
0.0437086 0.20624 12.5119 -3.7378e-10
0.0434905 0.206428 13.0753 -2.7283e-11
0.0432889 0.206593 13.8174 -5.56884e-10
0.0430858 0.206751 14.1038 -4.16765e-10
0.0428729 0.206909 14.7007 -3.83075e-10
0.0426466 0.207069 15.1083 -3.67766e-10
0.0424195 0.207221 15.4902 -7.43198e-11
0.0422004 0.20736 15.8224 -2.81243e-10
0.0419963 0.207483 16.3379 -3.95219e-10
0.0417341 0.207632 16.9905 -2.8709e-10
0.0414962 0.207759 17.0939 5.04076e-11
0.0411697 0.207922 17.9533 2.67631e-10
0.0408176 0.208083 18.2624 -1.39172e-09
0.0404831 0.208223 17.9187 -3.97065e-10
0.0402196 0.208323 18.5908 -2.55665e-10
0.0399348 0.208424 18.8539 -3.73395e-10
0.0396503 0.208515 19.1462 -1.16728e-10
0.0393362 0.208607 19.2515 -2.38365e-10
0.0390558 0.20868 19.7267 -2.9084e-10
0.0388079 0.208738 19.6073 -8.97181e-11
0.0385681 0.208788 19.2538 3.43254e-11
0.0383381 0.208832 19.5265 -3.05925e-10
0.0381201 0.208868 19.705 -1.4811e-10
0.037898 0.2089 19.8465 -1.73654e-10
0.0376548 0.208931 19.7238 -8.04342e-11
0.0373689 0.208959 19.434 -1.01573e-10
0.0370221 0.208984 19.5676 -2.99216e-10
0.036555 0.208999 19.3944 -6.14688e-11
0.0360605 0.208994 19.0266 -3.68995e-11
0.0355937 0.208969 18.7117 3.28518e-11
0.0351292 0.208924 18.3675 1.57121e-10
0.0346788 0.208861 17.1879 -1.72468e-10
0.0342293 0.208779 17.4397 -5.0513e-10
0.0337677 0.208675 16.7996 2.30537e-10
0.0334527 0.208592 15.9181 2.25161e-10
0.0331529 0.208503 15.4704 -2.77494e-11
0.03287 0.208411 15.0744 3.28732e-10
0.0326225 0.208323 14.6494 3.41726e-10
0.0323915 0.208235 13.862 -2.86742e-11
0.0321756 0.208148 13.3546 2.85907e-10
0.031903 0.208029 13.21 1.78033e-10
0.031541 0.207858 12.2673 1.28939e-10
0.0312144 0.20769 11.6629 2.45019e-10
0.0308942 0.207511 10.7788 1.85479e-10
0.0306562 0.207368 9.8447 2.49106e-10
0.0304442 0.207234 9.24655 -2.75452e-11
0.0302055 0.207075 8.51476 3.63483e-10
0.0298812 0.206845 7.62085 1.82741e-10
0.0294181 0.206483 6.15575 3.07103e-10
0.0288229 0.205954 3.79089 4.22177e-10
0.0282052 0.205314 1.28976 1.2992e-10
0.0276563 0.204646 -1.27748 -5.9174e-10
0.0272023 0.204001 -3.64628 -3.17094e-10
0.0268034 0.203338 -5.74012 -4.34107e-10
0.0265281 0.202809 -7.2535 -6.61597e-10
0.0263388 0.202398 -8.88378 -6.41555e-10
0.0261982 0.20206 -9.40574 -5.16497e-10
0.0260841 0.20176 -10.0746 -1.03831e-09
0.0259832 0.201471 -12.5978 -1.5324e-10
0.0258937 0.201189 -14.2136 -8.7183e-10
0.0258027 0.200871 -9.36662 7.12297e-10
0.0257071 0.200491 -13.1809 -2.23487e-09
0.0256171 0.200066 -15.251 -5.96895e-10
0.0255179 0.199454 -15.6025 -2.40163e-09
0.0254443 0.19871 -14.9543 -1.66973e-09
0.0254215 0.197945 -17.6013 -9.51377e-10
0.0254495 0.197214 -16.9372 -1.87994e-09
0.0255087 0.196617 -17.1291 -1.79996e-09
0.0255873 0.196096 -17.5613 -1.25298e-09
0.0257088 0.195502 -17.9174 -1.00613e-09
0.02585 0.194959 -18.1588 -9.83944e-10
0.025966 0.194582 -18.2337 -1.08443e-09
0.0260885 0.194228 -18.3791 -1.08202e-09
0.0262014 0.193932 -18.3386 -1.14905e-09
0.0263405 0.193598 -18.3331 -1.11114e-09
0.0265282 0.193191 -18.1697 -9.84318e-10
0.0267964 0.192675 -17.8205 -7.77387e-10
0.0271733 0.192044 -17.2002 -5.82689e-10
0.0275864 0.191447 -16.6578 -3.27619e-10
0.0279203 0.191019 -16.3498 -3.08951e-10
0.0282264 0.190662 -16.1561 -3.10379e-10
0.0285416 0.190325 -16.0509 -3.07702e-10
0.0289465 0.18993 -15.932 -2.30699e-10
0.0294164 0.189519 -15.9344 -2.71882e-10
0.0297981 0.189217 -15.9257 -1.97448e-10
0.0300784 0.189013 -15.884 -2.67736e-10
0.030363 0.188819 -15.9928 -3.36203e-10
0.0305962 0.188669 -15.9477 -2.66589e-10
0.0308345 0.188524 -15.8519 -3.51357e-10
0.0310682 0.18839 -15.8719 -3.32412e-10
0.0312724 0.18828 -15.8196 -3.34981e-10
0.0315409 0.188142 -15.7041 -3.72071e-10
0.0317825 0.188026 -15.6796 -3.14648e-10
0.0320578 0.187903 -15.4535 -2.66071e-10
0.0323033 0.1878 -15.3147 -2.93367e-10
0.0325279 0.187712 -14.9807 -3.02043e-10
0.0328117 0.187609 -14.7247 -3.76977e-10
0.0330583 0.187527 -14.6656 -2.00894e-10
0.03338 0.187429 -14.1416 -4.11249e-10
0.03366 0.187352 -13.8041 -2.5584e-10
0.0339408 0.187283 -13.4837 -2.81705e-10
0.0341697 0.187233 -13.2861 -2.27502e-10
0.0344128 0.187185 -12.8636 -2.72436e-10
0.0346406 0.187145 -12.3224 -3.84658e-10
0.0348662 0.18711 -12.2421 -9.2123e-11
0.0351044 0.187079 -12.3951 -2.60931e-10
0.0353746 0.18705 -11.7889 -9.17929e-11
0.0356561 0.187027 -11.4152 -1.95847e-10
0.0360165 0.187007 -11.0348 -1.16738e-10
0.0364174 0.187 -10.6499 -4.06301e-11
0.036865 0.187009 -10.2355 -6.30068e-11
0.0373819 0.187042 -9.81079 -4.58276e-11
0.0380229 0.187117 -9.36049 2.86063e-11
0.0386162 0.187221 -9.03832 -3.18638e-11
0.0390844 0.187327 -8.70413 1.79714e-10
0.0394023 0.187412 -8.33169 1.79477e-10
0.0397055 0.187502 -8.31402 7.9847e-11
0.0400224 0.187606 -8.16461 8.159e-11
0.0402648 0.187693 -8.00203 8.02896e-11
0.0405261 0.187795 -7.86471 8.01038e-11
0.0408768 0.187943 -7.64414 1.07194e-10
0.0411948 0.18809 -7.49697 8.2947e-11
0.0415254 0.188256 -7.31119 1.7268e-10
0.0418122 0.188412 -7.12268 1.44521e-10
0.0420158 0.188529 -7.04137 1.44826e-10
0.0422211 0.188653 -6.94189 1.65518e-10
0.0424418 0.188794 -6.80972 1.32316e-10
0.0426771 0.188952 -6.69517 1.44514e-10
0.0429094 0.189117 -6.57443 1.5862e-10
0.0431263 0.18928 -6.45036 1.51249e-10
0.0433359 0.189445 -6.33231 1.66166e-10
0.0435401 0.189614 -6.21534 1.37399e-10
0.0437719 0.189816 -6.08892 1.54628e-10
0.0440581 0.190083 -5.92831 1.72158e-10
0.044399 0.190427 -5.74886 1.6663e-10
0.0446799 0.190734 -5.64213 1.67821e-10
0.0449368 0.191037 -5.5034 2.08149e-10
0.0451926 0.191362 -5.39187 2.11567e-10
0.0453804 0.191617 -5.29379 2.40236e-10
0.0455287 0.191831 -5.21417 2.5658e-10
0.0456539 0.19202 -5.17131 2.54323e-10
0.0457761 0.192213 -5.19175 2.33396e-10
0.0458961 0.192412 -5.0756 2.21076e-10
0.0460103 0.19261 -5.07029 2.66613e-10
0.04612 0.19281 -5.03388 2.42116e-10
0.0462345 0.19303 -5.04738 2.77774e-10
0.0463604 0.193287 -4.99477 2.79128e-10
0.0465192 0.193637 -5.01807 3.28605e-10
0.0466664 0.193995 -5.12161 3.78381e-10
0.0467791 0.194296 -5.19857 4.33011e-10
0.0468736 0.194572 -5.45496 5.23705e-10
0.0469655 0.194866 -5.79784 6.32713e-10
0.0470474 0.195156 -5.99284 7.16999e-10
0.04712 0.195443 -6.45262 9.67664e-10
0.047202 0.195814 -6.98679 1.0794e-09
0.0472986 0.196361 -7.47192 1.38822e-09
0.0473895 0.197163 -8.41879 -2.09735e-10
