x y fp fmu
0.044166 0.198 -13.8752 2.11982e-09
0.0441345 0.198831 -13.1215 1.5998e-09
0.0440311 0.199717 -12.7204 8.11069e-10
0.0438761 0.200508 -10.5362 6.34591e-10
0.0437289 0.20107 -9.147 1.09756e-09
0.043607 0.201462 -8.29132 7.71103e-10
0.0434953 0.201782 -7.35227 1.35263e-09
0.04337 0.202108 -5.40446 1.07443e-09
0.0432269 0.202447 -6.99701 4.95381e-10
0.0430686 0.202789 -4.47801 -2.28559e-10
0.0428903 0.203142 -3.7795 3.36963e-10
0.0426556 0.203563 -2.25595 2.45298e-10
0.0422943 0.204138 -0.377447 1.92503e-10
0.0418876 0.204703 1.46829 4.16139e-11
0.0415212 0.205155 2.92132 -1.80858e-10
0.0410933 0.205626 4.64217 -1.71811e-10
0.0407452 0.205972 5.83278 -1.08041e-10
0.0404532 0.20624 6.52852 -2.61896e-10
0.0402351 0.206428 7.26843 1.41962e-10
0.0400335 0.206593 8.09872 -4.42215e-10
0.0398304 0.206751 8.42703 -2.77085e-10
0.0396175 0.206909 9.19816 -2.68467e-10
0.0393912 0.207069 9.66352 -2.78518e-10
0.0391641 0.207221 10.1437 2.25241e-11
0.0389449 0.20736 10.5518 -2.20345e-10
0.0387409 0.207483 11.2337 -3.12152e-10
0.0384787 0.207632 11.9873 -1.73799e-10
0.0382408 0.207759 12.1353 1.77863e-10
0.0379143 0.207922 13.4611 5.44514e-10
0.0375622 0.208083 13.4916 -1.75453e-09
0.0372277 0.208223 13.3626 -4.73682e-10
0.0369642 0.208323 14.2122 -2.05453e-10
0.0366793 0.208424 14.6209 -3.2551e-10
0.0363949 0.208515 15.0011 -2.67523e-11
0.0360808 0.208607 15.2714 -1.6217e-10
0.0358004 0.20868 15.9521 -2.36531e-10
0.0355525 0.208738 15.6883 -1.21783e-10
0.0353127 0.208788 15.5631 5.25133e-11
0.0350827 0.208832 16.0828 -2.44964e-10
0.0348647 0.208868 16.3086 -7.27079e-11
0.0346426 0.2089 16.5417 -1.12029e-10
0.0343994 0.208931 16.4391 -8.96596e-11
0.0341135 0.208959 16.385 1.57306e-12
0.0337666 0.208984 16.6951 -2.38769e-10
0.0332996 0.208999 16.7296 -3.34458e-11
0.0328051 0.208994 16.638 -1.62635e-11
0.0323383 0.208969 16.5907 3.65435e-11
0.0318738 0.208924 16.418 1.57425e-10
0.0314234 0.208861 15.6616 -4.44891e-11
0.0309739 0.208779 16.0297 -3.73628e-10
0.0305123 0.208675 15.5416 2.41661e-10
0.0301973 0.208592 14.9664 2.07573e-10
0.0298975 0.208503 14.6694 1.64639e-11
0.0296146 0.208411 14.4132 2.98549e-10
0.0293671 0.208323 14.1183 3.27488e-10
0.0291361 0.208235 13.4732 1.41732e-11
0.0289202 0.208148 13.1965 2.33301e-10
0.0286476 0.208029 13.0652 1.61078e-10
0.0282856 0.207858 12.3499 1.17453e-10
0.027959 0.20769 11.8325 1.98972e-10
0.0276388 0.207511 11.0957 1.60541e-10
0.0274008 0.207368 10.3772 1.9812e-10
0.0271888 0.207234 9.90613 -3.26576e-11
0.0269501 0.207075 9.32241 2.84295e-10
0.0266258 0.206845 8.56918 1.32724e-10
0.0261627 0.206483 7.28788 2.72062e-10
0.0255675 0.205954 5.26827 3.72491e-10
0.0249498 0.205314 3.09604 1.06553e-10
0.0244009 0.204646 0.795337 -4.25369e-10
0.0239469 0.204001 -1.34046 -2.50392e-10
0.023548 0.203338 -3.34165 -3.66033e-10
0.0232727 0.202809 -4.80219 -5.56164e-10
0.0230834 0.202398 -6.22068 -5.36252e-10
0.0229428 0.20206 -6.86214 -4.23085e-10
0.0228287 0.20176 -7.52683 -8.45125e-10
0.0227278 0.201471 -9.26178 -1.98227e-10
0.0226383 0.201189 -10.4942 -9.07416e-10
0.0225473 0.200871 -7.98925 8.08849e-11
0.0224517 0.200491 -10.6977 -1.52581e-09
0.0223617 0.200066 -12.0944 -5.88568e-10
0.0222625 0.199454 -12.8598 -1.86301e-09
0.0221889 0.19871 -12.4687 -1.72061e-09
0.0221661 0.197945 -14.0794 -8.40663e-10
0.0221941 0.197214 -13.6871 -1.25016e-09
0.0222533 0.196617 -13.3939 -1.19543e-09
0.0223319 0.196096 -13.4786 -8.96833e-10
0.0224534 0.195502 -13.5392 -7.48468e-10
0.0225946 0.194959 -13.6047 -6.04884e-10
0.0227106 0.194582 -13.5579 -6.00627e-10
0.0228331 0.194228 -13.5897 -5.31705e-10
0.022946 0.193932 -13.5534 -5.45757e-10
0.023085 0.193598 -13.573 -4.98928e-10
0.0232728 0.193191 -13.5889 -4.57598e-10
0.0235409 0.192675 -13.6255 -3.99915e-10
0.0239179 0.192044 -13.6645 -3.69742e-10
0.024331 0.191447 -13.707 -3.34277e-10
0.0246649 0.191019 -13.7302 -3.28655e-10
0.024971 0.190662 -13.7368 -3.29203e-10
0.0252862 0.190325 -13.7593 -3.08577e-10
0.0256911 0.18993 -13.7715 -2.59462e-10
0.026161 0.189519 -13.7717 -2.69213e-10
0.0265427 0.189217 -13.8025 -2.07942e-10
0.026823 0.189013 -13.7697 -2.58557e-10
0.0271076 0.188819 -13.8147 -2.58705e-10
0.0273408 0.188669 -13.8537 -1.99993e-10
0.0275791 0.188524 -13.7998 -2.35792e-10
0.0278128 0.18839 -13.8095 -2.31006e-10
0.0280169 0.18828 -13.8415 -2.16422e-10
0.0282855 0.188142 -13.8041 -2.41104e-10
0.0285271 0.188026 -13.8873 -1.81624e-10
0.0288024 0.187903 -13.8254 -1.43662e-10
0.0290479 0.1878 -13.844 -1.47244e-10
0.0292725 0.187712 -13.7181 -1.45095e-10
0.0295563 0.187609 -13.6509 -1.90819e-10
0.0298029 0.187527 -13.7393 -6.62016e-11
0.0301246 0.187429 -13.5895 -2.01379e-10
0.0304046 0.187352 -13.506 -9.14496e-11
0.0306854 0.187283 -13.4563 -1.03282e-10
0.0309143 0.187233 -13.4556 -7.01866e-11
0.0311574 0.187185 -13.3623 -8.33751e-11
0.0313852 0.187145 -13.1894 -1.47378e-10
0.0316108 0.18711 -13.2195 -1.62417e-11
0.0318489 0.187079 -13.4043 -8.47915e-11
0.0321192 0.18705 -13.2462 -1.63015e-11
0.0324007 0.187027 -13.2023 -4.53159e-11
0.0327611 0.187007 -13.1807 -6.67325e-12
0.033162 0.187 -13.181 2.85929e-11
0.0336096 0.187009 -13.2001 -1.67424e-13
0.0341265 0.187042 -13.2517 2.63524e-11
0.0347675 0.187117 -13.3494 1.18759e-10
0.0353608 0.187221 -13.5431 3.53271e-11
0.035829 0.187327 -13.5957 2.70825e-10
0.0361469 0.187412 -13.3442 3.13449e-10
0.0364501 0.187502 -13.6627 1.64765e-10
0.036767 0.187606 -13.767 1.93755e-10
0.0370094 0.187693 -13.7906 1.14207e-10
0.0372707 0.187795 -13.8124 1.33142e-10
0.0376214 0.187943 -13.8057 1.63423e-10
0.0379394 0.18809 -13.9507 1.47073e-10
0.03827 0.188256 -13.7674 1.95353e-10
0.0385568 0.188412 -13.7593 2.46647e-10
0.0387604 0.188529 -13.8235 2.16466e-10
0.0389657 0.188653 -13.7988 2.35101e-10
0.0391864 0.188794 -13.7742 2.37141e-10
0.0394217 0.188952 -13.8012 2.10696e-10
0.039654 0.189117 -13.792 2.30365e-10
0.0398709 0.18928 -13.7859 2.35489e-10
0.0400805 0.189445 -13.7798 2.53028e-10
0.0402847 0.189614 -13.7677 2.60053e-10
0.0405165 0.189816 -13.7781 2.65265e-10
0.0408027 0.190083 -13.7685 3.00197e-10
0.0411436 0.190427 -13.7357 3.08535e-10
0.0414245 0.190734 -13.7799 2.62e-10
0.0416814 0.191037 -13.7652 3.16871e-10
0.0419372 0.191362 -13.7449 3.17278e-10
0.042125 0.191617 -13.7342 3.45124e-10
0.0422733 0.191831 -13.697 3.79377e-10
0.0423985 0.19202 -13.6574 3.79382e-10
0.0425207 0.192213 -13.7552 3.4467e-10
0.0426407 0.192412 -13.7081 3.79588e-10
0.0427549 0.19261 -13.7017 4.03094e-10
0.0428646 0.19281 -13.7045 4.12869e-10
0.0429791 0.19303 -13.7249 4.3146e-10
0.043105 0.193287 -13.7011 4.57902e-10
0.0432638 0.193637 -13.6721 5.07732e-10
0.043411 0.193995 -13.6884 5.36021e-10
0.0435237 0.194296 -13.6555 5.84857e-10
0.0436182 0.194572 -13.6239 6.40862e-10
0.0437101 0.194866 -13.7252 6.18591e-10
0.043792 0.195156 -13.632 6.80834e-10
0.0438646 0.195443 -13.6821 7.26746e-10
0.0439466 0.195814 -13.7004 8.16899e-10
0.0440432 0.196361 -13.5921 1.06166e-09
0.0441341 0.197163 -13.7568 1.48958e-09
