x y fp fmu
0.0449081 0.198 -8.68846 3.2386e-10
0.0448767 0.198831 -8.58763 1.13023e-10
0.0447733 0.199717 -8.24248 4.27561e-10
0.0446183 0.200508 -7.82629 5.26016e-10
0.0444711 0.20107 -7.45592 7.20052e-10
0.0443492 0.201462 -7.19831 6.38162e-10
0.0442374 0.201782 -6.77797 8.57234e-10
0.0441122 0.202108 -5.9919 7.99271e-10
0.0439691 0.202447 -6.4625 5.70322e-10
0.0438108 0.202789 -5.21311 3.19492e-10
0.0436325 0.203142 -4.72427 5.1531e-10
0.0433978 0.203563 -3.67735 5.20752e-10
0.0430365 0.204138 -2.28155 4.55151e-10
0.0426298 0.204703 -0.762061 3.80857e-10
0.0422634 0.205155 0.537762 1.88117e-10
0.0418355 0.205626 2.12592 2.05263e-10
0.0414873 0.205972 3.32273 2.64803e-10
0.0411954 0.20624 4.10351 1.18109e-10
0.0409773 0.206428 4.93245 4.84293e-10
0.0407757 0.206593 5.75686 -5.4516e-11
0.0405726 0.206751 6.18737 7.04999e-11
0.0403597 0.206909 7.03551 8.11601e-11
0.0401333 0.207069 7.57841 1.90467e-11
0.0399062 0.207221 8.17583 3.48575e-10
0.0396871 0.20736 8.67411 6.21465e-11
0.0394831 0.207483 9.49566 1.7038e-11
0.0392209 0.207632 10.3894 1.53141e-10
0.0389829 0.207759 10.5965 5.10911e-10
0.0386565 0.207922 12.5569 1.09558e-09
0.0383044 0.208083 12.4607 -2.10506e-09
0.0379699 0.208223 12.4672 -3.18304e-10
0.0377064 0.208323 13.7039 7.81482e-12
0.0374215 0.208424 14.3764 -1.02307e-10
0.0371371 0.208515 14.9741 3.26156e-10
0.036823 0.208607 15.5362 1.41436e-10
0.0365426 0.20868 16.6913 5.87285e-11
0.0362947 0.208738 16.0653 -8.09434e-11
0.0360549 0.208788 16.2267 3.27612e-10
0.0358249 0.208832 17.2883 2.42051e-11
0.0356069 0.208868 17.6772 2.8925e-10
0.0353848 0.2089 18.1108 1.80272e-10
0.0351416 0.208931 17.9727 6.01329e-11
0.0348557 0.208959 18.3125 4.69097e-10
0.0345088 0.208984 19.0094 1.03047e-10
0.0340418 0.208999 19.3496 2.76567e-10
0.0335473 0.208994 19.6871 3.08522e-10
0.0330805 0.208969 20.0735 3.03431e-10
0.032616 0.208924 20.134 5.09213e-10
0.0321656 0.208861 19.9996 5.75513e-10
0.031716 0.208779 20.6582 1.79789e-10
0.0312545 0.208675 20.2037 7.0749e-10
0.0309395 0.208592 19.9648 6.4502e-10
0.0306397 0.208503 19.9257 6.015e-10
0.0303568 0.208411 19.8527 7.19512e-10
0.0301093 0.208323 19.6258 9.30612e-10
0.0298782 0.208235 19.0258 6.41506e-10
0.0296624 0.208148 19.1176 6.22465e-10
0.0293898 0.208029 19.0929 6.71731e-10
0.0290278 0.207858 18.5572 6.5858e-10
0.0287012 0.20769 18.1991 7.93702e-10
0.028381 0.207511 17.5143 8.29716e-10
0.028143 0.207368 16.8694 8.2253e-10
0.027931 0.207234 16.4999 6.6997e-10
0.0276923 0.207075 16.0135 9.13287e-10
0.027368 0.206845 15.3943 7.68427e-10
0.0269049 0.206483 14.1915 9.91089e-10
0.0263097 0.205954 12.2334 1.13547e-09
0.025692 0.205314 10.0369 9.25884e-10
0.0251431 0.204646 7.42019 3.90681e-10
0.024689 0.204001 4.97728 5.45186e-10
0.0242902 0.203338 2.64951 4.30871e-10
0.0240148 0.202809 0.763376 3.0954e-10
0.0238256 0.202398 -1.1928 2.86578e-10
0.023685 0.20206 -2.13942 5.30014e-10
0.0235709 0.20176 -3.36556 -2.68294e-11
0.02347 0.201471 -5.99845 7.3471e-10
0.0233804 0.201189 -7.32468 -4.6257e-10
0.0232895 0.200871 -3.77252 1.50371e-09
0.0231939 0.200491 -8.75804 -8.72925e-10
0.0231039 0.200066 -11.2897 5.67189e-10
0.0230047 0.199454 -12.922 -1.71185e-09
0.0229311 0.19871 -12.9279 -1.86265e-09
0.0229083 0.197945 -19.6413 8.41988e-11
0.0229362 0.197214 -16.9447 -4.41899e-09
0.0229955 0.196617 -19.5599 -5.53302e-09
0.0230741 0.196096 -22.3703 -4.05908e-09
0.0231956 0.195502 -23.832 -2.73057e-09
0.0233367 0.194959 -23.734 -3.43688e-09
0.0234528 0.194582 -23.6102 -3.8346e-09
0.0235753 0.194228 -23.6197 -3.91626e-09
0.0236882 0.193932 -23.3192 -3.66828e-09
0.0238272 0.193598 -22.9268 -3.50228e-09
0.024015 0.193191 -22.6125 -2.86413e-09
0.0242831 0.192675 -21.9404 -2.22397e-09
0.0246601 0.192044 -20.9597 -1.7547e-09
0.0250732 0.191447 -20.5121 -1.35988e-09
0.0254071 0.191019 -20.3318 -1.16835e-09
0.0257132 0.190662 -20.1548 -1.05996e-09
0.0260283 0.190325 -20.1069 -9.33297e-10
0.0264333 0.18993 -20.1038 -7.84996e-10
0.0269032 0.189519 -19.9702 -7.67888e-10
0.0272849 0.189217 -20.0931 -6.13994e-10
0.0275652 0.189013 -19.9229 -7.63458e-10
0.0278498 0.188819 -19.9897 -6.38137e-10
0.028083 0.188669 -20.1447 -4.76188e-10
0.0283213 0.188524 -19.9286 -5.23172e-10
0.028555 0.18839 -19.9179 -5.25846e-10
0.0287591 0.18828 -20.0169 -4.60218e-10
0.0290277 0.188142 -19.9378 -4.83588e-10
0.0292692 0.188026 -20.0942 -3.7769e-10
0.0295445 0.187903 -19.9994 -3.01171e-10
0.0297901 0.1878 -20.0082 -2.9882e-10
0.0300147 0.187712 -19.8267 -3.10613e-10
0.0302985 0.187609 -19.8468 -3.60347e-10
0.0305451 0.187527 -19.968 -1.52586e-10
0.0308668 0.187429 -19.7602 -3.66776e-10
0.0311468 0.187352 -19.7398 -2.48586e-10
0.0314276 0.187283 -19.7289 -2.8065e-10
0.0316565 0.187233 -19.757 -1.93697e-10
0.0318996 0.187185 -19.5023 -2.80911e-10
0.0321274 0.187145 -19.096 -5.37076e-10
0.0323529 0.18711 -19.348 1.75223e-10
0.0325911 0.187079 -20.1389 -2.46895e-10
0.0328614 0.18705 -19.3476 -3.98055e-11
0.0331429 0.187027 -19.0604 -3.28192e-10
0.0335033 0.187007 -18.8865 -3.0461e-10
0.0339042 0.187 -18.6621 -7.24523e-11
0.0343518 0.187009 -18.2721 4.54677e-11
0.0348686 0.187042 -17.8075 -1.66955e-10
0.0355097 0.187117 -17.0484 -4.04964e-10
0.036103 0.187221 -16.0661 -3.6831e-11
0.0365712 0.187327 -15.6976 -4.72697e-10
0.0368891 0.187412 -15.8863 -6.42851e-10
0.0371923 0.187502 -14.8355 -2.51248e-10
0.0375092 0.187606 -14.3469 -3.10669e-10
0.0377515 0.187693 -14.0407 -6.94131e-11
0.0380129 0.187795 -13.7723 -1.13943e-10
0.0383635 0.187943 -13.3763 -8.75093e-11
0.0386816 0.18809 -12.8187 -1.48461e-10
0.0390122 0.188256 -12.9136 5.74449e-12
0.039299 0.188412 -12.4876 -1.6112e-10
0.0395026 0.188529 -12.2535 -7.48365e-11
0.0397079 0.188653 -12.155 -4.93791e-11
0.0399286 0.188794 -11.9749 -1.23719e-10
0.0401639 0.188952 -11.7823 -2.12504e-11
0.0403962 0.189117 -11.662 1.13986e-11
0.0406131 0.18928 -11.525 -3.2231e-12
0.0408227 0.189445 -11.4057 3.92549e-11
0.0410269 0.189614 -11.3079 -7.82917e-12
0.0412587 0.189816 -11.1832 4.89336e-11
0.0415449 0.190083 -11.0501 7.62824e-11
0.0418858 0.190427 -10.9008 5.54693e-11
0.0421667 0.190734 -10.7724 7.05368e-11
0.0424236 0.191037 -10.6508 1.20009e-10
0.0426794 0.191362 -10.5167 1.17802e-10
0.0428671 0.191617 -10.4297 1.30989e-10
0.0430155 0.191831 -10.3449 1.52364e-10
0.0431407 0.19202 -10.2595 1.32859e-10
0.0432629 0.192213 -10.1994 1.04486e-10
0.0433829 0.192412 -10.1621 1.69272e-10
0.0434971 0.19261 -10.06 1.21043e-10
0.0436068 0.19281 -9.99545 1.58769e-10
0.0437213 0.19303 -9.91 1.38963e-10
0.0438472 0.193287 -9.82894 1.62651e-10
0.044006 0.193637 -9.69222 1.68645e-10
0.0441531 0.193995 -9.56691 1.66167e-10
0.0442658 0.194296 -9.46557 1.83134e-10
0.0443603 0.194572 -9.34404 1.79903e-10
0.0444523 0.194866 -9.26641 1.56665e-10
0.0445342 0.195156 -9.16874 2.05427e-10
0.0446068 0.195443 -9.06009 1.78477e-10
0.0446888 0.195814 -8.96114 1.77481e-10
0.0447854 0.196361 -8.7764 2.25282e-10
0.0448763 0.197163 -8.65378 1.76853e-10
