x y fp fmu
0.0408189 0.198 -16.5087 2.57625e-09
0.0407875 0.198831 -15.4978 3.14866e-10
0.0406841 0.199717 -14.7851 5.19977e-10
0.0405291 0.200508 -13.4646 7.35743e-10
0.0403819 0.20107 -12.5959 1.1583e-09
0.04026 0.201462 -12.1683 9.14577e-10
0.0401482 0.201782 -11.2068 1.62839e-09
0.040023 0.202108 -9.64666 1.14895e-09
0.0398799 0.202447 -11.5977 1.07718e-09
0.0397216 0.202789 -9.11748 1.90561e-10
0.0395433 0.203142 -8.72968 7.6055e-10
0.0393086 0.203563 -7.29169 6.6606e-10
0.0389473 0.204138 -5.56884 6.55503e-10
0.0385406 0.204703 -3.85365 4.43291e-10
0.0381742 0.205155 -2.40015 1.46515e-10
0.0377463 0.205626 -0.504196 1.73339e-10
0.0373981 0.205972 0.819473 2.53523e-10
0.0371062 0.20624 1.5665 -1.31239e-13
0.0368881 0.206428 2.64526 5.3942e-10
0.0366865 0.206593 3.5572 -2.62725e-10
0.0364834 0.206751 3.9179 -2.9239e-11
0.0362705 0.206909 4.94344 -5.68876e-11
0.0360441 0.207069 5.43963 -1.12977e-10
0.035817 0.207221 6.10097 2.96064e-10
0.0355979 0.20736 6.6272 -3.8431e-11
0.0353939 0.207483 7.68349 -4.48702e-11
0.0351317 0.207632 8.60314 9.16317e-11
0.0348937 0.207759 8.85002 6.34395e-10
0.0345673 0.207922 11.288 1.23022e-09
0.0342152 0.208083 10.6278 -2.5584e-09
0.0338807 0.208223 10.8118 -6.32418e-10
0.0336172 0.208323 12.1533 -5.03621e-11
0.0333323 0.208424 12.8671 -1.89634e-10
0.0330479 0.208515 13.4539 2.63074e-10
0.0327338 0.208607 14.0871 1.06974e-10
0.0324534 0.20868 15.2646 -2.86121e-11
0.0322055 0.208738 14.5257 -1.1831e-10
0.0319657 0.208788 14.8879 2.39793e-10
0.0317357 0.208832 16.0204 -1.51682e-11
0.0315177 0.208868 16.3506 2.20841e-10
0.0312956 0.2089 16.7908 1.17575e-10
0.0310524 0.208931 16.6841 -2.36064e-11
0.0307665 0.208959 17.1271 3.48336e-10
0.0304196 0.208984 17.8059 1.91842e-11
0.0299526 0.208999 18.2331 1.52359e-10
0.0294581 0.208994 18.6676 1.70507e-10
0.0289913 0.208969 19.1217 1.65199e-10
0.0285268 0.208924 19.263 3.225e-10
0.0280764 0.208861 19.2899 3.59138e-10
0.0276268 0.208779 19.8733 3.91304e-11
0.0271653 0.208675 19.6084 4.49727e-10
0.0268503 0.208592 19.49 3.945e-10
0.0265505 0.208503 19.4719 3.48184e-10
0.0262676 0.208411 19.4443 4.63229e-10
0.0260201 0.208323 19.297 5.82667e-10
0.025789 0.208235 18.8627 3.68947e-10
0.0255732 0.208148 18.9519 3.89881e-10
0.0253006 0.208029 18.9019 4.30003e-10
0.0249386 0.207858 18.5074 3.98325e-10
0.024612 0.20769 18.2177 5.12397e-10
0.0242918 0.207511 17.7016 5.26109e-10
0.0240538 0.207368 17.2244 5.21469e-10
0.0238418 0.207234 16.9197 3.63717e-10
0.0236031 0.207075 16.5342 6.23558e-10
0.0232788 0.206845 16.0169 4.86087e-10
0.0228157 0.206483 15.0363 6.84596e-10
0.0222205 0.205954 13.4238 8.16203e-10
0.0216028 0.205314 11.5308 5.48671e-10
0.0210539 0.204646 9.38089 3.62277e-11
0.0205998 0.204001 7.35628 1.90584e-10
0.020201 0.203338 5.40511 5.58652e-11
0.0199256 0.202809 3.87958 -1.51434e-10
0.0197364 0.202398 2.39621 -1.93945e-10
0.0195958 0.20206 1.61957 -6.31836e-12
0.0194817 0.20176 0.698075 -4.33119e-10
0.0193808 0.201471 -1.0696 2.49656e-10
0.0192912 0.201189 -2.11354 -7.71005e-10
0.0192003 0.200871 -0.388515 3.50141e-10
0.0191047 0.200491 -3.32248 -7.0874e-10
0.0190147 0.200066 -4.96758 -9.12061e-12
0.0189155 0.199454 -6.41022 -1.28148e-09
0.0188419 0.19871 -6.93271 -1.94299e-09
0.0188191 0.197945 -10.6266 -2.22552e-10
0.018847 0.197214 -9.90478 -2.87546e-09
0.0189063 0.196617 -10.7976 -3.39539e-09
0.0189849 0.196096 -11.7803 -2.57069e-09
0.0191064 0.195502 -12.0066 -2.06188e-09
0.0192475 0.194959 -11.6391 -1.89657e-09
0.0193636 0.194582 -11.1548 -1.74222e-09
0.0194861 0.194228 -10.6566 -1.42362e-09
0.019599 0.193932 -10.1132 -1.41216e-09
0.019738 0.193598 -9.54535 -1.10763e-09
0.0199258 0.193191 -8.85514 -9.03825e-10
0.0201939 0.192675 -8.27118 -6.15043e-10
0.0205709 0.192044 -7.94867 -5.08567e-10
0.020984 0.191447 -7.84014 -3.59864e-10
0.0213179 0.191019 -7.89615 -3.07119e-10
0.021624 0.190662 -7.95125 -2.95663e-10
0.0219391 0.190325 -8.03907 -2.748e-10
0.0223441 0.18993 -8.19332 -2.47227e-10
0.022814 0.189519 -8.37935 -2.07504e-10
0.0231957 0.189217 -8.59798 -1.70584e-10
0.023476 0.189013 -8.73751 -1.82929e-10
0.0237606 0.188819 -8.95151 -1.98276e-10
0.0239938 0.188669 -9.08935 -1.72059e-10
0.0242321 0.188524 -9.20881 -1.98339e-10
0.0244658 0.18839 -9.39471 -1.94724e-10
0.0246699 0.18828 -9.52522 -1.73129e-10
0.0249385 0.188142 -9.71138 -1.77256e-10
0.0251801 0.188026 -9.88014 -1.42757e-10
0.0254553 0.187903 -10.0533 -1.44587e-10
0.0257009 0.1878 -10.2063 -1.29811e-10
0.0259255 0.187712 -10.3016 -1.59364e-10
0.0262093 0.187609 -10.5172 -1.81207e-10
0.0264559 0.187527 -10.7203 -7.95469e-11
0.0267776 0.187429 -10.8344 -2.09896e-10
0.0270576 0.187352 -10.9758 -1.59012e-10
0.0273384 0.187283 -11.123 -2.06842e-10
0.0275673 0.187233 -11.2778 -1.16148e-10
0.0278104 0.187185 -11.2679 -1.71125e-10
0.0280382 0.187145 -10.9583 -4.00398e-10
0.0282638 0.18711 -11.1251 1.66083e-10
0.0285019 0.187079 -12.2504 -3.28165e-10
0.0287722 0.18705 -11.7441 -7.43759e-11
0.0290537 0.187027 -11.5777 -2.68292e-10
0.0294141 0.187007 -11.6119 -1.88121e-10
0.029815 0.187 -11.7337 -1.92126e-11
0.0302626 0.187009 -11.782 4.13462e-11
0.0307794 0.187042 -11.9153 -1.35316e-10
0.0314205 0.187117 -12.1583 -8.97799e-11
0.0320138 0.187221 -12.4274 8.12381e-11
0.032482 0.187327 -12.7045 5.03662e-11
0.0327999 0.187412 -12.9118 1.24963e-10
0.0331031 0.187502 -13.1955 1.28392e-10
0.03342 0.187606 -13.4961 1.71171e-10
0.0336623 0.187693 -13.7206 1.39795e-10
0.0339237 0.187795 -13.9549 1.73801e-10
0.0342744 0.187943 -14.2476 2.1834e-10
0.0345924 0.18809 -14.6973 2.43294e-10
0.034923 0.188256 -14.6947 2.80257e-10
0.0352098 0.188412 -14.9383 3.67721e-10
0.0354134 0.188529 -15.1936 3.01558e-10
0.0356187 0.188653 -15.2805 3.18571e-10
0.0358394 0.188794 -15.3908 3.53484e-10
0.0360747 0.188952 -15.5734 2.75103e-10
0.036307 0.189117 -15.6496 2.79604e-10
0.0365239 0.18928 -15.7085 2.98801e-10
0.0367335 0.189445 -15.7633 2.94761e-10
0.0369377 0.189614 -15.7732 2.94596e-10
0.0371695 0.189816 -15.8183 2.67058e-10
0.0374557 0.190083 -15.8328 3.07761e-10
0.0377966 0.190427 -15.7734 2.71032e-10
0.0380775 0.190734 -15.7889 2.04054e-10
0.0383344 0.191037 -15.8144 2.82412e-10
0.0385902 0.191362 -15.7752 2.65486e-10
0.0387779 0.191617 -15.8175 2.77015e-10
0.0389263 0.191831 -15.7995 3.11963e-10
0.0390515 0.19202 -15.7434 2.76194e-10
0.0391737 0.192213 -15.765 2.20901e-10
0.0392937 0.192412 -15.9142 3.47293e-10
0.0394079 0.19261 -15.8718 2.36011e-10
0.0395176 0.19281 -15.9291 3.05057e-10
0.0396321 0.19303 -15.99 2.89867e-10
0.039758 0.193287 -16.0721 3.37003e-10
0.0399168 0.193637 -16.1569 3.93743e-10
0.0400639 0.193995 -16.2991 4.56848e-10
0.0401766 0.194296 -16.3579 5.44218e-10
0.0402711 0.194572 -16.3897 6.22873e-10
0.0403631 0.194866 -16.5662 6.06212e-10
0.040445 0.195156 -16.5119 6.60763e-10
0.0405176 0.195443 -16.4828 6.94427e-10
0.0405996 0.195814 -16.5434 6.25355e-10
0.0406962 0.196361 -16.2847 7.64677e-10
0.0407871 0.197163 -16.2867 2.24795e-10
