x y fp fmu
0.0400511 0.198 -19.4465 1.36035e-08
0.0400197 0.198831 -17.8557 1.18527e-09
0.0399162 0.199717 -17.7856 8.2107e-10
0.0397613 0.200508 -15.1281 5.24302e-10
0.0396141 0.20107 -13.3472 1.51528e-09
0.0394922 0.201462 -12.5598 1.1873e-09
0.0393804 0.201782 -11.227 2.40194e-09
0.0392551 0.202108 -8.45097 1.3379e-09
0.0391121 0.202447 -12.4346 1.14027e-09
0.0389538 0.202789 -8.52854 -6.1684e-10
0.0387755 0.203142 -7.92064 5.59396e-10
0.0385408 0.203563 -6.13159 2.84462e-10
0.0381795 0.204138 -3.99084 3.13759e-10
0.0377728 0.204703 -1.97881 1.21057e-10
0.0374064 0.205155 -0.404329 -1.89244e-10
0.0369785 0.205626 1.65155 -1.67045e-10
0.0366303 0.205972 3.06937 -8.74893e-11
0.0363384 0.20624 3.7894 -3.48712e-10
0.0361203 0.206428 4.90179 2.11297e-10
0.0359187 0.206593 5.91088 -6.05211e-10
0.0357156 0.206751 6.22849 -3.2655e-10
0.0355026 0.206909 7.29888 -3.69759e-10
0.0352763 0.207069 7.79311 -3.76825e-10
0.0350492 0.207221 8.37666 -2.52382e-11
0.0348301 0.20736 8.9018 -3.15598e-10
0.0346261 0.207483 9.95138 -3.38411e-10
0.0343638 0.207632 10.859 -1.96369e-10
0.0341259 0.207759 11.0515 3.966e-10
0.0337994 0.207922 13.1992 8.55778e-10
0.0334474 0.208083 12.8034 -2.34193e-09
0.0331129 0.208223 12.8527 -8.15674e-10
0.0328494 0.208323 14.0571 -2.43108e-10
0.0325645 0.208424 14.6645 -4.0448e-10
0.03228 0.208515 15.2084 7.14346e-12
0.031966 0.208607 15.7214 -1.05242e-10
0.0316855 0.20868 16.7217 -2.58542e-10
0.0314377 0.208738 16.2343 -1.46217e-10
0.0311978 0.208788 16.338 6.51318e-11
0.0309678 0.208832 17.2398 -2.34162e-10
0.0307498 0.208868 17.5487 -2.05211e-12
0.0305277 0.2089 17.9333 -6.3199e-11
0.0302846 0.208931 17.8263 -1.27116e-10
0.0299986 0.208959 18.0663 9.24796e-11
0.0296518 0.208984 18.6051 -1.98605e-10
0.0291848 0.208999 18.8875 -2.13748e-11
0.0286903 0.208994 19.116 -9.25582e-13
0.0282235 0.208969 19.3746 3.86023e-11
0.0277589 0.208924 19.4068 1.8984e-10
0.0273085 0.208861 19.0999 1.04883e-10
0.026859 0.208779 19.6332 -2.40162e-10
0.0263974 0.208675 19.2961 3.03491e-10
0.0260824 0.208592 19.0005 2.43165e-10
0.0257826 0.208503 18.8702 1.18639e-10
0.0254998 0.208411 18.7531 3.30872e-10
0.0252522 0.208323 18.552 3.86212e-10
0.0250212 0.208235 18.0366 1.2376e-10
0.0248053 0.208148 17.9881 2.40059e-10
0.0245328 0.208029 17.8931 2.36454e-10
0.0241708 0.207858 17.3863 1.87326e-10
0.0238442 0.20769 17.0154 2.8106e-10
0.023524 0.207511 16.4354 2.60461e-10
0.023286 0.207368 15.8972 2.71585e-10
0.023074 0.207234 15.5311 8.5008e-11
0.0228352 0.207075 15.0855 3.691e-10
0.0225109 0.206845 14.4897 2.33217e-10
0.0220479 0.206483 13.4465 4.13407e-10
0.0214526 0.205954 11.7836 5.3632e-10
0.020835 0.205314 9.88867 2.62133e-10
0.0202861 0.204646 7.85121 -2.35176e-10
0.019832 0.204001 5.90376 -1.82544e-11
0.0194331 0.203338 4.11315 -1.23738e-10
0.0191578 0.202809 2.78235 -3.23737e-10
0.0189685 0.202398 1.51737 -3.66451e-10
0.018828 0.20206 0.845846 -2.17446e-10
0.0187139 0.20176 0.109423 -6.20598e-10
0.018613 0.201471 -1.24022 -9.65919e-11
0.0185234 0.201189 -2.1499 -8.6188e-10
0.0184324 0.200871 -0.943974 1.24584e-11
0.0183369 0.200491 -2.99712 -8.52264e-10
0.0182469 0.200066 -4.14862 -4.25282e-10
0.0181477 0.199454 -5.21254 -1.28508e-09
0.0180741 0.19871 -5.53364 -1.50226e-09
0.0180513 0.197945 -7.31423 -7.59524e-10
0.0180792 0.197214 -6.93196 -1.78191e-09
0.0181385 0.196617 -6.63524 -1.90518e-09
0.0182171 0.196096 -6.19508 -1.48841e-09
0.0183385 0.195502 -5.24206 -9.78985e-10
0.0184797 0.194959 -4.51825 -5.47631e-10
0.0185958 0.194582 -3.99371 -3.97877e-10
0.0187182 0.194228 -3.66405 -2.31571e-10
0.0188312 0.193932 -3.48365 -2.70062e-10
0.0189702 0.193598 -3.38849 -1.95724e-10
0.019158 0.193191 -3.35916 -1.80462e-10
0.0194261 0.192675 -3.47626 -1.453e-10
0.019803 0.192044 -3.7456 -1.62324e-10
0.0202162 0.191447 -4.06367 -1.52476e-10
0.02055 0.191019 -4.32097 -1.40987e-10
0.0208562 0.190662 -4.55606 -1.30102e-10
0.0211713 0.190325 -4.80844 -1.32902e-10
0.0215763 0.18993 -5.14068 -9.99779e-11
0.0220461 0.189519 -5.52663 -1.3253e-10
0.0224279 0.189217 -5.82619 -9.38075e-11
0.0227081 0.189013 -6.02307 -1.11088e-10
0.0229928 0.188819 -6.24955 -1.5241e-10
0.0232259 0.188669 -6.3997 -1.26776e-10
0.0234642 0.188524 -6.54342 -1.38854e-10
0.023698 0.18839 -6.71031 -1.34121e-10
0.0239021 0.18828 -6.84725 -1.14711e-10
0.0241707 0.188142 -7.02237 -1.12427e-10
0.0244122 0.188026 -7.20059 -7.89532e-11
0.0246875 0.187903 -7.38892 -6.68851e-11
0.0249331 0.1878 -7.57559 -4.87694e-11
0.0251576 0.187712 -7.71865 -5.41246e-11
0.0254414 0.187609 -7.93921 -5.25641e-11
0.0256881 0.187527 -8.1791 1.48698e-11
0.0260098 0.187429 -8.44735 -1.47181e-11
0.0262898 0.187352 -8.68074 2.36508e-11
0.0265706 0.187283 -8.96088 3.72305e-11
0.0267995 0.187233 -9.20176 6.32287e-11
0.0270426 0.187185 -9.44066 6.59827e-11
0.0272704 0.187145 -9.67345 7.79643e-11
0.0274959 0.18711 -9.95525 7.32966e-11
0.0277341 0.187079 -10.1484 1.56552e-10
0.0280043 0.18705 -10.5329 1.22286e-10
0.0282859 0.187027 -10.9628 2.08031e-10
0.0286463 0.187007 -11.4744 2.14629e-10
0.0290471 0.187 -12.0537 1.96167e-10
0.0294948 0.187009 -12.7871 9.6522e-11
0.0300116 0.187042 -13.6339 2.80233e-10
0.0306527 0.187117 -14.622 4.25715e-10
0.031246 0.187221 -15.6706 1.49394e-10
0.0317142 0.187327 -16.2616 6.5946e-10
0.032032 0.187412 -15.8828 5.83626e-10
0.0323352 0.187502 -16.6054 3.67695e-10
0.0326522 0.187606 -16.9702 3.55479e-10
0.0328945 0.187693 -17.0958 2.3388e-10
0.0331559 0.187795 -17.229 2.18725e-10
0.0335065 0.187943 -17.2791 2.37787e-10
0.0338246 0.18809 -17.3823 1.2999e-10
0.0341552 0.188256 -17.5062 2.40706e-10
0.034442 0.188412 -17.2921 1.84638e-10
0.0346456 0.188529 -17.3292 2.10313e-10
0.0348509 0.188653 -17.3588 2.36577e-10
0.0350715 0.188794 -17.2898 1.58676e-10
0.0353068 0.188952 -17.3044 2.12778e-10
0.0355391 0.189117 -17.3966 2.40081e-10
0.035756 0.18928 -17.4415 2.22944e-10
0.0359657 0.189445 -17.5263 2.76923e-10
0.0361699 0.189614 -17.6151 2.36382e-10
0.0364016 0.189816 -17.7648 3.03652e-10
0.0366879 0.190083 -17.9746 3.52169e-10
0.0370287 0.190427 -18.2696 3.94912e-10
0.0373097 0.190734 -18.6991 4.32901e-10
0.0375665 0.191037 -19.0259 5.34557e-10
0.0378223 0.191362 -19.4223 6.20643e-10
0.0380101 0.191617 -19.6568 7.50272e-10
0.0381585 0.191831 -19.7848 8.86916e-10
0.0382837 0.19202 -19.9073 9.33232e-10
0.0384059 0.192213 -20.3734 8.61304e-10
0.0385259 0.192412 -20.3236 8.60889e-10
0.03864 0.19261 -20.3852 9.57287e-10
0.0387498 0.19281 -20.4824 9.571e-10
0.0388643 0.19303 -20.5079 9.27163e-10
0.0389902 0.193287 -20.5264 9.45821e-10
0.039149 0.193637 -20.3594 9.4435e-10
0.0392961 0.193995 -20.2439 8.85918e-10
0.0394088 0.194296 -20.1554 9.17751e-10
0.0395033 0.194572 -19.9178 9.01281e-10
0.0395952 0.194866 -19.9622 8.02332e-10
0.0396772 0.195156 -19.9844 9.89296e-10
0.0397497 0.195443 -19.8726 9.96162e-10
0.0398318 0.195814 -20.047 1.08379e-09
0.0399284 0.196361 -19.6419 1.53334e-09
0.0400193 0.197163 -20.0302 -2.30116e-10
