x y fp fmu
0.0414179 0.198 -21.5992 4.5184e-08
0.0413865 0.198831 -19.4284 5.11937e-11
0.041283 0.199717 -18.0212 -1.22994e-09
0.0411281 0.200508 -13.0148 -6.48624e-10
0.0409809 0.20107 -10.2647 2.44306e-10
0.040859 0.201462 -8.86555 -2.33437e-10
0.0407472 0.201782 -7.29753 1.0099e-09
0.0406219 0.202108 -3.76571 4.0196e-10
0.0404788 0.202447 -7.19511 5.14421e-11
0.0403206 0.202789 -3.31519 -1.54509e-09
0.0401422 0.203142 -2.31068 -4.09276e-10
0.0399075 0.203563 -0.284286 -7.01501e-10
0.0395463 0.204138 2.21499 -6.19644e-10
0.0391396 0.204703 4.52433 -7.5511e-10
0.0387732 0.205155 6.24614 -1.02187e-09
0.0383453 0.205626 8.32514 -9.77128e-10
0.0379971 0.205972 9.76583 -8.11702e-10
0.0377052 0.20624 10.3634 -1.01041e-09
0.0374871 0.206428 11.055 -6.67335e-10
0.0372855 0.206593 12.1319 -1.29866e-09
0.0370824 0.206751 12.4034 -1.00014e-09
0.0368694 0.206909 13.2406 -1.03826e-09
0.0366431 0.207069 13.7394 -9.78918e-10
0.036416 0.207221 14.2011 -7.23396e-10
0.0361969 0.20736 14.5624 -9.08851e-10
0.0359929 0.207483 15.2768 -1.06613e-09
0.0357306 0.207632 16.2564 -8.266e-10
0.0354927 0.207759 16.3106 -2.39154e-10
0.0351662 0.207922 17.4462 -8.03208e-11
0.0348141 0.208083 17.7894 -1.87287e-09
0.0344796 0.208223 17.2481 -1.09861e-09
0.0342161 0.208323 18.0306 -6.98888e-10
0.0339313 0.208424 18.3925 -8.78307e-10
0.0336468 0.208515 18.7768 -5.72979e-10
0.0333327 0.208607 18.8281 -6.20529e-10
0.0330523 0.20868 19.5 -7.53577e-10
0.0328045 0.208738 19.4541 -3.10908e-10
0.0325646 0.208788 18.8602 -2.79572e-10
0.0323346 0.208832 19.1585 -7.37295e-10
0.0321166 0.208868 19.4611 -5.25038e-10
0.0318945 0.2089 19.67 -4.91581e-10
0.0316514 0.208931 19.5418 -3.12691e-10
0.0313654 0.208959 19.1424 -4.50217e-10
0.0310186 0.208984 19.3648 -7.10068e-10
0.0305516 0.208999 19.2477 -2.97209e-10
0.030057 0.208994 18.8652 -2.77234e-10
0.0295903 0.208969 18.5869 -1.68179e-10
0.0291257 0.208924 18.189 -2.27733e-11
0.0286753 0.208861 16.9367 -3.63251e-10
0.0282258 0.208779 17.3485 -8.01166e-10
0.0277642 0.208675 16.6126 7.52103e-11
0.0274492 0.208592 15.7856 2.97908e-11
0.0271494 0.208503 15.3519 -2.32766e-10
0.0268666 0.208411 14.9628 1.59408e-10
0.026619 0.208323 14.5585 1.37614e-10
0.026388 0.208235 13.7762 -2.24366e-10
0.0261721 0.208148 13.4021 6.84811e-11
0.0258995 0.208029 13.187 -3.51513e-11
0.0255376 0.207858 12.3334 -9.78812e-11
0.0252109 0.20769 11.6803 -1.71435e-11
0.0248908 0.207511 10.8471 -6.90179e-11
0.0246528 0.207368 10.0816 -3.18662e-11
0.0244408 0.207234 9.5448 -2.56299e-10
0.024202 0.207075 8.88895 4.60317e-11
0.0238777 0.206845 8.07109 -8.10014e-11
0.0234147 0.206483 6.741 5.14676e-12
0.0228194 0.205954 4.80581 5.0405e-11
0.0222017 0.205314 2.74952 -1.73563e-10
0.0216529 0.204646 0.778404 -5.23153e-10
0.0211988 0.204001 -0.935378 -3.50218e-10
0.0207999 0.203338 -2.44903 -4.29174e-10
0.0205246 0.202809 -3.46236 -5.29512e-10
0.0203353 0.202398 -4.24416 -4.99609e-10
0.0201947 0.20206 -4.69595 -4.50434e-10
0.0200806 0.20176 -5.05783 -6.29915e-10
0.0199797 0.201471 -5.65511 -4.35825e-10
0.0198902 0.201189 -6.10394 -5.75042e-10
0.0197992 0.200871 -5.72515 -3.80898e-10
0.0197036 0.200491 -6.25705 -6.769e-10
0.0196137 0.200066 -6.49308 -4.9252e-10
0.0195145 0.199454 -6.63878 -4.01652e-10
0.0194409 0.19871 -6.64687 -1.89062e-10
0.019418 0.197945 -6.56301 -2.31809e-10
0.019446 0.197214 -6.73077 -5.48374e-11
0.0195052 0.196617 -6.83309 -1.13687e-10
0.0195839 0.196096 -6.97722 -1.39301e-10
0.0197053 0.195502 -7.16199 -1.25159e-10
0.0198465 0.194959 -7.34335 -1.30106e-10
0.0199626 0.194582 -7.45888 -1.27152e-10
0.020085 0.194228 -7.57607 -1.25047e-10
0.0201979 0.193932 -7.66584 -1.18947e-10
0.020337 0.193598 -7.77519 -1.20972e-10
0.0205248 0.193191 -7.91781 -1.12736e-10
0.0207929 0.192675 -8.12204 -9.69533e-11
0.0211698 0.192044 -8.41238 -8.72303e-11
0.021583 0.191447 -8.73798 -5.79862e-11
0.0219168 0.191019 -9.00634 -4.66715e-11
0.022223 0.190662 -9.26366 -3.59667e-11
0.0225381 0.190325 -9.53518 -3.58883e-11
0.0229431 0.18993 -9.90234 8.67979e-12
0.0234129 0.189519 -10.411 5.00277e-11
0.0237947 0.189217 -10.8094 7.61425e-11
0.0240749 0.189013 -11.1848 1.83483e-10
0.0243596 0.188819 -11.6099 1.17041e-10
0.0245927 0.188669 -11.798 7.11328e-11
0.024831 0.188524 -12.2306 9.75787e-11
0.0250648 0.18839 -12.7083 1.30028e-10
0.0252689 0.18828 -12.9268 1.39986e-10
0.0255375 0.188142 -13.5146 2.10853e-10
0.025779 0.188026 -13.7295 1.49525e-10
0.0260543 0.187903 -14.298 8.96151e-11
0.0262999 0.1878 -14.5775 1.17138e-10
0.0265244 0.187712 -15.1197 5.94318e-11
0.0268082 0.187609 -15.8218 1.62781e-10
0.0270549 0.187527 -15.9206 4.87743e-12
0.0273766 0.187429 -16.5438 3.19292e-10
0.0276565 0.187352 -17.1176 7.44941e-12
0.0279373 0.187283 -17.5805 1.1505e-10
0.0281663 0.187233 -17.8017 4.80523e-11
0.0284094 0.187185 -18.1431 1.10217e-10
0.0286372 0.187145 -19.0213 2.46287e-10
0.0288627 0.18711 -19.5285 -3.17992e-10
0.0291009 0.187079 -18.4285 5.31187e-10
0.0293711 0.18705 -19.1828 4.13667e-11
0.0296527 0.187027 -19.7252 2.58109e-10
0.030013 0.187007 -20.0469 7.95731e-11
0.0304139 0.187 -20.2497 2.69409e-11
0.0308616 0.187009 -20.5105 -4.37126e-11
0.0313784 0.187042 -20.7366 1.84479e-10
0.0320194 0.187117 -20.9511 2.37692e-10
0.0326128 0.187221 -21.3359 5.12418e-11
0.0330809 0.187327 -21.6351 5.08149e-10
0.0333988 0.187412 -21.2019 4.62911e-10
0.033702 0.187502 -21.6328 3.69504e-10
0.0340189 0.187606 -21.9214 4.11225e-10
0.0342613 0.187693 -22.057 3.48764e-10
0.0345226 0.187795 -22.248 3.80679e-10
0.0348733 0.187943 -22.3946 4.87625e-10
0.0351914 0.18809 -22.9109 4.63377e-10
0.0355219 0.188256 -22.7457 6.42607e-10
0.0358088 0.188412 -22.7767 7.64719e-10
0.0360123 0.188529 -23.102 6.97507e-10
0.0362177 0.188653 -23.1258 7.65227e-10
0.0364383 0.188794 -23.1886 8.8019e-10
0.0366736 0.188952 -23.4946 7.44269e-10
0.0369059 0.189117 -23.5668 8.30559e-10
0.0371228 0.18928 -23.6776 8.87884e-10
0.0373325 0.189445 -23.7496 9.3478e-10
0.0375367 0.189614 -23.7975 1.09078e-09
0.0377684 0.189816 -23.9787 1.06323e-09
0.0380547 0.190083 -24.0746 1.21089e-09
0.0383955 0.190427 -24.1953 1.42818e-09
0.0386765 0.190734 -24.816 1.29478e-09
0.0389333 0.191037 -25.0708 1.52765e-09
0.0391891 0.191362 -25.4389 1.74351e-09
0.0393769 0.191617 -25.652 2.01372e-09
0.0395253 0.191831 -25.6285 2.37701e-09
0.0396504 0.19202 -25.6779 2.43783e-09
0.0397727 0.192213 -26.6118 2.30462e-09
0.0398927 0.192412 -26.5021 2.46861e-09
0.0400068 0.19261 -26.6398 2.75254e-09
0.0401165 0.19281 -26.8911 2.9293e-09
0.0402311 0.19303 -27.1632 3.0942e-09
0.040357 0.193287 -27.3027 3.49741e-09
0.0405157 0.193637 -26.938 4.31388e-09
0.0406629 0.193995 -27.45 4.29451e-09
0.0407756 0.194296 -28.3674 4.24689e-09
0.0408701 0.194572 -27.5343 4.00918e-09
0.040962 0.194866 -28.2522 3.09229e-09
0.041044 0.195156 -28.8076 4.1839e-09
0.0411165 0.195443 -27.6179 3.44351e-09
0.0411986 0.195814 -28.3116 2.65153e-09
0.0412952 0.196361 -26.2809 3.06099e-09
0.041386 0.197163 -24.122 -4.21398e-09
