x y fp fmu
0.0432048 0.198 -18.0843 4.04622e-08
0.0431734 0.198831 -15.9402 4.72566e-11
0.0430699 0.199717 -13.9825 -9.50695e-10
0.042915 0.200508 -9.25123 -7.64861e-10
0.0427678 0.20107 -6.45229 6.43748e-11
0.0426459 0.201462 -4.95047 -4.19108e-10
0.0425341 0.201782 -3.4951 5.80147e-10
0.0424088 0.202108 -0.223944 3.07197e-10
0.0422657 0.202447 -2.88923 -3.59948e-10
0.0421075 0.202789 0.44932 -1.62085e-09
0.0419291 0.203142 1.49694 -7.04451e-10
0.0416944 0.203563 3.41656 -9.47178e-10
0.0413332 0.204138 5.8203 -9.28881e-10
0.0409265 0.204703 7.98274 -1.05087e-09
0.0405601 0.205155 9.60821 -1.27673e-09
0.0401322 0.205626 11.5182 -1.21396e-09
0.039784 0.205972 12.8661 -1.03467e-09
0.0394921 0.20624 13.4657 -1.17773e-09
0.039274 0.206428 13.9772 -8.91343e-10
0.0390724 0.206593 15.0161 -1.44836e-09
0.0388693 0.206751 15.2729 -1.15929e-09
0.0386563 0.206909 15.9376 -1.1758e-09
0.03843 0.207069 16.363 -1.10939e-09
0.0382029 0.207221 16.6801 -8.75236e-10
0.0379838 0.20736 16.9487 -1.00786e-09
0.0377798 0.207483 17.4542 -1.20127e-09
0.0375175 0.207632 18.3485 -9.93978e-10
0.0372796 0.207759 18.432 -4.5549e-10
0.0369531 0.207922 19.0296 -4.09689e-10
0.036601 0.208083 19.7558 -1.51435e-09
0.0362665 0.208223 19.0631 -1.01145e-09
0.036003 0.208323 19.5626 -7.85884e-10
0.0357182 0.208424 19.7827 -9.66197e-10
0.0354337 0.208515 20.1113 -7.2072e-10
0.0351196 0.208607 20.007 -7.42216e-10
0.0348392 0.20868 20.4482 -8.44585e-10
0.0345914 0.208738 20.641 -2.99835e-10
0.0343515 0.208788 19.8296 -3.49661e-10
0.0341215 0.208832 19.8155 -8.338e-10
0.0339035 0.208868 20.0726 -6.51988e-10
0.0336814 0.2089 20.1899 -5.86099e-10
0.0334383 0.208931 20.0876 -3.19791e-10
0.0331523 0.208959 19.4496 -6.01794e-10
0.0328055 0.208984 19.4902 -7.9819e-10
0.0323385 0.208999 19.2128 -3.51666e-10
0.0318439 0.208994 18.5733 -3.56514e-10
0.0313772 0.208969 18.0565 -2.20812e-10
0.0309126 0.208924 17.4964 -9.53064e-11
0.0304622 0.208861 15.8894 -5.29417e-10
0.0300127 0.208779 16.167 -9.36291e-10
0.0295511 0.208675 15.3211 -2.93054e-11
0.0292361 0.208592 14.2662 -5.24306e-11
0.0289363 0.208503 13.6909 -3.36997e-10
0.0286535 0.208411 13.1887 9.42988e-11
0.0284059 0.208323 12.7078 5.45621e-11
0.0281749 0.208235 11.8401 -3.26607e-10
0.027959 0.208148 11.3057 2.11125e-11
0.0276864 0.208029 11.0486 -1.27928e-10
0.0273245 0.207858 10.0665 -1.82862e-10
0.0269978 0.20769 9.3212 -1.09625e-10
0.0266777 0.207511 8.39906 -1.7322e-10
0.0264397 0.207368 7.53716 -1.18461e-10
0.0262277 0.207234 6.9521 -3.40501e-10
0.0259889 0.207075 6.2459 -3.97655e-11
0.0256646 0.206845 5.35065 -1.57314e-10
0.0252016 0.206483 3.91366 -9.53848e-11
0.0246063 0.205954 1.86493 -4.98932e-11
0.0239886 0.205314 -0.241219 -2.59164e-10
0.0234398 0.204646 -2.19123 -6.24647e-10
0.0229857 0.204001 -3.85731 -4.07257e-10
0.0225868 0.203338 -5.26378 -4.59754e-10
0.0223115 0.202809 -6.1772 -5.23662e-10
0.0221222 0.202398 -6.88649 -4.86576e-10
0.0219816 0.20206 -7.29504 -4.38043e-10
0.0218675 0.20176 -7.59349 -5.64092e-10
0.0217666 0.201471 -8.08852 -3.89752e-10
0.0216771 0.201189 -8.48906 -4.37386e-10
0.0215861 0.200871 -8.22781 -2.83596e-10
0.0214905 0.200491 -8.65781 -5.13223e-10
0.0214006 0.200066 -8.94878 -3.15689e-10
0.0213014 0.199454 -9.22407 -3.0357e-10
0.0212278 0.19871 -9.4069 -2.31996e-10
0.0212049 0.197945 -9.62216 -1.81508e-10
0.0212329 0.197214 -9.82316 -1.13576e-10
0.0212921 0.196617 -9.93279 -1.50527e-10
0.0213708 0.196096 -10.0832 -1.44232e-10
0.0214922 0.195502 -10.2726 -1.23664e-10
0.0216334 0.194959 -10.4625 -1.35825e-10
0.0217495 0.194582 -10.5898 -1.42712e-10
0.0218719 0.194228 -10.7209 -1.55705e-10
0.0219848 0.193932 -10.8166 -1.52812e-10
0.0221239 0.193598 -10.9301 -1.66958e-10
0.0223117 0.193191 -11.0604 -1.64096e-10
0.0225798 0.192675 -11.2211 -1.52894e-10
0.0229567 0.192044 -11.4103 -1.40774e-10
0.0233699 0.191447 -11.5911 -1.00357e-10
0.0237037 0.191019 -11.7315 -7.50287e-11
0.0240099 0.190662 -11.8674 -4.94122e-11
0.024325 0.190325 -12.0158 -3.93697e-11
0.02473 0.18993 -12.2409 5.90983e-12
0.0251998 0.189519 -12.595 7.34156e-11
0.0255816 0.189217 -12.8774 8.86323e-11
0.0258618 0.189013 -13.1897 2.13669e-10
0.0261465 0.188819 -13.5315 1.55075e-10
0.0263796 0.188669 -13.6478 1.03222e-10
0.0266179 0.188524 -14.0405 1.27124e-10
0.0268517 0.18839 -14.4664 1.57139e-10
0.0270558 0.18828 -14.623 1.78288e-10
0.0273244 0.188142 -15.1702 2.48643e-10
0.0275659 0.188026 -15.2845 1.86888e-10
0.0278412 0.187903 -15.7989 8.76226e-11
0.0280868 0.1878 -15.9997 1.41392e-10
0.0283113 0.187712 -16.5294 8.39029e-11
0.0285951 0.187609 -17.1813 1.95082e-10
0.0288418 0.187527 -17.1722 1.00827e-11
0.0291635 0.187429 -17.7623 3.44442e-10
0.0294434 0.187352 -18.2815 3.19056e-11
0.0297242 0.187283 -18.6903 1.50685e-10
0.0299532 0.187233 -18.8344 6.52704e-11
0.0301963 0.187185 -19.1512 1.40078e-10
0.0304241 0.187145 -20.0486 2.92737e-10
0.0306496 0.18711 -20.4509 -4.22545e-10
0.0308878 0.187079 -19.1582 5.36728e-10
0.031158 0.18705 -19.9477 -7.52032e-12
0.0314396 0.187027 -20.4102 2.6886e-10
0.0317999 0.187007 -20.6299 9.34107e-11
0.0322008 0.187 -20.7027 1.01428e-11
0.0326485 0.187009 -20.8168 -6.55458e-11
0.0331653 0.187042 -20.8681 1.59382e-10
0.0338063 0.187117 -20.8613 2.35444e-10
0.0343997 0.187221 -21.0409 -5.5613e-12
0.0348678 0.187327 -21.0612 5.24359e-10
0.0351857 0.187412 -20.3567 4.70758e-10
0.0354889 0.187502 -20.7145 3.19409e-10
0.0358058 0.187606 -20.8124 3.50312e-10
0.0360482 0.187693 -20.8025 2.8785e-10
0.0363096 0.187795 -20.8523 3.19234e-10
0.0366602 0.187943 -20.8255 4.1882e-10
0.0369783 0.18809 -21.2125 4.12606e-10
0.0373088 0.188256 -20.8084 6.12576e-10
0.0375957 0.188412 -20.8053 7.22822e-10
0.0377992 0.188529 -21.056 6.51671e-10
0.0380046 0.188653 -20.9991 7.21372e-10
0.0382252 0.188794 -21.0399 8.67525e-10
0.0384605 0.188952 -21.286 7.20426e-10
0.0386928 0.189117 -21.3051 8.33933e-10
0.0389097 0.18928 -21.4184 8.85704e-10
0.0391194 0.189445 -21.4611 9.4833e-10
0.0393236 0.189614 -21.5173 1.18385e-09
0.0395553 0.189816 -21.6912 1.15278e-09
0.0398416 0.190083 -21.7477 1.29247e-09
0.0401824 0.190427 -21.8887 1.63937e-09
0.0404634 0.190734 -22.5601 1.55485e-09
0.0407202 0.191037 -22.7236 1.81776e-09
0.040976 0.191362 -23.2626 2.15615e-09
0.0411638 0.191617 -23.7061 2.45627e-09
0.0413122 0.191831 -23.9127 2.82338e-09
0.0414373 0.19202 -24.1657 2.95242e-09
0.0415596 0.192213 -25.4856 2.88237e-09
0.0416796 0.192412 -25.2414 3.05807e-09
0.0417937 0.19261 -25.5741 3.64897e-09
0.0419034 0.19281 -25.9041 3.83904e-09
0.042018 0.19303 -26.0887 4.03299e-09
0.0421439 0.193287 -26.5766 4.4619e-09
0.0423026 0.193637 -27.0202 4.4675e-09
0.0424498 0.193995 -27.3771 3.87283e-09
0.0425625 0.194296 -27.6035 3.9727e-09
0.042657 0.194572 -26.6883 3.43295e-09
0.0427489 0.194866 -26.8789 2.69994e-09
0.0428309 0.195156 -27.3286 3.61721e-09
0.0429034 0.195443 -25.9659 2.78804e-09
0.0429855 0.195814 -26.0604 2.38795e-09
0.0430821 0.196361 -23.7801 2.59991e-09
0.0431729 0.197163 -20.8251 -3.48059e-09
