x y fp fmu
0.0442149 0.198 -16.9175 3.69942e-08
0.0441835 0.198831 -14.8729 -1.16061e-10
0.0440801 0.199717 -12.6724 -9.12894e-10
0.0439251 0.200508 -8.13092 -7.43699e-10
0.0437779 0.20107 -5.41609 2.5985e-11
0.043656 0.201462 -3.91723 -4.63738e-10
0.0435442 0.201782 -2.54028 4.01467e-10
0.043419 0.202108 0.54304 2.81887e-10
0.0432759 0.202447 -1.71316 -5.04148e-10
0.0431176 0.202789 1.36423 -1.5884e-09
0.0429393 0.203142 2.41662 -7.82358e-10
0.0427046 0.203563 4.25784 -9.78095e-10
0.0423433 0.204138 6.59201 -9.79202e-10
0.0419366 0.204703 8.68194 -1.09417e-09
0.0415702 0.205155 10.2582 -1.30212e-09
0.0411423 0.205626 12.0968 -1.24005e-09
0.0407941 0.205972 13.3928 -1.07034e-09
0.0405022 0.20624 13.9813 -1.1963e-09
0.0402841 0.206428 14.4342 -9.28287e-10
0.0400825 0.206593 15.4352 -1.45645e-09
0.0398794 0.206751 15.7105 -1.18345e-09
0.0396665 0.206909 16.3336 -1.18289e-09
0.0394401 0.207069 16.7438 -1.12067e-09
0.039213 0.207221 17.0163 -9.02785e-10
0.0389939 0.20736 17.2532 -1.02073e-09
0.0387899 0.207483 17.6797 -1.21695e-09
0.0385277 0.207632 18.4949 -1.02257e-09
0.0382897 0.207759 18.5875 -5.11735e-10
0.0379633 0.207922 19.0105 -5.11404e-10
0.0376112 0.208083 19.8228 -1.38526e-09
0.0372767 0.208223 19.1244 -9.58921e-10
0.0370132 0.208323 19.5324 -7.7346e-10
0.0367283 0.208424 19.6814 -9.46278e-10
0.0364439 0.208515 19.9678 -7.31768e-10
0.0361298 0.208607 19.8219 -7.45928e-10
0.0358494 0.20868 20.1668 -8.3366e-10
0.0356015 0.208738 20.4271 -2.7561e-10
0.0353617 0.208788 19.583 -3.4497e-10
0.0351317 0.208832 19.4624 -8.24506e-10
0.0349137 0.208868 19.688 -6.64641e-10
0.0346916 0.2089 19.7699 -5.96909e-10
0.0344484 0.208931 19.6863 -3.07415e-10
0.0341625 0.208959 18.9816 -6.32134e-10
0.0338156 0.208984 18.9311 -7.88524e-10
0.0333486 0.208999 18.5963 -3.65084e-10
0.0328541 0.208994 17.8825 -3.67084e-10
0.0323873 0.208969 17.2677 -2.32168e-10
0.0319228 0.208924 16.6587 -1.15862e-10
0.0314724 0.208861 14.9301 -5.82929e-10
0.0310228 0.208779 15.1529 -9.76129e-10
0.0305613 0.208675 14.2908 -6.72979e-11
0.0302463 0.208592 13.1553 -7.79502e-11
0.0299465 0.208503 12.5329 -3.71071e-10
0.0296636 0.208411 11.9942 6.82342e-11
0.0294161 0.208323 11.4871 1.69523e-11
0.029185 0.208235 10.5938 -3.66386e-10
0.0289692 0.208148 9.9882 2.22579e-12
0.0286966 0.208029 9.71585 -1.68398e-10
0.0283346 0.207858 8.68137 -2.20651e-10
0.028008 0.20769 7.89595 -1.53696e-10
0.0276878 0.207511 6.93891 -2.18584e-10
0.0274498 0.207368 6.03641 -1.55949e-10
0.0272378 0.207234 5.42935 -3.79728e-10
0.0269991 0.207075 4.69613 -7.96845e-11
0.0266748 0.206845 3.77221 -1.93674e-10
0.0262117 0.206483 2.29904 -1.42372e-10
0.0256165 0.205954 0.191955 -1.0201e-10
0.0249988 0.205314 -1.94404 -3.03709e-10
0.0244499 0.204646 -3.89253 -6.66116e-10
0.0239958 0.204001 -5.55799 -4.34257e-10
0.023597 0.203338 -6.96604 -4.8397e-10
0.0233216 0.202809 -7.87077 -5.40958e-10
0.0231324 0.202398 -8.5828 -4.96065e-10
0.0229918 0.20206 -8.99014 -4.45188e-10
0.0228777 0.20176 -9.28727 -5.65071e-10
0.0227768 0.201471 -9.80271 -3.87627e-10
0.0226872 0.201189 -10.2287 -4.28756e-10
0.0225963 0.200871 -9.93736 -2.62888e-10
0.0225007 0.200491 -10.4238 -5.30235e-10
0.0224107 0.200066 -10.7768 -3.17374e-10
0.0223115 0.199454 -11.1183 -3.2841e-10
0.0222379 0.19871 -11.3143 -2.98398e-10
0.0222151 0.197945 -11.625 -2.07285e-10
0.022243 0.197214 -11.8251 -1.51154e-10
0.0223023 0.196617 -11.8862 -1.78451e-10
0.0223809 0.196096 -12.0078 -1.57348e-10
0.0225024 0.195502 -12.1692 -1.29902e-10
0.0226435 0.194959 -12.344 -1.38139e-10
0.0227596 0.194582 -12.4647 -1.51871e-10
0.0228821 0.194228 -12.5974 -1.73676e-10
0.022995 0.193932 -12.692 -1.74071e-10
0.023134 0.193598 -12.8083 -1.97273e-10
0.0233218 0.193191 -12.9338 -2.00455e-10
0.0235899 0.192675 -13.0756 -1.96998e-10
0.0239668 0.192044 -13.2158 -1.89156e-10
0.02438 0.191447 -13.3154 -1.55867e-10
0.0247139 0.191019 -13.3748 -1.27137e-10
0.02502 0.190662 -13.4225 -9.89529e-11
0.0253351 0.190325 -13.4756 -7.98904e-11
0.0257401 0.18993 -13.5759 -3.72571e-11
0.02621 0.189519 -13.7534 3.59547e-11
0.0265917 0.189217 -13.9085 5.09019e-11
0.026872 0.189013 -14.116 1.65853e-10
0.0271566 0.188819 -14.3316 1.34958e-10
0.0273898 0.188669 -14.3988 9.97862e-11
0.027628 0.188524 -14.7019 1.27916e-10
0.0278618 0.18839 -15.0267 1.51968e-10
0.0280659 0.18828 -15.138 1.85368e-10
0.0283345 0.188142 -15.5874 2.511e-10
0.028576 0.188026 -15.6432 1.99205e-10
0.0288513 0.187903 -16.082 9.64202e-11
0.0290969 0.1878 -16.2269 1.60841e-10
0.0293215 0.187712 -16.7149 1.11031e-10
0.0296052 0.187609 -17.2985 2.3049e-10
0.0298519 0.187527 -17.2304 3.02726e-11
0.0301736 0.187429 -17.7984 3.75021e-10
0.0304536 0.187352 -18.2749 6.52502e-11
0.0307344 0.187283 -18.6489 1.85862e-10
0.0309633 0.187233 -18.7616 9.24782e-11
0.0312064 0.187185 -19.0829 1.8493e-10
0.0314342 0.187145 -20.0149 3.60128e-10
0.0316597 0.18711 -20.323 -4.57248e-10
0.0318979 0.187079 -18.9263 5.55816e-10
0.0321682 0.18705 -19.7748 -2.63034e-11
0.0324497 0.187027 -20.2134 2.92865e-10
0.0328101 0.187007 -20.3894 1.19512e-10
0.033211 0.187 -20.4033 7.13798e-12
0.0336586 0.187009 -20.4423 -7.86334e-11
0.0341754 0.187042 -20.3863 1.41901e-10
0.0348165 0.187117 -20.2338 2.16183e-10
0.0354098 0.187221 -20.2497 -3.82601e-11
0.035878 0.187327 -20.1234 4.8069e-10
0.0361959 0.187412 -19.3711 4.31385e-10
0.0364991 0.187502 -19.6358 2.688e-10
0.036816 0.187606 -19.6276 2.93825e-10
0.0370583 0.187693 -19.5358 2.43399e-10
0.0373197 0.187795 -19.5 2.6734e-10
0.0376703 0.187943 -19.3543 3.62775e-10
0.0379884 0.18809 -19.5911 3.33744e-10
0.038319 0.188256 -19.1263 5.47712e-10
0.0386058 0.188412 -19.0545 6.13447e-10
0.0388094 0.188529 -19.2146 5.48536e-10
0.0390147 0.188653 -19.1073 6.18752e-10
0.0392354 0.188794 -19.0857 7.59885e-10
0.0394707 0.188952 -19.237 6.32236e-10
0.039703 0.189117 -19.1887 7.4364e-10
0.0399198 0.18928 -19.2484 7.93005e-10
0.0401295 0.189445 -19.2575 8.54342e-10
0.0403337 0.189614 -19.2936 1.09018e-09
0.0405655 0.189816 -19.404 1.07868e-09
0.0408517 0.190083 -19.3932 1.23049e-09
0.0411926 0.190427 -19.5269 1.60236e-09
0.0414735 0.190734 -20.1893 1.5443e-09
0.0417304 0.191037 -20.4631 1.79985e-09
0.0419862 0.191362 -21.2562 2.09838e-09
0.0421739 0.191617 -21.7696 2.39373e-09
0.0423223 0.191831 -22.0353 2.7029e-09
0.0424475 0.19202 -22.356 2.87844e-09
0.0425697 0.192213 -23.6689 2.84642e-09
0.0426897 0.192412 -23.4192 3.02108e-09
0.0428039 0.19261 -23.8365 3.6241e-09
0.0429136 0.19281 -24.2327 3.79603e-09
0.0430281 0.19303 -24.6525 3.94512e-09
0.043154 0.193287 -25.2347 4.27882e-09
0.0433128 0.193637 -25.6573 4.19733e-09
0.0434599 0.193995 -25.9819 3.67309e-09
0.0435726 0.194296 -26.2251 3.79257e-09
0.0436671 0.194572 -25.3751 3.30697e-09
0.0437591 0.194866 -25.5275 2.61543e-09
0.043841 0.195156 -25.8437 3.49633e-09
0.0439136 0.195443 -24.5843 2.8556e-09
0.0439956 0.195814 -24.601 2.41335e-09
0.0440922 0.196361 -22.5379 2.43792e-09
0.0441831 0.197163 -19.5892 -3.00761e-09
