x y fp fmu
0.0479082 0.198 -10.5 1.94711e-08
0.0478768 0.198831 -8.78165 -8.03754e-11
0.0477733 0.199717 -6.4346 -2.22469e-10
0.0476184 0.200508 -3.20803 6.91043e-11
0.0474712 0.20107 -1.28742 5.27058e-10
0.0473493 0.201462 -0.11525 9.88944e-11
0.0472375 0.201782 0.902549 4.93648e-10
0.0471122 0.202108 2.96036 6.59462e-10
0.0469692 0.202447 1.98706 -1.8988e-10
0.0468109 0.202789 4.1704 -6.45423e-10
0.0466325 0.203142 5.07768 -2.4683e-10
0.0463979 0.203563 6.56205 -2.5747e-10
0.0460366 0.204138 8.42919 -3.99137e-10
0.0456299 0.204703 10.1585 -4.92759e-10
0.0452635 0.205155 11.4732 -7.0409e-10
0.0448356 0.205626 12.984 -6.70097e-10
0.0444874 0.205972 14.0305 -5.91123e-10
0.0441955 0.20624 14.5922 -6.96949e-10
0.0439774 0.206428 15.0047 -4.29332e-10
0.0437758 0.206593 15.7523 -9.09337e-10
0.0435727 0.206751 16.0181 -7.41982e-10
0.0433597 0.206909 16.5187 -7.25646e-10
0.0431334 0.207069 16.876 -6.90136e-10
0.0429063 0.207221 17.1244 -4.62421e-10
0.0426872 0.20736 17.3497 -6.15318e-10
0.0424832 0.207483 17.6963 -7.68064e-10
0.0422209 0.207632 18.261 -6.50014e-10
0.041983 0.207759 18.3597 -2.59234e-10
0.0416565 0.207922 18.671 -2.55427e-10
0.0413044 0.208083 19.2518 -1.00122e-09
0.04097 0.208223 18.7447 -5.73513e-10
0.0407064 0.208323 19.0845 -4.69438e-10
0.0404216 0.208424 19.1581 -5.81552e-10
0.0401371 0.208515 19.3308 -4.22705e-10
0.039823 0.208607 19.2218 -4.61294e-10
0.0395426 0.20868 19.4001 -5.09531e-10
0.0392948 0.208738 19.561 -1.29035e-10
0.0390549 0.208788 18.9407 -1.51739e-10
0.0388249 0.208832 18.8054 -5.09111e-10
0.0386069 0.208868 18.9113 -4.05512e-10
0.0383848 0.2089 18.9342 -3.65083e-10
0.0381417 0.208931 18.8432 -1.67903e-10
0.0378557 0.208959 18.2359 -4.24808e-10
0.0375089 0.208984 18.1035 -5.32476e-10
0.0370419 0.208999 17.7508 -2.13644e-10
0.0365473 0.208994 17.0315 -2.48919e-10
0.0360806 0.208969 16.4094 -1.33168e-10
0.035616 0.208924 15.8192 -5.11469e-11
0.0351656 0.208861 14.1871 -5.35104e-10
0.0347161 0.208779 14.255 -8.41156e-10
0.0342545 0.208675 13.5362 -1.58103e-11
0.0339395 0.208592 12.3618 8.59941e-12
0.0336397 0.208503 11.7457 -3.18127e-10
0.0333569 0.208411 11.2173 1.16395e-10
0.0331093 0.208323 10.704 5.68094e-11
0.0328783 0.208235 9.82047 -3.42021e-10
0.0326624 0.208148 9.05365 1.03924e-10
0.0323899 0.208029 8.91229 -1.2899e-10
0.0320279 0.207858 7.82622 -1.75529e-10
0.0317012 0.20769 7.07141 -8.47571e-11
0.0313811 0.207511 6.12504 -1.66951e-10
0.0311431 0.207368 5.11802 -8.53529e-11
0.0309311 0.207234 4.43983 -3.83266e-10
0.0306923 0.207075 3.62744 1.84084e-11
0.030368 0.206845 2.71365 -1.46004e-10
0.029905 0.206483 1.24027 -6.98961e-11
0.0293097 0.205954 -1.05497 -4.71566e-11
0.0286921 0.205314 -3.38527 -3.61795e-10
0.0281432 0.204646 -5.62461 -9.59149e-10
0.0276891 0.204001 -7.66507 -6.36482e-10
0.0272902 0.203338 -9.34999 -7.01015e-10
0.0270149 0.202809 -10.4969 -8.04939e-10
0.0268256 0.202398 -11.5738 -7.17971e-10
0.0266851 0.20206 -12.0545 -5.70796e-10
0.026571 0.20176 -12.5175 -8.35904e-10
0.02647 0.201471 -13.6802 -4.63638e-10
0.0263805 0.201189 -14.5926 -6.46631e-10
0.0262895 0.200871 -13.0123 -5.11023e-11
0.026194 0.200491 -14.5258 -1.12808e-09
0.026104 0.200066 -15.4686 -5.52979e-10
0.0260048 0.199454 -16.1137 -7.95249e-10
0.0259312 0.19871 -16.0204 -9.07143e-10
0.0259084 0.197945 -17.2154 -5.4863e-10
0.0259363 0.197214 -17.1423 -7.01036e-10
0.0259955 0.196617 -17.2556 -9.198e-10
0.0260742 0.196096 -17.6588 -8.09143e-10
0.0261956 0.195502 -17.8987 -6.32524e-10
0.0263368 0.194959 -17.9888 -6.15159e-10
0.0264529 0.194582 -17.9431 -6.1322e-10
0.0265753 0.194228 -17.921 -5.37097e-10
0.0266882 0.193932 -17.7979 -5.49481e-10
0.0268273 0.193598 -17.7105 -4.75519e-10
0.0270151 0.193191 -17.5754 -3.99076e-10
0.0272832 0.192675 -17.4191 -3.14114e-10
0.0276601 0.192044 -17.2664 -2.69542e-10
0.0280733 0.191447 -17.1968 -2.31076e-10
0.0284071 0.191019 -17.1772 -2.52527e-10
0.0287133 0.190662 -17.1668 -2.88911e-10
0.0290284 0.190325 -17.1723 -2.95372e-10
0.0294334 0.18993 -17.1104 -2.77483e-10
0.0299032 0.189519 -16.9224 -3.89724e-10
0.030285 0.189217 -16.7782 -3.09203e-10
0.0305652 0.189013 -16.4759 -4.42653e-10
0.0308499 0.188819 -16.2498 -3.83408e-10
0.031083 0.188669 -16.1619 -2.94188e-10
0.0313213 0.188524 -15.7883 -3.01499e-10
0.0315551 0.18839 -15.4832 -3.01416e-10
0.0317592 0.18828 -15.3487 -2.79299e-10
0.0320278 0.188142 -14.9618 -2.73229e-10
0.0322693 0.188026 -14.8246 -2.4104e-10
0.0325446 0.187903 -14.4704 -1.39945e-10
0.0327902 0.1878 -14.26 -1.36405e-10
0.0330147 0.187712 -13.9725 -9.81501e-11
0.0332985 0.187609 -13.6693 -7.08683e-11
0.0335452 0.187527 -13.5004 -4.76348e-11
0.0338669 0.187429 -13.2684 1.07615e-11
0.0341469 0.187352 -13.0696 9.20286e-12
0.0344277 0.187283 -12.9066 8.15672e-11
0.0346566 0.187233 -12.7545 3.67831e-11
0.0348997 0.187185 -12.7621 1.38417e-10
0.0351275 0.187145 -13.0151 2.96751e-10
0.035353 0.18711 -12.8248 -3.12731e-10
0.0355912 0.187079 -11.9522 2.43083e-10
0.0358614 0.18705 -12.4653 -5.04653e-12
0.036143 0.187027 -12.6182 2.91592e-10
0.0365033 0.187007 -12.5906 2.59714e-10
0.0369042 0.187 -12.5104 9.15546e-11
0.0373519 0.187009 -12.517 -5.59603e-11
0.0378687 0.187042 -12.403 2.1224e-10
0.0385098 0.187117 -12.2121 2.74601e-10
0.0391031 0.187221 -12.1172 -4.3204e-11
0.0395713 0.187327 -11.7465 4.02611e-10
0.0398891 0.187412 -11.1531 3.70022e-10
0.0401923 0.187502 -11.2736 1.57899e-10
0.0405093 0.187606 -11.1184 1.63082e-10
0.0407516 0.187693 -10.9309 1.43611e-10
0.041013 0.187795 -10.7709 1.29454e-10
0.0413636 0.187943 -10.4809 1.56174e-10
0.0416817 0.18809 -10.3027 9.67996e-11
0.0420122 0.188256 -10.0334 1.99153e-10
0.0422991 0.188412 -9.75962 1.72005e-10
0.0425027 0.188529 -9.65425 1.68327e-10
0.042708 0.188653 -9.51389 1.87113e-10
0.0429286 0.188794 -9.35582 1.76019e-10
0.0431639 0.188952 -9.23828 1.70756e-10
0.0433962 0.189117 -9.10463 2.12661e-10
0.0436131 0.18928 -9.00628 1.922e-10
0.0438228 0.189445 -8.90161 2.21195e-10
0.044027 0.189614 -8.82922 2.79636e-10
0.0442587 0.189816 -8.77238 2.64504e-10
0.044545 0.190083 -8.66968 2.75483e-10
0.0448858 0.190427 -8.6411 3.91146e-10
0.0451668 0.190734 -8.72476 4.11947e-10
0.0454236 0.191037 -8.68051 4.75069e-10
0.0456794 0.191362 -8.85776 5.21314e-10
0.0458672 0.191617 -8.92837 6.88255e-10
0.0460156 0.191831 -9.03808 7.32166e-10
0.0461408 0.19202 -9.36948 8.56069e-10
0.046263 0.192213 -9.95942 9.40731e-10
0.046383 0.192412 -9.88643 8.17874e-10
0.0464971 0.19261 -10.4808 1.2263e-09
0.0466068 0.19281 -10.8281 1.11619e-09
0.0467214 0.19303 -11.3915 1.35983e-09
0.0468473 0.193287 -11.7366 1.43267e-09
0.047006 0.193637 -12.3152 1.71884e-09
0.0471532 0.193995 -12.8838 1.94323e-09
0.0472659 0.194296 -13.1399 2.23182e-09
0.0473604 0.194572 -13.2838 2.37915e-09
0.0474523 0.194866 -13.7876 2.05619e-09
0.0475343 0.195156 -13.8926 2.3951e-09
0.0476068 0.195443 -13.6737 2.45199e-09
0.0476889 0.195814 -13.8642 2.2104e-09
0.0477855 0.196361 -13.0563 2.10273e-09
0.0478764 0.197163 -11.7926 -1.1229e-09
