x y fp fmu
0.0485576 0.198 -9.33681 1.61291e-08
0.0485262 0.198831 -7.85039 -3.94175e-11
0.0484227 0.199717 -5.73411 -7.64071e-11
0.0482678 0.200508 -2.93875 2.02501e-10
0.0481206 0.20107 -1.2733 6.01967e-10
0.0479987 0.201462 -0.216919 2.11704e-10
0.0478869 0.201782 0.702439 5.32151e-10
0.0477616 0.202108 2.55811 7.14067e-10
0.0476185 0.202447 1.72308 -1.0484e-10
0.0474603 0.202789 3.74012 -4.7679e-10
0.0472819 0.203142 4.59244 -1.33352e-10
0.0470472 0.203563 6.00638 -8.22915e-11
0.046686 0.204138 7.7427 -2.73155e-10
0.0462793 0.204703 9.40753 -3.81437e-10
0.0459129 0.205155 10.7088 -5.83509e-10
0.045485 0.205626 12.1715 -5.53501e-10
0.0451368 0.205972 13.1926 -4.83027e-10
0.0448449 0.20624 13.7658 -5.86578e-10
0.0446268 0.206428 14.2022 -2.85786e-10
0.0444252 0.206593 14.9264 -7.92905e-10
0.0442221 0.206751 15.1964 -6.35032e-10
0.0440091 0.206909 15.7061 -6.11971e-10
0.0437828 0.207069 16.0627 -5.79287e-10
0.0435557 0.207221 16.3287 -3.25093e-10
0.0433366 0.20736 16.57 -4.86551e-10
0.0431326 0.207483 16.9518 -6.27263e-10
0.0428703 0.207632 17.5211 -5.20665e-10
0.0426324 0.207759 17.6141 -1.55526e-10
0.0423059 0.207922 18.0499 -9.37916e-11
0.0419538 0.208083 18.5573 -1.04631e-09
0.0416193 0.208223 18.0786 -4.90181e-10
0.0413558 0.208323 18.508 -3.85173e-10
0.041071 0.208424 18.6264 -4.95732e-10
0.0407865 0.208515 18.8242 -3.07719e-10
0.0404724 0.208607 18.7688 -3.77531e-10
0.040192 0.20868 19.0112 -4.24078e-10
0.0399442 0.208738 19.0886 -1.01071e-10
0.0397043 0.208788 18.5504 -7.62576e-11
0.0394743 0.208832 18.5241 -4.22469e-10
0.0392563 0.208868 18.6407 -3.06407e-10
0.0390342 0.2089 18.6873 -2.87224e-10
0.0387911 0.208931 18.5777 -1.2813e-10
0.0385051 0.208959 18.068 -2.99219e-10
0.0381583 0.208984 18.0109 -4.27194e-10
0.0376913 0.208999 17.703 -1.47111e-10
0.0371967 0.208994 17.0867 -1.56464e-10
0.03673 0.208969 16.5639 -6.36547e-11
0.0362654 0.208924 16.0357 2.6189e-11
0.035815 0.208861 14.5453 -4.01747e-10
0.0353655 0.208779 14.6509 -7.12987e-10
0.0349039 0.208675 13.9938 6.89392e-11
0.0345889 0.208592 12.88 9.1008e-11
0.0342891 0.208503 12.3045 -2.03305e-10
0.0340063 0.208411 11.818 1.99555e-10
0.0337587 0.208323 11.3585 1.37502e-10
0.0335277 0.208235 10.5088 -2.3743e-10
0.0333118 0.208148 9.79328 1.65778e-10
0.0330392 0.208029 9.63826 -1.7821e-11
0.0326773 0.207858 8.62516 -6.2606e-11
0.0323506 0.20769 7.85505 2.14469e-11
0.0320305 0.207511 6.8789 -5.70828e-11
0.0317925 0.207368 5.88798 4.1017e-11
0.0315805 0.207234 5.29806 -2.53153e-10
0.0313417 0.207075 4.55363 1.18848e-10
0.0310174 0.206845 3.59157 -5.52295e-11
0.0305544 0.206483 2.08154 6.76328e-11
0.0299591 0.205954 -0.273235 1.32733e-10
0.0293414 0.205314 -2.66835 -1.57366e-10
0.0287926 0.204646 -5.08051 -7.99123e-10
0.0283385 0.204001 -7.31035 -5.3185e-10
0.0279396 0.203338 -9.10556 -6.60381e-10
0.0276643 0.202809 -10.415 -8.12714e-10
0.027475 0.202398 -11.6659 -7.51789e-10
0.0273344 0.20206 -12.3285 -5.5009e-10
0.0272203 0.20176 -12.931 -8.88769e-10
0.0271194 0.201471 -14.5246 -4.18207e-10
0.0270299 0.201189 -15.6022 -6.87557e-10
0.0269389 0.200871 -12.9525 2.40908e-10
0.0268433 0.200491 -15.1708 -1.48866e-09
0.0267534 0.200066 -16.4728 -5.66217e-10
0.0266542 0.199454 -17.1734 -1.08266e-09
0.0265806 0.19871 -16.9308 -1.06605e-09
0.0265577 0.197945 -18.7867 -4.46977e-10
0.0265857 0.197214 -18.5562 -1.06982e-09
0.0266449 0.196617 -18.6046 -1.1354e-09
0.0267236 0.196096 -18.9649 -8.45963e-10
0.026845 0.195502 -19.2357 -6.47244e-10
0.0269862 0.194959 -19.3987 -6.53267e-10
0.0271023 0.194582 -19.4457 -7.28846e-10
0.0272247 0.194228 -19.5495 -7.36813e-10
0.0273376 0.193932 -19.5287 -7.6459e-10
0.0274767 0.193598 -19.5392 -7.41064e-10
0.0276645 0.193191 -19.4655 -6.58785e-10
0.0279326 0.192675 -19.2978 -5.41798e-10
0.0283095 0.192044 -18.9907 -4.37723e-10
0.0287227 0.191447 -18.7107 -2.83463e-10
0.0290565 0.191019 -18.5572 -2.40599e-10
0.0293627 0.190662 -18.4768 -2.29784e-10
0.0296778 0.190325 -18.4662 -2.38654e-10
0.0300828 0.18993 -18.4457 -1.86729e-10
0.0305526 0.189519 -18.5037 -3.1213e-10
0.0309344 0.189217 -18.5131 -2.41844e-10
0.0312146 0.189013 -18.377 -4.06169e-10
0.0314993 0.188819 -18.3864 -4.48954e-10
0.0317324 0.188669 -18.3298 -3.47359e-10
0.0319707 0.188524 -18.0465 -4.28225e-10
0.0322045 0.18839 -17.8788 -4.13564e-10
0.0324086 0.18828 -17.7627 -4.23271e-10
0.0326772 0.188142 -17.4165 -4.56163e-10
0.0329187 0.188026 -17.3275 -4.01297e-10
0.033194 0.187903 -16.9131 -2.80888e-10
0.0334396 0.1878 -16.6756 -3.25198e-10
0.0336641 0.187712 -16.1942 -3.0515e-10
0.0339479 0.187609 -15.7582 -3.61147e-10
0.0341946 0.187527 -15.6333 -1.97882e-10
0.0345163 0.187429 -15.0148 -3.63115e-10
0.0347962 0.187352 -14.5834 -2.12142e-10
0.035077 0.187283 -14.1939 -2.07596e-10
0.035306 0.187233 -13.9442 -1.86421e-10
0.0355491 0.187185 -13.5596 -1.86334e-10
0.0357769 0.187145 -13.1369 -1.96158e-10
0.0360024 0.18711 -12.9565 -1.73662e-10
0.0362406 0.187079 -12.7978 -1.41538e-10
0.0365108 0.18705 -12.4914 -5.69943e-11
0.0367924 0.187027 -12.231 -3.0826e-11
0.0371527 0.187007 -11.8991 4.17252e-11
0.0375536 0.187 -11.5719 1.60693e-11
0.0380013 0.187009 -11.2806 -7.838e-11
0.0385181 0.187042 -10.9559 8.58117e-11
0.0391591 0.187117 -10.6464 2.04025e-10
0.0397525 0.187221 -10.5071 -4.20667e-11
0.0402206 0.187327 -10.0732 3.69111e-10
0.0405385 0.187412 -9.52622 3.79295e-10
0.0408417 0.187502 -9.67005 1.46386e-10
0.0411586 0.187606 -9.52375 1.59498e-10
0.041401 0.187693 -9.33954 1.24683e-10
0.0416624 0.187795 -9.17688 1.19832e-10
0.042013 0.187943 -8.89628 1.43708e-10
0.0423311 0.18809 -8.71269 1.00657e-10
0.0426616 0.188256 -8.44776 1.92123e-10
0.0429485 0.188412 -8.16868 1.58563e-10
0.043152 0.188529 -8.03875 1.5221e-10
0.0433574 0.188653 -7.88237 1.71746e-10
0.043578 0.188794 -7.67541 1.26075e-10
0.0438133 0.188952 -7.49217 1.36694e-10
0.0440456 0.189117 -7.30439 1.53121e-10
0.0442625 0.18928 -7.12473 1.29828e-10
0.0444722 0.189445 -6.94929 1.52752e-10
0.0446764 0.189614 -6.79582 1.50515e-10
0.0449081 0.189816 -6.62672 1.69949e-10
0.0451944 0.190083 -6.4161 1.71813e-10
0.0455352 0.190427 -6.2149 2.11289e-10
0.0458162 0.190734 -6.10475 2.06075e-10
0.046073 0.191037 -5.92577 2.42862e-10
0.0463288 0.191362 -5.87132 2.63039e-10
0.0465166 0.191617 -5.78916 3.78083e-10
0.046665 0.191831 -5.76675 3.82587e-10
0.0467901 0.19202 -5.92439 4.75647e-10
0.0469124 0.192213 -6.18588 5.26917e-10
0.0470324 0.192412 -5.99447 3.6119e-10
0.0471465 0.19261 -6.35168 6.37964e-10
0.0472562 0.19281 -6.5474 5.67025e-10
0.0473708 0.19303 -7.01813 8.3847e-10
0.0474967 0.193287 -7.3437 8.92936e-10
0.0476554 0.193637 -8.0161 1.15216e-09
0.0478026 0.193995 -8.77106 1.36559e-09
0.0479153 0.194296 -9.21026 1.66866e-09
0.0480098 0.194572 -9.6602 1.88048e-09
0.0481017 0.194866 -10.2918 1.78135e-09
0.0481837 0.195156 -10.4455 1.95242e-09
0.0482562 0.195443 -10.6392 2.05576e-09
0.0483383 0.195814 -11.0623 1.90554e-09
0.0484349 0.196361 -10.847 1.84618e-09
0.0485257 0.197163 -10.119 -8.34565e-10
