x y fp fmu
0.0479927 0.198 -6.47917 -1.45977e-09
0.0479613 0.198831 -6.53963 2.10234e-10
0.0478579 0.199717 -6.40368 5.14225e-10
0.0477029 0.200508 -5.9436 5.23374e-10
0.0475557 0.20107 -5.44407 6.31669e-10
0.0474338 0.201462 -5.03697 5.14639e-10
0.047322 0.201782 -4.57294 6.30582e-10
0.0471968 0.202108 -3.75211 6.68874e-10
0.0470537 0.202447 -3.88098 3.64024e-10
0.0468954 0.202789 -2.74356 2.02928e-10
0.0467171 0.203142 -2.12913 3.17573e-10
0.0464824 0.203563 -1.0557 3.49991e-10
0.0461211 0.204138 0.397726 2.6322e-10
0.0457144 0.204703 1.95371 2.03052e-10
0.045348 0.205155 3.25543 2.56994e-11
0.0449201 0.205626 4.80253 3.82547e-11
0.0445719 0.205972 5.9691 7.9313e-11
0.04428 0.20624 6.73289 -4.61988e-11
0.0440619 0.206428 7.4011 2.6043e-10
0.0438603 0.206593 8.17006 -2.04662e-10
0.0436572 0.206751 8.58146 -9.61405e-11
0.0434443 0.206909 9.29527 -8.43766e-11
0.0432179 0.207069 9.81896 -1.07344e-10
0.0429908 0.207221 10.3497 1.98426e-10
0.0427717 0.20736 10.8085 -5.04852e-11
0.0425677 0.207483 11.4726 -1.35988e-10
0.0423055 0.207632 12.2845 -2.65198e-11
0.0420675 0.207759 12.5186 2.86668e-10
0.0417411 0.207922 13.8696 6.76404e-10
0.041389 0.208083 14.2428 -1.55179e-09
0.0410545 0.208223 14.0493 -2.50741e-10
0.040791 0.208323 15.0548 -9.32826e-11
0.0405061 0.208424 15.5804 -2.06523e-10
0.0402217 0.208515 16.0914 1.81051e-10
0.0399076 0.208607 16.476 -1.8065e-11
0.0396271 0.20868 17.411 -7.14616e-11
0.0393793 0.208738 17.03 -6.93486e-11
0.0391394 0.208788 16.9094 2.64825e-10
0.0389094 0.208832 17.7112 -1.10824e-10
0.0386915 0.208868 18.0765 1.55397e-10
0.0384694 0.2089 18.4284 5.85891e-11
0.0382262 0.208931 18.2914 2.99403e-11
0.0379402 0.208959 18.3666 3.23197e-10
0.0375934 0.208984 18.9231 -2.30432e-11
0.0371264 0.208999 19.0897 2.09469e-10
0.0366319 0.208994 19.1754 2.54708e-10
0.0361651 0.208969 19.336 2.86624e-10
0.0357005 0.208924 19.2497 5.00451e-10
0.0352501 0.208861 18.6327 4.36546e-10
0.0348006 0.208779 19.3195 -1.30352e-11
0.034339 0.208675 18.7584 6.88075e-10
0.034024 0.208592 18.2236 6.43645e-10
0.0337243 0.208503 18.0731 5.27867e-10
0.0334414 0.208411 17.9231 7.26906e-10
0.0331939 0.208323 17.6093 9.54217e-10
0.0329628 0.208235 16.8347 5.84965e-10
0.032747 0.208148 16.7155 6.47928e-10
0.0324744 0.208029 16.7253 6.57587e-10
0.0321124 0.207858 15.985 6.31094e-10
0.0317858 0.20769 15.5272 7.63342e-10
0.0314656 0.207511 14.6964 7.8113e-10
0.0312276 0.207368 13.8494 8.10014e-10
0.0310156 0.207234 13.3797 6.27596e-10
0.0307768 0.207075 12.7443 9.14848e-10
0.0304525 0.206845 11.9906 7.46525e-10
0.0299895 0.206483 10.5903 9.36978e-10
0.0293943 0.205954 8.29584 1.05484e-09
0.0287766 0.205314 5.82069 8.66351e-10
0.0282277 0.204646 2.96452 2.37656e-10
0.0277736 0.204001 0.279336 4.69871e-10
0.0273748 0.203338 -2.18918 3.68071e-10
0.0270994 0.202809 -4.0872 2.20106e-10
0.0269102 0.202398 -6.21944 2.37711e-10
0.0267696 0.20206 -7.08955 4.91401e-10
0.0266555 0.20176 -8.22088 -1.07524e-10
0.0265546 0.201471 -11.4839 7.74861e-10
0.026465 0.201189 -13.1308 -2.12557e-10
0.0263741 0.200871 -7.59419 2.12505e-09
0.0262785 0.200491 -13.6016 -1.48868e-09
0.0261885 0.200066 -16.6388 8.01066e-10
0.0260893 0.199454 -18.1308 -1.90386e-09
0.0260157 0.19871 -17.1177 -1.2646e-09
0.0259929 0.197945 -25.3595 2.95023e-10
0.0260208 0.197214 -20.5312 -4.89063e-09
0.0260801 0.196617 -23.6448 -6.69383e-09
0.0261587 0.196096 -26.8557 -5.10657e-09
0.0262801 0.195502 -28.0392 -3.11924e-09
0.0264213 0.194959 -27.324 -4.15656e-09
0.0265374 0.194582 -26.7706 -4.47843e-09
0.0266598 0.194228 -26.9254 -4.3199e-09
0.0267728 0.193932 -27.0238 -3.70005e-09
0.0269118 0.193598 -26.9189 -3.406e-09
0.0270996 0.193191 -26.7224 -3.13085e-09
0.0273677 0.192675 -26.1101 -2.68639e-09
0.0277446 0.192044 -25.1738 -2.06044e-09
0.0281578 0.191447 -24.4084 -1.53167e-09
0.0284916 0.191019 -23.7371 -1.28773e-09
0.0287978 0.190662 -23.2096 -1.18531e-09
0.0291129 0.190325 -22.8549 -1.05385e-09
0.0295179 0.18993 -22.4457 -8.68639e-10
0.0299878 0.189519 -22.022 -8.19535e-10
0.0303695 0.189217 -21.8075 -6.4971e-10
0.0306497 0.189013 -21.5075 -7.22586e-10
0.0309344 0.188819 -21.5094 -6.89161e-10
0.0311676 0.188669 -21.3925 -5.56496e-10
0.0314058 0.188524 -21.1567 -5.9981e-10
0.0316396 0.18839 -21.1874 -5.54922e-10
0.0318437 0.18828 -21.1336 -4.74396e-10
0.0321123 0.188142 -21.1112 -4.50259e-10
0.0323538 0.188026 -21.0938 -3.48478e-10
0.0326291 0.187903 -21.0416 -3.21354e-10
0.0328747 0.1878 -20.9795 -2.89694e-10
0.0330992 0.187712 -20.8843 -3.13638e-10
0.033383 0.187609 -21.056 -3.40811e-10
0.0336297 0.187527 -21.0964 -1.42459e-10
0.0339514 0.187429 -20.9818 -2.96723e-10
0.0342314 0.187352 -21.0643 -2.36333e-10
0.0345122 0.187283 -21.1266 -2.71298e-10
0.0347411 0.187233 -21.157 -1.75807e-10
0.0349842 0.187185 -20.8636 -3.03573e-10
0.035212 0.187145 -20.5246 -5.97617e-10
0.0354375 0.18711 -21.0025 2.70087e-10
0.0356757 0.187079 -21.7061 -1.23764e-10
0.035946 0.18705 -20.7826 7.87195e-15
0.0362275 0.187027 -20.4536 -3.35465e-10
0.0365879 0.187007 -20.2537 -3.35841e-10
0.0369888 0.187 -19.9776 -3.13752e-11
0.0374364 0.187009 -19.4772 7.26014e-11
0.0379532 0.187042 -18.8994 -1.34166e-10
0.0385943 0.187117 -17.9284 -4.11747e-10
0.0391876 0.187221 -16.7117 -2.56043e-11
0.0396558 0.187327 -16.2401 -4.17797e-10
0.0399736 0.187412 -16.1215 -7.20203e-10
0.0402769 0.187502 -14.9084 -2.27916e-10
0.0405938 0.187606 -14.2353 -3.59296e-10
0.0408361 0.187693 -13.7741 -5.32479e-11
0.0410975 0.187795 -13.3604 -1.27608e-10
0.0414481 0.187943 -12.7073 -1.04964e-10
0.0417662 0.18809 -11.8995 -1.64896e-10
0.0420968 0.188256 -11.8714 -4.86431e-11
0.0423836 0.188412 -11.1788 -2.05885e-10
0.0425872 0.188529 -10.8111 -1.24874e-10
0.0427925 0.188653 -10.5991 -9.77101e-11
0.0430131 0.188794 -10.265 -2.12693e-10
0.0432484 0.188952 -9.93355 -6.31291e-11
0.0434807 0.189117 -9.70097 -3.14166e-11
0.0436976 0.18928 -9.45483 -5.35003e-11
0.0439073 0.189445 -9.2392 -2.64514e-12
0.0441115 0.189614 -9.05086 -8.1755e-11
0.0443432 0.189816 -8.82646 -3.84764e-12
0.0446295 0.190083 -8.58301 1.82306e-11
0.0449703 0.190427 -8.31821 -1.53417e-11
0.0452513 0.190734 -8.09551 1.75483e-11
0.0455082 0.191037 -7.90488 6.02095e-11
0.0457639 0.191362 -7.72195 5.63989e-11
0.0459517 0.191617 -7.5963 7.09123e-11
0.0461001 0.191831 -7.49827 7.91049e-11
0.0462253 0.19202 -7.42508 6.91765e-11
0.0463475 0.192213 -7.35725 6.68122e-11
0.0464675 0.192412 -7.28346 1.00599e-10
0.0465816 0.19261 -7.2116 8.88856e-11
0.0466914 0.19281 -7.1456 1.05561e-10
0.0468059 0.19303 -7.0785 1.04918e-10
0.0469318 0.193287 -6.99675 1.20837e-10
0.0470906 0.193637 -6.89309 1.30986e-10
0.0472377 0.193995 -6.80013 1.34576e-10
0.0473504 0.194296 -6.71553 1.48589e-10
0.0474449 0.194572 -6.63574 1.52658e-10
0.0475369 0.194866 -6.57623 1.38628e-10
0.0476188 0.195156 -6.47905 1.66599e-10
0.0476913 0.195443 -6.40389 1.44794e-10
0.0477734 0.195814 -6.29469 1.36024e-10
0.04787 0.196361 -6.12923 1.45757e-10
0.0479609 0.197163 -6.09481 2.63916e-10
