x y fp fmu
0.0454127 0.198 -11.2309 9.34183e-10
0.0453813 0.198831 -10.9396 5.81129e-11
0.0452778 0.199717 -10.3917 2.59817e-10
0.0451229 0.200508 -9.78696 3.18986e-10
0.0449757 0.20107 -9.30413 4.6909e-10
0.0448538 0.201462 -8.98282 4.06332e-10
0.044742 0.201782 -8.5752 5.58948e-10
0.0446168 0.202108 -7.92325 5.65614e-10
0.0444737 0.202447 -8.0379 4.23236e-10
0.0443154 0.202789 -7.05195 2.73074e-10
0.0441371 0.203142 -6.54545 4.01679e-10
0.0439024 0.203563 -5.57076 4.32971e-10
0.0435411 0.204138 -4.20121 4.08786e-10
0.0431344 0.204703 -2.67344 3.59945e-10
0.042768 0.205155 -1.39529 1.69023e-10
0.0423401 0.205626 0.187251 1.78879e-10
0.0419919 0.205972 1.38828 2.17464e-10
0.0417 0.20624 2.19316 8.49072e-11
0.0414819 0.206428 2.98872 4.07441e-10
0.0412803 0.206593 3.81447 -6.83569e-11
0.0410772 0.206751 4.28018 4.90678e-11
0.0408643 0.206909 5.11494 5.71731e-11
0.0406379 0.207069 5.69267 1.47616e-11
0.0404108 0.207221 6.33111 3.26306e-10
0.0401917 0.20736 6.87722 7.18446e-11
0.0399877 0.207483 7.70238 1.97747e-11
0.0397255 0.207632 8.64173 1.55094e-10
0.0394875 0.207759 8.91278 4.92443e-10
0.0391611 0.207922 10.8297 1.03726e-09
0.038809 0.208083 10.9036 -2.00995e-09
0.0384745 0.208223 10.9256 -2.9284e-10
0.038211 0.208323 12.1647 -7.16081e-12
0.0379261 0.208424 12.8767 -1.10646e-10
0.0376417 0.208515 13.526 3.26903e-10
0.0373276 0.208607 14.1277 1.3177e-10
0.0370471 0.20868 15.3322 4.10289e-11
0.0367993 0.208738 14.7402 -8.53967e-11
0.0365594 0.208788 14.8903 3.44643e-10
0.0363294 0.208832 16.0115 1.18422e-11
0.0361115 0.208868 16.4552 2.93215e-10
0.0358893 0.2089 16.9399 1.79515e-10
0.0356462 0.208931 16.8101 5.75629e-11
0.0353602 0.208959 17.1934 5.01112e-10
0.0350134 0.208984 17.9873 1.19242e-10
0.0345464 0.208999 18.3917 3.02128e-10
0.0340519 0.208994 18.805 3.46686e-10
0.0335851 0.208969 19.2668 3.28215e-10
0.0331205 0.208924 19.3648 5.58755e-10
0.0326701 0.208861 19.2851 6.62347e-10
0.0322206 0.208779 20.057 2.36092e-10
0.031759 0.208675 19.584 7.93849e-10
0.031444 0.208592 19.3698 7.31181e-10
0.0311443 0.208503 19.384 7.032e-10
0.0308614 0.208411 19.3403 8.08063e-10
0.0306139 0.208323 19.1227 1.06731e-09
0.0303828 0.208235 18.503 7.64414e-10
0.030167 0.208148 18.6805 6.89509e-10
0.0298944 0.208029 18.7008 7.63429e-10
0.0295324 0.207858 18.1849 7.72418e-10
0.0292058 0.20769 17.841 9.38232e-10
0.0288856 0.207511 17.1381 9.95869e-10
0.0286476 0.207368 16.502 9.73031e-10
0.0284356 0.207234 16.1646 8.34647e-10
0.0281968 0.207075 15.7173 1.07572e-09
0.0278725 0.206845 15.156 9.26152e-10
0.0274095 0.206483 13.9824 1.20073e-09
0.0268143 0.205954 12.0457 1.38135e-09
0.0261966 0.205314 9.84326 1.22634e-09
0.0256477 0.204646 7.18135 7.25854e-10
0.0251936 0.204001 4.77294 8.71858e-10
0.0247948 0.203338 2.47949 7.43244e-10
0.0245194 0.202809 0.555188 6.48488e-10
0.0243302 0.202398 -1.46262 6.08636e-10
0.0241896 0.20206 -2.42995 8.67104e-10
0.0240755 0.20176 -3.72908 2.86676e-10
0.0239746 0.201471 -6.44538 1.01386e-09
0.023885 0.201189 -7.691 -3.14563e-10
0.023794 0.200871 -3.96585 1.85184e-09
0.0236985 0.200491 -9.30886 -7.26561e-10
0.0236085 0.200066 -11.9584 7.44191e-10
0.0235093 0.199454 -13.5129 -1.76095e-09
0.0234357 0.19871 -13.5561 -1.86485e-09
0.0234129 0.197945 -20.7526 6.279e-11
0.0234408 0.197214 -17.6858 -4.82321e-09
0.0235001 0.196617 -20.7057 -5.69768e-09
0.0235787 0.196096 -23.8691 -4.08118e-09
0.0237001 0.195502 -25.8317 -2.63617e-09
0.0238413 0.194959 -26.1438 -3.54427e-09
0.0239574 0.194582 -26.3727 -3.94573e-09
0.0240798 0.194228 -26.4686 -4.18816e-09
0.0241928 0.193932 -25.8919 -4.3343e-09
0.0243318 0.193598 -25.546 -4.56448e-09
0.0245196 0.193191 -24.9141 -4.69346e-09
0.0247877 0.192675 -23.631 -3.97288e-09
0.0251646 0.192044 -22.1424 -2.85359e-09
0.0255778 0.191447 -20.508 -2.17115e-09
0.0259116 0.191019 -19.6931 -1.77573e-09
0.0262178 0.190662 -19.2301 -1.54893e-09
0.0265329 0.190325 -18.9817 -1.29347e-09
0.0269379 0.18993 -18.8007 -1.06577e-09
0.0274078 0.189519 -18.3906 -8.81947e-10
0.0277895 0.189217 -18.3506 -7.22825e-10
0.0280697 0.189013 -18.1161 -8.09119e-10
0.0283544 0.188819 -18.1054 -6.58462e-10
0.0285876 0.188669 -18.191 -5.22224e-10
0.0288258 0.188524 -17.9748 -5.29929e-10
0.0290596 0.18839 -17.9736 -5.14487e-10
0.0292637 0.18828 -18.0374 -4.31309e-10
0.0295323 0.188142 -18.017 -4.20343e-10
0.0297738 0.188026 -18.112 -3.32779e-10
0.0300491 0.187903 -18.0905 -2.8905e-10
0.0302947 0.1878 -18.0923 -2.63785e-10
0.0305192 0.187712 -18.0273 -2.82817e-10
0.030803 0.187609 -18.1901 -2.92587e-10
0.0310497 0.187527 -18.2634 -1.43763e-10
0.0313714 0.187429 -18.2299 -2.38041e-10
0.0316514 0.187352 -18.3484 -2.02948e-10
0.0319322 0.187283 -18.4729 -1.95364e-10
0.0321611 0.187233 -18.5533 -1.30468e-10
0.0324042 0.187185 -18.4586 -1.88495e-10
0.032632 0.187145 -18.3512 -3.95515e-10
0.0328575 0.18711 -18.7378 2.31021e-10
0.0330957 0.187079 -19.3746 -3.27377e-11
0.033366 0.18705 -18.8577 4.0039e-11
0.0336475 0.187027 -18.8221 -1.92547e-10
0.0340079 0.187007 -18.894 -2.07558e-10
0.0344088 0.187 -18.8866 3.15014e-11
0.0348564 0.187009 -18.7835 1.285e-10
0.0353732 0.187042 -18.5821 -6.59827e-11
0.0360143 0.187117 -18.0204 -3.47007e-10
0.0366076 0.187221 -17.1705 3.42159e-11
0.0370758 0.187327 -16.9503 -4.22746e-10
0.0373936 0.187412 -17.1839 -6.79921e-10
0.0376969 0.187502 -16.0564 -2.34876e-10
0.0380138 0.187606 -15.5483 -3.17333e-10
0.0382561 0.187693 -15.2284 -3.88887e-11
0.0385175 0.187795 -14.9598 -1.07282e-10
0.0388681 0.187943 -14.533 -8.49899e-11
0.0391862 0.18809 -13.9215 -1.57613e-10
0.0395168 0.188256 -14.1072 1.59354e-11
0.0398036 0.188412 -13.6266 -1.9032e-10
0.0400072 0.188529 -13.3877 -9.35275e-11
0.0402125 0.188653 -13.3031 -7.08279e-11
0.0404331 0.188794 -13.1447 -1.38675e-10
0.0406684 0.188952 -12.9874 -2.51802e-11
0.0409007 0.189117 -12.913 1.9205e-11
0.0411176 0.18928 -12.8366 1.00944e-12
0.0413273 0.189445 -12.7742 5.02615e-11
0.0415315 0.189614 -12.7459 3.321e-11
0.0417632 0.189816 -12.7066 8.67119e-11
0.0420495 0.190083 -12.6804 1.09473e-10
0.0423903 0.190427 -12.6931 1.33934e-10
0.0426713 0.190734 -12.7189 1.50254e-10
0.0429282 0.191037 -12.6957 1.87453e-10
0.0431839 0.191362 -12.696 2.0561e-10
0.0433717 0.191617 -12.6807 2.28708e-10
0.0435201 0.191831 -12.6562 2.59005e-10
0.0436453 0.19202 -12.6306 2.50126e-10
0.0437675 0.192213 -12.6623 2.09295e-10
0.0438875 0.192412 -12.6217 2.46857e-10
0.0440016 0.19261 -12.5761 2.31269e-10
0.0441114 0.19281 -12.5462 2.46924e-10
0.0442259 0.19303 -12.4973 2.2943e-10
0.0443518 0.193287 -12.4412 2.44907e-10
0.0445106 0.193637 -12.3317 2.45648e-10
0.0446577 0.193995 -12.2293 2.3091e-10
0.0447704 0.194296 -12.1392 2.37615e-10
0.0448649 0.194572 -12.0159 2.31679e-10
0.0449569 0.194866 -11.9531 1.92822e-10
0.0450388 0.195156 -11.858 2.42898e-10
0.0451113 0.195443 -11.7543 2.17672e-10
0.0451934 0.195814 -11.6638 2.14303e-10
0.04529 0.196361 -11.4668 2.74565e-10
0.0453809 0.197163 -11.3049 1.46847e-10
