x y fp fmu
0.0409891 0.198 -18.3034 2.57122e-09
0.0409577 0.198831 -17.2446 2.49931e-10
0.0408542 0.199717 -16.3741 3.34803e-10
0.0406993 0.200508 -14.8058 4.91642e-10
0.0405521 0.20107 -13.7295 8.17365e-10
0.0404302 0.201462 -13.1235 6.68658e-10
0.0403184 0.201782 -12.2382 1.21143e-09
0.0401931 0.202108 -10.8255 8.7731e-10
0.0400501 0.202447 -12.0366 7.3112e-10
0.0398918 0.202789 -9.95406 1.27346e-10
0.0397135 0.203142 -9.30114 5.38825e-10
0.0394788 0.203563 -7.91671 4.75154e-10
0.0391175 0.204138 -6.09546 5.00827e-10
0.0387108 0.204703 -4.23879 4.0657e-10
0.0383444 0.205155 -2.73843 1.50754e-10
0.0379165 0.205626 -0.87651 1.4863e-10
0.0375683 0.205972 0.468464 1.96112e-10
0.0372764 0.20624 1.26254 -8.42099e-12
0.0370583 0.206428 2.24246 4.02485e-10
0.0368567 0.206593 3.13416 -2.01329e-10
0.0366536 0.206751 3.57059 -2.12924e-11
0.0364406 0.206909 4.52664 -3.0034e-11
0.0362143 0.207069 5.059 -8.88161e-11
0.0359872 0.207221 5.69153 2.24054e-10
0.0357681 0.20736 6.22561 -3.95022e-11
0.0355641 0.207483 7.16841 -5.47466e-11
0.0353018 0.207632 8.07632 7.18856e-11
0.0350639 0.207759 8.35026 5.2644e-10
0.0347374 0.207922 10.5 1.0223e-09
0.0343854 0.208083 10.1003 -2.2583e-09
0.0340509 0.208223 10.2893 -5.56184e-10
0.0337874 0.208323 11.4978 -7.52753e-11
0.0335025 0.208424 12.1773 -1.91366e-10
0.033218 0.208515 12.7472 1.93451e-10
0.032904 0.208607 13.3506 6.46862e-11
0.0326235 0.20868 14.4517 -5.39064e-11
0.0323757 0.208738 13.8315 -1.32611e-10
0.0321358 0.208788 14.1182 1.96151e-10
0.0319058 0.208832 15.1386 -5.84203e-11
0.0316878 0.208868 15.4814 1.58106e-10
0.0314657 0.2089 15.9092 7.45709e-11
0.0312226 0.208931 15.8167 -4.36798e-11
0.0309366 0.208959 16.1991 2.75968e-10
0.0305898 0.208984 16.8497 -3.02137e-11
0.0301228 0.208999 17.2408 1.15492e-10
0.0296283 0.208994 17.6218 1.32425e-10
0.0291615 0.208969 18.0288 1.30727e-10
0.0286969 0.208924 18.1419 2.95514e-10
0.0282465 0.208861 18.0964 3.11731e-10
0.027797 0.208779 18.6839 -1.27787e-11
0.0273354 0.208675 18.3942 4.44738e-10
0.0270204 0.208592 18.2326 3.89857e-10
0.0267206 0.208503 18.2052 3.27209e-10
0.0264378 0.208411 18.1616 4.72705e-10
0.0261902 0.208323 17.9997 5.99608e-10
0.0259592 0.208235 17.5322 3.58885e-10
0.0257433 0.208148 17.6193 3.95755e-10
0.0254708 0.208029 17.5779 4.28636e-10
0.0251088 0.207858 17.1688 3.94306e-10
0.0247822 0.20769 16.8734 5.11558e-10
0.024462 0.207511 16.3414 5.327e-10
0.024224 0.207368 15.8453 5.30162e-10
0.024012 0.207234 15.5445 3.61597e-10
0.0237732 0.207075 15.1551 6.25398e-10
0.0234489 0.206845 14.6435 4.89401e-10
0.0229859 0.206483 13.6704 6.80568e-10
0.0223906 0.205954 12.0909 8.13747e-10
0.021773 0.205314 10.261 5.56775e-10
0.0212241 0.204646 8.15946 6.68822e-11
0.02077 0.204001 6.21422 2.21071e-10
0.0203711 0.203338 4.34765 9.79864e-11
0.0200958 0.202809 2.86411 -7.4986e-11
0.0199065 0.202398 1.40482 -1.28908e-10
0.019766 0.20206 0.634257 5.11106e-11
0.0196519 0.20176 -0.289814 -4.44744e-10
0.019551 0.201471 -2.0101 1.96314e-10
0.0194614 0.201189 -2.9596 -8.46607e-10
0.0193704 0.200871 -1.28854 3.36637e-10
0.0192749 0.200491 -4.22963 -7.58629e-10
0.0191849 0.200066 -5.81132 -1.03015e-10
0.0190857 0.199454 -7.21296 -1.35962e-09
0.0190121 0.19871 -7.62573 -2.19072e-09
0.0189893 0.197945 -11.4512 -2.42283e-10
0.0190172 0.197214 -10.4558 -3.12654e-09
0.0190765 0.196617 -11.4455 -3.66691e-09
0.0191551 0.196096 -12.6473 -2.82582e-09
0.0192765 0.195502 -12.8799 -2.34663e-09
0.0194177 0.194959 -12.3293 -2.60038e-09
0.0195338 0.194582 -11.5887 -2.61755e-09
0.0196562 0.194228 -10.975 -2.4116e-09
0.0197692 0.193932 -10.2445 -2.2269e-09
0.0199082 0.193598 -9.43136 -1.79812e-09
0.020096 0.193191 -8.49536 -1.3639e-09
0.0203641 0.192675 -7.28429 -1.04877e-09
0.020741 0.192044 -6.55925 -8.41147e-10
0.0211542 0.191447 -6.35857 -4.76864e-10
0.021488 0.191019 -6.41953 -3.41066e-10
0.0217942 0.190662 -6.54102 -2.87562e-10
0.0221093 0.190325 -6.74344 -2.50883e-10
0.0225143 0.18993 -7.05574 -2.26594e-10
0.0229841 0.189519 -7.36898 -2.02726e-10
0.0233659 0.189217 -7.67392 -1.72696e-10
0.0236461 0.189013 -7.85989 -1.90684e-10
0.0239308 0.188819 -8.09797 -2.00241e-10
0.0241639 0.188669 -8.27081 -1.71064e-10
0.0244022 0.188524 -8.39672 -2.03293e-10
0.024636 0.18839 -8.57726 -2.04864e-10
0.0248401 0.18828 -8.72365 -1.83503e-10
0.0251087 0.188142 -8.89578 -1.95451e-10
0.0253502 0.188026 -9.08497 -1.50025e-10
0.0256255 0.187903 -9.2426 -1.4453e-10
0.0258711 0.1878 -9.40747 -1.30415e-10
0.0260956 0.187712 -9.48087 -1.51455e-10
0.0263794 0.187609 -9.65953 -1.82864e-10
0.0266261 0.187527 -9.89598 -5.99131e-11
0.0269478 0.187429 -10.0072 -2.17535e-10
0.0272278 0.187352 -10.1242 -1.18885e-10
0.0275086 0.187283 -10.2812 -1.67768e-10
0.0277375 0.187233 -10.4672 -7.32688e-11
0.0279806 0.187185 -10.5043 -1.14009e-10
0.0282084 0.187145 -10.2366 -3.01826e-10
0.0284339 0.18711 -10.4035 1.58604e-10
0.0286721 0.187079 -11.4217 -2.55626e-10
0.0289423 0.18705 -11.1251 -1.56567e-12
0.0292239 0.187027 -11.1117 -1.27748e-10
0.0295843 0.187007 -11.2878 -2.50053e-11
0.0299851 0.187 -11.5904 7.52553e-11
0.0304328 0.187009 -11.948 6.6132e-11
0.0309496 0.187042 -12.4618 2.81957e-11
0.0315907 0.187117 -13.2353 2.35815e-10
0.032184 0.187221 -14.2032 1.71158e-10
0.0326522 0.187327 -14.7907 5.54083e-10
0.03297 0.187412 -14.6336 6.50787e-10
0.0332732 0.187502 -15.6561 4.35044e-10
0.0335902 0.187606 -16.2962 4.84699e-10
0.0338325 0.187693 -16.6846 2.84949e-10
0.0340939 0.187795 -17.0466 3.42908e-10
0.0344445 0.187943 -17.5007 4.00235e-10
0.0347626 0.18809 -18.2985 4.36245e-10
0.0350932 0.188256 -18.0878 4.01847e-10
0.03538 0.188412 -18.4189 6.15012e-10
0.0355836 0.188529 -18.7913 4.72543e-10
0.0357889 0.188653 -18.8407 4.84053e-10
0.0360095 0.188794 -18.9094 5.30087e-10
0.0362448 0.188952 -19.0971 3.85903e-10
0.0364771 0.189117 -19.1192 3.63374e-10
0.036694 0.18928 -19.1034 3.89559e-10
0.0369037 0.189445 -19.1029 3.57589e-10
0.0371079 0.189614 -19.0146 3.18615e-10
0.0373396 0.189816 -18.9731 2.60658e-10
0.0376259 0.190083 -18.8834 2.95739e-10
0.0379667 0.190427 -18.6829 2.03731e-10
0.0382477 0.190734 -18.6233 1.53549e-10
0.0385045 0.191037 -18.6387 2.45299e-10
0.0387603 0.191362 -18.61 2.20815e-10
0.0389481 0.191617 -18.6408 2.73772e-10
0.0390965 0.191831 -18.6372 3.11906e-10
0.0392217 0.19202 -18.6229 3.24529e-10
0.0393439 0.192213 -18.7509 3.08127e-10
0.0394639 0.192412 -18.7825 3.70068e-10
0.039578 0.19261 -18.8063 3.81586e-10
0.0396878 0.19281 -18.8587 4.12005e-10
0.0398023 0.19303 -18.9177 4.30446e-10
0.0399282 0.193287 -18.9518 4.69757e-10
0.040087 0.193637 -18.9497 5.2636e-10
0.0402341 0.193995 -18.9682 5.36428e-10
0.0403468 0.194296 -18.9342 5.79331e-10
0.0404413 0.194572 -18.8005 6.00779e-10
0.0405332 0.194866 -18.82 5.02767e-10
0.0406152 0.195156 -18.7393 5.78857e-10
0.0406877 0.195443 -18.5676 5.3568e-10
0.0407698 0.195814 -18.5343 4.86301e-10
0.0408664 0.196361 -18.2145 6.24992e-10
0.0409573 0.197163 -18.1446 1.64757e-10
