x y fp fmu
0.0402823 0.198 -19.8844 1.23486e-08
0.0402509 0.198831 -18.4011 8.64076e-10
0.0401474 0.199717 -17.717 5.64147e-10
0.0399925 0.200508 -15.1729 3.2409e-10
0.0398453 0.20107 -13.3407 1.09507e-09
0.0397234 0.201462 -12.434 7.62554e-10
0.0396116 0.201782 -11.1274 1.69251e-09
0.0394863 0.202108 -8.75333 1.10222e-09
0.0393432 0.202447 -11.2873 8.73015e-10
0.0391849 0.202789 -8.16516 -4.64292e-10
0.0390066 0.203142 -7.3921 4.05677e-10
0.0387719 0.203563 -5.68412 2.06465e-10
0.0384107 0.204138 -3.55 2.46874e-10
0.038004 0.204703 -1.50314 6.96821e-11
0.0376375 0.205155 0.114652 -1.79159e-10
0.0372097 0.205626 2.13322 -1.57601e-10
0.0368615 0.205972 3.52609 -9.41712e-11
0.0365695 0.20624 4.29903 -3.09365e-10
0.0363514 0.206428 5.30394 1.59541e-10
0.0361498 0.206593 6.26128 -5.32105e-10
0.0359468 0.206751 6.62062 -2.95023e-10
0.0357338 0.206909 7.58899 -3.22519e-10
0.0355075 0.207069 8.10747 -3.2672e-10
0.0352804 0.207221 8.6787 -1.4399e-11
0.0350613 0.20736 9.19534 -2.66056e-10
0.0348573 0.207483 10.0883 -3.00112e-10
0.034595 0.207632 10.9851 -1.68516e-10
0.0343571 0.207759 11.1867 3.4864e-10
0.0340306 0.207922 13.0509 7.09207e-10
0.0336785 0.208083 12.8587 -2.03826e-09
0.033344 0.208223 12.9125 -7.11376e-10
0.0330805 0.208323 13.9663 -2.31779e-10
0.0327957 0.208424 14.5229 -3.71513e-10
0.0325112 0.208515 15.023 -2.14914e-11
0.0321971 0.208607 15.4778 -1.20107e-10
0.0319167 0.20868 16.3734 -2.56936e-10
0.0316688 0.208738 15.9754 -1.48893e-10
0.031429 0.208788 16.0395 3.29537e-11
0.031199 0.208832 16.8169 -2.49016e-10
0.030981 0.208868 17.1089 -4.74235e-11
0.0307589 0.2089 17.4542 -9.57921e-11
0.0305158 0.208931 17.3632 -1.37492e-10
0.0302298 0.208959 17.5311 3.15104e-11
0.029883 0.208984 18.0094 -2.37156e-10
0.029416 0.208999 18.2414 -5.24753e-11
0.0289214 0.208994 18.3965 -3.69231e-11
0.0284547 0.208969 18.5853 7.58933e-12
0.0279901 0.208924 18.572 1.50632e-10
0.0275397 0.208861 18.1701 3.6196e-11
0.0270902 0.208779 18.6725 -3.02627e-10
0.0266286 0.208675 18.3158 2.75668e-10
0.0263136 0.208592 17.9667 2.16575e-10
0.0260138 0.208503 17.8097 6.73527e-11
0.025731 0.208411 17.6688 3.15671e-10
0.0254834 0.208323 17.4568 3.56367e-10
0.0252524 0.208235 16.9105 7.08295e-11
0.0250365 0.208148 16.8213 2.27344e-10
0.0247639 0.208029 16.7206 2.15381e-10
0.024402 0.207858 16.1834 1.6677e-10
0.0240753 0.20769 15.7958 2.65463e-10
0.0237551 0.207511 15.2049 2.39729e-10
0.0235172 0.207368 14.6378 2.51592e-10
0.0233052 0.207234 14.2607 4.87074e-11
0.0230664 0.207075 13.7963 3.5926e-10
0.0227421 0.206845 13.1835 2.24341e-10
0.0222791 0.206483 12.123 4.15059e-10
0.0216838 0.205954 10.4369 5.62339e-10
0.0210661 0.205314 8.54163 2.84676e-10
0.0205173 0.204646 6.50974 -2.65134e-10
0.0200632 0.204001 4.58749 2.0158e-12
0.0196643 0.203338 2.79502 -8.27508e-11
0.019389 0.202809 1.46848 -2.806e-10
0.0191997 0.202398 0.197808 -3.19293e-10
0.0190591 0.20206 -0.450029 -1.52387e-10
0.018945 0.20176 -1.17143 -6.00967e-10
0.0188441 0.201471 -2.59118 1.97724e-11
0.0187546 0.201189 -3.55284 -8.21991e-10
0.0186636 0.200871 -2.17534 1.54245e-10
0.018568 0.200491 -4.30931 -8.21605e-10
0.0184781 0.200066 -5.48409 -3.31033e-10
0.0183788 0.199454 -6.58449 -1.25087e-09
0.0183053 0.19871 -6.77037 -1.61552e-09
0.0182824 0.197945 -8.9081 -6.04366e-10
0.0183104 0.197214 -8.35882 -2.10367e-09
0.0183696 0.196617 -8.13509 -2.59112e-09
0.0184483 0.196096 -7.70343 -2.2442e-09
0.0185697 0.195502 -6.37927 -1.58105e-09
0.0187109 0.194959 -5.28892 -9.24367e-10
0.018827 0.194582 -4.49894 -6.12041e-10
0.0189494 0.194228 -3.85825 -3.25589e-10
0.0190623 0.193932 -3.54977 -3.16635e-10
0.0192014 0.193598 -3.33289 -1.47615e-10
0.0193891 0.193191 -3.20532 -1.24894e-10
0.0196573 0.192675 -3.31298 -7.8392e-11
0.0200342 0.192044 -3.66298 -1.07153e-10
0.0204474 0.191447 -4.06765 -1.33472e-10
0.0207812 0.191019 -4.37562 -1.27415e-10
0.0210874 0.190662 -4.6447 -1.00719e-10
0.0214025 0.190325 -4.92242 -9.55265e-11
0.0218074 0.18993 -5.29883 -5.03081e-11
0.0222773 0.189519 -5.74505 -8.11546e-11
0.022659 0.189217 -6.08656 -4.79414e-11
0.0229393 0.189013 -6.33093 -5.01089e-11
0.0232239 0.188819 -6.5745 -9.26973e-11
0.0234571 0.188669 -6.75584 -6.20183e-11
0.0236954 0.188524 -6.94699 -6.11732e-11
0.0239291 0.18839 -7.14542 -4.85897e-11
0.0241333 0.18828 -7.31921 -2.19878e-11
0.0244018 0.188142 -7.5555 -4.29525e-12
0.0246434 0.188026 -7.78176 3.06344e-11
0.0249187 0.187903 -8.0617 4.92269e-11
0.0251642 0.1878 -8.31797 7.15271e-11
0.0253888 0.187712 -8.58062 7.45909e-11
0.0256726 0.187609 -8.92946 1.15976e-10
0.0259193 0.187527 -9.2018 1.22346e-10
0.026241 0.187429 -9.68359 2.25451e-10
0.0265209 0.187352 -10.0959 1.70785e-10
0.0268017 0.187283 -10.5352 2.45537e-10
0.0270306 0.187233 -10.8501 1.98401e-10
0.0272737 0.187185 -11.2901 2.42684e-10
0.0275015 0.187145 -12.0056 3.98703e-10
0.0277271 0.18711 -12.4607 5.90828e-11
0.0279653 0.187079 -11.9871 5.46703e-10
0.0282355 0.18705 -12.9183 2.48888e-10
0.028517 0.187027 -13.6813 4.5917e-10
0.0288774 0.187007 -14.3824 3.54405e-10
0.0292783 0.187 -15.1001 2.45399e-10
0.029726 0.187009 -15.9892 1.0023e-10
0.0302428 0.187042 -16.928 3.79124e-10
0.0308838 0.187117 -17.8988 5.10112e-10
0.0314771 0.187221 -18.9723 1.21575e-10
0.0319453 0.187327 -19.558 7.61565e-10
0.0322632 0.187412 -19.0064 7.08823e-10
0.0325664 0.187502 -19.889 4.426e-10
0.0328833 0.187606 -20.2634 4.347e-10
0.0331257 0.187693 -20.4103 2.56595e-10
0.033387 0.187795 -20.5435 2.62513e-10
0.0337377 0.187943 -20.6109 3.02454e-10
0.0340558 0.18809 -20.8726 2.2402e-10
0.0343863 0.188256 -20.7839 2.97946e-10
0.0346731 0.188412 -20.6057 3.4094e-10
0.0348767 0.188529 -20.7031 3.16449e-10
0.0350821 0.188653 -20.6952 3.4165e-10
0.0353027 0.188794 -20.5742 2.60616e-10
0.035538 0.188952 -20.5763 2.91099e-10
0.0357703 0.189117 -20.6261 3.11496e-10
0.0359872 0.18928 -20.6157 2.98775e-10
0.0361968 0.189445 -20.6499 3.54925e-10
0.036401 0.189614 -20.6495 3.02236e-10
0.0366328 0.189816 -20.7213 3.58763e-10
0.0369191 0.190083 -20.795 4.19823e-10
0.0372599 0.190427 -20.8053 4.13845e-10
0.0375409 0.190734 -20.9467 3.80885e-10
0.0377977 0.191037 -21.0254 4.76213e-10
0.0380535 0.191362 -21.017 4.80507e-10
0.0382413 0.191617 -21.0434 5.16582e-10
0.0383897 0.191831 -20.9627 6.20023e-10
0.0385148 0.19202 -20.8214 5.70597e-10
0.038637 0.192213 -20.8582 4.37912e-10
0.0387571 0.192412 -20.9749 5.94387e-10
0.0388712 0.19261 -20.8007 4.34715e-10
0.0389809 0.19281 -20.8031 5.27883e-10
0.0390955 0.19303 -20.7521 4.56187e-10
0.0392214 0.193287 -20.7941 5.1002e-10
0.0393801 0.193637 -20.7581 5.43065e-10
0.0395273 0.193995 -20.8286 6.00891e-10
0.03964 0.194296 -20.8757 7.35264e-10
0.0397345 0.194572 -20.876 8.41724e-10
0.0398264 0.194866 -21.1058 8.73147e-10
0.0399083 0.195156 -21.0666 1.00087e-09
0.0399809 0.195443 -21.0134 1.09042e-09
0.0400629 0.195814 -21.1567 1.05688e-09
0.0401595 0.196361 -20.64 1.39088e-09
0.0402504 0.197163 -20.6207 -2.93196e-10
