x y fp fmu
0.0403249 0.198 -20.8403 2.9019e-08
0.0402935 0.198831 -19.1911 9.59194e-10
0.04019 0.199717 -18.8727 -1.81489e-10
0.0400351 0.200508 -14.7965 8.00704e-11
0.0398879 0.20107 -12.7587 9.7717e-10
0.039766 0.201462 -11.7355 5.81972e-10
0.0396542 0.201782 -10.416 1.6536e-09
0.0395289 0.202108 -7.58536 7.83978e-10
0.0393859 0.202447 -10.7238 5.16465e-10
0.0392276 0.202789 -6.93751 -8.65056e-10
0.0390492 0.203142 -6.19558 1.69552e-10
0.0388146 0.203563 -4.26478 -5.26345e-11
0.0384533 0.204138 -2.01631 -4.79369e-12
0.0380466 0.204703 0.124703 -2.12859e-10
0.0376802 0.205155 1.77408 -4.59528e-10
0.0372523 0.205626 3.83214 -4.10844e-10
0.0369041 0.205972 5.24152 -2.86575e-10
0.0366122 0.20624 5.98478 -4.81138e-10
0.0363941 0.206428 6.9378 -2.90169e-11
0.0361925 0.206593 7.93019 -7.11446e-10
0.0359894 0.206751 8.26174 -4.63213e-10
0.0357764 0.206909 9.23811 -4.98353e-10
0.0355501 0.207069 9.73867 -4.79178e-10
0.035323 0.207221 10.2771 -1.83886e-10
0.0351039 0.20736 10.7607 -4.20558e-10
0.0348999 0.207483 11.6173 -4.75471e-10
0.0346376 0.207632 12.498 -3.31173e-10
0.0343997 0.207759 12.6902 1.9544e-10
0.0340732 0.207922 14.4198 5.34247e-10
0.0337211 0.208083 14.1437 -2.25327e-09
0.0333867 0.208223 14.1454 -8.03672e-10
0.0331231 0.208323 15.1449 -3.45632e-10
0.0328383 0.208424 15.6545 -4.96204e-10
0.0325538 0.208515 16.1017 -1.66282e-10
0.0322397 0.208607 16.455 -2.62854e-10
0.0319593 0.20868 17.2975 -3.79725e-10
0.0317115 0.208738 16.9749 -1.96069e-10
0.0314716 0.208788 16.9059 -4.70331e-11
0.0312416 0.208832 17.5601 -3.76682e-10
0.0310236 0.208868 17.8307 -1.84117e-10
0.0308015 0.2089 18.1279 -2.1262e-10
0.0305584 0.208931 18.0322 -1.87489e-10
0.0302724 0.208959 18.0567 -1.01075e-10
0.0299256 0.208984 18.4625 -3.66583e-10
0.0294586 0.208999 18.5956 -1.2952e-10
0.0289641 0.208994 18.6087 -1.11082e-10
0.0284973 0.208969 18.6718 -4.68986e-11
0.0280327 0.208924 18.5594 9.1008e-11
0.0275823 0.208861 17.9203 -9.48045e-11
0.0271328 0.208779 18.3939 -4.61369e-10
0.0266712 0.208675 17.9559 2.07738e-10
0.0263562 0.208592 17.488 1.50009e-10
0.0260564 0.208503 17.2604 -3.75988e-11
0.0257736 0.208411 17.0548 2.53707e-10
0.025526 0.208323 16.7968 2.78799e-10
0.025295 0.208235 16.1959 -3.91077e-11
0.0250791 0.208148 16.0286 1.60664e-10
0.0248066 0.208029 15.894 1.11194e-10
0.0244446 0.207858 15.2683 5.52961e-11
0.0241179 0.20769 14.806 1.41381e-10
0.0237978 0.207511 14.1505 1.06653e-10
0.0235598 0.207368 13.5391 1.36068e-10
0.0233478 0.207234 13.1216 -8.55344e-11
0.023109 0.207075 12.6097 2.2811e-10
0.0227847 0.206845 11.9306 9.38268e-11
0.0223217 0.206483 10.7891 2.45233e-10
0.0217264 0.205954 9.0396 3.5409e-10
0.0211088 0.205314 7.09402 6.98744e-11
0.0205599 0.204646 5.0455 -3.79309e-10
0.0201058 0.204001 3.15634 -1.97431e-10
0.0197069 0.203338 1.3804 -2.90462e-10
0.0194316 0.202809 0.0768746 -4.29696e-10
0.0192423 0.202398 -1.07912 -4.3009e-10
0.0191018 0.20206 -1.72354 -2.93631e-10
0.0189877 0.20176 -2.35317 -6.38583e-10
0.0188868 0.201471 -3.54606 -1.49861e-10
0.0187972 0.201189 -4.34428 -8.11803e-10
0.0187062 0.200871 -3.40985 -2.10021e-10
0.0186107 0.200491 -5.08392 -7.95911e-10
0.0185207 0.200066 -5.98747 -4.41102e-10
0.0184215 0.199454 -6.75955 -1.26957e-09
0.0183479 0.19871 -6.94902 -1.32431e-09
0.0183251 0.197945 -8.05836 -8.70582e-10
0.018353 0.197214 -7.5054 -1.51941e-09
0.0184122 0.196617 -6.5435 -1.44741e-09
0.0184909 0.196096 -5.40379 -8.95857e-10
0.0186123 0.195502 -4.26443 -4.3335e-10
0.0187535 0.194959 -3.77772 -5.33081e-11
0.0188696 0.194582 -3.50939 -9.2553e-11
0.018992 0.194228 -3.4321 2.27441e-12
0.0191049 0.193932 -3.41584 6.35498e-12
0.019244 0.193598 -3.45973 2.45206e-11
0.0194318 0.193191 -3.6028 -2.70664e-11
0.0196999 0.192675 -3.87455 -7.09842e-11
0.0200768 0.192044 -4.23473 -9.32315e-11
0.02049 0.191447 -4.57753 -7.16999e-11
0.0208238 0.191019 -4.85542 -3.88726e-11
0.02113 0.190662 -5.12303 -2.10682e-11
0.0214451 0.190325 -5.40953 -2.9081e-11
0.0218501 0.18993 -5.79135 4.1536e-12
0.0223199 0.189519 -6.244 -2.03277e-11
0.0227017 0.189217 -6.57941 1.28055e-11
0.0229819 0.189013 -6.85692 5.61042e-11
0.0232666 0.188819 -7.12168 2.48723e-11
0.0234997 0.188669 -7.31837 3.65651e-11
0.023738 0.188524 -7.59498 6.26516e-11
0.0239718 0.18839 -7.8783 8.55129e-11
0.0241759 0.18828 -8.08636 1.12312e-10
0.0244445 0.188142 -8.46724 1.61157e-10
0.024686 0.188026 -8.71409 1.55391e-10
0.0249613 0.187903 -9.1536 1.5886e-10
0.0252069 0.1878 -9.45901 1.77946e-10
0.0254314 0.187712 -9.91177 1.64908e-10
0.0257152 0.187609 -10.4826 2.57952e-10
0.0259619 0.187527 -10.7104 1.52405e-10
0.0262836 0.187429 -11.4092 4.3025e-10
0.0265636 0.187352 -12.014 1.9572e-10
0.0268444 0.187283 -12.5743 3.05175e-10
0.0270733 0.187233 -12.908 2.13471e-10
0.0273164 0.187185 -13.4271 2.66848e-10
0.0275442 0.187145 -14.3997 4.78738e-10
0.0277697 0.18711 -14.9771 -2.05975e-11
0.0280079 0.187079 -14.1153 6.94175e-10
0.0282781 0.18705 -15.183 2.34091e-10
0.0285597 0.187027 -16.01 4.8576e-10
0.02892 0.187007 -16.6771 3.13789e-10
0.0293209 0.187 -17.2901 1.98937e-10
0.0297686 0.187009 -18.0522 5.00347e-11
0.0302854 0.187042 -18.824 3.67797e-10
0.0309265 0.187117 -19.5561 4.68595e-10
0.0315198 0.187221 -20.4339 8.05468e-11
0.031988 0.187327 -20.9391 7.53022e-10
0.0323058 0.187412 -20.1898 6.59615e-10
0.032609 0.187502 -20.9118 4.01194e-10
0.032926 0.187606 -21.1882 3.73984e-10
0.0331683 0.187693 -21.2269 2.4589e-10
0.0334297 0.187795 -21.2888 2.30181e-10
0.0337803 0.187943 -21.226 2.75249e-10
0.0340984 0.18809 -21.3218 1.75791e-10
0.034429 0.188256 -21.37 3.19244e-10
0.0347158 0.188412 -21.118 3.14019e-10
0.0349194 0.188529 -21.1989 3.49234e-10
0.0351247 0.188653 -21.2425 4.03656e-10
0.0353453 0.188794 -21.176 3.38035e-10
0.0355806 0.188952 -21.2572 3.8881e-10
0.0358129 0.189117 -21.3611 4.30586e-10
0.0360298 0.18928 -21.3896 4.25604e-10
0.0362395 0.189445 -21.4522 4.78048e-10
0.0364437 0.189614 -21.4592 4.25007e-10
0.0366754 0.189816 -21.5358 4.60594e-10
0.0369617 0.190083 -21.5838 5.3461e-10
0.0373025 0.190427 -21.5087 5.03444e-10
0.0375835 0.190734 -21.5962 4.25455e-10
0.0378403 0.191037 -21.6572 5.44105e-10
0.0380961 0.191362 -21.6193 5.24189e-10
0.0382839 0.191617 -21.6862 5.63089e-10
0.0384323 0.191831 -21.6541 6.36242e-10
0.0385575 0.19202 -21.5947 6.14166e-10
0.0386797 0.192213 -21.7749 5.63527e-10
0.0387997 0.192412 -21.9476 7.13965e-10
0.0389138 0.19261 -21.9979 6.8337e-10
0.0390236 0.19281 -22.1394 7.79925e-10
0.0391381 0.19303 -22.3569 8.63511e-10
0.039264 0.193287 -22.5011 9.78184e-10
0.0394227 0.193637 -22.6561 1.19174e-09
0.0395699 0.193995 -22.8729 1.31852e-09
0.0396826 0.194296 -22.9077 1.44701e-09
0.0397771 0.194572 -22.7517 1.53986e-09
0.039869 0.194866 -22.9424 1.36642e-09
0.039951 0.195156 -22.8482 1.56003e-09
0.0400235 0.195443 -22.5278 1.63812e-09
0.0401056 0.195814 -22.737 1.54186e-09
0.0402022 0.196361 -21.8581 2.06012e-09
0.0402931 0.197163 -21.9303 -1.68069e-09
