x y fp fmu
0.041815 0.198 -20.6185 3.92562e-08
0.0417836 0.198831 -18.3776 1.48855e-10
0.0416802 0.199717 -16.7723 -9.33807e-10
0.0415252 0.200508 -12.1526 -4.00735e-10
0.041378 0.20107 -9.59271 4.29524e-10
0.0412561 0.201462 -8.25934 -6.78153e-11
0.0411443 0.201782 -6.79456 1.05276e-09
0.0410191 0.202108 -3.5167 5.75151e-10
0.040876 0.202447 -6.53173 9.73825e-11
0.0407177 0.202789 -2.91306 -1.30045e-09
0.0405394 0.203142 -1.933 -2.7206e-10
0.0403047 0.203563 0.020218 -5.07351e-10
0.0399434 0.204138 2.39989 -4.85872e-10
0.0395367 0.204703 4.6174 -6.36918e-10
0.0391703 0.205155 6.30665 -8.74527e-10
0.0387424 0.205626 8.31267 -8.38484e-10
0.0383942 0.205972 9.68699 -7.07954e-10
0.0381023 0.20624 10.2877 -8.98389e-10
0.0378842 0.206428 10.9626 -5.56398e-10
0.0376826 0.206593 11.9786 -1.17382e-09
0.0374795 0.206751 12.2391 -9.04391e-10
0.0372666 0.206909 13.029 -9.39527e-10
0.0370402 0.207069 13.5202 -9.05333e-10
0.0368131 0.207221 13.9726 -6.33651e-10
0.036594 0.20736 14.3268 -8.23508e-10
0.03639 0.207483 15.0042 -9.66846e-10
0.0361278 0.207632 15.9199 -7.48902e-10
0.0358898 0.207759 15.9797 -2.02051e-10
0.0355634 0.207922 17.0448 -4.00951e-11
0.0352113 0.208083 17.3723 -1.76697e-09
0.0348768 0.208223 16.8741 -9.79147e-10
0.0346133 0.208323 17.6062 -6.24618e-10
0.0343284 0.208424 17.9369 -7.95928e-10
0.034044 0.208515 18.2987 -5.16496e-10
0.0337299 0.208607 18.3512 -5.68219e-10
0.0334495 0.20868 18.9571 -6.82641e-10
0.0332016 0.208738 18.9273 -2.7657e-10
0.0329618 0.208788 18.3716 -2.45546e-10
0.0327318 0.208832 18.6212 -6.72385e-10
0.0325138 0.208868 18.8894 -4.81714e-10
0.0322917 0.2089 19.0764 -4.519e-10
0.0320485 0.208931 18.959 -2.79526e-10
0.0317626 0.208959 18.5579 -4.21778e-10
0.0314157 0.208984 18.7427 -6.59663e-10
0.0309487 0.208999 18.6028 -2.76128e-10
0.0304542 0.208994 18.1987 -2.62465e-10
0.0299874 0.208969 17.8932 -1.57375e-10
0.0295229 0.208924 17.4793 -2.70699e-11
0.0290725 0.208861 16.2191 -3.71427e-10
0.0286229 0.208779 16.5842 -7.86059e-10
0.0281614 0.208675 15.8539 6.75463e-11
0.0278464 0.208592 15.0122 2.60886e-11
0.0275466 0.208503 14.5662 -2.44976e-10
0.0272637 0.208411 14.1686 1.52825e-10
0.0270162 0.208323 13.7571 1.24099e-10
0.0267851 0.208235 12.9686 -2.45733e-10
0.0265693 0.208148 12.5648 7.15761e-11
0.0262967 0.208029 12.3581 -4.81647e-11
0.0259347 0.207858 11.4859 -1.10826e-10
0.0256081 0.20769 10.8239 -2.92827e-11
0.0252879 0.207511 9.98494 -8.44338e-11
0.0250499 0.207368 9.2024 -4.21642e-11
0.0248379 0.207234 8.64874 -2.79555e-10
0.0245992 0.207075 7.97936 4.50355e-11
0.0242749 0.206845 7.14997 -9.72915e-11
0.0238118 0.206483 5.79489 -5.3629e-12
0.0232166 0.205954 3.80666 4.31156e-11
0.0225989 0.205314 1.6944 -1.95407e-10
0.02205 0.204646 -0.339629 -5.69146e-10
0.0215959 0.204001 -2.11466 -3.82051e-10
0.0211971 0.203338 -3.71074 -4.66591e-10
0.0209217 0.202809 -4.79294 -5.86025e-10
0.0207325 0.202398 -5.65386 -5.5581e-10
0.0205919 0.20206 -6.14296 -4.92849e-10
0.0204778 0.20176 -6.55061 -7.07178e-10
0.0203769 0.201471 -7.25962 -4.79913e-10
0.0202873 0.201189 -7.78633 -6.84808e-10
0.0201964 0.200871 -7.23897 -4.10799e-10
0.0201008 0.200491 -7.95346 -8.21797e-10
0.0200108 0.200066 -8.25969 -6.23449e-10
0.0199116 0.199454 -8.45893 -5.3404e-10
0.019838 0.19871 -8.34309 -3.96727e-10
0.0198152 0.197945 -8.16779 -4.54893e-10
0.0198431 0.197214 -8.32371 -4.28411e-11
0.0199024 0.196617 -8.37693 -1.63159e-10
0.019981 0.196096 -8.54296 -2.06965e-10
0.0201025 0.195502 -8.72373 -1.84751e-10
0.0202436 0.194959 -8.87786 -1.81211e-10
0.0203597 0.194582 -8.9591 -1.73044e-10
0.0204822 0.194228 -9.03995 -1.59412e-10
0.0205951 0.193932 -9.09093 -1.61955e-10
0.0207341 0.193598 -9.16068 -1.58929e-10
0.0209219 0.193191 -9.24414 -1.52667e-10
0.02119 0.192675 -9.36347 -1.35468e-10
0.021567 0.192044 -9.52231 -1.23366e-10
0.0219801 0.191447 -9.69282 -8.52646e-11
0.022314 0.191019 -9.83317 -6.37648e-11
0.0226201 0.190662 -9.96804 -4.30344e-11
0.0229352 0.190325 -10.1133 -3.24622e-11
0.0233402 0.18993 -10.3379 4.99751e-12
0.0238101 0.189519 -10.6697 7.3427e-11
0.0241918 0.189217 -10.9446 8.71158e-11
0.0244721 0.189013 -11.2438 2.09206e-10
0.0247567 0.188819 -11.5653 1.63561e-10
0.0249899 0.188669 -11.7001 1.10256e-10
0.0252282 0.188524 -12.0837 1.48483e-10
0.0254619 0.18839 -12.4987 1.80541e-10
0.025666 0.18828 -12.6763 1.94924e-10
0.0259346 0.188142 -13.2217 2.73299e-10
0.0261762 0.188026 -13.3866 2.04981e-10
0.0264514 0.187903 -13.936 1.39379e-10
0.026697 0.1878 -14.1794 1.68856e-10
0.0269216 0.187712 -14.7341 1.11825e-10
0.0272054 0.187609 -15.4302 2.35457e-10
0.027452 0.187527 -15.4681 3.04503e-11
0.0277737 0.187429 -16.1131 4.02473e-10
0.0280537 0.187352 -16.6859 4.607e-11
0.0283345 0.187283 -17.1377 1.66582e-10
0.0285634 0.187233 -17.3355 8.11628e-11
0.0288065 0.187185 -17.6965 1.60434e-10
0.0290343 0.187145 -18.681 3.43818e-10
0.0292599 0.18711 -19.145 -3.80603e-10
0.029498 0.187079 -17.767 6.20895e-10
0.0297683 0.18705 -18.656 4.74701e-11
0.0300498 0.187027 -19.2223 3.20882e-10
0.0304102 0.187007 -19.5245 1.34123e-10
0.0308111 0.187 -19.662 1.98627e-11
0.0312587 0.187009 -19.802 -9.36189e-11
0.0317755 0.187042 -19.8007 1.82646e-10
0.0324166 0.187117 -19.6473 1.42169e-10
0.0330099 0.187221 -19.5247 -9.76684e-11
0.0334781 0.187327 -19.4485 2.47867e-10
0.033796 0.187412 -19.0972 1.1578e-10
0.0340992 0.187502 -19.0008 1.38323e-10
0.0344161 0.187606 -19.0049 1.34101e-10
0.0346584 0.187693 -18.9581 2.22279e-10
0.0349198 0.187795 -19.0379 2.21355e-10
0.0352705 0.187943 -19.0663 3.20173e-10
0.0355885 0.18809 -19.2456 2.72447e-10
0.0359191 0.188256 -19.426 5.18581e-10
0.0362059 0.188412 -19.4403 4.91544e-10
0.0364095 0.188529 -19.675 4.98647e-10
0.0366148 0.188653 -19.8121 5.59595e-10
0.0368355 0.188794 -19.96 6.09159e-10
0.0370708 0.188952 -20.2822 5.66691e-10
0.0373031 0.189117 -20.5032 6.54366e-10
0.03752 0.18928 -20.7526 6.76002e-10
0.0377296 0.189445 -20.9747 7.4137e-10
0.0379338 0.189614 -21.1996 8.76912e-10
0.0381656 0.189816 -21.5482 8.94665e-10
0.0384518 0.190083 -21.8788 9.99983e-10
0.0387927 0.190427 -22.2583 1.24499e-09
0.0390736 0.190734 -22.9338 1.14758e-09
0.0393305 0.191037 -23.1646 1.27865e-09
0.0395863 0.191362 -23.5163 1.48488e-09
0.039774 0.191617 -23.6667 1.68188e-09
0.0399224 0.191831 -23.6475 1.94852e-09
0.0400476 0.19202 -23.7217 2.00049e-09
0.0401698 0.192213 -24.5295 1.88343e-09
0.0402898 0.192412 -24.3997 1.94907e-09
0.040404 0.19261 -24.5896 2.22609e-09
0.0405137 0.19281 -24.8329 2.29293e-09
0.0406282 0.19303 -25.1231 2.44167e-09
0.0407541 0.193287 -25.2702 2.67826e-09
0.0409129 0.193637 -25.1792 3.19351e-09
0.04106 0.193995 -25.3328 3.66724e-09
0.0411727 0.194296 -25.5791 4.03133e-09
0.0412672 0.194572 -25.3277 3.86828e-09
0.0413592 0.194866 -25.9359 3.04201e-09
0.0414411 0.195156 -26.6462 3.92964e-09
0.0415137 0.195443 -25.6341 3.32981e-09
0.0415957 0.195814 -26.363 2.75276e-09
0.0416923 0.196361 -24.8253 2.81024e-09
0.0417832 0.197163 -22.85 -3.68267e-09
