x y fp fmu
0.0426072 0.198 -18.8285 3.69242e-08
0.0425758 0.198831 -16.6606 1.37141e-10
0.0424724 0.199717 -14.8469 -8.48802e-10
0.0423174 0.200508 -10.3125 -4.04156e-10
0.0421702 0.20107 -7.75819 3.55046e-10
0.0420483 0.201462 -6.37379 -1.24668e-10
0.0419365 0.201782 -4.95109 8.86461e-10
0.0418113 0.202108 -1.79404 5.49174e-10
0.0416682 0.202447 -4.47683 -4.09517e-11
0.0415099 0.202789 -1.09479 -1.27209e-09
0.0413316 0.203142 -0.104243 -3.56204e-10
0.0410969 0.203563 1.79497 -5.80805e-10
0.0407356 0.204138 4.1447 -5.75102e-10
0.0403289 0.204703 6.30959 -6.92678e-10
0.0399625 0.205155 7.93034 -9.44726e-10
0.0395346 0.205626 9.85011 -8.97389e-10
0.0391864 0.205972 11.1924 -7.60849e-10
0.0388945 0.20624 11.7897 -9.37617e-10
0.0386764 0.206428 12.375 -6.28501e-10
0.0384748 0.206593 13.3567 -1.21071e-09
0.0382717 0.206751 13.611 -9.53761e-10
0.0380588 0.206909 14.3342 -9.79851e-10
0.0378324 0.207069 14.7972 -9.25639e-10
0.0376053 0.207221 15.1928 -6.74222e-10
0.0373862 0.20736 15.5128 -8.32084e-10
0.0371822 0.207483 16.0972 -9.93762e-10
0.03692 0.207632 16.9674 -7.89554e-10
0.036682 0.207759 17.0381 -2.79529e-10
0.0363556 0.207922 17.88 -1.62766e-10
0.0360035 0.208083 18.3526 -1.59285e-09
0.035669 0.208223 17.7904 -9.36901e-10
0.0354055 0.208323 18.4015 -6.57009e-10
0.0351206 0.208424 18.681 -8.25923e-10
0.0348362 0.208515 19.017 -5.72788e-10
0.0345221 0.208607 18.9978 -6.14747e-10
0.0342417 0.20868 19.5032 -7.15868e-10
0.0339938 0.208738 19.5714 -2.69577e-10
0.0337539 0.208788 18.9258 -2.72674e-10
0.0335239 0.208832 19.0443 -7.05716e-10
0.033306 0.208868 19.289 -5.28309e-10
0.0330839 0.2089 19.4343 -4.85582e-10
0.0328407 0.208931 19.3248 -2.80389e-10
0.0325548 0.208959 18.8241 -4.82108e-10
0.0322079 0.208984 18.9347 -6.95987e-10
0.0317409 0.208999 18.7254 -2.94927e-10
0.0312464 0.208994 18.2078 -2.95028e-10
0.0307796 0.208969 17.8032 -1.77779e-10
0.030315 0.208924 17.3194 -5.94508e-11
0.0298646 0.208861 15.9173 -4.4339e-10
0.0294151 0.208779 16.2319 -8.39992e-10
0.0289535 0.208675 15.4351 2.23237e-11
0.0286386 0.208592 14.5047 -4.35262e-12
0.0283388 0.208503 14.0045 -2.89717e-10
0.0280559 0.208411 13.5553 1.20743e-10
0.0278084 0.208323 13.1034 9.0448e-11
0.0275773 0.208235 12.2736 -2.89727e-10
0.0273615 0.208148 11.7963 5.16371e-11
0.0270889 0.208029 11.5794 -8.44977e-11
0.0267269 0.207858 10.6546 -1.46382e-10
0.0264003 0.20769 9.96408 -6.57045e-11
0.0260801 0.207511 9.09216 -1.3359e-10
0.0258421 0.207368 8.2613 -8.16176e-11
0.0256301 0.207234 7.69157 -3.18395e-10
0.0253913 0.207075 6.99492 2.11108e-12
0.0250671 0.206845 6.12131 -1.37515e-10
0.024604 0.206483 4.7049 -5.97838e-11
0.0240088 0.205954 2.65403 2.6821e-12
0.0233911 0.205314 0.540696 -2.32624e-10
0.0228422 0.204646 -1.51276 -6.07344e-10
0.0223881 0.204001 -3.30834 -4.43776e-10
0.0219893 0.203338 -4.83733 -5.08942e-10
0.0217139 0.202809 -5.8585 -6.11784e-10
0.0215247 0.202398 -6.67822 -5.74451e-10
0.0213841 0.20206 -7.12602 -5.13717e-10
0.02127 0.20176 -7.49012 -7.05094e-10
0.0211691 0.201471 -8.1359 -4.85371e-10
0.0210795 0.201189 -8.64499 -6.2823e-10
0.0209886 0.200871 -8.13907 -3.9703e-10
0.020893 0.200491 -8.77537 -7.73502e-10
0.020803 0.200066 -9.08509 -5.24452e-10
0.0207038 0.199454 -9.33828 -4.64975e-10
0.0206302 0.19871 -9.43027 -3.0948e-10
0.0206074 0.197945 -9.49872 -2.80077e-10
0.0206353 0.197214 -9.66987 -1.48659e-10
0.0206946 0.196617 -9.76386 -2.22034e-10
0.0207732 0.196096 -9.92854 -2.25384e-10
0.0208947 0.195502 -10.1204 -1.9297e-10
0.0210358 0.194959 -10.3015 -2.02007e-10
0.0211519 0.194582 -10.4066 -2.09788e-10
0.0212743 0.194228 -10.5158 -2.12917e-10
0.0213873 0.193932 -10.5796 -2.19258e-10
0.0215263 0.193598 -10.6636 -2.25346e-10
0.0217141 0.193191 -10.7486 -2.19282e-10
0.0219822 0.192675 -10.8462 -2.03481e-10
0.0223591 0.192044 -10.9416 -1.91178e-10
0.0227723 0.191447 -11.0137 -1.5263e-10
0.0231061 0.191019 -11.0624 -1.24842e-10
0.0234123 0.190662 -11.102 -9.80255e-11
0.0237274 0.190325 -11.1469 -7.74124e-11
0.0241324 0.18993 -11.2488 -4.22505e-11
0.0246023 0.189519 -11.4181 3.99551e-11
0.024984 0.189217 -11.5823 5.10285e-11
0.0252642 0.189013 -11.7944 1.66526e-10
0.0255489 0.188819 -12.0126 1.41163e-10
0.0257821 0.188669 -12.0925 9.31249e-11
0.0260203 0.188524 -12.3922 1.32688e-10
0.0262541 0.18839 -12.7169 1.55049e-10
0.0264582 0.18828 -12.8452 1.78222e-10
0.0267268 0.188142 -13.2947 2.55545e-10
0.0269683 0.188026 -13.3924 1.85423e-10
0.0272436 0.187903 -13.8581 1.19478e-10
0.0274892 0.1878 -14.0455 1.66671e-10
0.0277138 0.187712 -14.5464 1.14229e-10
0.0279975 0.187609 -15.1604 2.32919e-10
0.0282442 0.187527 -15.1436 3.11694e-11
0.0285659 0.187429 -15.7322 3.94192e-10
0.0288459 0.187352 -16.2413 4.7845e-11
0.0291267 0.187283 -16.6322 1.65737e-10
0.0293556 0.187233 -16.7754 7.72518e-11
0.0295987 0.187185 -17.1066 1.60623e-10
0.0298265 0.187145 -18.0485 3.40205e-10
0.030052 0.18711 -18.4358 -4.3836e-10
0.0302902 0.187079 -16.9982 5.83885e-10
0.0305605 0.18705 -17.8489 3.83241e-12
0.030842 0.187027 -18.3362 2.8102e-10
0.0312024 0.187007 -18.5371 8.97398e-11
0.0316033 0.187 -18.5736 -1.9142e-11
0.0320509 0.187009 -18.5904 -9.79786e-11
0.0325677 0.187042 -18.4738 1.18691e-10
0.0332088 0.187117 -18.2387 8.13711e-11
0.0338021 0.187221 -18.0871 -3.34139e-11
0.0342703 0.187327 -18.1375 2.48253e-10
0.0345882 0.187412 -17.9206 1.77138e-10
0.0348914 0.187502 -17.9608 1.98421e-10
0.0352083 0.187606 -18.0635 2.11129e-10
0.0354506 0.187693 -18.1001 2.51126e-10
0.035712 0.187795 -18.2187 2.58108e-10
0.0360626 0.187943 -18.3011 3.39499e-10
0.0363807 0.18809 -18.6022 3.10215e-10
0.0367113 0.188256 -18.6105 5.11014e-10
0.0369981 0.188412 -18.7187 5.46833e-10
0.0372017 0.188529 -18.9898 5.13932e-10
0.037407 0.188653 -19.0826 5.6711e-10
0.0376276 0.188794 -19.2545 6.83383e-10
0.0378629 0.188952 -19.6024 5.78662e-10
0.0380952 0.189117 -19.7695 6.80596e-10
0.0383121 0.18928 -20.0081 7.18073e-10
0.0385218 0.189445 -20.1854 7.75237e-10
0.038726 0.189614 -20.3699 9.87501e-10
0.0389578 0.189816 -20.6597 9.57144e-10
0.039244 0.190083 -20.8604 1.05417e-09
0.0395848 0.190427 -21.1038 1.30213e-09
0.0398658 0.190734 -21.7113 1.15033e-09
0.0401227 0.191037 -21.8347 1.3158e-09
0.0403785 0.191362 -22.0969 1.50725e-09
0.0405662 0.191617 -22.2234 1.73074e-09
0.0407146 0.191831 -22.2799 2.01065e-09
0.0408398 0.19202 -22.4527 2.0985e-09
0.040962 0.192213 -23.3762 2.02724e-09
0.041082 0.192412 -23.1943 2.07372e-09
0.0411962 0.19261 -23.5324 2.48403e-09
0.0413059 0.19281 -23.8038 2.54985e-09
0.0414204 0.19303 -24.1902 2.77372e-09
0.0415463 0.193287 -24.3637 3.09286e-09
0.0417051 0.193637 -24.3397 3.7991e-09
0.0418522 0.193995 -24.7128 3.7089e-09
0.0419649 0.194296 -25.416 3.82476e-09
0.0420594 0.194572 -24.7599 3.61418e-09
0.0421514 0.194866 -25.4108 2.81217e-09
0.0422333 0.195156 -25.8158 3.72223e-09
0.0423058 0.195443 -24.917 3.06751e-09
0.0423879 0.195814 -25.287 2.43836e-09
0.0424845 0.196361 -23.4488 2.6421e-09
0.0425754 0.197163 -21.138 -3.29005e-09
