x y fp fmu
0.0452755 0.198 -13.7364 2.9524e-08
0.0452441 0.198831 -11.9484 -5.84206e-12
0.0451407 0.199717 -9.72731 -4.08496e-10
0.0449857 0.200508 -5.85539 -2.03502e-10
0.0448385 0.20107 -3.55518 3.93585e-10
0.0447166 0.201462 -2.23042 -8.65296e-11
0.0446048 0.201782 -1.03662 5.91584e-10
0.0444796 0.202108 1.58851 5.85459e-10
0.0443365 0.202447 -0.194319 -2.78364e-10
0.0441782 0.202789 2.55021 -1.08761e-09
0.0439999 0.203142 3.52698 -4.32926e-10
0.0437652 0.203563 5.23561 -5.44244e-10
0.0434039 0.204138 7.36112 -6.2192e-10
0.0429972 0.204703 9.30463 -7.34292e-10
0.0426308 0.205155 10.785 -9.63535e-10
0.0422029 0.205626 12.5246 -9.21434e-10
0.0418547 0.205972 13.7464 -7.84345e-10
0.0415628 0.20624 14.3388 -9.10598e-10
0.0413447 0.206428 14.8109 -6.17988e-10
0.0411431 0.206593 15.7342 -1.15506e-09
0.04094 0.206751 16.0122 -9.29211e-10
0.0407271 0.206909 16.619 -9.20964e-10
0.0405007 0.207069 17.0103 -8.8502e-10
0.0402736 0.207221 17.2913 -6.51483e-10
0.0400545 0.20736 17.5335 -8.28171e-10
0.0398505 0.207483 17.9776 -1.00408e-09
0.0395883 0.207632 18.7261 -8.09531e-10
0.0393503 0.207759 18.8132 -3.32528e-10
0.0390239 0.207922 19.314 -2.8318e-10
0.0386718 0.208083 19.9635 -1.32339e-09
0.0383373 0.208223 19.3537 -7.88591e-10
0.0380738 0.208323 19.8097 -6.16801e-10
0.0377889 0.208424 19.9737 -7.60214e-10
0.0375045 0.208515 20.2375 -5.45993e-10
0.0371904 0.208607 20.1456 -5.88352e-10
0.03691 0.20868 20.4783 -6.62168e-10
0.0366621 0.208738 20.6458 -2.03527e-10
0.0364223 0.208788 19.9394 -2.29093e-10
0.0361922 0.208832 19.8843 -6.56382e-10
0.0359743 0.208868 20.0707 -5.11825e-10
0.0357522 0.2089 20.1475 -4.66146e-10
0.035509 0.208931 20.056 -2.31545e-10
0.0352231 0.208959 19.4378 -4.92931e-10
0.0348762 0.208984 19.3958 -6.43239e-10
0.0344092 0.208999 19.0839 -2.68574e-10
0.0339147 0.208994 18.4101 -2.89908e-10
0.0334479 0.208969 17.8488 -1.66636e-10
0.0329834 0.208924 17.2751 -6.78976e-11
0.032533 0.208861 15.6894 -4.98846e-10
0.0320834 0.208779 15.8586 -8.4092e-10
0.0316219 0.208675 15.0322 -3.18249e-11
0.0313069 0.208592 13.9403 -3.24712e-11
0.0310071 0.208503 13.3376 -3.07489e-10
0.0307242 0.208411 12.8133 9.89712e-11
0.0304767 0.208323 12.3119 5.52941e-11
0.0302456 0.208235 11.4408 -3.15893e-10
0.0300298 0.208148 10.8113 5.17194e-11
0.0297572 0.208029 10.5827 -1.22401e-10
0.0293952 0.207858 9.55968 -1.83811e-10
0.0290686 0.20769 8.79808 -1.07851e-10
0.0287484 0.207511 7.84689 -1.88027e-10
0.0285104 0.207368 6.91963 -1.21979e-10
0.0282984 0.207234 6.28942 -3.48194e-10
0.0280597 0.207075 5.52335 -3.82436e-11
0.0277354 0.206845 4.57086 -1.88155e-10
0.0272723 0.206483 3.04007 -1.31392e-10
0.0266771 0.205954 0.812609 -8.74547e-11
0.0260594 0.205314 -1.46789 -2.93474e-10
0.0255105 0.204646 -3.63347 -6.73675e-10
0.0250564 0.204001 -5.52468 -4.88616e-10
0.0246576 0.203338 -7.10882 -5.4884e-10
0.0243822 0.202809 -8.17556 -6.44692e-10
0.024193 0.202398 -9.04612 -5.81149e-10
0.0240524 0.20206 -9.52693 -5.16984e-10
0.0239383 0.20176 -9.91682 -6.90852e-10
0.0238374 0.201471 -10.6603 -4.60028e-10
0.0237478 0.201189 -11.2453 -5.73761e-10
0.0236569 0.200871 -10.6018 -2.65821e-10
0.0235613 0.200491 -11.4423 -7.90944e-10
0.0234713 0.200066 -11.9703 -4.61436e-10
0.0233721 0.199454 -12.4381 -5.10645e-10
0.0232985 0.19871 -12.6785 -4.73027e-10
0.0232757 0.197945 -13.1954 -2.86218e-10
0.0233036 0.197214 -13.3657 -3.80318e-10
0.0233629 0.196617 -13.3326 -4.08974e-10
0.0234415 0.196096 -13.3874 -3.24745e-10
0.023563 0.195502 -13.4302 -2.31113e-10
0.0237041 0.194959 -13.5161 -1.88776e-10
0.0238202 0.194582 -13.5639 -1.99654e-10
0.0239427 0.194228 -13.6593 -2.19111e-10
0.0240556 0.193932 -13.7227 -2.15425e-10
0.0241946 0.193598 -13.8326 -2.45865e-10
0.0243824 0.193191 -13.9682 -2.57541e-10
0.0246505 0.192675 -14.1299 -2.75519e-10
0.0250274 0.192044 -14.3013 -2.95257e-10
0.0254406 0.191447 -14.3997 -3.42183e-10
0.0257745 0.191019 -14.4027 -3.56808e-10
0.0260806 0.190662 -14.3336 -3.69519e-10
0.0263957 0.190325 -14.2318 -3.34893e-10
0.0268007 0.18993 -14.0516 -3.17094e-10
0.0272706 0.189519 -13.6728 -3.02382e-10
0.0276523 0.189217 -13.4428 -2.46386e-10
0.0279326 0.189013 -13.1953 -2.63626e-10
0.0282172 0.188819 -12.9379 -1.5816e-10
0.0284504 0.188669 -12.879 -1.11997e-10
0.0286886 0.188524 -12.6874 -7.27318e-11
0.0289224 0.18839 -12.5207 -7.45753e-11
0.0291265 0.18828 -12.4734 -2.37559e-11
0.0293951 0.188142 -12.3715 1.33621e-11
0.0296366 0.188026 -12.3041 1.97024e-11
0.0299119 0.187903 -12.2895 2.93718e-11
0.0301575 0.1878 -12.2488 7.52933e-11
0.0303821 0.187712 -12.358 8.62949e-11
0.0306658 0.187609 -12.4822 1.73302e-10
0.0309125 0.187527 -12.3656 6.1432e-11
0.0312342 0.187429 -12.6347 3.03824e-10
0.0315142 0.187352 -12.8287 1.24766e-10
0.031795 0.187283 -12.9961 2.30747e-10
0.0320239 0.187233 -13.0122 1.39042e-10
0.032267 0.187185 -13.2797 2.53808e-10
0.0324948 0.187145 -14.0498 4.63207e-10
0.0327203 0.18711 -14.1557 -3.97951e-10
0.0329585 0.187079 -12.8293 5.36526e-10
0.0332288 0.18705 -13.7294 1.6364e-11
0.0335103 0.187027 -14.1481 3.76966e-10
0.0338707 0.187007 -14.3193 2.32089e-10
0.0342716 0.187 -14.3671 6.40861e-11
0.0347192 0.187009 -14.4716 -4.15079e-11
0.035236 0.187042 -14.4705 2.10352e-10
0.0358771 0.187117 -14.3964 2.43989e-10
0.0364704 0.187221 -14.4079 2.20288e-11
0.0369386 0.187327 -14.3253 4.05953e-10
0.0372565 0.187412 -13.8135 3.34985e-10
0.0375597 0.187502 -13.9294 2.22234e-10
0.0378766 0.187606 -13.8667 2.26063e-10
0.0381189 0.187693 -13.7547 2.20458e-10
0.0383803 0.187795 -13.6787 2.07242e-10
0.0387309 0.187943 -13.4685 2.5873e-10
0.039049 0.18809 -13.4193 1.77193e-10
0.0393796 0.188256 -13.2053 3.38507e-10
0.0396664 0.188412 -12.9337 3.20253e-10
0.03987 0.188529 -12.8989 3.08106e-10
0.0400753 0.188653 -12.7694 3.46868e-10
0.0402959 0.188794 -12.611 3.58033e-10
0.0405313 0.188952 -12.544 3.2544e-10
0.0407636 0.189117 -12.4044 3.85751e-10
0.0409804 0.18928 -12.295 3.81755e-10
0.0411901 0.189445 -12.1664 4.25979e-10
0.0413943 0.189614 -12.0639 5.21357e-10
0.0416261 0.189816 -11.9866 5.31635e-10
0.0419123 0.190083 -11.8366 5.85735e-10
0.0422532 0.190427 -11.7758 7.9217e-10
0.0425341 0.190734 -11.9577 8.1955e-10
0.042791 0.191037 -11.8618 9.59174e-10
0.0430468 0.191362 -12.0707 1.11607e-09
0.0432345 0.191617 -12.1161 1.39125e-09
0.0433829 0.191831 -12.1709 1.57364e-09
0.0435081 0.19202 -12.6159 1.71625e-09
0.0436303 0.192213 -13.6181 1.77386e-09
0.0437503 0.192412 -13.5327 1.63147e-09
0.0438645 0.19261 -14.2896 2.16509e-09
0.0439742 0.19281 -14.7384 2.11413e-09
0.0440887 0.19303 -15.4893 2.51037e-09
0.0442146 0.193287 -15.9091 2.75605e-09
0.0443734 0.193637 -16.3566 3.51578e-09
0.0445205 0.193995 -16.9857 3.75365e-09
0.0446332 0.194296 -17.9095 3.73691e-09
0.0447277 0.194572 -17.7393 3.53533e-09
0.0448197 0.194866 -18.3006 2.82726e-09
0.0449016 0.195156 -18.5905 3.44652e-09
0.0449742 0.195443 -18.0265 3.08346e-09
0.0450562 0.195814 -18.593 2.51449e-09
0.0451528 0.196361 -17.3828 2.49565e-09
0.0452437 0.197163 -15.4661 -1.98506e-09
