x y fp fmu
0.0467341 0.198 -11.4457 1.95417e-08
0.0467027 0.198831 -9.7596 7.26686e-11
0.0465992 0.199717 -7.69551 -1.70322e-10
0.0464443 0.200508 -4.55945 1.73243e-10
0.0462971 0.20107 -2.72916 6.55041e-10
0.0461752 0.201462 -1.63028 2.14342e-10
0.0460634 0.201782 -0.635673 6.67921e-10
0.0459381 0.202108 1.48507 7.67357e-10
0.045795 0.202447 0.294803 -5.28756e-11
0.0456368 0.202789 2.62892 -5.64826e-10
0.0454584 0.203142 3.47578 -1.07621e-10
0.0452237 0.203563 4.97376 -1.29589e-10
0.0448625 0.204138 6.82758 -2.8111e-10
0.0444558 0.204703 8.60689 -3.76709e-10
0.0440894 0.205155 9.97019 -5.93325e-10
0.0436615 0.205626 11.5292 -5.80995e-10
0.0433133 0.205972 12.617 -4.99878e-10
0.0430214 0.20624 13.1947 -6.27032e-10
0.0428033 0.206428 13.6828 -3.17583e-10
0.0426017 0.206593 14.4636 -8.3846e-10
0.0423986 0.206751 14.7233 -6.62047e-10
0.0421856 0.206909 15.2731 -6.40192e-10
0.0419593 0.207069 15.6313 -6.21276e-10
0.0417322 0.207221 15.929 -3.58681e-10
0.0415131 0.20736 16.2004 -5.43238e-10
0.0413091 0.207483 16.643 -6.78855e-10
0.0410468 0.207632 17.2663 -5.45866e-10
0.0408089 0.207759 17.3531 -1.58219e-10
0.0404824 0.207922 17.918 -5.34446e-11
0.0401303 0.208083 18.3701 -1.19884e-09
0.0397958 0.208223 17.8878 -5.60214e-10
0.0395323 0.208323 18.3753 -4.12164e-10
0.0392475 0.208424 18.5364 -5.32087e-10
0.038963 0.208515 18.7644 -3.27227e-10
0.0386489 0.208607 18.7332 -3.98328e-10
0.0383685 0.20868 19.0465 -4.55262e-10
0.0381207 0.208738 19.0994 -1.23905e-10
0.0378808 0.208788 18.5672 -9.89778e-11
0.0376508 0.208832 18.5973 -4.58563e-10
0.0374328 0.208868 18.7382 -3.29026e-10
0.0372107 0.2089 18.8081 -3.10976e-10
0.0369676 0.208931 18.6973 -1.47705e-10
0.0366816 0.208959 18.2026 -3.19711e-10
0.0363348 0.208984 18.1869 -4.74156e-10
0.0358678 0.208999 17.9005 -1.74112e-10
0.0353732 0.208994 17.308 -1.82406e-10
0.0349065 0.208969 16.8134 -8.38114e-11
0.0344419 0.208924 16.2943 7.32387e-12
0.0339915 0.208861 14.8457 -4.02886e-10
0.033542 0.208779 14.9938 -7.16657e-10
0.0330804 0.208675 14.2981 6.55222e-11
0.0327654 0.208592 13.2516 6.1128e-11
0.0324656 0.208503 12.6944 -2.31186e-10
0.0321828 0.208411 12.2176 1.74412e-10
0.0319352 0.208323 11.7585 1.2498e-10
0.0317042 0.208235 10.9154 -2.562e-10
0.0314883 0.208148 10.2768 1.35321e-10
0.0312157 0.208029 10.1049 -5.46782e-11
0.0308538 0.207858 9.09182 -9.86887e-11
0.0305271 0.20769 8.37167 -8.21862e-13
0.030207 0.207511 7.42447 -8.64361e-11
0.029969 0.207368 6.49289 -5.23797e-12
0.029757 0.207234 5.89456 -2.89357e-10
0.0295182 0.207075 5.1453 8.09932e-11
0.0291939 0.206845 4.24121 -6.75992e-11
0.0287309 0.206483 2.74157 2.10273e-11
0.0281356 0.205954 0.475543 7.24857e-11
0.0275179 0.205314 -1.89132 -2.10324e-10
0.0269691 0.204646 -4.22359 -7.70393e-10
0.026515 0.204001 -6.34366 -5.37036e-10
0.0261161 0.203338 -8.17192 -6.39978e-10
0.0258408 0.202809 -9.40988 -7.71804e-10
0.0256515 0.202398 -10.5534 -6.97663e-10
0.0255109 0.20206 -11.1484 -5.20736e-10
0.0253968 0.20176 -11.7201 -8.0924e-10
0.0252959 0.201471 -12.9755 -4.20484e-10
0.0252064 0.201189 -13.8974 -6.92227e-10
0.0251154 0.200871 -12.3243 -3.70634e-11
0.0250198 0.200491 -14.0039 -1.10273e-09
0.0249299 0.200066 -14.9614 -5.26526e-10
0.0248307 0.199454 -15.6807 -8.24947e-10
0.0247571 0.19871 -15.6875 -9.44942e-10
0.0247342 0.197945 -16.9999 -5.75211e-10
0.0247622 0.197214 -16.9864 -8.01427e-10
0.0248214 0.196617 -17.2006 -1.05366e-09
0.0249001 0.196096 -17.6768 -9.26463e-10
0.0250215 0.195502 -17.9158 -7.29298e-10
0.0251627 0.194959 -17.9631 -6.63047e-10
0.0252788 0.194582 -17.8614 -6.0565e-10
0.0254012 0.194228 -17.7741 -4.79599e-10
0.0255141 0.193932 -17.6148 -4.75539e-10
0.0256532 0.193598 -17.4975 -3.77302e-10
0.025841 0.193191 -17.3573 -3.11601e-10
0.0261091 0.192675 -17.2373 -2.43606e-10
0.026486 0.192044 -17.1913 -2.15142e-10
0.0268992 0.191447 -17.276 -1.88592e-10
0.027233 0.191019 -17.4001 -2.22318e-10
0.0275392 0.190662 -17.5513 -2.73918e-10
0.0278543 0.190325 -17.7372 -3.03492e-10
0.0282593 0.18993 -17.8742 -2.73733e-10
0.0287291 0.189519 -17.9509 -4.78987e-10
0.0291109 0.189217 -17.9646 -3.69637e-10
0.0293911 0.189013 -17.7189 -5.90872e-10
0.0296757 0.188819 -17.5987 -5.59716e-10
0.0299089 0.188669 -17.5683 -4.17434e-10
0.0301472 0.188524 -17.1443 -4.70649e-10
0.030381 0.18839 -16.8169 -4.71597e-10
0.0305851 0.18828 -16.6946 -4.59137e-10
0.0308537 0.188142 -16.2039 -4.95646e-10
0.0310952 0.188026 -16.1051 -4.25592e-10
0.0313705 0.187903 -15.598 -2.77674e-10
0.0316161 0.1878 -15.3452 -3.06413e-10
0.0318406 0.187712 -14.8329 -2.58525e-10
0.0321244 0.187609 -14.3282 -2.97616e-10
0.0323711 0.187527 -14.2089 -1.50055e-10
0.0326928 0.187429 -13.6673 -2.68339e-10
0.0329727 0.187352 -13.2668 -1.15807e-10
0.0332535 0.187283 -12.9425 -8.18501e-11
0.0334825 0.187233 -12.7372 -8.94442e-11
0.0337256 0.187185 -12.5203 -3.90607e-11
0.0339534 0.187145 -12.3641 4.02672e-11
0.0341789 0.18711 -12.1792 -2.23973e-10
0.0344171 0.187079 -11.748 4.07075e-11
0.0346873 0.18705 -11.869 -6.94803e-13
0.0349689 0.187027 -11.8582 1.6332e-10
0.0353292 0.187007 -11.7406 2.04719e-10
0.0357301 0.187 -11.628 9.24653e-11
0.0361778 0.187009 -11.6157 -5.20263e-11
0.0366946 0.187042 -11.5379 2.09002e-10
0.0373356 0.187117 -11.4581 2.90854e-10
0.037929 0.187221 -11.4797 -1.63869e-11
0.0383971 0.187327 -11.2207 4.24045e-10
0.038715 0.187412 -10.6997 3.9664e-10
0.0390182 0.187502 -10.8972 1.9055e-10
0.0393351 0.187606 -10.8224 1.94633e-10
0.0395775 0.187693 -10.6878 1.70949e-10
0.0398388 0.187795 -10.5849 1.59848e-10
0.0401895 0.187943 -10.3622 1.89309e-10
0.0405076 0.18809 -10.2302 1.32761e-10
0.0408381 0.188256 -10.0531 2.42673e-10
0.041125 0.188412 -9.77765 1.94954e-10
0.0413285 0.188529 -9.68325 1.89837e-10
0.0415339 0.188653 -9.563 2.12969e-10
0.0417545 0.188794 -9.37988 1.61855e-10
0.0419898 0.188952 -9.24216 1.76778e-10
0.0422221 0.189117 -9.10037 2.00639e-10
0.042439 0.18928 -8.9595 1.76086e-10
0.0426487 0.189445 -8.82338 2.03161e-10
0.0428529 0.189614 -8.7039 2.04128e-10
0.0430846 0.189816 -8.57916 2.21617e-10
0.0433709 0.190083 -8.41568 2.26387e-10
0.0437117 0.190427 -8.26934 2.73933e-10
0.0439927 0.190734 -8.23623 2.66121e-10
0.0442495 0.191037 -8.11344 3.23029e-10
0.0445053 0.191362 -8.14889 3.6291e-10
0.0446931 0.191617 -8.11676 5.19911e-10
0.0448415 0.191831 -8.1398 5.33997e-10
0.0449666 0.19202 -8.3807 6.58095e-10
0.0450889 0.192213 -8.8116 7.35146e-10
0.0452089 0.192412 -8.55892 5.46061e-10
0.045323 0.19261 -9.06349 9.51338e-10
0.0454327 0.19281 -9.35116 8.68795e-10
0.0455473 0.19303 -9.9259 1.18236e-09
0.0456732 0.193287 -10.3077 1.24457e-09
0.0458319 0.193637 -11.0145 1.58191e-09
0.0459791 0.193995 -11.789 1.89651e-09
0.0460918 0.194296 -12.2791 2.2166e-09
0.0461863 0.194572 -12.6685 2.38235e-09
0.0462782 0.194866 -13.3007 2.14641e-09
0.0463602 0.195156 -13.6341 2.36765e-09
0.0464327 0.195443 -13.6334 2.38672e-09
0.0465148 0.195814 -13.9995 2.14298e-09
0.0466114 0.196361 -13.5131 2.03198e-09
0.0467022 0.197163 -12.4756 -1.26574e-09
