x y fp fmu
0.0472787 0.198 -10.3397 1.63634e-08
0.0472472 0.198831 -8.9496 8.27708e-11
0.0471438 0.199717 -7.0965 -2.01638e-11
0.0469888 0.200508 -4.36675 3.09422e-10
0.0468417 0.20107 -2.77187 7.22231e-10
0.0467198 0.201462 -1.77099 3.00053e-10
0.046608 0.201782 -0.862127 7.00476e-10
0.0464827 0.202108 1.06568 8.05075e-10
0.0463396 0.202447 -0.014086 -1.88337e-11
0.0461813 0.202789 2.16855 -4.59289e-10
0.046003 0.203142 2.95624 -4.94435e-11
0.0457683 0.203563 4.39899 -4.56923e-11
0.045407 0.204138 6.18746 -1.89093e-10
0.0450003 0.204703 7.89555 -2.93983e-10
0.0446339 0.205155 9.23607 -5.27086e-10
0.044206 0.205626 10.7881 -4.87724e-10
0.0438579 0.205972 11.8623 -4.12183e-10
0.0435659 0.20624 12.4487 -5.39255e-10
0.0433478 0.206428 12.9564 -1.91832e-10
0.0431462 0.206593 13.7288 -7.32235e-10
0.0429431 0.206751 13.989 -5.65205e-10
0.0427302 0.206909 14.5505 -5.43339e-10
0.0425039 0.207069 14.9272 -5.19451e-10
0.0422768 0.207221 15.2469 -2.28198e-10
0.0420577 0.20736 15.5315 -4.26879e-10
0.0418536 0.207483 16.0004 -5.56378e-10
0.0415914 0.207632 16.635 -4.41676e-10
0.0413535 0.207759 16.7194 -6.34221e-11
0.041027 0.207922 17.4131 1.02749e-10
0.0406749 0.208083 17.7948 -1.27987e-09
0.0403404 0.208223 17.3443 -4.85819e-10
0.0400769 0.208323 17.9276 -3.33473e-10
0.0397921 0.208424 18.1306 -4.52337e-10
0.0395076 0.208515 18.3825 -2.17262e-10
0.0391935 0.208607 18.4042 -3.18891e-10
0.0389131 0.20868 18.789 -3.70747e-10
0.0386652 0.208738 18.7558 -9.9406e-11
0.0384254 0.208788 18.3054 -2.39749e-11
0.0381954 0.208832 18.4498 -3.71763e-10
0.0379774 0.208868 18.6039 -2.27107e-10
0.0377553 0.2089 18.7036 -2.30715e-10
0.0375121 0.208931 18.5827 -1.03702e-10
0.0372262 0.208959 18.189 -1.96377e-10
0.0368794 0.208984 18.2398 -3.70776e-10
0.0364123 0.208999 18.0036 -1.06722e-10
0.0359178 0.208994 17.5135 -9.7394e-11
0.035451 0.208969 17.1042 -1.64326e-11
0.0349865 0.208924 16.653 8.38624e-11
0.0345361 0.208861 15.3396 -2.73965e-10
0.0340866 0.208779 15.526 -5.91012e-10
0.033625 0.208675 14.8434 1.38815e-10
0.03331 0.208592 13.8807 1.4106e-10
0.0330102 0.208503 13.3759 -1.24719e-10
0.0327273 0.208411 12.9364 2.29622e-10
0.0324798 0.208323 12.4826 2.17786e-10
0.0322488 0.208235 11.6755 -1.39345e-10
0.0320329 0.208148 11.1074 1.95116e-10
0.0317603 0.208029 10.9167 4.5831e-11
0.0313983 0.207858 9.95689 -3.57475e-12
0.0310717 0.20769 9.25887 7.97433e-11
0.0307515 0.207511 8.34081 1.38479e-11
0.0305135 0.207368 7.42973 8.23571e-11
0.0303016 0.207234 6.84254 -1.76446e-10
0.0300628 0.207075 6.13907 1.86989e-10
0.0297385 0.206845 5.21494 4.71494e-12
0.0292754 0.206483 3.68619 1.21924e-10
0.0286802 0.205954 1.33667 2.00247e-10
0.0280625 0.205314 -1.12232 -5.26151e-11
0.0275136 0.204646 -3.57048 -6.36476e-10
0.0270596 0.204001 -5.79419 -3.92379e-10
0.0266607 0.203338 -7.76103 -4.87952e-10
0.0263854 0.202809 -9.25174 -6.37551e-10
0.0261961 0.202398 -10.5969 -5.87686e-10
0.0260555 0.20206 -11.2985 -3.88837e-10
0.0259414 0.20176 -11.9605 -7.61127e-10
0.0258405 0.201471 -13.5794 -2.74783e-10
0.025751 0.201189 -14.6865 -6.96033e-10
0.02566 0.200871 -12.2533 2.68363e-10
0.0255644 0.200491 -14.6066 -1.34298e-09
0.0254745 0.200066 -15.9417 -4.70241e-10
0.0253752 0.199454 -16.7277 -1.11263e-09
0.0253016 0.19871 -16.6692 -1.16176e-09
0.0252788 0.197945 -18.6328 -4.56575e-10
0.0253068 0.197214 -18.4641 -1.10525e-09
0.025366 0.196617 -18.6156 -1.10731e-09
0.0254446 0.196096 -19.0421 -8.01721e-10
0.0255661 0.195502 -19.4071 -7.05229e-10
0.0257073 0.194959 -19.6424 -7.68862e-10
0.0258233 0.194582 -19.706 -8.6771e-10
0.0259458 0.194228 -19.8033 -8.38744e-10
0.0260587 0.193932 -19.7176 -8.73018e-10
0.0261978 0.193598 -19.6423 -7.90651e-10
0.0263855 0.193191 -19.4487 -6.53201e-10
0.0266537 0.192675 -19.1389 -4.81385e-10
0.0270306 0.192044 -18.723 -3.61905e-10
0.0274437 0.191447 -18.426 -1.98841e-10
0.0277776 0.191019 -18.2996 -1.66311e-10
0.0280837 0.190662 -18.2813 -1.5308e-10
0.0283989 0.190325 -18.3534 -1.75077e-10
0.0288038 0.18993 -18.4636 -9.66248e-11
0.0292737 0.189519 -18.7995 -2.33201e-10
0.0296554 0.189217 -18.9982 -1.68396e-10
0.0299357 0.189013 -19.0384 -3.43981e-10
0.0302203 0.188819 -19.2588 -4.65969e-10
0.0304535 0.188669 -19.262 -3.4958e-10
0.0306918 0.188524 -19.1173 -4.75923e-10
0.0309255 0.18839 -19.0966 -4.61514e-10
0.0311297 0.18828 -19.0304 -4.78789e-10
0.0313982 0.188142 -18.7795 -5.31852e-10
0.0316398 0.188026 -18.7752 -4.49354e-10
0.0319151 0.187903 -18.3917 -3.45974e-10
0.0321606 0.1878 -18.1969 -3.97198e-10
0.0323852 0.187712 -17.6813 -3.97742e-10
0.032669 0.187609 -17.2412 -5.12003e-10
0.0329156 0.187527 -17.183 -2.64671e-10
0.0332373 0.187429 -16.4272 -5.70673e-10
0.0335173 0.187352 -15.9213 -3.37957e-10
0.0337981 0.187283 -15.4496 -3.87184e-10
0.034027 0.187233 -15.1781 -3.13765e-10
0.0342701 0.187185 -14.5961 -3.83297e-10
0.0344979 0.187145 -13.7819 -5.33467e-10
0.0347235 0.18711 -13.6269 -1.07295e-10
0.0349617 0.187079 -13.9492 -4.21758e-10
0.0352319 0.18705 -13.1036 -1.27173e-10
0.0355134 0.187027 -12.5716 -2.80833e-10
0.0358738 0.187007 -12.0589 -1.4593e-10
0.0362747 0.187 -11.5758 -4.69192e-11
0.0367223 0.187009 -11.088 -1.01154e-10
0.0372392 0.187042 -10.6238 -3.29075e-11
0.0378802 0.187117 -10.2226 1.17946e-10
0.0384735 0.187221 -10.0539 -4.87165e-11
0.0389417 0.187327 -9.64528 3.34771e-10
0.0392596 0.187412 -9.12391 3.72423e-10
0.0395628 0.187502 -9.30822 1.49455e-10
0.0398797 0.187606 -9.21355 1.666e-10
0.0401221 0.187693 -9.06013 1.27056e-10
0.0403834 0.187795 -8.93663 1.30313e-10
0.0407341 0.187943 -8.71247 1.58663e-10
0.0410521 0.18809 -8.58068 1.23486e-10
0.0413827 0.188256 -8.37124 2.23897e-10
0.0416695 0.188412 -8.12679 1.87436e-10
0.0418731 0.188529 -8.02616 1.83622e-10
0.0420784 0.188653 -7.89665 2.08986e-10
0.0422991 0.188794 -7.69954 1.44951e-10
0.0425344 0.188952 -7.52649 1.64204e-10
0.0427667 0.189117 -7.35002 1.68519e-10
0.0429836 0.18928 -7.15692 1.46822e-10
0.0431932 0.189445 -6.97658 1.61895e-10
0.0433974 0.189614 -6.79878 1.12429e-10
0.0436292 0.189816 -6.60046 1.48576e-10
0.0439154 0.190083 -6.35925 1.60324e-10
0.0442563 0.190427 -6.10435 1.6627e-10
0.0445372 0.190734 -5.94441 1.68803e-10
0.0447941 0.191037 -5.74042 2.00942e-10
0.0450499 0.191362 -5.61817 1.99048e-10
0.0452377 0.191617 -5.48775 2.81818e-10
0.045386 0.191831 -5.41449 2.69187e-10
0.0455112 0.19202 -5.50048 3.50681e-10
0.0456334 0.192213 -5.68615 4.40532e-10
0.0457534 0.192412 -5.43536 2.98616e-10
0.0458676 0.19261 -5.69857 5.7124e-10
0.0459773 0.19281 -5.76754 4.5635e-10
0.0460918 0.19303 -6.06848 6.51653e-10
0.0462177 0.193287 -6.23518 7.16937e-10
0.0463765 0.193637 -6.87944 9.9776e-10
0.0465237 0.193995 -7.67916 1.23371e-09
0.0466364 0.194296 -8.156 1.60036e-09
0.0467309 0.194572 -8.77109 1.90261e-09
0.0468228 0.194866 -9.57608 1.94893e-09
0.0469047 0.195156 -9.91479 2.09089e-09
0.0469773 0.195443 -10.3837 2.23056e-09
0.0470593 0.195814 -11.1929 1.946e-09
0.0471559 0.196361 -11.3123 1.84028e-09
0.0472468 0.197163 -10.945 -8.87094e-10
