x y fp fmu
0.0476552 0.198 -8.63795 1.11227e-08
0.0476237 0.198831 -8.27581 4.02206e-10
0.0475203 0.199717 -6.79517 2.98645e-10
0.0473653 0.200508 -4.94663 4.11482e-10
0.0472182 0.20107 -3.75871 7.49197e-10
0.0470962 0.201462 -2.9631 4.65515e-10
0.0469845 0.201782 -2.19866 7.63935e-10
0.0468592 0.202108 -0.688416 8.27937e-10
0.0467161 0.202447 -1.33675 1.85568e-10
0.0465578 0.202789 0.4583 -1.23376e-10
0.0463795 0.203142 1.17599 1.67896e-10
0.0461448 0.203563 2.47291 2.15018e-10
0.0457835 0.204138 4.13403 8.19327e-11
0.0453768 0.204703 5.80935 -6.0631e-12
0.0450104 0.205155 7.14839 -2.08624e-10
0.0445825 0.205626 8.68741 -1.92561e-10
0.0442344 0.205972 9.78086 -1.4027e-10
0.0439424 0.20624 10.4435 -2.545e-10
0.0437243 0.206428 11.0286 1.03824e-10
0.0435227 0.206593 11.7707 -4.40182e-10
0.0433196 0.206751 12.0787 -3.04496e-10
0.0431067 0.206909 12.7069 -2.76154e-10
0.0428804 0.207069 13.132 -2.72096e-10
0.0426533 0.207221 13.5445 5.66779e-11
0.0424342 0.20736 13.9016 -1.89118e-10
0.0422301 0.207483 14.4582 -3.00345e-10
0.0419679 0.207632 15.1528 -1.76352e-10
0.04173 0.207759 15.2698 1.56191e-10
0.0414035 0.207922 16.2775 4.41623e-10
0.0410514 0.208083 16.5507 -1.47361e-09
0.0407169 0.208223 16.2427 -3.26529e-10
0.0404534 0.208323 17.0281 -1.81016e-10
0.0401686 0.208424 17.3554 -2.97384e-10
0.0398841 0.208515 17.6932 1.55494e-11
0.03957 0.208607 17.8729 -1.42279e-10
0.0392896 0.20868 18.4684 -1.95241e-10
0.0390417 0.208738 18.2379 -6.09614e-11
0.0388019 0.208788 17.983 1.30946e-10
0.0385719 0.208832 18.4287 -2.11155e-10
0.0383539 0.208868 18.6408 -2.33329e-11
0.0381318 0.2089 18.8281 -7.52021e-11
0.0378886 0.208931 18.6941 -2.41211e-11
0.0376027 0.208959 18.5254 6.08894e-11
0.0372559 0.208984 18.764 -1.80757e-10
0.0367888 0.208999 18.6826 4.28133e-11
0.0362943 0.208994 18.4504 7.07677e-11
0.0358275 0.208969 18.2704 1.25862e-10
0.035363 0.208924 17.9939 2.64257e-10
0.0349126 0.208861 17.026 2.07358e-11
0.0344631 0.208779 17.3355 -3.23968e-10
0.0340015 0.208675 16.7391 3.47737e-10
0.0336865 0.208592 15.9982 3.319e-10
0.0333867 0.208503 15.6137 1.29101e-10
0.0331038 0.208411 15.2846 4.16508e-10
0.0328563 0.208323 14.916 4.64063e-10
0.0326253 0.208235 14.1676 1.29952e-10
0.0324094 0.208148 13.7714 3.67044e-10
0.0321368 0.208029 13.6326 2.9745e-10
0.0317748 0.207858 12.7793 2.65583e-10
0.0314482 0.20769 12.1818 3.68266e-10
0.031128 0.207511 11.3175 3.26347e-10
0.03089 0.207368 10.4554 3.71644e-10
0.030678 0.207234 9.90342 1.27682e-10
0.0304393 0.207075 9.22465 4.63604e-10
0.030115 0.206845 8.36839 3.07006e-10
0.0296519 0.206483 6.887 4.52711e-10
0.0290567 0.205954 4.51029 5.48652e-10
0.028439 0.205314 1.97311 3.15955e-10
0.0278901 0.204646 -0.727123 -2.99761e-10
0.0274361 0.204001 -3.2177 -6.79285e-11
0.0270372 0.203338 -5.5393 -1.79903e-10
0.0267619 0.202809 -7.27382 -3.60945e-10
0.0265726 0.202398 -9.11815 -3.0496e-10
0.026432 0.20206 -9.85369 -1.36507e-10
0.0263179 0.20176 -10.7104 -6.10754e-10
0.026217 0.201471 -13.235 1.99509e-10
0.0261275 0.201189 -14.9581 -5.91816e-10
0.0260365 0.200871 -10.5451 1.04646e-09
0.0259409 0.200491 -14.7029 -1.78003e-09
0.0258509 0.200066 -17.0722 -1.38233e-10
0.0257517 0.199454 -17.9281 -2.25779e-09
0.0256781 0.19871 -17.5292 -1.32578e-09
0.0256553 0.197945 -21.6282 -1.24045e-09
0.0256833 0.197214 -19.8968 -3.14361e-09
0.0257425 0.196617 -21.0594 -3.25674e-09
0.0258211 0.196096 -22.0737 -2.26966e-09
0.0259426 0.195502 -22.4961 -1.57685e-09
0.0260838 0.194959 -22.353 -1.35652e-09
0.0261998 0.194582 -22.2041 -1.07319e-09
0.0263223 0.194228 -22.0581 -9.52106e-10
0.0264352 0.193932 -21.9648 -9.15847e-10
0.0265743 0.193598 -21.9872 -9.07666e-10
0.026762 0.193191 -22.117 -8.85138e-10
0.0270302 0.192675 -22.3482 -8.86319e-10
0.0274071 0.192044 -22.5853 -9.08283e-10
0.0278202 0.191447 -22.4834 -9.11784e-10
0.0281541 0.191019 -22.2205 -7.48126e-10
0.0284602 0.190662 -21.8865 -6.13795e-10
0.0287754 0.190325 -21.5769 -5.40751e-10
0.0291803 0.18993 -21.184 -4.40873e-10
0.0296502 0.189519 -20.7931 -3.89738e-10
0.0300319 0.189217 -20.5409 -3.00013e-10
0.0303122 0.189013 -20.357 -2.62645e-10
0.0305968 0.188819 -20.3579 -2.7785e-10
0.03083 0.188669 -20.2134 -2.39173e-10
0.0310683 0.188524 -20.1852 -2.82508e-10
0.031302 0.18839 -20.315 -2.52031e-10
0.0315062 0.18828 -20.2743 -2.29365e-10
0.0317747 0.188142 -20.3941 -2.49767e-10
0.0320163 0.188026 -20.4245 -1.80221e-10
0.0322916 0.187903 -20.4545 -2.01468e-10
0.0325371 0.1878 -20.4498 -2.13058e-10
0.0327617 0.187712 -20.3317 -2.56506e-10
0.0330455 0.187609 -20.4008 -3.41425e-10
0.0332921 0.187527 -20.4578 -1.37416e-10
0.0336138 0.187429 -20.1325 -3.96683e-10
0.0338938 0.187352 -20.02 -2.86594e-10
0.0341746 0.187283 -19.8581 -3.67346e-10
0.0344035 0.187233 -19.7769 -2.56966e-10
0.0346466 0.187185 -19.2932 -3.76342e-10
0.0348744 0.187145 -18.6293 -6.75298e-10
0.0351 0.18711 -18.8058 3.66916e-11
0.0353382 0.187079 -19.3407 -3.93301e-10
0.0356084 0.18705 -18.2055 -1.34304e-10
0.0358899 0.187027 -17.613 -4.9445e-10
0.0362503 0.187007 -17.0767 -4.55203e-10
0.0366512 0.187 -16.3974 -2.0205e-10
0.0370988 0.187009 -15.4605 -9.188e-11
0.0376157 0.187042 -14.4007 -3.5442e-10
0.0382567 0.187117 -13.0552 -4.87532e-10
0.03885 0.187221 -11.7029 -1.65299e-10
0.0393182 0.187327 -10.995 -4.22562e-10
0.0396361 0.187412 -10.8099 -4.98762e-10
0.0399393 0.187502 -9.9573 -2.02556e-10
0.0402562 0.187606 -9.44312 -2.55289e-10
0.0404986 0.187693 -9.07509 -1.09465e-10
0.0407599 0.187795 -8.73747 -1.18983e-10
0.0411106 0.187943 -8.29549 -7.92767e-11
0.0414286 0.18809 -7.87437 -8.2082e-11
0.0417592 0.188256 -7.6333 1.1776e-11
0.042046 0.188412 -7.34608 -1.194e-11
0.0422496 0.188529 -7.1652 2.07216e-11
0.0424549 0.188653 -7.02157 4.50139e-11
0.0426756 0.188794 -6.85357 1.10177e-11
0.0429109 0.188952 -6.66466 5.84178e-11
0.0431432 0.189117 -6.49547 7.59682e-11
0.0433601 0.18928 -6.31942 8.08861e-11
0.0435697 0.189445 -6.15 9.65569e-11
0.0437739 0.189614 -5.98067 3.28586e-11
0.0440057 0.189816 -5.7716 5.97459e-11
0.0442919 0.190083 -5.51472 7.60329e-11
0.0446328 0.190427 -5.19836 1.89437e-11
0.0449137 0.190734 -4.94187 4.14266e-11
0.0451706 0.191037 -4.71236 9.53474e-11
0.0454264 0.191362 -4.48229 9.24261e-11
0.0456142 0.191617 -4.31455 1.01301e-10
0.0457625 0.191831 -4.17508 1.12263e-10
0.0458877 0.19202 -4.06228 7.87225e-11
0.0460099 0.192213 -3.94846 5.41227e-11
0.0461299 0.192412 -3.84179 7.58667e-11
0.0462441 0.19261 -3.72996 4.64892e-11
0.0463538 0.19281 -3.63259 4.60637e-11
0.0464683 0.19303 -3.55816 4.35338e-11
0.0465942 0.193287 -3.45155 4.35392e-11
0.046753 0.193637 -3.40451 6.12494e-11
0.0469002 0.193995 -3.44033 1.05404e-10
0.0470129 0.194296 -3.48854 1.56055e-10
0.0471074 0.194572 -3.72467 2.14045e-10
0.0471993 0.194866 -3.98096 3.05627e-10
0.0472812 0.195156 -4.24261 3.4227e-10
0.0473538 0.195443 -4.88267 6.4788e-10
0.0474358 0.195814 -5.60143 9.6504e-10
0.0475324 0.196361 -6.68453 1.21396e-09
0.0476233 0.197163 -8.168 3.43783e-11
