x y fp fmu
0.0422014 0.198 -15.0438 1.73166e-09
0.0421699 0.198831 -14.5824 1.83829e-10
0.0420665 0.199717 -14.0122 4.47644e-10
0.0419115 0.200508 -13.1512 5.87033e-10
0.0417644 0.20107 -12.5051 8.23697e-10
0.0416424 0.201462 -12.0949 7.20115e-10
0.0415307 0.201782 -11.4917 1.0585e-09
0.0414054 0.202108 -10.4654 8.59639e-10
0.0412623 0.202447 -11.2902 6.96815e-10
0.041104 0.202789 -9.70605 2.84503e-10
0.0409257 0.203142 -9.17646 5.80034e-10
0.040691 0.203563 -7.98003 5.51656e-10
0.0403297 0.204138 -6.43709 5.27529e-10
0.039923 0.204703 -4.83417 4.55123e-10
0.0395566 0.205155 -3.45388 2.53168e-10
0.0391287 0.205626 -1.69619 2.88249e-10
0.0387806 0.205972 -0.377603 3.56637e-10
0.0384886 0.20624 0.462112 1.5842e-10
0.0382705 0.206428 1.42072 5.7049e-10
0.0380689 0.206593 2.29783 -4.50196e-11
0.0378658 0.206751 2.73325 1.17683e-10
0.0376529 0.206909 3.68959 1.06855e-10
0.0374266 0.207069 4.24393 3.14086e-11
0.0371995 0.207221 4.90509 3.71013e-10
0.0369804 0.20736 5.44888 7.52401e-11
0.0367763 0.207483 6.41046 6.55317e-11
0.0365141 0.207632 7.35959 2.07073e-10
0.0362762 0.207759 7.6208 6.34954e-10
0.0359497 0.207922 9.96382 1.2518e-09
0.0355976 0.208083 9.57416 -2.3605e-09
0.0352631 0.208223 9.7507 -4.69831e-10
0.0349996 0.208323 11.1081 1.16203e-11
0.0347147 0.208424 11.8589 -9.55984e-11
0.0344303 0.208515 12.5067 3.38106e-10
0.0341162 0.208607 13.1939 1.8996e-10
0.0338358 0.20868 14.4426 7.40446e-11
0.0335879 0.208738 13.7187 -1.01313e-10
0.0333481 0.208788 14.0712 3.08275e-10
0.0331181 0.208832 15.2459 5.20416e-11
0.0329001 0.208868 15.6357 2.97999e-10
0.032678 0.2089 16.1281 1.86924e-10
0.0324348 0.208931 16.0196 3.21133e-11
0.0321489 0.208959 16.5145 4.55226e-10
0.0318021 0.208984 17.2757 1.08396e-10
0.031335 0.208999 17.7428 2.39965e-10
0.0308405 0.208994 18.2371 2.65257e-10
0.0303737 0.208969 18.7461 2.31968e-10
0.0299092 0.208924 18.9 4.16757e-10
0.0294588 0.208861 18.9969 5.06162e-10
0.0290093 0.208779 19.6387 1.67493e-10
0.0285477 0.208675 19.3221 5.91546e-10
0.0282327 0.208592 19.2242 5.33583e-10
0.0279329 0.208503 19.2371 5.13252e-10
0.02765 0.208411 19.2206 6.06365e-10
0.0274025 0.208323 19.0588 7.86168e-10
0.0271715 0.208235 18.5811 5.55874e-10
0.0269556 0.208148 18.7396 5.29091e-10
0.026683 0.208029 18.699 5.92478e-10
0.026321 0.207858 18.2757 5.69277e-10
0.0259944 0.20769 17.9712 7.01756e-10
0.0256742 0.207511 17.3953 7.46547e-10
0.0254362 0.207368 16.8731 7.2875e-10
0.0252242 0.207234 16.563 5.75942e-10
0.0249855 0.207075 16.1578 8.17856e-10
0.0246612 0.206845 15.6233 6.69882e-10
0.0241981 0.206483 14.5693 8.84309e-10
0.0236029 0.205954 12.836 1.03123e-09
0.0229852 0.205314 10.8054 7.86297e-10
0.0224363 0.204646 8.43838 2.72217e-10
0.0219823 0.204001 6.26813 4.01974e-10
0.0215834 0.203338 4.16809 2.63914e-10
0.0213081 0.202809 2.43947 9.63828e-11
0.0211188 0.202398 0.728013 3.43175e-11
0.0209782 0.20206 -0.174674 2.52138e-10
0.0208641 0.20176 -1.27447 -2.91375e-10
0.0207632 0.201471 -3.34069 4.14246e-10
0.0206737 0.201189 -4.43747 -8.27057e-10
0.0205827 0.200871 -2.22681 6.37291e-10
0.0204871 0.200491 -5.92633 -7.77031e-10
0.0203971 0.200066 -7.90194 9.24764e-11
0.0202979 0.199454 -9.52591 -1.56868e-09
0.0202243 0.19871 -9.9825 -2.37037e-09
0.0202015 0.197945 -14.9413 -1.20686e-10
0.0202295 0.197214 -13.5118 -3.81791e-09
0.0202887 0.196617 -15.0348 -4.53005e-09
0.0203673 0.196096 -17.0016 -3.29214e-09
0.0204888 0.195502 -17.7259 -2.73493e-09
0.02063 0.194959 -17.2762 -3.11585e-09
0.020746 0.194582 -16.6281 -3.14469e-09
0.0208685 0.194228 -16.1108 -3.08267e-09
0.0209814 0.193932 -15.5123 -2.88015e-09
0.0211205 0.193598 -14.8402 -2.51781e-09
0.0213082 0.193191 -13.994 -1.9802e-09
0.0215764 0.192675 -12.8768 -1.47009e-09
0.0219533 0.192044 -11.5207 -1.16772e-09
0.0223664 0.191447 -11.1077 -7.61862e-10
0.0227003 0.191019 -11.0605 -5.66208e-10
0.0230064 0.190662 -11.0792 -4.86737e-10
0.0233216 0.190325 -11.2128 -4.34868e-10
0.0237265 0.18993 -11.4652 -3.6082e-10
0.0241964 0.189519 -11.7299 -3.29967e-10
0.0245781 0.189217 -12.0059 -2.70177e-10
0.0248584 0.189013 -12.1385 -2.86052e-10
0.025143 0.188819 -12.3975 -2.88724e-10
0.0253762 0.188669 -12.5283 -2.51945e-10
0.0256145 0.188524 -12.6347 -2.87664e-10
0.0258482 0.18839 -12.8571 -2.75445e-10
0.0260524 0.18828 -12.9811 -2.42619e-10
0.0263209 0.188142 -13.1947 -2.36926e-10
0.0265625 0.188026 -13.3484 -1.94264e-10
0.0268378 0.187903 -13.5294 -2.01992e-10
0.0270833 0.1878 -13.6541 -1.75849e-10
0.0273079 0.187712 -13.7589 -2.15892e-10
0.0275917 0.187609 -14.0484 -2.17901e-10
0.0278383 0.187527 -14.2054 -1.1972e-10
0.02816 0.187429 -14.3267 -2.00502e-10
0.02844 0.187352 -14.5341 -1.99414e-10
0.0287208 0.187283 -14.7325 -2.25279e-10
0.0289497 0.187233 -14.8888 -1.34439e-10
0.0291928 0.187185 -14.8648 -2.19242e-10
0.0294206 0.187145 -14.6049 -4.84443e-10
0.0296462 0.18711 -14.888 2.80998e-10
0.0298844 0.187079 -16.1011 -2.72107e-10
0.0301546 0.18705 -15.4323 -3.21984e-11
0.0304361 0.187027 -15.27 -3.31062e-10
0.0307965 0.187007 -15.293 -2.87264e-10
0.0311974 0.187 -15.3207 -5.48555e-11
0.031645 0.187009 -15.1992 7.72688e-11
0.0321619 0.187042 -15.0132 -2.4102e-10
0.0328029 0.187117 -14.6372 -4.22141e-10
0.0333962 0.187221 -14.0656 7.22873e-13
0.0338644 0.187327 -13.9918 -5.09108e-10
0.0341823 0.187412 -14.5133 -5.07964e-10
0.0344855 0.187502 -13.8544 -2.24136e-10
0.0348024 0.187606 -13.7195 -1.93711e-10
0.0350448 0.187693 -13.7153 -3.97749e-11
0.0353061 0.187795 -13.7499 -3.16551e-11
0.0356568 0.187943 -13.8421 4.24731e-12
0.0359748 0.18809 -13.9232 2.62875e-11
0.0363054 0.188256 -14.0366 1.25878e-10
0.0365922 0.188412 -14.2524 1.17336e-10
0.0367958 0.188529 -14.4071 1.1812e-10
0.0370011 0.188653 -14.5251 1.35997e-10
0.0372218 0.188794 -14.7353 2.21496e-10
0.0374571 0.188952 -14.9764 1.66557e-10
0.0376894 0.189117 -15.1209 2.18538e-10
0.0379063 0.18928 -15.3132 2.4857e-10
0.0381159 0.189445 -15.457 2.63291e-10
0.0383201 0.189614 -15.6065 3.68478e-10
0.0385519 0.189816 -15.7876 3.25288e-10
0.0388381 0.190083 -15.9379 3.55527e-10
0.039179 0.190427 -16.0546 3.96638e-10
0.0394599 0.190734 -16.177 2.86123e-10
0.0397168 0.191037 -16.1745 3.19458e-10
0.0399726 0.191362 -16.1229 3.23931e-10
0.0401604 0.191617 -16.1014 3.12089e-10
0.0403087 0.191831 -16.0264 3.59268e-10
0.0404339 0.19202 -15.8992 3.14338e-10
0.0405561 0.192213 -15.869 2.22919e-10
0.0406761 0.192412 -15.916 3.38473e-10
0.0407903 0.19261 -15.7643 2.19016e-10
0.0409 0.19281 -15.7202 2.85082e-10
0.0410145 0.19303 -15.623 2.21936e-10
0.0411404 0.193287 -15.5852 2.49921e-10
0.0412992 0.193637 -15.4598 2.30053e-10
0.0414464 0.193995 -15.3638 2.07555e-10
0.0415591 0.194296 -15.3178 2.25706e-10
0.0416536 0.194572 -15.225 2.16136e-10
0.0417455 0.194866 -15.2289 2.06184e-10
0.0418274 0.195156 -15.2016 2.94895e-10
0.0419 0.195443 -15.1739 2.97866e-10
0.041982 0.195814 -15.1834 3.36585e-10
0.0420786 0.196361 -15.0631 4.55003e-10
0.0421695 0.197163 -15.0468 1.79594e-10
