x y fp fmu
0.0434326 0.198 -18.0345 3.73739e-08
0.0434011 0.198831 -15.9211 -4.19182e-11
0.0432977 0.199717 -13.6976 -8.74173e-10
0.0431427 0.200508 -9.10905 -6.82044e-10
0.0429955 0.20107 -6.38475 9.49097e-11
0.0428736 0.201462 -4.87682 -3.87609e-10
0.0427619 0.201782 -3.45758 5.20743e-10
0.0426366 0.202108 -0.316625 3.58022e-10
0.0424935 0.202447 -2.6655 -3.89508e-10
0.0423352 0.202789 0.531019 -1.50506e-09
0.0421569 0.203142 1.5937 -6.64172e-10
0.0419222 0.203563 3.49082 -8.68797e-10
0.0415609 0.204138 5.8758 -8.77106e-10
0.0411542 0.204703 8.03688 -9.91038e-10
0.0407878 0.205155 9.67091 -1.21171e-09
0.0403599 0.205626 11.5688 -1.15346e-09
0.0400117 0.205972 12.9085 -9.82605e-10
0.0397198 0.20624 13.5294 -1.12066e-09
0.0395017 0.206428 14.0389 -8.36987e-10
0.0393001 0.206593 15.0585 -1.38388e-09
0.039097 0.206751 15.3275 -1.11517e-09
0.0388841 0.206909 15.983 -1.1281e-09
0.0386578 0.207069 16.4148 -1.06883e-09
0.0384307 0.207221 16.7369 -8.38855e-10
0.0382115 0.20736 17.0145 -9.73289e-10
0.0380075 0.207483 17.5148 -1.16051e-09
0.0377453 0.207632 18.3767 -9.59797e-10
0.0375073 0.207759 18.473 -4.43529e-10
0.0371809 0.207922 19.0498 -4.02729e-10
0.0368288 0.208083 19.77 -1.47592e-09
0.0364943 0.208223 19.1164 -9.73318e-10
0.0362308 0.208323 19.6078 -7.5924e-10
0.0359459 0.208424 19.8186 -9.30113e-10
0.0356615 0.208515 20.1352 -6.99256e-10
0.0353474 0.208607 20.0398 -7.24774e-10
0.035067 0.20868 20.4527 -8.20092e-10
0.0348191 0.208738 20.6611 -2.91148e-10
0.0345793 0.208788 19.8792 -3.40806e-10
0.0343493 0.208832 19.8457 -8.10552e-10
0.0341313 0.208868 20.0892 -6.4015e-10
0.0339092 0.2089 20.2008 -5.76345e-10
0.033666 0.208931 20.1085 -3.14739e-10
0.0333801 0.208959 19.4765 -6.00405e-10
0.0330332 0.208984 19.5061 -7.87076e-10
0.0325662 0.208999 19.2285 -3.52895e-10
0.0320717 0.208994 18.587 -3.64278e-10
0.0316049 0.208969 18.0674 -2.27196e-10
0.0311404 0.208924 17.5129 -1.07877e-10
0.03069 0.208861 15.9048 -5.50504e-10
0.0302405 0.208779 16.1731 -9.49599e-10
0.0297789 0.208675 15.3434 -4.14055e-11
0.0294639 0.208592 14.282 -6.33956e-11
0.0291641 0.208503 13.7046 -3.57149e-10
0.0288812 0.208411 13.2021 8.5335e-11
0.0286337 0.208323 12.7237 3.92895e-11
0.0284027 0.208235 11.8505 -3.54291e-10
0.0281868 0.208148 11.2959 1.45149e-11
0.0279142 0.208029 11.0539 -1.46768e-10
0.0275522 0.207858 10.0669 -2.02477e-10
0.0272256 0.20769 9.3275 -1.27158e-10
0.0269054 0.207511 8.40765 -1.98556e-10
0.0266674 0.207368 7.53748 -1.35613e-10
0.0264554 0.207234 6.95156 -3.70462e-10
0.0262167 0.207075 6.24158 -5.34568e-11
0.0258924 0.206845 5.34475 -1.81488e-10
0.0254293 0.206483 3.90911 -1.06049e-10
0.0248341 0.205954 1.86908 -6.24645e-11
0.0242164 0.205314 -0.256756 -2.81279e-10
0.0236675 0.204646 -2.2237 -6.70182e-10
0.0232135 0.204001 -3.90985 -4.51597e-10
0.0228146 0.203338 -5.33763 -5.07325e-10
0.0225393 0.202809 -6.24742 -5.77625e-10
0.02235 0.202398 -6.973 -5.38938e-10
0.0222094 0.20206 -7.37219 -4.90288e-10
0.0220953 0.20176 -7.66332 -6.32294e-10
0.0219944 0.201471 -8.16458 -4.49073e-10
0.0219049 0.201189 -8.57482 -4.99184e-10
0.0218139 0.200871 -8.26647 -3.44163e-10
0.0217183 0.200491 -8.6677 -5.87567e-10
0.0216283 0.200066 -8.921 -3.67765e-10
0.0215291 0.199454 -9.13637 -3.1895e-10
0.0214555 0.19871 -9.28283 -2.07131e-10
0.0214327 0.197945 -9.40581 -1.8261e-10
0.0214606 0.197214 -9.59648 -9.38248e-11
0.0215199 0.196617 -9.69377 -1.31591e-10
0.0215985 0.196096 -9.82326 -1.33739e-10
0.02172 0.195502 -9.99148 -1.12511e-10
0.0218612 0.194959 -10.1655 -1.16857e-10
0.0219772 0.194582 -10.2831 -1.17556e-10
0.0220997 0.194228 -10.4033 -1.27127e-10
0.0222126 0.193932 -10.4949 -1.21832e-10
0.0223516 0.193598 -10.6003 -1.35039e-10
0.0225394 0.193191 -10.7236 -1.32742e-10
0.0228075 0.192675 -10.8789 -1.2027e-10
0.0231845 0.192044 -11.0656 -1.03791e-10
0.0235976 0.191447 -11.2504 -5.28859e-11
0.0239315 0.191019 -11.4022 -2.02862e-11
0.0242376 0.190662 -11.5587 1.39073e-11
0.0245528 0.190325 -11.7321 2.19922e-11
0.0249577 0.18993 -12.0046 7.20632e-11
0.0254276 0.189519 -12.4532 1.52431e-10
0.0258093 0.189217 -12.7967 1.61067e-10
0.0260896 0.189013 -13.189 3.16897e-10
0.0263742 0.188819 -13.6148 2.2869e-10
0.0266074 0.188669 -13.7347 1.49834e-10
0.0268457 0.188524 -14.2138 1.7684e-10
0.0270794 0.18839 -14.7226 2.11412e-10
0.0272835 0.18828 -14.8932 2.26206e-10
0.0275521 0.188142 -15.5293 3.06845e-10
0.0277937 0.188026 -15.6459 2.25967e-10
0.028069 0.187903 -16.2326 1.05157e-10
0.0283145 0.1878 -16.4523 1.65159e-10
0.0285391 0.187712 -17.046 9.64721e-11
0.0288229 0.187609 -17.763 2.18547e-10
0.0290695 0.187527 -17.7408 9.09654e-12
0.0293912 0.187429 -18.3796 3.75747e-10
0.0296712 0.187352 -18.9331 3.29605e-11
0.029952 0.187283 -19.3627 1.56455e-10
0.0301809 0.187233 -19.5086 6.88591e-11
0.030424 0.187185 -19.8434 1.51284e-10
0.0306518 0.187145 -20.7957 3.17773e-10
0.0308774 0.18711 -21.192 -4.64258e-10
0.0311155 0.187079 -19.8032 5.63373e-10
0.0313858 0.18705 -20.6562 -1.24464e-11
0.0316673 0.187027 -21.1427 2.94066e-10
0.0320277 0.187007 -21.3773 1.19433e-10
0.0324286 0.187 -21.4525 1.85487e-11
0.0328762 0.187009 -21.5641 -8.47645e-11
0.033393 0.187042 -21.591 1.69459e-10
0.0340341 0.187117 -21.5566 2.4824e-10
0.0346274 0.187221 -21.7078 -2.91684e-11
0.0350956 0.187327 -21.6916 5.28966e-10
0.0354135 0.187412 -20.9763 4.63933e-10
0.0357167 0.187502 -21.3144 3.08056e-10
0.0360336 0.187606 -21.3935 3.26706e-10
0.036276 0.187693 -21.3647 2.82731e-10
0.0365373 0.187795 -21.4018 3.00555e-10
0.036888 0.187943 -21.3568 3.91867e-10
0.037206 0.18809 -21.6681 3.5655e-10
0.0375366 0.188256 -21.3814 5.57664e-10
0.0378234 0.188412 -21.3627 6.47321e-10
0.038027 0.188529 -21.5838 5.95202e-10
0.0382323 0.188653 -21.5601 6.64173e-10
0.038453 0.188794 -21.6036 7.86525e-10
0.0386883 0.188952 -21.8438 6.64105e-10
0.0389206 0.189117 -21.8857 7.78461e-10
0.0391375 0.18928 -22.0109 8.18331e-10
0.0393471 0.189445 -22.0782 8.8273e-10
0.0395513 0.189614 -22.1614 1.10283e-09
0.0397831 0.189816 -22.3543 1.08394e-09
0.0400693 0.190083 -22.4422 1.2122e-09
0.0404102 0.190427 -22.6285 1.5433e-09
0.0406911 0.190734 -23.3142 1.4427e-09
0.040948 0.191037 -23.5341 1.69154e-09
0.0412038 0.191362 -24.1312 1.99099e-09
0.0413915 0.191617 -24.5577 2.26883e-09
0.0415399 0.191831 -24.7557 2.59385e-09
0.0416651 0.19202 -24.9714 2.73267e-09
0.0417873 0.192213 -26.1666 2.66016e-09
0.0419073 0.192412 -25.9519 2.84775e-09
0.0420215 0.19261 -26.2504 3.35318e-09
0.0421312 0.19281 -26.5415 3.52557e-09
0.0422457 0.19303 -26.6788 3.69578e-09
0.0423716 0.193287 -27.0456 4.12997e-09
0.0425304 0.193637 -27.3276 4.10216e-09
0.0426776 0.193995 -27.6052 3.64886e-09
0.0427902 0.194296 -27.7961 3.66225e-09
0.0428847 0.194572 -26.8709 3.17959e-09
0.0429767 0.194866 -26.9967 2.54033e-09
0.0430586 0.195156 -27.3077 3.40315e-09
0.0431312 0.195443 -25.9935 2.6635e-09
0.0432132 0.195814 -25.9655 2.25125e-09
0.0433098 0.196361 -23.8041 2.36648e-09
0.0434007 0.197163 -20.7567 -3.17647e-09
