x y fp fmu
0.0442184 0.198 -13.5385 1.9578e-09
0.044187 0.198831 -12.8326 1.59092e-09
0.0440835 0.199717 -12.4611 8.46169e-10
0.0439286 0.200508 -10.3599 6.53929e-10
0.0437814 0.20107 -9.01347 1.08054e-09
0.0436595 0.201462 -8.18232 7.54624e-10
0.0435477 0.201782 -7.22005 1.33867e-09
0.0434224 0.202108 -5.30976 1.08302e-09
0.0432793 0.202447 -6.75043 5.28039e-10
0.043121 0.202789 -4.33181 -1.7677e-10
0.0429427 0.203142 -3.60204 3.65427e-10
0.042708 0.203563 -2.10595 2.79725e-10
0.0423468 0.204138 -0.226543 2.16709e-10
0.0419401 0.204703 1.63272 7.16602e-11
0.0415737 0.205155 3.09218 -1.49961e-10
0.0411458 0.205626 4.82138 -1.39238e-10
0.0407976 0.205972 6.0274 -8.07146e-11
0.0405057 0.20624 6.72709 -2.36438e-10
0.0402876 0.206428 7.46784 1.58371e-10
0.040086 0.206593 8.29533 -4.17611e-10
0.0398829 0.206751 8.63035 -2.55752e-10
0.0396699 0.206909 9.40657 -2.4563e-10
0.0394436 0.207069 9.88136 -2.61615e-10
0.0392165 0.207221 10.3621 3.43573e-11
0.0389974 0.20736 10.771 -2.08336e-10
0.0387934 0.207483 11.446 -2.97965e-10
0.0385311 0.207632 12.2141 -1.55005e-10
0.0382932 0.207759 12.3579 1.87996e-10
0.0379667 0.207922 13.6822 5.44579e-10
0.0376146 0.208083 13.7702 -1.67342e-09
0.0372801 0.208223 13.6487 -4.5811e-10
0.0370166 0.208323 14.487 -1.97079e-10
0.0367318 0.208424 14.8991 -3.13828e-10
0.0364473 0.208515 15.2808 -1.74556e-11
0.0361332 0.208607 15.5575 -1.52349e-10
0.0358528 0.20868 16.2409 -2.24397e-10
0.035605 0.208738 15.9785 -1.16682e-10
0.0353651 0.208788 15.8609 5.66056e-11
0.0351351 0.208832 16.3835 -2.37364e-10
0.0349171 0.208868 16.6095 -6.52746e-11
0.034695 0.2089 16.8457 -1.05216e-10
0.0344519 0.208931 16.7447 -8.62406e-11
0.0341659 0.208959 16.6956 7.22863e-12
0.0338191 0.208984 17.0086 -2.33946e-10
0.0333521 0.208999 17.046 -3.141e-11
0.0328575 0.208994 16.9576 -1.51789e-11
0.0323908 0.208969 16.9124 3.74648e-11
0.0319262 0.208924 16.7417 1.57381e-10
0.0314758 0.208861 15.9847 -4.53291e-11
0.0310263 0.208779 16.3516 -3.74831e-10
0.0305647 0.208675 15.8655 2.4103e-10
0.0302497 0.208592 15.2882 2.07634e-10
0.0299499 0.208503 14.9904 1.57532e-11
0.0296671 0.208411 14.735 2.99951e-10
0.0294195 0.208323 14.4413 3.27496e-10
0.0291885 0.208235 13.792 1.22934e-11
0.0289726 0.208148 13.5112 2.34009e-10
0.0287 0.208029 13.3801 1.61409e-10
0.0283381 0.207858 12.661 1.15627e-10
0.0280114 0.20769 12.1415 1.98751e-10
0.0276912 0.207511 11.4011 1.5768e-10
0.0274533 0.207368 10.676 1.95621e-10
0.0272413 0.207234 10.198 -3.81694e-11
0.0270025 0.207075 9.60879 2.82608e-10
0.0266782 0.206845 8.85118 1.29409e-10
0.0262152 0.206483 7.56365 2.69729e-10
0.0256199 0.205954 5.52981 3.71985e-10
0.0250022 0.205314 3.34511 1.03256e-10
0.0244534 0.204646 1.02156 -4.43817e-10
0.0239993 0.204001 -1.12936 -2.60625e-10
0.0236004 0.203338 -3.1445 -3.81894e-10
0.0233251 0.202809 -4.60285 -5.76451e-10
0.0231358 0.202398 -6.03207 -5.6092e-10
0.0229952 0.20206 -6.66532 -4.48865e-10
0.0228811 0.20176 -7.32697 -8.83989e-10
0.0227802 0.201471 -9.07596 -2.27408e-10
0.0226907 0.201189 -10.348 -9.55454e-10
0.0225997 0.200871 -7.73666 9.12438e-11
0.0225041 0.200491 -10.4647 -1.59282e-09
0.0224142 0.200066 -11.8967 -6.32087e-10
0.0223149 0.199454 -12.6585 -1.90613e-09
0.0222414 0.19871 -12.1892 -1.76632e-09
0.0222185 0.197945 -13.7741 -9.5295e-10
0.0222465 0.197214 -13.5332 -1.22104e-09
0.0223057 0.196617 -13.2256 -1.20251e-09
0.0223844 0.196096 -13.3245 -9.25613e-10
0.0225058 0.195502 -13.3861 -7.62472e-10
0.022647 0.194959 -13.4493 -6.13025e-10
0.0227631 0.194582 -13.3964 -6.0577e-10
0.0228855 0.194228 -13.4219 -5.33248e-10
0.0229984 0.193932 -13.3782 -5.49869e-10
0.0231375 0.193598 -13.3919 -5.03231e-10
0.0233253 0.193191 -13.3987 -4.65876e-10
0.0235934 0.192675 -13.4246 -4.11336e-10
0.0239703 0.192044 -13.4476 -3.81004e-10
0.0243835 0.191447 -13.4714 -3.41093e-10
0.0247173 0.191019 -13.4833 -3.28604e-10
0.0250235 0.190662 -13.4814 -3.24921e-10
0.0253386 0.190325 -13.498 -3.04338e-10
0.0257436 0.18993 -13.507 -2.57267e-10
0.0262134 0.189519 -13.4996 -2.72724e-10
0.0265951 0.189217 -13.5254 -2.11911e-10
0.0268754 0.189013 -13.4858 -2.7009e-10
0.02716 0.188819 -13.519 -2.69075e-10
0.0273932 0.188669 -13.5623 -2.0525e-10
0.0276315 0.188524 -13.4926 -2.44202e-10
0.0278653 0.18839 -13.4825 -2.40018e-10
0.0280694 0.18828 -13.5157 -2.27972e-10
0.028338 0.188142 -13.4503 -2.58216e-10
0.0285795 0.188026 -13.5438 -1.90982e-10
0.0288548 0.187903 -13.4519 -1.39342e-10
0.0291003 0.1878 -13.4673 -1.45312e-10
0.0293249 0.187712 -13.3162 -1.33483e-10
0.0296087 0.187609 -13.2176 -1.77249e-10
0.0298554 0.187527 -13.3109 -4.94036e-11
0.0301771 0.187429 -13.1588 -1.75794e-10
0.030457 0.187352 -13.0726 -5.8629e-11
0.0307378 0.187283 -13.0304 -5.73284e-11
0.0309668 0.187233 -13.0353 -3.82234e-11
0.0312099 0.187185 -12.9806 -3.61334e-11
0.0314377 0.187145 -12.8962 -5.6281e-11
0.0316632 0.18711 -12.9316 -2.82223e-11
0.0319014 0.187079 -12.9772 1.24045e-12
0.0321716 0.18705 -12.9765 1.24219e-11
0.0324531 0.187027 -13.0188 3.61053e-11
0.0328135 0.187007 -13.0624 5.88554e-11
0.0332144 0.187 -13.1246 5.90857e-11
0.0336621 0.187009 -13.2271 9.02019e-12
0.0341789 0.187042 -13.3477 8.60487e-11
0.0348199 0.187117 -13.4897 1.56221e-10
0.0354133 0.187221 -13.6848 3.4677e-11
0.0358814 0.187327 -13.7338 2.81769e-10
0.0361993 0.187412 -13.4848 2.80413e-10
0.0365025 0.187502 -13.7285 1.48318e-10
0.0368194 0.187606 -13.79 1.62764e-10
0.0370618 0.187693 -13.7812 1.14992e-10
0.0373231 0.187795 -13.7813 1.19887e-10
0.0376738 0.187943 -13.7363 1.47425e-10
0.0379919 0.18809 -13.7895 1.16101e-10
0.0383224 0.188256 -13.6921 1.91706e-10
0.0386092 0.188412 -13.6273 2.00068e-10
0.0388128 0.188529 -13.6582 1.88109e-10
0.0390182 0.188653 -13.637 2.09053e-10
0.0392388 0.188794 -13.5963 1.96729e-10
0.0394741 0.188952 -13.6046 1.88681e-10
0.0397064 0.189117 -13.5898 2.08363e-10
0.0399233 0.18928 -13.5699 2.09064e-10
0.0401329 0.189445 -13.554 2.27748e-10
0.0403372 0.189614 -13.5302 2.22034e-10
0.0405689 0.189816 -13.5253 2.32908e-10
0.0408552 0.190083 -13.5007 2.64439e-10
0.041196 0.190427 -13.4525 2.65969e-10
0.041477 0.190734 -13.4779 2.30554e-10
0.0417338 0.191037 -13.4561 2.84636e-10
0.0419896 0.191362 -13.4337 2.86443e-10
0.0421774 0.191617 -13.4211 3.17416e-10
0.0423258 0.191831 -13.3871 3.51242e-10
0.0424509 0.19202 -13.3551 3.54483e-10
0.0425732 0.192213 -13.4492 3.24365e-10
0.0426932 0.192412 -13.4014 3.55826e-10
0.0428073 0.19261 -13.3982 3.81085e-10
0.042917 0.19281 -13.4019 3.90074e-10
0.0430316 0.19303 -13.4204 4.061e-10
0.0431575 0.193287 -13.4012 4.31089e-10
0.0433162 0.193637 -13.3751 4.7578e-10
0.0434634 0.193995 -13.3904 4.99977e-10
0.0435761 0.194296 -13.3611 5.4631e-10
0.0436706 0.194572 -13.3277 5.96387e-10
0.0437625 0.194866 -13.4185 5.71758e-10
0.0438444 0.195156 -13.3348 6.30543e-10
0.043917 0.195443 -13.3729 6.63086e-10
0.0439991 0.195814 -13.3923 7.30075e-10
0.0440957 0.196361 -13.3018 9.48346e-10
0.0441865 0.197163 -13.4922 1.36515e-09
