x y fp fmu
0.0486286 0.198 -9.27584 1.41229e-08
0.0485972 0.198831 -7.81431 1.74337e-11
0.0484938 0.199717 -5.78306 3.7341e-12
0.0483388 0.200508 -3.11852 2.34205e-10
0.0481916 0.20107 -1.52066 6.11973e-10
0.0480697 0.201462 -0.483497 2.55085e-10
0.0479579 0.201782 0.411974 5.39071e-10
0.0478327 0.202108 2.17388 7.28237e-10
0.0476896 0.202447 1.44847 -8.98423e-11
0.0475313 0.202789 3.39118 -4.14352e-10
0.047353 0.203142 4.21378 -1.10462e-10
0.0471183 0.203563 5.61703 -5.55137e-11
0.046757 0.204138 7.34308 -2.22383e-10
0.0463503 0.204703 8.98792 -3.44623e-10
0.0459839 0.205155 10.2828 -5.57363e-10
0.045556 0.205626 11.7488 -5.20523e-10
0.0452078 0.205972 12.77 -4.50568e-10
0.0449159 0.20624 13.3531 -5.50884e-10
0.0446978 0.206428 13.799 -2.4108e-10
0.0444962 0.206593 14.5172 -7.52573e-10
0.0442931 0.206751 14.7922 -5.99585e-10
0.0440802 0.206909 15.3044 -5.75962e-10
0.0438538 0.207069 15.6681 -5.44152e-10
0.0436267 0.207221 15.9459 -2.79081e-10
0.0434076 0.20736 16.1938 -4.45976e-10
0.0432036 0.207483 16.5835 -5.82858e-10
0.0429414 0.207632 17.1553 -4.7843e-10
0.0427034 0.207759 17.2496 -1.18041e-10
0.042377 0.207922 17.7183 -4.68203e-11
0.0420249 0.208083 18.2119 -1.05744e-09
0.0416904 0.208223 17.7449 -4.62852e-10
0.0414269 0.208323 18.2017 -3.59354e-10
0.041142 0.208424 18.3338 -4.70137e-10
0.0408576 0.208515 18.5399 -2.72998e-10
0.0405435 0.208607 18.5018 -3.52451e-10
0.0402631 0.20868 18.7666 -3.9921e-10
0.0400152 0.208738 18.8189 -9.22986e-11
0.0397754 0.208788 18.303 -5.35214e-11
0.0395454 0.208832 18.3123 -3.99409e-10
0.0393274 0.208868 18.4338 -2.77256e-10
0.0391053 0.2089 18.4899 -2.64399e-10
0.0388621 0.208931 18.3742 -1.15055e-10
0.0385762 0.208959 17.892 -2.61782e-10
0.0382293 0.208984 17.8583 -3.9876e-10
0.0377623 0.208999 17.5607 -1.26753e-10
0.0372678 0.208994 16.9723 -1.2898e-10
0.036801 0.208969 16.4755 -3.98484e-11
0.0363365 0.208924 15.9638 5.72718e-11
0.0358861 0.208861 14.5025 -3.57293e-10
0.0354365 0.208779 14.6318 -6.77427e-10
0.034975 0.208675 13.9745 1.11368e-10
0.03466 0.208592 12.8835 1.31872e-10
0.0343602 0.208503 12.3286 -1.65401e-10
0.0340773 0.208411 11.8514 2.38985e-10
0.0338298 0.208323 11.393 1.93671e-10
0.0335987 0.208235 10.5369 -1.91213e-10
0.0333829 0.208148 9.85123 2.03176e-10
0.0331103 0.208029 9.68911 3.85585e-11
0.0327483 0.207858 8.69566 -7.4094e-12
0.0324217 0.20769 7.9232 6.88538e-11
0.0321015 0.207511 6.96846 2.08448e-12
0.0318635 0.207368 5.9726 9.27353e-11
0.0316515 0.207234 5.38762 -2.06233e-10
0.0314128 0.207075 4.67213 1.84912e-10
0.0310885 0.206845 3.68596 -1.33946e-12
0.0306254 0.206483 2.16213 1.58596e-10
0.0300302 0.205954 -0.229962 2.33504e-10
0.0294125 0.205314 -2.68703 -5.31786e-11
0.0288636 0.204646 -5.10024 -7.67081e-10
0.0284095 0.204001 -7.37954 -4.35997e-10
0.0280107 0.203338 -9.22091 -5.86024e-10
0.0277353 0.202809 -10.5873 -7.73341e-10
0.0275461 0.202398 -11.9261 -7.26215e-10
0.0274055 0.20206 -12.566 -5.15877e-10
0.0272914 0.20176 -13.2035 -9.29692e-10
0.0271905 0.201471 -15.0557 -3.4213e-10
0.0271009 0.201189 -16.2453 -7.39352e-10
0.02701 0.200871 -12.9762 3.85874e-10
0.0269144 0.200491 -15.6441 -1.68386e-09
0.0268244 0.200066 -17.1343 -5.63233e-10
0.0267252 0.199454 -17.8152 -1.3262e-09
0.0266516 0.19871 -17.5297 -1.21725e-09
0.0266288 0.197945 -19.6558 -5.00462e-10
0.0266567 0.197214 -19.3012 -1.26427e-09
0.026716 0.196617 -19.4375 -1.30141e-09
0.0267946 0.196096 -19.8633 -9.43473e-10
0.0269161 0.195502 -20.1885 -7.28532e-10
0.0270572 0.194959 -20.3796 -7.34155e-10
0.0271733 0.194582 -20.4357 -8.04992e-10
0.0272958 0.194228 -20.541 -7.98826e-10
0.0274087 0.193932 -20.506 -8.1549e-10
0.0275477 0.193598 -20.5 -7.75546e-10
0.0277355 0.193191 -20.4129 -6.74757e-10
0.0280036 0.192675 -20.2227 -5.45057e-10
0.0283806 0.192044 -19.9132 -4.38116e-10
0.0287937 0.191447 -19.6618 -2.87997e-10
0.0291276 0.191019 -19.536 -2.43794e-10
0.0294337 0.190662 -19.4994 -2.23047e-10
0.0297488 0.190325 -19.5433 -2.32097e-10
0.0301538 0.18993 -19.5921 -1.53168e-10
0.0306237 0.189519 -19.8219 -2.82936e-10
0.0310054 0.189217 -19.941 -2.05716e-10
0.0312857 0.189013 -19.9115 -3.72319e-10
0.0315703 0.188819 -20.0592 -4.62063e-10
0.0318035 0.188669 -20.0329 -3.48377e-10
0.0320417 0.188524 -19.8392 -4.55662e-10
0.0322755 0.18839 -19.7844 -4.32071e-10
0.0324796 0.18828 -19.6975 -4.44417e-10
0.0327482 0.188142 -19.4326 -4.85612e-10
0.0329897 0.188026 -19.3889 -4.16683e-10
0.033265 0.187903 -19.0196 -3.07923e-10
0.0335106 0.1878 -18.808 -3.56438e-10
0.0337352 0.187712 -18.3328 -3.49798e-10
0.034019 0.187609 -17.9404 -4.27214e-10
0.0342656 0.187527 -17.8383 -2.32092e-10
0.0345873 0.187429 -17.1642 -4.5911e-10
0.0348673 0.187352 -16.7211 -2.91713e-10
0.0351481 0.187283 -16.2951 -3.15617e-10
0.035377 0.187233 -16.0255 -2.71033e-10
0.0356201 0.187185 -15.5078 -3.19064e-10
0.0358479 0.187145 -14.8762 -4.13996e-10
0.0360734 0.18711 -14.7354 -1.42087e-10
0.0363116 0.187079 -14.8009 -2.90934e-10
0.0365819 0.18705 -14.1398 -1.10146e-10
0.0368634 0.187027 -13.6846 -2.10251e-10
0.0372238 0.187007 -13.1925 -1.14521e-10
0.0376247 0.187 -12.6991 -4.99053e-11
0.0380723 0.187009 -12.194 -1.05179e-10
0.0385891 0.187042 -11.6814 -1.83229e-11
0.0392302 0.187117 -11.1984 1.23767e-10
0.0398235 0.187221 -10.9485 -6.08752e-11
0.0402917 0.187327 -10.4438 3.32635e-10
0.0406096 0.187412 -9.89616 3.63618e-10
0.0409128 0.187502 -10.0217 1.33962e-10
0.0412297 0.187606 -9.86313 1.48514e-10
0.041472 0.187693 -9.66821 1.13677e-10
0.0417334 0.187795 -9.49502 1.11537e-10
0.042084 0.187943 -9.2019 1.32319e-10
0.0424021 0.18809 -8.99424 9.51337e-11
0.0427327 0.188256 -8.7365 1.83394e-10
0.0430195 0.188412 -8.43816 1.44054e-10
0.0432231 0.188529 -8.29181 1.4081e-10
0.0434284 0.188653 -8.12983 1.62047e-10
0.0436491 0.188794 -7.90363 1.00654e-10
0.0438844 0.188952 -7.69752 1.24132e-10
0.0441167 0.189117 -7.49272 1.32788e-10
0.0443335 0.18928 -7.28287 1.0916e-10
0.0445432 0.189445 -7.08484 1.26549e-10
0.0447474 0.189614 -6.90044 9.33008e-11
0.0449792 0.189816 -6.69264 1.2491e-10
0.0452654 0.190083 -6.44218 1.26662e-10
0.0456063 0.190427 -6.19033 1.46064e-10
0.0458872 0.190734 -6.02614 1.52161e-10
0.0461441 0.191037 -5.81849 1.81057e-10
0.0463999 0.191362 -5.716 1.84176e-10
0.0465876 0.191617 -5.60434 2.79927e-10
0.046736 0.191831 -5.55472 2.81945e-10
0.0468612 0.19202 -5.66694 3.59429e-10
0.0469834 0.192213 -5.8436 4.09181e-10
0.0471034 0.192412 -5.6683 2.58229e-10
0.0472176 0.19261 -5.9274 4.83143e-10
0.0473273 0.19281 -6.05295 3.9709e-10
0.0474418 0.19303 -6.4307 6.02696e-10
0.0475677 0.193287 -6.70043 6.75905e-10
0.0477265 0.193637 -7.32587 8.95391e-10
0.0478736 0.193995 -8.0478 1.08213e-09
0.0479863 0.194296 -8.47844 1.38773e-09
0.0480808 0.194572 -8.97391 1.59511e-09
0.0481728 0.194866 -9.57219 1.56546e-09
0.0482547 0.195156 -9.77971 1.67449e-09
0.0483273 0.195443 -10.0151 1.8418e-09
0.0484093 0.195814 -10.481 1.74373e-09
0.0485059 0.196361 -10.4107 1.68151e-09
0.0485968 0.197163 -9.94776 -5.48667e-10
