x y fp fmu
0.0483386 0.198 -5.34874 -2.69971e-09
0.0483072 0.198831 -5.40827 2.9143e-10
0.0482038 0.199717 -5.28272 5.7188e-10
0.0480488 0.200508 -4.68933 5.59528e-10
0.0479016 0.20107 -4.1076 6.56384e-10
0.0477797 0.201462 -3.65892 5.29851e-10
0.0476679 0.201782 -3.1616 6.48278e-10
0.0475427 0.202108 -2.29141 7.16011e-10
0.0473996 0.202447 -2.40608 3.49247e-10
0.0472413 0.202789 -1.21043 2.02109e-10
0.047063 0.203142 -0.573329 3.14719e-10
0.0468283 0.203563 0.51249 3.6294e-10
0.046467 0.204138 1.98827 2.64995e-10
0.0460603 0.204703 3.55353 2.04146e-10
0.0456939 0.205155 4.85269 1.16424e-11
0.045266 0.205626 6.35991 1.03063e-11
0.0449178 0.205972 7.49344 5.80508e-11
0.0446259 0.20624 8.24311 -6.08375e-11
0.0444078 0.206428 8.89001 2.53641e-10
0.0442062 0.206593 9.64394 -2.17758e-10
0.0440031 0.206751 10.0432 -1.08386e-10
0.0437902 0.206909 10.731 -9.45263e-11
0.0435638 0.207069 11.2382 -1.16343e-10
0.0433367 0.207221 11.7402 1.95201e-10
0.0431176 0.20736 12.1727 -5.66642e-11
0.0429136 0.207483 12.8021 -1.44175e-10
0.0426514 0.207632 13.5747 -4.1517e-11
0.0424134 0.207759 13.7786 2.70552e-10
0.042087 0.207922 15.0345 6.4013e-10
0.0417349 0.208083 15.4116 -1.48698e-09
0.0414004 0.208223 15.1675 -2.36635e-10
0.0411369 0.208323 16.1375 -9.44613e-11
0.040852 0.208424 16.6142 -2.06257e-10
0.0405676 0.208515 17.0836 1.70453e-10
0.0402535 0.208607 17.4226 -3.21901e-11
0.0399731 0.20868 18.276 -7.71853e-11
0.0397252 0.208738 17.9314 -5.00956e-11
0.0394854 0.208788 17.7764 2.54427e-10
0.0392554 0.208832 18.5039 -1.18291e-10
0.0390374 0.208868 18.8304 1.369e-10
0.0388153 0.2089 19.1423 4.63338e-11
0.0385721 0.208931 19.0021 3.31871e-11
0.0382862 0.208959 19.0212 2.87591e-10
0.0379393 0.208984 19.5006 -4.12846e-11
0.0374723 0.208999 19.6019 1.88096e-10
0.0369778 0.208994 19.6082 2.3261e-10
0.036511 0.208969 19.6881 2.73205e-10
0.0360465 0.208924 19.5567 4.66703e-10
0.0355961 0.208861 18.8469 3.57393e-10
0.0351465 0.208779 19.4494 -7.02811e-11
0.034685 0.208675 18.894 6.44576e-10
0.03437 0.208592 18.2889 6.00896e-10
0.0340702 0.208503 18.0677 4.79221e-10
0.0337873 0.208411 17.8732 7.02522e-10
0.0335398 0.208323 17.5542 8.75197e-10
0.0333087 0.208235 16.7855 5.12834e-10
0.0330929 0.208148 16.5911 6.36751e-10
0.0328203 0.208029 16.5712 6.47438e-10
0.0324583 0.207858 15.7751 6.20536e-10
0.0321317 0.20769 15.2749 7.4086e-10
0.0318115 0.207511 14.4398 7.31787e-10
0.0315735 0.207368 13.5805 7.64481e-10
0.0313615 0.207234 13.0855 5.59046e-10
0.0311228 0.207075 12.4276 8.79681e-10
0.0307985 0.206845 11.6231 7.23406e-10
0.0303354 0.206483 10.1681 8.98334e-10
0.0297402 0.205954 7.77777 1.00253e-09
0.0291225 0.205314 5.21813 7.86585e-10
0.0285736 0.204646 2.35691 1.32488e-10
0.0281195 0.204001 -0.367245 3.7309e-10
0.0277207 0.203338 -2.90066 2.64924e-10
0.0274453 0.202809 -4.8137 8.62209e-11
0.0272561 0.202398 -6.91193 1.33311e-10
0.0271155 0.20206 -7.76897 3.79389e-10
0.0270014 0.20176 -8.81395 -1.38575e-10
0.0269005 0.201471 -11.9654 7.87993e-10
0.0268109 0.201189 -13.7706 -1.21464e-10
0.02672 0.200871 -8.28066 2.02714e-09
0.0266244 0.200491 -13.9759 -1.42503e-09
0.0265344 0.200066 -16.9649 1.03911e-09
0.0264352 0.199454 -18.4986 -1.46482e-09
0.0263616 0.19871 -17.9939 -6.85712e-10
0.0263388 0.197945 -25.9167 8.60795e-10
0.0263667 0.197214 -21.7815 -4.22421e-09
0.026426 0.196617 -24.8769 -5.95173e-09
0.0265046 0.196096 -27.827 -4.56917e-09
0.0266261 0.195502 -28.815 -3.03435e-09
0.0267672 0.194959 -28.0941 -3.79994e-09
0.0268833 0.194582 -27.6622 -4.16628e-09
0.0270058 0.194228 -27.7249 -4.04312e-09
0.0271187 0.193932 -27.8607 -3.32988e-09
0.0272577 0.193598 -27.6076 -3.0516e-09
0.0274455 0.193191 -27.3896 -2.66874e-09
0.0277136 0.192675 -27.0128 -2.19794e-09
0.0280906 0.192044 -26.1752 -1.80663e-09
0.0285037 0.191447 -25.4092 -1.36478e-09
0.0288376 0.191019 -24.9226 -1.22894e-09
0.0291437 0.190662 -24.5755 -1.14012e-09
0.0294588 0.190325 -24.4139 -1.02388e-09
0.0298638 0.18993 -24.1718 -8.73477e-10
0.0303337 0.189519 -23.8158 -8.54702e-10
0.0307154 0.189217 -23.6004 -6.75079e-10
0.0309957 0.189013 -23.2213 -7.78401e-10
0.0312803 0.188819 -23.166 -7.39911e-10
0.0315135 0.188669 -22.9899 -6.09552e-10
0.0317518 0.188524 -22.6548 -6.58742e-10
0.0319855 0.18839 -22.5849 -6.15367e-10
0.0321896 0.18828 -22.4616 -5.41669e-10
0.0324582 0.188142 -22.3069 -5.18834e-10
0.0326998 0.188026 -22.2245 -4.12459e-10
0.032975 0.187903 -22.0465 -3.56435e-10
0.0332206 0.1878 -21.9121 -3.32817e-10
0.0334452 0.187712 -21.7028 -3.4556e-10
0.033729 0.187609 -21.7413 -3.80111e-10
0.0339756 0.187527 -21.7428 -1.56694e-10
0.0342973 0.187429 -21.4761 -3.40197e-10
0.0345773 0.187352 -21.4351 -2.37807e-10
0.0348581 0.187283 -21.4022 -2.61773e-10
0.035087 0.187233 -21.3725 -1.90762e-10
0.0353301 0.187185 -21.0099 -2.94248e-10
0.0355579 0.187145 -20.6273 -5.50176e-10
0.0357835 0.18711 -20.9931 1.90316e-10
0.0360216 0.187079 -21.4985 -1.42026e-10
0.0362919 0.18705 -20.592 -3.7202e-11
0.0365734 0.187027 -20.2466 -3.04962e-10
0.0369338 0.187007 -19.9985 -3.06608e-10
0.0373347 0.187 -19.6573 -3.99855e-11
0.0377823 0.187009 -19.1157 5.52425e-11
0.0382991 0.187042 -18.4897 -1.00077e-10
0.0389402 0.187117 -17.5297 -3.60588e-10
0.0395335 0.187221 -16.3224 -2.05953e-11
0.0400017 0.187327 -15.8243 -3.6543e-10
0.0403196 0.187412 -15.651 -6.82466e-10
0.0406228 0.187502 -14.4603 -2.04526e-10
0.0409397 0.187606 -13.7603 -3.47203e-10
0.041182 0.187693 -13.2697 -3.22468e-11
0.0414434 0.187795 -12.8194 -1.22184e-10
0.041794 0.187943 -12.091 -1.02426e-10
0.0421121 0.18809 -11.1984 -1.68513e-10
0.0424427 0.188256 -11.134 -6.95423e-11
0.0427295 0.188412 -10.3186 -2.32805e-10
0.0429331 0.188529 -9.88508 -1.48532e-10
0.0431384 0.188653 -9.6224 -1.19655e-10
0.0433591 0.188794 -9.19698 -2.72241e-10
0.0435944 0.188952 -8.77923 -9.19597e-11
0.0438267 0.189117 -8.47724 -6.5641e-11
0.0440436 0.18928 -8.15066 -9.41936e-11
0.0442532 0.189445 -7.8654 -3.92104e-11
0.0444574 0.189614 -7.60383 -1.55444e-10
0.0446892 0.189816 -7.2978 -5.79331e-11
0.0449754 0.190083 -6.9648 -3.5136e-11
0.0453163 0.190427 -6.59512 -9.17406e-11
0.0455972 0.190734 -6.28263 -4.42936e-11
0.0458541 0.191037 -6.03554 4.15479e-12
0.0461099 0.191362 -5.79593 -3.71098e-12
0.0462976 0.191617 -5.63753 1.13501e-11
0.046446 0.191831 -5.51942 1.58554e-11
0.0465712 0.19202 -5.43849 5.40681e-12
0.0466934 0.192213 -5.34401 1.7488e-11
0.0468134 0.192412 -5.26435 4.79022e-11
0.0469276 0.19261 -5.18897 3.89591e-11
0.0470373 0.19281 -5.11758 5.45482e-11
0.0471518 0.19303 -5.05056 5.86498e-11
0.0472777 0.193287 -4.96837 7.40062e-11
0.0474365 0.193637 -4.87907 8.77071e-11
0.0475836 0.193995 -4.80483 9.91414e-11
0.0476963 0.194296 -4.73477 1.2031e-10
0.0477908 0.194572 -4.68487 1.28308e-10
0.0478828 0.194866 -4.63786 1.25109e-10
0.0479647 0.195156 -4.55306 1.37092e-10
0.0480373 0.195443 -4.51058 1.15522e-10
0.0481193 0.195814 -4.41701 1.09795e-10
0.0482159 0.196361 -4.29808 1.39748e-10
0.0483068 0.197163 -4.5047 4.18897e-10
