x y fp fmu
0.0442156 0.198 -13.5148 1.9556e-09
0.0441842 0.198831 -12.8043 1.59086e-09
0.0440807 0.199717 -12.4221 8.43945e-10
0.0439258 0.200508 -10.3215 6.50875e-10
0.0437786 0.20107 -8.97116 1.07881e-09
0.0436567 0.201462 -8.13827 7.53404e-10
0.0435449 0.201782 -7.17698 1.33673e-09
0.0434196 0.202108 -5.26538 1.08119e-09
0.0432766 0.202447 -6.70379 5.27398e-10
0.0431183 0.202789 -4.28498 -1.78328e-10
0.04294 0.203142 -3.5531 3.64262e-10
0.0427053 0.203563 -2.05585 2.78594e-10
0.042344 0.204138 -0.174354 2.15609e-10
0.0419373 0.204703 1.68604 7.08024e-11
0.0415709 0.205155 3.14666 -1.50341e-10
0.041143 0.205626 4.87702 -1.39777e-10
0.0407948 0.205972 6.08383 -8.10961e-11
0.0405029 0.20624 6.78419 -2.36644e-10
0.0402848 0.206428 7.52521 1.57684e-10
0.0400832 0.206593 8.35363 -4.17746e-10
0.0398801 0.206751 8.68915 -2.56081e-10
0.0396671 0.206909 9.46576 -2.46135e-10
0.0394408 0.207069 9.94105 -2.6195e-10
0.0392137 0.207221 10.4218 3.36638e-11
0.0389946 0.20736 10.831 -2.09011e-10
0.0387906 0.207483 11.5061 -2.9852e-10
0.0385283 0.207632 12.2749 -1.55454e-10
0.0382904 0.207759 12.4186 1.87535e-10
0.0379639 0.207922 13.7433 5.44036e-10
0.0376119 0.208083 13.8323 -1.67349e-09
0.0372774 0.208223 13.711 -4.58775e-10
0.0370139 0.208323 14.5495 -1.9757e-10
0.036729 0.208424 14.962 -3.14411e-10
0.0364446 0.208515 15.3442 -1.81284e-11
0.0361305 0.208607 15.6213 -1.52863e-10
0.03585 0.20868 16.3052 -2.24904e-10
0.0356022 0.208738 16.0433 -1.17037e-10
0.0353623 0.208788 15.9255 5.61075e-11
0.0351323 0.208832 16.4482 -2.38041e-10
0.0349143 0.208868 16.6747 -6.58569e-11
0.0346922 0.2089 16.9113 -1.05756e-10
0.0344491 0.208931 16.8105 -8.67007e-11
0.0341631 0.208959 16.7614 6.56925e-12
0.0338163 0.208984 17.0749 -2.34759e-10
0.0333493 0.208999 17.1127 -3.19743e-11
0.0328548 0.208994 17.0245 -1.57493e-11
0.032388 0.208969 16.9795 3.70344e-11
0.0319234 0.208924 16.8091 1.57078e-10
0.031473 0.208861 16.051 -4.60887e-11
0.0310235 0.208779 16.4191 -3.76125e-10
0.0305619 0.208675 15.9333 2.40961e-10
0.0302469 0.208592 15.3553 2.0751e-10
0.0299471 0.208503 15.0576 1.52787e-11
0.0296643 0.208411 14.8023 3.0022e-10
0.0294168 0.208323 14.5088 3.27574e-10
0.0291857 0.208235 13.8588 1.18182e-11
0.0289698 0.208148 13.5776 2.34291e-10
0.0286973 0.208029 13.4472 1.61603e-10
0.0283353 0.207858 12.7278 1.15645e-10
0.0280087 0.20769 12.2089 1.99198e-10
0.0276885 0.207511 11.4686 1.57765e-10
0.0274505 0.207368 10.743 1.95755e-10
0.0272385 0.207234 10.2646 -3.85983e-11
0.0269997 0.207075 9.67512 2.8306e-10
0.0266754 0.206845 8.91789 1.29476e-10
0.0262124 0.206483 7.63079 2.7029e-10
0.0256171 0.205954 5.59651 3.73176e-10
0.0249995 0.205314 3.41295 1.03865e-10
0.0244506 0.204646 1.08774 -4.45424e-10
0.0239965 0.204001 -1.06289 -2.62071e-10
0.0235976 0.203338 -3.07553 -3.83092e-10
0.0233223 0.202809 -4.53172 -5.7784e-10
0.0231331 0.202398 -5.96234 -5.65191e-10
0.0229925 0.20206 -6.59107 -4.52813e-10
0.0228784 0.20176 -7.25313 -8.90428e-10
0.0227775 0.201471 -9.00476 -2.31252e-10
0.0226879 0.201189 -10.2791 -9.6634e-10
0.0225969 0.200871 -7.65123 1.01077e-10
0.0225014 0.200491 -10.3892 -1.60516e-09
0.0224114 0.200066 -11.8227 -6.34422e-10
0.0223122 0.199454 -12.5789 -1.91482e-09
0.0222386 0.19871 -12.1028 -1.76538e-09
0.0222158 0.197945 -13.6859 -9.51503e-10
0.0222437 0.197214 -13.438 -1.22525e-09
0.022303 0.196617 -13.1277 -1.20602e-09
0.0223816 0.196096 -13.225 -9.30247e-10
0.022503 0.195502 -13.2859 -7.66962e-10
0.0226442 0.194959 -13.3489 -6.15946e-10
0.0227603 0.194582 -13.295 -6.08474e-10
0.0228827 0.194228 -13.3197 -5.35141e-10
0.0229957 0.193932 -13.2752 -5.52411e-10
0.0231347 0.193598 -13.2883 -5.05453e-10
0.0233225 0.193191 -13.2942 -4.68526e-10
0.0235906 0.192675 -13.3194 -4.1417e-10
0.0239675 0.192044 -13.3409 -3.83931e-10
0.0243807 0.191447 -13.3626 -3.43563e-10
0.0247145 0.191019 -13.3726 -3.30557e-10
0.0250207 0.190662 -13.3684 -3.26691e-10
0.0253358 0.190325 -13.3826 -3.0569e-10
0.0257408 0.18993 -13.3895 -2.59365e-10
0.0262106 0.189519 -13.3776 -2.74566e-10
0.0265924 0.189217 -13.4021 -2.13616e-10
0.0268726 0.189013 -13.3606 -2.7523e-10
0.0271573 0.188819 -13.3894 -2.72382e-10
0.0273904 0.188669 -13.4379 -2.05332e-10
0.0276287 0.188524 -13.3629 -2.44393e-10
0.0278625 0.18839 -13.3458 -2.40341e-10
0.0280666 0.18828 -13.3822 -2.27819e-10
0.0283352 0.188142 -13.3087 -2.58582e-10
0.0285767 0.188026 -13.4051 -1.89923e-10
0.028852 0.187903 -13.3066 -1.34997e-10
0.0290976 0.1878 -13.3204 -1.40958e-10
0.0293221 0.187712 -13.1686 -1.2698e-10
0.0296059 0.187609 -13.0679 -1.67745e-10
0.0298526 0.187527 -13.1584 -4.45971e-11
0.0301743 0.187429 -13.0143 -1.63268e-10
0.0304543 0.187352 -12.9332 -5.17203e-11
0.0307351 0.187283 -12.8955 -4.76453e-11
0.030964 0.187233 -12.901 -3.2691e-11
0.0312071 0.187185 -12.8551 -2.86396e-11
0.0314349 0.187145 -12.7909 -4.21503e-11
0.0316604 0.18711 -12.8271 -3.23193e-11
0.0318986 0.187079 -12.8452 1.552e-11
0.0321689 0.18705 -12.8708 1.53432e-11
0.0324504 0.187027 -12.9263 4.77595e-11
0.0328108 0.187007 -12.9775 6.65742e-11
0.0332116 0.187 -13.0457 6.08387e-11
0.0336593 0.187009 -13.1565 8.23002e-12
0.0341761 0.187042 -13.2827 9.2441e-11
0.0348172 0.187117 -13.4277 1.61173e-10
0.0354105 0.187221 -13.6237 3.32637e-11
0.0358787 0.187327 -13.6723 2.85452e-10
0.0361965 0.187412 -13.4208 2.79384e-10
0.0364998 0.187502 -13.6605 1.47856e-10
0.0368167 0.187606 -13.7206 1.60511e-10
0.037059 0.187693 -13.7099 1.16404e-10
0.0373204 0.187795 -13.7108 1.20137e-10
0.037671 0.187943 -13.6664 1.47685e-10
0.0379891 0.18809 -13.7156 1.15881e-10
0.0383197 0.188256 -13.6326 1.95621e-10
0.0386065 0.188412 -13.5684 1.99072e-10
0.0388101 0.188529 -13.6006 1.88596e-10
0.0390154 0.188653 -13.5838 2.09849e-10
0.039236 0.188794 -13.5467 1.975e-10
0.0394713 0.188952 -13.5592 1.90013e-10
0.0397036 0.189117 -13.548 2.10196e-10
0.0399205 0.18928 -13.5314 2.10805e-10
0.0401302 0.189445 -13.5183 2.29545e-10
0.0403344 0.189614 -13.4969 2.24222e-10
0.0405661 0.189816 -13.4946 2.34463e-10
0.0408524 0.190083 -13.4727 2.65623e-10
0.0411932 0.190427 -13.4263 2.66102e-10
0.0414742 0.190734 -13.4531 2.29758e-10
0.041731 0.191037 -13.4328 2.83932e-10
0.0419868 0.191362 -13.4122 2.85402e-10
0.0421746 0.191617 -13.4002 3.17806e-10
0.042323 0.191831 -13.3673 3.51906e-10
0.0424482 0.19202 -13.3373 3.56778e-10
0.0425704 0.192213 -13.4347 3.27585e-10
0.0426904 0.192412 -13.3845 3.57098e-10
0.0428045 0.19261 -13.3836 3.85145e-10
0.0429143 0.19281 -13.3882 3.93094e-10
0.0430288 0.19303 -13.4075 4.09448e-10
0.0431547 0.193287 -13.3888 4.34184e-10
0.0433135 0.193637 -13.363 4.78691e-10
0.0434606 0.193995 -13.3786 5.023e-10
0.0435733 0.194296 -13.3495 5.48357e-10
0.0436678 0.194572 -13.3154 5.98216e-10
0.0437597 0.194866 -13.4064 5.72965e-10
0.0438417 0.195156 -13.323 6.32346e-10
0.0439142 0.195443 -13.3605 6.64589e-10
0.0439963 0.195814 -13.3797 7.3182e-10
0.0440929 0.196361 -13.288 9.50352e-10
0.0441838 0.197163 -13.4717 1.36406e-09
