x y fp fmu
0.047657 0.198 -6.61453 -2.95954e-10
0.0476255 0.198831 -6.68372 1.42808e-10
0.0475221 0.199717 -6.51818 4.39373e-10
0.0473671 0.200508 -6.15543 4.75919e-10
0.04722 0.20107 -5.74952 5.9641e-10
0.047098 0.201462 -5.41365 5.06437e-10
0.0469863 0.201782 -4.99803 6.16849e-10
0.046861 0.202108 -4.24711 6.6871e-10
0.0467179 0.202447 -4.34864 3.70411e-10
0.0465596 0.202789 -3.27331 2.27336e-10
0.0463813 0.203142 -2.6989 3.36837e-10
0.0461466 0.203563 -1.68009 3.76649e-10
0.0457853 0.204138 -0.282337 2.91956e-10
0.0453786 0.204703 1.24549 2.30534e-10
0.0450122 0.205155 2.53719 4.83394e-11
0.0445843 0.205626 4.06464 6.00702e-11
0.0442362 0.205972 5.22317 1.09651e-10
0.0439442 0.20624 6.00336 -7.80099e-12
0.0437261 0.206428 6.69431 3.05229e-10
0.0435245 0.206593 7.4818 -1.71348e-10
0.0433214 0.206751 7.90637 -6.34648e-11
0.0431085 0.206909 8.64158 -5.44104e-11
0.0428822 0.207069 9.17686 -8.60351e-11
0.0426551 0.207221 9.7233 2.3422e-10
0.042436 0.20736 10.1906 -2.22792e-11
0.0422319 0.207483 10.8791 -1.09216e-10
0.0419697 0.207632 11.7137 6.10107e-12
0.0417318 0.207759 11.9506 3.2739e-10
0.0414053 0.207922 13.3997 7.51554e-10
0.0410532 0.208083 13.7338 -1.64063e-09
0.0407187 0.208223 13.5699 -2.31649e-10
0.0404552 0.208323 14.6389 -6.79208e-11
0.0401703 0.208424 15.2042 -1.78783e-10
0.0398859 0.208515 15.7467 2.26118e-10
0.0395718 0.208607 16.1709 2.04355e-11
0.0392914 0.20868 17.173 -3.79877e-11
0.0390435 0.208738 16.7421 -6.60581e-11
0.0388037 0.208788 16.6711 2.98015e-10
0.0385737 0.208832 17.5541 -7.49058e-11
0.0383557 0.208868 17.9408 2.02435e-10
0.0381336 0.2089 18.3194 9.7823e-11
0.0378904 0.208931 18.1817 4.95445e-11
0.0376045 0.208959 18.3192 3.87304e-10
0.0372577 0.208984 18.9341 2.28005e-11
0.0367906 0.208999 19.1497 2.49702e-10
0.0362961 0.208994 19.3043 2.9477e-10
0.0358293 0.208969 19.5313 3.17729e-10
0.0353648 0.208924 19.484 5.41986e-10
0.0349144 0.208861 18.9899 5.23632e-10
0.0344649 0.208779 19.7065 7.67938e-11
0.0340033 0.208675 19.1449 7.54196e-10
0.0336883 0.208592 18.6762 6.99014e-10
0.0333885 0.208503 18.5718 6.02493e-10
0.0331056 0.208411 18.4458 7.74216e-10
0.0328581 0.208323 18.1466 1.02007e-09
0.0326271 0.208235 17.3939 6.58435e-10
0.0324112 0.208148 17.3501 6.81327e-10
0.0321386 0.208029 17.3596 7.04417e-10
0.0317766 0.207858 16.6613 6.86417e-10
0.03145 0.20769 16.2259 8.31568e-10
0.0311298 0.207511 15.4093 8.60314e-10
0.0308918 0.207368 14.5997 8.69335e-10
0.0306798 0.207234 14.1574 6.94752e-10
0.0304411 0.207075 13.5564 9.64876e-10
0.0301168 0.206845 12.8313 8.11379e-10
0.0296537 0.206483 11.4591 1.01989e-09
0.0290585 0.205954 9.20976 1.15876e-09
0.0284408 0.205314 6.77606 1.00695e-09
0.0278919 0.204646 3.92656 4.15422e-10
0.0274379 0.204001 1.27697 6.24263e-10
0.027039 0.203338 -1.17923 4.94986e-10
0.0267637 0.202809 -3.16054 3.89588e-10
0.0265744 0.202398 -5.29844 4.05448e-10
0.0264338 0.20206 -6.2298 6.6672e-10
0.0263197 0.20176 -7.46205 6.0958e-11
0.0262188 0.201471 -10.5899 9.09453e-10
0.0261293 0.201189 -12.1008 -2.19898e-10
0.0260383 0.200871 -7.20541 2.11137e-09
0.0259427 0.200491 -13.1026 -1.14991e-09
0.0258527 0.200066 -16.045 8.7317e-10
0.0257535 0.199454 -17.579 -1.811e-09
0.0256799 0.19871 -17.1794 -1.27567e-09
0.0256571 0.197945 -25.189 3.29579e-10
0.0256851 0.197214 -20.9803 -4.74044e-09
0.0257443 0.196617 -24.4608 -6.12285e-09
0.0258229 0.196096 -27.8636 -4.38538e-09
0.0259444 0.195502 -29.6451 -2.77212e-09
0.0260856 0.194959 -29.6859 -3.72402e-09
0.0262016 0.194582 -29.4132 -4.23423e-09
0.0263241 0.194228 -29.2988 -4.52836e-09
0.026437 0.193932 -29.0133 -4.43884e-09
0.0265761 0.193598 -28.5909 -4.48946e-09
0.0267638 0.193191 -28.7246 -3.85571e-09
0.027032 0.192675 -28.4317 -2.94304e-09
0.0274089 0.192044 -27.5539 -2.44258e-09
0.027822 0.191447 -26.6769 -1.96471e-09
0.0281559 0.191019 -26.0413 -1.62975e-09
0.028462 0.190662 -25.4185 -1.45271e-09
0.0287772 0.190325 -24.9885 -1.26402e-09
0.0291821 0.18993 -24.5258 -1.05331e-09
0.029652 0.189519 -23.9862 -9.69856e-10
0.0300337 0.189217 -23.7697 -7.70572e-10
0.030314 0.189013 -23.3688 -8.78844e-10
0.0305986 0.188819 -23.3002 -7.95045e-10
0.0308318 0.188669 -23.1859 -6.50797e-10
0.0310701 0.188524 -22.8316 -6.95821e-10
0.0313038 0.18839 -22.7618 -6.57549e-10
0.031508 0.18828 -22.6929 -5.72773e-10
0.0317765 0.188142 -22.5496 -5.4962e-10
0.0320181 0.188026 -22.522 -4.3897e-10
0.0322934 0.187903 -22.3621 -3.71193e-10
0.0325389 0.1878 -22.2568 -3.45456e-10
0.0327635 0.187712 -22.0659 -3.57319e-10
0.0330473 0.187609 -22.1374 -3.84972e-10
0.0332939 0.187527 -22.1693 -1.69736e-10
0.0336156 0.187429 -21.9748 -3.28202e-10
0.0338956 0.187352 -21.9936 -2.39096e-10
0.0341764 0.187283 -22.0199 -2.4847e-10
0.0344053 0.187233 -22.0321 -1.71651e-10
0.0346484 0.187185 -21.7671 -2.67396e-10
0.0348762 0.187145 -21.4838 -5.13018e-10
0.0351018 0.18711 -21.8902 2.21991e-10
0.03534 0.187079 -22.4518 -7.5686e-11
0.0356102 0.18705 -21.6825 1.2464e-11
0.0358917 0.187027 -21.4389 -2.54346e-10
0.0362521 0.187007 -21.3027 -2.6166e-10
0.036653 0.187 -21.0968 2.15426e-12
0.0371006 0.187009 -20.7206 9.75746e-11
0.0376175 0.187042 -20.2831 -5.43627e-11
0.0382585 0.187117 -19.4764 -3.23166e-10
0.0388518 0.187221 -18.4222 2.97344e-11
0.03932 0.187327 -18.0623 -3.18293e-10
0.0396379 0.187412 -17.9356 -6.46526e-10
0.0399411 0.187502 -16.7681 -1.76994e-10
0.040258 0.187606 -16.1066 -3.11146e-10
0.0405004 0.187693 -15.6455 1.13365e-12
0.0407617 0.187795 -15.2293 -8.83105e-11
0.0411124 0.187943 -14.5206 -6.96327e-11
0.0414304 0.18809 -13.6065 -1.57158e-10
0.041761 0.188256 -13.6472 -3.15836e-11
0.0420478 0.188412 -12.7671 -2.43394e-10
0.0422514 0.188529 -12.3172 -1.46538e-10
0.0424567 0.188653 -12.0621 -1.11922e-10
0.0426774 0.188794 -11.6098 -2.91006e-10
0.0429127 0.188952 -11.1779 -8.81798e-11
0.043145 0.189117 -10.8778 -6.56851e-11
0.0433619 0.18928 -10.5358 -1.05242e-10
0.0435715 0.189445 -10.2447 -4.37898e-11
0.0437757 0.189614 -9.97485 -1.79462e-10
0.0440075 0.189816 -9.6653 -6.59104e-11
0.0442937 0.190083 -9.33579 -4.00232e-11
0.0446346 0.190427 -8.98349 -8.92115e-11
0.0449155 0.190734 -8.69787 -2.71346e-11
0.0451724 0.191037 -8.47577 2.54809e-11
0.0454282 0.191362 -8.26294 2.17547e-11
0.045616 0.191617 -8.12199 4.20237e-11
0.0457643 0.191831 -8.01388 5.26023e-11
0.0458895 0.19202 -7.9348 4.26284e-11
0.0460117 0.192213 -7.85138 4.55863e-11
0.0461317 0.192412 -7.77464 8.43656e-11
0.0462459 0.19261 -7.69205 6.87764e-11
0.0463556 0.19281 -7.61785 8.99804e-11
0.0464701 0.19303 -7.53931 8.74957e-11
0.046596 0.193287 -7.44822 1.04784e-10
0.0467548 0.193637 -7.32979 1.13588e-10
0.046902 0.193995 -7.22214 1.17052e-10
0.0470147 0.194296 -7.13045 1.29125e-10
0.0471092 0.194572 -7.04854 1.31537e-10
0.0472011 0.194866 -6.98413 1.23682e-10
0.047283 0.195156 -6.89384 1.54734e-10
0.0473556 0.195443 -6.82763 1.44077e-10
0.0474376 0.195814 -6.74195 1.46009e-10
0.0475342 0.196361 -6.59367 1.86421e-10
0.0476251 0.197163 -6.50518 1.76356e-10
