x y fp fmu
0.0468048 0.198 -8.27562 6.16765e-10
0.0467733 0.198831 -8.1416 3.70933e-11
0.0466699 0.199717 -7.73733 2.62214e-10
0.0465149 0.200508 -7.32923 3.16742e-10
0.0463678 0.20107 -6.96169 4.65995e-10
0.0462458 0.201462 -6.6931 4.11529e-10
0.0461341 0.201782 -6.33624 5.24322e-10
0.0460088 0.202108 -5.71986 5.74119e-10
0.0458657 0.202447 -5.78978 3.82451e-10
0.0457074 0.202789 -4.84894 2.5985e-10
0.0455291 0.203142 -4.32934 3.5991e-10
0.0452944 0.203563 -3.36641 4.00447e-10
0.0449331 0.204138 -2.00413 3.4156e-10
0.0445264 0.204703 -0.499563 2.86362e-10
0.04416 0.205155 0.754489 9.6537e-11
0.0437321 0.205626 2.28346 1.06943e-10
0.043384 0.205972 3.45255 1.51166e-10
0.043092 0.20624 4.2408 3.04519e-11
0.0428739 0.206428 4.96793 3.46396e-10
0.0426723 0.206593 5.76485 -1.20271e-10
0.0424692 0.206751 6.21654 -1.0841e-11
0.0422563 0.206909 6.99799 1.4159e-12
0.04203 0.207069 7.567 -3.45706e-11
0.0418029 0.207221 8.15762 2.74553e-10
0.0415838 0.20736 8.66356 1.67849e-11
0.0413797 0.207483 9.40746 -4.92349e-11
0.0411175 0.207632 10.2977 7.2871e-11
0.0408796 0.207759 10.5436 3.97918e-10
0.0405531 0.207922 12.1924 8.78241e-10
0.040201 0.208083 12.4475 -1.794e-09
0.0398665 0.208223 12.3544 -2.4741e-10
0.039603 0.208323 13.5145 -3.25935e-11
0.0393182 0.208424 14.1577 -1.43633e-10
0.0390337 0.208515 14.7654 2.87324e-10
0.0387196 0.208607 15.283 8.75299e-11
0.0384392 0.20868 16.4084 6.89692e-12
0.0381913 0.208738 15.8981 -6.7789e-11
0.0379515 0.208788 15.921 3.38827e-10
0.0377215 0.208832 16.9423 -2.5594e-11
0.0375035 0.208868 17.3764 2.63244e-10
0.0372814 0.2089 17.813 1.49202e-10
0.0370382 0.208931 17.6797 6.87214e-11
0.0367523 0.208959 17.9388 4.6863e-10
0.0364055 0.208984 18.659 8.07937e-11
0.0359384 0.208999 18.9709 2.94631e-10
0.0354439 0.208994 19.2528 3.38829e-10
0.0349771 0.208969 19.6058 3.47903e-10
0.0345126 0.208924 19.6325 5.87021e-10
0.0340622 0.208861 19.3452 6.41336e-10
0.0336127 0.208779 20.1196 1.89173e-10
0.0331511 0.208675 19.5761 8.27093e-10
0.0328361 0.208592 19.235 7.6261e-10
0.0325363 0.208503 19.1922 7.04195e-10
0.0322534 0.208411 19.102 8.38871e-10
0.0320059 0.208323 18.8341 1.10465e-09
0.0317749 0.208235 18.1242 7.58991e-10
0.031559 0.208148 18.2114 7.14126e-10
0.0312864 0.208029 18.2319 7.66953e-10
0.0309244 0.207858 17.6206 7.65447e-10
0.0305978 0.20769 17.2325 9.25419e-10
0.0302776 0.207511 16.4502 9.77535e-10
0.0300396 0.207368 15.7113 9.66066e-10
0.0298276 0.207234 15.3139 8.14238e-10
0.0295889 0.207075 14.7847 1.07215e-09
0.0292646 0.206845 14.1365 9.23781e-10
0.0288015 0.206483 12.8525 1.18662e-09
0.0282063 0.205954 10.7487 1.35619e-09
0.0275886 0.205314 8.41677 1.1926e-09
0.0270397 0.204646 5.6017 6.60504e-10
0.0265857 0.204001 3.02337 8.43962e-10
0.0261868 0.203338 0.58221 7.49987e-10
0.0259115 0.202809 -1.42776 6.7051e-10
0.0257222 0.202398 -3.55776 6.57401e-10
0.0255816 0.20206 -4.53681 9.35943e-10
0.0254675 0.20176 -5.8918 3.56237e-10
0.0253666 0.201471 -8.83679 1.12783e-09
0.0252771 0.201189 -10.1763 -1.57703e-10
0.0251861 0.200871 -5.89196 2.18618e-09
0.0250905 0.200491 -11.6959 -7.50794e-10
0.0250005 0.200066 -14.5085 9.00457e-10
0.0249013 0.199454 -16.0958 -1.72792e-09
0.0248277 0.19871 -15.9734 -1.53314e-09
0.0248049 0.197945 -23.7289 2.6037e-10
0.0248329 0.197214 -20.1251 -4.82743e-09
0.0248921 0.196617 -23.6644 -5.85517e-09
0.0249707 0.196096 -27.0684 -4.12369e-09
0.0250922 0.195502 -29.2331 -2.47785e-09
0.0252334 0.194959 -29.6808 -3.43953e-09
0.0253494 0.194582 -29.8866 -3.78461e-09
0.0254719 0.194228 -30.2186 -4.11804e-09
0.0255848 0.193932 -29.8203 -4.31417e-09
0.0257239 0.193598 -29.6809 -4.69195e-09
0.0259116 0.193191 -29.1083 -4.73201e-09
0.0261798 0.192675 -28.2079 -4.14945e-09
0.0265567 0.192044 -27.344 -2.93165e-09
0.0269698 0.191447 -26.1807 -2.37072e-09
0.0273037 0.191019 -25.3801 -2.0412e-09
0.0276098 0.190662 -24.804 -1.79572e-09
0.027925 0.190325 -24.4383 -1.54265e-09
0.0283299 0.18993 -23.99 -1.29531e-09
0.0287998 0.189519 -23.2797 -1.14042e-09
0.0291815 0.189217 -23.0185 -9.3368e-10
0.0294618 0.189013 -22.5491 -1.04228e-09
0.0297464 0.188819 -22.3926 -8.6776e-10
0.0299796 0.188669 -22.3494 -7.08388e-10
0.0302179 0.188524 -21.9266 -7.26411e-10
0.0304516 0.18839 -21.7926 -6.91447e-10
0.0306558 0.18828 -21.7629 -5.91606e-10
0.0309243 0.188142 -21.578 -5.71571e-10
0.0311659 0.188026 -21.6054 -4.5555e-10
0.0314412 0.187903 -21.4413 -3.64457e-10
0.0316867 0.1878 -21.3665 -3.37927e-10
0.0319113 0.187712 -21.1881 -3.38805e-10
0.0321951 0.187609 -21.2805 -3.53296e-10
0.0324417 0.187527 -21.3416 -1.46713e-10
0.0327634 0.187429 -21.2208 -2.84182e-10
0.0330434 0.187352 -21.2952 -2.1046e-10
0.0333242 0.187283 -21.3881 -2.12307e-10
0.0335531 0.187233 -21.458 -1.40694e-10
0.0337962 0.187185 -21.2837 -2.12557e-10
0.034024 0.187145 -21.1153 -4.4443e-10
0.0342496 0.18711 -21.5456 2.28444e-10
0.0344878 0.187079 -22.118 -2.22856e-11
0.034758 0.18705 -21.498 5.09523e-11
0.0350395 0.187027 -21.3803 -1.98459e-10
0.0353999 0.187007 -21.362 -2.10311e-10
0.0358008 0.187 -21.271 4.12956e-11
0.0362484 0.187009 -21.0611 1.28798e-10
0.0367653 0.187042 -20.7838 -1.59717e-11
0.0374063 0.187117 -20.1371 -2.82193e-10
0.0379996 0.187221 -19.2238 6.32815e-11
0.0384678 0.187327 -18.9709 -2.90423e-10
0.0387857 0.187412 -18.9417 -6.25735e-10
0.0390889 0.187502 -17.787 -1.7096e-10
0.0394058 0.187606 -17.1552 -2.97264e-10
0.0396482 0.187693 -16.719 8.4827e-12
0.0399095 0.187795 -16.3235 -7.86489e-11
0.0402602 0.187943 -15.6549 -5.97653e-11
0.0405782 0.18809 -14.7561 -1.61346e-10
0.0409088 0.188256 -14.8925 -7.01093e-13
0.0411956 0.188412 -14.0073 -2.61528e-10
0.0413992 0.188529 -13.5664 -1.46525e-10
0.0416045 0.188653 -13.3355 -1.10164e-10
0.0418252 0.188794 -12.9003 -2.94595e-10
0.0420605 0.188952 -12.4838 -8.88498e-11
0.0422928 0.189117 -12.2122 -6.20169e-11
0.0425097 0.18928 -11.8941 -1.03811e-10
0.0427193 0.189445 -11.6305 -4.13433e-11
0.0429235 0.189614 -11.3895 -1.73798e-10
0.0431553 0.189816 -11.1133 -5.89275e-11
0.0434415 0.190083 -10.8325 -3.21021e-11
0.0437824 0.190427 -10.5497 -7.0553e-11
0.0440633 0.190734 -10.3292 -2.97866e-12
0.0443202 0.191037 -10.1627 5.13256e-11
0.044576 0.191362 -10.0172 5.28464e-11
0.0447638 0.191617 -9.91864 8.12983e-11
0.0449121 0.191831 -9.84474 9.52063e-11
0.0450373 0.19202 -9.79919 9.24006e-11
0.0451595 0.192213 -9.76135 9.26948e-11
0.0452795 0.192412 -9.69656 1.24485e-10
0.0453937 0.19261 -9.64743 1.2226e-10
0.0455034 0.19281 -9.59756 1.38175e-10
0.0456179 0.19303 -9.54703 1.40389e-10
0.0457438 0.193287 -9.47875 1.5877e-10
0.0459026 0.193637 -9.3862 1.72608e-10
0.0460498 0.193995 -9.3005 1.74969e-10
0.0461625 0.194296 -9.21789 1.89534e-10
0.046257 0.194572 -9.12927 1.93126e-10
0.0463489 0.194866 -9.07066 1.71459e-10
0.0464308 0.195156 -8.97238 2.09099e-10
0.0465034 0.195443 -8.88273 1.96337e-10
0.0465854 0.195814 -8.78271 1.88166e-10
0.046682 0.196361 -8.57986 2.29969e-10
0.0467729 0.197163 -8.37191 1.23928e-10
