x y fp fmu
0.0424329 0.198 -18.897 3.92986e-08
0.0424014 0.198831 -16.8957 -3.12195e-11
0.042298 0.199717 -14.9336 -8.98405e-10
0.042143 0.200508 -10.3086 -7.09932e-10
0.0419959 0.20107 -7.5814 1.1197e-10
0.041874 0.201462 -6.11754 -3.78383e-10
0.0417622 0.201782 -4.68364 6.20114e-10
0.0416369 0.202108 -1.43589 3.55543e-10
0.0414938 0.202447 -4.1103 -3.20472e-10
0.0413355 0.202789 -0.768498 -1.56648e-09
0.0411572 0.203142 0.265194 -6.48185e-10
0.0409225 0.203563 2.18078 -8.88051e-10
0.0405613 0.204138 4.58797 -8.60768e-10
0.0401545 0.204703 6.76547 -9.77212e-10
0.0397881 0.205155 8.41337 -1.19976e-09
0.0393602 0.205626 10.3499 -1.13682e-09
0.0390121 0.205972 11.7143 -9.6305e-10
0.0387201 0.20624 12.3122 -1.11775e-09
0.038502 0.206428 12.8535 -8.13672e-10
0.0383004 0.206593 13.9004 -1.39402e-09
0.0380973 0.206751 14.1535 -1.09842e-09
0.0378844 0.206909 14.8519 -1.11639e-09
0.0376581 0.207069 15.2904 -1.05144e-09
0.037431 0.207221 15.6367 -8.06487e-10
0.0372119 0.20736 15.9238 -9.58459e-10
0.0370078 0.207483 16.4834 -1.14694e-09
0.0367456 0.207632 17.4117 -9.34267e-10
0.0365077 0.207759 17.4945 -3.77087e-10
0.0361812 0.207922 18.2348 -2.92615e-10
0.0358291 0.208083 18.855 -1.60417e-09
0.0354946 0.208223 18.1783 -1.02008e-09
0.0352311 0.208323 18.75 -7.60208e-10
0.0349463 0.208424 19.0205 -9.42497e-10
0.0346618 0.208515 19.3701 -6.75368e-10
0.0343477 0.208607 19.3027 -7.03186e-10
0.0340673 0.20868 19.8102 -8.13752e-10
0.0338194 0.208738 19.9258 -2.99512e-10
0.0335796 0.208788 19.1663 -3.25557e-10
0.0333496 0.208832 19.2452 -8.00739e-10
0.0331316 0.208868 19.5139 -6.07065e-10
0.0329095 0.2089 19.6547 -5.50032e-10
0.0326663 0.208931 19.5377 -3.10682e-10
0.0323804 0.208959 18.9649 -5.48314e-10
0.0320336 0.208984 19.0619 -7.69146e-10
0.0315666 0.208999 18.8226 -3.2261e-10
0.031072 0.208994 18.2464 -3.25118e-10
0.0306052 0.208969 17.7981 -1.95638e-10
0.0301407 0.208924 17.2702 -6.5688e-11
0.0296903 0.208861 15.7786 -4.6319e-10
0.0292408 0.208779 16.0826 -8.77879e-10
0.0287792 0.208675 15.2435 1.33716e-11
0.0284642 0.208592 14.2575 -2.08697e-11
0.0281644 0.208503 13.7175 -2.94457e-10
0.0278815 0.208411 13.2421 1.24085e-10
0.027634 0.208323 12.7767 9.40971e-11
0.027403 0.208235 11.9274 -2.83555e-10
0.0271871 0.208148 11.453 4.28369e-11
0.0269145 0.208029 11.1921 -8.53635e-11
0.0265525 0.207858 10.2403 -1.45225e-10
0.0262259 0.20769 9.51361 -6.79174e-11
0.0259057 0.207511 8.60689 -1.31138e-10
0.0256677 0.207368 7.77177 -8.22103e-11
0.0254558 0.207234 7.19457 -3.03533e-10
0.025217 0.207075 6.50203 -7.86612e-13
0.0248927 0.206845 5.61099 -1.2304e-10
0.0244296 0.206483 4.17915 -4.92571e-11
0.0238344 0.205954 2.13415 5.38514e-12
0.0232167 0.205314 0.0118558 -2.21227e-10
0.0226678 0.204646 -1.99055 -5.8375e-10
0.0222138 0.204001 -3.71818 -3.77411e-10
0.0218149 0.203338 -5.19554 -4.39039e-10
0.0215396 0.202809 -6.175 -5.11613e-10
0.0213503 0.202398 -6.93474 -4.83756e-10
0.0212097 0.20206 -7.39557 -4.38503e-10
0.0210956 0.20176 -7.74868 -5.81343e-10
0.0209947 0.201471 -8.27846 -4.06099e-10
0.0209052 0.201189 -8.6939 -4.79157e-10
0.0208142 0.200871 -8.45643 -3.258e-10
0.0207186 0.200491 -8.90716 -5.30925e-10
0.0206287 0.200066 -9.1841 -3.48005e-10
0.0205294 0.199454 -9.43555 -3.34376e-10
0.0204558 0.19871 -9.59536 -2.47999e-10
0.020433 0.197945 -9.77179 -2.0341e-10
0.020461 0.197214 -9.95731 -1.3852e-10
0.0205202 0.196617 -10.0566 -1.87749e-10
0.0205988 0.196096 -10.2052 -1.85865e-10
0.0207203 0.195502 -10.3782 -1.65637e-10
0.0208615 0.194959 -10.5453 -1.74446e-10
0.0209775 0.194582 -10.6476 -1.81806e-10
0.0211 0.194228 -10.7541 -1.88769e-10
0.0212129 0.193932 -10.8219 -1.94031e-10
0.021352 0.193598 -10.9082 -2.05075e-10
0.0215397 0.193191 -10.9978 -2.04392e-10
0.0218079 0.192675 -11.1005 -1.93348e-10
0.0221848 0.192044 -11.2009 -1.82846e-10
0.0225979 0.191447 -11.2797 -1.38248e-10
0.0229318 0.191019 -11.34 -1.06396e-10
0.0232379 0.190662 -11.3995 -7.43166e-11
0.0235531 0.190325 -11.4738 -5.61762e-11
0.023958 0.18993 -11.6251 -1.76164e-11
0.0244279 0.189519 -11.8893 7.22457e-11
0.0248096 0.189217 -12.1311 8.19288e-11
0.0250899 0.189013 -12.4164 2.09549e-10
0.0253745 0.188819 -12.7338 1.61705e-10
0.0256077 0.188669 -12.8509 1.02543e-10
0.025846 0.188524 -13.2285 1.34849e-10
0.0260797 0.18839 -13.6458 1.64296e-10
0.0262839 0.18828 -13.8084 1.80377e-10
0.0265524 0.188142 -14.3545 2.5455e-10
0.026794 0.188026 -14.4807 1.77835e-10
0.0270693 0.187903 -15.0016 9.72418e-11
0.0273148 0.1878 -15.212 1.39141e-10
0.0275394 0.187712 -15.7436 7.86115e-11
0.0278232 0.187609 -16.4088 1.87649e-10
0.0280699 0.187527 -16.4135 3.27313e-12
0.0283915 0.187429 -17.0012 3.46374e-10
0.0286715 0.187352 -17.5307 1.55499e-11
0.0289523 0.187283 -17.9395 1.34157e-10
0.0291812 0.187233 -18.0871 5.12712e-11
0.0294243 0.187185 -18.3864 1.18922e-10
0.0296521 0.187145 -19.283 2.72483e-10
0.0298777 0.18711 -19.727 -4.48841e-10
0.0301159 0.187079 -18.3527 5.43234e-10
0.0303861 0.18705 -19.1206 -9.66199e-12
0.0306676 0.187027 -19.581 2.55815e-10
0.031028 0.187007 -19.7684 7.17513e-11
0.0314289 0.187 -19.7885 -1.64694e-11
0.0318765 0.187009 -19.8073 -1.04695e-10
0.0323934 0.187042 -19.7192 1.3413e-10
0.0330344 0.187117 -19.5453 1.54262e-10
0.0336277 0.187221 -19.5219 -3.2998e-11
0.0340959 0.187327 -19.5588 3.89973e-10
0.0344138 0.187412 -19.0871 3.23155e-10
0.034717 0.187502 -19.2607 2.73599e-10
0.0350339 0.187606 -19.3722 2.93994e-10
0.0352763 0.187693 -19.3825 2.9345e-10
0.0355376 0.187795 -19.4747 3.08306e-10
0.0358883 0.187943 -19.5033 4.02796e-10
0.0362063 0.18809 -19.8437 3.67981e-10
0.0365369 0.188256 -19.7047 5.81216e-10
0.0368237 0.188412 -19.7464 6.68987e-10
0.0370273 0.188529 -20.0204 6.2653e-10
0.0372327 0.188653 -20.0571 6.96991e-10
0.0374533 0.188794 -20.177 8.32147e-10
0.0376886 0.188952 -20.5039 7.10008e-10
0.0379209 0.189117 -20.617 8.35311e-10
0.0381378 0.18928 -20.8137 8.81803e-10
0.0383474 0.189445 -20.9352 9.57282e-10
0.0385516 0.189614 -21.0706 1.21132e-09
0.0387834 0.189816 -21.3315 1.18032e-09
0.0390696 0.190083 -21.4677 1.31607e-09
0.0394105 0.190427 -21.6684 1.66188e-09
0.0396914 0.190734 -22.3729 1.54493e-09
0.0399483 0.191037 -22.5376 1.81128e-09
0.0402041 0.191362 -23.0418 2.12109e-09
0.0403919 0.191617 -23.3993 2.43153e-09
0.0405402 0.191831 -23.5846 2.84246e-09
0.0406654 0.19202 -23.8391 2.94219e-09
0.0407876 0.192213 -25.1456 2.84375e-09
0.0409076 0.192412 -24.9385 3.06135e-09
0.0410218 0.19261 -25.2774 3.62345e-09
0.0411315 0.19281 -25.6574 3.84e-09
0.041246 0.19303 -25.9615 3.98022e-09
0.0413719 0.193287 -26.5647 4.4705e-09
0.0415307 0.193637 -26.9965 4.40852e-09
0.0416779 0.193995 -27.4614 3.91279e-09
0.0417906 0.194296 -27.7774 3.91279e-09
0.0418851 0.194572 -26.8455 3.4197e-09
0.041977 0.194866 -27.0228 2.72228e-09
0.0420589 0.195156 -27.4634 3.70396e-09
0.0421315 0.195443 -26.2843 2.90693e-09
0.0422135 0.195814 -26.4345 2.39106e-09
0.0423101 0.196361 -24.3433 2.49767e-09
0.042401 0.197163 -21.5536 -3.46352e-09
