x y fp fmu
0.0442113 0.198 -13.487 1.95119e-09
0.0441799 0.198831 -12.7487 1.58511e-09
0.0440765 0.199717 -12.3534 8.38108e-10
0.0439215 0.200508 -10.2408 6.43998e-10
0.0437743 0.20107 -8.87769 1.07174e-09
0.0436524 0.201462 -8.03593 7.51027e-10
0.0435406 0.201782 -7.06988 1.33299e-09
0.0434154 0.202108 -5.15676 1.07718e-09
0.0432723 0.202447 -6.59166 5.25162e-10
0.043114 0.202789 -4.17131 -1.81774e-10
0.0429357 0.203142 -3.4319 3.60634e-10
0.042701 0.203563 -1.9326 2.75718e-10
0.0423397 0.204138 -0.0434814 2.12118e-10
0.041933 0.204703 1.82361 6.80567e-11
0.0415666 0.205155 3.28866 -1.52116e-10
0.0411387 0.205626 5.02375 -1.41633e-10
0.0407905 0.205972 6.23314 -8.37904e-11
0.0404986 0.20624 6.93585 -2.38177e-10
0.0402805 0.206428 7.6772 1.53898e-10
0.0400789 0.206593 8.50578 -4.19167e-10
0.0398758 0.206751 8.84346 -2.57624e-10
0.0396629 0.206909 9.61907 -2.48521e-10
0.0394365 0.207069 10.0959 -2.63182e-10
0.0392094 0.207221 10.5774 3.07294e-11
0.0389903 0.20736 10.9883 -2.11157e-10
0.0387863 0.207483 11.6624 -3.00701e-10
0.0385241 0.207632 12.4325 -1.575e-10
0.0382861 0.207759 12.5785 1.84803e-10
0.0379597 0.207922 13.9008 5.38425e-10
0.0376076 0.208083 13.9946 -1.66955e-09
0.0372731 0.208223 13.8744 -4.59858e-10
0.0370096 0.208323 14.7109 -1.99479e-10
0.0367247 0.208424 15.1231 -3.16322e-10
0.0364403 0.208515 15.5052 -2.13937e-11
0.0361262 0.208607 15.7822 -1.55201e-10
0.0358458 0.20868 16.4648 -2.27211e-10
0.0355979 0.208738 16.2067 -1.18196e-10
0.0353581 0.208788 16.0874 5.36312e-11
0.035128 0.208832 16.607 -2.40803e-10
0.0349101 0.208868 16.8337 -6.93084e-11
0.034688 0.2089 17.0704 -1.08648e-10
0.0344448 0.208931 16.9708 -8.86044e-11
0.0341589 0.208959 16.9195 2.22066e-12
0.033812 0.208984 17.2321 -2.38436e-10
0.033345 0.208999 17.2695 -3.51202e-11
0.0328505 0.208994 17.1795 -1.90723e-11
0.0323837 0.208969 17.1328 3.42212e-11
0.0319191 0.208924 16.9617 1.53996e-10
0.0314687 0.208861 16.1988 -5.15698e-11
0.0310192 0.208779 16.5672 -3.81909e-10
0.0305576 0.208675 16.0814 2.37862e-10
0.0302427 0.208592 15.5006 2.04717e-10
0.0299429 0.208503 15.2018 1.06803e-11
0.02966 0.208411 14.9455 2.97869e-10
0.0294125 0.208323 14.6515 3.24546e-10
0.0291814 0.208235 14.0004 7.19164e-12
0.0289656 0.208148 13.717 2.31805e-10
0.028693 0.208029 13.5868 1.58103e-10
0.028331 0.207858 12.8658 1.11758e-10
0.0280044 0.20769 12.3457 1.95144e-10
0.0276842 0.207511 11.6045 1.53123e-10
0.0274462 0.207368 10.8776 1.91824e-10
0.0272342 0.207234 10.3988 -4.40542e-11
0.0269955 0.207075 9.80818 2.79454e-10
0.0266712 0.206845 9.04997 1.25276e-10
0.0262081 0.206483 7.76207 2.66065e-10
0.0256129 0.205954 5.72772 3.69282e-10
0.0249952 0.205314 3.54408 9.76582e-11
0.0244463 0.204646 1.22324 -4.53565e-10
0.0239922 0.204001 -0.925366 -2.69935e-10
0.0235934 0.203338 -2.93659 -3.92748e-10
0.023318 0.202809 -4.38717 -5.88422e-10
0.0231288 0.202398 -5.81024 -5.73757e-10
0.0229882 0.20206 -6.43563 -4.6145e-10
0.0228741 0.20176 -7.09166 -9.012e-10
0.0227732 0.201471 -8.83624 -2.41412e-10
0.0226836 0.201189 -10.1109 -9.69099e-10
0.0225927 0.200871 -7.47901 7.70633e-11
0.0224971 0.200491 -10.1997 -1.61791e-09
0.0224071 0.200066 -11.6235 -6.44688e-10
0.0223079 0.199454 -12.3661 -1.91839e-09
0.0222343 0.19871 -11.8615 -1.78247e-09
0.0222115 0.197945 -13.4027 -9.56146e-10
0.0222394 0.197214 -13.1527 -1.19795e-09
0.0222987 0.196617 -12.8151 -1.18862e-09
0.0223773 0.196096 -12.9031 -9.26321e-10
0.0224988 0.195502 -12.9537 -7.60389e-10
0.0226399 0.194959 -13.0137 -6.06099e-10
0.022756 0.194582 -12.9577 -5.9979e-10
0.0228785 0.194228 -12.9818 -5.26429e-10
0.0229914 0.193932 -12.9378 -5.43933e-10
0.0231304 0.193598 -12.9511 -4.97144e-10
0.0233182 0.193191 -12.9586 -4.61611e-10
0.0235863 0.192675 -12.9874 -4.09088e-10
0.0239632 0.192044 -13.0147 -3.8069e-10
0.0243764 0.191447 -13.0414 -3.41923e-10
0.0247103 0.191019 -13.0553 -3.27971e-10
0.0250164 0.190662 -13.0543 -3.22658e-10
0.0253315 0.190325 -13.0719 -3.00806e-10
0.0257365 0.18993 -13.0861 -2.55126e-10
0.0262064 0.189519 -13.0821 -2.70428e-10
0.0265881 0.189217 -13.1165 -2.09642e-10
0.0268684 0.189013 -13.082 -2.77321e-10
0.027153 0.188819 -13.1123 -2.72165e-10
0.0273862 0.188669 -13.1767 -1.98536e-10
0.0276244 0.188524 -13.1012 -2.35776e-10
0.0278582 0.18839 -13.0795 -2.31965e-10
0.0280623 0.18828 -13.1259 -2.16976e-10
0.0283309 0.188142 -13.0493 -2.46016e-10
0.0285724 0.188026 -13.1493 -1.78635e-10
0.0288477 0.187903 -13.0535 -1.22175e-10
0.0290933 0.1878 -13.0685 -1.27077e-10
0.0293179 0.187712 -12.9313 -1.12333e-10
0.0296016 0.187609 -12.8435 -1.46762e-10
0.0298483 0.187527 -12.9279 -3.7176e-11
0.03017 0.187429 -12.81 -1.3901e-10
0.03045 0.187352 -12.7463 -4.40239e-11
0.0307308 0.187283 -12.7209 -3.73095e-11
0.0309597 0.187233 -12.729 -2.72978e-11
0.0312028 0.187185 -12.6963 -2.23232e-11
0.0314306 0.187145 -12.6587 -3.14392e-11
0.0316561 0.18711 -12.6985 -3.84522e-11
0.0318943 0.187079 -12.6884 2.85061e-11
0.0321646 0.18705 -12.7374 1.57179e-11
0.0324461 0.187027 -12.8043 5.58334e-11
0.0328065 0.187007 -12.8607 7.04981e-11
0.0332074 0.187 -12.9314 5.95925e-11
0.033655 0.187009 -13.0458 5.4028e-12
0.0341718 0.187042 -13.1733 9.55791e-11
0.0348129 0.187117 -13.3186 1.64574e-10
0.0354062 0.187221 -13.5155 3.03653e-11
0.0358744 0.187327 -13.564 2.89908e-10
0.0361923 0.187412 -13.3095 2.78922e-10
0.0364955 0.187502 -13.5479 1.47171e-10
0.0368124 0.187606 -13.6084 1.57611e-10
0.0370547 0.187693 -13.5971 1.17777e-10
0.0373161 0.187795 -13.6012 1.20543e-10
0.0376667 0.187943 -13.562 1.48328e-10
0.0379848 0.18809 -13.6122 1.17077e-10
0.0383154 0.188256 -13.5475 2.01565e-10
0.0386022 0.188412 -13.4905 2.00202e-10
0.0388058 0.188529 -13.5283 1.90699e-10
0.0390111 0.188653 -13.5187 2.12194e-10
0.0392317 0.188794 -13.4904 2.02219e-10
0.039467 0.188952 -13.5127 1.93287e-10
0.0396994 0.189117 -13.5083 2.14584e-10
0.0399162 0.18928 -13.4993 2.15758e-10
0.0401259 0.189445 -13.4922 2.34428e-10
0.0403301 0.189614 -13.4763 2.32063e-10
0.0405619 0.189816 -13.4807 2.40057e-10
0.0408481 0.190083 -13.4653 2.7105e-10
0.041189 0.190427 -13.424 2.70587e-10
0.0414699 0.190734 -13.4552 2.31361e-10
0.0417268 0.191037 -13.4383 2.8581e-10
0.0419826 0.191362 -13.4206 2.86883e-10
0.0421703 0.191617 -13.4094 3.21389e-10
0.0423187 0.191831 -13.3772 3.56642e-10
0.0424439 0.19202 -13.3488 3.63539e-10
0.0425661 0.192213 -13.4503 3.34393e-10
0.0426861 0.192412 -13.3969 3.62252e-10
0.0428003 0.19261 -13.3966 3.9252e-10
0.04291 0.19281 -13.4015 3.99731e-10
0.0430245 0.19303 -13.4194 4.14952e-10
0.0431504 0.193287 -13.4006 4.3938e-10
0.0433092 0.193637 -13.3722 4.82532e-10
0.0434563 0.193995 -13.3853 5.0439e-10
0.043569 0.194296 -13.3556 5.497e-10
0.0436635 0.194572 -13.319 5.98521e-10
0.0437555 0.194866 -13.4097 5.7269e-10
0.0438374 0.195156 -13.3275 6.3429e-10
0.04391 0.195443 -13.3651 6.66656e-10
0.043992 0.195814 -13.3843 7.38079e-10
0.0440886 0.196361 -13.2925 9.57431e-10
0.0441795 0.197163 -13.4635 1.36369e-09
