x y fp fmu
0.0470145 0.198 -11.356 2.03944e-08
0.046983 0.198831 -9.70839 -7.65553e-11
0.0468796 0.199717 -7.36345 -1.80873e-10
0.0467246 0.200508 -4.14193 9.75665e-11
0.0465774 0.20107 -2.24252 5.05343e-10
0.0464555 0.201462 -1.05775 9.45597e-11
0.0463438 0.201782 -0.0387048 5.0263e-10
0.0462185 0.202108 2.05702 6.58478e-10
0.0460754 0.202447 1.04065 -1.90846e-10
0.0459171 0.202789 3.25835 -6.56361e-10
0.0457388 0.203142 4.15003 -2.53203e-10
0.0455041 0.203563 5.65125 -2.60417e-10
0.0451428 0.204138 7.53817 -3.94182e-10
0.0447361 0.204703 9.28152 -4.90248e-10
0.0443697 0.205155 10.6251 -6.9612e-10
0.0439418 0.205626 12.1655 -6.63749e-10
0.0435936 0.205972 13.2383 -5.72779e-10
0.0433017 0.20624 13.8049 -6.84231e-10
0.0430836 0.206428 14.2396 -4.04857e-10
0.042882 0.206593 15.0201 -9.00413e-10
0.0426789 0.206751 15.2817 -7.26785e-10
0.042466 0.206909 15.8043 -7.14101e-10
0.0422397 0.207069 16.1661 -6.89166e-10
0.0420125 0.207221 16.4347 -4.48099e-10
0.0417934 0.20736 16.6737 -6.21314e-10
0.0415894 0.207483 17.0634 -7.71655e-10
0.0413272 0.207632 17.6663 -6.33171e-10
0.0410892 0.207759 17.7608 -2.26857e-10
0.0407628 0.207922 18.168 -1.89279e-10
0.0404107 0.208083 18.72 -1.10082e-09
0.0400762 0.208223 18.2047 -5.89519e-10
0.0398127 0.208323 18.606 -4.65124e-10
0.0395278 0.208424 18.721 -5.82081e-10
0.0392434 0.208515 18.9241 -3.98556e-10
0.0389293 0.208607 18.8445 -4.4963e-10
0.0386489 0.20868 19.0892 -5.02471e-10
0.038401 0.208738 19.2103 -1.31852e-10
0.0381612 0.208788 18.6145 -1.36931e-10
0.0379312 0.208832 18.5509 -5.0284e-10
0.0377132 0.208868 18.6789 -3.84993e-10
0.0374911 0.2089 18.7239 -3.52345e-10
0.0372479 0.208931 18.628 -1.61752e-10
0.036962 0.208959 18.0616 -3.89519e-10
0.0366151 0.208984 17.9808 -5.18959e-10
0.0361481 0.208999 17.66 -1.99921e-10
0.0356536 0.208994 16.9914 -2.28096e-10
0.0351868 0.208969 16.4233 -1.17031e-10
0.0347223 0.208924 15.8581 -3.21679e-11
0.0342719 0.208861 14.3111 -4.75404e-10
0.0338224 0.208779 14.4184 -7.80072e-10
0.0333608 0.208675 13.6688 1.12193e-11
0.0330458 0.208592 12.5765 2.04706e-11
0.032746 0.208503 11.9883 -2.83541e-10
0.0324631 0.208411 11.4796 1.27661e-10
0.0322156 0.208323 10.9757 8.22808e-11
0.0319846 0.208235 10.1092 -3.04674e-10
0.0317687 0.208148 9.42866 1.05855e-10
0.0314961 0.208029 9.25524 -1.01045e-10
0.0311341 0.207858 8.21575 -1.55143e-10
0.0308075 0.20769 7.46568 -7.08031e-11
0.0304873 0.207511 6.53819 -1.39199e-10
0.0302493 0.207368 5.57359 -6.99705e-11
0.0300373 0.207234 4.91477 -3.34516e-10
0.0297986 0.207075 4.14197 3.08295e-11
0.0294743 0.206845 3.23365 -1.28575e-10
0.0290112 0.206483 1.7511 -5.84473e-11
0.028416 0.205954 -0.502917 -2.89475e-11
0.0277983 0.205314 -2.85038 -3.09922e-10
0.0272494 0.204646 -5.14067 -8.00745e-10
0.0267954 0.204001 -7.18142 -5.3367e-10
0.0263965 0.203338 -8.89345 -5.99782e-10
0.0261211 0.202809 -10.0659 -7.01571e-10
0.0259319 0.202398 -11.1345 -6.36658e-10
0.0257913 0.20206 -11.6735 -5.40532e-10
0.0256772 0.20176 -12.1716 -7.74762e-10
0.0255763 0.201471 -13.2169 -4.47612e-10
0.0254867 0.201189 -14.0327 -6.48253e-10
0.0253958 0.200871 -12.9077 -1.43179e-10
0.0253002 0.200491 -14.2639 -9.77986e-10
0.0252102 0.200066 -15.1347 -5.27619e-10
0.025111 0.199454 -15.787 -7.35705e-10
0.0250374 0.19871 -15.9004 -7.79242e-10
0.0250146 0.197945 -16.9585 -4.55235e-10
0.0250425 0.197214 -16.9877 -6.72394e-10
0.0251018 0.196617 -17.1758 -8.66608e-10
0.0251804 0.196096 -17.5633 -7.42741e-10
0.0253019 0.195502 -17.7816 -5.69464e-10
0.025443 0.194959 -17.865 -5.28908e-10
0.0255591 0.194582 -17.8306 -5.05786e-10
0.0256816 0.194228 -17.8201 -4.37083e-10
0.0257945 0.193932 -17.7421 -4.34858e-10
0.0259335 0.193598 -17.7027 -3.79594e-10
0.0261213 0.193191 -17.652 -3.25198e-10
0.0263894 0.192675 -17.6134 -2.64677e-10
0.0267664 0.192044 -17.6252 -2.33798e-10
0.0271795 0.191447 -17.7365 -2.17389e-10
0.0275134 0.191019 -17.8567 -2.59268e-10
0.0278195 0.190662 -17.9674 -3.21539e-10
0.0281347 0.190325 -18.0903 -3.42702e-10
0.0285396 0.18993 -18.1314 -3.24278e-10
0.0290095 0.189519 -18.0266 -5.01421e-10
0.0293912 0.189217 -17.9325 -3.95538e-10
0.0296715 0.189013 -17.5947 -5.91575e-10
0.0299561 0.188819 -17.3549 -5.17911e-10
0.0301893 0.188669 -17.2931 -3.87831e-10
0.0304276 0.188524 -16.8298 -4.11552e-10
0.0306613 0.18839 -16.45 -4.17853e-10
0.0308654 0.18828 -16.3061 -3.9692e-10
0.031134 0.188142 -15.8005 -4.14245e-10
0.0313756 0.188026 -15.6767 -3.55501e-10
0.0316509 0.187903 -15.1938 -2.16971e-10
0.0318964 0.1878 -14.9433 -2.32884e-10
0.032121 0.187712 -14.5058 -1.81635e-10
0.0324048 0.187609 -14.0601 -1.89299e-10
0.0326514 0.187527 -13.9159 -9.8568e-11
0.0329731 0.187429 -13.5059 -1.32166e-10
0.0332531 0.187352 -13.1852 -4.68281e-11
0.0335339 0.187283 -12.9286 7.8439e-12
0.0337628 0.187233 -12.7476 -1.86709e-11
0.0340059 0.187185 -12.6509 6.21455e-11
0.0342337 0.187145 -12.7108 2.00288e-10
0.0344593 0.18711 -12.5307 -2.81706e-10
0.0346974 0.187079 -11.8251 1.66899e-10
0.0349677 0.18705 -12.1973 8.88087e-12
0.0352492 0.187027 -12.3072 2.64354e-10
0.0356096 0.187007 -12.2662 2.68967e-10
0.0360105 0.187 -12.2076 1.13434e-10
0.0364581 0.187009 -12.2588 -5.2998e-11
0.0369749 0.187042 -12.2153 2.44462e-10
0.037616 0.187117 -12.1213 3.20009e-10
0.0382093 0.187221 -12.1279 -4.23665e-11
0.0386775 0.187327 -11.7806 4.5729e-10
0.0389954 0.187412 -11.1346 4.27062e-10
0.0392986 0.187502 -11.3283 1.80428e-10
0.0396155 0.187606 -11.1975 1.831e-10
0.0398578 0.187693 -11.0127 1.51577e-10
0.0401192 0.187795 -10.857 1.36775e-10
0.0404699 0.187943 -10.5657 1.6292e-10
0.0407879 0.18809 -10.3899 9.94338e-11
0.0411185 0.188256 -10.1175 2.04291e-10
0.0414053 0.188412 -9.82587 1.77419e-10
0.0416089 0.188529 -9.71591 1.72681e-10
0.0418142 0.188653 -9.56954 1.92319e-10
0.0420349 0.188794 -9.39512 1.72595e-10
0.0422702 0.188952 -9.26227 1.71048e-10
0.0425025 0.189117 -9.11721 2.10916e-10
0.0427194 0.18928 -9.00372 1.87453e-10
0.042929 0.189445 -8.88392 2.18606e-10
0.0431332 0.189614 -8.79684 2.71257e-10
0.043365 0.189816 -8.71859 2.64715e-10
0.0436512 0.190083 -8.59234 2.79734e-10
0.0439921 0.190427 -8.55432 4.03066e-10
0.044273 0.190734 -8.6453 4.32869e-10
0.0445299 0.191037 -8.61418 5.16705e-10
0.0447857 0.191362 -8.8387 5.75903e-10
0.0449734 0.191617 -8.93677 7.82932e-10
0.0451218 0.191831 -9.0773 8.48353e-10
0.045247 0.19202 -9.47735 9.99159e-10
0.0453692 0.192213 -10.1838 1.09759e-09
0.0454892 0.192412 -10.1123 9.46298e-10
0.0456034 0.19261 -10.8079 1.4174e-09
0.0457131 0.19281 -11.2126 1.2947e-09
0.0458276 0.19303 -11.8574 1.58483e-09
0.0459535 0.193287 -12.2691 1.66131e-09
0.0461123 0.193637 -12.9112 2.01681e-09
0.0462594 0.193995 -13.5275 2.34952e-09
0.0463721 0.194296 -13.8913 2.60489e-09
0.0464666 0.194572 -14.06 2.66121e-09
0.0465586 0.194866 -14.6673 2.19298e-09
0.0466405 0.195156 -14.8197 2.66439e-09
0.0467131 0.195443 -14.5805 2.56692e-09
0.0467951 0.195814 -14.8043 2.2233e-09
0.0468917 0.196361 -14.0121 2.02506e-09
0.0469826 0.197163 -12.6191 -1.11937e-09
