x y fp fmu
0.0481004 0.198 -9.3987 1.40017e-08
0.048069 0.198831 -8.23266 3.82972e-11
0.0479655 0.199717 -6.35611 1.02564e-10
0.0478106 0.200508 -3.93647 3.63926e-10
0.0476634 0.20107 -2.51324 7.03925e-10
0.0475415 0.201462 -1.57066 3.11222e-10
0.0474297 0.201782 -0.713026 6.20034e-10
0.0473044 0.202108 1.01338 7.63161e-10
0.0471613 0.202447 0.221636 -6.8995e-11
0.0470031 0.202789 2.2194 -3.7682e-10
0.0468247 0.203142 2.99195 -6.67413e-11
0.04659 0.203563 4.39144 -4.61957e-12
0.0462288 0.204138 6.13808 -1.57582e-10
0.0458221 0.204703 7.82476 -2.43193e-10
0.0454557 0.205155 9.15271 -4.713e-10
0.0450278 0.205626 10.6796 -4.36836e-10
0.0446796 0.205972 11.7568 -3.51048e-10
0.0443877 0.20624 12.3692 -4.57405e-10
0.0441696 0.206428 12.879 -1.00908e-10
0.043968 0.206593 13.6263 -6.60334e-10
0.0437649 0.206751 13.8987 -5.10385e-10
0.0435519 0.206909 14.4665 -4.82226e-10
0.0433256 0.207069 14.8555 -4.57255e-10
0.0430985 0.207221 15.1798 -1.48664e-10
0.0428794 0.20736 15.4699 -3.5693e-10
0.0426754 0.207483 15.9437 -4.78252e-10
0.0424131 0.207632 16.5833 -3.63048e-10
0.0421752 0.207759 16.6604 -4.29522e-12
0.0418487 0.207922 17.3791 1.61732e-10
0.0414966 0.208083 17.7721 -1.25348e-09
0.0411621 0.208223 17.3397 -4.16225e-10
0.0408986 0.208323 17.9573 -2.87238e-10
0.0406138 0.208424 18.1716 -4.02479e-10
0.0403293 0.208515 18.4354 -1.57975e-10
0.0400152 0.208607 18.477 -2.73623e-10
0.0397348 0.20868 18.8726 -3.2233e-10
0.039487 0.208738 18.8152 -8.05535e-11
0.0392471 0.208788 18.4016 1.76443e-11
0.0390171 0.208832 18.5843 -3.20822e-10
0.0387991 0.208868 18.7379 -1.72654e-10
0.038577 0.2089 18.8468 -1.87126e-10
0.0383339 0.208931 18.7222 -7.78574e-11
0.0380479 0.208959 18.3743 -1.31672e-10
0.0377011 0.208984 18.4477 -3.09929e-10
0.0372341 0.208999 18.2282 -6.96695e-11
0.0367395 0.208994 17.7816 -5.34154e-11
0.0362728 0.208969 17.3987 1.78125e-11
0.0358082 0.208924 16.9888 1.26071e-10
0.0353578 0.208861 15.7243 -2.21538e-10
0.0349083 0.208779 15.9042 -5.34552e-10
0.0344467 0.208675 15.245 1.72693e-10
0.0341317 0.208592 14.2967 1.78411e-10
0.0338319 0.208503 13.795 -6.97432e-11
0.0335491 0.208411 13.3722 2.73503e-10
0.0333015 0.208323 12.9394 2.56906e-10
0.0330705 0.208235 12.1357 -9.30676e-11
0.0328546 0.208148 11.5652 2.36981e-10
0.032582 0.208029 11.3896 1.01821e-10
0.0322201 0.207858 10.4356 5.33281e-11
0.0318934 0.20769 9.75439 1.30046e-10
0.0315733 0.207511 8.82794 6.55812e-11
0.0313353 0.207368 7.90589 1.43685e-10
0.0311233 0.207234 7.30911 -1.22313e-10
0.0308845 0.207075 6.56145 2.13868e-10
0.0305602 0.206845 5.63445 5.4345e-11
0.0300972 0.206483 4.09282 1.70315e-10
0.0295019 0.205954 1.71792 2.33987e-10
0.0288842 0.205314 -0.798593 -3.52167e-11
0.0283354 0.204646 -3.34885 -6.533e-10
0.0278813 0.204001 -5.70791 -3.70808e-10
0.0274824 0.203338 -7.82607 -4.92407e-10
0.0272071 0.202809 -9.33252 -6.27414e-10
0.0270178 0.202398 -10.7899 -5.57968e-10
0.0268772 0.20206 -11.4576 -3.60644e-10
0.0267631 0.20176 -12.1555 -7.68928e-10
0.0266622 0.201471 -13.9876 -2.18772e-10
0.0265727 0.201189 -15.1873 -6.86122e-10
0.0264817 0.200871 -12.4578 3.1705e-10
0.0263861 0.200491 -15.1446 -1.37885e-09
0.0262962 0.200066 -16.6227 -4.55355e-10
0.026197 0.199454 -17.3504 -1.41424e-09
0.0261234 0.19871 -17.4557 -1.20138e-09
0.0261005 0.197945 -19.6318 -3.97388e-10
0.0261285 0.197214 -19.2841 -1.34122e-09
0.0261877 0.196617 -19.4859 -1.43564e-09
0.0262664 0.196096 -19.8325 -1.0428e-09
0.0263878 0.195502 -19.984 -6.87695e-10
0.026529 0.194959 -20.0663 -5.88296e-10
0.0266451 0.194582 -20.0888 -5.98406e-10
0.0267675 0.194228 -20.206 -6.22362e-10
0.0268804 0.193932 -20.2621 -6.26605e-10
0.0270195 0.193598 -20.3851 -6.69337e-10
0.0272073 0.193191 -20.4878 -6.61694e-10
0.0274754 0.192675 -20.5257 -6.20073e-10
0.0278523 0.192044 -20.4034 -5.44298e-10
0.0282655 0.191447 -20.1804 -4.0415e-10
0.0285993 0.191019 -19.9978 -3.3551e-10
0.0289055 0.190662 -19.8532 -2.9805e-10
0.0292206 0.190325 -19.7728 -2.83531e-10
0.0296256 0.18993 -19.6753 -1.94292e-10
0.0300954 0.189519 -19.769 -2.10947e-10
0.0304772 0.189217 -19.8332 -1.42124e-10
0.0307574 0.189013 -19.8751 -2.30487e-10
0.031042 0.188819 -20.1047 -3.43747e-10
0.0312752 0.188669 -20.0978 -2.63654e-10
0.0315135 0.188524 -20.0539 -3.87484e-10
0.0317473 0.18839 -20.1435 -3.56727e-10
0.0319514 0.18828 -20.1203 -3.68174e-10
0.03222 0.188142 -20.0337 -4.15853e-10
0.0324615 0.188026 -20.0543 -3.42997e-10
0.0327368 0.187903 -19.8341 -2.82574e-10
0.0329824 0.1878 -19.7148 -3.28481e-10
0.0332069 0.187712 -19.3399 -3.51445e-10
0.0334907 0.187609 -19.0902 -4.66115e-10
0.0337374 0.187527 -19.0706 -2.27106e-10
0.0340591 0.187429 -18.4283 -5.4155e-10
0.034339 0.187352 -18.0425 -3.49318e-10
0.0346198 0.187283 -17.6523 -4.15495e-10
0.0348488 0.187233 -17.4378 -3.256e-10
0.0350919 0.187185 -16.8287 -4.39964e-10
0.0353197 0.187145 -15.9827 -6.75646e-10
0.0355452 0.18711 -15.9294 -4.99662e-11
0.0357834 0.187079 -16.3875 -4.73611e-10
0.0360536 0.18705 -15.2594 -1.74797e-10
0.0363352 0.187027 -14.57 -4.80352e-10
0.0366955 0.187007 -13.9062 -3.83409e-10
0.0370964 0.187 -13.1914 -1.83685e-10
0.0375441 0.187009 -12.3245 -1.34705e-10
0.0380609 0.187042 -11.4242 -2.79276e-10
0.0387019 0.187117 -10.4578 -1.98101e-10
0.0392953 0.187221 -9.74609 -1.1384e-10
0.0397634 0.187327 -9.15254 2.10639e-11
0.0400813 0.187412 -8.69301 1.04767e-10
0.0403845 0.187502 -8.57468 2.46785e-11
0.0407014 0.187606 -8.3327 3.71106e-11
0.0409438 0.187693 -8.10027 1.42862e-11
0.0412051 0.187795 -7.88229 3.12072e-11
0.0415558 0.187943 -7.57427 5.88369e-11
0.0418739 0.18809 -7.35757 4.45863e-11
0.0422044 0.188256 -7.06047 1.23789e-10
0.0424913 0.188412 -6.81638 1.11143e-10
0.0426948 0.188529 -6.67742 1.13889e-10
0.0429002 0.188653 -6.52272 1.35206e-10
0.0431208 0.188794 -6.32226 8.51856e-11
0.0433561 0.188952 -6.12123 1.07369e-10
0.0435884 0.189117 -5.92132 1.14482e-10
0.0438053 0.18928 -5.71161 1.01306e-10
0.044015 0.189445 -5.51119 1.12346e-10
0.0442192 0.189614 -5.31629 6.16368e-11
0.0444509 0.189816 -5.0861 9.19227e-11
0.0447372 0.190083 -4.80853 1.01676e-10
0.045078 0.190427 -4.50378 9.32898e-11
0.045359 0.190734 -4.26592 1.02228e-10
0.0456158 0.191037 -4.00268 1.19869e-10
0.0458716 0.191362 -3.78952 9.31677e-11
0.0460594 0.191617 -3.60373 1.25913e-10
0.0462078 0.191831 -3.48119 9.75172e-11
0.0463329 0.19202 -3.48984 1.33698e-10
0.0464552 0.192213 -3.52593 2.05572e-10
0.0465752 0.192412 -3.32345 9.7045e-11
0.0466893 0.19261 -3.4798 2.91053e-10
0.046799 0.19281 -3.49625 2.05054e-10
0.0469136 0.19303 -3.69774 3.72256e-10
0.0470395 0.193287 -3.79114 3.65424e-10
0.0471982 0.193637 -4.31917 6.02663e-10
0.0473454 0.193995 -5.14376 8.26153e-10
0.0474581 0.194296 -5.70488 1.18273e-09
0.0475526 0.194572 -6.47725 1.43406e-09
0.0476445 0.194866 -7.28141 1.57755e-09
0.0477265 0.195156 -7.67201 1.61162e-09
0.047799 0.195443 -8.21777 1.90321e-09
0.0478811 0.195814 -8.91284 1.85495e-09
0.0479777 0.196361 -9.4229 1.75793e-09
0.0480685 0.197163 -9.56305 -5.10902e-10
