x y fp fmu
0.0481544 0.198 -7.9507 6.05482e-09
0.048123 0.198831 -7.95429 4.44192e-10
0.0480195 0.199717 -6.82655 4.22897e-10
0.0478646 0.200508 -5.34734 4.22031e-10
0.0477174 0.20107 -4.29266 6.93879e-10
0.0475955 0.201462 -3.59837 4.40535e-10
0.0474837 0.201782 -2.89605 6.45006e-10
0.0473584 0.202108 -1.64215 7.5351e-10
0.0472153 0.202447 -1.93625 2.06394e-10
0.047057 0.202789 -0.40834 3.88515e-12
0.0468787 0.203142 0.31656 1.98308e-10
0.046644 0.203563 1.55094 2.59173e-10
0.0462828 0.204138 3.15359 1.37443e-10
0.0458761 0.204703 4.80891 6.61812e-11
0.0455097 0.205155 6.15533 -1.22783e-10
0.0450818 0.205626 7.69556 -1.0727e-10
0.0447336 0.205972 8.81846 -5.7576e-11
0.0444417 0.20624 9.52575 -1.6749e-10
0.0442236 0.206428 10.1203 1.63392e-10
0.0440219 0.206593 10.859 -3.3844e-10
0.0438189 0.206751 11.2064 -2.19607e-10
0.0436059 0.206909 11.8451 -1.98001e-10
0.0433796 0.207069 12.2949 -2.06357e-10
0.0431525 0.207221 12.7298 1.14401e-10
0.0429334 0.20736 13.1115 -1.30269e-10
0.0427294 0.207483 13.6807 -2.34457e-10
0.0424671 0.207632 14.3845 -1.21295e-10
0.0422292 0.207759 14.5468 1.94116e-10
0.0419027 0.207922 15.5919 4.89046e-10
0.0415506 0.208083 15.933 -1.37518e-09
0.0412161 0.208223 15.6516 -2.79036e-10
0.0409526 0.208323 16.4732 -1.44664e-10
0.0406678 0.208424 16.8375 -2.5809e-10
0.0403833 0.208515 17.2081 7.15633e-11
0.0400692 0.208607 17.4329 -1.01327e-10
0.0397888 0.20868 18.0914 -1.48732e-10
0.039541 0.208738 17.8351 -4.83494e-11
0.0393011 0.208788 17.6159 1.7273e-10
0.0390711 0.208832 18.1372 -1.75739e-10
0.0388531 0.208868 18.3751 2.81891e-11
0.038631 0.2089 18.5927 -3.54341e-11
0.0383879 0.208931 18.4614 -2.06119e-12
0.0381019 0.208959 18.3477 1.31035e-10
0.0377551 0.208984 18.6494 -1.33461e-10
0.0372881 0.208999 18.619 8.49038e-11
0.0367935 0.208994 18.4542 1.15935e-10
0.0363268 0.208969 18.3404 1.68975e-10
0.0358622 0.208924 18.1169 3.16273e-10
0.0354118 0.208861 17.2178 1.04666e-10
0.0349623 0.208779 17.5795 -2.63158e-10
0.0345007 0.208675 17.0283 4.1362e-10
0.0341857 0.208592 16.32 3.90952e-10
0.0338859 0.208503 15.9705 2.12104e-10
0.0336031 0.208411 15.6782 4.88183e-10
0.0333555 0.208323 15.3371 5.58474e-10
0.0331245 0.208235 14.5918 2.23139e-10
0.0329086 0.208148 14.2363 4.36684e-10
0.032636 0.208029 14.1279 3.90516e-10
0.0322741 0.207858 13.2818 3.5799e-10
0.0319474 0.20769 12.7095 4.7848e-10
0.0316272 0.207511 11.8697 4.43856e-10
0.0313893 0.207368 11.0148 4.82396e-10
0.0311773 0.207234 10.4661 2.42239e-10
0.0309385 0.207075 9.78299 5.83098e-10
0.0306142 0.206845 8.91144 4.35838e-10
0.0301512 0.206483 7.42204 6.07664e-10
0.0295559 0.205954 5.03006 7.38397e-10
0.0289382 0.205314 2.4423 5.6022e-10
0.0283894 0.204646 -0.307941 -1.58617e-10
0.0279353 0.204001 -2.88945 2.09015e-10
0.0275364 0.203338 -5.3229 1.42579e-10
0.0272611 0.202809 -7.10973 -6.75659e-11
0.0270718 0.202398 -9.02883 -6.70776e-12
0.0269312 0.20206 -9.76341 1.79539e-10
0.0268171 0.20176 -10.6281 -4.43791e-10
0.0267162 0.201471 -13.2847 4.4383e-10
0.0266267 0.201189 -15.1908 -3.59143e-10
0.0265357 0.200871 -10.4837 1.65839e-09
0.0264401 0.200491 -15.028 -1.65825e-09
0.0263502 0.200066 -17.6631 2.06677e-10
0.0262509 0.199454 -18.9395 -1.86101e-09
0.0261774 0.19871 -18.1487 -1.30533e-09
0.0261545 0.197945 -23.4193 -8.65281e-10
0.0261825 0.197214 -20.2051 -4.14074e-09
0.0262417 0.196617 -21.6773 -4.94207e-09
0.0263204 0.196096 -23.2748 -3.37483e-09
0.0264418 0.195502 -24.0596 -1.86367e-09
0.026583 0.194959 -24.1887 -1.87647e-09
0.0266991 0.194582 -24.0693 -1.91614e-09
0.0268215 0.194228 -24.0565 -1.74158e-09
0.0269344 0.193932 -23.7785 -1.66944e-09
0.0270735 0.193598 -23.5453 -1.38539e-09
0.0272612 0.193191 -23.2537 -1.08993e-09
0.0275294 0.192675 -22.9056 -8.71499e-10
0.0279063 0.192044 -22.6493 -7.77583e-10
0.0283195 0.191447 -22.5848 -7.31672e-10
0.0286533 0.191019 -22.5595 -6.86936e-10
0.0289595 0.190662 -22.5178 -6.60448e-10
0.0292746 0.190325 -22.5063 -6.19649e-10
0.0296796 0.18993 -22.3568 -5.20301e-10
0.0301494 0.189519 -22.2011 -5.62994e-10
0.0305311 0.189217 -22.0542 -4.23074e-10
0.0308114 0.189013 -21.8415 -4.63032e-10
0.031096 0.188819 -21.8696 -4.78197e-10
0.0313292 0.188669 -21.7181 -3.89201e-10
0.0315675 0.188524 -21.5855 -4.37944e-10
0.0318013 0.18839 -21.6558 -3.94026e-10
0.0320054 0.18828 -21.5935 -3.46712e-10
0.0322739 0.188142 -21.6234 -3.48737e-10
0.0325155 0.188026 -21.6357 -2.61275e-10
0.0327908 0.187903 -21.6059 -2.52785e-10
0.0330363 0.1878 -21.5693 -2.57836e-10
0.0332609 0.187712 -21.4127 -2.92592e-10
0.0335447 0.187609 -21.48 -3.68769e-10
0.0337914 0.187527 -21.5418 -1.42053e-10
0.0341131 0.187429 -21.2184 -3.91039e-10
0.034393 0.187352 -21.1383 -2.74427e-10
0.0346738 0.187283 -21.0257 -3.41184e-10
0.0349027 0.187233 -20.9663 -2.4214e-10
0.0351458 0.187185 -20.5123 -3.61881e-10
0.0353736 0.187145 -19.9353 -6.41006e-10
0.0355992 0.18711 -20.2207 1.18668e-10
0.0358374 0.187079 -20.7793 -3.17577e-10
0.0361076 0.18705 -19.6752 -9.06674e-11
0.0363891 0.187027 -19.1777 -4.31243e-10
0.0367495 0.187007 -18.7747 -4.23518e-10
0.0371504 0.187 -18.22 -1.47484e-10
0.0375981 0.187009 -17.3982 -3.17983e-11
0.0381149 0.187042 -16.4441 -2.96043e-10
0.0387559 0.187117 -15.1287 -5.18122e-10
0.0393493 0.187221 -13.6661 -1.38161e-10
0.0398174 0.187327 -12.9599 -4.97834e-10
0.0401353 0.187412 -12.7933 -7.18017e-10
0.0404385 0.187502 -11.6403 -2.75038e-10
0.0407554 0.187606 -10.9639 -3.91484e-10
0.0409978 0.187693 -10.494 -1.35224e-10
0.0412591 0.187795 -10.0577 -1.87228e-10
0.0416098 0.187943 -9.44966 -1.54905e-10
0.0419279 0.18809 -8.77808 -1.75894e-10
0.0422584 0.188256 -8.58132 -8.37691e-11
0.0425452 0.188412 -8.09275 -1.50825e-10
0.0427488 0.188529 -7.79895 -9.38254e-11
0.0429542 0.188653 -7.60557 -7.27799e-11
0.0431748 0.188794 -7.35393 -1.36409e-10
0.0434101 0.188952 -7.07963 -3.80056e-11
0.0436424 0.189117 -6.86699 -1.06291e-11
0.0438593 0.18928 -6.65453 -1.45642e-11
0.0440689 0.189445 -6.45447 2.07929e-11
0.0442732 0.189614 -6.27295 -3.99089e-11
0.0445049 0.189816 -6.04717 5.58449e-12
0.0447912 0.190083 -5.78277 2.12284e-11
0.045132 0.190427 -5.46645 -3.17925e-11
0.045413 0.190734 -5.19564 -5.90303e-12
0.0456698 0.191037 -4.96552 4.70982e-11
0.0459256 0.191362 -4.74274 4.99792e-11
0.0461134 0.191617 -4.58379 7.02909e-11
0.0462618 0.191831 -4.4542 9.13115e-11
0.0463869 0.19202 -4.34743 6.80505e-11
0.0465092 0.192213 -4.23089 4.37035e-11
0.0466292 0.192412 -4.12943 7.96701e-11
0.0467433 0.19261 -3.98948 3.26854e-11
0.046853 0.19281 -3.87457 4.44379e-11
0.0469676 0.19303 -3.74002 1.22423e-11
0.0470935 0.193287 -3.59556 1.07896e-11
0.0472522 0.193637 -3.43655 -1.77395e-11
0.0473994 0.193995 -3.32675 -1.57332e-11
0.0475121 0.194296 -3.26838 -4.18967e-12
0.0476066 0.194572 -3.33049 -6.00111e-12
0.0476985 0.194866 -3.37378 5.80185e-11
0.0477804 0.195156 -3.48401 1.5048e-11
0.047853 0.195443 -3.82114 9.32484e-11
0.047935 0.195814 -4.24669 3.40377e-10
0.0480316 0.196361 -5.17296 7.25443e-10
0.0481225 0.197163 -7.04381 5.15991e-10
