x y fp fmu
0.0420525 0.198 -16.4139 2.4701e-09
0.042021 0.198831 -15.8314 2.16026e-10
0.0419176 0.199717 -15.1601 4.51638e-10
0.0417626 0.200508 -14.1139 5.82235e-10
0.0416155 0.20107 -13.3389 8.28783e-10
0.0414936 0.201462 -12.8406 7.1291e-10
0.0413818 0.201782 -12.1837 1.05471e-09
0.0412565 0.202108 -11.0859 8.74796e-10
0.0411134 0.202447 -11.8575 6.82151e-10
0.0409551 0.202789 -10.219 2.77829e-10
0.0407768 0.203142 -9.655 5.72318e-10
0.0405421 0.203563 -8.41784 5.51528e-10
0.0401809 0.204138 -6.8343 5.14983e-10
0.0397742 0.204703 -5.20379 4.39718e-10
0.0394077 0.205155 -3.81039 2.38741e-10
0.0389798 0.205626 -2.02018 2.77453e-10
0.0386317 0.205972 -0.681704 3.41112e-10
0.0383397 0.20624 0.147648 1.35478e-10
0.0381216 0.206428 1.09644 5.63423e-10
0.03792 0.206593 1.97538 -7.32706e-11
0.0377169 0.206751 2.39494 8.81479e-11
0.037504 0.206909 3.3468 8.05735e-11
0.0372777 0.207069 3.89495 1.39862e-11
0.0370506 0.207221 4.55173 3.66002e-10
0.0368315 0.20736 5.09488 6.08041e-11
0.0366274 0.207483 6.04935 3.92843e-11
0.0363652 0.207632 6.98312 1.78644e-10
0.0361273 0.207759 7.2382 6.01638e-10
0.0358008 0.207922 9.53241 1.2236e-09
0.0354487 0.208083 9.14681 -2.3656e-09
0.0351142 0.208223 9.32144 -4.70083e-10
0.0348507 0.208323 10.6713 2.43393e-12
0.0345659 0.208424 11.3985 -1.10136e-10
0.0342814 0.208515 12.0243 3.21628e-10
0.0339673 0.208607 12.6915 1.61597e-10
0.0336869 0.20868 13.8941 4.19129e-11
0.033439 0.208738 13.1853 -1.16434e-10
0.0331992 0.208788 13.5347 2.86353e-10
0.0329692 0.208832 14.6843 3.43668e-11
0.0327512 0.208868 15.0569 2.72422e-10
0.0325291 0.2089 15.5362 1.61067e-10
0.0322859 0.208931 15.4384 1.30968e-11
0.032 0.208959 15.9124 4.18732e-10
0.0316532 0.208984 16.6457 7.94859e-11
0.0311862 0.208999 17.1018 2.07811e-10
0.0306916 0.208994 17.5783 2.30785e-10
0.0302249 0.208969 18.0697 2.04659e-10
0.0297603 0.208924 18.2226 3.77517e-10
0.0293099 0.208861 18.2996 4.5092e-10
0.0288604 0.208779 18.9206 1.21344e-10
0.0283988 0.208675 18.6289 5.36531e-10
0.0280838 0.208592 18.5274 4.81799e-10
0.027784 0.208503 18.5322 4.52734e-10
0.0275011 0.208411 18.5144 5.53445e-10
0.0272536 0.208323 18.3601 7.1307e-10
0.0270226 0.208235 17.9022 4.88731e-10
0.0268067 0.208148 18.0385 4.7997e-10
0.0265341 0.208029 17.9981 5.35319e-10
0.0261721 0.207858 17.5917 5.07452e-10
0.0258455 0.20769 17.2995 6.30093e-10
0.0255253 0.207511 16.75 6.68178e-10
0.0252873 0.207368 16.2451 6.59586e-10
0.0250754 0.207234 15.9368 5.05935e-10
0.0248366 0.207075 15.5413 7.49831e-10
0.0245123 0.206845 15.0173 6.04509e-10
0.0240492 0.206483 13.993 8.07574e-10
0.023454 0.205954 12.3244 9.45751e-10
0.0228363 0.205314 10.3704 6.9249e-10
0.0222874 0.204646 8.09108 1.84564e-10
0.0218334 0.204001 5.98904 3.19786e-10
0.0214345 0.203338 3.93086 1.91517e-10
0.0211592 0.202809 2.25738 3.23272e-11
0.0209699 0.202398 0.629636 -3.06197e-11
0.0208293 0.20206 -0.255322 1.84278e-10
0.0207152 0.20176 -1.30772 -3.41895e-10
0.0206143 0.201471 -3.23307 3.41071e-10
0.0205248 0.201189 -4.27764 -8.3184e-10
0.0204338 0.200871 -2.40812 5.05196e-10
0.0203382 0.200491 -5.79853 -6.85102e-10
0.0202483 0.200066 -7.63132 6.39895e-11
0.020149 0.199454 -9.25188 -1.39605e-09
0.0200754 0.19871 -9.84309 -2.24421e-09
0.0200526 0.197945 -14.399 -8.11744e-11
0.0200806 0.197214 -13.3898 -3.41983e-09
0.0201398 0.196617 -14.8443 -4.02661e-09
0.0202184 0.196096 -16.6179 -2.94995e-09
0.0203399 0.195502 -17.2581 -2.46807e-09
0.0204811 0.194959 -17.0287 -2.82846e-09
0.0205971 0.194582 -16.4354 -2.99176e-09
0.0207196 0.194228 -15.9962 -2.88908e-09
0.0208325 0.193932 -15.4434 -2.66055e-09
0.0209716 0.193598 -14.7082 -2.38509e-09
0.0211593 0.193191 -13.7741 -1.91658e-09
0.0214275 0.192675 -12.5873 -1.40106e-09
0.0218044 0.192044 -11.0236 -1.09427e-09
0.0222176 0.191447 -10.3432 -6.93958e-10
0.0225514 0.191019 -10.145 -4.79277e-10
0.0228575 0.190662 -10.0479 -4.04575e-10
0.0231727 0.190325 -10.0979 -3.48751e-10
0.0235776 0.18993 -10.2842 -2.86059e-10
0.0240475 0.189519 -10.4874 -2.52857e-10
0.0244292 0.189217 -10.732 -2.1881e-10
0.0247095 0.189013 -10.8747 -2.20957e-10
0.0249941 0.188819 -11.1036 -2.19889e-10
0.0252273 0.188669 -11.2447 -1.96056e-10
0.0254656 0.188524 -11.3659 -2.26406e-10
0.0256993 0.18839 -11.5767 -2.21223e-10
0.0259035 0.18828 -11.7106 -1.94601e-10
0.026172 0.188142 -11.9256 -1.93688e-10
0.0264136 0.188026 -12.0886 -1.59954e-10
0.0266889 0.187903 -12.2761 -1.68668e-10
0.0269344 0.1878 -12.4143 -1.50255e-10
0.027159 0.187712 -12.5208 -1.87528e-10
0.0274428 0.187609 -12.7819 -1.98253e-10
0.0276895 0.187527 -12.9494 -1.05564e-10
0.0280112 0.187429 -13.0663 -2.00445e-10
0.0282911 0.187352 -13.2402 -1.84106e-10
0.0285719 0.187283 -13.4124 -2.19653e-10
0.0288008 0.187233 -13.5589 -1.31817e-10
0.0290439 0.187185 -13.5328 -2.12133e-10
0.0292717 0.187145 -13.2359 -4.65232e-10
0.0294973 0.18711 -13.4552 2.51179e-10
0.0297355 0.187079 -14.6583 -3.06432e-10
0.0300057 0.18705 -14.0217 -5.03121e-11
0.0302872 0.187027 -13.8422 -3.33703e-10
0.0306476 0.187007 -13.8392 -2.75421e-10
0.0310485 0.187 -13.8744 -6.41075e-11
0.0314961 0.187009 -13.7828 5.56625e-11
0.032013 0.187042 -13.6903 -2.4064e-10
0.032654 0.187117 -13.5579 -3.10713e-10
0.0332473 0.187221 -13.362 3.12448e-11
0.0337155 0.187327 -13.4507 -2.76061e-10
0.0340334 0.187412 -13.8677 -1.91947e-10
0.0343366 0.187502 -13.7476 -4.50697e-11
0.0346535 0.187606 -13.9077 9.31095e-12
0.0348959 0.187693 -14.0906 4.66702e-11
0.0351572 0.187795 -14.3 9.17747e-11
0.0355079 0.187943 -14.6373 1.44983e-10
0.0358259 0.18809 -15.162 2.2184e-10
0.0361565 0.188256 -15.1028 2.54886e-10
0.0364433 0.188412 -15.6141 3.98856e-10
0.0366469 0.188529 -15.9782 3.09533e-10
0.0368523 0.188653 -16.1329 3.24498e-10
0.0370729 0.188794 -16.4407 4.74078e-10
0.0373082 0.188952 -16.817 3.16995e-10
0.0375405 0.189117 -16.9853 3.54669e-10
0.0377574 0.18928 -17.2077 4.07356e-10
0.037967 0.189445 -17.3679 3.902e-10
0.0381712 0.189614 -17.4944 5.13329e-10
0.038403 0.189816 -17.6638 4.15804e-10
0.0386892 0.190083 -17.7663 4.49062e-10
0.0390301 0.190427 -17.7608 4.49047e-10
0.039311 0.190734 -17.7965 2.87962e-10
0.0395679 0.191037 -17.7449 3.33751e-10
0.0398237 0.191362 -17.6119 3.14863e-10
0.0400115 0.191617 -17.5605 2.98456e-10
0.0401598 0.191831 -17.4591 3.38977e-10
0.040285 0.19202 -17.301 2.917e-10
0.0404072 0.192213 -17.2495 2.06444e-10
0.0405273 0.192412 -17.3147 3.42549e-10
0.0406414 0.19261 -17.1597 2.11764e-10
0.0407511 0.19281 -17.1213 2.87469e-10
0.0408657 0.19303 -17.044 2.32597e-10
0.0409916 0.193287 -17.0195 2.68442e-10
0.0411503 0.193637 -16.9305 2.68468e-10
0.0412975 0.193995 -16.8794 2.66747e-10
0.0414102 0.194296 -16.8544 3.05034e-10
0.0415047 0.194572 -16.7889 3.18902e-10
0.0415966 0.194866 -16.8285 3.09545e-10
0.0416785 0.195156 -16.7907 3.97126e-10
0.0417511 0.195443 -16.759 4.11239e-10
0.0418331 0.195814 -16.7663 4.24245e-10
0.0419297 0.196361 -16.5798 5.42551e-10
0.0420206 0.197163 -16.4903 1.33805e-10
