x y fp fmu
0.0405521 0.198 -20.2729 1.24021e-08
0.0405206 0.198831 -18.701 8.64804e-10
0.0404172 0.199717 -17.6776 5.61345e-10
0.0402622 0.200508 -15.2737 4.02788e-10
0.040115 0.20107 -13.4813 1.19134e-09
0.0399931 0.201462 -12.5564 8.43645e-10
0.0398814 0.201782 -11.4077 1.75216e-09
0.0397561 0.202108 -8.90607 1.13737e-09
0.039613 0.202447 -11.6287 8.21284e-10
0.0394547 0.202789 -8.47453 -4.88067e-10
0.0392764 0.203142 -7.69164 3.52417e-10
0.0390417 0.203563 -5.97431 2.24028e-10
0.0386804 0.204138 -3.83587 2.15414e-10
0.0382737 0.204703 -1.7872 5.70371e-11
0.0379073 0.205155 -0.179365 -2.01861e-10
0.0374794 0.205626 1.82355 -1.69103e-10
0.0371312 0.205972 3.23622 -7.71793e-11
0.0368393 0.20624 4.00872 -3.11507e-10
0.0366212 0.206428 4.99809 1.80802e-10
0.0364196 0.206593 5.96026 -5.45256e-10
0.0362165 0.206751 6.33095 -3.14544e-10
0.0360036 0.206909 7.30456 -3.28569e-10
0.0357773 0.207069 7.82572 -3.44071e-10
0.0355502 0.207221 8.3972 -1.14631e-11
0.035331 0.20736 8.91004 -2.86761e-10
0.035127 0.207483 9.82792 -3.20446e-10
0.0348648 0.207632 10.717 -1.88698e-10
0.0346269 0.207759 10.9196 3.25628e-10
0.0343004 0.207922 12.8417 7.50515e-10
0.0339483 0.208083 12.6358 -2.15312e-09
0.0336138 0.208223 12.6657 -7.17427e-10
0.0333503 0.208323 13.7704 -2.37365e-10
0.0330654 0.208424 14.3382 -3.85715e-10
0.032781 0.208515 14.8559 -1.38883e-11
0.0324669 0.208607 15.3273 -1.23549e-10
0.0321865 0.20868 16.2617 -2.5099e-10
0.0319386 0.208738 15.8474 -1.63789e-10
0.0316988 0.208788 15.913 4.19288e-11
0.0314688 0.208832 16.7159 -2.45735e-10
0.0312508 0.208868 17.0167 -3.37096e-11
0.0310287 0.2089 17.3793 -8.65268e-11
0.0307855 0.208931 17.2875 -1.36355e-10
0.0304996 0.208959 17.4736 5.00328e-11
0.0301527 0.208984 17.9717 -2.2545e-10
0.0296857 0.208999 18.2213 -4.43033e-11
0.0291912 0.208994 18.4013 -2.68094e-11
0.0287244 0.208969 18.613 1.48963e-11
0.0282599 0.208924 18.6185 1.59895e-10
0.0278095 0.208861 18.248 5.54995e-11
0.02736 0.208779 18.7641 -2.83347e-10
0.0268984 0.208675 18.419 2.81463e-10
0.0265834 0.208592 18.0874 2.23952e-10
0.0262836 0.208503 17.94 8.25926e-11
0.0260007 0.208411 17.8096 3.18615e-10
0.0257532 0.208323 17.6011 3.66023e-10
0.0255222 0.208235 17.0661 8.72437e-11
0.0253063 0.208148 16.9909 2.31774e-10
0.0250337 0.208029 16.8999 2.21608e-10
0.0246717 0.207858 16.3748 1.72603e-10
0.0243451 0.20769 15.9973 2.71123e-10
0.0240249 0.207511 15.4185 2.49445e-10
0.0237869 0.207368 14.8614 2.60152e-10
0.0235749 0.207234 14.4896 5.99882e-11
0.0233362 0.207075 14.0366 3.67922e-10
0.0230119 0.206845 13.4344 2.33141e-10
0.0225488 0.206483 12.3893 4.21541e-10
0.0219536 0.205954 10.7226 5.67295e-10
0.0213359 0.205314 8.83302 2.91706e-10
0.020787 0.204646 6.79752 -2.64203e-10
0.020333 0.204001 4.87814 7.29455e-12
0.0199341 0.203338 3.06019 -6.35219e-11
0.0196588 0.202809 1.72663 -2.93757e-10
0.0194695 0.202398 0.467016 -3.37073e-10
0.0193289 0.20206 -0.193752 -1.68954e-10
0.0192148 0.20176 -0.910308 -6.26257e-10
0.0191139 0.201471 -2.30181 -2.80369e-11
0.0190244 0.201189 -3.21638 -8.53704e-10
0.0189334 0.200871 -1.96621 7.19817e-11
0.0188378 0.200491 -4.05048 -8.25897e-10
0.0187478 0.200066 -5.21381 -3.60657e-10
0.0186486 0.199454 -6.38338 -1.19939e-09
0.018575 0.19871 -6.6414 -1.64048e-09
0.0185522 0.197945 -8.65693 -6.36823e-10
0.0185802 0.197214 -8.16138 -2.05702e-09
0.0186394 0.196617 -8.03673 -2.40823e-09
0.018718 0.196096 -7.6175 -1.99679e-09
0.0188395 0.195502 -6.46609 -1.3972e-09
0.0189807 0.194959 -5.48288 -8.38945e-10
0.0190967 0.194582 -4.75612 -6.08497e-10
0.0192192 0.194228 -4.15699 -3.47398e-10
0.0193321 0.193932 -3.86664 -3.24866e-10
0.0194711 0.193598 -3.65595 -1.69604e-10
0.0196589 0.193191 -3.53191 -1.52393e-10
0.019927 0.192675 -3.62994 -9.81356e-11
0.020304 0.192044 -3.95856 -1.06757e-10
0.0207171 0.191447 -4.36256 -1.0572e-10
0.021051 0.191019 -4.6894 -1.00709e-10
0.0213571 0.190662 -4.9863 -8.65827e-11
0.0216723 0.190325 -5.29731 -9.25956e-11
0.0220772 0.18993 -5.70398 -4.65867e-11
0.0225471 0.189519 -6.18316 -1.06919e-10
0.0229288 0.189217 -6.52953 -6.56436e-11
0.0232091 0.189013 -6.76041 -8.00626e-11
0.0234937 0.188819 -7.00428 -1.33768e-10
0.0237269 0.188669 -7.16487 -1.01574e-10
0.0239652 0.188524 -7.33354 -1.03514e-10
0.0241989 0.18839 -7.51565 -9.14184e-11
0.024403 0.18828 -7.6688 -6.5299e-11
0.0246716 0.188142 -7.87704 -4.90714e-11
0.0249132 0.188026 -8.07745 -1.43781e-11
0.0251885 0.187903 -8.32268 4.71922e-12
0.025434 0.1878 -8.55136 2.72856e-11
0.0256586 0.187712 -8.77808 2.85706e-11
0.0259424 0.187609 -9.09149 5.83165e-11
0.026189 0.187527 -9.35869 8.87951e-11
0.0265107 0.187429 -9.78225 1.46789e-10
0.0267907 0.187352 -10.146 1.28654e-10
0.0270715 0.187283 -10.5498 1.84113e-10
0.0273004 0.187233 -10.8565 1.64005e-10
0.0275435 0.187185 -11.2393 1.92308e-10
0.0277713 0.187145 -11.8021 2.96519e-10
0.0279969 0.18711 -12.2049 7.45931e-11
0.028235 0.187079 -11.9753 4.20803e-10
0.0285053 0.18705 -12.726 2.06769e-10
0.0287868 0.187027 -13.3803 3.70626e-10
0.0291472 0.187007 -14.024 3.04555e-10
0.0295481 0.187 -14.6995 2.321e-10
0.0299957 0.187009 -15.5423 1.01802e-10
0.0305125 0.187042 -16.4625 3.43974e-10
0.0311536 0.187117 -17.4554 4.86046e-10
0.0317469 0.187221 -18.541 1.33304e-10
0.0322151 0.187327 -19.1351 7.21701e-10
0.032533 0.187412 -18.6403 6.87556e-10
0.0328362 0.187502 -19.5023 4.18526e-10
0.0331531 0.187606 -19.8808 4.22551e-10
0.0333955 0.187693 -20.0334 2.48699e-10
0.0336568 0.187795 -20.1729 2.53338e-10
0.0340075 0.187943 -20.2379 2.90225e-10
0.0343255 0.18809 -20.4746 2.03695e-10
0.0346561 0.188256 -20.3816 2.78122e-10
0.0349429 0.188412 -20.1564 2.94021e-10
0.0351465 0.188529 -20.2017 2.66626e-10
0.0353518 0.188653 -20.1579 2.87636e-10
0.0355725 0.188794 -19.979 1.71459e-10
0.0358078 0.188952 -19.8908 2.18567e-10
0.0360401 0.189117 -19.8999 2.2038e-10
0.036257 0.18928 -19.8499 1.97045e-10
0.0364666 0.189445 -19.8631 2.60977e-10
0.0366708 0.189614 -19.8788 1.7525e-10
0.0369026 0.189816 -19.9626 2.68495e-10
0.0371888 0.190083 -20.1121 3.21343e-10
0.0375297 0.190427 -20.3146 3.2941e-10
0.0378106 0.190734 -20.6539 3.80263e-10
0.0380675 0.191037 -20.9175 4.81686e-10
0.0383233 0.191362 -21.2204 5.39519e-10
0.0385111 0.191617 -21.4009 6.59684e-10
0.0386594 0.191831 -21.4881 7.86771e-10
0.0387846 0.19202 -21.5592 8.25773e-10
0.0389068 0.192213 -21.9183 7.43812e-10
0.0390268 0.192412 -21.885 7.77647e-10
0.039141 0.19261 -21.8938 8.22589e-10
0.0392507 0.19281 -21.9526 8.38547e-10
0.0393652 0.19303 -21.9302 7.88022e-10
0.0394911 0.193287 -21.9287 8.09407e-10
0.0396499 0.193637 -21.7522 7.90882e-10
0.0397971 0.193995 -21.6228 7.40712e-10
0.0399098 0.194296 -21.5379 7.83041e-10
0.0400043 0.194572 -21.335 7.81534e-10
0.0400962 0.194866 -21.3854 7.19617e-10
0.0401781 0.195156 -21.3718 9.11284e-10
0.0402507 0.195443 -21.2594 9.32517e-10
0.0403327 0.195814 -21.387 9.94833e-10
0.0404293 0.196361 -20.9647 1.37077e-09
0.0405202 0.197163 -21.0041 -3.0407e-10
