x y fp fmu
0.0407702 0.198 -22.5315 3.32113e-08
0.0407388 0.198831 -20.1688 4.15528e-10
0.0406353 0.199717 -18.7429 -6.58363e-10
0.0404804 0.200508 -14.6066 -1.20663e-10
0.0403332 0.20107 -12.3936 6.61638e-10
0.0402113 0.201462 -11.1767 1.94796e-10
0.0400995 0.201782 -9.81163 1.22739e-09
0.0399742 0.202108 -6.83084 5.80462e-10
0.0398311 0.202447 -9.65516 1.14058e-10
0.0396729 0.202789 -5.96078 -1.11313e-09
0.0394945 0.203142 -5.17858 -1.4618e-10
0.0392598 0.203563 -3.20455 -3.17595e-10
0.0388986 0.204138 -0.862934 -3.16261e-10
0.0384919 0.204703 1.37478 -4.80884e-10
0.0381255 0.205155 3.05724 -7.34398e-10
0.0376976 0.205626 5.1064 -6.77347e-10
0.0373494 0.205972 6.53464 -5.31778e-10
0.0370575 0.20624 7.2802 -6.92368e-10
0.0368394 0.206428 8.1557 -2.39785e-10
0.0366378 0.206593 9.15188 -9.26011e-10
0.0364347 0.206751 9.50606 -6.77487e-10
0.0362217 0.206909 10.4634 -6.72726e-10
0.0359954 0.207069 10.9663 -6.88389e-10
0.0357683 0.207221 11.471 -3.70249e-10
0.0355492 0.20736 11.9187 -5.63799e-10
0.0353452 0.207483 12.755 -6.51947e-10
0.0350829 0.207632 13.5763 -5.44374e-10
0.034845 0.207759 13.7224 9.17054e-13
0.0345185 0.207922 15.2704 3.10916e-10
0.0341664 0.208083 15.2114 -2.21533e-09
0.0338319 0.208223 15.0765 -8.42328e-10
0.0335684 0.208323 16.008 -4.42049e-10
0.0332836 0.208424 16.4384 -5.94335e-10
0.0329991 0.208515 16.8556 -2.82889e-10
0.032685 0.208607 17.1216 -3.76522e-10
0.0324046 0.20868 17.8717 -4.97917e-10
0.0321568 0.208738 17.6411 -2.51925e-10
0.0319169 0.208788 17.4365 -1.15661e-10
0.0316869 0.208832 17.9585 -4.75335e-10
0.0314689 0.208868 18.2287 -2.94626e-10
0.0312468 0.2089 18.4846 -3.07261e-10
0.0310037 0.208931 18.3927 -2.35391e-10
0.0307177 0.208959 18.2866 -2.17824e-10
0.0303709 0.208984 18.6168 -4.72483e-10
0.0299039 0.208999 18.6717 -1.9978e-10
0.0294093 0.208994 18.5606 -1.7952e-10
0.0289426 0.208969 18.5101 -9.80493e-11
0.028478 0.208924 18.3186 3.54952e-11
0.0280276 0.208861 17.4796 -2.13887e-10
0.0275781 0.208779 17.9259 -5.99093e-10
0.0271165 0.208675 17.4079 1.37532e-10
0.0268015 0.208592 16.8248 8.81309e-11
0.0265017 0.208503 16.534 -1.33662e-10
0.0262189 0.208411 16.2757 1.99147e-10
0.0259713 0.208323 15.9697 2.07555e-10
0.0257403 0.208235 15.3173 -1.30581e-10
0.0255244 0.208148 15.0844 1.10397e-10
0.0252518 0.208029 14.9224 3.22827e-11
0.0248899 0.207858 14.2186 -2.49079e-11
0.0245632 0.20769 13.6923 5.63954e-11
0.0242431 0.207511 12.9902 1.05316e-11
0.0240051 0.207368 12.3338 5.0255e-11
0.0237931 0.207234 11.8743 -1.8428e-10
0.0235543 0.207075 11.3184 1.40698e-10
0.02323 0.206845 10.5908 4.44697e-12
0.022767 0.206483 9.39318 1.34949e-10
0.0221717 0.205954 7.56819 2.37521e-10
0.021554 0.205314 5.58602 -4.95003e-11
0.0210052 0.204646 3.55742 -4.88377e-10
0.0205511 0.204001 1.69055 -2.97578e-10
0.0201522 0.203338 -0.0253888 -3.91756e-10
0.0198769 0.202809 -1.25757 -5.24888e-10
0.0196876 0.202398 -2.28653 -5.2731e-10
0.019547 0.20206 -2.90002 -3.92997e-10
0.0194329 0.20176 -3.44698 -7.15438e-10
0.019332 0.201471 -4.41166 -3.32818e-10
0.0192425 0.201189 -5.15502 -7.8149e-10
0.0191515 0.200871 -4.41135 -3.88122e-10
0.0190559 0.200491 -5.68169 -8.51681e-10
0.018966 0.200066 -6.32162 -6.13425e-10
0.0188668 0.199454 -6.89467 -1.0265e-09
0.0187932 0.19871 -6.79712 -1.22129e-09
0.0187703 0.197945 -6.92277 -6.67399e-10
0.0187983 0.197214 -6.41691 -2.93418e-10
0.0188575 0.196617 -5.37382 -2.19499e-11
0.0189362 0.196096 -4.80414 6.10824e-11
0.0190576 0.195502 -4.60354 -6.90709e-11
0.0191988 0.194959 -4.58334 -3.67114e-11
0.0193149 0.194582 -4.62662 -7.35683e-12
0.0194373 0.194228 -4.6964 -1.12375e-11
0.0195502 0.193932 -4.77737 -2.39874e-11
0.0196893 0.193598 -4.88107 -3.77158e-11
0.0198771 0.193191 -5.02036 -4.59471e-11
0.0201452 0.192675 -5.22277 -3.6904e-11
0.0205221 0.192044 -5.5103 -1.90837e-11
0.0209353 0.191447 -5.86647 3.37463e-11
0.0212691 0.191019 -6.19195 4.36228e-11
0.0215753 0.190662 -6.51597 3.44944e-11
0.0218904 0.190325 -6.85396 1.69862e-11
0.0222954 0.18993 -7.28232 4.83657e-11
0.0227652 0.189519 -7.8177 5.74966e-11
0.023147 0.189217 -8.21955 8.77189e-11
0.0234272 0.189013 -8.58769 1.82813e-10
0.0237118 0.188819 -8.96751 1.30625e-10
0.023945 0.188669 -9.18604 1.01591e-10
0.0241833 0.188524 -9.59315 1.39908e-10
0.0244171 0.18839 -10.0208 1.6958e-10
0.0246212 0.18828 -10.2611 1.84256e-10
0.0248898 0.188142 -10.8106 2.51808e-10
0.0251313 0.188026 -11.0699 2.00595e-10
0.0254066 0.187903 -11.645 1.75909e-10
0.0256522 0.1878 -11.9798 1.90564e-10
0.0258767 0.187712 -12.5473 1.53637e-10
0.0261605 0.187609 -13.2587 2.59337e-10
0.0264072 0.187527 -13.4476 1.0203e-10
0.0267289 0.187429 -14.1802 4.2252e-10
0.0270088 0.187352 -14.822 1.20097e-10
0.0272896 0.187283 -15.3743 2.29282e-10
0.0275186 0.187233 -15.6702 1.42738e-10
0.0277617 0.187185 -16.1337 1.99786e-10
0.0279895 0.187145 -17.0741 3.86597e-10
0.028215 0.18711 -17.6484 -1.33686e-10
0.0284532 0.187079 -16.7357 6.14654e-10
0.0287234 0.18705 -17.6695 1.6032e-10
0.029005 0.187027 -18.402 4.00746e-10
0.0293653 0.187007 -18.9619 2.3443e-10
0.0297662 0.187 -19.4449 1.3519e-10
0.0302139 0.187009 -20.0423 1.3335e-11
0.0307307 0.187042 -20.6302 3.15579e-10
0.0313717 0.187117 -21.1555 3.6838e-10
0.0319651 0.187221 -21.7836 3.75479e-11
0.0324332 0.187327 -22.1417 5.80215e-10
0.0327511 0.187412 -21.5298 4.59603e-10
0.0330543 0.187502 -21.9832 2.80459e-10
0.0333712 0.187606 -22.1603 2.54138e-10
0.0336136 0.187693 -22.1618 2.05704e-10
0.0338749 0.187795 -22.2168 1.92943e-10
0.0342256 0.187943 -22.2043 2.50157e-10
0.0345437 0.18809 -22.359 1.96362e-10
0.0348742 0.188256 -22.5125 4.04961e-10
0.0351611 0.188412 -22.4771 4.06415e-10
0.0353646 0.188529 -22.6798 4.27361e-10
0.03557 0.188653 -22.8199 4.88764e-10
0.0357906 0.188794 -22.9199 4.91562e-10
0.0360259 0.188952 -23.1854 4.82792e-10
0.0362582 0.189117 -23.3797 5.36845e-10
0.0364751 0.18928 -23.5475 5.45242e-10
0.0366848 0.189445 -23.7222 5.85817e-10
0.036889 0.189614 -23.8486 6.25249e-10
0.0371207 0.189816 -24.0756 6.54493e-10
0.037407 0.190083 -24.2522 7.38297e-10
0.0377478 0.190427 -24.356 8.66753e-10
0.0380288 0.190734 -24.6562 7.27544e-10
0.0382856 0.191037 -24.6797 8.09509e-10
0.0385414 0.191362 -24.6535 8.54334e-10
0.0387292 0.191617 -24.6869 9.03197e-10
0.0388776 0.191831 -24.5963 1.0556e-09
0.0390027 0.19202 -24.4874 1.02091e-09
0.039125 0.192213 -24.7497 9.00038e-10
0.039245 0.192412 -24.8645 1.08184e-09
0.0393591 0.19261 -24.8407 1.04409e-09
0.0394688 0.19281 -24.9686 1.16237e-09
0.0395834 0.19303 -25.1322 1.19182e-09
0.0397093 0.193287 -25.2883 1.33305e-09
0.039868 0.193637 -25.3629 1.57967e-09
0.0400152 0.193995 -25.571 1.69348e-09
0.0401279 0.194296 -25.662 1.88119e-09
0.0402224 0.194572 -25.4571 2.00959e-09
0.0403143 0.194866 -25.718 1.86825e-09
0.0403963 0.195156 -25.702 2.23885e-09
0.0404688 0.195443 -25.2383 2.36123e-09
0.0405509 0.195814 -25.4566 2.39949e-09
0.0406475 0.196361 -24.2872 3.1994e-09
0.0407383 0.197163 -23.691 -2.97417e-09
