x y fp fmu
0.042781 0.198 -18.9139 3.53226e-08
0.0427495 0.198831 -16.8523 -2.79821e-11
0.0426461 0.199717 -14.6607 -8.02273e-10
0.0424911 0.200508 -10.1879 -4.98325e-10
0.0423439 0.20107 -7.58945 2.36069e-10
0.042222 0.201462 -6.13702 -2.43357e-10
0.0421103 0.201782 -4.73223 6.65482e-10
0.041985 0.202108 -1.64556 4.82125e-10
0.0418419 0.202447 -3.99218 -2.32452e-10
0.0416836 0.202789 -0.779909 -1.33373e-09
0.0415053 0.203142 0.258162 -4.87766e-10
0.0412706 0.203563 2.15536 -6.78045e-10
0.0409093 0.204138 4.53162 -6.83482e-10
0.0405026 0.204703 6.72485 -7.80473e-10
0.0401362 0.205155 8.36529 -1.02022e-09
0.0397083 0.205626 10.282 -9.713e-10
0.0393601 0.205972 11.6281 -8.2676e-10
0.0390682 0.20624 12.247 -9.88151e-10
0.0388501 0.206428 12.8038 -6.82842e-10
0.0386485 0.206593 13.7963 -1.25788e-09
0.0384454 0.206751 14.0636 -1.00299e-09
0.0382325 0.206909 14.7712 -1.01566e-09
0.0380062 0.207069 15.2349 -9.55599e-10
0.0377791 0.207221 15.6192 -7.04963e-10
0.0375599 0.20736 15.9326 -8.61473e-10
0.0373559 0.207483 16.4929 -1.03671e-09
0.0370937 0.207632 17.3667 -8.40333e-10
0.0368557 0.207759 17.4563 -3.29144e-10
0.0365293 0.207922 18.2127 -2.34425e-10
0.0361772 0.208083 18.7734 -1.56343e-09
0.0358427 0.208223 18.1895 -9.45654e-10
0.0355792 0.208323 18.7709 -6.90504e-10
0.0352943 0.208424 19.0378 -8.59318e-10
0.0350099 0.208515 19.3739 -6.14017e-10
0.0346958 0.208607 19.3377 -6.52589e-10
0.0344154 0.20868 19.817 -7.5158e-10
0.0341675 0.208738 19.934 -2.83262e-10
0.0339277 0.208788 19.2553 -2.9731e-10
0.0336977 0.208832 19.3314 -7.40942e-10
0.0334797 0.208868 19.5791 -5.66518e-10
0.0332576 0.2089 19.7174 -5.184e-10
0.0330144 0.208931 19.618 -2.98132e-10
0.0327285 0.208959 19.0857 -5.24198e-10
0.0323816 0.208984 19.1806 -7.31392e-10
0.0319146 0.208999 18.9612 -3.18827e-10
0.0314201 0.208994 18.4181 -3.2224e-10
0.0309533 0.208969 17.9918 -1.9918e-10
0.0304888 0.208924 17.4964 -8.05808e-11
0.0300384 0.208861 16.0508 -4.80259e-10
0.0295889 0.208779 16.3649 -8.77254e-10
0.0291273 0.208675 15.5616 -3.48686e-13
0.0288123 0.208592 14.6051 -2.63884e-11
0.0285125 0.208503 14.0899 -3.16261e-10
0.0282296 0.208411 13.63 1.09063e-10
0.0279821 0.208323 13.1789 7.15387e-11
0.0277511 0.208235 12.3411 -3.15705e-10
0.0275352 0.208148 11.8475 3.60105e-11
0.0272626 0.208029 11.6265 -1.03277e-10
0.0269006 0.207858 10.6941 -1.65465e-10
0.026574 0.20769 10.0004 -8.26753e-11
0.0262538 0.207511 9.1196 -1.58138e-10
0.0260158 0.207368 8.28094 -1.01741e-10
0.0258038 0.207234 7.7129 -3.36211e-10
0.0255651 0.207075 7.02105 -1.32593e-11
0.0252408 0.206845 6.13685 -1.5393e-10
0.0247777 0.206483 4.73348 -6.4897e-11
0.0241825 0.205954 2.71588 -4.6656e-12
0.0235648 0.205314 0.612625 -2.41933e-10
0.0230159 0.204646 -1.39729 -6.28913e-10
0.0225619 0.204001 -3.14097 -4.48937e-10
0.022163 0.203338 -4.6247 -5.07704e-10
0.0218877 0.202809 -5.59286 -5.98854e-10
0.0216984 0.202398 -6.38047 -5.64491e-10
0.0215578 0.20206 -6.80439 -5.06956e-10
0.0214437 0.20176 -7.13794 -6.86715e-10
0.0213428 0.201471 -7.7083 -4.85709e-10
0.0212533 0.201189 -8.168 -5.9312e-10
0.0211623 0.200871 -7.78178 -4.159e-10
0.0210667 0.200491 -8.28673 -7.09019e-10
0.0209767 0.200066 -8.52735 -4.85496e-10
0.0208775 0.199454 -8.68943 -4.03857e-10
0.0208039 0.19871 -8.75141 -2.07738e-10
0.0207811 0.197945 -8.7231 -2.25767e-10
0.020809 0.197214 -8.89936 -7.59279e-11
0.0208683 0.196617 -9.03321 -1.3751e-10
0.0209469 0.196096 -9.20462 -1.54126e-10
0.0210684 0.195502 -9.41641 -1.37947e-10
0.0212096 0.194959 -9.6136 -1.52278e-10
0.0213256 0.194582 -9.73607 -1.54265e-10
0.0214481 0.194228 -9.85354 -1.55904e-10
0.021561 0.193932 -9.93256 -1.53422e-10
0.0217 0.193598 -10.0226 -1.54711e-10
0.0218878 0.193191 -10.1235 -1.42424e-10
0.0221559 0.192675 -10.2509 -1.18512e-10
0.0225329 0.192044 -10.4087 -9.73883e-11
0.022946 0.191447 -10.5784 -4.07911e-11
0.0232799 0.191019 -10.7278 -9.22434e-12
0.023586 0.190662 -10.8848 2.24297e-11
0.0239012 0.190325 -11.0625 2.91329e-11
0.0243061 0.18993 -11.3416 7.60216e-11
0.024776 0.189519 -11.794 1.54401e-10
0.0251577 0.189217 -12.1447 1.64888e-10
0.025438 0.189013 -12.541 3.19301e-10
0.0257226 0.188819 -12.9759 2.29147e-10
0.0259558 0.188669 -13.101 1.40373e-10
0.0261941 0.188524 -13.5733 1.75707e-10
0.0264278 0.18839 -14.0769 2.08288e-10
0.0266319 0.18828 -14.2531 2.1575e-10
0.0269005 0.188142 -14.8749 3.00396e-10
0.0271421 0.188026 -15.0081 2.07656e-10
0.0274174 0.187903 -15.5927 1.14429e-10
0.0276629 0.1878 -15.8279 1.64949e-10
0.0278875 0.187712 -16.4104 9.60581e-11
0.0281713 0.187609 -17.1214 2.16745e-10
0.0284179 0.187527 -17.1224 1.31601e-11
0.0287396 0.187429 -17.7548 3.87169e-10
0.0290196 0.187352 -18.311 2.93664e-11
0.0293004 0.187283 -18.7368 1.51874e-10
0.0295293 0.187233 -18.8991 7.18512e-11
0.0297724 0.187185 -19.2463 1.56653e-10
0.0300002 0.187145 -20.2138 3.35809e-10
0.0302258 0.18711 -20.6316 -4.40512e-10
0.0304639 0.187079 -19.2108 5.95546e-10
0.0307342 0.18705 -20.1033 1.79548e-11
0.0310157 0.187027 -20.6381 3.18935e-10
0.0313761 0.187007 -20.917 1.41958e-10
0.031777 0.187 -21.0505 3.58005e-11
0.0322246 0.187009 -21.2172 -7.90781e-11
0.0327414 0.187042 -21.2896 1.91089e-10
0.0333825 0.187117 -21.2965 2.47271e-10
0.0339758 0.187221 -21.4721 -3.04756e-11
0.034444 0.187327 -21.4851 5.00729e-10
0.0347619 0.187412 -20.8301 4.17886e-10
0.0350651 0.187502 -21.1239 2.88234e-10
0.035382 0.187606 -21.2133 2.96628e-10
0.0356244 0.187693 -21.1894 2.75381e-10
0.0358857 0.187795 -21.2392 2.84097e-10
0.0362364 0.187943 -21.208 3.72693e-10
0.0365544 0.18809 -21.4691 3.20381e-10
0.036885 0.188256 -21.3371 5.24036e-10
0.0371718 0.188412 -21.3012 5.84862e-10
0.0373754 0.188529 -21.515 5.51867e-10
0.0375807 0.188653 -21.5361 6.16107e-10
0.0378014 0.188794 -21.5915 6.98178e-10
0.0380367 0.188952 -21.8383 6.08028e-10
0.038269 0.189117 -21.9293 7.02115e-10
0.0384859 0.18928 -22.0716 7.28328e-10
0.0386955 0.189445 -22.1746 7.95462e-10
0.0388997 0.189614 -22.2899 9.68634e-10
0.0391315 0.189816 -22.5152 9.64836e-10
0.0394177 0.190083 -22.67 1.07458e-09
0.0397586 0.190427 -22.8836 1.32776e-09
0.0400395 0.190734 -23.461 1.22036e-09
0.0402964 0.191037 -23.5997 1.41752e-09
0.0405522 0.191362 -23.9316 1.60661e-09
0.0407399 0.191617 -24.1351 1.84966e-09
0.0408883 0.191831 -24.1829 2.16802e-09
0.0410135 0.19202 -24.3336 2.26452e-09
0.0411357 0.192213 -25.2961 2.1605e-09
0.0412557 0.192412 -25.1392 2.29972e-09
0.0413699 0.19261 -25.4298 2.69325e-09
0.0414796 0.19281 -25.664 2.8318e-09
0.0415941 0.19303 -25.9693 3.03384e-09
0.04172 0.193287 -26.1838 3.47998e-09
0.0418788 0.193637 -26.2151 3.8744e-09
0.042026 0.193995 -26.6904 3.47786e-09
0.0421386 0.194296 -27.2092 3.62836e-09
0.0422331 0.194572 -26.4635 3.30959e-09
0.0423251 0.194866 -26.779 2.56384e-09
0.042407 0.195156 -27.1015 3.41412e-09
0.0424796 0.195443 -25.959 2.76885e-09
0.0425616 0.195814 -26.0573 2.26207e-09
0.0426582 0.196361 -24.1072 2.43735e-09
0.0427491 0.197163 -21.4343 -3.116e-09
