x y fp fmu
0.0446574 0.198 -16.0855 3.04416e-08
0.044626 0.198831 -14.1439 -1.6084e-10
0.0445226 0.199717 -11.6675 -6.17668e-10
0.0443676 0.200508 -7.53968 -4.25766e-10
0.0442204 0.20107 -5.07089 2.0358e-10
0.0440985 0.201462 -3.6341 -2.71727e-10
0.0439867 0.201782 -2.36157 4.05909e-10
0.0438615 0.202108 0.374563 4.40517e-10
0.0437184 0.202447 -1.32302 -4.38942e-10
0.0435601 0.202789 1.44395 -1.25097e-09
0.0433818 0.203142 2.47052 -6.05589e-10
0.0431471 0.203563 4.22197 -7.26373e-10
0.0427858 0.204138 6.44694 -7.86317e-10
0.0423791 0.204703 8.466 -8.92221e-10
0.0420127 0.205155 10.0001 -1.10727e-09
0.0415848 0.205626 11.7688 -1.05121e-09
0.0412366 0.205972 13.0182 -9.02514e-10
0.0409447 0.20624 13.6276 -1.02023e-09
0.0407266 0.206428 14.0794 -7.47462e-10
0.040525 0.206593 15.0239 -1.26698e-09
0.0403219 0.206751 15.3046 -1.0321e-09
0.040109 0.206909 15.8992 -1.02959e-09
0.0398826 0.207069 16.3038 -9.87428e-10
0.0396555 0.207221 16.589 -7.65716e-10
0.0394364 0.20736 16.8442 -9.00288e-10
0.0392324 0.207483 17.2724 -1.07657e-09
0.0389702 0.207632 18.0275 -8.91174e-10
0.0387322 0.207759 18.1281 -4.22658e-10
0.0384058 0.207922 18.5612 -4.09628e-10
0.0380537 0.208083 19.2922 -1.31201e-09
0.0377192 0.208223 18.6692 -8.52112e-10
0.0374557 0.208323 19.0855 -6.825e-10
0.0371708 0.208424 19.2302 -8.34437e-10
0.0368864 0.208515 19.4952 -6.34263e-10
0.0365723 0.208607 19.3785 -6.60712e-10
0.0362919 0.20868 19.6915 -7.3806e-10
0.036044 0.208738 19.9223 -2.3694e-10
0.0358042 0.208788 19.1651 -2.90944e-10
0.0355742 0.208832 19.0558 -7.33168e-10
0.0353562 0.208868 19.2519 -5.89673e-10
0.0351341 0.2089 19.3266 -5.30642e-10
0.0348909 0.208931 19.2439 -2.6937e-10
0.034605 0.208959 18.585 -5.72235e-10
0.0342581 0.208984 18.5281 -7.18271e-10
0.0337911 0.208999 18.2038 -3.2736e-10
0.0332966 0.208994 17.5087 -3.41728e-10
0.0328298 0.208969 16.9135 -2.09696e-10
0.0323653 0.208924 16.3262 -1.041e-10
0.0319149 0.208861 14.6546 -5.65348e-10
0.0314653 0.208779 14.8464 -9.37517e-10
0.0310038 0.208675 14.02 -5.42719e-11
0.0306888 0.208592 12.8994 -6.56883e-11
0.030389 0.208503 12.2862 -3.63232e-10
0.0301061 0.208411 11.7592 8.03836e-11
0.0298586 0.208323 11.2624 2.2013e-11
0.0296275 0.208235 10.369 -3.74568e-10
0.0294117 0.208148 9.74526 2.16625e-11
0.0291391 0.208029 9.50326 -1.6714e-10
0.0287771 0.207858 8.46528 -2.24715e-10
0.0284505 0.20769 7.69803 -1.50015e-10
0.0281303 0.207511 6.74269 -2.29388e-10
0.0278923 0.207368 5.83187 -1.5388e-10
0.0276803 0.207234 5.22292 -3.9928e-10
0.0274416 0.207075 4.48479 -6.93252e-11
0.0271173 0.206845 3.55761 -2.06665e-10
0.0266542 0.206483 2.07965 -1.26393e-10
0.026059 0.205954 -0.0348726 -9.08328e-11
0.0254413 0.205314 -2.25395 -3.16109e-10
0.0248924 0.204646 -4.2946 -7.26677e-10
0.0244383 0.204001 -6.04844 -5.01146e-10
0.0240395 0.203338 -7.54861 -5.55633e-10
0.0237641 0.202809 -8.50951 -6.23599e-10
0.0235749 0.202398 -9.30885 -5.76719e-10
0.0234343 0.20206 -9.73763 -5.19356e-10
0.0233202 0.20176 -10.0666 -6.7683e-10
0.0232193 0.201471 -10.6529 -4.75632e-10
0.0231297 0.201189 -11.1355 -5.46225e-10
0.0230388 0.200871 -10.7405 -3.43117e-10
0.0229432 0.200491 -11.2953 -6.65957e-10
0.0228532 0.200066 -11.6649 -4.01967e-10
0.022754 0.199454 -11.9951 -3.91852e-10
0.0226804 0.19871 -12.1709 -3.53465e-10
0.0226576 0.197945 -12.4532 -2.57597e-10
0.0226855 0.197214 -12.6405 -1.53786e-10
0.0227448 0.196617 -12.6631 -1.73628e-10
0.0228234 0.196096 -12.7801 -1.52158e-10
0.0229449 0.195502 -12.9542 -1.2786e-10
0.023086 0.194959 -13.1476 -1.466e-10
0.0232021 0.194582 -13.2895 -1.67669e-10
0.0233246 0.194228 -13.4448 -2.03596e-10
0.0234375 0.193932 -13.5553 -2.05597e-10
0.0235765 0.193598 -13.6886 -2.41957e-10
0.0237643 0.193191 -13.8219 -2.51924e-10
0.0240324 0.192675 -13.9509 -2.55166e-10
0.0244093 0.192044 -14.0333 -2.48185e-10
0.0248225 0.191447 -14.0268 -2.18079e-10
0.0251564 0.191019 -13.9795 -1.78801e-10
0.0254625 0.190662 -13.9097 -1.39162e-10
0.0257776 0.190325 -13.8343 -1.03213e-10
0.0261826 0.18993 -13.7875 -6.649e-11
0.0266525 0.189519 -13.7606 4.13306e-11
0.0270342 0.189217 -13.7824 4.96075e-11
0.0273145 0.189013 -13.9033 1.76535e-10
0.0275991 0.188819 -14.0073 1.72957e-10
0.0278323 0.188669 -14.0203 1.25202e-10
0.0280705 0.188524 -14.2597 1.7003e-10
0.0283043 0.18839 -14.5082 1.90905e-10
0.0285084 0.18828 -14.5776 2.27489e-10
0.028777 0.188142 -14.9698 3.01353e-10
0.0290185 0.188026 -14.9784 2.41598e-10
0.0292938 0.187903 -15.3863 1.36695e-10
0.0295394 0.1878 -15.4974 2.03977e-10
0.029764 0.187712 -15.9882 1.62929e-10
0.0300477 0.187609 -16.5504 2.98883e-10
0.0302944 0.187527 -16.4346 6.12797e-11
0.0306161 0.187429 -17.0323 4.54984e-10
0.0308961 0.187352 -17.5039 1.15333e-10
0.0311769 0.187283 -17.876 2.45479e-10
0.0314058 0.187233 -17.9706 1.37135e-10
0.0316489 0.187185 -18.3331 2.49555e-10
0.0318767 0.187145 -19.3558 4.66089e-10
0.0321022 0.18711 -19.6147 -4.95794e-10
0.0323404 0.187079 -18.0417 6.32705e-10
0.0326107 0.18705 -19.048 -1.47168e-11
0.0328922 0.187027 -19.528 3.65661e-10
0.0332526 0.187007 -19.7196 1.87326e-10
0.0336535 0.187 -19.736 2.72013e-11
0.0341011 0.187009 -19.7793 -9.08372e-11
0.0346179 0.187042 -19.6693 1.56269e-10
0.035259 0.187117 -19.4387 2.10128e-10
0.0358523 0.187221 -19.3642 -5.04251e-11
0.0363205 0.187327 -19.1855 4.38401e-10
0.0366384 0.187412 -18.4869 3.75816e-10
0.0369416 0.187502 -18.6593 2.34232e-10
0.0372585 0.187606 -18.5902 2.41044e-10
0.0375008 0.187693 -18.4646 2.21647e-10
0.0377622 0.187795 -18.388 2.20623e-10
0.0381128 0.187943 -18.1843 2.87364e-10
0.0384309 0.18809 -18.2269 2.18477e-10
0.0387615 0.188256 -17.9268 3.98924e-10
0.0390483 0.188412 -17.7248 4.19127e-10
0.0392519 0.188529 -17.7624 3.98862e-10
0.0394572 0.188653 -17.6524 4.47033e-10
0.0396778 0.188794 -17.5609 5.04959e-10
0.0399132 0.188952 -17.5944 4.39993e-10
0.0401455 0.189117 -17.5161 5.29914e-10
0.0403623 0.18928 -17.5057 5.4073e-10
0.040572 0.189445 -17.4607 5.99184e-10
0.0407762 0.189614 -17.4475 7.66268e-10
0.041008 0.189816 -17.5008 7.68945e-10
0.0412942 0.190083 -17.4767 8.6188e-10
0.0416351 0.190427 -17.5878 1.14984e-09
0.041916 0.190734 -18.0495 1.12903e-09
0.0421729 0.191037 -18.1511 1.29003e-09
0.0424287 0.191362 -18.6314 1.51916e-09
0.0426164 0.191617 -19.0158 1.80966e-09
0.0427648 0.191831 -19.3248 2.07377e-09
0.04289 0.19202 -19.7241 2.20581e-09
0.0430122 0.192213 -20.8229 2.14669e-09
0.0431322 0.192412 -20.6542 2.19966e-09
0.0432464 0.19261 -21.1932 2.7122e-09
0.0433561 0.19281 -21.5099 2.79011e-09
0.0434706 0.19303 -22.0128 3.02678e-09
0.0435965 0.193287 -22.368 3.48778e-09
0.0437553 0.193637 -22.6817 3.73703e-09
0.0439024 0.193995 -23.3961 3.45334e-09
0.0440151 0.194296 -23.6841 3.34659e-09
0.0441096 0.194572 -23.0158 3.19328e-09
0.0442016 0.194866 -23.3902 2.48678e-09
0.0442835 0.195156 -23.449 3.30647e-09
0.0443561 0.195443 -22.5175 2.84387e-09
0.0444381 0.195814 -22.5802 2.31164e-09
0.0445347 0.196361 -20.8561 2.38002e-09
0.0446256 0.197163 -18.3335 -2.19993e-09
