x y fp fmu
0.0455888 0.198 -14.0142 2.64207e-08
0.0455574 0.198831 -12.0897 -1.08166e-10
0.0454539 0.199717 -9.54715 -4.28132e-10
0.045299 0.200508 -5.70675 -2.14376e-10
0.0451518 0.20107 -3.41391 3.18624e-10
0.0450299 0.201462 -2.04415 -1.45198e-10
0.0449181 0.201782 -0.851208 4.15477e-10
0.0447928 0.202108 1.64045 5.11897e-10
0.0446497 0.202447 0.270662 -3.82329e-10
0.0444914 0.202789 2.81479 -1.04724e-09
0.0443131 0.203142 3.82491 -4.86872e-10
0.0440784 0.203563 5.49083 -5.65494e-10
0.0437172 0.204138 7.59889 -6.59644e-10
0.0433105 0.204703 9.53266 -7.49249e-10
0.042944 0.205155 10.9999 -9.65913e-10
0.0425162 0.205626 12.6808 -9.20094e-10
0.042168 0.205972 13.8617 -7.92182e-10
0.041876 0.20624 14.4586 -9.02963e-10
0.0416579 0.206428 14.8947 -6.34711e-10
0.0414563 0.206593 15.7701 -1.1383e-09
0.0412533 0.206751 16.0519 -9.28591e-10
0.0410403 0.206909 16.6102 -9.22528e-10
0.040814 0.207069 16.996 -8.89662e-10
0.0405869 0.207221 17.2653 -6.75111e-10
0.0403678 0.20736 17.5116 -8.27465e-10
0.0401638 0.207483 17.911 -9.89987e-10
0.0399015 0.207632 18.5902 -8.17522e-10
0.0396636 0.207759 18.6882 -3.78811e-10
0.0393371 0.207922 19.0537 -3.81335e-10
0.038985 0.208083 19.7476 -1.19031e-09
0.0386505 0.208223 19.1702 -7.58061e-10
0.038387 0.208323 19.5443 -6.14003e-10
0.0381022 0.208424 19.6543 -7.49623e-10
0.0378177 0.208515 19.8803 -5.71847e-10
0.0375036 0.208607 19.76 -5.99405e-10
0.0372232 0.20868 20.0087 -6.64552e-10
0.0369753 0.208738 20.2346 -1.98498e-10
0.0367355 0.208788 19.519 -2.511e-10
0.0365055 0.208832 19.3759 -6.6405e-10
0.0362875 0.208868 19.5346 -5.40512e-10
0.0360654 0.2089 19.5862 -4.86739e-10
0.0358223 0.208931 19.5084 -2.3819e-10
0.0355363 0.208959 18.8501 -5.43525e-10
0.0351895 0.208984 18.7444 -6.66171e-10
0.0347225 0.208999 18.3964 -3.03654e-10
0.0342279 0.208994 17.676 -3.26179e-10
0.0337612 0.208969 17.0485 -1.96509e-10
0.0332966 0.208924 16.4548 -1.01626e-10
0.0328462 0.208861 14.7762 -5.75593e-10
0.0323967 0.208779 14.9121 -9.16324e-10
0.0319351 0.208675 14.1185 -5.66387e-11
0.0316201 0.208592 12.9651 -6.25897e-11
0.0313203 0.208503 12.3406 -3.63917e-10
0.0310375 0.208411 11.8043 8.61125e-11
0.0307899 0.208323 11.3081 1.77965e-11
0.0305589 0.208235 10.4126 -3.84191e-10
0.030343 0.208148 9.73568 4.00132e-11
0.0300704 0.208029 9.5294 -1.6831e-10
0.0297085 0.207858 8.4765 -2.29264e-10
0.0293818 0.20769 7.72599 -1.4755e-10
0.0290616 0.207511 6.75438 -2.45531e-10
0.0288237 0.207368 5.81258 -1.48154e-10
0.0286117 0.207234 5.19333 -4.13598e-10
0.0283729 0.207075 4.43135 -6.9701e-11
0.0280486 0.206845 3.47479 -2.17682e-10
0.0275856 0.206483 1.98421 -1.33148e-10
0.0269903 0.205954 -0.184172 -8.26882e-11
0.0263726 0.205314 -2.41429 -3.27754e-10
0.0258237 0.204646 -4.53113 -7.58413e-10
0.0253697 0.204001 -6.35447 -5.5437e-10
0.0249708 0.203338 -7.87845 -6.02324e-10
0.0246955 0.202809 -8.87464 -6.92922e-10
0.0245062 0.202398 -9.71563 -6.32421e-10
0.0243656 0.20206 -10.1545 -5.60858e-10
0.0242515 0.20176 -10.5138 -7.42381e-10
0.0241506 0.201471 -11.2151 -5.02817e-10
0.0240611 0.201189 -11.7828 -6.03316e-10
0.0239701 0.200871 -11.1759 -3.21454e-10
0.0238745 0.200491 -11.9415 -8.05865e-10
0.0237846 0.200066 -12.4337 -4.59656e-10
0.0236853 0.199454 -12.8817 -4.89135e-10
0.0236117 0.19871 -13.1164 -4.28923e-10
0.0235889 0.197945 -13.6267 -2.52713e-10
0.0236169 0.197214 -13.8094 -3.48702e-10
0.0236761 0.196617 -13.7871 -3.47709e-10
0.0237548 0.196096 -13.8304 -2.64346e-10
0.0238762 0.195502 -13.9035 -1.77473e-10
0.0240174 0.194959 -14.029 -1.43364e-10
0.0241335 0.194582 -14.1222 -1.5555e-10
0.0242559 0.194228 -14.2527 -1.94196e-10
0.0243688 0.193932 -14.3467 -1.88681e-10
0.0245079 0.193598 -14.4822 -2.35351e-10
0.0246956 0.193191 -14.6432 -2.51649e-10
0.0249638 0.192675 -14.8217 -2.73381e-10
0.0253407 0.192044 -14.9872 -2.8545e-10
0.0257539 0.191447 -15.0477 -3.12294e-10
0.0260877 0.191019 -15.0123 -2.9811e-10
0.0263939 0.190662 -14.9118 -2.78841e-10
0.026709 0.190325 -14.779 -2.31099e-10
0.0271139 0.18993 -14.607 -2.01907e-10
0.0275838 0.189519 -14.3149 -1.15987e-10
0.0279655 0.189217 -14.1484 -8.64572e-11
0.0282458 0.189013 -14.0543 -1.16974e-11
0.0285304 0.188819 -13.9277 5.53297e-11
0.0287636 0.188669 -13.8732 4.12812e-11
0.0290019 0.188524 -13.8881 9.86961e-11
0.0292356 0.18839 -13.908 1.06017e-10
0.0294398 0.18828 -13.8973 1.55369e-10
0.0297083 0.188142 -14.0412 2.17392e-10
0.0299499 0.188026 -13.9739 1.83756e-10
0.0302252 0.187903 -14.1835 1.13482e-10
0.0304707 0.1878 -14.2048 1.85486e-10
0.0306953 0.187712 -14.5467 1.6994e-10
0.0309791 0.187609 -14.9074 2.97351e-10
0.0312258 0.187527 -14.7389 8.12907e-11
0.0315475 0.187429 -15.2315 4.51292e-10
0.0318274 0.187352 -15.583 1.58905e-10
0.0321082 0.187283 -15.8643 2.8703e-10
0.0323371 0.187233 -15.9069 1.7479e-10
0.0325802 0.187185 -16.2714 3.1302e-10
0.032808 0.187145 -17.273 5.61134e-10
0.0330336 0.18711 -17.3971 -4.84003e-10
0.0332718 0.187079 -15.7997 6.45118e-10
0.033542 0.18705 -16.9044 7.29327e-12
0.0338235 0.187027 -17.3927 4.36045e-10
0.0341839 0.187007 -17.5964 2.69577e-10
0.0345848 0.187 -17.644 6.91695e-11
0.0350325 0.187009 -17.7391 -7.5179e-11
0.0355493 0.187042 -17.6565 2.05328e-10
0.0361903 0.187117 -17.4232 2.36126e-10
0.0367836 0.187221 -17.3052 -5.55784e-11
0.0372518 0.187327 -17.0435 4.21146e-10
0.0375697 0.187412 -16.3499 3.51998e-10
0.0378729 0.187502 -16.4662 1.97615e-10
0.0381898 0.187606 -16.3318 1.95338e-10
0.0384322 0.187693 -16.161 1.87893e-10
0.0386935 0.187795 -16.0343 1.76705e-10
0.0390442 0.187943 -15.7693 2.30103e-10
0.0393623 0.18809 -15.697 1.53663e-10
0.0396928 0.188256 -15.4163 3.1451e-10
0.0399796 0.188412 -15.1634 3.12984e-10
0.0401832 0.188529 -15.1326 3.01947e-10
0.0403886 0.188653 -15.0059 3.39801e-10
0.0406092 0.188794 -14.873 3.64585e-10
0.0408445 0.188952 -14.8323 3.23968e-10
0.0410768 0.189117 -14.7198 3.89849e-10
0.0412937 0.18928 -14.6542 3.85952e-10
0.0415033 0.189445 -14.5677 4.27881e-10
0.0417075 0.189614 -14.5069 5.44931e-10
0.0419393 0.189816 -14.4822 5.49687e-10
0.0422256 0.190083 -14.3872 6.16888e-10
0.0425664 0.190427 -14.419 8.4489e-10
0.0428474 0.190734 -14.7167 8.60302e-10
0.0431042 0.191037 -14.7662 9.70153e-10
0.04336 0.191362 -15.1844 1.10816e-09
0.0435478 0.191617 -15.475 1.38707e-09
0.0436962 0.191831 -15.8167 1.59453e-09
0.0438213 0.19202 -16.2792 1.75786e-09
0.0439435 0.192213 -17.2444 1.72947e-09
0.0440636 0.192412 -17.1355 1.68471e-09
0.0441777 0.19261 -17.7468 2.15893e-09
0.0442874 0.19281 -18.0925 2.14579e-09
0.044402 0.19303 -18.6245 2.41721e-09
0.0445279 0.193287 -18.9898 2.65713e-09
0.0446866 0.193637 -19.3258 3.13812e-09
0.0448338 0.193995 -19.9064 3.04832e-09
0.0449465 0.194296 -20.285 3.04315e-09
0.045041 0.194572 -19.8368 2.95504e-09
0.0451329 0.194866 -20.2762 2.40732e-09
0.0452148 0.195156 -20.2918 3.03285e-09
0.0452874 0.195443 -19.5143 2.77002e-09
0.0453694 0.195814 -19.5266 2.30255e-09
0.045466 0.196361 -18.0899 2.30922e-09
0.0455569 0.197163 -15.9353 -1.70936e-09
