x y fp fmu
0.0481566 0.198 -7.04824 2.21684e-09
0.0481251 0.198831 -6.87628 3.95055e-10
0.0480217 0.199717 -5.987 5.4801e-10
0.0478667 0.200508 -4.7235 4.89968e-10
0.0477196 0.20107 -3.75604 6.99478e-10
0.0475977 0.201462 -3.09793 4.5941e-10
0.0474859 0.201782 -2.4337 6.37788e-10
0.0473606 0.202108 -1.2739 7.43411e-10
0.0472175 0.202447 -1.50083 2.49009e-10
0.0470592 0.202789 -0.0454898 7.1783e-11
0.0468809 0.203142 0.663076 2.25222e-10
0.0466462 0.203563 1.86796 2.90244e-10
0.046285 0.204138 3.44463 1.71025e-10
0.0458783 0.204703 5.07341 1.0202e-10
0.0455118 0.205155 6.39648 -9.46974e-11
0.0450839 0.205626 7.91224 -8.33351e-11
0.0447358 0.205972 9.01664 -3.60409e-11
0.0444438 0.20624 9.72945 -1.42653e-10
0.0442257 0.206428 10.3274 1.7928e-10
0.0440241 0.206593 11.054 -3.07239e-10
0.043821 0.206751 11.4124 -1.93173e-10
0.0436081 0.206909 12.0435 -1.744e-10
0.0433818 0.207069 12.5008 -1.82463e-10
0.0431547 0.207221 12.9471 1.27198e-10
0.0429356 0.20736 13.3323 -1.10828e-10
0.0427315 0.207483 13.9027 -2.08838e-10
0.0424693 0.207632 14.6101 -1.05171e-10
0.0422314 0.207759 14.7818 2.07453e-10
0.0419049 0.207922 15.8361 5.03945e-10
0.0415528 0.208083 16.1924 -1.34903e-09
0.0412183 0.208223 15.9187 -2.61846e-10
0.0409548 0.208323 16.7445 -1.30393e-10
0.04067 0.208424 17.1212 -2.41658e-10
0.0403855 0.208515 17.4995 9.15747e-11
0.0400714 0.208607 17.736 -8.4499e-11
0.039791 0.20868 18.4166 -1.30491e-10
0.0395431 0.208738 18.1472 -4.35364e-11
0.0393033 0.208788 17.9359 1.87836e-10
0.0390733 0.208832 18.4834 -1.61439e-10
0.0388553 0.208868 18.7293 4.91254e-11
0.0386332 0.2089 18.9561 -1.80952e-11
0.03839 0.208931 18.8203 8.32675e-12
0.0381041 0.208959 18.7249 1.59984e-10
0.0377573 0.208984 19.0481 -1.13867e-10
0.0372903 0.208999 19.0314 1.05739e-10
0.0367957 0.208994 18.8878 1.39049e-10
0.0363289 0.208969 18.7989 1.91742e-10
0.0358644 0.208924 18.5872 3.45585e-10
0.035414 0.208861 17.7177 1.47726e-10
0.0349645 0.208779 18.105 -2.2775e-10
0.0345029 0.208675 17.5609 4.57515e-10
0.0341879 0.208592 16.8709 4.30675e-10
0.0338881 0.208503 16.5406 2.54193e-10
0.0336052 0.208411 16.2653 5.27908e-10
0.0333577 0.208323 15.9347 6.09932e-10
0.0331267 0.208235 15.1866 2.69801e-10
0.0329108 0.208148 14.857 4.7741e-10
0.0326382 0.208029 14.7533 4.48527e-10
0.0322762 0.207858 13.9218 4.16143e-10
0.0319496 0.20769 13.3673 5.41558e-10
0.0316294 0.207511 12.5348 5.06822e-10
0.0313914 0.207368 11.6795 5.49155e-10
0.0311795 0.207234 11.1446 3.07766e-10
0.0309407 0.207075 10.4674 6.62591e-10
0.0306164 0.206845 9.62278 5.15872e-10
0.0301533 0.206483 8.14073 7.00846e-10
0.0295581 0.205954 5.75186 8.42511e-10
0.0289404 0.205314 3.13224 6.85808e-10
0.0283915 0.204646 0.364424 -4.31674e-11
0.0279375 0.204001 -2.2576 4.24237e-10
0.0275386 0.203338 -4.77906 3.67469e-10
0.0272633 0.202809 -6.65411 1.53386e-10
0.027074 0.202398 -8.60721 2.30149e-10
0.0269334 0.20206 -9.44317 4.65485e-10
0.0268193 0.20176 -10.3887 -1.53497e-10
0.0267184 0.201471 -13.1037 7.90429e-10
0.0266289 0.201189 -14.9547 -7.12731e-11
0.0265379 0.200871 -10.3405 2.00539e-09
0.0264423 0.200491 -15.1307 -1.38239e-09
0.0263524 0.200066 -17.6456 6.57598e-10
0.0262531 0.199454 -19.0932 -1.56027e-09
0.0261795 0.19871 -18.5435 -1.11745e-09
0.0261567 0.197945 -24.8745 1.11752e-10
0.0261847 0.197214 -21.014 -4.39106e-09
0.0262439 0.196617 -22.7512 -5.87785e-09
0.0263225 0.196096 -24.6682 -4.55963e-09
0.026444 0.195502 -25.6075 -2.57966e-09
0.0265852 0.194959 -25.6825 -2.31385e-09
0.0267012 0.194582 -25.369 -2.32155e-09
0.0268237 0.194228 -25.1862 -2.05299e-09
0.0269366 0.193932 -24.8765 -1.89096e-09
0.0270757 0.193598 -24.6184 -1.60725e-09
0.0272634 0.193191 -24.4258 -1.38172e-09
0.0275316 0.192675 -24.2462 -1.23129e-09
0.0279085 0.192044 -24.1815 -1.09532e-09
0.0283217 0.191447 -24.2517 -1.02657e-09
0.0286555 0.191019 -24.2331 -1.00725e-09
0.0289616 0.190662 -24.0537 -9.86078e-10
0.0292768 0.190325 -23.8592 -8.41183e-10
0.0296817 0.18993 -23.4939 -7.02991e-10
0.0301516 0.189519 -22.991 -5.94504e-10
0.0305333 0.189217 -22.662 -4.98336e-10
0.0308136 0.189013 -22.2958 -5.61866e-10
0.0310982 0.188819 -22.1659 -5.35626e-10
0.0313314 0.188669 -21.9538 -4.40814e-10
0.0315697 0.188524 -21.6874 -4.67118e-10
0.0318034 0.18839 -21.6263 -4.26499e-10
0.0320076 0.18828 -21.5056 -3.65201e-10
0.0322761 0.188142 -21.4305 -3.45389e-10
0.0325177 0.188026 -21.3653 -2.60413e-10
0.032793 0.187903 -21.284 -2.47429e-10
0.0330385 0.1878 -21.2073 -2.39373e-10
0.0332631 0.187712 -21.056 -2.6898e-10
0.0335469 0.187609 -21.1017 -3.28448e-10
0.0337936 0.187527 -21.1172 -1.36346e-10
0.0341153 0.187429 -20.8312 -3.33755e-10
0.0343952 0.187352 -20.7553 -2.25993e-10
0.034676 0.187283 -20.6665 -2.65628e-10
0.0349049 0.187233 -20.5982 -1.98162e-10
0.035148 0.187185 -20.2083 -2.92797e-10
0.0353758 0.187145 -19.7701 -5.25291e-10
0.0356014 0.18711 -20.0288 9.33674e-11
0.0358396 0.187079 -20.4148 -2.15266e-10
0.0361098 0.18705 -19.512 -6.60821e-11
0.0363913 0.187027 -19.1203 -3.22687e-10
0.0367517 0.187007 -18.804 -3.22989e-10
0.0371526 0.187 -18.3552 -8.83014e-11
0.0376002 0.187009 -17.6818 1.5947e-12
0.0381171 0.187042 -16.8765 -2.01202e-10
0.0387581 0.187117 -15.697 -4.34955e-10
0.0393514 0.187221 -14.3194 -1.10958e-10
0.0398196 0.187327 -13.6464 -4.4074e-10
0.0401375 0.187412 -13.4347 -6.99724e-10
0.0404407 0.187502 -12.2621 -2.61946e-10
0.0407576 0.187606 -11.5534 -3.89697e-10
0.041 0.187693 -11.0555 -1.15682e-10
0.0412613 0.187795 -10.5963 -1.80143e-10
0.041612 0.187943 -9.93936 -1.48934e-10
0.04193 0.18809 -9.20652 -1.75916e-10
0.0422606 0.188256 -9.03121 -7.55764e-11
0.0425474 0.188412 -8.47749 -1.62239e-10
0.042751 0.188529 -8.15742 -9.92553e-11
0.0429564 0.188653 -7.95055 -7.56819e-11
0.043177 0.188794 -7.67252 -1.48859e-10
0.0434123 0.188952 -7.3793 -3.8166e-11
0.0436446 0.189117 -7.15338 -9.0371e-12
0.0438615 0.18928 -6.9254 -1.46284e-11
0.0440711 0.189445 -6.71422 2.36197e-11
0.0442753 0.189614 -6.51996 -4.4852e-11
0.0445071 0.189816 -6.28167 6.73271e-12
0.0447933 0.190083 -6.00221 2.39453e-11
0.0451342 0.190427 -5.66201 -3.77611e-11
0.0454151 0.190734 -5.36772 -1.73352e-11
0.045672 0.191037 -5.122 3.42427e-11
0.0459278 0.191362 -4.87896 2.97712e-11
0.0461156 0.191617 -4.71199 4.65618e-11
0.0462639 0.191831 -4.5804 6.01045e-11
0.0463891 0.19202 -4.47713 4.23037e-11
0.0465113 0.192213 -4.3654 3.35874e-11
0.0466313 0.192412 -4.26841 6.90662e-11
0.0467455 0.19261 -4.14953 3.74849e-11
0.0468552 0.19281 -4.04731 5.13993e-11
0.0469698 0.19303 -3.93251 3.19866e-11
0.0470957 0.193287 -3.80704 3.59356e-11
0.0472544 0.193637 -3.6603 2.0826e-11
0.0474016 0.193995 -3.54566 1.84265e-11
0.0475143 0.194296 -3.47194 2.26648e-11
0.0476088 0.194572 -3.47497 2.29823e-11
0.0477007 0.194866 -3.46813 6.10618e-11
0.0477826 0.195156 -3.48189 3.49503e-11
0.0478552 0.195443 -3.6301 6.00323e-11
0.0479372 0.195814 -3.83418 1.15695e-10
0.0480338 0.196361 -4.30829 4.71304e-10
0.0481247 0.197163 -5.86727 6.62734e-10
