x y fp fmu
0.0453455 0.198 -9.0918 7.44231e-10
0.045314 0.198831 -8.917 4.87659e-11
0.0452106 0.199717 -8.4795 2.82626e-10
0.0450556 0.200508 -8.02661 3.62575e-10
0.0449084 0.20107 -7.6467 5.1557e-10
0.0447865 0.201462 -7.38696 4.57159e-10
0.0446748 0.201782 -7.02119 6.02878e-10
0.0445495 0.202108 -6.39258 6.35593e-10
0.0444064 0.202447 -6.56129 4.49044e-10
0.0442481 0.202789 -5.57261 3.09095e-10
0.0440698 0.203142 -5.08898 4.29504e-10
0.0438351 0.203563 -4.13748 4.71945e-10
0.0434738 0.204138 -2.79904 4.38719e-10
0.0430671 0.204703 -1.28355 3.96063e-10
0.0427007 0.205155 -0.0119467 1.89596e-10
0.0422728 0.205626 1.54967 1.9585e-10
0.0419247 0.205972 2.72913 2.34097e-10
0.0416327 0.20624 3.5095 9.90964e-11
0.0414146 0.206428 4.29269 4.47949e-10
0.041213 0.206593 5.11087 -5.97148e-11
0.0410099 0.206751 5.5581 5.66717e-11
0.040797 0.206909 6.38319 7.03229e-11
0.0405707 0.207069 6.94529 2.67446e-11
0.0403436 0.207221 7.5673 3.61245e-10
0.0401244 0.20736 8.09532 8.69382e-11
0.0399204 0.207483 8.91262 3.48486e-11
0.0396582 0.207632 9.83614 1.72787e-10
0.0394203 0.207759 10.0757 5.07583e-10
0.0390938 0.207922 11.9936 1.08011e-09
0.0387417 0.208083 12.0307 -2.05221e-09
0.0384072 0.208223 12.0231 -2.70224e-10
0.0381437 0.208323 13.2721 1.10668e-11
0.0378588 0.208424 13.9685 -9.23021e-11
0.0375744 0.208515 14.5983 3.56564e-10
0.0372603 0.208607 15.1841 1.48514e-10
0.0369799 0.20868 16.3835 6.63349e-11
0.036732 0.208738 15.7539 -7.94757e-11
0.0364922 0.208788 15.9128 3.6031e-10
0.0362622 0.208832 17.0329 3.60112e-11
0.0360442 0.208868 17.4537 3.17398e-10
0.0358221 0.2089 17.9229 1.97726e-10
0.0355789 0.208931 17.7792 6.95083e-11
0.035293 0.208959 18.1589 5.21984e-10
0.0349462 0.208984 18.9244 1.38934e-10
0.0344791 0.208999 19.3035 3.13662e-10
0.0339846 0.208994 19.6968 3.55939e-10
0.0335178 0.208969 20.1367 3.38959e-10
0.0330533 0.208924 20.2208 5.59828e-10
0.0326029 0.208861 20.1529 6.63182e-10
0.0321534 0.208779 20.8655 2.5271e-10
0.0316918 0.208675 20.3935 7.81378e-10
0.0313768 0.208592 20.1904 7.16612e-10
0.031077 0.208503 20.1889 6.90997e-10
0.0307941 0.208411 20.1364 7.89558e-10
0.0305466 0.208323 19.9168 1.03185e-09
0.0303156 0.208235 19.3151 7.44311e-10
0.0300997 0.208148 19.476 6.7783e-10
0.0298271 0.208029 19.4647 7.49798e-10
0.0294651 0.207858 18.9474 7.52971e-10
0.0291385 0.20769 18.5959 9.09247e-10
0.0288183 0.207511 17.9021 9.60623e-10
0.0285803 0.207368 17.2762 9.39019e-10
0.0283683 0.207234 16.9248 7.9818e-10
0.0281296 0.207075 16.4701 1.03823e-09
0.0278053 0.206845 15.886 8.92392e-10
0.0273422 0.206483 14.7 1.15544e-09
0.026747 0.205954 12.7604 1.33503e-09
0.0261293 0.205314 10.5532 1.158e-09
0.0255804 0.204646 7.90081 6.68495e-10
0.0251264 0.204001 5.47076 8.28716e-10
0.0247275 0.203338 3.11819 7.20903e-10
0.0244522 0.202809 1.16644 6.16594e-10
0.0242629 0.202398 -0.807608 5.69188e-10
0.0241223 0.20206 -1.81071 8.26592e-10
0.0240082 0.20176 -3.11673 2.67585e-10
0.0239073 0.201471 -5.64525 9.83743e-10
0.0238178 0.201189 -6.85299 -3.64569e-10
0.0237268 0.200871 -3.79469 1.65075e-09
0.0236312 0.200491 -8.70198 -5.43427e-10
0.0235412 0.200066 -11.1978 7.08771e-10
0.023442 0.199454 -12.9106 -1.58838e-09
0.0233684 0.19871 -13.4154 -1.87417e-09
0.0233456 0.197945 -20.1166 2.29943e-10
0.0233736 0.197214 -17.9586 -4.40073e-09
0.0234328 0.196617 -20.9372 -5.1063e-09
0.0235114 0.196096 -23.9921 -3.5522e-09
0.0236329 0.195502 -25.9467 -2.34945e-09
0.0237741 0.194959 -26.5662 -3.13632e-09
0.0238901 0.194582 -26.8976 -3.40173e-09
0.0240126 0.194228 -27.3488 -3.88434e-09
0.0241255 0.193932 -27.0064 -3.96018e-09
0.0242646 0.193598 -26.9843 -4.05615e-09
0.0244523 0.193191 -26.6009 -4.0731e-09
0.0247204 0.192675 -25.7014 -3.64677e-09
0.0250974 0.192044 -24.6156 -2.72648e-09
0.0255105 0.191447 -23.3149 -2.05464e-09
0.0258444 0.191019 -22.465 -1.72395e-09
0.0261505 0.190662 -21.9175 -1.5192e-09
0.0264657 0.190325 -21.6444 -1.31973e-09
0.0268706 0.18993 -21.42 -1.11168e-09
0.0273405 0.189519 -20.9363 -9.48534e-10
0.0277222 0.189217 -20.8476 -7.71807e-10
0.0280025 0.189013 -20.5458 -8.85107e-10
0.0282871 0.188819 -20.4854 -7.195e-10
0.0285203 0.188669 -20.5656 -5.58266e-10
0.0287586 0.188524 -20.2931 -5.74225e-10
0.0289923 0.18839 -20.2374 -5.57931e-10
0.0291964 0.18828 -20.2946 -4.71064e-10
0.029465 0.188142 -20.2112 -4.70916e-10
0.0297066 0.188026 -20.3287 -3.62114e-10
0.0299819 0.187903 -20.2661 -2.96366e-10
0.0302274 0.1878 -20.2749 -2.74841e-10
0.030452 0.187712 -20.1648 -2.91014e-10
0.0307358 0.187609 -20.2973 -3.17951e-10
0.0309824 0.187527 -20.4271 -1.26838e-10
0.0313041 0.187429 -20.3588 -2.80341e-10
0.0315841 0.187352 -20.4667 -2.04836e-10
0.0318649 0.187283 -20.5887 -2.21341e-10
0.0320938 0.187233 -20.6836 -1.43691e-10
0.0323369 0.187185 -20.5301 -2.2677e-10
0.0325647 0.187145 -20.289 -4.76269e-10
0.0327903 0.18711 -20.6938 2.62174e-10
0.0330285 0.187079 -21.4912 -1.10614e-10
0.0332987 0.18705 -20.8222 3.55829e-11
0.0335802 0.187027 -20.6854 -2.47676e-10
0.0339406 0.187007 -20.681 -2.34594e-10
0.0343415 0.187 -20.5933 1.99836e-11
0.0347891 0.187009 -20.3983 1.19526e-10
0.035306 0.187042 -20.0822 -9.20448e-11
0.035947 0.187117 -19.3995 -3.82987e-10
0.0365403 0.187221 -18.4137 3.77995e-11
0.0370085 0.187327 -18.1392 -4.40969e-10
0.0373264 0.187412 -18.3444 -7.61161e-10
0.0376296 0.187502 -17.0461 -2.68762e-10
0.0379465 0.187606 -16.4085 -3.80989e-10
0.0381889 0.187693 -15.9908 -4.53783e-11
0.0384502 0.187795 -15.6231 -1.40028e-10
0.0388009 0.187943 -15.0203 -1.26384e-10
0.0391189 0.18809 -14.1325 -2.28769e-10
0.0394495 0.188256 -14.3784 -4.1058e-11
0.0397363 0.188412 -13.5971 -3.29456e-10
0.0399399 0.188529 -13.1892 -1.93026e-10
0.0401452 0.188653 -13.018 -1.66323e-10
0.0403659 0.188794 -12.6737 -3.22247e-10
0.0406012 0.188952 -12.3261 -1.19636e-10
0.0408335 0.189117 -12.1338 -8.66111e-11
0.0410504 0.18928 -11.9004 -1.25646e-10
0.04126 0.189445 -11.7122 -6.24684e-11
0.0414642 0.189614 -11.554 -1.65152e-10
0.041696 0.189816 -11.363 -5.64081e-11
0.0419822 0.190083 -11.1875 -3.10438e-11
0.0423231 0.190427 -11.0353 -4.61946e-11
0.042604 0.190734 -10.9088 2.06021e-11
0.0428609 0.191037 -10.8065 6.88012e-11
0.0431167 0.191362 -10.7264 7.82667e-11
0.0433045 0.191617 -10.6641 1.08287e-10
0.0434528 0.191831 -10.6151 1.29022e-10
0.043578 0.19202 -10.5839 1.26017e-10
0.0437002 0.192213 -10.5672 1.14166e-10
0.0438202 0.192412 -10.515 1.50996e-10
0.0439344 0.19261 -10.4658 1.42016e-10
0.0440441 0.19281 -10.4212 1.60926e-10
0.0441586 0.19303 -10.3655 1.54711e-10
0.0442845 0.193287 -10.2982 1.73982e-10
0.0444433 0.193637 -10.1898 1.81528e-10
0.0445905 0.193995 -10.0845 1.75966e-10
0.0447032 0.194296 -9.9917 1.8408e-10
0.0447977 0.194572 -9.88029 1.79476e-10
0.0448896 0.194866 -9.8077 1.5323e-10
0.0449715 0.195156 -9.70968 1.98862e-10
0.0450441 0.195443 -9.61008 1.77131e-10
0.0451261 0.195814 -9.51127 1.78469e-10
0.0452227 0.196361 -9.3234 2.35624e-10
0.0453136 0.197163 -9.16178 1.44258e-10
