x y fp fmu
0.0422988 0.198 -14.597 1.28702e-09
0.0422674 0.198831 -14.1367 1.1471e-10
0.0421639 0.199717 -13.5043 3.30835e-10
0.042009 0.200508 -12.7501 3.97167e-10
0.0418618 0.20107 -12.1958 6.15909e-10
0.0417399 0.201462 -11.8638 5.58874e-10
0.0416281 0.201782 -11.3853 7.76146e-10
0.0415028 0.202108 -10.6287 7.17565e-10
0.0413597 0.202447 -10.896 5.90025e-10
0.0412014 0.202789 -9.70055 3.53432e-10
0.0410231 0.203142 -9.19516 5.48057e-10
0.0407884 0.203563 -8.13457 5.67315e-10
0.0404272 0.204138 -6.68957 5.49042e-10
0.0400205 0.204703 -5.10262 4.68526e-10
0.0396541 0.205155 -3.78526 2.61503e-10
0.0392262 0.205626 -2.10159 2.83791e-10
0.038878 0.205972 -0.815982 3.35439e-10
0.0385861 0.20624 0.00252473 1.62739e-10
0.038368 0.206428 0.914973 5.33184e-10
0.0381664 0.206593 1.77145 9.2272e-12
0.0379633 0.206751 2.25389 1.48281e-10
0.0377503 0.206909 3.19116 1.51971e-10
0.037524 0.207069 3.79008 1.0232e-10
0.0372969 0.207221 4.47394 4.01742e-10
0.0370778 0.20736 5.0535 1.39462e-10
0.0368738 0.207483 6.00704 1.37908e-10
0.0366115 0.207632 6.99162 2.79971e-10
0.0363736 0.207759 7.28559 6.65239e-10
0.0360471 0.207922 9.60993 1.26582e-09
0.035695 0.208083 9.28444 -2.32491e-09
0.0353605 0.208223 9.48961 -3.94507e-10
0.035097 0.208323 10.833 3.96863e-11
0.0348122 0.208424 11.6243 -5.46371e-11
0.0345277 0.208515 12.2991 3.88948e-10
0.0342136 0.208607 13.0239 2.24572e-10
0.0339332 0.20868 14.3158 1.11416e-10
0.0336854 0.208738 13.5625 -7.28827e-11
0.0334455 0.208788 13.9511 3.61167e-10
0.0332155 0.208832 15.2097 9.52895e-11
0.0329975 0.208868 15.6318 3.53243e-10
0.0327754 0.2089 16.1578 2.40129e-10
0.0325323 0.208931 16.0433 6.35516e-11
0.0322463 0.208959 16.6046 5.34132e-10
0.0318995 0.208984 17.4473 1.6793e-10
0.0314325 0.208999 17.9678 3.07329e-10
0.0309379 0.208994 18.5404 3.37221e-10
0.0304712 0.208969 19.1055 2.79824e-10
0.0300066 0.208924 19.3016 4.94506e-10
0.0295562 0.208861 19.5236 6.28963e-10
0.0291067 0.208779 20.2089 2.99553e-10
0.0286451 0.208675 19.8872 7.02876e-10
0.0283301 0.208592 19.8545 6.37451e-10
0.0280303 0.208503 19.9211 6.53419e-10
0.0277475 0.208411 19.9381 7.12588e-10
0.0274999 0.208323 19.7881 9.29384e-10
0.0272689 0.208235 19.3195 7.13954e-10
0.027053 0.208148 19.5757 6.19501e-10
0.0267804 0.208029 19.549 7.148e-10
0.0264185 0.207858 19.1603 7.16567e-10
0.0260918 0.20769 18.8737 8.74303e-10
0.0257716 0.207511 18.3082 9.28344e-10
0.0255337 0.207368 17.8248 8.88133e-10
0.0253217 0.207234 17.5446 7.55889e-10
0.0250829 0.207075 17.1795 9.90564e-10
0.0247586 0.206845 16.6799 8.53837e-10
0.0242956 0.206483 15.6457 1.13009e-09
0.0237003 0.205954 13.9493 1.31736e-09
0.0230826 0.205314 11.9255 1.11697e-09
0.0225338 0.204646 9.53735 6.46299e-10
0.0220797 0.204001 7.3626 7.79808e-10
0.0216808 0.203338 5.22172 6.42159e-10
0.0214055 0.202809 3.41735 4.91955e-10
0.0212162 0.202398 1.66052 3.95013e-10
0.0210756 0.20206 0.686823 6.42481e-10
0.0209615 0.20176 -0.500388 7.506e-11
0.0208606 0.201471 -2.53178 7.18853e-10
0.0207711 0.201189 -3.53472 -6.62042e-10
0.0206801 0.200871 -1.70894 9.37059e-10
0.0205845 0.200491 -5.49054 -4.21173e-10
0.0204946 0.200066 -7.54777 3.17285e-10
0.0203953 0.199454 -9.31833 -1.41339e-09
0.0203218 0.19871 -10.2342 -2.2756e-09
0.0202989 0.197945 -15.488 5.98486e-11
0.0203269 0.197214 -14.3798 -3.97966e-09
0.0203861 0.196617 -16.2795 -4.62646e-09
0.0204648 0.196096 -18.6168 -3.3562e-09
0.0205862 0.195502 -19.9612 -2.67276e-09
0.0207274 0.194959 -20.3343 -3.22232e-09
0.0208435 0.194582 -20.227 -3.42025e-09
0.0209659 0.194228 -20.0748 -3.84871e-09
0.0210788 0.193932 -19.6209 -3.59179e-09
0.0212179 0.193598 -19.0181 -3.79267e-09
0.0214057 0.193191 -18.1568 -3.60646e-09
0.0216738 0.192675 -16.7305 -2.8624e-09
0.0220507 0.192044 -14.986 -2.15324e-09
0.0224639 0.191447 -13.1865 -1.56491e-09
0.0227977 0.191019 -12.4177 -1.22201e-09
0.0231039 0.190662 -12.1521 -1.02787e-09
0.023419 0.190325 -12.064 -8.49062e-10
0.023824 0.18993 -12.1983 -7.08318e-10
0.0242938 0.189519 -12.304 -5.50033e-10
0.0246756 0.189217 -12.5621 -4.564e-10
0.0249558 0.189013 -12.6466 -5.02546e-10
0.0252404 0.188819 -12.8456 -4.17865e-10
0.0254736 0.188669 -13.0735 -3.20747e-10
0.0257119 0.188524 -13.124 -3.51522e-10
0.0259457 0.18839 -13.3045 -3.46311e-10
0.0261498 0.18828 -13.5049 -2.86506e-10
0.0264184 0.188142 -13.6996 -2.95162e-10
0.0266599 0.188026 -13.9622 -2.11021e-10
0.0269352 0.187903 -14.146 -1.97294e-10
0.0271807 0.1878 -14.3338 -1.81302e-10
0.0274053 0.187712 -14.4199 -2.16701e-10
0.0276891 0.187609 -14.7255 -2.43432e-10
0.0279358 0.187527 -14.9934 -8.70166e-11
0.0282575 0.187429 -15.1217 -2.45749e-10
0.0285374 0.187352 -15.3608 -1.86779e-10
0.0288182 0.187283 -15.5998 -2.24041e-10
0.0290472 0.187233 -15.7923 -1.27613e-10
0.0292903 0.187185 -15.7595 -2.12459e-10
0.0295181 0.187145 -15.4721 -5.06672e-10
0.0297436 0.18711 -15.8501 2.89175e-10
0.0299818 0.187079 -17.1388 -2.84951e-10
0.030252 0.18705 -16.4352 -9.82953e-12
0.0305335 0.187027 -16.3155 -3.18726e-10
0.0308939 0.187007 -16.4027 -2.5102e-10
0.0312948 0.187 -16.4134 -3.09817e-11
0.0317425 0.187009 -16.3201 1.01604e-10
0.0322593 0.187042 -16.0996 -2.20093e-10
0.0329003 0.187117 -15.601 -4.66611e-10
0.0334937 0.187221 -14.8313 -3.54594e-13
0.0339618 0.187327 -14.6702 -6.21801e-10
0.0342797 0.187412 -15.2627 -6.99608e-10
0.0345829 0.187502 -14.2593 -3.25197e-10
0.0348998 0.187606 -13.9226 -3.20038e-10
0.0351422 0.187693 -13.7834 -8.97146e-11
0.0354035 0.187795 -13.695 -1.187e-10
0.0357542 0.187943 -13.5978 -9.62374e-11
0.0360723 0.18809 -13.3728 -1.10875e-10
0.0364028 0.188256 -13.5908 3.48199e-11
0.0366897 0.188412 -13.5849 -8.13107e-11
0.0368932 0.188529 -13.5935 -2.04583e-11
0.0370986 0.188653 -13.6712 -4.3088e-12
0.0373192 0.188794 -13.8097 4.53915e-11
0.0375545 0.188952 -13.9484 5.59698e-11
0.0377868 0.189117 -14.068 1.16876e-10
0.0380037 0.18928 -14.2357 1.33356e-10
0.0382134 0.189445 -14.3689 1.64546e-10
0.0384176 0.189614 -14.5348 2.54196e-10
0.0386493 0.189816 -14.7177 2.44586e-10
0.0389356 0.190083 -14.905 2.67334e-10
0.0392764 0.190427 -15.1256 3.34087e-10
0.0395574 0.190734 -15.3226 2.69184e-10
0.0398142 0.191037 -15.3733 2.89777e-10
0.04007 0.191362 -15.4189 3.10857e-10
0.0402578 0.191617 -15.4378 3.06598e-10
0.0404062 0.191831 -15.4151 3.46935e-10
0.0405313 0.19202 -15.3571 3.14725e-10
0.0406536 0.192213 -15.3888 2.36842e-10
0.0407736 0.192412 -15.3993 3.03368e-10
0.0408877 0.19261 -15.3177 2.38608e-10
0.0409974 0.19281 -15.2973 2.72323e-10
0.041112 0.19303 -15.2426 2.32946e-10
0.0412379 0.193287 -15.2064 2.49344e-10
0.0413966 0.193637 -15.1029 2.43637e-10
0.0415438 0.193995 -15.0238 2.28185e-10
0.0416565 0.194296 -14.9714 2.42923e-10
0.041751 0.194572 -14.8846 2.43342e-10
0.0418429 0.194866 -14.8779 2.1378e-10
0.0419248 0.195156 -14.833 2.76373e-10
0.0419974 0.195443 -14.791 2.66835e-10
0.0420795 0.195814 -14.7742 2.83036e-10
0.0421761 0.196361 -14.648 3.75254e-10
0.0422669 0.197163 -14.6076 1.96166e-10
