x y fp fmu
0.0414398 0.198 -16.5072 2.39611e-09
0.0414083 0.198831 -15.9586 1.93677e-10
0.0413049 0.199717 -15.2943 4.21609e-10
0.0411499 0.200508 -14.3607 5.60945e-10
0.0410027 0.20107 -13.6688 8.18796e-10
0.0408808 0.201462 -13.2381 7.23354e-10
0.0407691 0.201782 -12.6221 1.05409e-09
0.0406438 0.202108 -11.6046 8.71988e-10
0.0405007 0.202447 -12.3615 7.07152e-10
0.0403424 0.202789 -10.8 3.25933e-10
0.0401641 0.203142 -10.2523 6.21793e-10
0.0399294 0.203563 -9.04579 5.93302e-10
0.0395681 0.204138 -7.48786 5.6981e-10
0.0391614 0.204703 -5.85576 4.8855e-10
0.038795 0.205155 -4.46056 2.77847e-10
0.0383671 0.205626 -2.72656 3.12304e-10
0.0380189 0.205972 -1.42327 3.81965e-10
0.037727 0.20624 -0.593633 1.89673e-10
0.0375089 0.206428 0.390645 6.23769e-10
0.0373073 0.206593 1.26803 -1.57823e-11
0.0371042 0.206751 1.6959 1.49396e-10
0.0368913 0.206909 2.67156 1.41147e-10
0.036665 0.207069 3.22598 6.34709e-11
0.0364379 0.207221 3.90037 4.11716e-10
0.0362187 0.20736 4.45193 1.06166e-10
0.0360147 0.207483 5.45438 1.02279e-10
0.0357525 0.207632 6.40721 2.44333e-10
0.0355145 0.207759 6.66909 6.97177e-10
0.0351881 0.207922 9.11373 1.32212e-09
0.034836 0.208083 8.61432 -2.4386e-09
0.0345015 0.208223 8.8324 -4.9926e-10
0.034238 0.208323 10.2356 2.61214e-11
0.0339531 0.208424 11.015 -7.5919e-11
0.0336687 0.208515 11.6719 3.68632e-10
0.0333546 0.208607 12.398 2.16584e-10
0.0330742 0.20868 13.6729 9.28261e-11
0.0328263 0.208738 12.8999 -9.09181e-11
0.0325865 0.208788 13.3278 3.22477e-10
0.0323565 0.208832 14.5569 8.16022e-11
0.0321385 0.208868 14.9378 3.25735e-10
0.0319164 0.2089 15.4413 2.07703e-10
0.0316732 0.208931 15.3411 3.57229e-11
0.0313873 0.208959 15.8977 4.77627e-10
0.0310404 0.208984 16.6798 1.35798e-10
0.0305734 0.208999 17.1895 2.4895e-10
0.0300789 0.208994 17.7478 2.73508e-10
0.0296121 0.208969 18.2997 2.27113e-10
0.0291476 0.208924 18.4943 4.0587e-10
0.0286972 0.208861 18.7068 5.14234e-10
0.0282477 0.208779 19.3386 2.09367e-10
0.0277861 0.208675 19.0825 5.72214e-10
0.0274711 0.208592 19.0528 5.14226e-10
0.0271713 0.208503 19.0956 5.14566e-10
0.0268884 0.208411 19.1091 5.83135e-10
0.0266409 0.208323 18.9769 7.55371e-10
0.0264099 0.208235 18.5598 5.55791e-10
0.026194 0.208148 18.7518 5.08994e-10
0.0259214 0.208029 18.7089 5.85566e-10
0.0255594 0.207858 18.3429 5.65038e-10
0.0252328 0.20769 18.0709 6.9543e-10
0.0249126 0.207511 17.5478 7.40315e-10
0.0246746 0.207368 17.0837 7.14502e-10
0.0244626 0.207234 16.8001 5.69373e-10
0.0242239 0.207075 16.4335 8.01863e-10
0.0238996 0.206845 15.9369 6.57599e-10
0.0234365 0.206483 14.9439 8.76768e-10
0.0228413 0.205954 13.3127 1.02395e-09
0.0222236 0.205314 11.3584 7.92443e-10
0.0216747 0.204646 9.0946 3.04533e-10
0.0212207 0.204001 6.99176 4.32885e-10
0.0208218 0.203338 4.92601 3.06138e-10
0.0205465 0.202809 3.22449 1.38947e-10
0.0203572 0.202398 1.5835 6.44165e-11
0.0202166 0.20206 0.667663 2.89344e-10
0.0201025 0.20176 -0.422086 -2.47296e-10
0.0200016 0.201471 -2.28387 4.04949e-10
0.0199121 0.201189 -3.28557 -8.27398e-10
0.0198211 0.200871 -1.72621 4.94936e-10
0.0197255 0.200491 -5.0261 -5.78963e-10
0.0196355 0.200066 -6.86277 3.4346e-11
0.0195363 0.199454 -8.56249 -1.39896e-09
0.0194627 0.19871 -9.46147 -2.30964e-09
0.0194399 0.197945 -14.0648 -6.84337e-11
0.0194678 0.197214 -13.2865 -3.50556e-09
0.0195271 0.196617 -14.8202 -4.05755e-09
0.0196057 0.196096 -16.6953 -2.98529e-09
0.0197272 0.195502 -17.5558 -2.38741e-09
0.0198684 0.194959 -17.5218 -2.84455e-09
0.0199844 0.194582 -17.277 -2.94371e-09
0.0201069 0.194228 -16.9443 -2.97733e-09
0.0202198 0.193932 -16.4521 -2.804e-09
0.0203588 0.193598 -15.7696 -2.66038e-09
0.0205466 0.193191 -14.8767 -2.22168e-09
0.0208147 0.192675 -13.6383 -1.69531e-09
0.0211917 0.192044 -11.9932 -1.38137e-09
0.0216048 0.191447 -10.649 -9.02842e-10
0.0219387 0.191019 -10.2854 -6.44704e-10
0.0222448 0.190662 -10.0238 -6.05772e-10
0.02256 0.190325 -9.96455 -4.87319e-10
0.0229649 0.18993 -10.081 -3.75936e-10
0.0234348 0.189519 -10.1594 -2.9218e-10
0.0238165 0.189217 -10.3599 -2.63369e-10
0.0240968 0.189013 -10.4784 -2.69384e-10
0.0243814 0.188819 -10.66 -2.20619e-10
0.0246146 0.188669 -10.8493 -1.80268e-10
0.0248529 0.188524 -10.9614 -2.05901e-10
0.0250866 0.18839 -11.1577 -2.04127e-10
0.0252907 0.18828 -11.3357 -1.66965e-10
0.0255593 0.188142 -11.5606 -1.72104e-10
0.0258009 0.188026 -11.7924 -1.23465e-10
0.0260762 0.187903 -12.0243 -1.26237e-10
0.0263217 0.1878 -12.2265 -1.1376e-10
0.0265463 0.187712 -12.37 -1.54069e-10
0.0268301 0.187609 -12.682 -1.72512e-10
0.0270767 0.187527 -12.9435 -5.74466e-11
0.0273984 0.187429 -13.1299 -1.93926e-10
0.0276784 0.187352 -13.3695 -1.53729e-10
0.0279592 0.187283 -13.608 -2.03931e-10
0.0281881 0.187233 -13.8022 -1.14804e-10
0.0284312 0.187185 -13.8038 -1.9667e-10
0.028659 0.187145 -13.484 -4.8154e-10
0.0288846 0.18711 -13.7482 2.86108e-10
0.0291227 0.187079 -15.1371 -3.41145e-10
0.029393 0.18705 -14.4594 -4.61607e-11
0.0296745 0.187027 -14.2699 -3.47706e-10
0.0300349 0.187007 -14.29 -2.81862e-10
0.0304358 0.187 -14.3335 -6.8981e-11
0.0308834 0.187009 -14.2429 6.86802e-11
0.0314002 0.187042 -14.0881 -2.71246e-10
0.0320413 0.187117 -13.8181 -4.14744e-10
0.0326346 0.187221 -13.4035 6.61688e-12
0.0331028 0.187327 -13.405 -4.63899e-10
0.0334207 0.187412 -13.9753 -3.95949e-10
0.0337239 0.187502 -13.5633 -1.672e-10
0.0340408 0.187606 -13.5951 -1.11298e-10
0.0342832 0.187693 -13.7159 -1.01868e-11
0.0345445 0.187795 -13.867 2.66691e-11
0.0348952 0.187943 -14.1451 7.14015e-11
0.0352132 0.18809 -14.5214 1.41353e-10
0.0355438 0.188256 -14.5544 1.92511e-10
0.0358306 0.188412 -15.0029 2.8369e-10
0.0360342 0.188529 -15.3113 2.27429e-10
0.0362395 0.188653 -15.4749 2.41335e-10
0.0364602 0.188794 -15.7818 3.74276e-10
0.0366955 0.188952 -16.1393 2.53511e-10
0.0369278 0.189117 -16.3244 2.96803e-10
0.0371447 0.18928 -16.5658 3.43525e-10
0.0373543 0.189445 -16.744 3.36526e-10
0.0375585 0.189614 -16.9048 4.59319e-10
0.0377903 0.189816 -17.1101 3.77093e-10
0.0380765 0.190083 -17.2588 4.01716e-10
0.0384174 0.190427 -17.3332 4.22503e-10
0.0386983 0.190734 -17.4222 2.76026e-10
0.0389552 0.191037 -17.401 3.08126e-10
0.039211 0.191362 -17.3169 2.96496e-10
0.0393987 0.191617 -17.2893 2.77688e-10
0.0395471 0.191831 -17.2143 3.111e-10
0.0396723 0.19202 -17.0912 2.67606e-10
0.0397945 0.192213 -17.0635 1.9113e-10
0.0399145 0.192412 -17.1212 2.99662e-10
0.0400287 0.19261 -17.0081 1.95177e-10
0.0401384 0.19281 -16.9887 2.54643e-10
0.0402529 0.19303 -16.9489 2.18681e-10
0.0403788 0.193287 -16.9438 2.51507e-10
0.0405376 0.193637 -16.906 2.66618e-10
0.0406848 0.193995 -16.9099 2.81547e-10
0.0407974 0.194296 -16.9083 3.29875e-10
0.0408919 0.194572 -16.8831 3.62865e-10
0.0409839 0.194866 -16.9562 3.548e-10
0.0410658 0.195156 -16.9153 4.23357e-10
0.0411384 0.195443 -16.8926 4.42473e-10
0.0412204 0.195814 -16.9035 4.36181e-10
0.041317 0.196361 -16.705 5.39687e-10
0.0414079 0.197163 -16.5989 1.29425e-10
