x y fp fmu
0.0407001 0.198 -18.0393 3.23515e-09
0.0406687 0.198831 -17.1446 3.24237e-10
0.0405652 0.199717 -16.404 5.15358e-10
0.0404103 0.200508 -14.9065 6.50286e-10
0.0402631 0.20107 -13.9019 9.88289e-10
0.0401412 0.201462 -13.3404 8.23799e-10
0.0400294 0.201782 -12.5519 1.37638e-09
0.0399041 0.202108 -11.1638 1.05953e-09
0.0397611 0.202447 -12.5898 7.92342e-10
0.0396028 0.202789 -10.4922 1.61639e-10
0.0394244 0.203142 -9.99231 6.42731e-10
0.0391898 0.203563 -8.628 5.99662e-10
0.0388285 0.204138 -6.95238 5.89332e-10
0.0384218 0.204703 -5.20382 4.94609e-10
0.0380554 0.205155 -3.72329 2.41362e-10
0.0376275 0.205626 -1.88337 2.3404e-10
0.0372793 0.205972 -0.548398 2.77746e-10
0.0369874 0.20624 0.163995 6.82091e-12
0.0367693 0.206428 1.21716 5.57819e-10
0.0365677 0.206593 2.13709 -2.23387e-10
0.0363646 0.206751 2.50097 -1.31685e-11
0.0361516 0.206909 3.51837 -1.31416e-11
0.0359253 0.207069 4.03043 -6.06886e-11
0.0356982 0.207221 4.69047 3.36911e-10
0.0354791 0.20736 5.21051 -2.47146e-11
0.0352751 0.207483 6.23584 -4.79865e-11
0.0350128 0.207632 7.17009 1.22902e-10
0.0347749 0.207759 7.38557 6.38025e-10
0.0344484 0.207922 9.81513 1.24783e-09
0.0340963 0.208083 9.17559 -2.59022e-09
0.0337619 0.208223 9.38348 -6.05701e-10
0.0334983 0.208323 10.7728 -3.59412e-11
0.0332135 0.208424 11.4833 -1.67658e-10
0.032929 0.208515 12.0789 2.81896e-10
0.0326149 0.208607 12.7351 1.16798e-10
0.0323345 0.20868 13.9091 -2.37718e-11
0.0320867 0.208738 13.166 -1.24028e-10
0.0318468 0.208788 13.5535 2.50381e-10
0.0316168 0.208832 14.7176 4.90233e-12
0.0313988 0.208868 15.0508 2.31901e-10
0.0311767 0.2089 15.5033 1.18784e-10
0.0309336 0.208931 15.4114 -1.98754e-11
0.0306476 0.208959 15.891 3.64856e-10
0.0303008 0.208984 16.5928 3.94451e-11
0.0298338 0.208999 17.053 1.63674e-10
0.0293392 0.208994 17.5303 1.8133e-10
0.0288725 0.208969 18.0158 1.62998e-10
0.0284079 0.208924 18.1836 3.22171e-10
0.0279575 0.208861 18.2885 3.7774e-10
0.027508 0.208779 18.8761 7.7455e-11
0.0270464 0.208675 18.6459 4.5594e-10
0.0267314 0.208592 18.5752 4.0118e-10
0.0264316 0.208503 18.5835 3.70995e-10
0.0261488 0.208411 18.5774 4.68512e-10
0.0259012 0.208323 18.4484 5.95669e-10
0.0256702 0.208235 18.0506 3.96487e-10
0.0254543 0.208148 18.1752 3.97794e-10
0.0251818 0.208029 18.1269 4.49805e-10
0.0248198 0.207858 17.7714 4.18206e-10
0.0244931 0.20769 17.5066 5.30468e-10
0.024173 0.207511 17.0234 5.54356e-10
0.023935 0.207368 16.5802 5.4847e-10
0.023723 0.207234 16.2947 3.98976e-10
0.0234842 0.207075 15.9348 6.48417e-10
0.0231599 0.206845 15.4426 5.13444e-10
0.0226969 0.206483 14.4978 7.08988e-10
0.0221016 0.205954 12.9656 8.30317e-10
0.021484 0.205314 11.1645 5.53657e-10
0.0209351 0.204646 9.07783 6.97595e-11
0.020481 0.204001 7.12133 2.1315e-10
0.0200821 0.203338 5.17804 9.80717e-11
0.0198068 0.202809 3.64167 -8.65594e-11
0.0196175 0.202398 2.18769 -1.55039e-10
0.019477 0.20206 1.36345 3.14769e-11
0.0193629 0.20176 0.415204 -4.20672e-10
0.0192619 0.201471 -1.22219 2.04216e-10
0.0191724 0.201189 -2.16264 -8.24469e-10
0.0190814 0.200871 -0.924091 2.5209e-10
0.0189859 0.200491 -3.67091 -5.72559e-10
0.0188959 0.200066 -5.23988 -3.54757e-11
0.0187967 0.199454 -6.77936 -1.17203e-09
0.0187231 0.19871 -7.61897 -1.98112e-09
0.0187002 0.197945 -11.3296 -1.39082e-10
0.0187282 0.197214 -10.9546 -2.74204e-09
0.0187874 0.196617 -12.1466 -3.15786e-09
0.0188661 0.196096 -13.3537 -2.44852e-09
0.0189875 0.195502 -13.7931 -2.07287e-09
0.0191287 0.194959 -13.6972 -2.12555e-09
0.0192448 0.194582 -13.3275 -2.0846e-09
0.0193672 0.194228 -12.9428 -1.86198e-09
0.0194801 0.193932 -12.4399 -1.80469e-09
0.0196192 0.193598 -11.8655 -1.50345e-09
0.019807 0.193191 -11.1203 -1.26513e-09
0.0200751 0.192675 -10.165 -9.75819e-10
0.020452 0.192044 -9.02131 -7.8432e-10
0.0208652 0.191447 -8.52725 -4.41189e-10
0.021199 0.191019 -8.36701 -3.12795e-10
0.0215052 0.190662 -8.32421 -2.7025e-10
0.0218203 0.190325 -8.39593 -2.2718e-10
0.0222253 0.18993 -8.56867 -2.22007e-10
0.0226951 0.189519 -8.74076 -1.8317e-10
0.0230769 0.189217 -8.96654 -1.6606e-10
0.0233571 0.189013 -9.11629 -1.70463e-10
0.0236418 0.188819 -9.31243 -1.64447e-10
0.0238749 0.188669 -9.47573 -1.44398e-10
0.0241132 0.188524 -9.60262 -1.70972e-10
0.024347 0.18839 -9.78174 -1.73738e-10
0.0245511 0.18828 -9.93131 -1.51665e-10
0.0248197 0.188142 -10.125 -1.60201e-10
0.0250612 0.188026 -10.3177 -1.24544e-10
0.0253365 0.187903 -10.5086 -1.25834e-10
0.0255821 0.1878 -10.6843 -1.14475e-10
0.0258066 0.187712 -10.7969 -1.45114e-10
0.0260904 0.187609 -11.0243 -1.7286e-10
0.0263371 0.187527 -11.2537 -7.06951e-11
0.0266588 0.187429 -11.3894 -2.24374e-10
0.0269388 0.187352 -11.5347 -1.5609e-10
0.0272196 0.187283 -11.6956 -2.18016e-10
0.0274485 0.187233 -11.8591 -1.18866e-10
0.0276916 0.187185 -11.8541 -1.81651e-10
0.0279194 0.187145 -11.4564 -4.52782e-10
0.0281449 0.18711 -11.5947 2.24871e-10
0.0283831 0.187079 -12.9966 -4.09183e-10
0.0286533 0.18705 -12.399 -7.44495e-11
0.0289349 0.187027 -12.1924 -3.18618e-10
0.0292952 0.187007 -12.2177 -2.0277e-10
0.0296961 0.187 -12.3706 -2.14459e-11
0.0301438 0.187009 -12.4691 5.01275e-11
0.0306606 0.187042 -12.6777 -1.6087e-10
0.0313016 0.187117 -13.0979 -4.16896e-11
0.031895 0.187221 -13.6514 1.20544e-10
0.0323632 0.187327 -14.0735 2.15246e-10
0.032681 0.187412 -14.2135 3.46121e-10
0.0329842 0.187502 -14.8949 2.68346e-10
0.0333012 0.187606 -15.4374 3.26839e-10
0.0335435 0.187693 -15.8185 2.08371e-10
0.0338049 0.187795 -16.1918 2.69937e-10
0.0341555 0.187943 -16.6859 3.23848e-10
0.0344736 0.18809 -17.5006 3.99968e-10
0.0348041 0.188256 -17.3171 3.60937e-10
0.035091 0.188412 -17.8202 5.94462e-10
0.0352945 0.188529 -18.2559 4.45268e-10
0.0354999 0.188653 -18.3551 4.61703e-10
0.0357205 0.188794 -18.5622 5.89517e-10
0.0359558 0.188952 -18.8863 4.01686e-10
0.0361881 0.189117 -18.9665 4.02411e-10
0.036405 0.18928 -19.0556 4.55505e-10
0.0366147 0.189445 -19.1152 4.18562e-10
0.0368189 0.189614 -19.0942 4.64578e-10
0.0370506 0.189816 -19.1154 3.63201e-10
0.0373369 0.190083 -19.0451 4.03687e-10
0.0376777 0.190427 -18.8154 3.22058e-10
0.0379587 0.190734 -18.6987 1.78783e-10
0.0382155 0.191037 -18.6415 2.67434e-10
0.0384713 0.191362 -18.4978 2.22226e-10
0.0386591 0.191617 -18.4759 2.41879e-10
0.0388075 0.191831 -18.4133 2.74363e-10
0.0389327 0.19202 -18.3238 2.55284e-10
0.0390549 0.192213 -18.3392 2.18979e-10
0.0391749 0.192412 -18.4512 3.49013e-10
0.039289 0.19261 -18.4078 2.67852e-10
0.0393987 0.19281 -18.4433 3.36142e-10
0.0395133 0.19303 -18.4933 3.4114e-10
0.0396392 0.193287 -18.5534 3.93361e-10
0.0397979 0.193637 -18.6024 4.59218e-10
0.0399451 0.193995 -18.6902 5.12966e-10
0.0400578 0.194296 -18.7117 5.95476e-10
0.0401523 0.194572 -18.6707 6.58011e-10
0.0402442 0.194866 -18.7712 6.0831e-10
0.0403262 0.195156 -18.6855 6.82278e-10
0.0403987 0.195443 -18.5692 6.82839e-10
0.0404808 0.195814 -18.5475 6.20736e-10
0.0405774 0.196361 -18.1813 7.25307e-10
0.0406683 0.197163 -17.9808 8.20053e-11
