x y fp fmu
0.0405392 0.198 -21.8528 4.09658e-08
0.0405077 0.198831 -19.9485 -1.63913e-10
0.0404043 0.199717 -18.2779 -1.16883e-09
0.0402493 0.200508 -13.6467 -5.71582e-10
0.0401022 0.20107 -11.0848 2.83642e-10
0.0399802 0.201462 -9.73913 -1.99211e-10
0.0398685 0.201782 -8.26029 9.3981e-10
0.0397432 0.202108 -4.9392 4.48899e-10
0.0396001 0.202447 -7.99625 3.67737e-11
0.0394418 0.202789 -4.30666 -1.36063e-09
0.0392635 0.203142 -3.3727 -3.15697e-10
0.0390288 0.203563 -1.39393 -5.58117e-10
0.0386675 0.204138 1.06617 -5.12106e-10
0.0382608 0.204703 3.36026 -6.30069e-10
0.0378944 0.205155 5.07447 -8.72076e-10
0.0374665 0.205626 7.15058 -8.26455e-10
0.0371184 0.205972 8.55005 -6.85442e-10
0.0368264 0.20624 9.15812 -8.89797e-10
0.0366083 0.206428 9.94376 -5.05973e-10
0.0364067 0.206593 11.0004 -1.15761e-09
0.0362036 0.206751 11.3069 -8.71677e-10
0.0359907 0.206909 12.198 -9.02154e-10
0.0357644 0.207069 12.7223 -8.76768e-10
0.0355373 0.207221 13.2129 -5.91435e-10
0.0353181 0.20736 13.6047 -8.23409e-10
0.0351141 0.207483 14.3786 -9.49971e-10
0.0348519 0.207632 15.3394 -7.23011e-10
0.034614 0.207759 15.3939 -1.47669e-10
0.0342875 0.207922 16.7648 6.17285e-11
0.0339354 0.208083 16.89 -2.00865e-09
0.0336009 0.208223 16.4733 -1.05736e-09
0.0333374 0.208323 17.3764 -6.06054e-10
0.0330525 0.208424 17.7905 -7.7238e-10
0.0327681 0.208515 18.1926 -4.55803e-10
0.032454 0.208607 18.3279 -5.19928e-10
0.0321736 0.20868 19.0797 -6.73897e-10
0.0319257 0.208738 18.9265 -2.97402e-10
0.0316859 0.208788 18.4806 -2.20339e-10
0.0314559 0.208832 18.9221 -6.45549e-10
0.0312379 0.208868 19.2312 -4.33959e-10
0.0310158 0.2089 19.475 -4.15224e-10
0.0307726 0.208931 19.339 -2.8878e-10
0.0304867 0.208959 19.0793 -3.50281e-10
0.0301399 0.208984 19.3718 -6.2377e-10
0.0296728 0.208999 19.3428 -2.55795e-10
0.0291783 0.208994 19.0983 -2.32767e-10
0.0287115 0.208969 18.9427 -1.32563e-10
0.028247 0.208924 18.6439 1.87245e-11
0.0277966 0.208861 17.6036 -2.74793e-10
0.0273471 0.208779 18.0468 -7.08508e-10
0.0268855 0.208675 17.4055 1.23251e-10
0.0265705 0.208592 16.7081 6.5735e-11
0.0262707 0.208503 16.3531 -1.73794e-10
0.0259878 0.208411 16.028 1.91836e-10
0.0257403 0.208323 15.6784 1.84143e-10
0.0255093 0.208235 14.966 -1.63375e-10
0.0252934 0.208148 14.6875 9.54271e-11
0.0250208 0.208029 14.4886 1.41645e-11
0.0246588 0.207858 13.7242 -4.3912e-11
0.0243322 0.20769 13.1287 3.6215e-11
0.024012 0.207511 12.3611 -1.17854e-11
0.023774 0.207368 11.6575 1.95387e-11
0.023562 0.207234 11.1738 -1.96219e-10
0.0233233 0.207075 10.5869 1.08966e-10
0.022999 0.206845 9.81557 -2.09954e-11
0.0225359 0.206483 8.55661 8.88215e-11
0.0219407 0.205954 6.71319 1.54597e-10
0.021323 0.205314 4.72011 -1.06397e-10
0.0207741 0.204646 2.73648 -4.73987e-10
0.0203201 0.204001 0.95148 -3.001e-10
0.0199212 0.203338 -0.660064 -3.80252e-10
0.0196459 0.202809 -1.78907 -4.81006e-10
0.0194566 0.202398 -2.69177 -4.78022e-10
0.019316 0.20206 -3.2394 -4.10259e-10
0.0192019 0.20176 -3.71226 -6.32772e-10
0.019101 0.201471 -4.43234 -4.01388e-10
0.0190115 0.201189 -4.97387 -6.55583e-10
0.0189205 0.200871 -4.62768 -4.26005e-10
0.0188249 0.200491 -5.4026 -7.26264e-10
0.0187349 0.200066 -5.77843 -6.0961e-10
0.0186357 0.199454 -6.08773 -5.90141e-10
0.0185621 0.19871 -5.8036 -6.86033e-10
0.0185393 0.197945 -5.43046 -7.53302e-10
0.0185673 0.197214 -5.4108 1.14015e-10
0.0186265 0.196617 -5.14246 5.31608e-11
0.0187051 0.196096 -5.1166 -3.38584e-11
0.0188266 0.195502 -5.2229 -7.31424e-11
0.0189678 0.194959 -5.36639 -8.59732e-11
0.0190838 0.194582 -5.45888 -8.54478e-11
0.0192063 0.194228 -5.54998 -7.95435e-11
0.0193192 0.193932 -5.62047 -7.8572e-11
0.0194583 0.193598 -5.70362 -7.62121e-11
0.019646 0.193191 -5.81558 -6.66892e-11
0.0199141 0.192675 -5.98872 -4.55507e-11
0.0202911 0.192044 -6.26001 -3.00467e-11
0.0207042 0.191447 -6.6014 1.32051e-11
0.0210381 0.191019 -6.90637 2.48645e-11
0.0213442 0.190662 -7.21063 3.03393e-11
0.0216594 0.190325 -7.53675 2.16128e-11
0.0220643 0.18993 -7.97984 6.56623e-11
0.0225342 0.189519 -8.59645 1.02854e-10
0.0229159 0.189217 -9.07721 1.29785e-10
0.0231962 0.189013 -9.52405 2.49232e-10
0.0234808 0.188819 -10.0321 1.59352e-10
0.023714 0.188669 -10.2639 9.74288e-11
0.0239523 0.188524 -10.7629 1.33445e-10
0.024186 0.18839 -11.3111 1.67154e-10
0.0243902 0.18828 -11.5715 1.7053e-10
0.0246587 0.188142 -12.2303 2.41028e-10
0.0249003 0.188026 -12.4865 1.53476e-10
0.0251756 0.187903 -13.1096 1.13771e-10
0.0254211 0.1878 -13.4306 1.28247e-10
0.0256457 0.187712 -14.0134 6.75313e-11
0.0259295 0.187609 -14.7666 1.72078e-10
0.0261761 0.187527 -14.9049 1.33045e-11
0.0264978 0.187429 -15.5784 3.53872e-10
0.0267778 0.187352 -16.205 2.15135e-11
0.0270586 0.187283 -16.7166 1.34816e-10
0.0272875 0.187233 -16.9746 7.26031e-11
0.0275306 0.187185 -17.3801 1.38106e-10
0.0277584 0.187145 -18.3129 3.02471e-10
0.027984 0.18711 -18.9157 -2.73786e-10
0.0282222 0.187079 -17.8023 5.92022e-10
0.0284924 0.18705 -18.6617 1.0482e-10
0.0287739 0.187027 -19.3332 3.4797e-10
0.0291343 0.187007 -19.7946 1.69791e-10
0.0295352 0.187 -20.1524 8.61339e-11
0.0299828 0.187009 -20.5946 -2.7586e-11
0.0304997 0.187042 -21.0102 2.77853e-10
0.0311407 0.187117 -21.364 3.43584e-10
0.031734 0.187221 -21.9192 2.03348e-11
0.0322022 0.187327 -22.1929 6.72256e-10
0.0325201 0.187412 -21.4117 5.39229e-10
0.0328233 0.187502 -21.8965 3.77472e-10
0.0331402 0.187606 -22.117 3.65447e-10
0.0333826 0.187693 -22.1327 3.20366e-10
0.0336439 0.187795 -22.2399 3.3046e-10
0.0339946 0.187943 -22.2649 4.29485e-10
0.0343126 0.18809 -22.5785 3.74616e-10
0.0346432 0.188256 -22.6971 6.36169e-10
0.03493 0.188412 -22.615 6.46862e-10
0.0351336 0.188529 -22.8893 6.4559e-10
0.0353389 0.188653 -23.0023 7.26405e-10
0.0355596 0.188794 -23.0556 7.35167e-10
0.0357949 0.188952 -23.3402 6.98023e-10
0.0360272 0.189117 -23.5221 7.6692e-10
0.0362441 0.18928 -23.6723 7.78723e-10
0.0364537 0.189445 -23.821 8.49877e-10
0.0366579 0.189614 -23.9219 9.16103e-10
0.0368897 0.189816 -24.1455 9.57733e-10
0.0371759 0.190083 -24.2983 1.0958e-09
0.0375168 0.190427 -24.4019 1.25219e-09
0.0377977 0.190734 -24.918 1.11298e-09
0.0380546 0.191037 -25.1807 1.3485e-09
0.0383104 0.191362 -25.4831 1.49142e-09
0.0384982 0.191617 -25.7274 1.70439e-09
0.0386465 0.191831 -25.7283 2.0159e-09
0.0387717 0.19202 -25.7263 2.04522e-09
0.0388939 0.192213 -26.4585 1.88781e-09
0.0390139 0.192412 -26.4759 2.11594e-09
0.0391281 0.19261 -26.5215 2.27055e-09
0.0392378 0.19281 -26.7201 2.46836e-09
0.0393523 0.19303 -26.9425 2.58933e-09
0.0394782 0.193287 -27.1952 2.88304e-09
0.039637 0.193637 -27.1941 3.26085e-09
0.0397842 0.193995 -27.1832 3.61101e-09
0.0398969 0.194296 -27.2485 4.03752e-09
0.0399914 0.194572 -26.7624 3.86411e-09
0.0400833 0.194866 -27.2693 3.11747e-09
0.0401652 0.195156 -27.9009 4.00251e-09
0.0402378 0.195443 -26.8083 3.44591e-09
0.0403198 0.195814 -27.5818 2.91494e-09
0.0404164 0.196361 -26.0714 2.95791e-09
0.0405073 0.197163 -24.2164 -3.9329e-09
