x y fp fmu
0.0431065 0.198 -17.9087 3.59511e-08
0.0430751 0.198831 -15.9118 -2.2793e-10
0.0429716 0.199717 -13.5729 -9.18305e-10
0.0428167 0.200508 -9.04527 -7.43795e-10
0.0426695 0.20107 -6.33792 2.04038e-11
0.0425476 0.201462 -4.82316 -4.69537e-10
0.0424358 0.201782 -3.43371 3.78806e-10
0.0423105 0.202108 -0.346318 2.99769e-10
0.0421675 0.202447 -2.53661 -5.0943e-10
0.0420092 0.202789 0.543805 -1.55594e-09
0.0418309 0.203142 1.61007 -7.6138e-10
0.0415962 0.203563 3.48335 -9.46231e-10
0.0412349 0.204138 5.85529 -9.60415e-10
0.0408282 0.204703 8.00913 -1.05887e-09
0.0404618 0.205155 9.63087 -1.27223e-09
0.0400339 0.205626 11.5033 -1.20816e-09
0.0396857 0.205972 12.8369 -1.03402e-09
0.0393938 0.20624 13.4512 -1.16539e-09
0.0391757 0.206428 13.9393 -8.79195e-10
0.0389741 0.206593 14.9594 -1.42861e-09
0.038771 0.206751 15.2228 -1.15419e-09
0.038558 0.206909 15.8682 -1.16278e-09
0.0383317 0.207069 16.2987 -1.09585e-09
0.0381046 0.207221 16.6151 -8.57968e-10
0.0378855 0.20736 16.8863 -9.87706e-10
0.0376815 0.207483 17.3742 -1.17937e-09
0.0374192 0.207632 18.2395 -9.82556e-10
0.0371813 0.207759 18.3317 -4.60768e-10
0.0368548 0.207922 18.885 -4.2243e-10
0.0365028 0.208083 19.625 -1.47952e-09
0.0361683 0.208223 18.9445 -9.84764e-10
0.0359048 0.208323 19.4237 -7.7166e-10
0.0356199 0.208424 19.6276 -9.47993e-10
0.0353354 0.208515 19.9435 -7.12439e-10
0.0350214 0.208607 19.8346 -7.34723e-10
0.0347409 0.20868 20.2503 -8.31913e-10
0.0344931 0.208738 20.4546 -2.92789e-10
0.0342532 0.208788 19.65 -3.46983e-10
0.0340232 0.208832 19.6145 -8.23011e-10
0.0338052 0.208868 19.86 -6.47834e-10
0.0335831 0.2089 19.9692 -5.81202e-10
0.03334 0.208931 19.8688 -3.14331e-10
0.033054 0.208959 19.2245 -6.03035e-10
0.0327072 0.208984 19.2487 -7.92956e-10
0.0322402 0.208999 18.9604 -3.53111e-10
0.0317457 0.208994 18.3081 -3.60228e-10
0.0312789 0.208969 17.7767 -2.22401e-10
0.0308143 0.208924 17.2046 -9.93007e-11
0.0303639 0.208861 15.584 -5.35019e-10
0.0299144 0.208779 15.8545 -9.48556e-10
0.0294528 0.208675 14.9978 -2.82026e-11
0.0291378 0.208592 13.9426 -5.5086e-11
0.028838 0.208503 13.3625 -3.48662e-10
0.0285552 0.208411 12.8565 9.30641e-11
0.0283076 0.208323 12.3724 4.7365e-11
0.0280766 0.208235 11.4968 -3.41283e-10
0.0278607 0.208148 10.9679 1.68792e-11
0.0275882 0.208029 10.6937 -1.33107e-10
0.0272262 0.207858 9.70243 -1.89956e-10
0.0268996 0.20769 8.94284 -1.17833e-10
0.0265794 0.207511 8.01493 -1.78873e-10
0.0263414 0.207368 7.15648 -1.20971e-10
0.0261294 0.207234 6.56885 -3.49868e-10
0.0258906 0.207075 5.85965 -4.17259e-11
0.0255663 0.206845 4.95394 -1.62051e-10
0.0251033 0.206483 3.50499 -9.13862e-11
0.024508 0.205954 1.44279 -3.34025e-11
0.0238904 0.205314 -0.648577 -2.67552e-10
0.0233415 0.204646 -2.62242 -6.2271e-10
0.0228874 0.204001 -4.3174 -3.99223e-10
0.0224885 0.203338 -5.7374 -4.59219e-10
0.0222132 0.202809 -6.65253 -5.24566e-10
0.022024 0.202398 -7.34942 -4.8536e-10
0.0218834 0.20206 -7.77157 -4.29147e-10
0.0217693 0.20176 -8.08669 -5.49759e-10
0.0216684 0.201471 -8.56911 -3.78549e-10
0.0215788 0.201189 -8.95864 -4.37131e-10
0.0214878 0.200871 -8.74377 -2.79799e-10
0.0213923 0.200491 -9.17512 -4.74905e-10
0.0213023 0.200066 -9.46739 -3.09803e-10
0.0212031 0.199454 -9.75977 -3.16334e-10
0.0211295 0.19871 -9.95462 -2.59222e-10
0.0211067 0.197945 -10.1919 -2.03868e-10
0.0211346 0.197214 -10.4012 -1.28182e-10
0.0211939 0.196617 -10.5259 -1.6744e-10
0.0212725 0.196096 -10.7 -1.56282e-10
0.0213939 0.195502 -10.9168 -1.39061e-10
0.0215351 0.194959 -11.1256 -1.62419e-10
0.0216512 0.194582 -11.2628 -1.74764e-10
0.0217736 0.194228 -11.3983 -1.92377e-10
0.0218866 0.193932 -11.4902 -1.93532e-10
0.0220256 0.193598 -11.5958 -2.092e-10
0.0222134 0.193191 -11.7038 -2.05044e-10
0.0224815 0.192675 -11.818 -1.88267e-10
0.0228584 0.192044 -11.9232 -1.6803e-10
0.0232716 0.191447 -12.0079 -1.05256e-10
0.0236054 0.191019 -12.0814 -6.38603e-11
0.0239116 0.190662 -12.1642 -2.57955e-11
0.0242267 0.190325 -12.2705 -1.31627e-11
0.0246317 0.18993 -12.4624 3.27202e-11
0.0251015 0.189519 -12.8119 1.17151e-10
0.0254833 0.189217 -13.1015 1.2355e-10
0.0257635 0.189013 -13.4341 2.63592e-10
0.0260482 0.188819 -13.8051 1.87647e-10
0.0262813 0.188669 -13.9228 1.24223e-10
0.0265196 0.188524 -14.3511 1.52518e-10
0.0267534 0.18839 -14.8171 1.84038e-10
0.0269575 0.18828 -14.9801 1.97831e-10
0.0272261 0.188142 -15.5679 2.73844e-10
0.0274676 0.188026 -15.6784 1.89766e-10
0.0277429 0.187903 -16.2198 9.25528e-11
0.0279885 0.1878 -16.4164 1.39565e-10
0.028213 0.187712 -16.9646 7.4332e-11
0.0284968 0.187609 -17.6443 1.91622e-10
0.0287435 0.187527 -17.6153 -9.79671e-12
0.0290652 0.187429 -18.1981 3.43735e-10
0.0293452 0.187352 -18.7173 7.87344e-12
0.029626 0.187283 -19.1133 1.27722e-10
0.0298549 0.187233 -19.241 4.3851e-11
0.030098 0.187185 -19.5286 1.16154e-10
0.0303258 0.187145 -20.4144 2.6665e-10
0.0305513 0.18711 -20.8058 -4.67234e-10
0.0307895 0.187079 -19.4481 5.19567e-10
0.0310598 0.18705 -20.1985 -2.98803e-11
0.0313413 0.187027 -20.6231 2.44072e-10
0.0317017 0.187007 -20.7856 7.02588e-11
0.0321025 0.187 -20.7838 -1.31856e-11
0.0325502 0.187009 -20.7985 -9.99058e-11
0.033067 0.187042 -20.7226 1.24156e-10
0.0337081 0.187117 -20.5746 1.9288e-10
0.0343014 0.187221 -20.614 -4.1201e-11
0.0347696 0.187327 -20.5734 4.67081e-10
0.0350874 0.187412 -19.9094 4.14701e-10
0.0353906 0.187502 -20.1874 2.90007e-10
0.0357076 0.187606 -20.2604 3.12247e-10
0.0359499 0.187693 -20.2319 2.73224e-10
0.0362113 0.187795 -20.2715 2.96254e-10
0.0365619 0.187943 -20.2388 3.88249e-10
0.03688 0.18809 -20.5745 3.69665e-10
0.0372106 0.188256 -20.2448 5.72047e-10
0.0374974 0.188412 -20.2661 6.65844e-10
0.037701 0.188529 -20.5067 6.11633e-10
0.0379063 0.188653 -20.4775 6.79423e-10
0.0381269 0.188794 -20.5598 8.34782e-10
0.0383622 0.188952 -20.8299 6.96558e-10
0.0385945 0.189117 -20.884 8.24862e-10
0.0388114 0.18928 -21.0554 8.71899e-10
0.0390211 0.189445 -21.1565 9.39945e-10
0.0392253 0.189614 -21.2808 1.21544e-09
0.039457 0.189816 -21.5279 1.19563e-09
0.0397433 0.190083 -21.635 1.36143e-09
0.0400841 0.190427 -21.9435 1.77332e-09
0.0403651 0.190734 -22.8363 1.68829e-09
0.0406219 0.191037 -23.3484 1.95656e-09
0.0408777 0.191362 -24.2173 2.233e-09
0.0410655 0.191617 -24.7264 2.55663e-09
0.0412139 0.191831 -24.928 2.95693e-09
0.0413391 0.19202 -25.1583 3.1635e-09
0.0414613 0.192213 -26.4584 3.05503e-09
0.0415813 0.192412 -26.2846 3.32178e-09
0.0416954 0.19261 -26.4877 3.75221e-09
0.0418052 0.19281 -26.8408 4.04935e-09
0.0419197 0.19303 -26.9517 4.00477e-09
0.0420456 0.193287 -27.7502 4.15111e-09
0.0422044 0.193637 -27.929 4.11432e-09
0.0423515 0.193995 -28.0248 3.49621e-09
0.0424642 0.194296 -28.1708 3.45438e-09
0.0425587 0.194572 -27.1257 3.12432e-09
0.0426506 0.194866 -27.3028 2.41496e-09
0.0427326 0.195156 -27.5542 3.27052e-09
0.0428051 0.195443 -26.1266 2.64841e-09
0.0428872 0.195814 -25.9723 2.20364e-09
0.0429838 0.196361 -23.8007 2.31152e-09
0.0430747 0.197163 -20.701 -3.03695e-09
