x y fp fmu
0.044136 0.198 -16.732 3.30968e-08
0.0441046 0.198831 -14.8028 -3.36063e-10
0.0440011 0.199717 -12.3043 -8.70957e-10
0.0438462 0.200508 -7.97247 -7.4336e-10
0.043699 0.20107 -5.3195 -2.30025e-11
0.0435771 0.201462 -3.82227 -5.30149e-10
0.0434653 0.201782 -2.50203 1.9684e-10
0.04334 0.202108 0.415863 2.41375e-10
0.0431969 0.202447 -1.43688 -6.66003e-10
0.0430387 0.202789 1.40718 -1.5774e-09
0.0428603 0.203142 2.48107 -8.70543e-10
0.0426256 0.203563 4.28489 -1.01371e-09
0.0422644 0.204138 6.59591 -1.03919e-09
0.0418577 0.204703 8.67154 -1.13996e-09
0.0414913 0.205155 10.2307 -1.3477e-09
0.0410634 0.205626 12.0408 -1.28306e-09
0.0407152 0.205972 13.3283 -1.11042e-09
0.0404233 0.20624 13.9318 -1.22078e-09
0.0402052 0.206428 14.3602 -9.50394e-10
0.0400036 0.206593 15.3543 -1.48007e-09
0.0398005 0.206751 15.6413 -1.20777e-09
0.0395875 0.206909 16.2521 -1.19846e-09
0.0393612 0.207069 16.6706 -1.13079e-09
0.0391341 0.207221 16.9362 -9.0464e-10
0.038915 0.20736 17.1672 -1.02614e-09
0.038711 0.207483 17.5772 -1.22907e-09
0.0384487 0.207632 18.3868 -1.03602e-09
0.0382108 0.207759 18.4897 -5.24223e-10
0.0378843 0.207922 18.8801 -5.30083e-10
0.0375322 0.208083 19.7196 -1.37649e-09
0.0371977 0.208223 19.0117 -9.52915e-10
0.0369342 0.208323 19.4117 -7.75459e-10
0.0366494 0.208424 19.5526 -9.47987e-10
0.0363649 0.208515 19.8371 -7.34984e-10
0.0360508 0.208607 19.6856 -7.4916e-10
0.0357704 0.20868 20.0218 -8.3509e-10
0.0355226 0.208738 20.2908 -2.73851e-10
0.0352827 0.208788 19.4395 -3.44444e-10
0.0350527 0.208832 19.3091 -8.25038e-10
0.0348347 0.208868 19.5329 -6.65928e-10
0.0346126 0.2089 19.6119 -5.98901e-10
0.0343695 0.208931 19.53 -3.06463e-10
0.0340835 0.208959 18.8181 -6.33942e-10
0.0337367 0.208984 18.7588 -7.87253e-10
0.0332697 0.208999 18.4161 -3.66926e-10
0.0327751 0.208994 17.6959 -3.65076e-10
0.0323084 0.208969 17.0692 -2.32142e-10
0.0318438 0.208924 16.4477 -1.14136e-10
0.0313934 0.208861 14.7091 -5.78829e-10
0.0309439 0.208779 14.9345 -9.78772e-10
0.0304823 0.208675 14.0521 -6.47703e-11
0.0301673 0.208592 12.9171 -7.52015e-11
0.0298675 0.208503 12.2926 -3.6967e-10
0.0295847 0.208411 11.7536 7.20223e-11
0.0293371 0.208323 11.2407 2.27306e-11
0.0291061 0.208235 10.3422 -3.64607e-10
0.0288902 0.208148 9.75163 -2.02059e-12
0.0286176 0.208029 9.449 -1.60894e-10
0.0282557 0.207858 8.41129 -2.13853e-10
0.027929 0.20769 7.60071 -1.51325e-10
0.0276089 0.207511 6.63322 -2.0817e-10
0.0273709 0.207368 5.73703 -1.44236e-10
0.0271589 0.207234 5.12874 -3.70211e-10
0.0269201 0.207075 4.38823 -6.83311e-11
0.0265958 0.206845 3.44841 -1.86048e-10
0.0261328 0.206483 1.97139 -1.2789e-10
0.0255375 0.205954 -0.148019 -7.40578e-11
0.0249198 0.205314 -2.27845 -3.02337e-10
0.024371 0.204646 -4.28909 -6.5222e-10
0.0239169 0.204001 -6.00081 -4.23357e-10
0.023518 0.203338 -7.41332 -4.74075e-10
0.0232427 0.202809 -8.32052 -5.27286e-10
0.0230534 0.202398 -9.01633 -4.80039e-10
0.0229128 0.20206 -9.44168 -4.25126e-10
0.0227987 0.20176 -9.75894 -5.3595e-10
0.0226978 0.201471 -10.263 -3.62255e-10
0.0226083 0.201189 -10.6757 -4.20625e-10
0.0225173 0.200871 -10.4398 -2.5197e-10
0.0224217 0.200491 -10.9364 -4.79437e-10
0.0223318 0.200066 -11.2931 -3.06414e-10
0.0222326 0.199454 -11.6547 -3.40142e-10
0.022159 0.19871 -11.8779 -3.32961e-10
0.0221361 0.197945 -12.2039 -2.31251e-10
0.0221641 0.197214 -12.4044 -1.69941e-10
0.0222233 0.196617 -12.4631 -1.95619e-10
0.022302 0.196096 -12.5916 -1.69618e-10
0.0224234 0.195502 -12.7635 -1.44961e-10
0.0225646 0.194959 -12.9489 -1.63343e-10
0.0226807 0.194582 -13.0761 -1.84232e-10
0.0228031 0.194228 -13.213 -2.12905e-10
0.022916 0.193932 -13.3061 -2.16867e-10
0.0230551 0.193598 -13.4198 -2.44787e-10
0.0232429 0.193191 -13.5325 -2.51544e-10
0.023511 0.192675 -13.6395 -2.499e-10
0.0238879 0.192044 -13.7036 -2.40937e-10
0.0243011 0.191447 -13.6983 -1.98045e-10
0.0246349 0.191019 -13.6709 -1.5537e-10
0.0249411 0.190662 -13.6358 -1.1407e-10
0.0252562 0.190325 -13.6098 -8.61044e-11
0.0256612 0.18993 -13.6306 -4.54824e-11
0.026131 0.189519 -13.7273 5.44781e-11
0.0265128 0.189217 -13.8406 6.05897e-11
0.026793 0.189013 -14.0364 1.92207e-10
0.0270776 0.188819 -14.2405 1.60883e-10
0.0273108 0.188669 -14.2982 1.15011e-10
0.0275491 0.188524 -14.615 1.51576e-10
0.0277829 0.18839 -14.9542 1.76792e-10
0.027987 0.18828 -15.0725 2.03801e-10
0.0282556 0.188142 -15.545 2.73015e-10
0.0284971 0.188026 -15.5945 2.03135e-10
0.0287724 0.187903 -16.0496 1.04254e-10
0.029018 0.1878 -16.1959 1.64608e-10
0.0292425 0.187712 -16.6962 1.06667e-10
0.0295263 0.187609 -17.2985 2.26498e-10
0.029773 0.187527 -17.2152 1.61966e-11
0.0300947 0.187429 -17.7788 3.75314e-10
0.0303746 0.187352 -18.258 4.84319e-11
0.0306554 0.187283 -18.6245 1.69473e-10
0.0308844 0.187233 -18.7238 7.62408e-11
0.0311275 0.187185 -19.0215 1.63815e-10
0.0313553 0.187145 -19.9464 3.41457e-10
0.0315808 0.18711 -20.2485 -4.92158e-10
0.031819 0.187079 -18.7884 5.4637e-10
0.0320892 0.18705 -19.6077 -4.35371e-11
0.0323707 0.187027 -20.0161 2.70227e-10
0.0327311 0.187007 -20.1472 9.49168e-11
0.033132 0.187 -20.1105 -7.31671e-12
0.0335797 0.187009 -20.0903 -9.41519e-11
0.0340965 0.187042 -19.967 1.20595e-10
0.0347375 0.187117 -19.7505 2.03572e-10
0.0353309 0.187221 -19.7181 -4.43344e-11
0.035799 0.187327 -19.5704 4.77324e-10
0.0361169 0.187412 -18.8193 4.28788e-10
0.0364201 0.187502 -19.0656 2.71798e-10
0.036737 0.187606 -19.0458 2.93266e-10
0.0369794 0.187693 -18.9426 2.50475e-10
0.0372407 0.187795 -18.8965 2.68277e-10
0.0375914 0.187943 -18.731 3.58998e-10
0.0379095 0.18809 -18.9241 3.20362e-10
0.03824 0.188256 -18.4688 5.40348e-10
0.0385269 0.188412 -18.3707 5.92022e-10
0.0387304 0.188529 -18.5004 5.39255e-10
0.0389358 0.188653 -18.3815 6.0441e-10
0.0391564 0.188794 -18.3553 7.49464e-10
0.0393917 0.188952 -18.4886 6.33779e-10
0.039624 0.189117 -18.4341 7.65907e-10
0.0398409 0.18928 -18.4933 8.0925e-10
0.0400506 0.189445 -18.4838 8.99368e-10
0.0402548 0.189614 -18.5353 1.17734e-09
0.0404865 0.189816 -18.6671 1.1748e-09
0.0407728 0.190083 -18.6635 1.34969e-09
0.0411136 0.190427 -18.9276 1.7627e-09
0.0413946 0.190734 -19.8683 1.67426e-09
0.0416514 0.191037 -20.4802 1.96063e-09
0.0419072 0.191362 -21.4231 2.23939e-09
0.042095 0.191617 -21.969 2.59056e-09
0.0422434 0.191831 -22.2495 2.96992e-09
0.0423685 0.19202 -22.5641 3.21506e-09
0.0424908 0.192213 -23.953 3.13789e-09
0.0426108 0.192412 -23.8282 3.4959e-09
0.0427249 0.19261 -24.2281 3.92619e-09
0.0428346 0.19281 -24.8134 4.26351e-09
0.0429492 0.19303 -25.1917 4.05935e-09
0.0430751 0.193287 -26.2166 4.21788e-09
0.0432338 0.193637 -26.4647 3.94757e-09
0.043381 0.193995 -26.5129 3.39301e-09
0.0434937 0.194296 -26.6424 3.33055e-09
0.0435882 0.194572 -25.617 3.01591e-09
0.0436801 0.194866 -25.7041 2.3811e-09
0.0437621 0.195156 -25.8212 3.35804e-09
0.0438346 0.195443 -24.7 2.67741e-09
0.0439167 0.195814 -24.5249 2.23464e-09
0.0440133 0.196361 -22.5396 2.19807e-09
0.0441041 0.197163 -19.4676 -2.63483e-09
