x y fp fmu
0.0451551 0.198 -14.6673 2.85574e-08
0.0451237 0.198831 -12.7549 -3.42792e-10
0.0450202 0.199717 -10.1443 -6.85843e-10
0.0448653 0.200508 -6.0914 -5.24463e-10
0.0447181 0.20107 -3.62788 8.77028e-11
0.0445962 0.201462 -2.17983 -3.88924e-10
0.0444844 0.201782 -0.934182 2.06765e-10
0.0443591 0.202108 1.70527 3.22771e-10
0.044216 0.202447 0.244495 -6.05003e-10
0.0440578 0.202789 2.8318 -1.34013e-09
0.0438794 0.203142 3.8751 -7.5205e-10
0.0436447 0.203563 5.58561 -8.42621e-10
0.0432835 0.204138 7.76796 -9.00872e-10
0.0428768 0.204703 9.74074 -9.87327e-10
0.0425104 0.205155 11.2294 -1.18473e-09
0.0420825 0.205626 12.9282 -1.12786e-09
0.0417343 0.205972 14.1323 -9.80813e-10
0.0414424 0.20624 14.7236 -1.08124e-09
0.0412243 0.206428 15.1246 -8.22086e-10
0.0410227 0.206593 16.0395 -1.32143e-09
0.0408196 0.206751 16.3216 -1.08652e-09
0.0406066 0.206909 16.8829 -1.07574e-09
0.0403803 0.207069 17.283 -1.01922e-09
0.0401532 0.207221 17.5329 -8.06688e-10
0.0399341 0.20736 17.7543 -9.32074e-10
0.0397301 0.207483 18.1196 -1.12134e-09
0.0394678 0.207632 18.8323 -9.49182e-10
0.0392299 0.207759 18.9376 -4.83713e-10
0.0389034 0.207922 19.2302 -5.15261e-10
0.0385513 0.208083 20.0291 -1.22057e-09
0.0382168 0.208223 19.381 -8.45205e-10
0.0379533 0.208323 19.7207 -6.99211e-10
0.0376685 0.208424 19.8111 -8.50082e-10
0.037384 0.208515 20.0436 -6.70745e-10
0.0370699 0.208607 19.8818 -6.83644e-10
0.0367895 0.20868 20.1245 -7.53274e-10
0.0365417 0.208738 20.4064 -2.28408e-10
0.0363018 0.208788 19.6037 -3.05194e-10
0.0360718 0.208832 19.4112 -7.46573e-10
0.0358538 0.208868 19.5854 -6.15327e-10
0.0356317 0.2089 19.6335 -5.53514e-10
0.0353886 0.208931 19.5641 -2.69953e-10
0.0351026 0.208959 18.8472 -6.11328e-10
0.0347558 0.208984 18.7176 -7.29477e-10
0.0342888 0.208999 18.3406 -3.49851e-10
0.0337942 0.208994 17.5877 -3.5458e-10
0.0333275 0.208969 16.9112 -2.26043e-10
0.0328629 0.208924 16.2772 -1.2282e-10
0.0324125 0.208861 14.5117 -6.06653e-10
0.031963 0.208779 14.6709 -9.69919e-10
0.0315014 0.208675 13.8215 -8.01002e-11
0.0311864 0.208592 12.6494 -8.37748e-11
0.0308866 0.208503 12.0059 -3.89952e-10
0.0306038 0.208411 11.4544 5.89218e-11
0.0303562 0.208323 10.9366 -1.89644e-12
0.0301252 0.208235 10.0322 -3.95481e-10
0.0299093 0.208148 9.37846 1.57783e-12
0.0296368 0.208029 9.10486 -1.87476e-10
0.0292748 0.207858 8.04188 -2.43787e-10
0.0289481 0.20769 7.23681 -1.79948e-10
0.028628 0.207511 6.26429 -2.49753e-10
0.02839 0.207368 5.33728 -1.80181e-10
0.028178 0.207234 4.71297 -4.18782e-10
0.0279392 0.207075 3.96045 -9.67851e-11
0.0276149 0.206845 3.02041 -2.14797e-10
0.0271519 0.206483 1.52187 -1.60555e-10
0.0265566 0.205954 -0.634592 -1.12356e-10
0.0259389 0.205314 -2.81632 -3.45921e-10
0.0253901 0.204646 -4.85029 -7.36826e-10
0.024936 0.204001 -6.59979 -4.84202e-10
0.0245371 0.203338 -8.05943 -5.30586e-10
0.0242618 0.202809 -9.0152 -5.78208e-10
0.0240725 0.202398 -9.78024 -5.28962e-10
0.0239319 0.20206 -10.2436 -4.71968e-10
0.0238178 0.20176 -10.5932 -5.95614e-10
0.0237169 0.201471 -11.1779 -4.02413e-10
0.0236274 0.201189 -11.6655 -4.72516e-10
0.0235364 0.200871 -11.3393 -2.60069e-10
0.0234408 0.200491 -11.9646 -5.66335e-10
0.0233509 0.200066 -12.425 -3.41133e-10
0.0232517 0.199454 -12.8701 -4.1167e-10
0.0231781 0.19871 -13.1256 -4.30882e-10
0.0231552 0.197945 -13.6315 -2.56644e-10
0.0231832 0.197214 -13.8235 -2.89542e-10
0.0232424 0.196617 -13.8202 -3.0438e-10
0.0233211 0.196096 -13.8919 -2.42359e-10
0.0234425 0.195502 -13.9764 -1.80512e-10
0.0235837 0.194959 -14.0973 -1.62153e-10
0.0236998 0.194582 -14.1841 -1.75111e-10
0.0238222 0.194228 -14.3018 -2.04027e-10
0.0239351 0.193932 -14.3876 -2.04046e-10
0.0240742 0.193598 -14.5067 -2.39919e-10
0.024262 0.193191 -14.6357 -2.56002e-10
0.0245301 0.192675 -14.7705 -2.71819e-10
0.024907 0.192044 -14.869 -2.81122e-10
0.0253202 0.191447 -14.8636 -2.84525e-10
0.025654 0.191019 -14.7952 -2.57207e-10
0.0259602 0.190662 -14.6816 -2.27254e-10
0.0262753 0.190325 -14.5484 -1.83568e-10
0.0266803 0.18993 -14.4024 -1.51457e-10
0.0271501 0.189519 -14.2031 -4.68477e-11
0.0275319 0.189217 -14.1096 -3.22923e-11
0.0278121 0.189013 -14.1069 6.95501e-11
0.0280968 0.188819 -14.0791 1.0379e-10
0.0283299 0.188669 -14.0643 8.42517e-11
0.0285682 0.188524 -14.1934 1.3291e-10
0.028802 0.18839 -14.3315 1.46067e-10
0.0290061 0.18828 -14.3672 1.91902e-10
0.0292747 0.188142 -14.6457 2.58634e-10
0.0295162 0.188026 -14.6183 2.06226e-10
0.0297915 0.187903 -14.929 1.20108e-10
0.0300371 0.1878 -14.9921 1.85592e-10
0.0302616 0.187712 -15.4022 1.5139e-10
0.0305454 0.187609 -15.8675 2.77862e-10
0.0307921 0.187527 -15.7229 5.48385e-11
0.0311138 0.187429 -16.245 4.22896e-10
0.0313937 0.187352 -16.6444 1.10293e-10
0.0316746 0.187283 -16.9592 2.33109e-10
0.0319035 0.187233 -17.0237 1.32767e-10
0.0321466 0.187185 -17.3499 2.45676e-10
0.0323744 0.187145 -18.3052 4.56357e-10
0.0325999 0.18711 -18.4945 -4.84626e-10
0.0328381 0.187079 -16.9748 5.88738e-10
0.0331083 0.18705 -17.9168 -2.92066e-11
0.0333899 0.187027 -18.3432 3.42895e-10
0.0337502 0.187007 -18.4832 1.76348e-10
0.0341511 0.187 -18.4551 2.21963e-11
0.0345988 0.187009 -18.4495 -8.62533e-11
0.0351156 0.187042 -18.2944 1.36848e-10
0.0357566 0.187117 -18.0022 1.93782e-10
0.03635 0.187221 -17.8448 -6.96584e-11
0.0368181 0.187327 -17.5587 4.0971e-10
0.037136 0.187412 -16.8146 3.61895e-10
0.0374392 0.187502 -16.9513 2.02924e-10
0.0377561 0.187606 -16.8316 2.12064e-10
0.0379985 0.187693 -16.6597 1.82025e-10
0.0382599 0.187795 -16.5329 1.86845e-10
0.0386105 0.187943 -16.2757 2.60524e-10
0.0389286 0.18809 -16.3025 2.02646e-10
0.0392591 0.188256 -15.8496 3.91243e-10
0.039546 0.188412 -15.6694 4.14462e-10
0.0397495 0.188529 -15.6987 3.76284e-10
0.0399549 0.188653 -15.5478 4.20935e-10
0.0401755 0.188794 -15.4582 5.16342e-10
0.0404108 0.188952 -15.4676 4.35753e-10
0.0406431 0.189117 -15.3636 5.38934e-10
0.04086 0.18928 -15.3534 5.52535e-10
0.0410697 0.189445 -15.2897 6.32253e-10
0.0412739 0.189614 -15.305 8.71774e-10
0.0415056 0.189816 -15.378 8.7988e-10
0.0417919 0.190083 -15.3805 1.0001e-09
0.0421327 0.190427 -15.659 1.38177e-09
0.0424137 0.190734 -16.4129 1.33808e-09
0.0426705 0.191037 -17.0348 1.57397e-09
0.0429263 0.191362 -18.0154 1.78482e-09
0.0431141 0.191617 -18.5871 2.10464e-09
0.0432625 0.191831 -18.975 2.36796e-09
0.0433876 0.19202 -19.4539 2.61321e-09
0.0435099 0.192213 -20.7623 2.59977e-09
0.0436299 0.192412 -20.5872 2.73349e-09
0.043744 0.19261 -21.1488 3.31513e-09
0.0438537 0.19281 -21.6494 3.41954e-09
0.0439683 0.19303 -22.0902 3.48995e-09
0.0440942 0.193287 -22.8305 3.63651e-09
0.0442529 0.193637 -23.1525 3.58651e-09
0.0444001 0.193995 -23.3259 3.17176e-09
0.0445128 0.194296 -23.4341 3.14452e-09
0.0446073 0.194572 -22.6042 2.97164e-09
0.0446992 0.194866 -22.8182 2.3853e-09
0.0447812 0.195156 -22.8876 3.20873e-09
0.0448537 0.195443 -21.8123 2.74763e-09
0.0449358 0.195814 -21.6563 2.26935e-09
0.0450324 0.196361 -19.9205 2.08791e-09
0.0451232 0.197163 -17.1191 -2.09514e-09
