x y fp fmu
0.0486918 0.198 -8.48334 1.18954e-08
0.0486604 0.198831 -7.65567 5.26183e-11
0.0485569 0.199717 -5.82426 2.31288e-10
0.048402 0.200508 -3.6542 3.39174e-10
0.0482548 0.20107 -2.30594 6.87763e-10
0.0481329 0.201462 -1.41729 3.62155e-10
0.0480211 0.201782 -0.610788 5.66148e-10
0.0478958 0.202108 0.932267 7.32021e-10
0.0477528 0.202447 0.395694 -3.3964e-11
0.0475945 0.202789 2.20159 -2.35536e-10
0.0474161 0.203142 2.97345 -3.78679e-12
0.0471815 0.203563 4.31966 9.28156e-11
0.0468202 0.204138 6.00201 -8.17453e-11
0.0464135 0.204703 7.65922 -1.7214e-10
0.0460471 0.205155 8.97658 -3.83025e-10
0.0456192 0.205626 10.4882 -3.46052e-10
0.045271 0.205972 11.5462 -2.98211e-10
0.0449791 0.20624 12.1902 -3.90611e-10
0.044761 0.206428 12.7188 -3.16849e-11
0.0445594 0.206593 13.4587 -5.74307e-10
0.0443563 0.206751 13.7502 -4.39911e-10
0.0441433 0.206909 14.3114 -4.10449e-10
0.043917 0.207069 14.7116 -3.90142e-10
0.0436899 0.207221 15.0571 -7.85481e-11
0.0434708 0.20736 15.3626 -2.91445e-10
0.0432668 0.207483 15.828 -4.09934e-10
0.0430045 0.207632 16.4451 -3.03636e-10
0.0427666 0.207759 16.5631 4.08297e-11
0.0424401 0.207922 17.2902 2.07239e-10
0.042088 0.208083 17.7073 -1.23666e-09
0.0417536 0.208223 17.3005 -3.54846e-10
0.04149 0.208323 17.9418 -2.4888e-10
0.0412052 0.208424 18.1699 -3.62451e-10
0.0409207 0.208515 18.4447 -1.09177e-10
0.0406066 0.208607 18.5141 -2.38135e-10
0.0403262 0.20868 18.9275 -2.82333e-10
0.0400784 0.208738 18.848 -6.42377e-11
0.0398385 0.208788 18.4612 5.28366e-11
0.0396085 0.208832 18.6809 -2.84301e-10
0.0393905 0.208868 18.8393 -1.30908e-10
0.0391684 0.2089 18.9586 -1.54446e-10
0.0389253 0.208931 18.8313 -5.66243e-11
0.0386393 0.208959 18.5151 -8.05446e-11
0.0382925 0.208984 18.6131 -2.64794e-10
0.0378255 0.208999 18.4065 -3.7488e-11
0.0373309 0.208994 17.9961 -1.53278e-11
0.0368642 0.208969 17.6377 5.18027e-11
0.0363996 0.208924 17.2615 1.69132e-10
0.0359492 0.208861 16.0359 -1.67541e-10
0.0354997 0.208779 16.2302 -4.93917e-10
0.0350381 0.208675 15.5687 2.1901e-10
0.0347231 0.208592 14.6359 2.24777e-10
0.0344233 0.208503 14.1461 -1.45136e-11
0.0341405 0.208411 13.726 3.31741e-10
0.0338929 0.208323 13.2992 3.29278e-10
0.0336619 0.208235 12.4966 -2.59425e-11
0.033446 0.208148 11.9375 2.94048e-10
0.0331735 0.208029 11.7762 1.77576e-10
0.0328115 0.207858 10.8026 1.24123e-10
0.0324848 0.20769 10.1589 2.18457e-10
0.0321647 0.207511 9.22952 1.55912e-10
0.0319267 0.207368 8.28587 2.32937e-10
0.0317147 0.207234 7.66795 -4.74937e-11
0.0314759 0.207075 6.92054 3.19296e-10
0.0311516 0.206845 5.99144 1.51135e-10
0.0306886 0.206483 4.45013 2.7408e-10
0.0300933 0.205954 1.98708 3.72187e-10
0.0294757 0.205314 -0.566037 9.49897e-11
0.0289268 0.204646 -3.22573 -5.55443e-10
0.0284727 0.204001 -5.71466 -3.14683e-10
0.0280738 0.203338 -7.85227 -4.62429e-10
0.0277985 0.202809 -9.4122 -6.50968e-10
0.0276092 0.202398 -11.036 -5.77287e-10
0.0274687 0.20206 -11.7243 -4.49443e-10
0.0273546 0.20176 -12.4248 -9.03918e-10
0.0272536 0.201471 -14.6817 -1.53697e-10
0.0271641 0.201189 -16.0831 -7.98498e-10
0.0270731 0.200871 -12.3205 5.68159e-10
0.0269776 0.200491 -15.6857 -1.75806e-09
0.0268876 0.200066 -17.4147 -4.37272e-10
0.0267884 0.199454 -18.2165 -1.91455e-09
0.0267148 0.19871 -18.415 -1.29683e-09
0.026692 0.197945 -21.164 -6.11842e-10
0.0267199 0.197214 -20.5373 -1.89945e-09
0.0267791 0.196617 -20.9745 -2.06002e-09
0.0268578 0.196096 -21.4845 -1.53903e-09
0.0269792 0.195502 -21.6213 -1.02376e-09
0.0271204 0.194959 -21.5668 -8.10937e-10
0.0272365 0.194582 -21.4401 -6.98157e-10
0.0273589 0.194228 -21.4192 -6.53792e-10
0.0274718 0.193932 -21.4113 -6.25001e-10
0.0276109 0.193598 -21.5 -6.7627e-10
0.0277987 0.193191 -21.6402 -7.24218e-10
0.0280668 0.192675 -21.7986 -7.31414e-10
0.0284437 0.192044 -21.8283 -6.78823e-10
0.0288569 0.191447 -21.6525 -5.68756e-10
0.0291907 0.191019 -21.4286 -4.90484e-10
0.0294969 0.190662 -21.2025 -4.40495e-10
0.029812 0.190325 -21.0144 -4.09541e-10
0.030217 0.18993 -20.7636 -3.19162e-10
0.0306868 0.189519 -20.6176 -2.87056e-10
0.0310686 0.189217 -20.532 -2.02901e-10
0.0313488 0.189013 -20.4721 -2.49622e-10
0.0316335 0.188819 -20.6048 -3.26466e-10
0.0318666 0.188669 -20.5537 -2.54345e-10
0.0321049 0.188524 -20.4902 -3.60074e-10
0.0323387 0.18839 -20.5657 -3.30342e-10
0.0325428 0.18828 -20.5292 -3.3721e-10
0.0328114 0.188142 -20.4616 -3.7727e-10
0.0330529 0.188026 -20.4804 -3.03636e-10
0.0333282 0.187903 -20.2861 -2.49381e-10
0.0335738 0.1878 -20.172 -2.87907e-10
0.0337983 0.187712 -19.8423 -3.07871e-10
0.0340821 0.187609 -19.6515 -4.01035e-10
0.0343288 0.187527 -19.6306 -1.83131e-10
0.0346505 0.187429 -19.0924 -4.43399e-10
0.0349305 0.187352 -18.7995 -2.81086e-10
0.0352113 0.187283 -18.491 -3.23154e-10
0.0354402 0.187233 -18.3154 -2.55582e-10
0.0356833 0.187185 -17.8094 -3.56998e-10
0.0359111 0.187145 -17.1427 -5.66317e-10
0.0361366 0.18711 -17.1483 -2.78937e-11
0.0363748 0.187079 -17.4726 -3.32517e-10
0.036645 0.18705 -16.5083 -1.27638e-10
0.0369266 0.187027 -15.9316 -4.04434e-10
0.0372869 0.187007 -15.3664 -3.54887e-10
0.0376878 0.187 -14.6984 -1.69562e-10
0.0381355 0.187009 -13.8445 -1.06127e-10
0.0386523 0.187042 -12.8924 -2.74563e-10
0.0392934 0.187117 -11.7247 -3.12544e-10
0.0398867 0.187221 -10.6708 -1.40711e-10
0.0403549 0.187327 -9.99522 -1.78809e-10
0.0406727 0.187412 -9.61114 -1.87834e-10
0.0409759 0.187502 -9.11452 -8.72296e-11
0.0412929 0.187606 -8.70713 -1.092e-10
0.0415352 0.187693 -8.38307 -4.46049e-11
0.0417966 0.187795 -8.08038 -4.37742e-11
0.0421472 0.187943 -7.66769 -7.51261e-12
0.0424653 0.18809 -7.31414 -1.97637e-11
0.0427958 0.188256 -7.01014 5.8457e-11
0.0430827 0.188412 -6.69519 3.91834e-11
0.0432863 0.188529 -6.5007 5.38092e-11
0.0434916 0.188653 -6.31722 7.52091e-11
0.0437122 0.188794 -6.07889 1.63916e-11
0.0439475 0.188952 -5.82921 5.8298e-11
0.0441798 0.189117 -5.59284 6.28767e-11
0.0443967 0.18928 -5.34674 5.31632e-11
0.0446064 0.189445 -5.11244 6.67724e-11
0.0448106 0.189614 -4.88233 -6.73957e-13
0.0450423 0.189816 -4.61032 3.78793e-11
0.0453286 0.190083 -4.28157 5.0064e-11
0.0456694 0.190427 -3.90666 2.36248e-11
0.0459504 0.190734 -3.6005 4.39045e-11
0.0462072 0.191037 -3.30115 6.17682e-11
0.046463 0.191362 -3.01765 4.05601e-11
0.0466508 0.191617 -2.79266 5.12476e-11
0.0467992 0.191831 -2.62965 2.82431e-11
0.0469244 0.19202 -2.56348 3.0165e-11
0.0470466 0.192213 -2.49238 7.07521e-11
0.0471666 0.192412 -2.31537 2.70243e-12
0.0472807 0.19261 -2.34021 1.09933e-10
0.0473904 0.19281 -2.29002 6.22452e-11
0.047505 0.19303 -2.3617 1.52309e-10
0.0476309 0.193287 -2.36068 1.41058e-10
0.0477896 0.193637 -2.6328 2.0622e-10
0.0479368 0.193995 -3.17348 3.75051e-10
0.0480495 0.194296 -3.67733 6.67389e-10
0.048144 0.194572 -4.42043 8.62027e-10
0.0482359 0.194866 -5.16314 1.05965e-09
0.0483179 0.195156 -5.63302 1.15977e-09
0.0483904 0.195443 -6.32433 1.46253e-09
0.0484725 0.195814 -7.08662 1.53464e-09
0.0485691 0.196361 -7.80645 1.4667e-09
0.04866 0.197163 -8.43338 -2.36709e-10
