x y fp fmu
0.0484953 0.198 -7.23259 4.14709e-10
0.0484639 0.198831 -7.23124 3.66536e-10
0.0483604 0.199717 -6.43097 5.46454e-10
0.0482055 0.200508 -5.31057 5.27417e-10
0.0480583 0.20107 -4.42079 6.76902e-10
0.0479364 0.201462 -3.83512 4.71967e-10
0.0478246 0.201782 -3.22143 6.08342e-10
0.0476993 0.202108 -2.16366 7.22783e-10
0.0475563 0.202447 -2.27777 2.53708e-10
0.047398 0.202789 -0.910221 1.18442e-10
0.0472197 0.203142 -0.196482 2.41487e-10
0.046985 0.203563 0.991598 3.10407e-10
0.0466237 0.204138 2.57813 1.91675e-10
0.046217 0.204703 4.23608 1.32576e-10
0.0458506 0.205155 5.56141 -7.40979e-11
0.0454227 0.205626 7.09536 -6.20321e-11
0.0450745 0.205972 8.22734 -1.53967e-11
0.0447826 0.20624 8.96795 -1.2811e-10
0.0445645 0.206428 9.57903 1.95044e-10
0.0443629 0.206593 10.3246 -2.89907e-10
0.0441598 0.206751 10.7021 -1.77916e-10
0.0439469 0.206909 11.3508 -1.60683e-10
0.0437205 0.207069 11.8251 -1.72779e-10
0.0434934 0.207221 12.2863 1.436e-10
0.0432743 0.20736 12.6898 -1.02694e-10
0.0430703 0.207483 13.2725 -1.98725e-10
0.0428081 0.207632 13.9982 -9.42297e-11
0.0425701 0.207759 14.1906 2.13707e-10
0.0422436 0.207922 15.2773 5.18977e-10
0.0418916 0.208083 15.6804 -1.34163e-09
0.0415571 0.208223 15.4109 -2.49363e-10
0.0412936 0.208323 16.2809 -1.24135e-10
0.0410087 0.208424 16.6822 -2.34663e-10
0.0407243 0.208515 17.0932 1.07506e-10
0.0404102 0.208607 17.3583 -7.2703e-11
0.0401297 0.20868 18.0757 -1.20506e-10
0.0398819 0.208738 17.8081 -4.08143e-11
0.039642 0.208788 17.6022 2.04996e-10
0.039412 0.208832 18.1861 -1.546e-10
0.0391941 0.208868 18.4559 6.71522e-11
0.0389719 0.2089 18.7056 -6.75782e-12
0.0387288 0.208931 18.5751 1.48635e-11
0.0384428 0.208959 18.4991 1.86201e-10
0.038096 0.208984 18.8594 -1.01557e-10
0.037629 0.208999 18.8697 1.20979e-10
0.0371345 0.208994 18.7542 1.57228e-10
0.0366677 0.208969 18.6989 2.09662e-10
0.0362031 0.208924 18.4992 3.70644e-10
0.0357527 0.208861 17.6445 1.83474e-10
0.0353032 0.208779 18.0713 -2.01017e-10
0.0348416 0.208675 17.52 4.99336e-10
0.0345266 0.208592 16.8312 4.76928e-10
0.0342268 0.208503 16.5162 3.06573e-10
0.033944 0.208411 16.2623 5.80233e-10
0.0336965 0.208323 15.9313 6.77496e-10
0.0334654 0.208235 15.1609 3.30633e-10
0.0332495 0.208148 14.8462 5.34136e-10
0.032977 0.208029 14.7603 5.14132e-10
0.032615 0.207858 13.9267 4.86356e-10
0.0322884 0.20769 13.3626 6.22147e-10
0.0319682 0.207511 12.509 5.98186e-10
0.0317302 0.207368 11.6225 6.43781e-10
0.0315182 0.207234 11.0807 4.05636e-10
0.0312794 0.207075 10.3741 7.8066e-10
0.0309551 0.206845 9.49877 6.32656e-10
0.0304921 0.206483 7.98642 8.17567e-10
0.0298968 0.205954 5.55502 9.28894e-10
0.0292792 0.205314 2.92106 6.81029e-10
0.0287303 0.204646 0.0775199 -1.56205e-11
0.0282762 0.204001 -2.60364 3.29396e-10
0.0278773 0.203338 -5.09026 1.58004e-10
0.027602 0.202809 -6.93039 -6.07548e-11
0.0274128 0.202398 -8.9085 3.05691e-11
0.0272722 0.20206 -9.7495 2.86884e-10
0.0271581 0.20176 -10.6676 -3.14516e-10
0.0270572 0.201471 -13.5433 7.00813e-10
0.0269676 0.201189 -15.4195 -1.86238e-10
0.0268766 0.200871 -10.4067 1.75176e-09
0.0267811 0.200491 -15.2857 -1.74825e-09
0.0266911 0.200066 -17.8271 4.30038e-10
0.0265919 0.199454 -19.3047 -1.7727e-09
0.0265183 0.19871 -18.6533 -1.41835e-09
0.0264955 0.197945 -25.2683 -2.84913e-11
0.0265234 0.197214 -21.2916 -4.64371e-09
0.0265827 0.196617 -23.1178 -6.12721e-09
0.0266613 0.196096 -25.1889 -4.7156e-09
0.0267827 0.195502 -26.1535 -2.70217e-09
0.0269239 0.194959 -26.1627 -2.44557e-09
0.02704 0.194582 -25.9656 -2.39764e-09
0.0271624 0.194228 -25.9032 -2.15373e-09
0.0272754 0.193932 -25.7413 -2.10989e-09
0.0274144 0.193598 -25.5291 -1.96586e-09
0.0276022 0.193191 -25.2125 -1.66256e-09
0.0278703 0.192675 -24.7125 -1.24999e-09
0.0282472 0.192044 -24.1493 -1.02882e-09
0.0286604 0.191447 -23.8656 -8.67141e-10
0.0289942 0.191019 -23.7914 -8.2513e-10
0.0293004 0.190662 -23.7241 -8.13815e-10
0.0296155 0.190325 -23.7118 -7.40796e-10
0.0300205 0.18993 -23.5521 -6.16434e-10
0.0304903 0.189519 -23.3641 -6.74888e-10
0.0308721 0.189217 -23.2119 -5.20261e-10
0.0311523 0.189013 -22.9534 -5.97596e-10
0.031437 0.188819 -22.9652 -6.00285e-10
0.0316701 0.188669 -22.8184 -4.85333e-10
0.0319084 0.188524 -22.6044 -5.414e-10
0.0321422 0.18839 -22.6224 -4.94786e-10
0.0323463 0.18828 -22.5457 -4.43745e-10
0.0326149 0.188142 -22.4888 -4.44425e-10
0.0328564 0.188026 -22.4896 -3.43495e-10
0.0331317 0.187903 -22.3777 -3.00454e-10
0.0333773 0.1878 -22.3048 -3.10714e-10
0.0336018 0.187712 -22.0685 -3.35846e-10
0.0338856 0.187609 -22.0635 -4.12283e-10
0.0341323 0.187527 -22.1258 -1.6188e-10
0.034454 0.187429 -21.7401 -4.19572e-10
0.034734 0.187352 -21.6193 -2.66392e-10
0.0350148 0.187283 -21.4912 -3.16614e-10
0.0352437 0.187233 -21.4098 -2.43664e-10
0.0354868 0.187185 -20.9486 -3.59371e-10
0.0357146 0.187145 -20.3909 -6.11273e-10
0.0359401 0.18711 -20.6741 1.21788e-10
0.0361783 0.187079 -21.1713 -2.69399e-10
0.0364486 0.18705 -20.124 -7.92026e-11
0.0367301 0.187027 -19.6675 -3.70897e-10
0.0370905 0.187007 -19.3108 -3.52137e-10
0.0374913 0.187 -18.838 -8.77235e-11
0.037939 0.187009 -18.1615 5.19361e-12
0.0384558 0.187042 -17.3948 -1.74009e-10
0.0390969 0.187117 -16.3461 -3.84348e-10
0.0396902 0.187221 -15.0993 -6.57801e-11
0.0401584 0.187327 -14.5148 -3.89389e-10
0.0404762 0.187412 -14.3081 -6.71686e-10
0.0407795 0.187502 -13.1593 -2.3174e-10
0.0410964 0.187606 -12.4598 -3.7211e-10
0.0413387 0.187693 -11.9587 -8.66026e-11
0.0416001 0.187795 -11.493 -1.67478e-10
0.0419507 0.187943 -10.783 -1.45104e-10
0.0422688 0.18809 -9.95546 -1.81552e-10
0.0425994 0.188256 -9.82369 -9.48552e-11
0.0428862 0.188412 -9.14121 -2.10708e-10
0.0430898 0.188529 -8.76083 -1.40353e-10
0.0432951 0.188653 -8.52288 -1.16468e-10
0.0435157 0.188794 -8.17417 -2.26371e-10
0.043751 0.188952 -7.81871 -7.9857e-11
0.0439833 0.189117 -7.55352 -5.35467e-11
0.0442002 0.18928 -7.27793 -6.99278e-11
0.0444099 0.189445 -7.02969 -2.34772e-11
0.0446141 0.189614 -6.80277 -1.13529e-10
0.0448458 0.189816 -6.53127 -4.0882e-11
0.0451321 0.190083 -6.22507 -2.29647e-11
0.0454729 0.190427 -5.87089 -7.95217e-11
0.0457539 0.190734 -5.56747 -4.09533e-11
0.0460108 0.191037 -5.31971 8.98508e-12
0.0462665 0.191362 -5.07789 9.25334e-12
0.0464543 0.191617 -4.91054 2.47298e-11
0.0466027 0.191831 -4.77899 3.90504e-11
0.0467279 0.19202 -4.67272 1.68828e-11
0.0468501 0.192213 -4.54878 6.46224e-12
0.0469701 0.192412 -4.45406 4.38454e-11
0.0470842 0.19261 -4.32462 4.75374e-12
0.047194 0.19281 -4.21658 2.0773e-11
0.0473085 0.19303 -4.09073 -2.97436e-12
0.0474344 0.193287 -3.95892 7.1494e-13
0.0475932 0.193637 -3.79707 -1.5984e-11
0.0477403 0.193995 -3.66338 -2.14023e-11
0.047853 0.194296 -3.57832 -2.79769e-11
0.0479475 0.194572 -3.56443 -3.43464e-11
0.0480394 0.194866 -3.53852 1.00464e-12
0.0481214 0.195156 -3.55129 -2.63413e-11
0.0481939 0.195443 -3.67346 -1.56769e-11
0.048276 0.195814 -3.8598 1.65659e-11
0.0483726 0.196361 -4.30836 3.88188e-10
0.0484635 0.197163 -5.89196 6.78213e-10
