x y fp fmu
0.045575 0.198 -10.2178 7.11041e-10
0.0455435 0.198831 -10.0009 5.48137e-11
0.0454401 0.199717 -9.5048 2.75881e-10
0.0452851 0.200508 -8.98438 3.38993e-10
0.0451379 0.20107 -8.55839 4.82766e-10
0.045016 0.201462 -8.26535 4.20247e-10
0.0449043 0.201782 -7.88819 5.57217e-10
0.044779 0.202108 -7.25257 6.0097e-10
0.0446359 0.202447 -7.37367 4.08386e-10
0.0444776 0.202789 -6.40072 2.87474e-10
0.0442993 0.203142 -5.89822 3.9654e-10
0.0440646 0.203563 -4.93981 4.39825e-10
0.0437033 0.204138 -3.59391 3.97985e-10
0.0432966 0.204703 -2.06298 3.64971e-10
0.0429302 0.205155 -0.766337 1.70576e-10
0.0425023 0.205626 0.81085 1.75993e-10
0.0421542 0.205972 2.00335 2.11e-10
0.0418622 0.20624 2.79651 7.97973e-11
0.0416441 0.206428 3.57273 4.18505e-10
0.0414425 0.206593 4.39941 -7.53257e-11
0.0412394 0.206751 4.85752 3.73917e-11
0.0410265 0.206909 5.675 5.20231e-11
0.0408002 0.207069 6.24442 1.06117e-11
0.0405731 0.207221 6.87022 3.42858e-10
0.0403539 0.20736 7.40834 7.5829e-11
0.0401499 0.207483 8.21661 1.49854e-11
0.0398877 0.207632 9.14116 1.50134e-10
0.0396498 0.207759 9.39666 4.83017e-10
0.0393233 0.207922 11.2668 1.03378e-09
0.0389712 0.208083 11.3766 -1.99914e-09
0.0386367 0.208223 11.3619 -2.64603e-10
0.0383732 0.208323 12.602 -1.3928e-12
0.0380883 0.208424 13.2976 -1.03992e-10
0.0378039 0.208515 13.9339 3.39748e-10
0.0374898 0.208607 14.5184 1.31558e-10
0.0372094 0.20868 15.7122 4.97443e-11
0.0369615 0.208738 15.1167 -8.53028e-11
0.0367217 0.208788 15.2571 3.50834e-10
0.0364917 0.208832 16.3643 1.94476e-11
0.0362737 0.208868 16.7944 3.00572e-10
0.0360516 0.2089 17.2676 1.81897e-10
0.0358084 0.208931 17.1334 6.08605e-11
0.0355225 0.208959 17.5017 5.05342e-10
0.0351757 0.208984 18.2733 1.23853e-10
0.0347086 0.208999 18.657 3.02585e-10
0.0342141 0.208994 19.0489 3.45768e-10
0.0337473 0.208969 19.4888 3.30455e-10
0.0332828 0.208924 19.575 5.52957e-10
0.0328324 0.208861 19.4871 6.51101e-10
0.0323829 0.208779 20.2199 2.34451e-10
0.0319213 0.208675 19.7467 7.7782e-10
0.0316063 0.208592 19.5304 7.14293e-10
0.0313065 0.208503 19.5298 6.83787e-10
0.0310236 0.208411 19.477 7.88782e-10
0.0307761 0.208323 19.2555 1.03412e-09
0.0305451 0.208235 18.6438 7.38461e-10
0.0303292 0.208148 18.8037 6.74396e-10
0.0300566 0.208029 18.8019 7.44029e-10
0.0296946 0.207858 18.2814 7.47635e-10
0.029368 0.20769 17.9297 9.06813e-10
0.0290478 0.207511 17.2307 9.58927e-10
0.0288098 0.207368 16.5987 9.37447e-10
0.0285978 0.207234 16.2477 7.95078e-10
0.0283591 0.207075 15.7934 1.03985e-09
0.0280348 0.206845 15.2134 8.92368e-10
0.0275717 0.206483 14.0301 1.15984e-09
0.0269765 0.205954 12.0882 1.34505e-09
0.0263588 0.205314 9.88279 1.171e-09
0.0258099 0.204646 7.23737 6.75287e-10
0.0253559 0.204001 4.81966 8.38502e-10
0.024957 0.203338 2.48699 7.26228e-10
0.0246817 0.202809 0.549437 6.19422e-10
0.0244924 0.202398 -1.41465 5.73157e-10
0.0243518 0.20206 -2.41148 8.31548e-10
0.0242377 0.20176 -3.70667 2.64708e-10
0.0241368 0.201471 -6.22175 9.78436e-10
0.0240473 0.201189 -7.40733 -3.88031e-10
0.0239563 0.200871 -4.35716 1.63209e-09
0.0238607 0.200491 -9.24184 -5.5213e-10
0.0237707 0.200066 -11.714 7.0275e-10
0.0236715 0.199454 -13.4032 -1.59373e-09
0.0235979 0.19871 -13.875 -1.89318e-09
0.0235751 0.197945 -20.4821 1.78134e-10
0.0236031 0.197214 -18.3162 -4.42327e-09
0.0236623 0.196617 -21.1979 -5.13161e-09
0.0237409 0.196096 -24.1567 -3.6168e-09
0.0238624 0.195502 -26.0165 -2.44535e-09
0.0240036 0.194959 -26.5629 -3.24534e-09
0.0241196 0.194582 -26.8614 -3.52047e-09
0.0242421 0.194228 -27.2162 -3.95847e-09
0.024355 0.193932 -26.7554 -4.07581e-09
0.0244941 0.193598 -26.626 -4.21423e-09
0.0246818 0.193191 -26.1407 -4.27333e-09
0.0249499 0.192675 -25.0289 -3.77821e-09
0.0253269 0.192044 -23.8026 -2.77635e-09
0.02574 0.191447 -22.3687 -2.11646e-09
0.0260739 0.191019 -21.5022 -1.7572e-09
0.02638 0.190662 -20.9775 -1.53248e-09
0.0266952 0.190325 -20.6868 -1.31389e-09
0.0271001 0.18993 -20.4504 -1.09941e-09
0.02757 0.189519 -19.9722 -9.15707e-10
0.0279517 0.189217 -19.8873 -7.48887e-10
0.028232 0.189013 -19.611 -8.43328e-10
0.0285166 0.188819 -19.5649 -6.86687e-10
0.0287498 0.188669 -19.6371 -5.42028e-10
0.0289881 0.188524 -19.3888 -5.57574e-10
0.0292218 0.18839 -19.3547 -5.41801e-10
0.0294259 0.18828 -19.4106 -4.57939e-10
0.0296945 0.188142 -19.3498 -4.53057e-10
0.0299361 0.188026 -19.4537 -3.50933e-10
0.0302114 0.187903 -19.4039 -2.92038e-10
0.0304569 0.1878 -19.4125 -2.68021e-10
0.0306815 0.187712 -19.3186 -2.82162e-10
0.0309653 0.187609 -19.465 -2.99813e-10
0.0312119 0.187527 -19.5826 -1.22513e-10
0.0315336 0.187429 -19.5455 -2.47643e-10
0.0318136 0.187352 -19.6705 -1.84333e-10
0.0320944 0.187283 -19.8165 -1.87848e-10
0.0323233 0.187233 -19.9265 -1.16998e-10
0.0325664 0.187185 -19.8195 -1.87587e-10
0.0327942 0.187145 -19.6717 -4.09762e-10
0.0330198 0.18711 -20.0892 2.64405e-10
0.033258 0.187079 -20.8011 -4.02971e-11
0.0335282 0.18705 -20.2524 5.96005e-11
0.0338097 0.187027 -20.1978 -1.90051e-10
0.0341701 0.187007 -20.2715 -1.91342e-10
0.034571 0.187 -20.263 4.87297e-11
0.0350186 0.187009 -20.1627 1.37316e-10
0.0355355 0.187042 -19.9414 -5.84118e-11
0.0361765 0.187117 -19.3516 -3.54023e-10
0.0367698 0.187221 -18.4434 5.17244e-11
0.037238 0.187327 -18.2197 -4.17246e-10
0.0375559 0.187412 -18.4236 -7.49715e-10
0.0378591 0.187502 -17.1624 -2.55935e-10
0.038176 0.187606 -16.5533 -3.71885e-10
0.0384184 0.187693 -16.156 -3.97063e-11
0.0386797 0.187795 -15.8099 -1.33371e-10
0.0390304 0.187943 -15.239 -1.17378e-10
0.0393484 0.18809 -14.4052 -2.12542e-10
0.039679 0.188256 -14.6462 -3.38104e-11
0.0399658 0.188412 -13.9176 -3.04457e-10
0.0401694 0.188529 -13.5458 -1.79591e-10
0.0403747 0.188653 -13.3944 -1.54225e-10
0.0405954 0.188794 -13.0908 -2.94597e-10
0.0408307 0.188952 -12.7883 -1.06154e-10
0.041063 0.189117 -12.6284 -7.19964e-11
0.0412799 0.18928 -12.4375 -1.09064e-10
0.0414895 0.189445 -12.2872 -4.71649e-11
0.0416937 0.189614 -12.1718 -1.29634e-10
0.0419255 0.189816 -12.0337 -2.99231e-11
0.0422117 0.190083 -11.9187 -8.11685e-12
0.0425526 0.190427 -11.8529 -3.57078e-12
0.0428335 0.190734 -11.8077 6.12807e-11
0.0430904 0.191037 -11.761 1.0368e-10
0.0433462 0.191362 -11.7531 1.21816e-10
0.043534 0.191617 -11.7339 1.59648e-10
0.0436823 0.191831 -11.7198 1.84404e-10
0.0438075 0.19202 -11.7228 1.90146e-10
0.0439297 0.192213 -11.7566 1.72941e-10
0.0440497 0.192412 -11.704 1.95096e-10
0.0441639 0.19261 -11.6887 2.0582e-10
0.0442736 0.19281 -11.6636 2.14104e-10
0.0443881 0.19303 -11.6299 2.12028e-10
0.044514 0.193287 -11.5766 2.2814e-10
0.0446728 0.193637 -11.4811 2.35095e-10
0.04482 0.193995 -11.383 2.24549e-10
0.0449327 0.194296 -11.2878 2.30015e-10
0.0450272 0.194572 -11.1626 2.25134e-10
0.0451191 0.194866 -11.0866 1.86106e-10
0.045201 0.195156 -10.9749 2.33992e-10
0.0452736 0.195443 -10.8512 2.05208e-10
0.0453556 0.195814 -10.7321 1.92761e-10
0.0454522 0.196361 -10.5047 2.37062e-10
0.0455431 0.197163 -10.292 1.3353e-10
