x y fp fmu
0.0443774 0.198 -13.6459 2.06491e-09
0.044346 0.198831 -12.6657 1.50978e-09
0.0442425 0.199717 -12.1366 7.33937e-10
0.0440876 0.200508 -9.76637 5.44381e-10
0.0439404 0.20107 -8.31446 1.0212e-09
0.0438185 0.201462 -7.41434 6.77274e-10
0.0437067 0.201782 -6.43582 1.27947e-09
0.0435814 0.202108 -4.42711 1.00514e-09
0.0434384 0.202447 -5.96075 4.23483e-10
0.0432801 0.202789 -3.42449 -2.73048e-10
0.0431017 0.203142 -2.68228 2.76084e-10
0.0428671 0.203563 -1.12657 1.97688e-10
0.0425058 0.204138 0.793305 1.29748e-10
0.0420991 0.204703 2.68728 -1.90016e-11
0.0417327 0.205155 4.17464 -2.38843e-10
0.0413048 0.205626 5.91915 -2.28361e-10
0.0409566 0.205972 7.13115 -1.66552e-10
0.0406647 0.20624 7.83706 -3.11897e-10
0.0404466 0.206428 8.56357 8.35589e-11
0.040245 0.206593 9.3974 -4.90797e-10
0.0400419 0.206751 9.72949 -3.2463e-10
0.0398289 0.206909 10.4891 -3.12055e-10
0.0396026 0.207069 10.972 -3.11232e-10
0.0393755 0.207221 11.4509 -2.26038e-11
0.0391564 0.20736 11.8641 -2.56792e-10
0.0389524 0.207483 12.5311 -3.53234e-10
0.0386901 0.207632 13.2933 -2.1964e-10
0.0384522 0.207759 13.425 1.46948e-10
0.0381257 0.207922 14.683 4.66565e-10
0.0377736 0.208083 14.7804 -1.75135e-09
0.0374392 0.208223 14.6329 -4.88409e-10
0.0371756 0.208323 15.4579 -2.39692e-10
0.0368908 0.208424 15.8457 -3.61816e-10
0.0366063 0.208515 16.2209 -7.37749e-11
0.0362922 0.208607 16.4713 -1.99883e-10
0.0360118 0.20868 17.1181 -2.79762e-10
0.035764 0.208738 16.9068 -1.36114e-10
0.0355241 0.208788 16.7382 2.28838e-11
0.0352941 0.208832 17.2076 -2.87359e-10
0.0350761 0.208868 17.4355 -1.19503e-10
0.034854 0.2089 17.6604 -1.51923e-10
0.0346109 0.208931 17.5653 -1.10808e-10
0.0343249 0.208959 17.4661 -5.21121e-11
0.0339781 0.208984 17.7545 -2.85379e-10
0.0335111 0.208999 17.7661 -6.74744e-11
0.0330165 0.208994 17.6314 -5.15015e-11
0.0325498 0.208969 17.5429 9.02368e-12
0.0320852 0.208924 17.3442 1.31679e-10
0.0316348 0.208861 16.4953 -1.05904e-10
0.0311853 0.208779 16.8678 -4.4357e-10
0.0307237 0.208675 16.3656 2.19851e-10
0.0304087 0.208592 15.7345 1.87558e-10
0.0301089 0.208503 15.4122 -2.67336e-11
0.0298261 0.208411 15.1335 2.85989e-10
0.0295785 0.208323 14.8255 3.08238e-10
0.0293475 0.208235 14.1535 -2.69999e-11
0.0291316 0.208148 13.8366 2.22854e-10
0.0288591 0.208029 13.7089 1.3994e-10
0.0284971 0.207858 12.962 8.97521e-11
0.0281704 0.20769 12.4325 1.75358e-10
0.0278503 0.207511 11.674 1.31309e-10
0.0276123 0.207368 10.9218 1.77808e-10
0.0274003 0.207234 10.4394 -7.43267e-11
0.0271615 0.207075 9.83396 2.67929e-10
0.0268372 0.206845 9.06696 1.09468e-10
0.0263742 0.206483 7.76336 2.50628e-10
0.0257789 0.205954 5.71693 3.52448e-10
0.0251613 0.205314 3.52718 7.6747e-11
0.0246124 0.204646 1.23399 -5.00699e-10
0.0241583 0.204001 -0.887849 -3.04625e-10
0.0237594 0.203338 -2.83627 -4.1699e-10
0.0234841 0.202809 -4.25578 -6.19812e-10
0.0232948 0.202398 -5.66165 -5.91497e-10
0.0231543 0.20206 -6.26297 -4.77061e-10
0.0230402 0.20176 -6.87373 -9.22491e-10
0.0229392 0.201471 -8.67331 -2.3375e-10
0.0228497 0.201189 -9.93705 -9.55524e-10
0.0227587 0.200871 -7.08892 2.41094e-11
0.0226632 0.200491 -9.73654 -1.69419e-09
0.0225732 0.200066 -11.1049 -6.87646e-10
0.022474 0.199454 -11.6894 -2.00805e-09
0.0224004 0.19871 -10.877 -1.93054e-09
0.0223775 0.197945 -12.2141 -8.63789e-10
0.0224055 0.197214 -11.6718 -1.05507e-09
0.0224647 0.196617 -11.2624 -1.07348e-09
0.0225434 0.196096 -11.3606 -8.85098e-10
0.0226648 0.195502 -11.4312 -7.331e-10
0.022806 0.194959 -11.5204 -6.03556e-10
0.0229221 0.194582 -11.4982 -5.86389e-10
0.0230445 0.194228 -11.5385 -5.22344e-10
0.0231574 0.193932 -11.516 -5.34137e-10
0.0232965 0.193598 -11.5443 -4.91337e-10
0.0234843 0.193191 -11.5754 -4.52127e-10
0.0237524 0.192675 -11.6302 -3.98439e-10
0.0241293 0.192044 -11.6899 -3.69574e-10
0.0245425 0.191447 -11.7504 -3.30301e-10
0.0248763 0.191019 -11.7939 -3.1196e-10
0.0251825 0.190662 -11.8245 -3.0216e-10
0.0254976 0.190325 -11.8736 -2.82257e-10
0.0259026 0.18993 -11.9288 -2.32892e-10
0.0263724 0.189519 -11.9821 -2.49838e-10
0.0267542 0.189217 -12.0589 -1.8865e-10
0.0270344 0.189013 -12.0614 -2.41274e-10
0.0273191 0.188819 -12.1238 -2.3517e-10
0.0275522 0.188669 -12.1988 -1.69247e-10
0.0277905 0.188524 -12.1661 -1.95465e-10
0.0280243 0.18839 -12.1859 -1.90525e-10
0.0282284 0.18828 -12.2407 -1.68915e-10
0.028497 0.188142 -12.2287 -1.8315e-10
0.0287385 0.188026 -12.3175 -1.33392e-10
0.0290138 0.187903 -12.2965 -9.97277e-11
0.0292594 0.1878 -12.3316 -9.64029e-11
0.0294839 0.187712 -12.275 -9.35673e-11
0.0297677 0.187609 -12.2738 -1.10254e-10
0.0300144 0.187527 -12.3471 -3.34268e-11
0.0303361 0.187429 -12.3126 -9.30557e-11
0.0306161 0.187352 -12.3114 -4.17586e-11
0.0308969 0.187283 -12.3329 -2.96348e-11
0.0311258 0.187233 -12.3586 -2.13722e-11
0.0313689 0.187185 -12.3593 -1.39304e-11
0.0315967 0.187145 -12.3853 -1.9727e-11
0.0318222 0.18711 -12.4566 -4.49508e-11
0.0320604 0.187079 -12.4101 5.70999e-11
0.0323306 0.18705 -12.499 1.95047e-11
0.0326122 0.187027 -12.5994 6.9605e-11
0.0329725 0.187007 -12.6865 7.70247e-11
0.0333734 0.187 -12.7859 6.71385e-11
0.0338211 0.187009 -12.9355 1.13107e-11
0.0343379 0.187042 -13.1042 1.05956e-10
0.0349789 0.187117 -13.2996 1.884e-10
0.0355723 0.187221 -13.5646 4.3473e-11
0.0360405 0.187327 -13.6506 3.3061e-10
0.0363583 0.187412 -13.3578 3.24799e-10
0.0366615 0.187502 -13.6552 1.70723e-10
0.0369785 0.187606 -13.7399 1.83908e-10
0.0372208 0.187693 -13.74 1.35304e-10
0.0374822 0.187795 -13.7576 1.38395e-10
0.0378328 0.187943 -13.7314 1.6801e-10
0.0381509 0.18809 -13.8056 1.34647e-10
0.0384814 0.188256 -13.7537 2.25255e-10
0.0387683 0.188412 -13.7042 2.23021e-10
0.0389718 0.188529 -13.7566 2.11458e-10
0.0391772 0.188653 -13.7547 2.34635e-10
0.0393978 0.188794 -13.7343 2.28012e-10
0.0396331 0.188952 -13.7743 2.13809e-10
0.0398654 0.189117 -13.7797 2.37728e-10
0.0400823 0.18928 -13.7822 2.3894e-10
0.040292 0.189445 -13.7853 2.58684e-10
0.0404962 0.189614 -13.7787 2.64047e-10
0.0407279 0.189816 -13.7994 2.68845e-10
0.0410142 0.190083 -13.801 3.02055e-10
0.041355 0.190427 -13.7815 3.09817e-10
0.041636 0.190734 -13.8469 2.68142e-10
0.0418928 0.191037 -13.8491 3.27779e-10
0.0421486 0.191362 -13.8562 3.3733e-10
0.0423364 0.191617 -13.8561 3.81008e-10
0.0424848 0.191831 -13.8287 4.29842e-10
0.04261 0.19202 -13.803 4.37953e-10
0.0427322 0.192213 -13.9287 3.95619e-10
0.0428522 0.192412 -13.8738 4.26129e-10
0.0429663 0.19261 -13.8711 4.55064e-10
0.043076 0.19281 -13.8813 4.63722e-10
0.0431906 0.19303 -13.8989 4.72099e-10
0.0433165 0.193287 -13.8846 4.99015e-10
0.0434752 0.193637 -13.8506 5.43256e-10
0.0436224 0.193995 -13.8623 5.66483e-10
0.0437351 0.194296 -13.8306 6.1938e-10
0.0438296 0.194572 -13.783 6.75044e-10
0.0439215 0.194866 -13.8831 6.47748e-10
0.0440035 0.195156 -13.7904 7.26347e-10
0.044076 0.195443 -13.814 7.68262e-10
0.0441581 0.195814 -13.828 8.54973e-10
0.0442547 0.196361 -13.692 1.11261e-09
0.0443456 0.197163 -13.6689 1.49067e-09
