x y fp fmu
0.0405548 0.198 -20.0649 5.16325e-09
0.0405234 0.198831 -18.6723 3.54467e-10
0.0404199 0.199717 -17.4431 3.40975e-10
0.040265 0.200508 -15.5228 5.84795e-10
0.0401178 0.20107 -14.2524 1.03217e-09
0.0399959 0.201462 -13.5304 6.75687e-10
0.0398841 0.201782 -12.5051 1.37999e-09
0.0397588 0.202108 -10.6429 1.05635e-09
0.0396157 0.202447 -12.2884 6.84542e-10
0.0394575 0.202789 -9.7517 -7.98591e-11
0.0392791 0.203142 -9.06938 4.8377e-10
0.0390444 0.203563 -7.54727 4.23295e-10
0.0386832 0.204138 -5.58057 3.69572e-10
0.0382765 0.204703 -3.68067 2.44268e-10
0.0379101 0.205155 -2.13166 -7.03026e-12
0.0374822 0.205626 -0.191171 1.13947e-11
0.037134 0.205972 1.19279 7.16697e-11
0.0368421 0.20624 1.98666 -1.44045e-10
0.036624 0.206428 2.9817 3.29641e-10
0.0364224 0.206593 3.91773 -3.55772e-10
0.0362193 0.206751 4.34212 -1.48555e-10
0.0360063 0.206909 5.30475 -1.56291e-10
0.03578 0.207069 5.86216 -1.82972e-10
0.0355529 0.207221 6.48157 1.54858e-10
0.0353338 0.20736 6.98589 -1.41888e-10
0.0351298 0.207483 7.9103 -1.67329e-10
0.0348675 0.207632 8.80572 -2.47181e-11
0.0346296 0.207759 9.02187 4.49171e-10
0.0343031 0.207922 11.0784 9.42708e-10
0.033951 0.208083 10.7742 -2.20907e-09
0.0336165 0.208223 10.8589 -6.40895e-10
0.033353 0.208323 12.0624 -1.50963e-10
0.0330682 0.208424 12.6892 -2.78963e-10
0.0327837 0.208515 13.2291 1.09344e-10
0.0324696 0.208607 13.7787 -1.97522e-11
0.0321892 0.20868 14.8166 -1.34022e-10
0.0319414 0.208738 14.2695 -1.61663e-10
0.0317015 0.208788 14.4793 1.26921e-10
0.0314715 0.208832 15.4127 -1.32336e-10
0.0312535 0.208868 15.7296 7.63057e-11
0.0310314 0.2089 16.129 -1.88786e-13
0.0307883 0.208931 16.0396 -9.0845e-11
0.0305023 0.208959 16.3441 1.75974e-10
0.0301555 0.208984 16.9279 -1.16888e-10
0.0296885 0.208999 17.2651 4.02749e-11
0.0291939 0.208994 17.5678 5.34068e-11
0.0287272 0.208969 17.8983 7.5677e-11
0.0282626 0.208924 17.9757 2.25969e-10
0.0278122 0.208861 17.8086 1.87657e-10
0.0273627 0.208779 18.3529 -1.37125e-10
0.0269011 0.208675 18.0571 3.5197e-10
0.0265861 0.208592 17.8339 2.956e-10
0.0262863 0.208503 17.758 1.98636e-10
0.0260035 0.208411 17.6831 3.819e-10
0.0257559 0.208323 17.5077 4.67163e-10
0.0255249 0.208235 17.0272 2.15547e-10
0.025309 0.208148 17.0447 3.06458e-10
0.0250364 0.208029 16.9792 3.25191e-10
0.0246745 0.207858 16.5329 2.84509e-10
0.0243478 0.20769 16.209 3.92036e-10
0.0240277 0.207511 15.674 3.91117e-10
0.0237897 0.207368 15.1648 3.97904e-10
0.0235777 0.207234 14.8378 2.07554e-10
0.0233389 0.207075 14.4252 5.06021e-10
0.0230146 0.206845 13.8772 3.73736e-10
0.0225516 0.206483 12.8903 5.60911e-10
0.0219563 0.205954 11.2907 6.97257e-10
0.0213386 0.205314 9.44759 4.02866e-10
0.0207898 0.204646 7.39568 -1.19138e-10
0.0203357 0.204001 5.47092 9.05373e-11
0.0199368 0.203338 3.63676 -4.91027e-11
0.0196615 0.202809 2.22379 -2.38232e-10
0.0194722 0.202398 0.884572 -2.97393e-10
0.0193316 0.20206 0.156883 -1.09884e-10
0.0192175 0.20176 -0.662998 -5.57981e-10
0.0191166 0.201471 -2.16583 7.53901e-11
0.0190271 0.201189 -3.05673 -8.59161e-10
0.0189361 0.200871 -1.85121 7.52526e-11
0.0188405 0.200491 -4.22551 -7.07684e-10
0.0187506 0.200066 -5.56158 -2.18706e-10
0.0186514 0.199454 -6.86665 -1.18776e-09
0.0185778 0.19871 -7.35034 -2.01435e-09
0.0185549 0.197945 -10.2091 -3.60379e-10
0.0185829 0.197214 -9.69611 -2.4834e-09
0.0186421 0.196617 -10.1761 -2.91482e-09
0.0187208 0.196096 -10.6994 -2.29855e-09
0.0188422 0.195502 -10.3752 -2.01985e-09
0.0189834 0.194959 -9.49847 -1.82835e-09
0.0190995 0.194582 -8.76924 -1.5846e-09
0.0192219 0.194228 -8.02887 -1.22535e-09
0.0193348 0.193932 -7.37733 -1.21602e-09
0.0194739 0.193598 -6.68694 -8.99116e-10
0.0196617 0.193191 -5.86721 -7.22907e-10
0.0199298 0.192675 -5.45227 -4.31965e-10
0.0203067 0.192044 -5.18623 -3.31597e-10
0.0207199 0.191447 -5.23294 -1.85355e-10
0.0210537 0.191019 -5.43112 -1.41262e-10
0.0213599 0.190662 -5.6139 -1.35656e-10
0.021675 0.190325 -5.81274 -1.29125e-10
0.02208 0.18993 -6.12549 -1.1108e-10
0.0225498 0.189519 -6.50973 -8.63595e-11
0.0229316 0.189217 -6.85441 -7.056e-11
0.0232118 0.189013 -7.10633 -7.51273e-11
0.0234965 0.188819 -7.38307 -1.17584e-10
0.0237296 0.188669 -7.57204 -1.03572e-10
0.0239679 0.188524 -7.76038 -1.25227e-10
0.0242017 0.18839 -7.97088 -1.25597e-10
0.0244058 0.18828 -8.1359 -1.10688e-10
0.0246744 0.188142 -8.34574 -1.17222e-10
0.0249159 0.188026 -8.55656 -8.02434e-11
0.0251912 0.187903 -8.76291 -7.26344e-11
0.0254368 0.1878 -8.9712 -5.63953e-11
0.0256613 0.187712 -9.10588 -6.74722e-11
0.0259451 0.187609 -9.31807 -8.31712e-11
0.0261918 0.187527 -9.59276 1.53129e-11
0.0265135 0.187429 -9.82768 -8.39436e-11
0.0267934 0.187352 -10.022 8.92467e-13
0.0270742 0.187283 -10.2651 -6.70628e-12
0.0273032 0.187233 -10.506 4.78859e-11
0.0275463 0.187185 -10.7129 4.91478e-11
0.0277741 0.187145 -10.7971 1.73323e-12
0.0279996 0.18711 -11.0601 1.27005e-10
0.0282378 0.187079 -11.5512 5.41139e-11
0.028508 0.18705 -11.812 1.17876e-10
0.0287896 0.187027 -12.1545 1.67291e-10
0.0291499 0.187007 -12.6376 2.09342e-10
0.0295508 0.187 -13.2388 2.15534e-10
0.0299985 0.187009 -13.9985 1.14594e-10
0.0305153 0.187042 -14.9166 2.70738e-10
0.0311563 0.187117 -16.0644 4.76931e-10
0.0317497 0.187221 -17.3347 1.99037e-10
0.0322178 0.187327 -18.0296 7.55955e-10
0.0325357 0.187412 -17.676 7.64071e-10
0.0328389 0.187502 -18.7457 4.7793e-10
0.0331558 0.187606 -19.3175 5.08027e-10
0.0333982 0.187693 -19.6263 2.9507e-10
0.0336595 0.187795 -19.9079 3.33465e-10
0.0340102 0.187943 -20.1926 3.78071e-10
0.0343283 0.18809 -20.7687 3.55368e-10
0.0346588 0.188256 -20.6032 3.72757e-10
0.0349457 0.188412 -20.6726 5.0473e-10
0.0351492 0.188529 -20.8898 3.98438e-10
0.0353546 0.188653 -20.8573 4.2139e-10
0.0355752 0.188794 -20.7701 4.03506e-10
0.0358105 0.188952 -20.795 3.20759e-10
0.0360428 0.189117 -20.7486 2.90159e-10
0.0362597 0.18928 -20.6341 2.95056e-10
0.0364694 0.189445 -20.5733 2.84923e-10
0.0366736 0.189614 -20.4477 1.9046e-10
0.0369053 0.189816 -20.3671 2.03273e-10
0.0371916 0.190083 -20.3011 2.60038e-10
0.0375324 0.190427 -20.2035 1.85513e-10
0.0378134 0.190734 -20.263 2.10783e-10
0.0380702 0.191037 -20.388 3.20649e-10
0.038326 0.191362 -20.5054 3.11996e-10
0.0385138 0.191617 -20.6209 3.9403e-10
0.0386622 0.191831 -20.6853 4.46035e-10
0.0387873 0.19202 -20.74 4.91669e-10
0.0389096 0.192213 -21.0065 4.90766e-10
0.0390296 0.192412 -20.9965 5.30338e-10
0.0391437 0.19261 -21.0791 6.13104e-10
0.0392534 0.19281 -21.1511 6.30983e-10
0.039368 0.19303 -21.2108 6.56684e-10
0.0394939 0.193287 -21.2276 6.92526e-10
0.0396526 0.193637 -21.134 7.21873e-10
0.0397998 0.193995 -21.0354 6.70715e-10
0.0399125 0.194296 -20.9276 6.71122e-10
0.040007 0.194572 -20.6622 6.36496e-10
0.0400989 0.194866 -20.5948 5.00587e-10
0.0401809 0.195156 -20.5276 6.35815e-10
0.0402534 0.195443 -20.3197 5.75107e-10
0.0403355 0.195814 -20.3493 5.65324e-10
0.0404321 0.196361 -20.0307 8.53382e-10
0.0405229 0.197163 -20.0583 5.18037e-11
