x y fp fmu
0.044458 0.198 -13.6675 2.0497e-09
0.0444265 0.198831 -12.5966 1.45736e-09
0.0443231 0.199717 -11.9864 6.89665e-10
0.0441681 0.200508 -9.54515 5.25454e-10
0.0440209 0.20107 -8.07603 9.96555e-10
0.043899 0.201462 -7.15266 6.71977e-10
0.0437873 0.201782 -6.17114 1.26876e-09
0.043662 0.202108 -4.14632 9.91902e-10
0.0435189 0.202447 -5.66189 4.03913e-10
0.0433606 0.202789 -3.12639 -2.78601e-10
0.0431823 0.203142 -2.38728 2.64325e-10
0.0429476 0.203563 -0.825596 1.88427e-10
0.0425863 0.204138 1.09134 1.10967e-10
0.0421796 0.204703 2.98858 -3.54188e-11
0.0418132 0.205155 4.47446 -2.55722e-10
0.0413853 0.205626 6.21643 -2.43826e-10
0.0410372 0.205972 7.42522 -1.84219e-10
0.0407452 0.20624 8.12847 -3.25513e-10
0.0405271 0.206428 8.8475 6.76235e-11
0.0403255 0.206593 9.67864 -5.02166e-10
0.0401224 0.206751 10.0136 -3.36372e-10
0.0399095 0.206909 10.7654 -3.24796e-10
0.0396832 0.207069 11.248 -3.21906e-10
0.0394561 0.207221 11.7198 -3.62592e-11
0.0392369 0.20736 12.1312 -2.65517e-10
0.0390329 0.207483 12.7957 -3.62191e-10
0.0387707 0.207632 13.5415 -2.40079e-10
0.0385328 0.207759 13.6801 1.29214e-10
0.0382063 0.207922 14.917 4.42716e-10
0.0378542 0.208083 15.0257 -1.74694e-09
0.0375197 0.208223 14.8703 -4.90127e-10
0.0372562 0.208323 15.6829 -2.48108e-10
0.0369713 0.208424 16.062 -3.70341e-10
0.0366869 0.208515 16.4325 -8.59696e-11
0.0363728 0.208607 16.6729 -2.09694e-10
0.0360924 0.20868 17.3073 -2.89819e-10
0.0358445 0.208738 17.1099 -1.3863e-10
0.0356047 0.208788 16.9276 1.54447e-11
0.0353747 0.208832 17.3797 -2.96972e-10
0.0351567 0.208868 17.6057 -1.31214e-10
0.0349346 0.2089 17.8257 -1.61819e-10
0.0346914 0.208931 17.7322 -1.15175e-10
0.0344055 0.208959 17.6189 -6.59561e-11
0.0340586 0.208984 17.8975 -2.96001e-10
0.0335916 0.208999 17.9003 -7.54031e-11
0.0330971 0.208994 17.7517 -5.98587e-11
0.0326303 0.208969 17.6494 2.37921e-12
0.0321658 0.208924 17.4424 1.24653e-10
0.0317154 0.208861 16.5701 -1.22189e-10
0.0312659 0.208779 16.9397 -4.59885e-10
0.0308043 0.208675 16.435 2.12344e-10
0.0304893 0.208592 15.7884 1.80609e-10
0.0301895 0.208503 15.4589 -3.90043e-11
0.0299066 0.208411 15.1736 2.79653e-10
0.0296591 0.208323 14.8623 2.99892e-10
0.0294281 0.208235 14.1841 -3.91789e-11
0.0292122 0.208148 13.8567 2.18125e-10
0.0289396 0.208029 13.73 1.31212e-10
0.0285776 0.207858 12.9763 7.99414e-11
0.028251 0.20769 12.4454 1.66646e-10
0.0279308 0.207511 11.6812 1.21173e-10
0.0276928 0.207368 10.9213 1.69038e-10
0.0274808 0.207234 10.4379 -8.68717e-11
0.0272421 0.207075 9.82955 2.58533e-10
0.0269178 0.206845 9.0625 1.02222e-10
0.0264547 0.206483 7.75268 2.39112e-10
0.0258595 0.205954 5.70172 3.41397e-10
0.0252418 0.205314 3.51407 6.00506e-11
0.0246929 0.204646 1.22501 -5.16476e-10
0.0242389 0.204001 -0.885965 -3.26444e-10
0.02384 0.203338 -2.83345 -4.35363e-10
0.0235647 0.202809 -4.24947 -6.32054e-10
0.0233754 0.202398 -5.65921 -5.95317e-10
0.0232348 0.20206 -6.25906 -4.75806e-10
0.0231207 0.20176 -6.85862 -9.20704e-10
0.0230198 0.201471 -8.67403 -2.28395e-10
0.0229303 0.201189 -9.95672 -9.57119e-10
0.0228393 0.200871 -7.01039 4.37995e-11
0.0227437 0.200491 -9.67659 -1.73618e-09
0.0226537 0.200066 -11.0338 -6.75407e-10
0.0225545 0.199454 -11.5877 -2.02722e-09
0.0224809 0.19871 -10.7275 -1.95775e-09
0.0224581 0.197945 -12.0242 -8.58253e-10
0.0224861 0.197214 -11.4423 -1.03872e-09
0.0225453 0.196617 -11.0146 -1.05139e-09
0.0226239 0.196096 -11.1037 -8.6838e-10
0.0227454 0.195502 -11.1729 -7.27011e-10
0.0228866 0.194959 -11.2595 -6.01063e-10
0.0230026 0.194582 -11.2384 -5.80204e-10
0.0231251 0.194228 -11.2761 -5.17487e-10
0.023238 0.193932 -11.2541 -5.28485e-10
0.023377 0.193598 -11.2818 -4.87143e-10
0.0235648 0.193191 -11.3138 -4.48286e-10
0.0238329 0.192675 -11.3702 -3.9508e-10
0.0242099 0.192044 -11.432 -3.6597e-10
0.024623 0.191447 -11.4948 -3.26418e-10
0.0249569 0.191019 -11.54 -3.07933e-10
0.025263 0.190662 -11.5721 -2.97983e-10
0.0255782 0.190325 -11.6223 -2.78029e-10
0.0259831 0.18993 -11.6788 -2.28663e-10
0.026453 0.189519 -11.7336 -2.43668e-10
0.0268347 0.189217 -11.8099 -1.83589e-10
0.027115 0.189013 -11.8149 -2.31082e-10
0.0273996 0.188819 -11.877 -2.25259e-10
0.0276328 0.188669 -11.9482 -1.62807e-10
0.0278711 0.188524 -11.9215 -1.87012e-10
0.0281048 0.18839 -11.9459 -1.81683e-10
0.0283089 0.18828 -11.9989 -1.59364e-10
0.0285775 0.188142 -11.9961 -1.70697e-10
0.0288191 0.188026 -12.0812 -1.23296e-10
0.0290944 0.187903 -12.0718 -9.28907e-11
0.0293399 0.1878 -12.11 -8.77212e-11
0.0295645 0.187712 -12.0679 -8.60606e-11
0.0298483 0.187609 -12.0803 -9.81488e-11
0.0300949 0.187527 -12.1508 -2.84632e-11
0.0304166 0.187429 -12.1355 -7.62889e-11
0.0306966 0.187352 -12.1478 -3.43489e-11
0.0309774 0.187283 -12.1811 -1.87781e-11
0.0312063 0.187233 -12.2114 -1.36525e-11
0.0314494 0.187185 -12.226 -3.33562e-12
0.0316772 0.187145 -12.2805 -2.15637e-12
0.0319028 0.18711 -12.3574 -4.81177e-11
0.0321409 0.187079 -12.2809 7.60783e-11
0.0324112 0.18705 -12.4014 2.4408e-11
0.0326927 0.187027 -12.5209 8.52869e-11
0.0330531 0.187007 -12.6225 8.95065e-11
0.033454 0.187 -12.735 7.31523e-11
0.0339016 0.187009 -12.902 1.3385e-11
0.0344185 0.187042 -13.0864 1.16741e-10
0.0350595 0.187117 -13.295 1.99074e-10
0.0356528 0.187221 -13.5725 4.55759e-11
0.036121 0.187327 -13.6624 3.39957e-10
0.0364389 0.187412 -13.3611 3.31588e-10
0.0367421 0.187502 -13.6626 1.73402e-10
0.037059 0.187606 -13.7466 1.864e-10
0.0373014 0.187693 -13.7457 1.38257e-10
0.0375627 0.187795 -13.7629 1.40489e-10
0.0379134 0.187943 -13.7352 1.70335e-10
0.0382314 0.18809 -13.8082 1.35921e-10
0.038562 0.188256 -13.7591 2.28742e-10
0.0388488 0.188412 -13.7081 2.24997e-10
0.0390524 0.188529 -13.7611 2.13767e-10
0.0392577 0.188653 -13.76 2.37364e-10
0.0394784 0.188794 -13.7403 2.31232e-10
0.0397137 0.188952 -13.7827 2.16695e-10
0.039946 0.189117 -13.7896 2.41354e-10
0.0401629 0.18928 -13.7942 2.42341e-10
0.0403725 0.189445 -13.799 2.62359e-10
0.0405767 0.189614 -13.794 2.69703e-10
0.0408085 0.189816 -13.8176 2.74034e-10
0.0410947 0.190083 -13.8215 3.07372e-10
0.0414356 0.190427 -13.8046 3.18535e-10
0.0417165 0.190734 -13.8743 2.76398e-10
0.0419734 0.191037 -13.8753 3.35745e-10
0.0422292 0.191362 -13.8812 3.47289e-10
0.042417 0.191617 -13.8794 3.90013e-10
0.0425653 0.191831 -13.8497 4.40746e-10
0.0426905 0.19202 -13.8197 4.46618e-10
0.0428127 0.192213 -13.9431 4.00559e-10
0.0429327 0.192412 -13.8895 4.33943e-10
0.0430469 0.19261 -13.8822 4.58937e-10
0.0431566 0.19281 -13.8911 4.69237e-10
0.0432711 0.19303 -13.9066 4.75922e-10
0.043397 0.193287 -13.8919 5.03701e-10
0.0435558 0.193637 -13.8561 5.48607e-10
0.043703 0.193995 -13.8672 5.72873e-10
0.0438157 0.194296 -13.8355 6.27601e-10
0.0439102 0.194572 -13.7872 6.84207e-10
0.0440021 0.194866 -13.8883 6.56871e-10
0.044084 0.195156 -13.7963 7.37984e-10
0.0441566 0.195443 -13.8189 7.80773e-10
0.0442386 0.195814 -13.8373 8.69763e-10
0.0443352 0.196361 -13.7016 1.14195e-09
0.0444261 0.197163 -13.6383 1.52191e-09
