x y fp fmu
0.0417995 0.198 -20.5895 3.52471e-08
0.041768 0.198831 -18.5735 -6.3522e-11
0.0416646 0.199717 -16.4773 -8.69774e-10
0.0415096 0.200508 -12.0262 -4.33204e-10
0.0413625 0.20107 -9.50038 2.89172e-10
0.0412406 0.201462 -8.07739 -1.83765e-10
0.0411288 0.201782 -6.6588 7.7195e-10
0.0410035 0.202108 -3.54422 5.25999e-10
0.0408604 0.202447 -6.01908 -1.25666e-10
0.0407021 0.202789 -2.70394 -1.25064e-09
0.0405238 0.203142 -1.69726 -3.86445e-10
0.0402891 0.203563 0.217053 -5.70111e-10
0.0399279 0.204138 2.60059 -5.77218e-10
0.0395212 0.204703 4.82326 -6.83559e-10
0.0391547 0.205155 6.48186 -9.23942e-10
0.0387268 0.205626 8.44015 -8.84292e-10
0.0383787 0.205972 9.81068 -7.47389e-10
0.0380867 0.20624 10.4193 -9.24276e-10
0.0378686 0.206428 11.036 -5.92302e-10
0.037667 0.206593 12.0451 -1.1998e-09
0.0374639 0.206751 12.332 -9.38817e-10
0.037251 0.206909 13.1073 -9.53595e-10
0.0370247 0.207069 13.6067 -9.05051e-10
0.0367976 0.207221 14.0442 -6.43997e-10
0.0365785 0.20736 14.3939 -8.18576e-10
0.0363744 0.207483 15.0291 -9.73221e-10
0.0361122 0.207632 15.9326 -7.66937e-10
0.0358743 0.207759 16.0057 -2.38295e-10
0.0355478 0.207922 16.9813 -9.86063e-11
0.0351957 0.208083 17.3915 -1.71934e-09
0.0348612 0.208223 16.8704 -9.69288e-10
0.0345977 0.208323 17.5675 -6.48876e-10
0.0343129 0.208424 17.8885 -8.18673e-10
0.0340284 0.208515 18.2497 -5.4722e-10
0.0337143 0.208607 18.2866 -5.97116e-10
0.0334339 0.20868 18.8699 -7.07476e-10
0.033186 0.208738 18.8796 -2.86312e-10
0.0329462 0.208788 18.2996 -2.65013e-10
0.0327162 0.208832 18.5148 -6.96557e-10
0.0324982 0.208868 18.7839 -5.09196e-10
0.0322761 0.2089 18.9648 -4.75479e-10
0.0320329 0.208931 18.8565 -2.92409e-10
0.031747 0.208959 18.4351 -4.51971e-10
0.0314002 0.208984 18.6085 -6.84064e-10
0.0309332 0.208999 18.4632 -2.93445e-10
0.0304386 0.208994 18.0461 -2.80351e-10
0.0299719 0.208969 17.7304 -1.71805e-10
0.0295073 0.208924 17.3106 -4.18058e-11
0.0290569 0.208861 16.0355 -3.93713e-10
0.0286074 0.208779 16.4019 -8.08127e-10
0.0281458 0.208675 15.6657 5.66521e-11
0.0278308 0.208592 14.8204 1.47608e-11
0.027531 0.208503 14.3736 -2.63143e-10
0.0272481 0.208411 13.9726 1.41931e-10
0.0270006 0.208323 13.5539 1.1239e-10
0.0267696 0.208235 12.7592 -2.63136e-10
0.0265537 0.208148 12.359 5.93947e-11
0.0262811 0.208029 12.1451 -5.3586e-11
0.0259191 0.207858 11.2776 -1.19689e-10
0.0255925 0.20769 10.6169 -3.92448e-11
0.0252723 0.207511 9.78926 -9.52292e-11
0.0250343 0.207368 9.01723 -4.80241e-11
0.0248224 0.207234 8.47076 -2.86569e-10
0.0245836 0.207075 7.80826 3.22448e-11
0.0242593 0.206845 6.97365 -1.03823e-10
0.0237963 0.206483 5.60081 -8.87439e-12
0.023201 0.205954 3.6158 6.30264e-11
0.0225833 0.205314 1.56014 -1.87523e-10
0.0220344 0.204646 -0.449202 -5.52848e-10
0.0215804 0.204001 -2.22103 -3.88964e-10
0.0211815 0.203338 -3.77323 -4.59736e-10
0.0209062 0.202809 -4.83165 -5.71249e-10
0.0207169 0.202398 -5.6724 -5.5161e-10
0.0205763 0.20206 -6.14589 -4.8456e-10
0.0204622 0.20176 -6.53968 -6.87871e-10
0.0203613 0.201471 -7.1859 -4.64286e-10
0.0202718 0.201189 -7.69801 -6.62711e-10
0.0201808 0.200871 -7.2968 -4.67211e-10
0.0200852 0.200491 -7.94112 -7.7655e-10
0.0199953 0.200066 -8.19999 -6.10373e-10
0.019896 0.199454 -8.35826 -5.13329e-10
0.0198224 0.19871 -8.24688 -2.78576e-10
0.0197996 0.197945 -8.02183 -3.50364e-10
0.0198276 0.197214 -8.15085 -2.37708e-11
0.0198868 0.196617 -8.23782 -1.26276e-10
0.0199655 0.196096 -8.40558 -1.74693e-10
0.0200869 0.195502 -8.59788 -1.62755e-10
0.0202281 0.194959 -8.76165 -1.65187e-10
0.0203442 0.194582 -8.84597 -1.5764e-10
0.0204666 0.194228 -8.92325 -1.39735e-10
0.0205795 0.193932 -8.97128 -1.39208e-10
0.0207186 0.193598 -9.02929 -1.26406e-10
0.0209063 0.193191 -9.10034 -1.10462e-10
0.0211745 0.192675 -9.21011 -8.13349e-11
0.0215514 0.192044 -9.37785 -6.1272e-11
0.0219646 0.191447 -9.59132 -6.41416e-12
0.0222984 0.191019 -9.79019 1.88393e-11
0.0226046 0.190662 -10.0001 4.10511e-11
0.0229197 0.190325 -10.2322 4.19403e-11
0.0233246 0.18993 -10.5794 8.88798e-11
0.0237945 0.189519 -11.1187 1.57345e-10
0.0241762 0.189217 -11.5376 1.69505e-10
0.0244565 0.189013 -11.9636 3.13163e-10
0.0247411 0.188819 -12.4425 2.11593e-10
0.0249743 0.188669 -12.6097 1.28792e-10
0.0252126 0.188524 -13.1059 1.66592e-10
0.0254463 0.18839 -13.6438 2.01421e-10
0.0256505 0.18828 -13.8539 2.01883e-10
0.025919 0.188142 -14.5025 2.83638e-10
0.0261606 0.188026 -14.6924 1.91759e-10
0.0264359 0.187903 -15.3065 1.25509e-10
0.0266814 0.1878 -15.5795 1.53751e-10
0.026906 0.187712 -16.1706 8.77776e-11
0.0271898 0.187609 -16.9166 2.05866e-10
0.0274365 0.187527 -16.9665 7.07562e-12
0.0277582 0.187429 -17.6131 3.81461e-10
0.0280381 0.187352 -18.1998 2.0454e-11
0.0283189 0.187283 -18.6587 1.43532e-10
0.0285478 0.187233 -18.8637 6.78786e-11
0.0287909 0.187185 -19.2217 1.44321e-10
0.0290187 0.187145 -20.1939 3.22932e-10
0.0292443 0.18711 -20.6808 -3.82101e-10
0.0294825 0.187079 -19.3309 6.10723e-10
0.0297527 0.18705 -20.2128 5.36743e-11
0.0300342 0.187027 -20.8001 3.25675e-10
0.0303946 0.187007 -21.136 1.45817e-10
0.0307955 0.187 -21.3278 4.09222e-11
0.0312431 0.187009 -21.5491 -7.49261e-11
0.03176 0.187042 -21.6788 2.06629e-10
0.032401 0.187117 -21.7181 2.36032e-10
0.0329943 0.187221 -21.8933 -5.2528e-11
0.0334625 0.187327 -21.9116 4.60248e-10
0.0337804 0.187412 -21.3303 3.46452e-10
0.0340836 0.187502 -21.5515 2.56472e-10
0.0344005 0.187606 -21.6534 2.5547e-10
0.0346429 0.187693 -21.644 2.69004e-10
0.0349042 0.187795 -21.7367 2.80198e-10
0.0352549 0.187943 -21.7822 3.7772e-10
0.0355729 0.18809 -22.0979 3.44721e-10
0.0359035 0.188256 -22.1377 5.81183e-10
0.0361903 0.188412 -22.1849 6.11373e-10
0.0363939 0.188529 -22.4705 5.86909e-10
0.0365993 0.188653 -22.5802 6.54863e-10
0.0368199 0.188794 -22.7168 7.27212e-10
0.0370552 0.188952 -23.0632 6.4439e-10
0.0372875 0.189117 -23.2625 7.40752e-10
0.0375044 0.18928 -23.4945 7.63822e-10
0.037714 0.189445 -23.6772 8.3968e-10
0.0379182 0.189614 -23.8497 1.01522e-09
0.03815 0.189816 -24.155 1.00245e-09
0.0384362 0.190083 -24.3857 1.12222e-09
0.0387771 0.190427 -24.6637 1.35894e-09
0.039058 0.190734 -25.3076 1.22997e-09
0.0393149 0.191037 -25.5419 1.42076e-09
0.0395707 0.191362 -25.8645 1.60279e-09
0.0397585 0.191617 -26.0245 1.81751e-09
0.0399068 0.191831 -26.0045 2.12732e-09
0.040032 0.19202 -26.0145 2.17887e-09
0.0401542 0.192213 -26.8007 2.00901e-09
0.0402743 0.192412 -26.7062 2.18009e-09
0.0403884 0.19261 -26.8079 2.40227e-09
0.0404981 0.19281 -26.9639 2.54845e-09
0.0406127 0.19303 -27.1906 2.69243e-09
0.0407386 0.193287 -27.3008 3.08771e-09
0.0408973 0.193637 -27.0272 3.72125e-09
0.0410445 0.193995 -27.2683 3.62479e-09
0.0411572 0.194296 -27.917 3.70327e-09
0.0412517 0.194572 -27.2132 3.46667e-09
0.0413436 0.194866 -27.7499 2.68795e-09
0.0414255 0.195156 -28.0661 3.60647e-09
0.0414981 0.195443 -27.1339 2.8939e-09
0.0415801 0.195814 -27.4408 2.27099e-09
0.0416767 0.196361 -25.5835 2.42337e-09
0.0417676 0.197163 -23.068 -3.22781e-09
