x y fp fmu
0.0471036 0.198 -10.9457 1.77797e-08
0.0470722 0.198831 -9.27373 -1.01618e-10
0.0469687 0.199717 -6.86241 -1.34701e-10
0.0468138 0.200508 -3.73133 1.73155e-10
0.0466666 0.20107 -1.89239 5.74423e-10
0.0465447 0.201462 -0.724881 1.63582e-10
0.0464329 0.201782 0.278982 5.08927e-10
0.0463076 0.202108 2.2773 7.04273e-10
0.0461645 0.202447 1.4506 -1.53827e-10
0.0460063 0.202789 3.59834 -5.37061e-10
0.0458279 0.203142 4.50913 -1.75842e-10
0.0455932 0.203563 5.99268 -1.68102e-10
0.045232 0.204138 7.88069 -3.29018e-10
0.0448253 0.204703 9.65046 -4.154e-10
0.0444589 0.205155 11.0014 -6.3703e-10
0.044031 0.205626 12.5504 -6.12577e-10
0.0436828 0.205972 13.6302 -5.34826e-10
0.0433909 0.20624 14.2168 -6.50114e-10
0.0431728 0.206428 14.666 -3.57832e-10
0.0429712 0.206593 15.4364 -8.66049e-10
0.0427681 0.206751 15.7107 -6.97619e-10
0.0425551 0.206909 16.2341 -6.77609e-10
0.0423288 0.207069 16.6006 -6.48646e-10
0.0421017 0.207221 16.8834 -3.96299e-10
0.0418826 0.20736 17.1417 -5.68372e-10
0.0416786 0.207483 17.5362 -7.09133e-10
0.0414163 0.207632 18.129 -5.85669e-10
0.0411784 0.207759 18.2333 -1.9773e-10
0.0408519 0.207922 18.6696 -1.4536e-10
0.0404998 0.208083 19.1957 -1.09074e-09
0.0401653 0.208223 18.7061 -5.53863e-10
0.0399018 0.208323 19.1261 -4.3298e-10
0.039617 0.208424 19.2475 -5.4782e-10
0.0393325 0.208515 19.4506 -3.65472e-10
0.0390184 0.208607 19.3869 -4.22849e-10
0.038738 0.20868 19.6339 -4.7539e-10
0.0384902 0.208738 19.7381 -1.24384e-10
0.0382503 0.208788 19.1713 -1.21191e-10
0.0380203 0.208832 19.1245 -4.79243e-10
0.0378023 0.208868 19.2465 -3.64177e-10
0.0375802 0.2089 19.2933 -3.36159e-10
0.0373371 0.208931 19.1921 -1.56759e-10
0.0370511 0.208959 18.6432 -3.69667e-10
0.0367043 0.208984 18.5746 -5.03595e-10
0.0362373 0.208999 18.2545 -1.95044e-10
0.0357427 0.208994 17.5956 -2.18592e-10
0.035276 0.208969 17.039 -1.10735e-10
0.0348114 0.208924 16.4782 -2.4379e-11
0.034361 0.208861 14.9329 -4.72422e-10
0.0339115 0.208779 15.042 -7.87766e-10
0.0334499 0.208675 14.3334 3.15378e-11
0.0331349 0.208592 13.2253 3.15678e-11
0.0328351 0.208503 12.6365 -2.83361e-10
0.0325523 0.208411 12.1353 1.47915e-10
0.0323047 0.208323 11.6493 9.15063e-11
0.0320737 0.208235 10.7727 -3.12075e-10
0.0318578 0.208148 10.0873 1.20667e-10
0.0315853 0.208029 9.9194 -9.57806e-11
0.0312233 0.207858 8.85695 -1.42722e-10
0.0308966 0.20769 8.12476 -3.76674e-11
0.0305765 0.207511 7.18377 -1.20079e-10
0.0303385 0.207368 6.22395 -4.37345e-11
0.0301265 0.207234 5.56845 -3.45554e-10
0.0298877 0.207075 4.78527 5.71924e-11
0.0295634 0.206845 3.86255 -1.1215e-10
0.0291004 0.206483 2.37296 -1.32112e-11
0.0285051 0.205954 0.0887782 3.41501e-11
0.0278874 0.205314 -2.25428 -3.02154e-10
0.0273386 0.204646 -4.56665 -8.71252e-10
0.0268845 0.204001 -6.67305 -5.6181e-10
0.0264856 0.203338 -8.41206 -6.33883e-10
0.0262103 0.202809 -9.61096 -7.55994e-10
0.026021 0.202398 -10.714 -7.0351e-10
0.0258804 0.20206 -11.2351 -5.79612e-10
0.0257663 0.20176 -11.7459 -8.54252e-10
0.0256654 0.201471 -12.8574 -4.60651e-10
0.0255759 0.201189 -13.7388 -7.27258e-10
0.0254849 0.200871 -12.4494 -1.54238e-10
0.0253893 0.200491 -13.9361 -1.05194e-09
0.0252994 0.200066 -14.8538 -5.6991e-10
0.0252002 0.199454 -15.5462 -8.2445e-10
0.0251266 0.19871 -15.672 -9.06137e-10
0.0251037 0.197945 -16.8352 -5.48149e-10
0.0251317 0.197214 -16.847 -7.96886e-10
0.0251909 0.196617 -17.102 -1.06202e-09
0.0252696 0.196096 -17.5665 -9.40573e-10
0.025391 0.195502 -17.7636 -7.46289e-10
0.0255322 0.194959 -17.7561 -6.56724e-10
0.0256483 0.194582 -17.6011 -5.78433e-10
0.0257707 0.194228 -17.4538 -4.34958e-10
0.0258836 0.193932 -17.2576 -4.22546e-10
0.0260227 0.193598 -17.0958 -3.1544e-10
0.0262105 0.193191 -16.9352 -2.45218e-10
0.0264786 0.192675 -16.8177 -1.78928e-10
0.0268555 0.192044 -16.8273 -1.54011e-10
0.0272687 0.191447 -17.0147 -1.57961e-10
0.0276025 0.191019 -17.2162 -2.20859e-10
0.0279087 0.190662 -17.417 -2.97806e-10
0.0282238 0.190325 -17.6313 -3.24558e-10
0.0286288 0.18993 -17.7679 -3.04916e-10
0.0290986 0.189519 -17.7687 -4.9492e-10
0.0294804 0.189217 -17.7352 -3.85467e-10
0.0297606 0.189013 -17.4325 -5.82909e-10
0.0300453 0.188819 -17.2317 -5.19944e-10
0.0302784 0.188669 -17.1754 -3.8753e-10
0.0305167 0.188524 -16.7365 -4.1849e-10
0.0307505 0.18839 -16.3757 -4.24094e-10
0.0309546 0.18828 -16.2361 -4.02255e-10
0.0312232 0.188142 -15.7395 -4.23494e-10
0.0314647 0.188026 -15.6134 -3.62644e-10
0.03174 0.187903 -15.1275 -2.29309e-10
0.0319856 0.1878 -14.8705 -2.43734e-10
0.0322101 0.187712 -14.4235 -1.94628e-10
0.0324939 0.187609 -13.9629 -2.0524e-10
0.0327406 0.187527 -13.8103 -1.10369e-10
0.0330623 0.187429 -13.3759 -1.45991e-10
0.0333422 0.187352 -13.0374 -5.90276e-11
0.033623 0.187283 -12.7635 -3.39981e-12
0.033852 0.187233 -12.5703 -2.95844e-11
0.0340951 0.187185 -12.4568 5.08811e-11
0.0343229 0.187145 -12.4997 1.91812e-10
0.0345484 0.18711 -12.3038 -2.87127e-10
0.0347866 0.187079 -11.5821 1.6114e-10
0.0350568 0.18705 -11.9465 8.38777e-12
0.0353384 0.187027 -12.0492 2.66336e-10
0.0356987 0.187007 -11.9958 2.71844e-10
0.0360996 0.187 -11.9305 1.16694e-10
0.0365473 0.187009 -11.9857 -5.43834e-11
0.0370641 0.187042 -11.9451 2.57308e-10
0.0377051 0.187117 -11.8436 3.25655e-10
0.0382985 0.187221 -11.8494 -4.37294e-11
0.0387666 0.187327 -11.4877 4.58255e-10
0.0390845 0.187412 -10.8428 4.2736e-10
0.0393877 0.187502 -11.0348 1.74439e-10
0.0397046 0.187606 -10.8966 1.75649e-10
0.039947 0.187693 -10.7065 1.46125e-10
0.0402084 0.187795 -10.5428 1.28914e-10
0.040559 0.187943 -10.2416 1.51766e-10
0.0408771 0.18809 -10.0451 9.0736e-11
0.0412076 0.188256 -9.78634 1.91944e-10
0.0414945 0.188412 -9.4874 1.60509e-10
0.041698 0.188529 -9.36789 1.58075e-10
0.0419034 0.188653 -9.22188 1.78625e-10
0.042124 0.188794 -9.03973 1.50056e-10
0.0423593 0.188952 -8.89619 1.55463e-10
0.0425916 0.189117 -8.74643 1.87908e-10
0.0428085 0.18928 -8.6189 1.65285e-10
0.0430182 0.189445 -8.49014 1.91963e-10
0.0432224 0.189614 -8.39365 2.26351e-10
0.0434541 0.189816 -8.29405 2.26653e-10
0.0437404 0.190083 -8.16077 2.28476e-10
0.0440812 0.190427 -8.09595 3.14682e-10
0.0443622 0.190734 -8.13802 3.37232e-10
0.044619 0.191037 -8.06672 4.02046e-10
0.0448748 0.191362 -8.19443 4.4699e-10
0.0450626 0.191617 -8.24639 6.01743e-10
0.045211 0.191831 -8.36248 6.30809e-10
0.0453361 0.19202 -8.7034 7.49062e-10
0.0454584 0.192213 -9.25576 8.34553e-10
0.0455784 0.192412 -9.19458 7.00875e-10
0.0456925 0.19261 -9.81856 1.13016e-09
0.0458022 0.19281 -10.1831 1.01889e-09
0.0459168 0.19303 -10.7982 1.28475e-09
0.0460427 0.193287 -11.1969 1.35848e-09
0.0462014 0.193637 -11.8918 1.65788e-09
0.0463486 0.193995 -12.5859 1.9025e-09
0.0464613 0.194296 -12.9352 2.19566e-09
0.0465558 0.194572 -13.1773 2.33354e-09
0.0466477 0.194866 -13.7133 2.03077e-09
0.0467297 0.195156 -13.8737 2.32925e-09
0.0468022 0.195443 -13.739 2.39638e-09
0.0468843 0.195814 -14.027 2.12394e-09
0.0469809 0.196361 -13.333 1.95206e-09
0.0470717 0.197163 -12.1128 -9.23443e-10
