x y fp fmu
0.0480681 0.198 -9.00596 1.18222e-08
0.0480366 0.198831 -7.98088 8.64227e-11
0.0479332 0.199717 -6.13093 2.29363e-10
0.0477782 0.200508 -3.88728 3.52143e-10
0.0476311 0.20107 -2.49909 6.76899e-10
0.0475091 0.201462 -1.58058 3.34145e-10
0.0473974 0.201782 -0.73793 5.65279e-10
0.0472721 0.202108 0.861774 7.18763e-10
0.047129 0.202447 0.282667 -5.06366e-11
0.0469707 0.202789 2.13687 -2.72046e-10
0.0467924 0.203142 2.91531 -2.17841e-11
0.0465577 0.203563 4.26128 6.59185e-11
0.0461964 0.204138 5.95885 -1.02711e-10
0.0457897 0.204703 7.61524 -1.90776e-10
0.0454233 0.205155 8.93256 -3.97054e-10
0.0449954 0.205626 10.424 -3.74599e-10
0.0446473 0.205972 11.4795 -3.11757e-10
0.0443553 0.20624 12.1052 -4.04991e-10
0.0441372 0.206428 12.6226 -5.00837e-11
0.0439356 0.206593 13.3497 -5.88921e-10
0.0437325 0.206751 13.6264 -4.50446e-10
0.0435196 0.206909 14.1903 -4.20041e-10
0.0432933 0.207069 14.5846 -3.97685e-10
0.0430662 0.207221 14.9197 -9.29555e-11
0.0428471 0.20736 15.2231 -2.97493e-10
0.042643 0.207483 15.6931 -4.19913e-10
0.0423808 0.207632 16.3198 -3.16387e-10
0.0421429 0.207759 16.4225 2.61544e-11
0.0418164 0.207922 17.15 2.00194e-10
0.0414643 0.208083 17.5266 -1.24705e-09
0.0411298 0.208223 17.1226 -3.75327e-10
0.0408663 0.208323 17.7517 -2.56813e-10
0.0405815 0.208424 17.9783 -3.70018e-10
0.040297 0.208515 18.2491 -1.212e-10
0.0399829 0.208607 18.313 -2.41708e-10
0.0397025 0.20868 18.7291 -2.89706e-10
0.0394546 0.208738 18.6412 -7.28358e-11
0.0392148 0.208788 18.2565 4.09929e-11
0.0389848 0.208832 18.4784 -2.9434e-10
0.0387668 0.208868 18.6371 -1.41011e-10
0.0385447 0.2089 18.7568 -1.62591e-10
0.0383015 0.208931 18.6269 -6.52391e-11
0.0380156 0.208959 18.3111 -9.36912e-11
0.0376688 0.208984 18.4091 -2.81229e-10
0.0372017 0.208999 18.2036 -4.86828e-11
0.0367072 0.208994 17.7914 -2.7308e-11
0.0362404 0.208969 17.4387 4.26593e-11
0.0357759 0.208924 17.0557 1.61502e-10
0.0353255 0.208861 15.8348 -1.74758e-10
0.034876 0.208779 16.0433 -4.93392e-10
0.0344144 0.208675 15.3944 2.29264e-10
0.0340994 0.208592 14.4691 2.24879e-10
0.0337996 0.208503 13.9876 -2.39063e-11
0.0335167 0.208411 13.5806 3.33989e-10
0.0332692 0.208323 13.1655 3.26086e-10
0.0330382 0.208235 12.3493 -4.31047e-11
0.0328223 0.208148 11.8051 2.9461e-10
0.0325497 0.208029 11.6441 1.7736e-10
0.0321877 0.207858 10.7102 1.21314e-10
0.0318611 0.20769 10.0475 2.09859e-10
0.0315409 0.207511 9.12862 1.46836e-10
0.0313029 0.207368 8.22199 2.25202e-10
0.0310909 0.207234 7.63163 -6.76242e-11
0.0308522 0.207075 6.9061 3.06016e-10
0.0305279 0.206845 5.97724 1.62951e-10
0.0300648 0.206483 4.45843 3.01678e-10
0.0294696 0.205954 2.08573 3.95593e-10
0.0288519 0.205314 -0.40203 8.90184e-11
0.028303 0.204646 -2.98489 -6.17821e-10
0.027849 0.204001 -5.38429 -3.10161e-10
0.0274501 0.203338 -7.54662 -4.51455e-10
0.0271748 0.202809 -9.08016 -6.76717e-10
0.0269855 0.202398 -10.6457 -5.95222e-10
0.0268449 0.20206 -11.3056 -4.04205e-10
0.0267308 0.20176 -12.0516 -9.01462e-10
0.0266299 0.201471 -14.0922 -2.09153e-10
0.0265404 0.201189 -15.3833 -7.96431e-10
0.0264494 0.200871 -12.2344 3.79098e-10
0.0263538 0.200491 -15.3841 -1.54709e-09
0.0262638 0.200066 -17.0582 -4.2462e-10
0.0261646 0.199454 -17.8183 -1.82924e-09
0.026091 0.19871 -18.0216 -1.39344e-09
0.0260682 0.197945 -20.6552 -5.3963e-10
0.0260962 0.197214 -20.1002 -1.83008e-09
0.0261554 0.196617 -20.4638 -1.81347e-09
0.026234 0.196096 -20.8601 -1.22456e-09
0.0263555 0.195502 -21.0681 -8.11006e-10
0.0264967 0.194959 -21.2334 -7.38347e-10
0.0266127 0.194582 -21.3601 -8.04505e-10
0.0267352 0.194228 -21.6058 -8.99089e-10
0.0268481 0.193932 -21.7656 -9.31808e-10
0.0269872 0.193598 -21.9967 -1.02876e-09
0.0271749 0.193191 -22.1476 -1.02943e-09
0.0274431 0.192675 -22.1109 -9.55879e-10
0.02782 0.192044 -21.6542 -7.94494e-10
0.0282331 0.191447 -21.0122 -4.62889e-10
0.028567 0.191019 -20.5471 -3.32165e-10
0.0288731 0.190662 -20.192 -2.77849e-10
0.0291883 0.190325 -19.9394 -2.77698e-10
0.0295932 0.18993 -19.6972 -1.83775e-10
0.0300631 0.189519 -19.6955 -1.63959e-10
0.0304448 0.189217 -19.7038 -9.93364e-11
0.0307251 0.189013 -19.7735 -1.51178e-10
0.0310097 0.188819 -20.0142 -2.87074e-10
0.0312429 0.188669 -20.0026 -2.16785e-10
0.0314812 0.188524 -20.0224 -3.36888e-10
0.0317149 0.18839 -20.1636 -3.04948e-10
0.0319191 0.18828 -20.156 -3.12458e-10
0.0321876 0.188142 -20.138 -3.52868e-10
0.0324292 0.188026 -20.1751 -2.79801e-10
0.0327045 0.187903 -20.0219 -2.39724e-10
0.03295 0.1878 -19.935 -2.72239e-10
0.0331746 0.187712 -19.6381 -2.9476e-10
0.0334584 0.187609 -19.4736 -3.88402e-10
0.033705 0.187527 -19.4615 -1.78475e-10
0.0340267 0.187429 -18.9405 -4.44191e-10
0.0343067 0.187352 -18.6509 -2.88313e-10
0.0345875 0.187283 -18.3389 -3.36696e-10
0.0348164 0.187233 -18.1619 -2.62143e-10
0.0350595 0.187185 -17.6592 -3.52662e-10
0.0352873 0.187145 -16.997 -5.56899e-10
0.0355129 0.18711 -16.9766 -5.10595e-11
0.0357511 0.187079 -17.288 -3.61647e-10
0.0360213 0.18705 -16.3337 -1.52969e-10
0.0363028 0.187027 -15.7445 -4.13122e-10
0.0366632 0.187007 -15.1585 -3.54469e-10
0.0370641 0.187 -14.4853 -1.76753e-10
0.0375117 0.187009 -13.6364 -1.21092e-10
0.0380286 0.187042 -12.7087 -2.78525e-10
0.0386696 0.187117 -11.621 -2.62441e-10
0.0392629 0.187221 -10.7124 -1.34195e-10
0.0397311 0.187327 -10.0712 -9.27642e-11
0.040049 0.187412 -9.65133 -5.40348e-11
0.0403522 0.187502 -9.32851 -3.53354e-11
0.0406691 0.187606 -9.00373 -3.99869e-11
0.0409115 0.187693 -8.72741 -1.40179e-11
0.0411728 0.187795 -8.47152 -5.86114e-12
0.0415235 0.187943 -8.11799 2.43517e-11
0.0418415 0.18809 -7.8354 1.38813e-11
0.0421721 0.188256 -7.55682 9.58176e-11
0.0424589 0.188412 -7.28779 7.64867e-11
0.0426625 0.188529 -7.12828 8.58589e-11
0.0428678 0.188653 -6.97018 1.07802e-10
0.0430885 0.188794 -6.76373 5.31526e-11
0.0433238 0.188952 -6.55011 8.61803e-11
0.0435561 0.189117 -6.34409 8.94619e-11
0.043773 0.18928 -6.12545 7.95396e-11
0.0439826 0.189445 -5.91911 8.89775e-11
0.0441868 0.189614 -5.71398 2.13772e-11
0.0444186 0.189816 -5.47367 5.5917e-11
0.0447048 0.190083 -5.18635 6.73721e-11
0.0450457 0.190427 -4.87016 4.35309e-11
0.0453266 0.190734 -4.62222 6.46546e-11
0.0455835 0.191037 -4.37764 8.34469e-11
0.0458393 0.191362 -4.16887 6.20055e-11
0.0460271 0.191617 -3.99243 8.29299e-11
0.0461754 0.191831 -3.87987 6.08907e-11
0.0463006 0.19202 -3.86642 7.79483e-11
0.0464228 0.192213 -3.8611 1.238e-10
0.0465428 0.192412 -3.70456 4.16806e-11
0.046657 0.19261 -3.7941 1.75573e-10
0.0467667 0.19281 -3.78678 1.17929e-10
0.0468812 0.19303 -3.91265 2.33991e-10
0.0470071 0.193287 -3.94738 2.22266e-10
0.0471659 0.193637 -4.27406 3.32361e-10
0.0473131 0.193995 -4.85401 5.00623e-10
0.0474258 0.194296 -5.31166 7.82996e-10
0.0475203 0.194572 -5.99266 9.77502e-10
0.0476122 0.194866 -6.67568 1.126e-09
0.0476941 0.195156 -7.0549 1.20375e-09
0.0477667 0.195443 -7.62666 1.46732e-09
0.0478487 0.195814 -8.30441 1.52913e-09
0.0479453 0.196361 -8.82766 1.49174e-09
0.0480362 0.197163 -9.21758 -2.36454e-10
