x y fp fmu
0.0481608 0.198 -7.81724 9.04636e-09
0.0481294 0.198831 -7.3866 3.12252e-10
0.0480259 0.199717 -5.82803 3.59305e-10
0.047871 0.200508 -4.10393 3.81483e-10
0.0477238 0.20107 -2.90469 6.84905e-10
0.0476019 0.201462 -2.10617 4.38041e-10
0.0474901 0.201782 -1.36157 6.25826e-10
0.0473648 0.202108 -0.0125878 7.50423e-10
0.0472218 0.202447 -0.341541 1.4163e-10
0.0470635 0.202789 1.2457 -7.15261e-11
0.0468852 0.203142 2.0081 1.25948e-10
0.0466505 0.203563 3.26189 2.02913e-10
0.0462892 0.204138 4.90623 5.81106e-11
0.0458825 0.204703 6.55512 -1.6715e-11
0.0455161 0.205155 7.88084 -2.0849e-10
0.0450882 0.205626 9.38323 -1.94292e-10
0.04474 0.205972 10.4623 -1.46525e-10
0.0444481 0.20624 11.1335 -2.45294e-10
0.04423 0.206428 11.6847 8.66965e-11
0.0440284 0.206593 12.4075 -4.28265e-10
0.0438253 0.206751 12.7217 -3.05828e-10
0.0436123 0.206909 13.3139 -2.82147e-10
0.043386 0.207069 13.7374 -2.73394e-10
0.0431589 0.207221 14.1331 4.29717e-11
0.0429398 0.20736 14.4816 -1.8731e-10
0.0427358 0.207483 15.0015 -3.02205e-10
0.0424735 0.207632 15.6625 -1.95828e-10
0.0422356 0.207759 15.7949 1.34199e-10
0.0419091 0.207922 16.7008 3.69866e-10
0.0415571 0.208083 17.0466 -1.3442e-09
0.0412226 0.208223 16.705 -3.03625e-10
0.0409591 0.208323 17.4509 -1.86704e-10
0.0406742 0.208424 17.7522 -3.00151e-10
0.0403897 0.208515 18.0735 -1.77078e-12
0.0400757 0.208607 18.2254 -1.56342e-10
0.0397952 0.20868 18.7788 -2.02879e-10
0.0395474 0.208738 18.5819 -5.56235e-11
0.0393075 0.208788 18.2932 1.26595e-10
0.0390775 0.208832 18.695 -2.1771e-10
0.0388595 0.208868 18.8986 -3.37782e-11
0.0386374 0.2089 19.0727 -8.34105e-11
0.0383943 0.208931 18.9382 -2.29014e-11
0.0381083 0.208959 18.7387 4.59733e-11
0.0377615 0.208984 18.9526 -1.8828e-10
0.0372945 0.208999 18.8442 3.79643e-11
0.0368 0.208994 18.5751 6.6718e-11
0.0363332 0.208969 18.3582 1.24804e-10
0.0358686 0.208924 18.0574 2.65676e-10
0.0354182 0.208861 17.0285 -1.78303e-12
0.0349687 0.208779 17.3287 -3.5038e-10
0.0345071 0.208675 16.7259 3.51985e-10
0.0341921 0.208592 15.9343 3.38842e-10
0.0338923 0.208503 15.5339 1.20546e-10
0.0336095 0.208411 15.1922 4.26752e-10
0.033362 0.208323 14.8106 4.74102e-10
0.0331309 0.208235 14.033 1.20124e-10
0.032915 0.208148 13.6104 3.82458e-10
0.0326425 0.208029 13.4753 3.06269e-10
0.0322805 0.207858 12.5998 2.76772e-10
0.0319539 0.20769 11.988 3.79067e-10
0.0316337 0.207511 11.1043 3.30855e-10
0.0313957 0.207368 10.2153 3.79825e-10
0.0311837 0.207234 9.65318 1.21725e-10
0.0309449 0.207075 8.96302 4.82257e-10
0.0306206 0.206845 8.09868 3.1833e-10
0.0301576 0.206483 6.59331 4.70685e-10
0.0295623 0.205954 4.16917 5.78282e-10
0.0289447 0.205314 1.60781 3.12727e-10
0.0283958 0.204646 -1.12337 -3.22196e-10
0.0279417 0.204001 -3.62395 -1.00022e-10
0.0275428 0.203338 -5.96697 -1.97954e-10
0.0272675 0.202809 -7.70958 -3.93396e-10
0.0270783 0.202398 -9.59208 -3.26171e-10
0.0269377 0.20206 -10.3472 -1.48658e-10
0.0268236 0.20176 -11.2027 -6.59103e-10
0.0267227 0.201471 -13.6832 1.9754e-10
0.0266331 0.201189 -15.4275 -7.02095e-10
0.0265421 0.200871 -11.1226 1.02015e-09
0.0264466 0.200491 -15.2747 -1.73668e-09
0.0263566 0.200066 -17.6342 -1.52694e-10
0.0262574 0.199454 -18.5918 -2.26607e-09
0.0261838 0.19871 -18.082 -1.51807e-09
0.026161 0.197945 -22.2629 -1.17616e-09
0.0261889 0.197214 -20.5026 -3.41562e-09
0.0262482 0.196617 -21.7544 -3.56089e-09
0.0263268 0.196096 -22.8297 -2.42547e-09
0.0264482 0.195502 -23.2343 -1.6463e-09
0.0265894 0.194959 -23.0485 -1.47584e-09
0.0267055 0.194582 -22.8716 -1.20125e-09
0.0268279 0.194228 -22.7162 -1.0847e-09
0.0269409 0.193932 -22.6397 -1.01731e-09
0.0270799 0.193598 -22.6584 -1.01818e-09
0.0272677 0.193191 -22.8234 -9.90762e-10
0.0275358 0.192675 -23.1092 -9.81327e-10
0.0279127 0.192044 -23.4034 -1.00857e-09
0.0283259 0.191447 -23.2816 -1.02792e-09
0.0286597 0.191019 -22.9546 -8.37793e-10
0.0289659 0.190662 -22.5395 -6.63507e-10
0.029281 0.190325 -22.1505 -5.72872e-10
0.029686 0.18993 -21.6743 -4.537e-10
0.0301558 0.189519 -21.2153 -4.1242e-10
0.0305376 0.189217 -20.9226 -3.15097e-10
0.0308178 0.189013 -20.7234 -2.85247e-10
0.0311025 0.188819 -20.7169 -3.13444e-10
0.0313356 0.188669 -20.5759 -2.64273e-10
0.0315739 0.188524 -20.5193 -3.269e-10
0.0318077 0.18839 -20.6244 -2.946e-10
0.0320118 0.18828 -20.5792 -2.78487e-10
0.0322804 0.188142 -20.6306 -3.04648e-10
0.0325219 0.188026 -20.6463 -2.32017e-10
0.0327972 0.187903 -20.5917 -2.29325e-10
0.0330428 0.1878 -20.5368 -2.42708e-10
0.0332673 0.187712 -20.3456 -2.76086e-10
0.0335511 0.187609 -20.3207 -3.55696e-10
0.0337978 0.187527 -20.3392 -1.51256e-10
0.0341195 0.187429 -19.9584 -3.7219e-10
0.0343995 0.187352 -19.8067 -2.36195e-10
0.0346803 0.187283 -19.6363 -2.73309e-10
0.0349092 0.187233 -19.5296 -2.11601e-10
0.0351523 0.187185 -19.1091 -2.96912e-10
0.0353801 0.187145 -18.5953 -5.17565e-10
0.0356056 0.18711 -18.7451 1.46695e-11
0.0358438 0.187079 -19.0649 -2.48537e-10
0.0361141 0.18705 -18.1862 -8.63345e-11
0.0363956 0.187027 -17.7365 -3.47231e-10
0.036756 0.187007 -17.3202 -3.34076e-10
0.0371568 0.187 -16.7617 -1.36374e-10
0.0376045 0.187009 -15.9862 -5.35569e-11
0.0381213 0.187042 -15.0625 -2.48446e-10
0.0387624 0.187117 -13.7879 -4.28943e-10
0.0393557 0.187221 -12.4247 -1.54555e-10
0.0398239 0.187327 -11.7036 -4.02159e-10
0.0401417 0.187412 -11.4435 -5.50093e-10
0.040445 0.187502 -10.4865 -2.16109e-10
0.0407619 0.187606 -9.88009 -2.98099e-10
0.0410042 0.187693 -9.44701 -1.10454e-10
0.0412656 0.187795 -9.04596 -1.40172e-10
0.0416162 0.187943 -8.49885 -1.01499e-10
0.0419343 0.18809 -7.95125 -1.14117e-10
0.0422649 0.188256 -7.70138 -2.16873e-11
0.0425517 0.188412 -7.29836 -6.07122e-11
0.0427553 0.188529 -7.05506 -2.05526e-11
0.0429606 0.188653 -6.87207 3.77317e-12
0.0431812 0.188794 -6.64056 -5.01321e-11
0.0434165 0.188952 -6.39147 1.99322e-11
0.0436488 0.189117 -6.17599 3.63237e-11
0.0438657 0.18928 -5.95264 3.5225e-11
0.0440754 0.189445 -5.74079 5.55325e-11
0.0442796 0.189614 -5.53191 -1.80593e-11
0.0445113 0.189816 -5.28026 1.84966e-11
0.0447976 0.190083 -4.97643 3.45151e-11
0.0451384 0.190427 -4.61457 -2.14855e-11
0.0454194 0.190734 -4.317 9.23147e-12
0.0456762 0.191037 -4.05423 5.70385e-11
0.045932 0.191362 -3.79206 5.22017e-11
0.0461198 0.191617 -3.599 5.53487e-11
0.0462682 0.191831 -3.44408 5.98132e-11
0.0463934 0.19202 -3.32146 2.35311e-11
0.0465156 0.192213 -3.18514 6.85214e-12
0.0466356 0.192412 -3.068 2.15621e-11
0.0467497 0.19261 -2.95578 -2.52472e-12
0.0468595 0.19281 -2.85628 -2.92637e-12
0.046974 0.19303 -2.78607 3.47339e-12
0.0470999 0.193287 -2.69052 5.22703e-12
0.0472587 0.193637 -2.66873 3.2429e-11
0.0474058 0.193995 -2.73128 6.81644e-11
0.0475185 0.194296 -2.81438 1.15246e-10
0.047613 0.194572 -3.09211 1.66673e-10
0.0477049 0.194866 -3.39997 2.65078e-10
0.0477869 0.195156 -3.73295 3.54486e-10
0.0478594 0.195443 -4.36229 5.96499e-10
0.0479415 0.195814 -5.05454 8.5979e-10
0.0480381 0.196361 -6.06385 1.03466e-09
0.048129 0.197163 -7.35584 2.09246e-10
