x y fp fmu
0.0445579 0.198 -13.612 2.02319e-09
0.0445265 0.198831 -12.4409 1.40249e-09
0.044423 0.199717 -11.7311 6.46879e-10
0.0442681 0.200508 -9.27319 5.12353e-10
0.0441209 0.20107 -7.77192 9.74585e-10
0.043999 0.201462 -6.83293 6.61125e-10
0.0438872 0.201782 -5.83644 1.24929e-09
0.0437619 0.202108 -3.808 9.84681e-10
0.0436188 0.202447 -5.29093 3.91631e-10
0.0434605 0.202789 -2.77027 -2.73775e-10
0.0432822 0.203142 -2.03376 2.56421e-10
0.0430475 0.203563 -0.471969 1.81782e-10
0.0426863 0.204138 1.44724 1.00943e-10
0.0422796 0.204703 3.34107 -4.62446e-11
0.0419132 0.205155 4.82557 -2.67542e-10
0.0414853 0.205626 6.56693 -2.54869e-10
0.0411371 0.205972 7.76869 -1.98059e-10
0.0408451 0.20624 8.47239 -3.34554e-10
0.0406271 0.206428 9.18229 5.40526e-11
0.0404254 0.206593 10.0085 -5.12219e-10
0.0402224 0.206751 10.3414 -3.47695e-10
0.0400094 0.206909 11.0862 -3.35125e-10
0.0397831 0.207069 11.5682 -3.31038e-10
0.039556 0.207221 12.0355 -4.77953e-11
0.0393369 0.20736 12.4429 -2.71983e-10
0.0391329 0.207483 13.1026 -3.7204e-10
0.0388706 0.207632 13.837 -2.5333e-10
0.0386327 0.207759 13.9793 1.12523e-10
0.0383062 0.207922 15.196 4.20357e-10
0.0379541 0.208083 15.3164 -1.73336e-09
0.0376196 0.208223 15.1514 -4.90165e-10
0.0373561 0.208323 15.9503 -2.55143e-10
0.0370713 0.208424 16.3205 -3.76914e-10
0.0367868 0.208515 16.6851 -9.74516e-11
0.0364727 0.208607 16.9146 -2.18824e-10
0.0361923 0.20868 17.5348 -2.98659e-10
0.0359444 0.208738 17.3523 -1.39544e-10
0.0357046 0.208788 17.1559 8.58686e-12
0.0354746 0.208832 17.5894 -3.05398e-10
0.0352566 0.208868 17.8127 -1.42212e-10
0.0350345 0.2089 18.0274 -1.70957e-10
0.0347914 0.208931 17.9356 -1.18777e-10
0.0345054 0.208959 17.8072 -7.96487e-11
0.0341586 0.208984 18.0749 -3.06093e-10
0.0336916 0.208999 18.0677 -8.29903e-11
0.033197 0.208994 17.9042 -6.80876e-11
0.0327303 0.208969 17.7866 -4.17837e-12
0.0322657 0.208924 17.5713 1.17165e-10
0.0318153 0.208861 16.6745 -1.3964e-10
0.0313658 0.208779 17.0399 -4.76374e-10
0.0309042 0.208675 16.5321 2.03104e-10
0.0305892 0.208592 15.8679 1.72807e-10
0.0302894 0.208503 15.5309 -5.21657e-11
0.0300066 0.208411 15.2393 2.72156e-10
0.029759 0.208323 14.9241 2.90325e-10
0.029528 0.208235 14.2396 -5.26339e-11
0.0293121 0.208148 13.901 2.11909e-10
0.0290395 0.208029 13.7737 1.20618e-10
0.0286776 0.207858 13.0158 6.93862e-11
0.0283509 0.20769 12.4817 1.56047e-10
0.0280307 0.207511 11.7112 1.08175e-10
0.0277928 0.207368 10.9438 1.58891e-10
0.0275808 0.207234 10.4587 -1.00879e-10
0.027342 0.207075 9.8468 2.47864e-10
0.0270177 0.206845 9.07904 9.24301e-11
0.0265547 0.206483 7.76071 2.26393e-10
0.0259594 0.205954 5.70899 3.27287e-10
0.0253417 0.205314 3.51376 4.40737e-11
0.0247929 0.204646 1.21951 -5.29983e-10
0.0243388 0.204001 -0.864499 -3.44386e-10
0.0239399 0.203338 -2.82607 -4.46522e-10
0.0236646 0.202809 -4.24263 -6.27152e-10
0.0234753 0.202398 -5.66212 -5.83244e-10
0.0233347 0.20206 -6.2578 -4.72251e-10
0.0232206 0.20176 -6.84073 -9.15129e-10
0.0231197 0.201471 -8.67114 -2.16107e-10
0.0230302 0.201189 -9.96374 -9.58134e-10
0.0229392 0.200871 -6.90871 7.83616e-11
0.0228436 0.200491 -9.60918 -1.75964e-09
0.0227537 0.200066 -11.0041 -7.25067e-10
0.0226544 0.199454 -11.499 -2.05388e-09
0.0225809 0.19871 -10.5638 -1.99943e-09
0.022558 0.197945 -11.8175 -8.57189e-10
0.022586 0.197214 -11.2138 -1.01102e-09
0.0226452 0.196617 -10.784 -1.03813e-09
0.0227239 0.196096 -10.8779 -8.71256e-10
0.0228453 0.195502 -10.9443 -7.24084e-10
0.0229865 0.194959 -11.0307 -5.97574e-10
0.0231026 0.194582 -11.0101 -5.7523e-10
0.023225 0.194228 -11.0465 -5.13102e-10
0.0233379 0.193932 -11.0245 -5.23964e-10
0.023477 0.193598 -11.0516 -4.83599e-10
0.0236647 0.193191 -11.0836 -4.45264e-10
0.0239329 0.192675 -11.14 -3.92524e-10
0.0243098 0.192044 -11.2014 -3.63165e-10
0.024723 0.191447 -11.263 -3.23356e-10
0.0250568 0.191019 -11.3071 -3.0462e-10
0.025363 0.190662 -11.3377 -2.94346e-10
0.0256781 0.190325 -11.3859 -2.73947e-10
0.026083 0.18993 -11.4404 -2.24732e-10
0.0265529 0.189519 -11.492 -2.37274e-10
0.0269346 0.189217 -11.5648 -1.78528e-10
0.0272149 0.189013 -11.57 -2.21044e-10
0.0274995 0.188819 -11.6292 -2.14852e-10
0.0277327 0.188669 -11.6958 -1.55727e-10
0.027971 0.188524 -11.6733 -1.7758e-10
0.0282047 0.18839 -11.7 -1.71844e-10
0.0284089 0.18828 -11.7505 -1.48809e-10
0.0286774 0.188142 -11.755 -1.56801e-10
0.028919 0.188026 -11.8351 -1.12227e-10
0.0291943 0.187903 -11.8359 -8.4808e-11
0.0294398 0.1878 -11.8758 -7.77688e-11
0.0296644 0.187712 -11.8482 -7.69806e-11
0.0299482 0.187609 -11.8733 -8.383e-11
0.0301949 0.187527 -11.9391 -2.26185e-11
0.0305166 0.187429 -11.9439 -5.67232e-11
0.0307965 0.187352 -11.9697 -2.5677e-11
0.0310773 0.187283 -12.0146 -6.11138e-12
0.0313062 0.187233 -12.0485 -4.96814e-12
0.0315493 0.187185 -12.078 8.7399e-12
0.0317771 0.187145 -12.1645 1.81365e-11
0.0320027 0.18711 -12.2451 -5.27832e-11
0.0322409 0.187079 -12.1318 9.69243e-11
0.0325111 0.18705 -12.2869 2.85841e-11
0.0327926 0.187027 -12.4252 1.01615e-10
0.033153 0.187007 -12.5396 1.02674e-10
0.0335539 0.187 -12.6631 7.86703e-11
0.0340016 0.187009 -12.845 1.4726e-11
0.0345184 0.187042 -13.0414 1.27167e-10
0.0351594 0.187117 -13.258 2.08904e-10
0.0357528 0.187221 -13.5433 4.66306e-11
0.0362209 0.187327 -13.6336 3.48065e-10
0.0365388 0.187412 -13.324 3.37085e-10
0.036842 0.187502 -13.6273 1.75348e-10
0.0371589 0.187606 -13.7093 1.88197e-10
0.0374013 0.187693 -13.707 1.41068e-10
0.0376626 0.187795 -13.7238 1.42664e-10
0.0380133 0.187943 -13.6951 1.72971e-10
0.0383314 0.18809 -13.7677 1.37895e-10
0.0386619 0.188256 -13.7203 2.33061e-10
0.0389487 0.188412 -13.6688 2.28053e-10
0.0391523 0.188529 -13.7225 2.1676e-10
0.0393577 0.188653 -13.7217 2.40854e-10
0.0395783 0.188794 -13.7022 2.35567e-10
0.0398136 0.188952 -13.7466 2.20097e-10
0.0400459 0.189117 -13.7535 2.45296e-10
0.0402628 0.18928 -13.7586 2.46247e-10
0.0404724 0.189445 -13.7634 2.66241e-10
0.0406767 0.189614 -13.7577 2.75121e-10
0.0409084 0.189816 -13.7816 2.78638e-10
0.0411947 0.190083 -13.7836 3.12345e-10
0.0415355 0.190427 -13.7628 3.25282e-10
0.0418165 0.190734 -13.8295 2.81611e-10
0.0420733 0.191037 -13.8245 3.40478e-10
0.0423291 0.191362 -13.8222 3.52278e-10
0.0425169 0.191617 -13.8159 3.91735e-10
0.0426653 0.191831 -13.7816 4.42385e-10
0.0427904 0.19202 -13.7442 4.44667e-10
0.0429127 0.192213 -13.8598 3.95897e-10
0.0430327 0.192412 -13.81 4.34207e-10
0.0431468 0.19261 -13.797 4.52972e-10
0.0432565 0.19281 -13.804 4.6593e-10
0.0433711 0.19303 -13.818 4.71689e-10
0.043497 0.193287 -13.8032 5.00579e-10
0.0436557 0.193637 -13.7689 5.46694e-10
0.0438029 0.193995 -13.7829 5.72994e-10
0.0439156 0.194296 -13.7546 6.29688e-10
0.0440101 0.194572 -13.7114 6.88355e-10
0.044102 0.194866 -13.8183 6.63246e-10
0.0441839 0.195156 -13.7292 7.46667e-10
0.0442565 0.195443 -13.7556 7.94193e-10
0.0443385 0.195814 -13.7839 8.81981e-10
0.0444351 0.196361 -13.6551 1.1664e-09
0.044526 0.197163 -13.5484 1.55062e-09
