x y fp fmu
0.0460285 0.198 -8.15546 5.1077e-11
0.045997 0.198831 -8.13045 9.65262e-11
0.0458936 0.199717 -7.87647 3.75592e-10
0.0457386 0.200508 -7.55867 4.22475e-10
0.0455915 0.20107 -7.22157 5.92728e-10
0.0454696 0.201462 -6.96118 5.27057e-10
0.0453578 0.201782 -6.59034 6.41426e-10
0.0452325 0.202108 -5.93473 6.83369e-10
0.0450894 0.202447 -6.05276 4.55904e-10
0.0449311 0.202789 -5.03455 3.27232e-10
0.0447528 0.203142 -4.51232 4.29501e-10
0.0445181 0.203563 -3.5169 4.79319e-10
0.0441569 0.204138 -2.14065 4.1011e-10
0.0437502 0.204703 -0.63228 3.4569e-10
0.0433837 0.205155 0.627445 1.40472e-10
0.0429558 0.205626 2.16991 1.51583e-10
0.0426077 0.205972 3.35477 2.02754e-10
0.0423157 0.20624 4.13774 6.76019e-11
0.0420976 0.206428 4.8848 4.20945e-10
0.041896 0.206593 5.68561 -8.16578e-11
0.0416929 0.206751 6.1325 3.04734e-11
0.04148 0.206909 6.93327 4.70036e-11
0.0412537 0.207069 7.50473 5.08735e-12
0.0410266 0.207221 8.09596 3.33209e-10
0.0408075 0.20736 8.59376 5.22284e-11
0.0406034 0.207483 9.36098 -6.77004e-12
0.0403412 0.207632 10.2471 1.19576e-10
0.0401033 0.207759 10.4689 4.4683e-10
0.0397768 0.207922 12.2201 9.79179e-10
0.0394247 0.208083 12.3584 -1.91746e-09
0.0390902 0.208223 12.2822 -2.45568e-10
0.0388267 0.208323 13.4842 -2.07815e-12
0.0385419 0.208424 14.1328 -1.0972e-10
0.0382574 0.208515 14.7291 3.25134e-10
0.0379433 0.208607 15.2622 1.18982e-10
0.0376629 0.20868 16.4034 4.92374e-11
0.037415 0.208738 15.8313 -7.30281e-11
0.0371752 0.208788 15.9188 3.4462e-10
0.0369452 0.208832 16.9593 1.29784e-11
0.0367272 0.208868 17.3648 2.91095e-10
0.0365051 0.2089 17.7955 1.75024e-10
0.0362619 0.208931 17.6558 7.13124e-11
0.035976 0.208959 17.9524 4.82764e-10
0.0356292 0.208984 18.6523 1.03192e-10
0.0351622 0.208999 18.9686 2.92219e-10
0.0346676 0.208994 19.2703 3.29814e-10
0.0342009 0.208969 19.6296 3.30899e-10
0.0337363 0.208924 19.6657 5.48702e-10
0.0332859 0.208861 19.4616 6.09213e-10
0.0328364 0.208779 20.1478 1.93396e-10
0.0323748 0.208675 19.6442 7.62493e-10
0.0320598 0.208592 19.3584 6.96951e-10
0.03176 0.208503 19.3082 6.45942e-10
0.0314771 0.208411 19.2209 7.71753e-10
0.0312296 0.208323 18.9696 1.00138e-09
0.0309986 0.208235 18.3201 6.89812e-10
0.0307827 0.208148 18.4037 6.65351e-10
0.0305101 0.208029 18.3812 7.13941e-10
0.0301481 0.207858 17.8042 7.02904e-10
0.0298215 0.20769 17.4217 8.4703e-10
0.0295013 0.207511 16.6895 8.88007e-10
0.0292633 0.207368 16.0058 8.77353e-10
0.0290514 0.207234 15.6127 7.21037e-10
0.0288126 0.207075 15.0992 9.76882e-10
0.0284883 0.206845 14.4507 8.29424e-10
0.0280252 0.206483 13.1902 1.07751e-09
0.02743 0.205954 11.1508 1.23766e-09
0.0268123 0.205314 8.87599 1.03337e-09
0.0262634 0.204646 6.15632 5.06866e-10
0.0258094 0.204001 3.641 6.92517e-10
0.0254105 0.203338 1.21137 5.96988e-10
0.0251352 0.202809 -0.760459 4.84686e-10
0.0249459 0.202398 -2.75889 4.55646e-10
0.0248053 0.20206 -3.7549 7.14083e-10
0.0246912 0.20176 -5.06795 1.58818e-10
0.0245903 0.201471 -7.64425 9.1505e-10
0.0245008 0.201189 -8.90274 -4.03316e-10
0.0244098 0.200871 -5.73316 1.61721e-09
0.0243142 0.200491 -10.6833 -5.83825e-10
0.0242243 0.200066 -13.1558 6.86112e-10
0.024125 0.199454 -14.925 -1.52861e-09
0.0240514 0.19871 -15.2839 -1.88339e-09
0.0240286 0.197945 -21.9776 3.57532e-10
0.0240566 0.197214 -19.8128 -4.30572e-09
0.0241158 0.196617 -22.8121 -5.05721e-09
0.0241945 0.196096 -25.7487 -3.52629e-09
0.0243159 0.195502 -27.5774 -2.34612e-09
0.0244571 0.194959 -28.0584 -3.0829e-09
0.0245731 0.194582 -28.3402 -3.39765e-09
0.0246956 0.194228 -28.4872 -3.81836e-09
0.0248085 0.193932 -28.2019 -3.86888e-09
0.0249476 0.193598 -28.0027 -4.172e-09
0.0251353 0.193191 -27.6147 -3.97758e-09
0.0254035 0.192675 -27.1233 -3.16541e-09
0.0257804 0.192044 -26.2528 -2.36546e-09
0.0261936 0.191447 -25.2337 -1.88743e-09
0.0265274 0.191019 -24.6478 -1.60318e-09
0.0268336 0.190662 -24.2015 -1.44893e-09
0.0271487 0.190325 -23.9364 -1.25621e-09
0.0275536 0.18993 -23.6232 -1.07669e-09
0.0280235 0.189519 -23.0806 -9.44964e-10
0.0284052 0.189217 -22.8989 -7.75615e-10
0.0286855 0.189013 -22.5273 -8.79622e-10
0.0289701 0.188819 -22.4182 -7.33572e-10
0.0292033 0.188669 -22.4095 -5.86233e-10
0.0294416 0.188524 -22.0779 -6.0868e-10
0.0296753 0.18839 -21.9817 -5.86188e-10
0.0298795 0.18828 -21.9715 -5.03583e-10
0.030148 0.188142 -21.8436 -4.98677e-10
0.0303896 0.188026 -21.8972 -3.88436e-10
0.0306649 0.187903 -21.7825 -3.21545e-10
0.0309104 0.1878 -21.7473 -2.98571e-10
0.031135 0.187712 -21.5967 -3.10723e-10
0.0314188 0.187609 -21.6903 -3.38639e-10
0.0316655 0.187527 -21.7855 -1.34217e-10
0.0319872 0.187429 -21.6626 -3.02229e-10
0.0322671 0.187352 -21.7273 -2.20429e-10
0.0325479 0.187283 -21.8046 -2.44201e-10
0.0327768 0.187233 -21.8769 -1.59243e-10
0.0330199 0.187185 -21.6696 -2.45149e-10
0.0332477 0.187145 -21.3745 -5.02514e-10
0.0334733 0.18711 -21.7657 2.45531e-10
0.0337115 0.187079 -22.5108 -1.22541e-10
0.0339817 0.18705 -21.7794 2.72538e-11
0.0342632 0.187027 -21.5747 -2.6133e-10
0.0346236 0.187007 -21.4968 -2.49304e-10
0.0350245 0.187 -21.3558 1.40505e-11
0.0354721 0.187009 -21.08 1.09081e-10
0.035989 0.187042 -20.7231 -7.56935e-11
0.03663 0.187117 -20.0042 -3.55668e-10
0.0372233 0.187221 -19.002 4.06368e-11
0.0376915 0.187327 -18.7096 -3.80082e-10
0.0380094 0.187412 -18.7792 -7.09488e-10
0.0383126 0.187502 -17.5393 -2.27633e-10
0.0386295 0.187606 -16.8898 -3.54663e-10
0.0388719 0.187693 -16.4501 -2.59225e-11
0.0391332 0.187795 -16.0542 -1.15857e-10
0.0394839 0.187943 -15.3961 -1.0521e-10
0.0398019 0.18809 -14.4566 -2.03651e-10
0.0401325 0.188256 -14.6464 -4.31337e-11
0.0404193 0.188412 -13.7663 -3.21231e-10
0.0406229 0.188529 -13.314 -1.89793e-10
0.0408283 0.188653 -13.1033 -1.54654e-10
0.0410489 0.188794 -12.6787 -3.50141e-10
0.0412842 0.188952 -12.2589 -1.29996e-10
0.0415165 0.189117 -11.998 -1.03981e-10
0.0417334 0.18928 -11.6856 -1.47843e-10
0.041943 0.189445 -11.4287 -8.26648e-11
0.0421472 0.189614 -11.1977 -2.20806e-10
0.042379 0.189816 -10.9295 -9.69444e-11
0.0426652 0.190083 -10.6598 -7.1632e-11
0.0430061 0.190427 -10.3945 -1.10034e-10
0.043287 0.190734 -10.1759 -3.03932e-11
0.0435439 0.191037 -10.0156 2.30252e-11
0.0437997 0.191362 -9.87461 2.64396e-11
0.0439875 0.191617 -9.77691 5.51739e-11
0.0441358 0.191831 -9.7037 6.91353e-11
0.044261 0.19202 -9.65625 6.62014e-11
0.0443832 0.192213 -9.6072 6.82329e-11
0.0445033 0.192412 -9.54235 1.0388e-10
0.0446174 0.19261 -9.48385 9.74267e-11
0.0447271 0.19281 -9.42661 1.17057e-10
0.0448417 0.19303 -9.36332 1.16474e-10
0.0449676 0.193287 -9.28474 1.36394e-10
0.0451263 0.193637 -9.17259 1.48005e-10
0.0452735 0.193995 -9.06323 1.48925e-10
0.0453862 0.194296 -8.96508 1.58923e-10
0.0454807 0.194572 -8.85893 1.57128e-10
0.0455726 0.194866 -8.77908 1.36431e-10
0.0456545 0.195156 -8.67358 1.76229e-10
0.0457271 0.195443 -8.57423 1.55462e-10
0.0458091 0.195814 -8.46155 1.5307e-10
0.0459057 0.196361 -8.26953 1.91825e-10
0.0459966 0.197163 -8.11527 1.61144e-10
