x y fp fmu
0.0450902 0.198 -9.41105 6.78258e-10
0.0450588 0.198831 -9.24389 5.50602e-11
0.0449554 0.199717 -8.81763 2.96364e-10
0.0448004 0.200508 -8.38239 3.74511e-10
0.0446532 0.20107 -8.01413 5.33001e-10
0.0445313 0.201462 -7.7614 4.69994e-10
0.0444195 0.201782 -7.40185 6.12559e-10
0.0442943 0.202108 -6.77465 6.48569e-10
0.0441512 0.202447 -6.95722 4.48794e-10
0.0439929 0.202789 -5.967 3.20275e-10
0.0438146 0.203142 -5.49009 4.37414e-10
0.0435799 0.203563 -4.54333 4.84232e-10
0.0432186 0.204138 -3.21684 4.48179e-10
0.0428119 0.204703 -1.69402 4.17104e-10
0.0424455 0.205155 -0.410433 2.07385e-10
0.0420176 0.205626 1.15573 2.10818e-10
0.0416694 0.205972 2.33999 2.4737e-10
0.0413775 0.20624 3.1207 1.08414e-10
0.0411594 0.206428 3.91201 4.674e-10
0.0409578 0.206593 4.73544 -5.33651e-11
0.0407547 0.206751 5.18176 6.39946e-11
0.0405418 0.206909 6.01238 8.009e-11
0.0403154 0.207069 6.57531 3.5224e-11
0.0400883 0.207221 7.20347 3.80349e-10
0.0398692 0.20736 7.73696 9.91242e-11
0.0396652 0.207483 8.56635 4.57316e-11
0.039403 0.207632 9.49637 1.86293e-10
0.039165 0.207759 9.73365 5.21197e-10
0.0388386 0.207922 11.6893 1.11237e-09
0.0384865 0.208083 11.7017 -2.09731e-09
0.038152 0.208223 11.7006 -2.71252e-10
0.0378885 0.208323 12.9687 1.68315e-11
0.0376036 0.208424 13.6707 -8.49855e-11
0.0373192 0.208515 14.3022 3.68174e-10
0.0370051 0.208607 14.8979 1.57141e-10
0.0367246 0.20868 16.1099 7.68738e-11
0.0364768 0.208738 15.4625 -8.11208e-11
0.0362369 0.208788 15.6444 3.63833e-10
0.0360069 0.208832 16.7793 4.72247e-11
0.035789 0.208868 17.197 3.27336e-10
0.0355669 0.2089 17.6705 2.06723e-10
0.0353237 0.208931 17.5282 7.11655e-11
0.0350377 0.208959 17.9268 5.30616e-10
0.0346909 0.208984 18.6983 1.47677e-10
0.0342239 0.208999 19.0894 3.16136e-10
0.0337294 0.208994 19.5014 3.57207e-10
0.0332626 0.208969 19.9541 3.3591e-10
0.032798 0.208924 20.0474 5.52304e-10
0.0323476 0.208861 20.0158 6.60714e-10
0.0318981 0.208779 20.7125 2.60512e-10
0.0314365 0.208675 20.2565 7.68627e-10
0.0311215 0.208592 20.076 7.03982e-10
0.0308218 0.208503 20.0788 6.83377e-10
0.0305389 0.208411 20.0322 7.76147e-10
0.0302914 0.208323 19.8195 1.01156e-09
0.0300603 0.208235 19.2369 7.3584e-10
0.0298445 0.208148 19.4064 6.68024e-10
0.0295719 0.208029 19.3859 7.41684e-10
0.0292099 0.207858 18.8832 7.43178e-10
0.0288833 0.20769 18.5357 8.96705e-10
0.0285631 0.207511 17.857 9.4743e-10
0.0283251 0.207368 17.2498 9.23706e-10
0.0281131 0.207234 16.9024 7.83181e-10
0.0278743 0.207075 16.457 1.02286e-09
0.02755 0.206845 15.8768 8.78189e-10
0.027087 0.206483 14.7028 1.14133e-09
0.0264918 0.205954 12.789 1.32223e-09
0.0258741 0.205314 10.5938 1.13807e-09
0.0253252 0.204646 7.96362 6.53919e-10
0.0248711 0.204001 5.55701 8.14154e-10
0.0244723 0.203338 3.21099 7.05091e-10
0.0241969 0.202809 1.26357 5.9472e-10
0.0240077 0.202398 -0.673246 5.40816e-10
0.0238671 0.20206 -1.69222 8.00459e-10
0.023753 0.20176 -2.99041 2.44108e-10
0.0236521 0.201471 -5.40038 9.50865e-10
0.0235625 0.201189 -6.56233 -4.25836e-10
0.0234715 0.200871 -3.89559 1.49523e-09
0.023376 0.200491 -8.51725 -4.57986e-10
0.023286 0.200066 -10.9055 6.55106e-10
0.0231868 0.199454 -12.6914 -1.48684e-09
0.0231132 0.19871 -13.4284 -1.88543e-09
0.0230904 0.197945 -19.7444 2.63722e-10
0.0231183 0.197214 -18.0544 -4.19782e-09
0.0231776 0.196617 -20.8645 -4.83691e-09
0.0232562 0.196096 -23.7427 -3.36548e-09
0.0233776 0.195502 -25.6159 -2.34952e-09
0.0235188 0.194959 -26.2297 -3.14161e-09
0.0236349 0.194582 -26.5708 -3.3511e-09
0.0237573 0.194228 -26.9039 -3.7515e-09
0.0238703 0.193932 -26.6727 -3.86211e-09
0.0240093 0.193598 -26.6246 -4.04011e-09
0.0241971 0.193191 -26.2698 -3.95592e-09
0.0244652 0.192675 -25.3988 -3.49364e-09
0.0248421 0.192044 -24.3028 -2.60049e-09
0.0252553 0.191447 -23.0121 -1.98558e-09
0.0255891 0.191019 -22.1645 -1.66193e-09
0.0258953 0.190662 -21.6147 -1.45073e-09
0.0262104 0.190325 -21.3359 -1.25617e-09
0.0266154 0.18993 -21.1161 -1.05769e-09
0.0270853 0.189519 -20.6628 -8.98529e-10
0.027467 0.189217 -20.5887 -7.33745e-10
0.0277472 0.189013 -20.3194 -8.38144e-10
0.0280319 0.188819 -20.2726 -6.81518e-10
0.0282651 0.188669 -20.3574 -5.27825e-10
0.0285033 0.188524 -20.1128 -5.48286e-10
0.0287371 0.18839 -20.0718 -5.33309e-10
0.0289412 0.18828 -20.1339 -4.5008e-10
0.0292098 0.188142 -20.0694 -4.53126e-10
0.0294513 0.188026 -20.1948 -3.44836e-10
0.0297266 0.187903 -20.1501 -2.85361e-10
0.0299722 0.1878 -20.1709 -2.63179e-10
0.0301967 0.187712 -20.0754 -2.81384e-10
0.0304805 0.187609 -20.2143 -3.08132e-10
0.0307272 0.187527 -20.3539 -1.21296e-10
0.0310489 0.187429 -20.2998 -2.71471e-10
0.0313289 0.187352 -20.4172 -1.97011e-10
0.0316097 0.187283 -20.5494 -2.11858e-10
0.0318386 0.187233 -20.6508 -1.35804e-10
0.0320817 0.187185 -20.5134 -2.15398e-10
0.0323095 0.187145 -20.2849 -4.60061e-10
0.032535 0.18711 -20.6858 2.63181e-10
0.0327732 0.187079 -21.495 -1.08506e-10
0.0330435 0.18705 -20.8515 3.78009e-11
0.033325 0.187027 -20.7336 -2.34901e-10
0.0336854 0.187007 -20.7532 -2.20081e-10
0.0340863 0.187 -20.6916 2.70013e-11
0.0345339 0.187009 -20.529 1.24424e-10
0.0350507 0.187042 -20.2408 -8.63877e-11
0.0356918 0.187117 -19.5963 -3.80007e-10
0.0362851 0.187221 -18.633 4.53566e-11
0.0367533 0.187327 -18.3792 -4.4752e-10
0.0370711 0.187412 -18.6161 -7.76992e-10
0.0373744 0.187502 -17.2978 -2.78009e-10
0.0376913 0.187606 -16.6572 -3.91782e-10
0.0379336 0.187693 -16.2404 -4.62122e-11
0.038195 0.187795 -15.8744 -1.45e-10
0.0385456 0.187943 -15.2718 -1.32511e-10
0.0388637 0.18809 -14.3645 -2.38552e-10
0.0391943 0.188256 -14.6431 -4.69928e-11
0.0394811 0.188412 -13.8431 -3.50448e-10
0.0396847 0.188529 -13.4262 -2.07618e-10
0.03989 0.188653 -13.2582 -1.81084e-10
0.0401106 0.188794 -12.9092 -3.45433e-10
0.0403459 0.188952 -12.5563 -1.31252e-10
0.0405782 0.189117 -12.3691 -1.00036e-10
0.0407951 0.18928 -12.1356 -1.42603e-10
0.0410048 0.189445 -11.9509 -7.75983e-11
0.041209 0.189614 -11.797 -1.87406e-10
0.0414407 0.189816 -11.6118 -7.09585e-11
0.041727 0.190083 -11.4488 -4.64906e-11
0.0420678 0.190427 -11.3193 -5.81344e-11
0.0423488 0.190734 -11.2126 1.81907e-11
0.0426057 0.191037 -11.1279 6.56236e-11
0.0428614 0.191362 -11.0722 7.86873e-11
0.0430492 0.191617 -11.0242 1.13817e-10
0.0431976 0.191831 -10.9878 1.36642e-10
0.0433228 0.19202 -10.9706 1.38151e-10
0.043445 0.192213 -10.9695 1.26841e-10
0.043565 0.192412 -10.9161 1.58461e-10
0.0436791 0.19261 -10.8789 1.57926e-10
0.0437889 0.19281 -10.8397 1.73886e-10
0.0439034 0.19303 -10.7898 1.69815e-10
0.0440293 0.193287 -10.7254 1.88967e-10
0.0441881 0.193637 -10.6174 1.96717e-10
0.0443352 0.193995 -10.509 1.89253e-10
0.0444479 0.194296 -10.4107 1.95672e-10
0.0445424 0.194572 -10.2881 1.8965e-10
0.0446344 0.194866 -10.2072 1.58328e-10
0.0447163 0.195156 -10.1005 2.06423e-10
0.0447888 0.195443 -9.98466 1.79833e-10
0.0448709 0.195814 -9.87182 1.76002e-10
0.0449675 0.196361 -9.66295 2.27717e-10
0.0450584 0.197163 -9.47663 1.38978e-10
