x y fp fmu
0.0399118 0.198 -23.1383 3.44039e-08
0.0398804 0.198831 -21.2441 6.76915e-10
0.0397769 0.199717 -20.463 -4.10151e-10
0.039622 0.200508 -16.3471 -1.17879e-11
0.0394748 0.20107 -14.364 8.72592e-10
0.0393529 0.201462 -13.2084 2.92576e-10
0.0392411 0.201782 -11.9147 1.47993e-09
0.0391158 0.202108 -8.83995 7.57304e-10
0.0389727 0.202447 -11.8974 3.11637e-10
0.0388144 0.202789 -8.0618 -9.47084e-10
0.0386361 0.203142 -7.35893 4.82067e-11
0.0384014 0.203563 -5.35031 -1.24624e-10
0.0380402 0.204138 -2.99162 -1.18478e-10
0.0376335 0.204703 -0.732657 -2.93552e-10
0.0372671 0.205155 0.990607 -5.83352e-10
0.0368392 0.205626 3.11141 -5.28789e-10
0.036491 0.205972 4.58372 -3.75775e-10
0.0361991 0.20624 5.34152 -5.71237e-10
0.035981 0.206428 6.32274 -5.69062e-11
0.0357793 0.206593 7.38378 -8.26081e-10
0.0355763 0.206751 7.69716 -5.54029e-10
0.0353633 0.206909 8.72398 -5.72253e-10
0.035137 0.207069 9.26145 -5.62759e-10
0.0349099 0.207221 9.84259 -2.18553e-10
0.0346908 0.20736 10.3353 -4.95625e-10
0.0344868 0.207483 11.2428 -5.63816e-10
0.0342245 0.207632 12.2042 -3.98783e-10
0.0339866 0.207759 12.3255 1.54397e-10
0.0336601 0.207922 14.1852 5.52001e-10
0.033308 0.208083 13.9092 -2.44397e-09
0.0329735 0.208223 13.8919 -8.92483e-10
0.03271 0.208323 14.9623 -4.00779e-10
0.0324252 0.208424 15.5002 -5.64137e-10
0.0321407 0.208515 15.9719 -1.96609e-10
0.0318266 0.208607 16.3327 -3.04521e-10
0.0315462 0.20868 17.2496 -4.35603e-10
0.0312984 0.208738 16.8835 -2.25635e-10
0.0310585 0.208788 16.809 -6.13816e-11
0.0308285 0.208832 17.5281 -4.20922e-10
0.0306105 0.208868 17.8164 -2.11155e-10
0.0303884 0.2089 18.1273 -2.42133e-10
0.0301453 0.208931 18.0203 -2.13089e-10
0.0298593 0.208959 18.0593 -1.14167e-10
0.0295125 0.208984 18.4981 -3.99304e-10
0.0290455 0.208999 18.6486 -1.45454e-10
0.0285509 0.208994 18.6812 -1.22448e-10
0.0280842 0.208969 18.7663 -5.49263e-11
0.0276196 0.208924 18.6589 9.26647e-11
0.0271692 0.208861 18.0315 -9.00651e-11
0.0267197 0.208779 18.5315 -4.74494e-10
0.0262581 0.208675 18.0829 2.10248e-10
0.0259431 0.208592 17.625 1.4651e-10
0.0256433 0.208503 17.4 -3.70151e-11
0.0253605 0.208411 17.1947 2.51407e-10
0.0251129 0.208323 16.9321 2.77045e-10
0.0248819 0.208235 16.3308 -3.73546e-11
0.024666 0.208148 16.1818 1.47626e-10
0.0243934 0.208029 16.0279 1.08569e-10
0.0240315 0.207858 15.4057 4.76802e-11
0.0237048 0.20769 14.93 1.30384e-10
0.0233846 0.207511 14.2731 1.00419e-10
0.0231467 0.207368 13.6692 1.22121e-10
0.0229347 0.207234 13.2469 -9.01296e-11
0.0226959 0.207075 12.7363 2.13413e-10
0.0223716 0.206845 12.0511 8.08875e-11
0.0219086 0.206483 10.9012 2.27752e-10
0.0213133 0.205954 9.14831 3.30094e-10
0.0206956 0.205314 7.18885 4.02562e-11
0.0201468 0.204646 5.15667 -3.79181e-10
0.0196927 0.204001 3.29049 -1.97431e-10
0.0192938 0.203338 1.54106 -2.81461e-10
0.0190185 0.202809 0.25615 -4.08755e-10
0.0188292 0.202398 -0.818908 -4.16834e-10
0.0186886 0.20206 -1.4837 -2.73824e-10
0.0185745 0.20176 -2.10972 -5.84413e-10
0.0184736 0.201471 -3.09922 -2.20205e-10
0.0183841 0.201189 -3.80669 -7.38927e-10
0.0182931 0.200871 -3.33031 -3.18204e-10
0.0181975 0.200491 -4.62043 -6.58864e-10
0.0181076 0.200066 -5.3608 -4.74771e-10
0.0180083 0.199454 -6.1102 -1.00071e-09
0.0179348 0.19871 -6.27614 -1.19189e-09
0.0179119 0.197945 -6.80117 -6.02445e-10
0.0179399 0.197214 -6.23129 -8.59326e-10
0.0179991 0.196617 -5.06174 -5.30477e-10
0.0180778 0.196096 -4.0294 -2.67562e-10
0.0181992 0.195502 -3.2218 -1.40087e-10
0.0183404 0.194959 -2.93337 7.46163e-11
0.0184565 0.194582 -2.83026 2.59286e-11
0.0185789 0.194228 -2.86506 4.51968e-11
0.0186918 0.193932 -2.93517 4.32543e-11
0.0188309 0.193598 -3.0589 3.42589e-11
0.0190187 0.193191 -3.27186 2.48689e-13
0.0192868 0.192675 -3.61371 -3.42102e-11
0.0196637 0.192044 -4.06995 -5.04702e-11
0.0200769 0.191447 -4.52279 -4.29306e-11
0.0204107 0.191019 -4.87734 -2.67471e-11
0.0207169 0.190662 -5.20733 -1.72345e-11
0.021032 0.190325 -5.55111 -2.83083e-11
0.021437 0.18993 -5.9935 8.7343e-12
0.0219068 0.189519 -6.52395 -1.48453e-11
0.0222885 0.189217 -6.9204 2.17593e-11
0.0225688 0.189013 -7.24286 7.37282e-11
0.0228534 0.188819 -7.57776 3.27214e-11
0.0230866 0.188669 -7.80054 3.10279e-11
0.0233249 0.188524 -8.13094 6.09461e-11
0.0235587 0.18839 -8.48664 8.65e-11
0.0237628 0.18828 -8.72432 1.07355e-10
0.0240314 0.188142 -9.18385 1.58697e-10
0.0242729 0.188026 -9.46152 1.34808e-10
0.0245482 0.187903 -9.96416 1.35133e-10
0.0247937 0.1878 -10.3001 1.43949e-10
0.0250183 0.187712 -10.7881 1.17273e-10
0.0253021 0.187609 -11.4199 1.985e-10
0.0255488 0.187527 -11.672 1.02811e-10
0.0258705 0.187429 -12.3528 3.50341e-10
0.0261504 0.187352 -12.9606 1.16649e-10
0.0264312 0.187283 -13.5065 2.07152e-10
0.0266602 0.187233 -13.8361 1.42265e-10
0.0269032 0.187185 -14.2914 1.79199e-10
0.027131 0.187145 -15.1267 3.30045e-10
0.0273566 0.18711 -15.6983 -4.00795e-11
0.0275948 0.187079 -15.0348 5.49485e-10
0.027865 0.18705 -15.8852 1.70629e-10
0.0281465 0.187027 -16.5953 3.64326e-10
0.0285069 0.187007 -17.1951 2.42789e-10
0.0289078 0.187 -17.7645 1.76305e-10
0.0293555 0.187009 -18.4646 3.89837e-11
0.0298723 0.187042 -19.1898 3.08685e-10
0.0305133 0.187117 -19.9108 4.17607e-10
0.0311067 0.187221 -20.7847 8.60773e-11
0.0315748 0.187327 -21.3232 7.11385e-10
0.0318927 0.187412 -20.6334 6.2062e-10
0.0321959 0.187502 -21.3183 3.82396e-10
0.0325128 0.187606 -21.6183 3.70408e-10
0.0327552 0.187693 -21.6828 2.56356e-10
0.0330165 0.187795 -21.7723 2.5026e-10
0.0333672 0.187943 -21.7448 2.99934e-10
0.0336853 0.18809 -21.9111 2.08538e-10
0.0340158 0.188256 -21.9733 3.61861e-10
0.0343026 0.188412 -21.7628 3.62218e-10
0.0345062 0.188529 -21.8928 3.90966e-10
0.0347116 0.188653 -21.9744 4.50585e-10
0.0349322 0.188794 -21.973 3.96218e-10
0.0351675 0.188952 -22.1373 4.49725e-10
0.0353998 0.189117 -22.3322 5.07025e-10
0.0356167 0.18928 -22.4645 5.11556e-10
0.0358263 0.189445 -22.6409 5.65542e-10
0.0360306 0.189614 -22.7675 5.3739e-10
0.0362623 0.189816 -23.0032 5.89441e-10
0.0365486 0.190083 -23.2276 6.73064e-10
0.0368894 0.190427 -23.424 7.9297e-10
0.0371704 0.190734 -23.8251 7.85168e-10
0.0374272 0.191037 -23.9176 8.77642e-10
0.037683 0.191362 -23.9237 9.39224e-10
0.0378708 0.191617 -23.9233 9.46282e-10
0.0380192 0.191831 -23.7638 1.11035e-09
0.0381443 0.19202 -23.5505 1.01337e-09
0.0382666 0.192213 -23.6769 8.25315e-10
0.0383866 0.192412 -23.8421 1.06733e-09
0.0385007 0.19261 -23.6906 9.17273e-10
0.0386104 0.19281 -23.7937 1.07803e-09
0.038725 0.19303 -23.8943 1.03882e-09
0.0388509 0.193287 -24.0897 1.16776e-09
0.0390096 0.193637 -24.2065 1.33218e-09
0.0391568 0.193995 -24.4562 1.50691e-09
0.0392695 0.194296 -24.5749 1.76572e-09
0.039364 0.194572 -24.5124 1.89836e-09
0.0394559 0.194866 -24.8338 1.7925e-09
0.0395378 0.195156 -24.8359 2.1157e-09
0.0396104 0.195443 -24.5284 2.17232e-09
0.0396925 0.195814 -24.8977 2.11259e-09
0.0397891 0.196361 -23.9416 2.89419e-09
0.0398799 0.197163 -23.7867 -2.39863e-09
