x y fp fmu
0.0435174 0.198 -17.2826 3.31114e-08
0.0434859 0.198831 -15.3167 -3.67295e-10
0.0433825 0.199717 -12.7489 -9.05858e-10
0.0432275 0.200508 -8.35787 -7.68877e-10
0.0430803 0.20107 -5.69207 -5.44261e-11
0.0429584 0.201462 -4.16021 -5.46155e-10
0.0428466 0.201782 -2.80701 1.95846e-10
0.0427214 0.202108 0.146676 2.41753e-10
0.0425783 0.202447 -1.70503 -6.51615e-10
0.04242 0.202789 1.17459 -1.56754e-09
0.0422417 0.203142 2.25645 -8.57923e-10
0.042007 0.203563 4.08695 -1.00454e-09
0.0416457 0.204138 6.4312 -1.03542e-09
0.041239 0.204703 8.5538 -1.1293e-09
0.0408726 0.205155 10.1568 -1.32587e-09
0.0404447 0.205626 11.9929 -1.26161e-09
0.0400965 0.205972 13.2976 -1.09142e-09
0.0398046 0.20624 13.9153 -1.20581e-09
0.0395865 0.206428 14.3675 -9.28631e-10
0.0393849 0.206593 15.3683 -1.46462e-09
0.0391818 0.206751 15.6472 -1.19401e-09
0.0389689 0.206909 16.2632 -1.19223e-09
0.0387425 0.207069 16.6931 -1.12002e-09
0.0385154 0.207221 16.9875 -8.82553e-10
0.0382963 0.20736 17.244 -1.0007e-09
0.0380923 0.207483 17.6847 -1.20479e-09
0.0378301 0.207632 18.5139 -1.02003e-09
0.0375921 0.207759 18.6202 -5.09648e-10
0.0372657 0.207922 19.0712 -4.97896e-10
0.0369136 0.208083 19.8796 -1.41351e-09
0.0365791 0.208223 19.1901 -9.67821e-10
0.0363156 0.208323 19.6191 -7.79126e-10
0.0360307 0.208424 19.7872 -9.54301e-10
0.0357463 0.208515 20.0869 -7.33983e-10
0.0354322 0.208607 19.9549 -7.51055e-10
0.0351518 0.20868 20.3231 -8.42337e-10
0.0349039 0.208738 20.5735 -2.88429e-10
0.0346641 0.208788 19.7434 -3.55395e-10
0.0344341 0.208832 19.649 -8.34234e-10
0.0342161 0.208868 19.8837 -6.69092e-10
0.033994 0.2089 19.9765 -5.99684e-10
0.0337508 0.208931 19.8888 -3.16505e-10
0.0334649 0.208959 19.2064 -6.31341e-10
0.033118 0.208984 19.1878 -8.01661e-10
0.032651 0.208999 18.8742 -3.69947e-10
0.0321565 0.208994 18.1867 -3.73303e-10
0.0316897 0.208969 17.6057 -2.35117e-10
0.0312252 0.208924 17.0097 -1.14454e-10
0.0307748 0.208861 15.3238 -5.67984e-10
0.0303253 0.208779 15.5806 -9.79903e-10
0.0298637 0.208675 14.713 -5.06353e-11
0.0295487 0.208592 13.6204 -7.0657e-11
0.0292489 0.208503 13.022 -3.71151e-10
0.028966 0.208411 12.5019 7.79156e-11
0.0287185 0.208323 12.0054 2.86423e-11
0.0284875 0.208235 11.1181 -3.65473e-10
0.0282716 0.208148 10.5638 -1.30553e-12
0.027999 0.208029 10.2694 -1.523e-10
0.027637 0.207858 9.26051 -2.07122e-10
0.0273104 0.20769 8.47212 -1.40137e-10
0.0269902 0.207511 7.53108 -1.96069e-10
0.0267522 0.207368 6.66164 -1.35854e-10
0.0265402 0.207234 6.06928 -3.68379e-10
0.0263015 0.207075 5.34707 -5.61699e-11
0.0259772 0.206845 4.42583 -1.76012e-10
0.0255141 0.206483 2.98423 -1.06755e-10
0.0249189 0.205954 0.914947 -5.25764e-11
0.0243012 0.205314 -1.1858 -2.91122e-10
0.0237523 0.204646 -3.17201 -6.34885e-10
0.0232982 0.204001 -4.84776 -4.14827e-10
0.0228994 0.203338 -6.25546 -4.6747e-10
0.022624 0.202809 -7.15013 -5.36763e-10
0.0224348 0.202398 -7.8209 -4.92877e-10
0.0222942 0.20206 -8.22643 -4.30283e-10
0.0221801 0.20176 -8.52685 -5.40838e-10
0.0220792 0.201471 -8.99264 -3.70152e-10
0.0219896 0.201189 -9.37674 -4.30901e-10
0.0218987 0.200871 -9.16285 -2.78391e-10
0.0218031 0.200491 -9.58916 -4.71629e-10
0.0217131 0.200066 -9.87737 -3.17946e-10
0.0216139 0.199454 -10.1661 -3.21696e-10
0.0215403 0.19871 -10.3533 -2.50289e-10
0.0215175 0.197945 -10.5765 -1.97735e-10
0.0215454 0.197214 -10.7779 -1.30141e-10
0.0216047 0.196617 -10.9001 -1.71398e-10
0.0216833 0.196096 -11.0697 -1.59706e-10
0.0218048 0.195502 -11.2844 -1.41129e-10
0.0219459 0.194959 -11.4845 -1.6542e-10
0.022062 0.194582 -11.6152 -1.76349e-10
0.0221845 0.194228 -11.7426 -1.93876e-10
0.0222974 0.193932 -11.8261 -1.96724e-10
0.0224364 0.193598 -11.9201 -2.1095e-10
0.0226242 0.193191 -12.012 -2.0465e-10
0.0228923 0.192675 -12.1048 -1.84716e-10
0.0232693 0.192044 -12.1828 -1.6147e-10
0.0236824 0.191447 -12.2445 -9.1127e-11
0.0240163 0.191019 -12.3082 -4.47149e-11
0.0243224 0.190662 -12.3881 -3.27736e-12
0.0246375 0.190325 -12.4966 8.47158e-12
0.0250425 0.18993 -12.695 5.6187e-11
0.0255124 0.189519 -13.0644 1.38169e-10
0.0258941 0.189217 -13.3579 1.44124e-10
0.0261744 0.189013 -13.7104 2.95939e-10
0.026459 0.188819 -14.1034 2.06519e-10
0.0266922 0.188669 -14.2145 1.35833e-10
0.0269305 0.188524 -14.6706 1.6627e-10
0.0271642 0.18839 -15.1607 2.001e-10
0.0273683 0.18828 -15.3292 2.11165e-10
0.0276369 0.188142 -15.9395 2.87385e-10
0.0278785 0.188026 -16.0399 1.96563e-10
0.0281537 0.187903 -16.5926 9.21667e-11
0.0283993 0.1878 -16.7878 1.4493e-10
0.0286239 0.187712 -17.3441 7.33799e-11
0.0289077 0.187609 -18.0301 1.91094e-10
0.0291543 0.187527 -17.9812 -1.58903e-11
0.029476 0.187429 -18.5625 3.44161e-10
0.029756 0.187352 -19.0791 3.62477e-12
0.0300368 0.187283 -19.4678 1.23195e-10
0.0302657 0.187233 -19.5871 4.09929e-11
0.0305088 0.187185 -19.8681 1.16275e-10
0.0307366 0.187145 -20.7554 2.69128e-10
0.0309622 0.18711 -21.1183 -4.77778e-10
0.0312003 0.187079 -19.7491 5.11743e-10
0.0314706 0.18705 -20.4945 -4.16853e-11
0.0317521 0.187027 -20.9011 2.38661e-10
0.0321125 0.187007 -21.0455 6.85682e-11
0.0325134 0.187 -21.0277 -1.48895e-11
0.032961 0.187009 -21.0261 -9.85411e-11
0.0334778 0.187042 -20.9408 1.14058e-10
0.0341189 0.187117 -20.786 2.071e-10
0.0347122 0.187221 -20.8382 -4.37192e-11
0.0351804 0.187327 -20.7529 5.06936e-10
0.0354983 0.187412 -20.006 4.69323e-10
0.0358015 0.187502 -20.3457 2.9968e-10
0.0361184 0.187606 -20.4057 3.28736e-10
0.0363607 0.187693 -20.3588 2.70454e-10
0.0366221 0.187795 -20.3774 3.0044e-10
0.0369728 0.187943 -20.3083 3.99781e-10
0.0372908 0.18809 -20.6453 3.80533e-10
0.0376214 0.188256 -20.2013 6.03576e-10
0.0379082 0.188412 -20.2209 6.90342e-10
0.0381118 0.188529 -20.4473 6.14971e-10
0.0383171 0.188653 -20.3839 6.85327e-10
0.0385378 0.188794 -20.4435 8.63961e-10
0.0387731 0.188952 -20.6949 7.17141e-10
0.0390054 0.189117 -20.7181 8.60445e-10
0.0392223 0.18928 -20.8669 9.16704e-10
0.0394319 0.189445 -20.9475 9.99043e-10
0.0396361 0.189614 -21.0721 1.30057e-09
0.0398679 0.189816 -21.3034 1.27436e-09
0.0401541 0.190083 -21.3748 1.47645e-09
0.040495 0.190427 -21.7526 1.89676e-09
0.0407759 0.190734 -22.8485 1.79562e-09
0.0410328 0.191037 -23.4712 2.05792e-09
0.0412886 0.191362 -24.3108 2.32648e-09
0.0414763 0.191617 -24.8116 2.68308e-09
0.0416247 0.191831 -24.9617 3.13849e-09
0.0417499 0.19202 -25.1668 3.38214e-09
0.0418721 0.192213 -26.4224 3.26072e-09
0.0419921 0.192412 -26.4008 3.69197e-09
0.0421063 0.19261 -26.6347 3.86084e-09
0.042216 0.19281 -27.0909 4.29369e-09
0.0423305 0.19303 -27.3274 3.86089e-09
0.0424564 0.193287 -28.2681 3.98654e-09
0.0426152 0.193637 -28.2007 3.7444e-09
0.0427623 0.193995 -28.1178 3.15432e-09
0.042875 0.194296 -28.1448 3.16928e-09
0.0429695 0.194572 -27.0622 2.84475e-09
0.0430615 0.194866 -27.082 2.29505e-09
0.0431434 0.195156 -27.2132 3.10682e-09
0.043216 0.195443 -25.8172 2.52331e-09
0.043298 0.195814 -25.5167 2.06897e-09
0.0433946 0.196361 -23.399 2.11041e-09
0.0434855 0.197163 -20.1764 -2.75866e-09
