x y fp fmu
0.0445728 0.198 -16.2297 3.05219e-08
0.0445414 0.198831 -14.3537 -4.88741e-10
0.044438 0.199717 -11.6186 -8.51993e-10
0.044283 0.200508 -7.40323 -7.45453e-10
0.0441358 0.20107 -4.79932 -8.01751e-11
0.0440139 0.201462 -3.29088 -5.95126e-10
0.0439021 0.201782 -2.00411 3.08443e-11
0.0437769 0.202108 0.792869 1.80363e-10
0.0436338 0.202447 -0.758272 -7.92406e-10
0.0434755 0.202789 1.92075 -1.58346e-09
0.0432972 0.203142 3.02778 -9.42981e-10
0.0430625 0.203563 4.80547 -1.0516e-09
0.0427012 0.204138 7.08666 -1.1027e-09
0.0422945 0.204703 9.14118 -1.19094e-09
0.0419281 0.205155 10.6771 -1.39696e-09
0.0415002 0.205626 12.4495 -1.33488e-09
0.041152 0.205972 13.7248 -1.16136e-09
0.0408601 0.20624 14.3368 -1.25677e-09
0.040642 0.206428 14.7331 -9.93887e-10
0.0404404 0.206593 15.7118 -1.51186e-09
0.0402373 0.206751 16.0119 -1.24399e-09
0.0400244 0.206909 16.6057 -1.22704e-09
0.039798 0.207069 17.0353 -1.15195e-09
0.0395709 0.207221 17.2861 -9.30342e-10
0.0393518 0.20736 17.5028 -1.05294e-09
0.0391478 0.207483 17.8799 -1.26012e-09
0.0388856 0.207632 18.6627 -1.06933e-09
0.0386476 0.207759 18.7767 -5.58766e-10
0.0383212 0.207922 19.0798 -5.92861e-10
0.0379691 0.208083 19.97 -1.32836e-09
0.0376346 0.208223 19.2537 -9.45913e-10
0.0373711 0.208323 19.6166 -7.85222e-10
0.0370862 0.208424 19.7276 -9.53762e-10
0.0368018 0.208515 19.9967 -7.54722e-10
0.0364877 0.208607 19.8244 -7.63613e-10
0.0362073 0.20868 20.1161 -8.43605e-10
0.0359594 0.208738 20.4248 -2.70463e-10
0.0357196 0.208788 19.5539 -3.51233e-10
0.0354896 0.208832 19.3712 -8.30567e-10
0.0352716 0.208868 19.5828 -6.81095e-10
0.0350495 0.2089 19.6471 -6.14396e-10
0.0348063 0.208931 19.5784 -3.10791e-10
0.0345204 0.208959 18.8368 -6.59725e-10
0.0341735 0.208984 18.7364 -7.92542e-10
0.0337065 0.208999 18.3653 -3.83081e-10
0.033212 0.208994 17.6142 -3.76628e-10
0.0327452 0.208969 16.9418 -2.46469e-10
0.0322807 0.208924 16.2984 -1.30565e-10
0.0318303 0.208861 14.5058 -6.11948e-10
0.0313807 0.208779 14.7115 -1.00378e-09
0.0309192 0.208675 13.8232 -8.50428e-11
0.0306042 0.208592 12.6534 -8.96937e-11
0.0303044 0.208503 12.0123 -3.8975e-10
0.0300215 0.208411 11.4602 5.60452e-11
0.029774 0.208323 10.9321 4.58008e-12
0.0295429 0.208235 10.0239 -3.85768e-10
0.0293271 0.208148 9.40575 -1.91801e-11
0.0290545 0.208029 9.08546 -1.78095e-10
0.0286925 0.207858 8.02875 -2.31927e-10
0.0283659 0.20769 7.19339 -1.72711e-10
0.0280457 0.207511 6.21766 -2.25694e-10
0.0278077 0.207368 5.30827 -1.61777e-10
0.0275957 0.207234 4.69155 -3.90671e-10
0.027357 0.207075 3.93815 -8.206e-11
0.0270327 0.206845 2.98441 -2.04209e-10
0.0265696 0.206483 1.50283 -1.4485e-10
0.0259744 0.205954 -0.62534 -9.56981e-11
0.0253567 0.205314 -2.77132 -3.26079e-10
0.0248078 0.204646 -4.79516 -6.68408e-10
0.0243537 0.204001 -6.49365 -4.37946e-10
0.0239549 0.203338 -7.89421 -4.83182e-10
0.0236795 0.202809 -8.78397 -5.39824e-10
0.0234903 0.202398 -9.45526 -4.88674e-10
0.0233497 0.20206 -9.86653 -4.29475e-10
0.0232356 0.20176 -10.169 -5.31246e-10
0.0231347 0.201471 -10.6537 -3.58272e-10
0.0230451 0.201189 -11.0567 -4.15403e-10
0.0229542 0.200871 -10.8263 -2.53687e-10
0.0228586 0.200491 -11.3056 -4.72321e-10
0.0227686 0.200066 -11.6498 -3.11892e-10
0.0226694 0.199454 -12.0013 -3.40709e-10
0.0225958 0.19871 -12.2104 -3.26352e-10
0.022573 0.197945 -12.5068 -2.34064e-10
0.0226009 0.197214 -12.6982 -1.58916e-10
0.0226602 0.196617 -12.7533 -1.88815e-10
0.0227388 0.196096 -12.8807 -1.66143e-10
0.0228603 0.195502 -13.0546 -1.44277e-10
0.0230014 0.194959 -13.2363 -1.6651e-10
0.0231175 0.194582 -13.3597 -1.87257e-10
0.02324 0.194228 -13.4898 -2.15852e-10
0.0233529 0.193932 -13.5749 -2.21753e-10
0.0234919 0.193598 -13.6776 -2.4799e-10
0.0236797 0.193191 -13.7739 -2.53123e-10
0.0239478 0.192675 -13.8577 -2.49303e-10
0.0243247 0.192044 -13.8893 -2.38693e-10
0.0247379 0.191447 -13.8495 -1.9072e-10
0.0250718 0.191019 -13.7981 -1.4344e-10
0.0253779 0.190662 -13.7435 -9.78034e-11
0.025693 0.190325 -13.701 -6.8592e-11
0.026098 0.18993 -13.707 -2.73584e-11
0.0265679 0.189519 -13.7961 7.84678e-11
0.0269496 0.189217 -13.9006 8.17594e-11
0.0272299 0.189013 -14.1083 2.28218e-10
0.0275145 0.188819 -14.3211 1.91329e-10
0.0277477 0.188669 -14.3713 1.35246e-10
0.0279859 0.188524 -14.7093 1.73296e-10
0.0282197 0.18839 -15.0673 1.99797e-10
0.0284238 0.18828 -15.1841 2.26047e-10
0.0286924 0.188142 -15.6785 2.9851e-10
0.0289339 0.188026 -15.7198 2.23037e-10
0.0292092 0.187903 -16.1919 1.12321e-10
0.0294548 0.1878 -16.3403 1.7816e-10
0.0296794 0.187712 -16.8579 1.15069e-10
0.0299631 0.187609 -17.4718 2.37461e-10
0.0302098 0.187527 -17.3724 1.71929e-11
0.0305315 0.187429 -17.946 3.84924e-10
0.0308115 0.187352 -18.428 5.08304e-11
0.0310923 0.187283 -18.7902 1.70757e-10
0.0313212 0.187233 -18.8797 7.67968e-11
0.0315643 0.187185 -19.1762 1.68877e-10
0.0317921 0.187145 -20.1101 3.50433e-10
0.0320176 0.18711 -20.3807 -5.12707e-10
0.0322558 0.187079 -18.8865 5.40977e-10
0.0325261 0.18705 -19.7142 -5.80229e-11
0.0328076 0.187027 -20.1067 2.67436e-10
0.033168 0.187007 -20.22 9.61308e-11
0.0335689 0.187 -20.1649 -9.31236e-12
0.0340165 0.187009 -20.1255 -9.72811e-11
0.0345333 0.187042 -19.9776 1.09917e-10
0.0351744 0.187117 -19.7301 2.06836e-10
0.0357677 0.187221 -19.6669 -5.82429e-11
0.0362359 0.187327 -19.4523 4.8388e-10
0.0365538 0.187412 -18.6379 4.53987e-10
0.036857 0.187502 -18.8968 2.64338e-10
0.0371739 0.187606 -18.8486 2.92222e-10
0.0374162 0.187693 -18.7241 2.3511e-10
0.0376776 0.187795 -18.6484 2.58188e-10
0.0380282 0.187943 -18.4527 3.56892e-10
0.0383463 0.18809 -18.6364 3.20471e-10
0.0386769 0.188256 -18.1004 5.47235e-10
0.0389637 0.188412 -17.9981 6.20074e-10
0.0391673 0.188529 -18.1199 5.32712e-10
0.0393726 0.188653 -17.9727 6.04e-10
0.0395933 0.188794 -17.9268 7.6077e-10
0.0398286 0.188952 -18.0261 6.38629e-10
0.0400609 0.189117 -17.9435 7.77203e-10
0.0402777 0.18928 -17.9769 8.16753e-10
0.0404874 0.189445 -17.9322 9.13804e-10
0.0406916 0.189614 -17.9609 1.2105e-09
0.0409234 0.189816 -18.0844 1.20577e-09
0.0412096 0.190083 -18.0779 1.37921e-09
0.0415505 0.190427 -18.4362 1.7926e-09
0.0418314 0.190734 -19.5281 1.71621e-09
0.0420883 0.191037 -20.2769 1.98732e-09
0.0423441 0.191362 -21.2218 2.24306e-09
0.0425318 0.191617 -21.7944 2.60611e-09
0.0426802 0.191831 -22.1128 2.98956e-09
0.0428054 0.19202 -22.4906 3.25179e-09
0.0429276 0.192213 -23.8767 3.18616e-09
0.0430476 0.192412 -23.7484 3.60619e-09
0.0431618 0.19261 -24.2158 3.99581e-09
0.0432715 0.19281 -24.8002 4.37764e-09
0.043386 0.19303 -25.1823 4.00899e-09
0.0435119 0.193287 -26.2221 4.19957e-09
0.0436707 0.193637 -26.34 3.82134e-09
0.0438178 0.193995 -26.1866 3.37142e-09
0.0439305 0.194296 -26.2027 3.40021e-09
0.044025 0.194572 -25.182 3.10336e-09
0.044117 0.194866 -25.2641 2.45664e-09
0.0441989 0.195156 -25.3343 3.42926e-09
0.0442715 0.195443 -24.2502 2.78709e-09
0.0443535 0.195814 -24.0008 2.2915e-09
0.0444501 0.196361 -22.1022 2.08228e-09
0.044541 0.197163 -18.9698 -2.31055e-09
