x y fp fmu
0.0464691 0.198 -8.90481 6.02427e-10
0.0464377 0.198831 -8.72498 3.9146e-11
0.0463342 0.199717 -8.28231 2.56546e-10
0.0461793 0.200508 -7.8233 3.38926e-10
0.0460321 0.20107 -7.41975 4.63675e-10
0.0459102 0.201462 -7.11643 3.98896e-10
0.0457984 0.201782 -6.7488 4.99939e-10
0.0456731 0.202108 -6.12672 5.61086e-10
0.04553 0.202447 -6.15772 3.50325e-10
0.0453717 0.202789 -5.22904 2.56769e-10
0.0451934 0.203142 -4.70208 3.38071e-10
0.0449587 0.203563 -3.74814 3.81201e-10
0.0445975 0.204138 -2.41441 3.19516e-10
0.0441908 0.204703 -0.917871 2.90184e-10
0.0438244 0.205155 0.363766 1.15264e-10
0.0433965 0.205626 1.9152 1.20625e-10
0.0430483 0.205972 3.09017 1.52188e-10
0.0427564 0.20624 3.88255 3.69188e-11
0.0425383 0.206428 4.61151 3.56471e-10
0.0423367 0.206593 5.42461 -1.15441e-10
0.0421336 0.206751 5.87918 -1.07534e-11
0.0419206 0.206909 6.65556 2.71222e-12
0.0416943 0.207069 7.22021 -3.03977e-11
0.0414672 0.207221 7.81994 2.94088e-10
0.0412481 0.20736 8.33716 3.8285e-11
0.0410441 0.207483 9.09302 -3.60801e-11
0.0407818 0.207632 9.98759 9.00256e-11
0.0405439 0.207759 10.2464 4.10603e-10
0.0402174 0.207922 11.9116 8.95525e-10
0.0398653 0.208083 12.1723 -1.81006e-09
0.0395308 0.208223 12.0909 -2.34486e-10
0.0392673 0.208323 13.2706 -2.36239e-11
0.0389825 0.208424 13.9275 -1.29979e-10
0.038698 0.208515 14.5455 3.05944e-10
0.0383839 0.208607 15.0815 9.65329e-11
0.0381035 0.20868 16.2195 1.66215e-11
0.0378557 0.208738 15.695 -7.41928e-11
0.0376158 0.208788 15.7482 3.44442e-10
0.0373858 0.208832 16.7948 -1.19891e-11
0.0371678 0.208868 17.2295 2.75241e-10
0.0369457 0.2089 17.6756 1.5921e-10
0.0367026 0.208931 17.5422 6.50275e-11
0.0364166 0.208959 17.8369 4.81128e-10
0.0360698 0.208984 18.574 9.65939e-11
0.0356028 0.208999 18.9083 2.96409e-10
0.0351082 0.208994 19.2254 3.41173e-10
0.0346415 0.208969 19.6075 3.42806e-10
0.0341769 0.208924 19.6537 5.76883e-10
0.0337265 0.208861 19.4391 6.47487e-10
0.033277 0.208779 20.1961 2.06243e-10
0.0328154 0.208675 19.6748 8.10105e-10
0.0325004 0.208592 19.3812 7.43977e-10
0.0322006 0.208503 19.3545 6.95359e-10
0.0319178 0.208411 19.2745 8.19901e-10
0.0316702 0.208323 19.0247 1.07539e-09
0.0314392 0.208235 18.3518 7.48011e-10
0.0312233 0.208148 18.4759 6.95109e-10
0.0309507 0.208029 18.4799 7.56817e-10
0.0305888 0.207858 17.9039 7.60924e-10
0.0302621 0.20769 17.5243 9.25704e-10
0.0299419 0.207511 16.7755 9.78407e-10
0.029704 0.207368 16.089 9.61274e-10
0.029492 0.207234 15.7115 8.10497e-10
0.0292532 0.207075 15.2205 1.07086e-09
0.0289289 0.206845 14.6025 9.24763e-10
0.0284659 0.206483 13.3561 1.20153e-09
0.0278706 0.205954 11.3279 1.39475e-09
0.0272529 0.205314 9.06435 1.21881e-09
0.0267041 0.204646 6.34912 7.07535e-10
0.02625 0.204001 3.8559 9.03264e-10
0.0258511 0.203338 1.47345 7.94009e-10
0.0255758 0.202809 -0.506765 6.96621e-10
0.0253865 0.202398 -2.51733 6.53467e-10
0.0252459 0.20206 -3.52298 9.27994e-10
0.0251318 0.20176 -4.84466 3.54945e-10
0.0250309 0.201471 -7.43669 1.08083e-09
0.0249414 0.201189 -8.62158 -3.039e-10
0.0248504 0.200871 -5.41528 1.81544e-09
0.0247548 0.200491 -10.4953 -4.80555e-10
0.0246649 0.200066 -13.0217 8.376e-10
0.0245656 0.199454 -14.7159 -1.51739e-09
0.0244921 0.19871 -15.1334 -1.79849e-09
0.0244692 0.197945 -21.9245 2.6571e-10
0.0244972 0.197214 -19.6722 -4.36789e-09
0.0245564 0.196617 -22.7998 -5.06757e-09
0.0246351 0.196096 -25.8034 -3.53469e-09
0.0247565 0.195502 -27.7905 -2.27784e-09
0.0248977 0.194959 -28.3492 -3.18434e-09
0.0250138 0.194582 -28.7907 -3.44518e-09
0.0251362 0.194228 -29.2476 -4.1355e-09
0.0252491 0.193932 -28.8624 -4.09358e-09
0.0253882 0.193598 -28.7303 -4.36884e-09
0.025576 0.193191 -28.3153 -4.35398e-09
0.0258441 0.192675 -27.1313 -4.24936e-09
0.026221 0.192044 -26.0661 -3.12154e-09
0.0266342 0.191447 -24.8036 -2.34132e-09
0.026968 0.191019 -23.9348 -2.00176e-09
0.0272742 0.190662 -23.3807 -1.74943e-09
0.0275893 0.190325 -23.0534 -1.51834e-09
0.0279943 0.18993 -22.6968 -1.27719e-09
0.0284641 0.189519 -22.0702 -1.11024e-09
0.0288459 0.189217 -21.8576 -9.05857e-10
0.0291261 0.189013 -21.4372 -1.00589e-09
0.0294107 0.188819 -21.2978 -8.298e-10
0.0296439 0.188669 -21.2877 -6.69924e-10
0.0298822 0.188524 -20.9095 -6.86983e-10
0.030116 0.18839 -20.799 -6.59892e-10
0.0303201 0.18828 -20.7963 -5.61348e-10
0.0305887 0.188142 -20.6494 -5.45382e-10
0.0308302 0.188026 -20.704 -4.26694e-10
0.0311055 0.187903 -20.5793 -3.46137e-10
0.031351 0.1878 -20.5421 -3.1875e-10
0.0315756 0.187712 -20.3919 -3.2486e-10
0.0318594 0.187609 -20.5141 -3.46223e-10
0.0321061 0.187527 -20.6216 -1.37208e-10
0.0324278 0.187429 -20.5397 -2.85609e-10
0.0327077 0.187352 -20.6471 -1.98243e-10
0.0329885 0.187283 -20.7823 -2.08268e-10
0.0332175 0.187233 -20.8841 -1.35742e-10
0.0334606 0.187185 -20.7297 -2.12808e-10
0.0336884 0.187145 -20.5471 -4.45122e-10
0.0339139 0.18711 -20.9985 2.57829e-10
0.0341521 0.187079 -21.6687 -3.61925e-11
0.0344223 0.18705 -21.0571 6.40279e-11
0.0347038 0.187027 -20.9557 -1.99895e-10
0.0350642 0.187007 -20.9725 -2.02998e-10
0.0354651 0.187 -20.9095 5.11808e-11
0.0359128 0.187009 -20.7465 1.3323e-10
0.0364296 0.187042 -20.4873 -2.95756e-11
0.0370706 0.187117 -19.849 -3.07796e-10
0.037664 0.187221 -18.9309 5.84962e-11
0.0381321 0.187327 -18.6889 -3.2031e-10
0.03845 0.187412 -18.7148 -6.68642e-10
0.0387532 0.187502 -17.5283 -1.92523e-10
0.0390701 0.187606 -16.9001 -3.21923e-10
0.0393125 0.187693 -16.4738 -1.43846e-12
0.0395738 0.187795 -16.0907 -9.70075e-11
0.0399245 0.187943 -15.435 -7.67099e-11
0.0402426 0.18809 -14.5572 -1.70395e-10
0.0405731 0.188256 -14.7126 -1.15608e-11
0.04086 0.188412 -13.8595 -2.66265e-10
0.0410635 0.188529 -13.4355 -1.5732e-10
0.0412689 0.188653 -13.2189 -1.23971e-10
0.0414895 0.188794 -12.8056 -3.01609e-10
0.0417248 0.188952 -12.4145 -9.41875e-11
0.0419571 0.189117 -12.1645 -6.93912e-11
0.042174 0.18928 -11.8706 -1.1099e-10
0.0423837 0.189445 -11.6297 -4.7805e-11
0.0425879 0.189614 -11.4122 -1.75295e-10
0.0428196 0.189816 -11.1654 -5.99774e-11
0.0431059 0.190083 -10.9193 -3.52185e-11
0.0434467 0.190427 -10.6811 -6.82352e-11
0.0437277 0.190734 -10.496 -1.94627e-14
0.0439845 0.191037 -10.3551 4.99646e-11
0.0442403 0.191362 -10.2392 5.39382e-11
0.0444281 0.191617 -10.1607 8.485e-11
0.0445765 0.191831 -10.1039 9.98574e-11
0.0447016 0.19202 -10.0742 9.93075e-11
0.0448239 0.192213 -10.0519 9.76006e-11
0.0449439 0.192412 -9.99387 1.25681e-10
0.045058 0.19261 -9.95899 1.27234e-10
0.0451677 0.19281 -9.91834 1.40258e-10
0.0452823 0.19303 -9.8781 1.43056e-10
0.0454082 0.193287 -9.81976 1.59749e-10
0.0455669 0.193637 -9.7406 1.70323e-10
0.0457141 0.193995 -9.66691 1.70169e-10
0.0458268 0.194296 -9.59605 1.80594e-10
0.0459213 0.194572 -9.52282 1.82538e-10
0.0460132 0.194866 -9.47797 1.63372e-10
0.0460951 0.195156 -9.39784 2.00494e-10
0.0461677 0.195443 -9.3354 1.91715e-10
0.0462498 0.195814 -9.26258 1.93789e-10
0.0463464 0.196361 -9.1069 2.45413e-10
0.0464372 0.197163 -8.96501 1.53834e-10
