x y fp fmu
0.0449548 0.198 -12.7609 1.83402e-09
0.0449233 0.198831 -11.3483 1.36573e-09
0.0448199 0.199717 -10.5827 6.9931e-10
0.0446649 0.200508 -8.16485 4.70841e-10
0.0445177 0.20107 -6.61403 9.3236e-10
0.0443958 0.201462 -5.67221 6.36937e-10
0.0442841 0.201782 -4.65735 1.19426e-09
0.0441588 0.202108 -2.66455 9.75773e-10
0.0440157 0.202447 -4.05282 3.55004e-10
0.0438574 0.202789 -1.62796 -2.6053e-10
0.0436791 0.203142 -0.855802 2.23961e-10
0.0434444 0.203563 0.690355 1.62672e-10
0.0430831 0.204138 2.61348 7.31018e-11
0.0426764 0.204703 4.50364 -6.12223e-11
0.04231 0.205155 5.98633 -2.72904e-10
0.0418821 0.205626 7.71035 -2.63405e-10
0.0415339 0.205972 8.89743 -2.13417e-10
0.041242 0.20624 9.59393 -3.41482e-10
0.0410239 0.206428 10.2742 2.24217e-11
0.0408223 0.206593 11.0893 -5.13627e-10
0.0406192 0.206751 11.4182 -3.56846e-10
0.0404063 0.206909 12.1359 -3.42989e-10
0.04018 0.207069 12.6122 -3.35563e-10
0.0399529 0.207221 13.0705 -6.82519e-11
0.0397337 0.20736 13.4751 -2.7546e-10
0.0395297 0.207483 14.1088 -3.78235e-10
0.0392675 0.207632 14.8203 -2.73746e-10
0.0390295 0.207759 14.9763 7.33708e-11
0.0387031 0.207922 16.1107 3.60813e-10
0.038351 0.208083 16.2839 -1.62256e-09
0.0380165 0.208223 16.0904 -4.78831e-10
0.037753 0.208323 16.8478 -2.65808e-10
0.0374681 0.208424 17.1927 -3.85799e-10
0.0371837 0.208515 17.5383 -1.22145e-10
0.0368696 0.208607 17.7388 -2.37837e-10
0.0365892 0.20868 18.3226 -3.09661e-10
0.0363413 0.208738 18.1734 -1.39596e-10
0.0361015 0.208788 17.9427 -5.84234e-12
0.0358715 0.208832 18.3227 -3.21677e-10
0.0356535 0.208868 18.5362 -1.65892e-10
0.0354314 0.2089 18.7354 -1.90137e-10
0.0351882 0.208931 18.6472 -1.23977e-10
0.0349023 0.208959 18.4781 -1.11616e-10
0.0345554 0.208984 18.7135 -3.26893e-10
0.0340884 0.208999 18.6762 -9.93987e-11
0.0335939 0.208994 18.4695 -8.61886e-11
0.0331271 0.208969 18.3074 -1.84259e-11
0.0326626 0.208924 18.0678 9.99177e-11
0.0322122 0.208861 17.1008 -1.85609e-10
0.0317627 0.208779 17.4498 -5.18097e-10
0.0313011 0.208675 16.9318 1.7887e-10
0.0309861 0.208592 16.2152 1.55495e-10
0.0306863 0.208503 15.8564 -8.66351e-11
0.0304034 0.208411 15.5483 2.5493e-10
0.0301559 0.208323 15.2197 2.64456e-10
0.0299249 0.208235 14.5169 -8.86929e-11
0.029709 0.208148 14.1409 1.97478e-10
0.0294364 0.208029 14.0107 9.39793e-11
0.0290744 0.207858 13.2407 4.63879e-11
0.0287478 0.20769 12.6861 1.27268e-10
0.0284276 0.207511 11.8948 7.81092e-11
0.0281896 0.207368 11.1034 1.3327e-10
0.0279776 0.207234 10.6129 -1.37886e-10
0.0277389 0.207075 9.98932 2.17239e-10
0.0274146 0.206845 9.21137 5.56156e-11
0.0269515 0.206483 7.86775 2.0619e-10
0.0263563 0.205954 5.77718 3.16334e-10
0.0257386 0.205314 3.55265 5.02505e-11
0.0251897 0.204646 1.23635 -5.52793e-10
0.0247357 0.204001 -0.92172 -3.12777e-10
0.0243368 0.203338 -2.81098 -4.35857e-10
0.0240615 0.202809 -4.16504 -6.49995e-10
0.0238722 0.202398 -5.56356 -6.03814e-10
0.0237316 0.20206 -6.13524 -5.06593e-10
0.0236175 0.20176 -6.72658 -9.5974e-10
0.0235166 0.201471 -8.57603 -2.67545e-10
0.0234271 0.201189 -9.73559 -9.19868e-10
0.0233361 0.200871 -6.75361 -3.11967e-11
0.0232405 0.200491 -9.55446 -1.65045e-09
0.0231505 0.200066 -10.9707 -6.54022e-10
0.0230513 0.199454 -11.4607 -2.0727e-09
0.0229777 0.19871 -10.1413 -2.03613e-09
0.0229549 0.197945 -11.3342 -8.91673e-10
0.0229829 0.197214 -10.7583 -9.69347e-10
0.0230421 0.196617 -10.3523 -1.04859e-09
0.0231207 0.196096 -10.4621 -9.21887e-10
0.0232422 0.195502 -10.5265 -7.25647e-10
0.0233834 0.194959 -10.6099 -5.88984e-10
0.0234994 0.194582 -10.5809 -5.67861e-10
0.0236219 0.194228 -10.6141 -5.06127e-10
0.0237348 0.193932 -10.5935 -5.15584e-10
0.0238738 0.193598 -10.6202 -4.75323e-10
0.0240616 0.193191 -10.6513 -4.39208e-10
0.0243297 0.192675 -10.7067 -3.88502e-10
0.0247067 0.192044 -10.7652 -3.59153e-10
0.0251198 0.191447 -10.8195 -3.19784e-10
0.0254537 0.191019 -10.8552 -3.00231e-10
0.0257598 0.190662 -10.8769 -2.88654e-10
0.026075 0.190325 -10.914 -2.65838e-10
0.0264799 0.18993 -10.9555 -2.17463e-10
0.0269498 0.189519 -10.9859 -2.234e-10
0.0273315 0.189217 -11.0413 -1.67729e-10
0.0276118 0.189013 -11.0383 -1.99679e-10
0.0278964 0.188819 -11.0802 -1.88503e-10
0.0281296 0.188669 -11.1327 -1.36865e-10
0.0283679 0.188524 -11.1116 -1.51857e-10
0.0286016 0.18839 -11.1346 -1.45091e-10
0.0288057 0.18828 -11.1755 -1.1977e-10
0.0290743 0.188142 -11.1881 -1.18878e-10
0.0293159 0.188026 -11.2485 -8.24316e-11
0.0295912 0.187903 -11.266 -6.24098e-11
0.0298367 0.1878 -11.301 -5.03537e-11
0.0300613 0.187712 -11.3059 -5.12147e-11
0.0303451 0.187609 -11.3569 -4.27208e-11
0.0305917 0.187527 -11.3979 -7.74808e-12
0.0309134 0.187429 -11.4491 -4.51815e-13
0.0311934 0.187352 -11.5035 -3.14081e-12
0.0314742 0.187283 -11.5693 2.79644e-11
0.0317031 0.187233 -11.6035 1.72421e-11
0.0319462 0.187185 -11.6695 4.36526e-11
0.032174 0.187145 -11.8484 8.11895e-11
0.0323996 0.18711 -11.9294 -7.6358e-11
0.0326377 0.187079 -11.6814 1.5667e-10
0.032908 0.18705 -11.9335 3.03804e-11
0.0331895 0.187027 -12.111 1.38539e-10
0.0335499 0.187007 -12.2394 1.29383e-10
0.0339508 0.187 -12.3697 8.77045e-11
0.0343984 0.187009 -12.5646 1.38184e-11
0.0349152 0.187042 -12.7623 1.46299e-10
0.0355563 0.187117 -12.965 2.23769e-10
0.0361496 0.187221 -13.2355 4.41673e-11
0.0366178 0.187327 -13.3049 3.57515e-10
0.0369357 0.187412 -12.9757 3.40119e-10
0.0372389 0.187502 -13.2667 1.74757e-10
0.0375558 0.187606 -13.3308 1.86151e-10
0.0377982 0.187693 -13.3189 1.44929e-10
0.0380595 0.187795 -13.3277 1.44477e-10
0.0384102 0.187943 -13.2877 1.75728e-10
0.0387282 0.18809 -13.3471 1.38306e-10
0.0390588 0.188256 -13.2973 2.37916e-10
0.0393456 0.188412 -13.2353 2.27896e-10
0.0395492 0.188529 -13.2815 2.17122e-10
0.0397545 0.188653 -13.2747 2.42107e-10
0.0399752 0.188794 -13.2471 2.35965e-10
0.0402105 0.188952 -13.284 2.20721e-10
0.0404428 0.189117 -13.2825 2.45519e-10
0.0406597 0.18928 -13.279 2.45929e-10
0.0408693 0.189445 -13.2759 2.65285e-10
0.0410735 0.189614 -13.2608 2.72351e-10
0.0413053 0.189816 -13.2748 2.75693e-10
0.0415915 0.190083 -13.2634 3.09418e-10
0.0419324 0.190427 -13.2261 3.20493e-10
0.0422133 0.190734 -13.2767 2.77462e-10
0.0424702 0.191037 -13.2594 3.36186e-10
0.042726 0.191362 -13.243 3.47156e-10
0.0429137 0.191617 -13.2319 3.80553e-10
0.0430621 0.191831 -13.1951 4.27302e-10
0.0431873 0.19202 -13.1495 4.25159e-10
0.0433095 0.192213 -13.2503 3.74807e-10
0.0434295 0.192412 -13.2115 4.22356e-10
0.0435437 0.19261 -13.1931 4.29905e-10
0.0436534 0.19281 -13.1975 4.4697e-10
0.0437679 0.19303 -13.2103 4.52314e-10
0.0438938 0.193287 -13.1955 4.821e-10
0.0440526 0.193637 -13.1633 5.28515e-10
0.0441998 0.193995 -13.177 5.55605e-10
0.0443125 0.194296 -13.1489 6.13492e-10
0.044407 0.194572 -13.1067 6.72707e-10
0.0444989 0.194866 -13.2105 6.4534e-10
0.0445808 0.195156 -13.1236 7.30607e-10
0.0446534 0.195443 -13.1483 7.77164e-10
0.0447354 0.195814 -13.1731 8.63437e-10
0.044832 0.196361 -13.0361 1.13828e-09
0.0449229 0.197163 -12.8583 1.50769e-09
