x y fp fmu
0.0407421 0.198 -18.1164 2.96676e-09
0.0407107 0.198831 -17.3468 2.6964e-10
0.0406073 0.199717 -16.581 4.68998e-10
0.0404523 0.200508 -15.2203 6.02609e-10
0.0403051 0.20107 -14.2437 8.79078e-10
0.0401832 0.201462 -13.6212 7.31084e-10
0.0400714 0.201782 -12.8519 1.13885e-09
0.0399462 0.202108 -11.55 9.16348e-10
0.0398031 0.202447 -12.4897 6.78521e-10
0.0396448 0.202789 -10.6579 2.08201e-10
0.0394665 0.203142 -10.0704 5.66462e-10
0.0392318 0.203563 -8.75187 5.4469e-10
0.0388705 0.204138 -7.08532 5.21561e-10
0.0384638 0.204703 -5.35007 4.36385e-10
0.0380974 0.205155 -3.87853 2.27651e-10
0.0376695 0.205626 -2.01632 2.40483e-10
0.0373213 0.205972 -0.644536 2.88937e-10
0.0370294 0.20624 0.144951 5.59589e-11
0.0368113 0.206428 1.13323 5.2005e-10
0.0366097 0.206593 2.03312 -1.5662e-10
0.0364066 0.206751 2.43617 2.25329e-11
0.0361937 0.206909 3.40406 1.82902e-11
0.0359673 0.207069 3.93806 -3.6781e-11
0.0357402 0.207221 4.59806 3.20522e-10
0.0355211 0.20736 5.14708 5.44105e-12
0.0353171 0.207483 6.10722 -1.25623e-11
0.0350549 0.207632 7.03989 1.30343e-10
0.0348169 0.207759 7.29158 6.04188e-10
0.0344905 0.207922 9.59663 1.1691e-09
0.0341384 0.208083 9.13698 -2.40983e-09
0.0338039 0.208223 9.34633 -5.36771e-10
0.0335404 0.208323 10.6688 -3.18648e-11
0.0332555 0.208424 11.3758 -1.46355e-10
0.0329711 0.208515 11.9753 2.68822e-10
0.032657 0.208607 12.6297 1.19074e-10
0.0323766 0.20868 13.789 -8.34133e-12
0.0321287 0.208738 13.0802 -1.30455e-10
0.0318889 0.208788 13.4443 2.4428e-10
0.0316588 0.208832 14.5628 4.75576e-13
0.0314409 0.208868 14.9097 2.2236e-10
0.0312188 0.2089 15.3689 1.19114e-10
0.0309756 0.208931 15.2812 -1.82594e-11
0.0306897 0.208959 15.7425 3.48847e-10
0.0303428 0.208984 16.4371 3.46628e-11
0.0298758 0.208999 16.8835 1.58374e-10
0.0293813 0.208994 17.3435 1.74797e-10
0.0289145 0.208969 17.8133 1.56017e-10
0.0284499 0.208924 17.9691 3.19268e-10
0.0279995 0.208861 18.0531 3.70323e-10
0.02755 0.208779 18.6387 6.91154e-11
0.0270884 0.208675 18.3898 4.65296e-10
0.0267735 0.208592 18.301 4.09954e-10
0.0264737 0.208503 18.3036 3.74694e-10
0.0261908 0.208411 18.2888 4.85068e-10
0.0259433 0.208323 18.1492 6.17537e-10
0.0257122 0.208235 17.7288 4.05853e-10
0.0254964 0.208148 17.8579 4.10667e-10
0.0252238 0.208029 17.8072 4.62819e-10
0.0248618 0.207858 17.4356 4.29989e-10
0.0245352 0.20769 17.1581 5.47914e-10
0.024215 0.207511 16.6544 5.75321e-10
0.023977 0.207368 16.1952 5.66804e-10
0.023765 0.207234 15.9044 4.08098e-10
0.0235263 0.207075 15.5367 6.6154e-10
0.023202 0.206845 15.0384 5.23209e-10
0.0227389 0.206483 14.0823 7.25369e-10
0.0221437 0.205954 12.5369 8.72401e-10
0.021526 0.205314 10.7138 5.94484e-10
0.0209771 0.204646 8.60752 1.19367e-10
0.020523 0.204001 6.66019 2.58022e-10
0.0201242 0.203338 4.73002 1.52591e-10
0.0198488 0.202809 3.16886 -5.88196e-12
0.0196596 0.202398 1.70752 -8.16818e-11
0.019519 0.20206 0.853409 1.47275e-10
0.0194049 0.20176 -0.113304 -3.66635e-10
0.019304 0.201471 -1.69253 2.22992e-10
0.0192144 0.201189 -2.57295 -8.4678e-10
0.0191235 0.200871 -1.50039 2.23074e-10
0.0190279 0.200491 -4.16761 -5.60147e-10
0.0189379 0.200066 -5.69022 -1.54651e-10
0.0188387 0.199454 -7.25192 -1.20995e-09
0.0187651 0.19871 -8.10343 -2.22396e-09
0.0187423 0.197945 -11.751 -2.38021e-10
0.0187702 0.197214 -11.3777 -2.89483e-09
0.0188295 0.196617 -12.444 -3.36077e-09
0.0189081 0.196096 -13.6971 -2.59631e-09
0.0190296 0.195502 -14.1401 -2.18387e-09
0.0191707 0.194959 -13.8712 -2.45675e-09
0.0192868 0.194582 -13.3696 -2.46654e-09
0.0194092 0.194228 -12.8677 -2.34815e-09
0.0195222 0.193932 -12.2348 -2.23541e-09
0.0196612 0.193598 -11.539 -1.9277e-09
0.019849 0.193191 -10.6601 -1.53929e-09
0.0201171 0.192675 -9.50487 -1.13796e-09
0.020494 0.192044 -8.11907 -9.25721e-10
0.0209072 0.191447 -7.58402 -5.69623e-10
0.0212411 0.191019 -7.45188 -4.12533e-10
0.0215472 0.190662 -7.43583 -3.70416e-10
0.0218623 0.190325 -7.5483 -3.04646e-10
0.0222673 0.18993 -7.78996 -2.63661e-10
0.0227372 0.189519 -7.99235 -2.21239e-10
0.0231189 0.189217 -8.24543 -1.97239e-10
0.0233992 0.189013 -8.40157 -2.11298e-10
0.0236838 0.188819 -8.59227 -1.84666e-10
0.023917 0.188669 -8.78439 -1.52029e-10
0.0241552 0.188524 -8.90004 -1.80952e-10
0.024389 0.18839 -9.06158 -1.8703e-10
0.0245931 0.18828 -9.22382 -1.61128e-10
0.0248617 0.188142 -9.4003 -1.76387e-10
0.0251032 0.188026 -9.6071 -1.30933e-10
0.0253785 0.187903 -9.78101 -1.29784e-10
0.0256241 0.1878 -9.95927 -1.18896e-10
0.0258487 0.187712 -10.0502 -1.45597e-10
0.0261324 0.187609 -10.2497 -1.7872e-10
0.0263791 0.187527 -10.4902 -6.41537e-11
0.0267008 0.187429 -10.6117 -2.31392e-10
0.0269808 0.187352 -10.7377 -1.45446e-10
0.0272616 0.187283 -10.8917 -2.08711e-10
0.0274905 0.187233 -11.0601 -1.08977e-10
0.0277336 0.187185 -11.0597 -1.69129e-10
0.0279614 0.187145 -10.6698 -4.24756e-10
0.0281869 0.18711 -10.7899 2.0385e-10
0.0284251 0.187079 -12.1233 -3.89127e-10
0.0286954 0.18705 -11.5874 -6.10429e-11
0.0289769 0.187027 -11.4158 -2.81504e-10
0.0293373 0.187007 -11.4649 -1.58501e-10
0.0297382 0.187 -11.6395 -2.58471e-12
0.0301858 0.187009 -11.8077 4.97715e-11
0.0307026 0.187042 -12.1116 -1.16873e-10
0.0313437 0.187117 -12.6813 6.58209e-11
0.031937 0.187221 -13.4539 1.51935e-10
0.0324052 0.187327 -13.9684 3.75145e-10
0.0327231 0.187412 -13.9917 5.21176e-10
0.0330263 0.187502 -14.9103 3.66542e-10
0.0333432 0.187606 -15.559 4.29191e-10
0.0335855 0.187693 -15.9861 2.54364e-10
0.0338469 0.187795 -16.3989 3.23708e-10
0.0341975 0.187943 -16.9426 3.80352e-10
0.0345156 0.18809 -17.8461 4.54402e-10
0.0348462 0.188256 -17.6327 4.04742e-10
0.035133 0.188412 -18.1629 6.53657e-10
0.0353366 0.188529 -18.6192 4.87368e-10
0.0355419 0.188653 -18.7185 5.03266e-10
0.0357625 0.188794 -18.9165 6.20138e-10
0.0359978 0.188952 -19.2376 4.2593e-10
0.0362301 0.189117 -19.3146 4.19169e-10
0.036447 0.18928 -19.3893 4.69e-10
0.0366567 0.189445 -19.4419 4.25166e-10
0.0368609 0.189614 -19.4057 4.49643e-10
0.0370927 0.189816 -19.4129 3.46467e-10
0.0373789 0.190083 -19.3392 3.80792e-10
0.0377197 0.190427 -19.1025 2.81248e-10
0.0380007 0.190734 -18.9862 1.58467e-10
0.0382576 0.191037 -18.9322 2.44387e-10
0.0385134 0.191362 -18.8056 2.04196e-10
0.0387011 0.191617 -18.7934 2.28747e-10
0.0388495 0.191831 -18.7545 2.54521e-10
0.0389747 0.19202 -18.6928 2.46788e-10
0.0390969 0.192213 -18.7437 2.22687e-10
0.0392169 0.192412 -18.8202 3.2322e-10
0.0393311 0.19261 -18.8153 2.83174e-10
0.0394408 0.19281 -18.8603 3.32397e-10
0.0395553 0.19303 -18.928 3.49924e-10
0.0396812 0.193287 -18.9784 3.95084e-10
0.03984 0.193637 -19.0288 4.66981e-10
0.0399871 0.193995 -19.1056 5.10548e-10
0.0400998 0.194296 -19.1078 5.7814e-10
0.0401943 0.194572 -19.0448 6.28909e-10
0.0402863 0.194866 -19.1122 5.58068e-10
0.0403682 0.195156 -19.0152 6.24624e-10
0.0404408 0.195443 -18.8744 6.11891e-10
0.0405228 0.195814 -18.8158 5.49256e-10
0.0406194 0.196361 -18.4408 6.28759e-10
0.0407103 0.197163 -18.1669 5.94323e-11
