x y fp fmu
0.039857 0.198 -20.2694 9.37641e-09
0.0398255 0.198831 -18.7551 7.28268e-10
0.0397221 0.199717 -17.5559 5.68414e-10
0.0395671 0.200508 -15.3838 5.03442e-10
0.0394199 0.20107 -13.7683 1.2308e-09
0.039298 0.201462 -12.8936 8.18023e-10
0.0391863 0.201782 -11.7544 1.6531e-09
0.039061 0.202108 -9.46253 1.10474e-09
0.0389179 0.202447 -11.8491 8.02354e-10
0.0387596 0.202789 -8.85325 -3.11861e-10
0.0385813 0.203142 -8.15698 4.37585e-10
0.0383466 0.203563 -6.48178 3.32563e-10
0.0379853 0.204138 -4.40131 2.94275e-10
0.0375786 0.204703 -2.40083 1.18939e-10
0.0372122 0.205155 -0.813189 -1.50148e-10
0.0367843 0.205626 1.21486 -1.10989e-10
0.0364361 0.205972 2.61336 -4.26402e-11
0.0361442 0.20624 3.40672 -2.52352e-10
0.0359261 0.206428 4.39729 2.462e-10
0.0357245 0.206593 5.35891 -5.02972e-10
0.0355214 0.206751 5.73173 -2.75292e-10
0.0353085 0.206909 6.70825 -2.8895e-10
0.0350822 0.207069 7.24029 -2.96118e-10
0.0348551 0.207221 7.83212 4.94541e-11
0.0346359 0.20736 8.32704 -2.56136e-10
0.0344319 0.207483 9.25911 -2.94763e-10
0.0341697 0.207632 10.1588 -1.30564e-10
0.0339318 0.207759 10.3675 3.917e-10
0.0336053 0.207922 12.3651 8.18755e-10
0.0332532 0.208083 12.0727 -2.20893e-09
0.0329187 0.208223 12.1358 -7.20709e-10
0.0326552 0.208323 13.2883 -2.13908e-10
0.0323703 0.208424 13.8881 -3.55484e-10
0.0320859 0.208515 14.4028 2.14929e-11
0.0317718 0.208607 14.9099 -9.36976e-11
0.0314914 0.20868 15.8844 -2.17779e-10
0.0312435 0.208738 15.4087 -1.56495e-10
0.0310037 0.208788 15.5369 6.5768e-11
0.0307737 0.208832 16.3938 -2.09612e-10
0.0305557 0.208868 16.6882 4.11237e-12
0.0303336 0.2089 17.0638 -5.74861e-11
0.0300904 0.208931 16.9699 -1.22615e-10
0.0298045 0.208959 17.2099 8.91398e-11
0.0294576 0.208984 17.7296 -1.86292e-10
0.0289906 0.208999 18.0083 -2.33338e-11
0.0284961 0.208994 18.2345 -6.26528e-12
0.0280293 0.208969 18.489 3.17177e-11
0.0275648 0.208924 18.5223 1.76876e-10
0.0271144 0.208861 18.2403 9.40823e-11
0.0266649 0.208779 18.751 -2.36101e-10
0.0262033 0.208675 18.4302 2.94776e-10
0.0258883 0.208592 18.15 2.33724e-10
0.0255885 0.208503 18.0272 1.09232e-10
0.0253056 0.208411 17.9151 3.26905e-10
0.0250581 0.208323 17.7191 3.80108e-10
0.0248271 0.208235 17.2169 1.15843e-10
0.0246112 0.208148 17.1814 2.37964e-10
0.0243386 0.208029 17.0854 2.4328e-10
0.0239766 0.207858 16.5963 1.93828e-10
0.02365 0.20769 16.2316 2.88634e-10
0.0233298 0.207511 15.6799 2.72072e-10
0.0230918 0.207368 15.1615 2.81293e-10
0.0228798 0.207234 14.8062 8.4483e-11
0.0226411 0.207075 14.3755 3.90923e-10
0.0223168 0.206845 13.7954 2.56847e-10
0.0218537 0.206483 12.7806 4.54117e-10
0.0212585 0.205954 11.1559 6.11546e-10
0.0206408 0.205314 9.29366 3.1197e-10
0.0200919 0.204646 7.27895 -2.18242e-10
0.0196379 0.204001 5.3903 2.51773e-11
0.019239 0.203338 3.59574 -7.85341e-11
0.0189637 0.202809 2.23471 -2.69504e-10
0.0187744 0.202398 0.989458 -3.02187e-10
0.0186338 0.20206 0.289004 -1.18515e-10
0.0185197 0.20176 -0.462665 -5.67975e-10
0.0184188 0.201471 -1.76341 1.78943e-12
0.0183293 0.201189 -2.60308 -8.14727e-10
0.0182383 0.200871 -1.76777 1.31333e-11
0.0181427 0.200491 -3.67522 -6.69063e-10
0.0180527 0.200066 -4.81165 -3.58202e-10
0.0179535 0.199454 -5.99654 -1.07906e-09
0.0178799 0.19871 -6.57514 -1.65297e-09
0.0178571 0.197945 -8.56702 -5.27332e-10
0.0178851 0.197214 -8.41796 -1.88421e-09
0.0179443 0.196617 -8.50513 -2.17361e-09
0.0180229 0.196096 -8.33785 -1.86855e-09
0.0181444 0.195502 -7.37159 -1.52868e-09
0.0182856 0.194959 -6.29597 -1.11139e-09
0.0184016 0.194582 -5.4837 -8.56344e-10
0.0185241 0.194228 -4.75938 -4.92212e-10
0.018637 0.193932 -4.21071 -4.58661e-10
0.018776 0.193598 -3.74866 -2.21911e-10
0.0189638 0.193191 -3.48408 -1.79918e-10
0.0192319 0.192675 -3.4203 -1.21464e-10
0.0196089 0.192044 -3.6058 -1.1635e-10
0.020022 0.191447 -3.92647 -8.69497e-11
0.0203559 0.191019 -4.21287 -7.72124e-11
0.020662 0.190662 -4.48016 -6.29259e-11
0.0209772 0.190325 -4.76896 -6.44818e-11
0.0213821 0.18993 -5.17655 -3.29008e-11
0.021852 0.189519 -5.65897 -6.10242e-11
0.0222337 0.189217 -6.0339 -3.56956e-11
0.022514 0.189013 -6.29941 -4.47668e-11
0.0227986 0.188819 -6.56481 -9.32578e-11
0.0230318 0.188669 -6.75798 -6.88568e-11
0.0232701 0.188524 -6.95151 -7.45304e-11
0.0235038 0.18839 -7.14643 -6.82215e-11
0.0237079 0.18828 -7.32056 -4.61289e-11
0.0239765 0.188142 -7.5364 -3.86898e-11
0.0242181 0.188026 -7.76499 2.97178e-12
0.0244934 0.187903 -8.01553 2.20738e-11
0.0247389 0.1878 -8.26579 4.47703e-11
0.0249635 0.187712 -8.4897 5.08046e-11
0.0252473 0.187609 -8.79317 7.93133e-11
0.0254939 0.187527 -9.08412 1.12417e-10
0.0258156 0.187429 -9.51736 1.69854e-10
0.0260956 0.187352 -9.8899 1.6111e-10
0.0263764 0.187283 -10.3113 2.26215e-10
0.0266053 0.187233 -10.6302 1.89944e-10
0.0268484 0.187185 -11.0376 2.20171e-10
0.0270762 0.187145 -11.664 3.5021e-10
0.0273018 0.18711 -12.0986 8.83978e-11
0.0275399 0.187079 -11.7735 4.82266e-10
0.0278102 0.18705 -12.6173 2.41191e-10
0.0280917 0.187027 -13.3378 4.15916e-10
0.0284521 0.187007 -14.0218 3.28197e-10
0.028853 0.187 -14.7335 2.41419e-10
0.0293006 0.187009 -15.6205 1.03869e-10
0.0298174 0.187042 -16.5814 3.64746e-10
0.0304585 0.187117 -17.6114 5.14816e-10
0.0310518 0.187221 -18.7563 1.31424e-10
0.03152 0.187327 -19.3749 7.73979e-10
0.0318379 0.187412 -18.8225 7.41994e-10
0.0321411 0.187502 -19.7791 4.5699e-10
0.032458 0.187606 -20.2176 4.62611e-10
0.0327004 0.187693 -20.4006 2.61493e-10
0.0329617 0.187795 -20.5676 2.7443e-10
0.0333124 0.187943 -20.6708 3.1477e-10
0.0336304 0.18809 -21.022 2.62128e-10
0.033961 0.188256 -20.8589 3.20928e-10
0.0342478 0.188412 -20.7064 3.91674e-10
0.0344514 0.188529 -20.8124 3.36564e-10
0.0346567 0.188653 -20.7719 3.61024e-10
0.0348774 0.188794 -20.6094 2.65829e-10
0.0351127 0.188952 -20.5586 2.78318e-10
0.035345 0.189117 -20.5601 2.7633e-10
0.0355619 0.18928 -20.4955 2.61246e-10
0.0357715 0.189445 -20.491 3.13562e-10
0.0359757 0.189614 -20.4686 2.31033e-10
0.0362075 0.189816 -20.5106 3.09271e-10
0.0364937 0.190083 -20.591 3.75949e-10
0.0368346 0.190427 -20.6445 3.58369e-10
0.0371155 0.190734 -20.8414 3.66649e-10
0.0373724 0.191037 -20.9928 4.73797e-10
0.0376282 0.191362 -21.0977 4.91684e-10
0.037816 0.191617 -21.1796 5.67633e-10
0.0379643 0.191831 -21.1556 6.82124e-10
0.0380895 0.19202 -21.0786 6.72654e-10
0.0382117 0.192213 -21.2242 5.54867e-10
0.0383317 0.192412 -21.2591 6.77754e-10
0.0384459 0.19261 -21.1114 5.81465e-10
0.0385556 0.19281 -21.0986 6.50879e-10
0.0386701 0.19303 -20.9911 5.55595e-10
0.038796 0.193287 -20.9689 5.88943e-10
0.0389548 0.193637 -20.7919 5.5594e-10
0.039102 0.193995 -20.7006 5.33483e-10
0.0392147 0.194296 -20.6824 6.04533e-10
0.0393092 0.194572 -20.6079 6.32293e-10
0.0394011 0.194866 -20.748 6.55956e-10
0.039483 0.195156 -20.7657 8.42981e-10
0.0395556 0.195443 -20.7486 9.11039e-10
0.0396376 0.195814 -20.93 9.21349e-10
0.0397342 0.196361 -20.602 1.25171e-09
0.0398251 0.197163 -20.7101 -1.23584e-10
