x y fp fmu
0.039825 0.198 -21.9951 2.53858e-08
0.0397935 0.198831 -20.6178 9.92467e-10
0.0396901 0.199717 -19.7438 2.24069e-10
0.0395351 0.200508 -16.3181 3.20326e-10
0.039388 0.20107 -14.4829 1.18577e-09
0.0392661 0.201462 -13.4809 7.21724e-10
0.0391543 0.201782 -12.2565 1.74357e-09
0.039029 0.202108 -9.43358 1.11204e-09
0.0388859 0.202447 -12.3614 5.43377e-10
0.0387276 0.202789 -8.72937 -6.55017e-10
0.0385493 0.203142 -7.98883 2.93835e-10
0.0383146 0.203563 -6.10584 1.08164e-10
0.0379533 0.204138 -3.81779 1.11792e-10
0.0375466 0.204703 -1.62642 -9.78254e-11
0.0371802 0.205155 0.0495681 -3.75802e-10
0.0367523 0.205626 2.12735 -3.46532e-10
0.0364042 0.205972 3.58024 -2.30135e-10
0.0361122 0.20624 4.35734 -4.24712e-10
0.0358941 0.206428 5.32969 7.93614e-11
0.0356925 0.206593 6.36593 -6.73632e-10
0.0354894 0.206751 6.71342 -4.27597e-10
0.0352765 0.206909 7.71985 -4.57588e-10
0.0350502 0.207069 8.26886 -4.45427e-10
0.0348231 0.207221 8.82696 -1.0515e-10
0.034604 0.20736 9.31605 -3.93657e-10
0.0343999 0.207483 10.2229 -4.52421e-10
0.0341377 0.207632 11.1369 -2.98344e-10
0.0338998 0.207759 11.3358 2.52607e-10
0.0335733 0.207922 13.2138 6.44402e-10
0.0332212 0.208083 12.9928 -2.28859e-09
0.0328867 0.208223 13.0059 -8.02863e-10
0.0326232 0.208323 14.0777 -3.21621e-10
0.0323384 0.208424 14.6276 -4.75807e-10
0.0320539 0.208515 15.1034 -1.10706e-10
0.0317398 0.208607 15.5179 -2.22539e-10
0.0314594 0.20868 16.4168 -3.54038e-10
0.0312115 0.208738 16.0352 -1.83769e-10
0.0309717 0.208788 16.0408 -1.90887e-11
0.0307417 0.208832 16.7873 -3.41726e-10
0.0305237 0.208868 17.0666 -1.36126e-10
0.0303016 0.2089 17.3904 -1.77493e-10
0.0300584 0.208931 17.2981 -1.75734e-10
0.0297725 0.208959 17.3932 -4.94181e-11
0.0294257 0.208984 17.8478 -3.28076e-10
0.0289586 0.208999 18.0345 -1.0432e-10
0.0284641 0.208994 18.1174 -8.86251e-11
0.0279973 0.208969 18.2438 -3.12971e-11
0.0275328 0.208924 18.1728 1.09901e-10
0.0270824 0.208861 17.6446 -4.37129e-11
0.0266329 0.208779 18.1303 -4.05816e-10
0.0261713 0.208675 17.7198 2.26817e-10
0.0258563 0.208592 17.3105 1.63741e-10
0.0255565 0.208503 17.1071 -7.69275e-12
0.0252736 0.208411 16.9232 2.65442e-10
0.0250261 0.208323 16.6771 2.94964e-10
0.0247951 0.208235 16.0997 -9.54525e-12
0.0245792 0.208148 15.9738 1.63558e-10
0.0243066 0.208029 15.8264 1.37264e-10
0.0239446 0.207858 15.2344 7.52654e-11
0.023618 0.20769 14.7836 1.60676e-10
0.0232978 0.207511 14.1471 1.33658e-10
0.0230598 0.207368 13.5603 1.535e-10
0.0228478 0.207234 13.1513 -5.99574e-11
0.0226091 0.207075 12.6556 2.50839e-10
0.0222848 0.206845 11.9885 1.19874e-10
0.0218217 0.206483 10.8578 2.82462e-10
0.0212265 0.205954 9.1227 3.93828e-10
0.0206088 0.205314 7.16023 9.09852e-11
0.0200599 0.204646 5.11046 -3.51551e-10
0.0196059 0.204001 3.21029 -1.53103e-10
0.019207 0.203338 1.41292 -2.44362e-10
0.0189317 0.202809 0.0810076 -3.92533e-10
0.0187424 0.202398 -1.05521 -4.10273e-10
0.0186018 0.20206 -1.74662 -2.49855e-10
0.0184877 0.20176 -2.41725 -5.92983e-10
0.0183868 0.201471 -3.51756 -1.46609e-10
0.0182973 0.201189 -4.26103 -8.0697e-10
0.0182063 0.200871 -3.69485 -2.50477e-10
0.0181107 0.200491 -5.18587 -6.55849e-10
0.0180208 0.200066 -6.04242 -4.5592e-10
0.0179215 0.199454 -6.93858 -1.10328e-09
0.0178479 0.19871 -7.24898 -1.32842e-09
0.0178251 0.197945 -8.24703 -7.24528e-10
0.0178531 0.197214 -7.83352 -1.39508e-09
0.0179123 0.196617 -6.95619 -1.37062e-09
0.0179909 0.196096 -5.90828 -1.02145e-09
0.0181124 0.195502 -4.5934 -5.41539e-10
0.0182536 0.194959 -3.7813 -1.33619e-10
0.0183696 0.194582 -3.40418 -1.23178e-10
0.0184921 0.194228 -3.2259 1.88894e-12
0.018605 0.193932 -3.13932 -1.70025e-11
0.0187441 0.193598 -3.12291 2.8618e-11
0.0189318 0.193191 -3.20083 1.16949e-12
0.0192 0.192675 -3.43084 -2.441e-11
0.0195769 0.192044 -3.80109 -4.80931e-11
0.01999 0.191447 -4.20005 -4.16201e-11
0.0203239 0.191019 -4.52416 -2.28253e-11
0.02063 0.190662 -4.82886 -1.26818e-11
0.0209452 0.190325 -5.14971 -2.37911e-11
0.0213501 0.18993 -5.56975 8.77303e-12
0.02182 0.189519 -6.05627 -2.92979e-11
0.0222017 0.189217 -6.41439 4.31663e-12
0.022482 0.189013 -6.69251 3.03539e-11
0.0227666 0.188819 -6.957 -1.18975e-12
0.0229998 0.188669 -7.16457 1.93087e-11
0.0232381 0.188524 -7.4258 4.33195e-11
0.0234718 0.18839 -7.69414 6.51444e-11
0.023676 0.18828 -7.9093 9.25618e-11
0.0239445 0.188142 -8.27049 1.34897e-10
0.0241861 0.188026 -8.53632 1.38655e-10
0.0244614 0.187903 -8.96367 1.52993e-10
0.0247069 0.1878 -9.28298 1.67997e-10
0.0249315 0.187712 -9.72118 1.60941e-10
0.0252153 0.187609 -10.2843 2.45768e-10
0.0254619 0.187527 -10.5421 1.51809e-10
0.0257836 0.187429 -11.2328 4.04635e-10
0.0260636 0.187352 -11.8378 1.87579e-10
0.0263444 0.187283 -12.4013 2.87928e-10
0.0265733 0.187233 -12.7506 2.06054e-10
0.0268164 0.187185 -13.2589 2.4477e-10
0.0270442 0.187145 -14.1754 4.31403e-10
0.0272698 0.18711 -14.7502 2.22164e-11
0.027508 0.187079 -14.0194 6.35767e-10
0.0277782 0.18705 -15.0021 2.22438e-10
0.0280597 0.187027 -15.7877 4.391e-10
0.0284201 0.187007 -16.4435 2.91149e-10
0.028821 0.187 -17.0663 2.01163e-10
0.0292686 0.187009 -17.8336 5.12127e-11
0.0297855 0.187042 -18.6224 3.38783e-10
0.0304265 0.187117 -19.3943 4.56826e-10
0.0310198 0.187221 -20.3271 8.18467e-11
0.031488 0.187327 -20.8703 7.37669e-10
0.0318059 0.187412 -20.1528 6.79127e-10
0.0321091 0.187502 -20.9326 4.04245e-10
0.032426 0.187606 -21.2518 3.95511e-10
0.0326684 0.187693 -21.3245 2.4072e-10
0.0329297 0.187795 -21.4086 2.34617e-10
0.0332804 0.187943 -21.3746 2.80182e-10
0.0335984 0.18809 -21.5317 1.94447e-10
0.033929 0.188256 -21.5019 2.9464e-10
0.0342158 0.188412 -21.2514 3.08175e-10
0.0344194 0.188529 -21.3346 3.30526e-10
0.0346247 0.188653 -21.3648 3.79699e-10
0.0348454 0.188794 -21.2976 3.04966e-10
0.0350807 0.188952 -21.3765 3.70553e-10
0.035313 0.189117 -21.5051 4.18532e-10
0.0355299 0.18928 -21.5703 4.14461e-10
0.0357395 0.189445 -21.6703 4.76863e-10
0.0359437 0.189614 -21.731 4.27017e-10
0.0361755 0.189816 -21.8723 4.78431e-10
0.0364617 0.190083 -22.0012 5.49043e-10
0.0368026 0.190427 -22.0446 5.49709e-10
0.0370835 0.190734 -22.2449 5.03593e-10
0.0373404 0.191037 -22.3296 6.17164e-10
0.0375962 0.191362 -22.3025 6.29988e-10
0.037784 0.191617 -22.326 6.47679e-10
0.0379323 0.191831 -22.2345 7.58846e-10
0.0380575 0.19202 -22.0759 6.77001e-10
0.0381797 0.192213 -22.1341 5.31428e-10
0.0382997 0.192412 -22.3107 7.34399e-10
0.0384139 0.19261 -22.1918 5.71685e-10
0.0385236 0.19281 -22.2666 6.99512e-10
0.0386381 0.19303 -22.3595 6.76223e-10
0.038764 0.193287 -22.5215 7.77084e-10
0.0389228 0.193637 -22.6901 9.17363e-10
0.03907 0.193995 -22.9733 1.06206e-09
0.0391827 0.194296 -23.1113 1.27617e-09
0.0392772 0.194572 -23.1433 1.43411e-09
0.0393691 0.194866 -23.4608 1.3579e-09
0.039451 0.195156 -23.3979 1.51457e-09
0.0395236 0.195443 -23.2115 1.58943e-09
0.0396056 0.195814 -23.3978 1.48209e-09
0.0397022 0.196361 -22.7372 1.81656e-09
0.0397931 0.197163 -22.8477 -1.06971e-09
