x y fp fmu
0.0400403 0.198 -22.8496 3.18076e-08
0.0400089 0.198831 -20.6126 4.8132e-10
0.0399055 0.199717 -19.2912 -5.91689e-10
0.0397505 0.200508 -15.2325 -4.93696e-12
0.0396033 0.20107 -13.1049 7.96004e-10
0.0394814 0.201462 -11.9576 2.67011e-10
0.0393696 0.201782 -10.6356 1.29958e-09
0.0392444 0.202108 -7.68244 7.02499e-10
0.0391013 0.202447 -10.4675 1.26503e-10
0.038943 0.202789 -6.79526 -1.04504e-09
0.0387647 0.203142 -6.01016 -9.02315e-11
0.03853 0.203563 -4.04626 -2.44932e-10
0.0381687 0.204138 -1.68176 -2.64858e-10
0.037762 0.204703 0.572429 -4.42277e-10
0.0373956 0.205155 2.28027 -7.06873e-10
0.0369677 0.205626 4.34706 -6.44227e-10
0.0366195 0.205972 5.79551 -5.03841e-10
0.0363276 0.20624 6.54387 -6.815e-10
0.0361095 0.206428 7.44371 -2.01454e-10
0.0359079 0.206593 8.47052 -9.21479e-10
0.0357048 0.206751 8.82614 -6.60799e-10
0.0354919 0.206909 9.81417 -6.57391e-10
0.0352655 0.207069 10.3193 -6.75794e-10
0.0350384 0.207221 10.8441 -3.41722e-10
0.0348193 0.20736 11.3052 -5.68609e-10
0.0346153 0.207483 12.1731 -6.50994e-10
0.0343531 0.207632 13.0336 -5.20201e-10
0.0341151 0.207759 13.1642 5.25994e-11
0.0337887 0.207922 14.8417 3.86091e-10
0.0334366 0.208083 14.6984 -2.3454e-09
0.0331021 0.208223 14.5907 -8.69242e-10
0.0328386 0.208323 15.5801 -4.30823e-10
0.0325537 0.208424 16.039 -5.86032e-10
0.0322693 0.208515 16.47 -2.52252e-10
0.0319552 0.208607 16.7663 -3.51961e-10
0.0316748 0.20868 17.5701 -4.84233e-10
0.0314269 0.208738 17.2686 -2.49444e-10
0.031187 0.208788 17.1121 -9.37528e-11
0.030957 0.208832 17.7101 -4.54613e-10
0.0307391 0.208868 17.9835 -2.65967e-10
0.030517 0.2089 18.2518 -2.848e-10
0.0302738 0.208931 18.147 -2.29793e-10
0.0299879 0.208959 18.0916 -1.80934e-10
0.029641 0.208984 18.4503 -4.46346e-10
0.029174 0.208999 18.5296 -1.82966e-10
0.0286795 0.208994 18.4585 -1.60387e-10
0.0282127 0.208969 18.4476 -8.14032e-11
0.0277481 0.208924 18.2711 5.69357e-11
0.0272977 0.208861 17.5063 -1.67149e-10
0.0268482 0.208779 17.9581 -5.56513e-10
0.0263866 0.208675 17.448 1.62896e-10
0.0260717 0.208592 16.9118 1.06357e-10
0.0257719 0.208503 16.6402 -9.89612e-11
0.025489 0.208411 16.3968 2.16251e-10
0.0252415 0.208323 16.1004 2.26662e-10
0.0250104 0.208235 15.4649 -9.74807e-11
0.0247946 0.208148 15.2697 1.18754e-10
0.024522 0.208029 15.0922 5.92529e-11
0.02416 0.207858 14.4102 -2.01404e-12
0.0238334 0.20769 13.8882 7.94378e-11
0.0235132 0.207511 13.1983 4.04112e-11
0.0232752 0.207368 12.5671 7.24471e-11
0.0230632 0.207234 12.1174 -1.50658e-10
0.0228244 0.207075 11.5771 1.60432e-10
0.0225002 0.206845 10.8568 3.25975e-11
0.0220371 0.206483 9.66613 1.65527e-10
0.0214419 0.205954 7.86111 2.71396e-10
0.0208242 0.205314 5.88705 -2.14554e-11
0.0202753 0.204646 3.85638 -4.32482e-10
0.0198212 0.204001 1.99824 -2.43276e-10
0.0194224 0.203338 0.258875 -3.26709e-10
0.019147 0.202809 -1.01094 -4.51342e-10
0.0189578 0.202398 -2.04215 -4.61937e-10
0.0188172 0.20206 -2.69187 -3.17376e-10
0.0187031 0.20176 -3.28192 -6.17879e-10
0.0186022 0.201471 -4.18675 -2.85848e-10
0.0185126 0.201189 -4.87918 -7.20936e-10
0.0184217 0.200871 -4.44991 -3.80651e-10
0.0183261 0.200491 -5.60202 -7.11483e-10
0.0182361 0.200066 -6.23742 -5.62138e-10
0.0181369 0.199454 -6.86597 -8.81006e-10
0.0180633 0.19871 -6.89694 -1.14571e-09
0.0180405 0.197945 -7.11866 -6.38589e-10
0.0180684 0.197214 -6.5934 -4.44912e-10
0.0181277 0.196617 -5.47254 -1.25128e-10
0.0182063 0.196096 -4.74082 1.37635e-11
0.0183278 0.195502 -4.41109 -6.43196e-11
0.0184689 0.194959 -4.32074 -1.54719e-11
0.018585 0.194582 -4.33348 6.72376e-12
0.0187074 0.194228 -4.39308 1.66831e-12
0.0188204 0.193932 -4.47059 -1.62553e-11
0.0189594 0.193598 -4.57713 -3.54485e-11
0.0191472 0.193191 -4.72195 -5.17851e-11
0.0194153 0.192675 -4.92713 -5.26092e-11
0.0197922 0.192044 -5.19522 -4.20076e-11
0.0202054 0.191447 -5.50547 8.08604e-12
0.0205392 0.191019 -5.78793 2.40167e-11
0.0208454 0.190662 -6.0686 1.96414e-11
0.0211605 0.190325 -6.36442 8.49241e-12
0.0215655 0.18993 -6.75203 3.50276e-11
0.0220354 0.189519 -7.23075 5.33201e-11
0.0224171 0.189217 -7.60527 8.00333e-11
0.0226973 0.189013 -7.94993 1.69038e-10
0.022982 0.188819 -8.30047 1.32628e-10
0.0232152 0.188669 -8.52858 1.09462e-10
0.0234534 0.188524 -8.91673 1.51523e-10
0.0236872 0.18839 -9.32757 1.81723e-10
0.0238913 0.18828 -9.57849 1.97621e-10
0.0241599 0.188142 -10.1211 2.64465e-10
0.0244014 0.188026 -10.3994 2.11346e-10
0.0246767 0.187903 -10.9812 2.01998e-10
0.0249223 0.1878 -11.3303 2.04478e-10
0.0251469 0.187712 -11.9101 1.71522e-10
0.0254306 0.187609 -12.6443 2.7691e-10
0.0256773 0.187527 -12.8493 1.12533e-10
0.025999 0.187429 -13.6034 4.52056e-10
0.026279 0.187352 -14.2737 1.28427e-10
0.0265598 0.187283 -14.8475 2.42322e-10
0.0267887 0.187233 -15.1572 1.50493e-10
0.0270318 0.187185 -15.6317 2.06001e-10
0.0272596 0.187145 -16.6083 4.06317e-10
0.0274851 0.18711 -17.2344 -1.25428e-10
0.0277233 0.187079 -16.2508 6.49301e-10
0.0279936 0.18705 -17.2096 1.83466e-10
0.0282751 0.187027 -17.985 4.2464e-10
0.0286355 0.187007 -18.5641 2.48587e-10
0.0290364 0.187 -19.064 1.37676e-10
0.029484 0.187009 -19.6797 8.60249e-12
0.0300008 0.187042 -20.2984 3.36571e-10
0.0306419 0.187117 -20.8551 4.15516e-10
0.0312352 0.187221 -21.5829 4.73098e-11
0.0317034 0.187327 -21.9974 6.91545e-10
0.0320213 0.187412 -21.1781 5.74507e-10
0.0323245 0.187502 -21.7568 3.5547e-10
0.0326414 0.187606 -21.9614 3.19959e-10
0.0328837 0.187693 -21.9424 2.26036e-10
0.0331451 0.187795 -21.9534 2.04948e-10
0.0334957 0.187943 -21.8268 2.57462e-10
0.0338138 0.18809 -21.8575 1.57614e-10
0.0341444 0.188256 -21.9847 3.73062e-10
0.0344312 0.188412 -21.739 3.46199e-10
0.0346348 0.188529 -21.8367 3.97918e-10
0.0348401 0.188653 -21.9179 4.68272e-10
0.0350607 0.188794 -21.8895 4.07279e-10
0.035296 0.188952 -22.0184 4.57783e-10
0.0355283 0.189117 -22.1469 5.0573e-10
0.0357452 0.18928 -22.1995 5.03838e-10
0.0359549 0.189445 -22.2889 5.5225e-10
0.0361591 0.189614 -22.3212 4.96468e-10
0.0363909 0.189816 -22.4279 5.37915e-10
0.0366771 0.190083 -22.5099 6.17185e-10
0.0370179 0.190427 -22.5105 6.24344e-10
0.0372989 0.190734 -22.715 5.6107e-10
0.0375558 0.191037 -22.8379 6.99682e-10
0.0378116 0.191362 -22.9606 7.20382e-10
0.0379993 0.191617 -23.1399 8.10825e-10
0.0381477 0.191831 -23.2202 9.1264e-10
0.0382729 0.19202 -23.3016 9.4518e-10
0.0383951 0.192213 -23.775 9.36485e-10
0.0385151 0.192412 -23.8758 1.06241e-09
0.0386293 0.19261 -24.0964 1.20817e-09
0.038739 0.19281 -24.3136 1.27991e-09
0.0388535 0.19303 -24.5871 1.40148e-09
0.0389794 0.193287 -24.8008 1.51942e-09
0.0391382 0.193637 -24.9174 1.67188e-09
0.0392853 0.193995 -25.0503 1.71314e-09
0.039398 0.194296 -25.0377 1.88822e-09
0.0394925 0.194572 -24.8319 2.02519e-09
0.0395845 0.194866 -25.0954 1.92555e-09
0.0396664 0.195156 -25.0923 2.28624e-09
0.0397389 0.195443 -24.7315 2.38095e-09
0.039821 0.195814 -25.0708 2.35479e-09
0.0399176 0.196361 -24.0389 3.15231e-09
0.0400085 0.197163 -23.8212 -2.75404e-09
