x y fp fmu
0.0411927 0.198 -21.1058 3.5486e-08
0.0411613 0.198831 -19.2452 -1.41222e-10
0.0410578 0.199717 -17.1616 -8.44714e-10
0.0409029 0.200508 -12.7843 -4.45382e-10
0.0407557 0.20107 -10.2747 2.7783e-10
0.0406338 0.201462 -8.87264 -2.07341e-10
0.040522 0.201782 -7.4621 7.60374e-10
0.0403967 0.202108 -4.34556 5.16041e-10
0.0402536 0.202447 -6.85701 -1.32014e-10
0.0400953 0.202789 -3.53553 -1.26362e-09
0.039917 0.203142 -2.54079 -3.92127e-10
0.0396823 0.203563 -0.618184 -5.65224e-10
0.0393211 0.204138 1.78256 -5.62374e-10
0.0389144 0.204703 4.01296 -6.68974e-10
0.038548 0.205155 5.66732 -9.16296e-10
0.0381201 0.205626 7.65155 -8.64147e-10
0.0377719 0.205972 9.0341 -7.22984e-10
0.03748 0.20624 9.62878 -9.07012e-10
0.0372619 0.206428 10.2722 -5.61252e-10
0.0370603 0.206593 11.3059 -1.19134e-09
0.0368572 0.206751 11.6064 -9.12901e-10
0.0366442 0.206909 12.4188 -9.2197e-10
0.0364179 0.207069 12.9216 -8.71603e-10
0.0361908 0.207221 13.3727 -6.10638e-10
0.0359717 0.20736 13.731 -7.97071e-10
0.0357677 0.207483 14.4055 -9.52797e-10
0.0355054 0.207632 15.3393 -7.39436e-10
0.0352675 0.207759 15.4033 -1.8893e-10
0.034941 0.207922 16.4989 -2.13692e-11
0.0345889 0.208083 16.8327 -1.81829e-09
0.0342544 0.208223 16.3171 -1.00337e-09
0.0339909 0.208323 17.0816 -6.38739e-10
0.0337061 0.208424 17.4383 -8.09441e-10
0.0334216 0.208515 17.8142 -5.14045e-10
0.0331075 0.208607 17.8815 -5.69346e-10
0.0328271 0.20868 18.5303 -6.93707e-10
0.0325793 0.208738 18.4734 -2.8551e-10
0.0323394 0.208788 17.9272 -2.47071e-10
0.0321094 0.208832 18.2272 -6.8034e-10
0.0318914 0.208868 18.5109 -4.78827e-10
0.0316693 0.2089 18.714 -4.51235e-10
0.0314262 0.208931 18.59 -2.86873e-10
0.0311402 0.208959 18.2216 -4.09773e-10
0.0307934 0.208984 18.4372 -6.60594e-10
0.0303264 0.208999 18.3261 -2.73278e-10
0.0298318 0.208994 17.9637 -2.55215e-10
0.0293651 0.208969 17.7001 -1.50349e-10
0.0289005 0.208924 17.3094 -1.16069e-11
0.0284501 0.208861 16.1169 -3.35935e-10
0.0280006 0.208779 16.5062 -7.65339e-10
0.027539 0.208675 15.7812 8.90737e-11
0.027224 0.208592 14.9888 3.89111e-11
0.0269242 0.208503 14.5662 -2.23298e-10
0.0266414 0.208411 14.1867 1.66386e-10
0.0263938 0.208323 13.7857 1.42092e-10
0.0261628 0.208235 13.0135 -2.19399e-10
0.0259469 0.208148 12.6637 7.37805e-11
0.0256743 0.208029 12.4392 -1.82746e-11
0.0253124 0.207858 11.6033 -8.55826e-11
0.0249857 0.20769 10.9578 -5.11021e-12
0.0246655 0.207511 10.1436 -5.53837e-11
0.0244276 0.207368 9.40216 -1.59711e-11
0.0242156 0.207234 8.87224 -2.4531e-10
0.0239768 0.207075 8.23185 6.23844e-11
0.0236525 0.206845 7.40867 -6.72679e-11
0.0231895 0.206483 6.06301 3.30058e-11
0.0225942 0.205954 4.11676 1.06153e-10
0.0219765 0.205314 2.07367 -1.43569e-10
0.0214277 0.204646 0.0728632 -4.947e-10
0.0209736 0.204001 -1.69674 -3.34799e-10
0.0205747 0.203338 -3.27591 -4.07134e-10
0.0202994 0.202809 -4.36677 -5.10405e-10
0.0201101 0.202398 -5.2266 -4.97589e-10
0.0199695 0.20206 -5.73459 -4.30807e-10
0.0198554 0.20176 -6.15991 -6.24928e-10
0.0197545 0.201471 -6.79537 -4.1685e-10
0.019665 0.201189 -7.29447 -6.20848e-10
0.019574 0.200871 -7.02546 -4.46762e-10
0.0194784 0.200491 -7.66345 -6.94547e-10
0.0193885 0.200066 -7.94389 -5.64338e-10
0.0192892 0.199454 -8.11407 -4.92958e-10
0.0192157 0.19871 -8.03951 -2.74278e-10
0.0191928 0.197945 -7.86128 -3.26176e-10
0.0192208 0.197214 -7.9748 -2.95708e-11
0.01928 0.196617 -8.06458 -1.21281e-10
0.0193587 0.196096 -8.24642 -1.67429e-10
0.0194801 0.195502 -8.46533 -1.68671e-10
0.0196213 0.194959 -8.64701 -1.80878e-10
0.0197374 0.194582 -8.7421 -1.73946e-10
0.0198598 0.194228 -8.82759 -1.58412e-10
0.0199727 0.193932 -8.8804 -1.58806e-10
0.0201118 0.193598 -8.94608 -1.48631e-10
0.0202996 0.193191 -9.02485 -1.36598e-10
0.0205677 0.192675 -9.1402 -1.13991e-10
0.0209446 0.192044 -9.30556 -1.01648e-10
0.0213578 0.191447 -9.49954 -5.9493e-11
0.0216916 0.191019 -9.67087 -3.82067e-11
0.0219978 0.190662 -9.84264 -1.82008e-11
0.0223129 0.190325 -10.0314 -1.1554e-11
0.0227179 0.18993 -10.32 2.88606e-11
0.0231877 0.189519 -10.7548 9.82976e-11
0.0235694 0.189217 -11.1164 1.15484e-10
0.0238497 0.189013 -11.4802 2.41461e-10
0.0241343 0.188819 -11.8934 1.71593e-10
0.0243675 0.188669 -12.0676 1.05287e-10
0.0246058 0.188524 -12.506 1.45476e-10
0.0248396 0.18839 -12.9916 1.77805e-10
0.0250437 0.18828 -13.2029 1.81917e-10
0.0253123 0.188142 -13.8064 2.59437e-10
0.0255538 0.188026 -14.0133 1.7479e-10
0.0258291 0.187903 -14.5997 1.29103e-10
0.0260746 0.1878 -14.8757 1.43932e-10
0.0262992 0.187712 -15.4451 8.55767e-11
0.026583 0.187609 -16.1744 1.96127e-10
0.0268297 0.187527 -16.249 1.01917e-11
0.0271514 0.187429 -16.887 3.74971e-10
0.0274313 0.187352 -17.4779 2.10101e-11
0.0277121 0.187283 -17.9452 1.41466e-10
0.0279411 0.187233 -18.1627 6.71514e-11
0.0281842 0.187185 -18.5161 1.37467e-10
0.028412 0.187145 -19.4778 3.08668e-10
0.0286375 0.18711 -19.9997 -3.53743e-10
0.0288757 0.187079 -18.6745 6.12323e-10
0.0291459 0.18705 -19.5375 6.9482e-11
0.0294274 0.187027 -20.1361 3.27472e-10
0.0297878 0.187007 -20.4839 1.4408e-10
0.0301887 0.187 -20.6832 4.1929e-11
0.0306364 0.187009 -20.9061 -7.92336e-11
0.0311532 0.187042 -21.0286 2.1397e-10
0.0317942 0.187117 -21.0405 2.28462e-10
0.0323876 0.187221 -21.1721 -6.79653e-11
0.0328557 0.187327 -21.1607 4.34378e-10
0.0331736 0.187412 -20.5716 2.95636e-10
0.0334768 0.187502 -20.6932 2.27832e-10
0.0337937 0.187606 -20.7501 2.17529e-10
0.0340361 0.187693 -20.7017 2.59362e-10
0.0342974 0.187795 -20.775 2.63465e-10
0.0346481 0.187943 -20.7919 3.691e-10
0.0349662 0.18809 -21.0391 3.26096e-10
0.0352967 0.188256 -21.1652 5.89454e-10
0.0355835 0.188412 -21.1602 5.8646e-10
0.0357871 0.188529 -21.4227 5.8227e-10
0.0359925 0.188653 -21.5483 6.54883e-10
0.0362131 0.188794 -21.6709 6.98355e-10
0.0364484 0.188952 -21.9984 6.44598e-10
0.0366807 0.189117 -22.2146 7.3382e-10
0.0368976 0.18928 -22.4448 7.49713e-10
0.0371072 0.189445 -22.6401 8.30989e-10
0.0373115 0.189614 -22.8272 9.73294e-10
0.0375432 0.189816 -23.1439 9.84466e-10
0.0378295 0.190083 -23.4186 1.10883e-09
0.0381703 0.190427 -23.7428 1.3282e-09
0.0384513 0.190734 -24.4397 1.22773e-09
0.0387081 0.191037 -24.7231 1.448e-09
0.0389639 0.191362 -25.096 1.64183e-09
0.0391517 0.191617 -25.3116 1.87342e-09
0.0393001 0.191831 -25.3276 2.18796e-09
0.0394252 0.19202 -25.3572 2.25391e-09
0.0395475 0.192213 -26.1666 2.11274e-09
0.0396675 0.192412 -26.0564 2.26972e-09
0.0397816 0.19261 -26.21 2.51966e-09
0.0398913 0.19281 -26.4139 2.66112e-09
0.0400059 0.19303 -26.6581 2.81428e-09
0.0401318 0.193287 -26.7675 3.21309e-09
0.0402905 0.193637 -26.5743 3.90038e-09
0.0404377 0.193995 -26.9867 3.85125e-09
0.0405504 0.194296 -27.6954 3.85231e-09
0.0406449 0.194572 -27.0173 3.64576e-09
0.0407368 0.194866 -27.6609 2.85856e-09
0.0408187 0.195156 -27.9863 3.7593e-09
0.0408913 0.195443 -27.1296 3.05496e-09
0.0409734 0.195814 -27.5521 2.39981e-09
0.04107 0.196361 -25.8602 2.42237e-09
0.0411608 0.197163 -23.5057 -3.21652e-09
