x y fp fmu
0.0420253 0.198 -19.3358 3.45629e-08
0.0419939 0.198831 -17.4889 -1.99597e-10
0.0418905 0.199717 -15.2571 -8.15366e-10
0.0417355 0.200508 -10.9025 -6.01269e-10
0.0415883 0.20107 -8.32513 1.33943e-10
0.0414664 0.201462 -6.87215 -3.51575e-10
0.0413546 0.201782 -5.4914 5.23023e-10
0.0412294 0.202108 -2.43788 4.10565e-10
0.0410863 0.202447 -4.7027 -3.67082e-10
0.040928 0.202789 -1.57669 -1.40458e-09
0.0407497 0.203142 -0.539834 -5.94045e-10
0.040515 0.203563 1.3298 -7.74382e-10
0.0401537 0.204138 3.71762 -7.60559e-10
0.039747 0.204703 5.91324 -8.51924e-10
0.0393806 0.205155 7.55254 -1.07592e-09
0.0389527 0.205626 9.4718 -1.01341e-09
0.0386045 0.205972 10.8346 -8.54035e-10
0.0383126 0.20624 11.434 -1.01214e-09
0.0380945 0.206428 11.9812 -6.91969e-10
0.0378929 0.206593 12.9972 -1.28817e-09
0.0376898 0.206751 13.2637 -1.01374e-09
0.0374769 0.206909 13.9926 -1.0183e-09
0.0372505 0.207069 14.4732 -9.51072e-10
0.0370234 0.207221 14.864 -6.87031e-10
0.0368043 0.20736 15.1854 -8.58804e-10
0.0366003 0.207483 15.7746 -1.04046e-09
0.0363381 0.207632 16.6899 -8.38026e-10
0.0361001 0.207759 16.7774 -2.94777e-10
0.0357737 0.207922 17.6161 -1.79982e-10
0.0354216 0.208083 18.144 -1.65481e-09
0.0350871 0.208223 17.5261 -9.83099e-10
0.0348236 0.208323 18.1572 -7.0467e-10
0.0345387 0.208424 18.4617 -8.81005e-10
0.0342543 0.208515 18.8231 -6.05407e-10
0.0339402 0.208607 18.8016 -6.45993e-10
0.0336598 0.20868 19.3502 -7.57067e-10
0.0334119 0.208738 19.4063 -2.90521e-10
0.0331721 0.208788 18.7345 -2.88922e-10
0.0329421 0.208832 18.8895 -7.42923e-10
0.0327241 0.208868 19.1587 -5.50455e-10
0.032502 0.2089 19.3187 -5.06953e-10
0.0322588 0.208931 19.2033 -2.98103e-10
0.0319729 0.208959 18.7098 -4.91572e-10
0.031626 0.208984 18.8488 -7.20766e-10
0.031159 0.208999 18.6573 -3.00742e-10
0.0306645 0.208994 18.1631 -2.94701e-10
0.0301977 0.208969 17.7848 -1.76744e-10
0.0297332 0.208924 17.3091 -4.67929e-11
0.0292828 0.208861 15.9433 -4.13798e-10
0.0288332 0.208779 16.2781 -8.27928e-10
0.0283717 0.208675 15.4753 4.05508e-11
0.0280567 0.208592 14.5708 1.90934e-12
0.0277569 0.208503 14.0756 -2.68928e-10
0.027474 0.208411 13.6343 1.38829e-10
0.0272265 0.208323 13.1951 1.12721e-10
0.0269954 0.208235 12.3745 -2.62176e-10
0.0267796 0.208148 11.9503 5.29639e-11
0.026507 0.208029 11.7008 -5.77996e-11
0.026145 0.207858 10.7956 -1.23677e-10
0.0258184 0.20769 10.1056 -4.2187e-11
0.0254982 0.207511 9.23521 -1.05138e-10
0.0252602 0.207368 8.43492 -6.11474e-11
0.0250482 0.207234 7.87857 -2.86107e-10
0.0248095 0.207075 7.20936 2.55259e-11
0.0244852 0.206845 6.34142 -1.02133e-10
0.0240221 0.206483 4.94981 -9.7523e-12
0.0234269 0.205954 2.95035 5.19877e-11
0.0228092 0.205314 0.840083 -1.95777e-10
0.0222603 0.204646 -1.17895 -5.63183e-10
0.0218062 0.204001 -2.93644 -3.62035e-10
0.0214074 0.203338 -4.46125 -4.28482e-10
0.021132 0.202809 -5.48821 -5.11774e-10
0.0209428 0.202398 -6.28484 -4.93529e-10
0.0208022 0.20206 -6.77704 -4.39393e-10
0.0206881 0.20176 -7.16742 -6.02104e-10
0.0205872 0.201471 -7.72554 -4.19226e-10
0.0204976 0.201189 -8.15851 -5.37372e-10
0.0204067 0.200871 -7.92816 -3.79459e-10
0.0203111 0.200491 -8.40581 -5.6895e-10
0.0202211 0.200066 -8.65856 -4.03603e-10
0.0201219 0.199454 -8.86194 -3.79685e-10
0.0200483 0.19871 -8.9688 -2.41617e-10
0.0200255 0.197945 -9.05305 -2.22402e-10
0.0200534 0.197214 -9.23066 -1.20819e-10
0.0201127 0.196617 -9.3541 -1.7961e-10
0.0201913 0.196096 -9.52785 -1.87932e-10
0.0203128 0.195502 -9.72675 -1.76689e-10
0.0204539 0.194959 -9.90413 -1.88802e-10
0.02057 0.194582 -10.0082 -1.90285e-10
0.0206925 0.194228 -10.1094 -1.8939e-10
0.0208054 0.193932 -10.1723 -1.92591e-10
0.0209444 0.193598 -10.25 -1.94547e-10
0.0211322 0.193191 -10.3327 -1.8732e-10
0.0214003 0.192675 -10.4336 -1.69814e-10
0.0217772 0.192044 -10.5469 -1.58364e-10
0.0221904 0.191447 -10.6548 -1.13853e-10
0.0225243 0.191019 -10.7445 -8.60288e-11
0.0228304 0.190662 -10.834 -5.81565e-11
0.0231455 0.190325 -10.9387 -4.39478e-11
0.0235505 0.18993 -11.1262 -6.96432e-12
0.0240204 0.189519 -11.43 7.50128e-11
0.0244021 0.189217 -11.7008 8.88668e-11
0.0246824 0.189013 -12.0014 2.14002e-10
0.024967 0.188819 -12.3417 1.60976e-10
0.0252002 0.188669 -12.4731 9.7794e-11
0.0254384 0.188524 -12.8575 1.36116e-10
0.0256722 0.18839 -13.2861 1.66401e-10
0.0258763 0.18828 -13.4615 1.77488e-10
0.0261449 0.188142 -14.013 2.55056e-10
0.0263864 0.188026 -14.1621 1.69702e-10
0.0266617 0.187903 -14.6975 1.10707e-10
0.0269073 0.1878 -14.9267 1.42322e-10
0.0271319 0.187712 -15.466 8.14202e-11
0.0274156 0.187609 -16.1493 1.9379e-10
0.0276623 0.187527 -16.176 7.55268e-12
0.027984 0.187429 -16.7787 3.64359e-10
0.028264 0.187352 -17.3293 1.5841e-11
0.0285448 0.187283 -17.7521 1.35166e-10
0.0287737 0.187233 -17.9209 5.67695e-11
0.0290168 0.187185 -18.2368 1.24534e-10
0.0292446 0.187145 -19.1599 2.8738e-10
0.0294701 0.18711 -19.6318 -4.21986e-10
0.0297083 0.187079 -18.2428 5.74071e-10
0.0299786 0.18705 -19.0472 1.7566e-11
0.0302601 0.187027 -19.5571 2.7856e-10
0.0306205 0.187007 -19.7964 9.44983e-11
0.0310214 0.187 -19.8745 2.57304e-12
0.031469 0.187009 -19.9514 -9.8282e-11
0.0319858 0.187042 -19.9133 1.5421e-10
0.0326269 0.187117 -19.7737 1.61535e-10
0.0332202 0.187221 -19.7548 -4.95369e-11
0.0336884 0.187327 -19.7785 3.70372e-10
0.0340063 0.187412 -19.3272 2.86206e-10
0.0343095 0.187502 -19.4605 2.50347e-10
0.0346264 0.187606 -19.562 2.65645e-10
0.0348687 0.187693 -19.57 2.83981e-10
0.0351301 0.187795 -19.6699 2.96121e-10
0.0354807 0.187943 -19.7098 3.92822e-10
0.0357988 0.18809 -20.0326 3.5289e-10
0.0361294 0.188256 -19.9925 5.85822e-10
0.0364162 0.188412 -20.0351 6.33226e-10
0.0366198 0.188529 -20.308 5.98881e-10
0.0368251 0.188653 -20.382 6.66343e-10
0.0370458 0.188794 -20.5107 7.68625e-10
0.0372811 0.188952 -20.8419 6.67885e-10
0.0375134 0.189117 -20.9967 7.81225e-10
0.0377302 0.18928 -21.2119 8.12718e-10
0.0379399 0.189445 -21.3679 8.92879e-10
0.0381441 0.189614 -21.5435 1.11144e-09
0.0383759 0.189816 -21.8387 1.09697e-09
0.0386621 0.190083 -22.0497 1.22916e-09
0.039003 0.190427 -22.3307 1.52811e-09
0.0392839 0.190734 -23.0087 1.41552e-09
0.0395408 0.191037 -23.181 1.64379e-09
0.0397966 0.191362 -23.5775 1.87572e-09
0.0399843 0.191617 -23.8052 2.17307e-09
0.0401327 0.191831 -23.8745 2.55115e-09
0.0402579 0.19202 -24.0634 2.65125e-09
0.0403801 0.192213 -25.1671 2.5214e-09
0.0405001 0.192412 -24.9925 2.72027e-09
0.0406143 0.19261 -25.3037 3.15275e-09
0.040724 0.19281 -25.5503 3.35967e-09
0.0408385 0.19303 -25.8538 3.55541e-09
0.0409644 0.193287 -26.2805 4.09304e-09
0.0411232 0.193637 -26.6102 4.1178e-09
0.0412703 0.193995 -27.2199 3.79597e-09
0.041383 0.194296 -27.6287 3.68206e-09
0.0414775 0.194572 -26.7624 3.37654e-09
0.0415695 0.194866 -27.0933 2.65199e-09
0.0416514 0.195156 -27.4442 3.49752e-09
0.041724 0.195443 -26.3624 2.78932e-09
0.041806 0.195814 -26.4139 2.28357e-09
0.0419026 0.196361 -24.6039 2.19806e-09
0.0419935 0.197163 -21.8343 -2.90997e-09
