x y fp fmu
0.0428743 0.198 -14.3833 1.37176e-09
0.0428428 0.198831 -13.9471 1.27692e-10
0.0427394 0.199717 -13.3275 3.7098e-10
0.0425844 0.200508 -12.588 4.51228e-10
0.0424372 0.20107 -12.0345 6.80165e-10
0.0423153 0.201462 -11.6822 6.06896e-10
0.0422036 0.201782 -11.1941 8.13842e-10
0.0420783 0.202108 -10.3694 8.048e-10
0.0419352 0.202447 -10.6333 5.77495e-10
0.0417769 0.202789 -9.36545 3.67346e-10
0.0415986 0.203142 -8.82521 5.4226e-10
0.0413639 0.203563 -7.71078 5.70445e-10
0.0410026 0.204138 -6.2064 5.07983e-10
0.0405959 0.204703 -4.58627 4.21174e-10
0.0402295 0.205155 -3.2399 2.1068e-10
0.0398016 0.205626 -1.54688 2.34815e-10
0.0394534 0.205972 -0.248021 2.91398e-10
0.0391615 0.20624 0.577854 1.16534e-10
0.0389434 0.206428 1.46286 5.07812e-10
0.0387418 0.206593 2.32684 -2.67016e-11
0.0385387 0.206751 2.821 1.06107e-10
0.0383258 0.206909 3.75007 1.25069e-10
0.0380995 0.207069 4.36044 6.06003e-11
0.0378724 0.207221 5.01059 3.71464e-10
0.0376532 0.20736 5.5625 8.6897e-11
0.0374492 0.207483 6.46618 6.68538e-11
0.037187 0.207632 7.41601 2.0006e-10
0.036949 0.207759 7.66664 5.72868e-10
0.0366226 0.207922 9.84399 1.18146e-09
0.0362705 0.208083 9.65284 -2.25291e-09
0.035936 0.208223 9.76957 -3.83506e-10
0.0356725 0.208323 11.0761 8.23482e-12
0.0353876 0.208424 11.8164 -9.04059e-11
0.0351032 0.208515 12.4583 3.38756e-10
0.0347891 0.208607 13.1194 1.68144e-10
0.0345087 0.20868 14.3566 7.56413e-11
0.0342608 0.208738 13.6782 -9.89922e-11
0.034021 0.208788 13.9832 3.17559e-10
0.033791 0.208832 15.1376 5.08118e-11
0.033573 0.208868 15.5419 3.01787e-10
0.0333509 0.2089 16.0348 1.90936e-10
0.0331077 0.208931 15.9219 3.87497e-11
0.0328218 0.208959 16.3977 4.69467e-10
0.0324749 0.208984 17.168 1.16873e-10
0.0320079 0.208999 17.6219 2.55014e-10
0.0315134 0.208994 18.103 2.84546e-10
0.0310466 0.208969 18.6005 2.49564e-10
0.0305821 0.208924 18.743 4.42581e-10
0.0301317 0.208861 18.8211 5.36199e-10
0.0296822 0.208779 19.471 1.87801e-10
0.0292206 0.208675 19.1238 6.31016e-10
0.0289056 0.208592 19.0116 5.70025e-10
0.0286058 0.208503 19.0256 5.49873e-10
0.0283229 0.208411 19.0023 6.46087e-10
0.0280754 0.208323 18.828 8.36943e-10
0.0278444 0.208235 18.327 5.96026e-10
0.0276285 0.208148 18.5027 5.56575e-10
0.0273559 0.208029 18.4622 6.24267e-10
0.0269939 0.207858 18.0269 6.08993e-10
0.0266673 0.20769 17.7096 7.50063e-10
0.0263471 0.207511 17.1128 7.92774e-10
0.0261091 0.207368 16.5833 7.70032e-10
0.0258971 0.207234 16.2699 6.14309e-10
0.0256584 0.207075 15.8666 8.64713e-10
0.0253341 0.206845 15.3257 7.2383e-10
0.024871 0.206483 14.2528 9.66164e-10
0.0242758 0.205954 12.5003 1.14715e-09
0.0236581 0.205314 10.443 9.11517e-10
0.0231092 0.204646 8.04009 4.15433e-10
0.0226552 0.204001 5.83537 5.75515e-10
0.0222563 0.203338 3.69335 4.48393e-10
0.021981 0.202809 1.93178 2.85555e-10
0.0217917 0.202398 0.225842 1.95342e-10
0.0216511 0.20206 -0.728027 4.37887e-10
0.021537 0.20176 -1.8759 -1.29644e-10
0.0214361 0.201471 -3.82709 5.20103e-10
0.0213466 0.201189 -4.83564 -7.97988e-10
0.0212556 0.200871 -3.13809 6.77737e-10
0.02116 0.200491 -6.6558 -5.60697e-10
0.02107 0.200066 -8.57987 1.08712e-10
0.0209708 0.199454 -10.329 -1.42073e-09
0.0208972 0.19871 -11.1722 -2.36514e-09
0.0208744 0.197945 -15.9769 -1.02951e-10
0.0209023 0.197214 -15.0449 -3.76357e-09
0.0209616 0.196617 -16.6506 -4.36405e-09
0.0210402 0.196096 -18.6391 -3.23573e-09
0.0211617 0.195502 -19.5989 -2.66693e-09
0.0213029 0.194959 -19.5585 -3.09027e-09
0.0214189 0.194582 -19.1395 -3.44271e-09
0.0215414 0.194228 -18.6877 -3.56495e-09
0.0216543 0.193932 -18.1805 -3.3613e-09
0.0217933 0.193598 -17.5042 -3.32568e-09
0.0219811 0.193191 -16.5916 -2.73009e-09
0.0222492 0.192675 -15.4208 -2.01605e-09
0.0226262 0.192044 -13.7639 -1.60667e-09
0.0230393 0.191447 -12.7564 -1.11846e-09
0.0233732 0.191019 -12.5233 -8.30291e-10
0.0236793 0.190662 -12.3507 -7.44244e-10
0.0239945 0.190325 -12.3725 -6.15196e-10
0.0243994 0.18993 -12.5427 -4.86619e-10
0.0248693 0.189519 -12.6926 -4.12365e-10
0.025251 0.189217 -12.9423 -3.41641e-10
0.0255313 0.189013 -13.047 -3.64559e-10
0.0258159 0.188819 -13.2743 -3.37238e-10
0.0260491 0.188669 -13.4301 -2.82678e-10
0.0262874 0.188524 -13.5017 -3.21313e-10
0.0265211 0.18839 -13.6989 -3.11775e-10
0.0267252 0.18828 -13.8401 -2.6824e-10
0.0269938 0.188142 -14.0288 -2.68447e-10
0.0272354 0.188026 -14.2086 -2.0826e-10
0.0275107 0.187903 -14.3732 -2.07468e-10
0.0277562 0.1878 -14.5104 -1.84506e-10
0.0279808 0.187712 -14.5902 -2.23215e-10
0.0282646 0.187609 -14.8731 -2.37328e-10
0.0285112 0.187527 -15.0676 -1.07212e-10
0.0288329 0.187429 -15.1715 -2.32772e-10
0.0291129 0.187352 -15.3749 -1.99831e-10
0.0293937 0.187283 -15.5784 -2.3561e-10
0.0296226 0.187233 -15.7434 -1.39425e-10
0.0298657 0.187185 -15.6899 -2.28496e-10
0.0300935 0.187145 -15.3833 -5.14763e-10
0.0303191 0.18711 -15.7055 2.97409e-10
0.0305572 0.187079 -16.9515 -2.84641e-10
0.0308275 0.18705 -16.2254 -1.93579e-11
0.031109 0.187027 -16.0482 -3.3655e-10
0.0314694 0.187007 -16.0591 -2.88622e-10
0.0318703 0.187 -16.0494 -5.31127e-11
0.0323179 0.187009 -15.9032 8.1903e-11
0.0328347 0.187042 -15.6576 -2.40003e-10
0.0334758 0.187117 -15.1763 -4.47004e-10
0.0340691 0.187221 -14.4859 -1.52954e-12
0.0345373 0.187327 -14.3593 -5.30521e-10
0.0348552 0.187412 -14.8543 -5.89699e-10
0.0351584 0.187502 -14.056 -2.48835e-10
0.0354753 0.187606 -13.8314 -2.50174e-10
0.0357177 0.187693 -13.7495 -6.39409e-11
0.035979 0.187795 -13.7169 -6.91926e-11
0.0363297 0.187943 -13.7122 -4.20962e-11
0.0366477 0.18809 -13.6497 -3.4122e-11
0.0369783 0.188256 -13.7867 7.86704e-11
0.0372651 0.188412 -13.9016 2.80371e-11
0.0374687 0.188529 -13.9888 5.44171e-11
0.037674 0.188653 -14.0855 6.97918e-11
0.0378947 0.188794 -14.2693 1.43625e-10
0.03813 0.188952 -14.4626 1.12962e-10
0.0383623 0.189117 -14.598 1.71463e-10
0.0385792 0.18928 -14.7862 1.94025e-10
0.0387888 0.189445 -14.9341 2.16774e-10
0.038993 0.189614 -15.1033 3.22978e-10
0.0392248 0.189816 -15.2947 2.91519e-10
0.039511 0.190083 -15.476 3.14851e-10
0.0398519 0.190427 -15.6665 3.77896e-10
0.0401328 0.190734 -15.8407 2.95244e-10
0.0403897 0.191037 -15.8716 3.21493e-10
0.0406455 0.191362 -15.8836 3.38477e-10
0.0408332 0.191617 -15.8803 3.32933e-10
0.0409816 0.191831 -15.8355 3.77086e-10
0.0411068 0.19202 -15.744 3.4182e-10
0.041229 0.192213 -15.7557 2.53944e-10
0.041349 0.192412 -15.7557 3.42425e-10
0.0414632 0.19261 -15.6393 2.59436e-10
0.0415729 0.19281 -15.5978 3.05356e-10
0.0416874 0.19303 -15.509 2.52399e-10
0.0418133 0.193287 -15.4451 2.7403e-10
0.0419721 0.193637 -15.2836 2.59417e-10
0.0421193 0.193995 -15.1421 2.34563e-10
0.042232 0.194296 -15.0489 2.37591e-10
0.0423265 0.194572 -14.9078 2.23605e-10
0.0424184 0.194866 -14.8525 1.84464e-10
0.0425003 0.195156 -14.7858 2.61633e-10
0.0425729 0.195443 -14.7047 2.35587e-10
0.0426549 0.195814 -14.6575 2.59533e-10
0.0427515 0.196361 -14.5072 3.52534e-10
0.0428424 0.197163 -14.4274 1.86677e-10
