x y fp fmu
0.0406731 0.198 -20.5464 1.18772e-08
0.0406417 0.198831 -18.9713 8.64827e-10
0.0405382 0.199717 -17.719 5.80838e-10
0.0403833 0.200508 -15.369 4.61306e-10
0.0402361 0.20107 -13.6238 1.20745e-09
0.0401142 0.201462 -12.6508 7.97657e-10
0.0400024 0.201782 -11.5799 1.59543e-09
0.0398771 0.202108 -9.13027 1.17207e-09
0.039734 0.202447 -11.4796 6.56596e-10
0.0395758 0.202789 -8.47112 -4.15104e-10
0.0393974 0.203142 -7.71684 3.1627e-10
0.0391627 0.203563 -5.99391 2.48524e-10
0.0388015 0.204138 -3.85723 1.83147e-10
0.0383948 0.204703 -1.795 3.17905e-11
0.0380284 0.205155 -0.168647 -2.26175e-10
0.0376005 0.205626 1.82767 -1.90305e-10
0.0372523 0.205972 3.24497 -9.80714e-11
0.0369604 0.20624 4.03155 -3.28338e-10
0.0367423 0.206428 5.00443 1.8719e-10
0.0365407 0.206593 5.98246 -5.60338e-10
0.0363376 0.206751 6.35199 -3.43685e-10
0.0361246 0.206909 7.32661 -3.42233e-10
0.0358983 0.207069 7.85197 -3.61576e-10
0.0356712 0.207221 8.41979 -9.23483e-12
0.0354521 0.20736 8.93586 -2.9501e-10
0.0352481 0.207483 9.8523 -3.38852e-10
0.0349858 0.207632 10.745 -2.03801e-10
0.0347479 0.207759 10.9328 2.95398e-10
0.0344214 0.207922 12.8251 7.45167e-10
0.0340693 0.208083 12.6765 -2.1745e-09
0.0337348 0.208223 12.6906 -6.9803e-10
0.0334713 0.208323 13.7951 -2.41696e-10
0.0331865 0.208424 14.3547 -3.90666e-10
0.032902 0.208515 14.8735 -1.43439e-11
0.0325879 0.208607 15.3368 -1.33271e-10
0.0323075 0.20868 16.2596 -2.59157e-10
0.0320597 0.208738 15.861 -1.683e-10
0.0318198 0.208788 15.9153 3.98492e-11
0.0315898 0.208832 16.709 -2.50771e-10
0.0313718 0.208868 17.0099 -4.01601e-11
0.0311497 0.2089 17.3681 -9.36642e-11
0.0309066 0.208931 17.2781 -1.40178e-10
0.0306206 0.208959 17.4538 4.33827e-11
0.0302738 0.208984 17.9458 -2.32916e-10
0.0298068 0.208999 18.1888 -5.05681e-11
0.0293122 0.208994 18.3592 -3.276e-11
0.0288455 0.208969 18.5604 9.61605e-12
0.0283809 0.208924 18.5585 1.52207e-10
0.0279305 0.208861 18.1723 4.23786e-11
0.027481 0.208779 18.68 -2.9624e-10
0.0270194 0.208675 18.3291 2.71434e-10
0.0267044 0.208592 17.9901 2.13256e-10
0.0264046 0.208503 17.835 6.79355e-11
0.0261218 0.208411 17.6984 3.08559e-10
0.0258742 0.208323 17.4857 3.50785e-10
0.0256432 0.208235 16.9474 6.98212e-11
0.0254273 0.208148 16.8655 2.19118e-10
0.0251547 0.208029 16.7633 2.07937e-10
0.0247928 0.207858 16.2326 1.55237e-10
0.0244661 0.20769 15.8433 2.51712e-10
0.024146 0.207511 15.2531 2.26538e-10
0.023908 0.207368 14.6957 2.39632e-10
0.023696 0.207234 14.3161 3.73598e-11
0.0234572 0.207075 13.8583 3.47866e-10
0.0231329 0.206845 13.2444 2.10667e-10
0.0226699 0.206483 12.1849 3.99704e-10
0.0220746 0.205954 10.5025 5.48469e-10
0.0214569 0.205314 8.60295 2.54827e-10
0.0209081 0.204646 6.55985 -2.85648e-10
0.020454 0.204001 4.62492 -5.53794e-12
0.0200551 0.203338 2.80872 -1.12147e-10
0.0197798 0.202809 1.46873 -3.37271e-10
0.0195905 0.202398 0.238676 -3.871e-10
0.0194499 0.20206 -0.446511 -2.03825e-10
0.0193358 0.20176 -1.17671 -6.42742e-10
0.0192349 0.201471 -2.46983 -8.62497e-11
0.0191454 0.201189 -3.32587 -8.83062e-10
0.0190544 0.200871 -2.37366 -5.38617e-11
0.0189588 0.200491 -4.27742 -7.74948e-10
0.0188689 0.200066 -5.35106 -4.42783e-10
0.0187697 0.199454 -6.49976 -1.16572e-09
0.0186961 0.19871 -6.90486 -1.61297e-09
0.0186732 0.197945 -8.66516 -6.41196e-10
0.0187012 0.197214 -8.32874 -1.87405e-09
0.0187604 0.196617 -8.01466 -2.17423e-09
0.0188391 0.196096 -7.49549 -1.78548e-09
0.0189605 0.195502 -6.34385 -1.20436e-09
0.0191017 0.194959 -5.39135 -7.03293e-10
0.0192178 0.194582 -4.71499 -5.06793e-10
0.0193402 0.194228 -4.21234 -2.84236e-10
0.0194531 0.193932 -3.96856 -3.01251e-10
0.0195922 0.193598 -3.79765 -1.70485e-10
0.01978 0.193191 -3.7015 -1.4701e-10
0.0200481 0.192675 -3.79747 -8.97743e-11
0.020425 0.192044 -4.10875 -9.69511e-11
0.0208382 0.191447 -4.50907 -8.72906e-11
0.021172 0.191019 -4.8422 -8.23666e-11
0.0214782 0.190662 -5.15041 -7.51532e-11
0.0217933 0.190325 -5.47475 -8.68916e-11
0.0221983 0.18993 -5.89153 -4.66458e-11
0.0226681 0.189519 -6.37446 -1.06831e-10
0.0230499 0.189217 -6.72348 -6.26922e-11
0.0233301 0.189013 -6.95771 -7.53215e-11
0.0236148 0.188819 -7.20818 -1.28393e-10
0.0238479 0.188669 -7.37439 -9.8225e-11
0.0240862 0.188524 -7.54937 -1.00985e-10
0.02432 0.18839 -7.7384 -9.05687e-11
0.0245241 0.18828 -7.89555 -6.63135e-11
0.0247927 0.188142 -8.10805 -5.30679e-11
0.0250342 0.188026 -8.31336 -1.83788e-11
0.0253095 0.187903 -8.55858 -3.09556e-13
0.0255551 0.1878 -8.78988 2.12678e-11
0.0257796 0.187712 -9.00971 2.13085e-11
0.0260634 0.187609 -9.31545 4.6501e-11
0.0263101 0.187527 -9.58949 8.51654e-11
0.0266318 0.187429 -9.99829 1.27799e-10
0.0269117 0.187352 -10.3511 1.21282e-10
0.0271925 0.187283 -10.7455 1.71771e-10
0.0274215 0.187233 -11.0494 1.56567e-10
0.0276646 0.187185 -11.4186 1.80539e-10
0.0278924 0.187145 -11.9455 2.75406e-10
0.0281179 0.18711 -12.3364 7.93677e-11
0.0283561 0.187079 -12.1585 3.93605e-10
0.0286263 0.18705 -12.8711 2.00113e-10
0.0289079 0.187027 -13.5045 3.55617e-10
0.0292682 0.187007 -14.1394 2.99197e-10
0.0296691 0.187 -14.8093 2.31642e-10
0.0301168 0.187009 -15.6455 1.03674e-10
0.0306336 0.187042 -16.5626 3.37661e-10
0.0312746 0.187117 -17.5587 4.81122e-10
0.031868 0.187221 -18.6443 1.37973e-10
0.0323361 0.187327 -19.2355 7.0537e-10
0.032654 0.187412 -18.7567 6.81471e-10
0.0329572 0.187502 -19.6053 4.07859e-10
0.0332741 0.187606 -19.9679 4.17831e-10
0.0335165 0.187693 -20.1165 2.46699e-10
0.0337778 0.187795 -20.2492 2.51191e-10
0.0341285 0.187943 -20.3057 2.8877e-10
0.0344466 0.18809 -20.5228 1.95561e-10
0.0347771 0.188256 -20.4274 2.74196e-10
0.035064 0.188412 -20.1856 2.7749e-10
0.0352675 0.188529 -20.213 2.52507e-10
0.0354729 0.188653 -20.1566 2.76894e-10
0.0356935 0.188794 -19.9633 1.57595e-10
0.0359288 0.188952 -19.8612 2.10547e-10
0.0361611 0.189117 -19.8559 2.10796e-10
0.036378 0.18928 -19.7974 1.90288e-10
0.0365877 0.189445 -19.8041 2.54546e-10
0.0367919 0.189614 -19.8183 1.60164e-10
0.0370236 0.189816 -19.901 2.59197e-10
0.0373099 0.190083 -20.0564 3.13366e-10
0.0376507 0.190427 -20.2815 3.1653e-10
0.0379317 0.190734 -20.6387 3.7327e-10
0.0381885 0.191037 -20.9299 4.80804e-10
0.0384443 0.191362 -21.2721 5.36486e-10
0.0386321 0.191617 -21.4826 6.67484e-10
0.0387805 0.191831 -21.6003 7.91752e-10
0.0389056 0.19202 -21.7013 8.42161e-10
0.0390279 0.192213 -22.0812 7.61423e-10
0.0391479 0.192412 -22.0494 7.95403e-10
0.039262 0.19261 -22.0863 8.48451e-10
0.0393717 0.19281 -22.1506 8.57943e-10
0.0394863 0.19303 -22.1394 8.09773e-10
0.0396122 0.193287 -22.134 8.32472e-10
0.0397709 0.193637 -21.9605 8.17873e-10
0.0399181 0.193995 -21.8295 7.71864e-10
0.0400308 0.194296 -21.7365 8.11812e-10
0.0401253 0.194572 -21.5361 8.13387e-10
0.0402172 0.194866 -21.5867 7.43257e-10
0.0402992 0.195156 -21.5684 9.39694e-10
0.0403717 0.195443 -21.4634 9.55398e-10
0.0404538 0.195814 -21.5863 1.0117e-09
0.0405504 0.196361 -21.2197 1.33576e-09
0.0406412 0.197163 -21.1911 -2.36834e-10
