x y fp fmu
0.0409424 0.198 -22.125 3.10727e-08
0.040911 0.198831 -20.2755 -2.02856e-10
0.0408075 0.199717 -18.1862 -9.52018e-10
0.0406526 0.200508 -14.159 -2.93823e-10
0.0405054 0.20107 -11.971 4.41229e-10
0.0403835 0.201462 -10.6798 -5.29185e-11
0.0402717 0.201782 -9.35924 8.66542e-10
0.0401464 0.202108 -6.49638 5.51619e-10
0.0400033 0.202447 -8.70561 -1.00694e-10
0.039845 0.202789 -5.36989 -1.04314e-09
0.0396667 0.203142 -4.517 -2.21621e-10
0.039432 0.203563 -2.60579 -3.23884e-10
0.0390708 0.204138 -0.288574 -3.6458e-10
0.0386641 0.204703 1.9205 -5.11399e-10
0.0382977 0.205155 3.60818 -7.46258e-10
0.0378698 0.205626 5.61639 -6.6474e-10
0.0375216 0.205972 7.01348 -5.34319e-10
0.0372297 0.20624 7.75067 -7.13993e-10
0.0370116 0.206428 8.58954 -2.69175e-10
0.03681 0.206593 9.59946 -9.45286e-10
0.0366069 0.206751 9.93704 -7.15381e-10
0.0363939 0.206909 10.8288 -7.09997e-10
0.0361676 0.207069 11.3496 -7.05798e-10
0.0359405 0.207221 11.8457 -3.77426e-10
0.0357214 0.20736 12.2778 -6.14675e-10
0.0355174 0.207483 13.0338 -7.16457e-10
0.0352551 0.207632 13.9027 -5.79084e-10
0.0350172 0.207759 13.9973 -5.24622e-11
0.0346907 0.207922 15.461 2.43987e-10
0.0343386 0.208083 15.5213 -2.15941e-09
0.0340041 0.208223 15.3344 -8.37023e-10
0.0337406 0.208323 16.2459 -4.651e-10
0.0334558 0.208424 16.6586 -6.15906e-10
0.0331713 0.208515 17.0715 -3.09302e-10
0.0328572 0.208607 17.3082 -4.04058e-10
0.0325768 0.20868 18.0404 -5.2046e-10
0.032329 0.208738 17.8439 -2.60567e-10
0.0320891 0.208788 17.6007 -1.2821e-10
0.0318591 0.208832 18.0931 -4.93003e-10
0.0316411 0.208868 18.3655 -3.13303e-10
0.031419 0.2089 18.6131 -3.22816e-10
0.0311759 0.208931 18.5204 -2.41949e-10
0.0308899 0.208959 18.3894 -2.36842e-10
0.0305431 0.208984 18.7072 -4.89001e-10
0.0300761 0.208999 18.7513 -2.06941e-10
0.0295815 0.208994 18.6227 -1.85959e-10
0.0291148 0.208969 18.5576 -1.02359e-10
0.0286502 0.208924 18.3577 3.15646e-11
0.0281998 0.208861 17.5012 -2.22875e-10
0.0277503 0.208779 17.9412 -6.08107e-10
0.0272887 0.208675 17.4182 1.35728e-10
0.0269737 0.208592 16.8268 8.2485e-11
0.0266739 0.208503 16.5308 -1.40794e-10
0.0263911 0.208411 16.2632 1.971e-10
0.0261435 0.208323 15.9568 2.03169e-10
0.0259125 0.208235 15.3068 -1.36283e-10
0.0256966 0.208148 15.0724 1.09462e-10
0.025424 0.208029 14.9069 3.14424e-11
0.0250621 0.207858 14.2015 -2.71482e-11
0.0247354 0.20769 13.6832 5.91989e-11
0.0244152 0.207511 12.9815 8.99515e-12
0.0241773 0.207368 12.3323 4.89385e-11
0.0239653 0.207234 11.8769 -1.8604e-10
0.0237265 0.207075 11.3312 1.42674e-10
0.0234022 0.206845 10.6072 1.21095e-11
0.0229392 0.206483 9.39734 1.37554e-10
0.0223439 0.205954 7.59846 2.42769e-10
0.0217262 0.205314 5.64403 -5.06235e-11
0.0211774 0.204646 3.6408 -4.84161e-10
0.0207233 0.204001 1.80099 -2.81242e-10
0.0203244 0.203338 0.0745224 -3.69303e-10
0.0200491 0.202809 -1.17449 -4.96953e-10
0.0198598 0.202398 -2.21115 -5.03135e-10
0.0197192 0.20206 -2.82886 -3.55776e-10
0.0196051 0.20176 -3.38687 -6.69616e-10
0.0195042 0.201471 -4.30841 -3.21647e-10
0.0194147 0.201189 -5.00281 -7.77767e-10
0.0193237 0.200871 -4.4094 -3.96851e-10
0.0192281 0.200491 -5.55715 -7.85576e-10
0.0191382 0.200066 -6.17016 -6.06641e-10
0.0190389 0.199454 -6.71666 -9.44318e-10
0.0189654 0.19871 -6.58367 -1.18697e-09
0.0189425 0.197945 -6.63018 -7.19693e-10
0.0189705 0.197214 -6.15214 -2.43124e-10
0.0190297 0.196617 -5.24997 -4.52094e-11
0.0191084 0.196096 -4.80297 1.72881e-11
0.0192298 0.195502 -4.67799 -7.80919e-11
0.019371 0.194959 -4.68489 -6.36242e-11
0.0194871 0.194582 -4.7387 -2.94823e-11
0.0196095 0.194228 -4.8142 -2.59387e-11
0.0197224 0.193932 -4.89379 -3.77488e-11
0.0198615 0.193598 -4.99644 -4.82931e-11
0.0200493 0.193191 -5.13837 -5.28544e-11
0.0203174 0.192675 -5.34762 -4.11238e-11
0.0206943 0.192044 -5.65271 -2.27761e-11
0.0211075 0.191447 -6.02833 2.51223e-11
0.0214413 0.191019 -6.36604 3.22203e-11
0.0217475 0.190662 -6.6987 2.15826e-11
0.0220626 0.190325 -7.04638 4.77074e-12
0.0224676 0.18993 -7.48441 4.14139e-11
0.0229374 0.189519 -8.03658 4.84307e-11
0.0233191 0.189217 -8.45133 8.35022e-11
0.0235994 0.189013 -8.82524 1.76754e-10
0.023884 0.188819 -9.22534 1.19371e-10
0.0241172 0.188669 -9.44731 8.77326e-11
0.0243555 0.188524 -9.85886 1.25825e-10
0.0245893 0.18839 -10.3004 1.56859e-10
0.0247934 0.18828 -10.5444 1.70119e-10
0.025062 0.188142 -11.1026 2.37347e-10
0.0253035 0.188026 -11.3648 1.83947e-10
0.0255788 0.187903 -11.9423 1.62407e-10
0.0258243 0.1878 -12.2776 1.7646e-10
0.0260489 0.187712 -12.8431 1.35307e-10
0.0263327 0.187609 -13.5596 2.38706e-10
0.0265794 0.187527 -13.7482 8.81766e-11
0.0269011 0.187429 -14.469 4.06252e-10
0.027181 0.187352 -15.1128 1.04169e-10
0.0274618 0.187283 -15.6638 2.13307e-10
0.0276908 0.187233 -15.9569 1.30591e-10
0.0279338 0.187185 -16.4076 1.86494e-10
0.0281616 0.187145 -17.337 3.64116e-10
0.0283872 0.18711 -17.9193 -1.49028e-10
0.0286254 0.187079 -17.0056 6.01185e-10
0.0288956 0.18705 -17.9114 1.49696e-10
0.0291771 0.187027 -18.6277 3.85336e-10
0.0295375 0.187007 -19.1723 2.19084e-10
0.0299384 0.187 -19.6347 1.26654e-10
0.0303861 0.187009 -20.1997 1.00239e-11
0.0309029 0.187042 -20.7485 3.03425e-10
0.0315439 0.187117 -21.2208 3.44792e-10
0.0321373 0.187221 -21.7879 3.2255e-11
0.0326054 0.187327 -22.1088 5.4708e-10
0.0329233 0.187412 -21.5133 4.23063e-10
0.0332265 0.187502 -21.9133 2.62703e-10
0.0335434 0.187606 -22.0677 2.40471e-10
0.0337858 0.187693 -22.0642 2.11972e-10
0.0340471 0.187795 -22.1271 2.03133e-10
0.0343978 0.187943 -22.1339 2.69877e-10
0.0347159 0.18809 -22.3248 2.25461e-10
0.0350464 0.188256 -22.486 4.50654e-10
0.0353332 0.188412 -22.4946 4.50747e-10
0.0355368 0.188529 -22.7303 4.62379e-10
0.0357422 0.188653 -22.8875 5.27336e-10
0.0359628 0.188794 -23.0144 5.42387e-10
0.0361981 0.188952 -23.3171 5.18393e-10
0.0364304 0.189117 -23.5301 5.78732e-10
0.0366473 0.18928 -23.7294 5.85772e-10
0.0368569 0.189445 -23.921 6.34647e-10
0.0370612 0.189614 -24.0717 7.03317e-10
0.0372929 0.189816 -24.3246 7.351e-10
0.0375792 0.190083 -24.5225 8.30142e-10
0.03792 0.190427 -24.6482 9.77415e-10
0.038201 0.190734 -24.9786 8.12198e-10
0.0384578 0.191037 -24.9937 9.15549e-10
0.0387136 0.191362 -24.9806 9.87139e-10
0.0389014 0.191617 -25.0239 1.06845e-09
0.0390498 0.191831 -24.9407 1.26266e-09
0.0391749 0.19202 -24.835 1.23084e-09
0.0392972 0.192213 -25.1611 1.07864e-09
0.0394172 0.192412 -25.2515 1.28889e-09
0.0395313 0.19261 -25.2174 1.2533e-09
0.039641 0.19281 -25.3459 1.3876e-09
0.0397556 0.19303 -25.4967 1.4031e-09
0.0398815 0.193287 -25.642 1.57389e-09
0.0400402 0.193637 -25.6677 1.84643e-09
0.0401874 0.193995 -25.8284 1.95889e-09
0.0403001 0.194296 -25.8819 2.17583e-09
0.0403946 0.194572 -25.5689 2.29724e-09
0.0404865 0.194866 -25.8387 2.05136e-09
0.0405684 0.195156 -25.7872 2.64109e-09
0.040641 0.195443 -25.1049 2.8749e-09
0.0407231 0.195814 -25.3541 2.76961e-09
0.0408197 0.196361 -24.5125 2.92802e-09
0.0409105 0.197163 -23.6287 -2.80554e-09
