x y fp fmu
0.042228 0.198 -20.4778 3.25556e-08
0.0421966 0.198831 -18.6105 -2.65498e-10
0.0420932 0.199717 -16.1739 -7.95953e-10
0.0419382 0.200508 -11.8816 -4.8056e-10
0.041791 0.20107 -9.38043 1.849e-10
0.0416691 0.201462 -7.92109 -3.00603e-10
0.0415573 0.201782 -6.54519 5.29571e-10
0.0414321 0.202108 -3.56808 4.63886e-10
0.041289 0.202447 -5.62438 -3.24369e-10
0.0411307 0.202789 -2.54073 -1.26549e-09
0.0409524 0.203142 -1.48146 -4.90194e-10
0.0407177 0.203563 0.408664 -6.29384e-10
0.0403564 0.204138 2.7853 -6.61591e-10
0.0399497 0.204703 5.01123 -7.43467e-10
0.0395833 0.205155 6.67096 -9.78931e-10
0.0391554 0.205626 8.60459 -9.33231e-10
0.0388072 0.205972 9.97488 -7.89859e-10
0.0385153 0.20624 10.6058 -9.51372e-10
0.0382972 0.206428 11.1853 -6.22911e-10
0.0380956 0.206593 12.1944 -1.21973e-09
0.0378925 0.206751 12.4885 -9.63764e-10
0.0376796 0.206909 13.2407 -9.66774e-10
0.0374532 0.207069 13.7397 -9.17155e-10
0.0372261 0.207221 14.1652 -6.55664e-10
0.037007 0.20736 14.5167 -8.26135e-10
0.036803 0.207483 15.1253 -9.94632e-10
0.0365408 0.207632 16.0244 -7.90565e-10
0.0363028 0.207759 16.1156 -2.75787e-10
0.0359764 0.207922 17.0104 -1.42962e-10
0.0356243 0.208083 17.5066 -1.68627e-09
0.0352898 0.208223 16.9618 -9.54879e-10
0.0350263 0.208323 17.635 -6.65197e-10
0.0347414 0.208424 17.9445 -8.34013e-10
0.034457 0.208515 18.3088 -5.65785e-10
0.0341429 0.208607 18.3261 -6.16825e-10
0.0338624 0.20868 18.8846 -7.24793e-10
0.0336146 0.208738 18.9337 -2.91954e-10
0.0333747 0.208788 18.3299 -2.73112e-10
0.0331447 0.208832 18.5095 -7.10909e-10
0.0329268 0.208868 18.7788 -5.27099e-10
0.0327047 0.2089 18.9516 -4.92354e-10
0.0324615 0.208931 18.8529 -2.99843e-10
0.0321755 0.208959 18.4067 -4.74683e-10
0.0318287 0.208984 18.5647 -6.99145e-10
0.0313617 0.208999 18.4095 -3.05e-10
0.0308672 0.208994 17.9708 -2.93438e-10
0.0304004 0.208969 17.6351 -1.83065e-10
0.0299358 0.208924 17.2063 -5.57124e-11
0.0294854 0.208861 15.8967 -4.1802e-10
0.0290359 0.208779 16.2573 -8.25567e-10
0.0285743 0.208675 15.5132 3.83077e-11
0.0282593 0.208592 14.6496 1.6314e-12
0.0279596 0.208503 14.1926 -2.77318e-10
0.0276767 0.208411 13.7826 1.27755e-10
0.0274292 0.208323 13.3571 9.92353e-11
0.0271981 0.208235 12.556 -2.76024e-10
0.0269823 0.208148 12.1434 4.78097e-11
0.0267097 0.208029 11.9252 -6.48713e-11
0.0263477 0.207858 11.0522 -1.3101e-10
0.0260211 0.20769 10.3888 -5.12903e-11
0.0257009 0.207511 9.5564 -1.11505e-10
0.0254629 0.207368 8.77623 -6.63429e-11
0.0252509 0.207234 8.22882 -3.02079e-10
0.0250121 0.207075 7.56389 1.92951e-11
0.0246878 0.206845 6.7167 -1.15979e-10
0.0242248 0.206483 5.35142 -2.05825e-11
0.0236296 0.205954 3.38539 5.22469e-11
0.0230119 0.205314 1.33732 -1.97981e-10
0.022463 0.204646 -0.657607 -5.68531e-10
0.0220089 0.204001 -2.40749 -3.99196e-10
0.0216101 0.203338 -3.93988 -4.66702e-10
0.0213347 0.202809 -4.97196 -5.68317e-10
0.0211455 0.202398 -5.79928 -5.47643e-10
0.0210049 0.20206 -6.26604 -4.84818e-10
0.0208908 0.20176 -6.64467 -6.78599e-10
0.0207899 0.201471 -7.24158 -4.73508e-10
0.0207003 0.201189 -7.71387 -6.35505e-10
0.0206094 0.200871 -7.38472 -4.67778e-10
0.0205138 0.200491 -7.92894 -7.29612e-10
0.0204238 0.200066 -8.1461 -5.66848e-10
0.0203246 0.199454 -8.24068 -4.63696e-10
0.020251 0.19871 -8.14684 -1.97043e-10
0.0202282 0.197945 -7.92261 -2.6757e-10
0.0202561 0.197214 -8.05266 -3.32457e-12
0.0203154 0.196617 -8.1644 -8.12704e-11
0.020394 0.196096 -8.33944 -1.28747e-10
0.0205154 0.195502 -8.56532 -1.30445e-10
0.0206566 0.194959 -8.76324 -1.45308e-10
0.0207727 0.194582 -8.87877 -1.37065e-10
0.0208951 0.194228 -8.98266 -1.27046e-10
0.0210081 0.193932 -9.05642 -1.19912e-10
0.0211471 0.193598 -9.13975 -1.12007e-10
0.0213349 0.193191 -9.24541 -9.61205e-11
0.021603 0.192675 -9.39907 -6.91941e-11
0.0219799 0.192044 -9.626 -4.95675e-11
0.0223931 0.191447 -9.90156 -3.12253e-13
0.0227269 0.191019 -10.1479 2.08937e-11
0.0230331 0.190662 -10.4012 3.99327e-11
0.0233482 0.190325 -10.6779 3.6816e-11
0.0237532 0.18993 -11.0701 8.77774e-11
0.0242231 0.189519 -11.6603 1.40394e-10
0.0246048 0.189217 -12.1105 1.60565e-10
0.024885 0.189013 -12.5507 2.94479e-10
0.0251697 0.188819 -13.0538 1.84823e-10
0.0254029 0.188669 -13.2264 1.06365e-10
0.0256411 0.188524 -13.7198 1.38794e-10
0.0258749 0.18839 -14.2596 1.73519e-10
0.026079 0.18828 -14.4695 1.74663e-10
0.0263476 0.188142 -15.1067 2.52616e-10
0.0265891 0.188026 -15.2951 1.64545e-10
0.0268644 0.187903 -15.8885 9.94054e-11
0.02711 0.1878 -16.1542 1.31929e-10
0.0273345 0.187712 -16.7199 6.51797e-11
0.0276183 0.187609 -17.4357 1.75446e-10
0.027865 0.187527 -17.4879 -4.18773e-12
0.0281867 0.187429 -18.1012 3.44687e-10
0.0284667 0.187352 -18.6616 8.91798e-12
0.0287475 0.187283 -19.1012 1.27572e-10
0.0289764 0.187233 -19.2968 5.78491e-11
0.0292195 0.187185 -19.6386 1.31794e-10
0.0294473 0.187145 -20.5643 2.97185e-10
0.0296728 0.18711 -21.0302 -3.78522e-10
0.029911 0.187079 -19.7586 5.72943e-10
0.0301813 0.18705 -20.6032 4.34772e-11
0.0304628 0.187027 -21.1667 3.07844e-10
0.0308232 0.187007 -21.4938 1.35935e-10
0.0312241 0.187 -21.6924 3.93921e-11
0.0316717 0.187009 -21.941 -5.84638e-11
0.0321885 0.187042 -22.1366 2.0997e-10
0.0328296 0.187117 -22.289 2.73771e-10
0.0334229 0.187221 -22.6252 2.61273e-12
0.0338911 0.187327 -22.7609 5.48988e-10
0.0342089 0.187412 -22.1475 4.73233e-10
0.0345122 0.187502 -22.5545 3.3095e-10
0.0348291 0.187606 -22.7317 3.49292e-10
0.0350714 0.187693 -22.772 3.08956e-10
0.0353328 0.187795 -22.8817 3.25284e-10
0.0356834 0.187943 -22.9265 4.23011e-10
0.0360015 0.18809 -23.2841 3.69019e-10
0.0363321 0.188256 -23.1943 5.85144e-10
0.0366189 0.188412 -23.2076 6.47823e-10
0.0368225 0.188529 -23.4747 6.07412e-10
0.0370278 0.188653 -23.5277 6.79614e-10
0.0372484 0.188794 -23.6114 7.62582e-10
0.0374837 0.188952 -23.9066 6.6411e-10
0.037716 0.189117 -24.0319 7.58836e-10
0.0379329 0.18928 -24.1965 7.86791e-10
0.0381426 0.189445 -24.3213 8.55481e-10
0.0383468 0.189614 -24.4436 1.02037e-09
0.0385785 0.189816 -24.689 1.01422e-09
0.0388648 0.190083 -24.8625 1.1434e-09
0.0392056 0.190427 -25.088 1.38173e-09
0.0394866 0.190734 -25.6927 1.25709e-09
0.0397435 0.191037 -25.899 1.46709e-09
0.0399992 0.191362 -26.2197 1.64734e-09
0.040187 0.191617 -26.4112 1.87476e-09
0.0403354 0.191831 -26.4262 2.19031e-09
0.0404606 0.19202 -26.4618 2.2589e-09
0.0405828 0.192213 -27.2859 2.10289e-09
0.0407028 0.192412 -27.1711 2.32361e-09
0.0408169 0.19261 -27.3325 2.59462e-09
0.0409267 0.19281 -27.4903 2.78873e-09
0.0410412 0.19303 -27.6924 2.94305e-09
0.0411671 0.193287 -27.8313 3.36956e-09
0.0413259 0.193637 -27.8445 3.80869e-09
0.041473 0.193995 -28.1548 3.41422e-09
0.0415857 0.194296 -28.624 3.55021e-09
0.0416802 0.194572 -27.9016 3.29667e-09
0.0417722 0.194866 -28.2536 2.56148e-09
0.0418541 0.195156 -28.5282 3.35794e-09
0.0419266 0.195443 -27.5267 2.74443e-09
0.0420087 0.195814 -27.5359 2.1911e-09
0.0421053 0.196361 -25.7855 2.08585e-09
0.0421962 0.197163 -22.9975 -2.83337e-09
