x y fp fmu
0.045507 0.198 -10.8068 1.44826e-09
0.0454755 0.198831 -9.69961 1.27148e-09
0.0453721 0.199717 -8.77491 7.46786e-10
0.0452171 0.200508 -6.66075 4.85337e-10
0.0450699 0.20107 -5.16718 8.98014e-10
0.044948 0.201462 -4.25038 6.37632e-10
0.0448363 0.201782 -3.29808 1.09906e-09
0.044711 0.202108 -1.50772 9.63992e-10
0.0445679 0.202447 -2.59014 3.83141e-10
0.0444096 0.202789 -0.385498 -1.64564e-10
0.0442313 0.203142 0.439452 2.4473e-10
0.0439966 0.203563 1.91616 2.04121e-10
0.0436353 0.204138 3.81715 1.18661e-10
0.0432286 0.204703 5.68414 -1.09926e-11
0.0428622 0.205155 7.15623 -2.16182e-10
0.0424343 0.205626 8.85867 -2.15941e-10
0.0420861 0.205972 10.0381 -1.71966e-10
0.0417942 0.20624 10.7437 -3.02277e-10
0.0415761 0.206428 11.4015 3.27999e-11
0.0413745 0.206593 12.1933 -4.7404e-10
0.0411714 0.206751 12.531 -3.25136e-10
0.0409585 0.206909 13.2303 -3.09088e-10
0.0407322 0.207069 13.6986 -3.13948e-10
0.0405051 0.207221 14.1481 -4.46418e-11
0.0402859 0.20736 14.5502 -2.57457e-10
0.0400819 0.207483 15.1492 -3.60794e-10
0.0398197 0.207632 15.8694 -2.42376e-10
0.0395817 0.207759 16.019 7.9791e-11
0.0392553 0.207922 17.11 3.55127e-10
0.0389032 0.208083 17.3205 -1.55611e-09
0.0385687 0.208223 17.1122 -4.51937e-10
0.0383052 0.208323 17.8578 -2.57827e-10
0.0380203 0.208424 18.1943 -3.7709e-10
0.0377359 0.208515 18.5378 -1.17536e-10
0.0374218 0.208607 18.7297 -2.31716e-10
0.0371414 0.20868 19.2981 -3.02045e-10
0.0368935 0.208738 19.1583 -1.304e-10
0.0366537 0.208788 18.9074 2.67201e-12
0.0364237 0.208832 19.2726 -3.19729e-10
0.0362057 0.208868 19.4857 -1.62152e-10
0.0359836 0.2089 19.681 -1.86552e-10
0.0357404 0.208931 19.588 -1.16762e-10
0.0354545 0.208959 19.4002 -1.07416e-10
0.0351076 0.208984 19.6283 -3.22837e-10
0.0346406 0.208999 19.574 -9.07937e-11
0.0341461 0.208994 19.3446 -7.63943e-11
0.0336793 0.208969 19.161 -7.44033e-12
0.0332148 0.208924 18.9054 1.17691e-10
0.0327644 0.208861 17.8848 -1.8349e-10
0.0323149 0.208779 18.2343 -5.26705e-10
0.0318533 0.208675 17.7016 2.03162e-10
0.0315383 0.208592 16.9426 1.82867e-10
0.0312385 0.208503 16.5675 -6.99316e-11
0.0309556 0.208411 16.2449 2.87491e-10
0.0307081 0.208323 15.906 2.99272e-10
0.0304771 0.208235 15.1704 -7.00219e-11
0.0302612 0.208148 14.7662 2.32778e-10
0.0299886 0.208029 14.6459 1.31586e-10
0.0296266 0.207858 13.8379 7.97899e-11
0.0293 0.20769 13.2759 1.69812e-10
0.0289798 0.207511 12.4611 1.15282e-10
0.0287418 0.207368 11.6259 1.73254e-10
0.0285298 0.207234 11.1168 -1.11234e-10
0.0282911 0.207075 10.4632 2.6917e-10
0.0279668 0.206845 9.66726 1.00885e-10
0.0275037 0.206483 8.29814 2.47684e-10
0.0269085 0.205954 6.12921 3.52066e-10
0.0262908 0.205314 3.85963 6.37748e-11
0.0257419 0.204646 1.49491 -5.96176e-10
0.0252879 0.204001 -0.676774 -3.63822e-10
0.024889 0.203338 -2.66521 -4.60205e-10
0.0246136 0.202809 -4.06196 -6.64472e-10
0.0244244 0.202398 -5.58198 -6.13481e-10
0.0242838 0.20206 -6.13992 -5.05353e-10
0.0241697 0.20176 -6.70072 -1.03432e-09
0.0240688 0.201471 -8.74081 -2.64449e-10
0.0239792 0.201189 -10.2604 -1.03996e-09
0.0238883 0.200871 -6.24811 3.04083e-10
0.0237927 0.200491 -9.4472 -2.13714e-09
0.0237027 0.200066 -11.1209 -7.4673e-10
0.0236035 0.199454 -11.515 -2.32778e-09
0.0235299 0.19871 -9.91547 -2.25282e-09
0.0235071 0.197945 -11.5041 -1.03162e-09
0.023535 0.197214 -10.6663 -1.33054e-09
0.0235943 0.196617 -10.2679 -1.46456e-09
0.0236729 0.196096 -10.4997 -1.24944e-09
0.0237944 0.195502 -10.6151 -9.56145e-10
0.0239356 0.194959 -10.7226 -7.62121e-10
0.0240516 0.194582 -10.6631 -7.28927e-10
0.0241741 0.194228 -10.6781 -6.32574e-10
0.024287 0.193932 -10.6179 -6.4927e-10
0.024426 0.193598 -10.6149 -5.86464e-10
0.0246138 0.193191 -10.6077 -5.32733e-10
0.0248819 0.192675 -10.6196 -4.58268e-10
0.0252589 0.192044 -10.6197 -4.15856e-10
0.025672 0.191447 -10.6258 -3.61583e-10
0.0260059 0.191019 -10.6315 -3.40188e-10
0.026312 0.190662 -10.6282 -3.28822e-10
0.0266272 0.190325 -10.6468 -3.01241e-10
0.0270321 0.18993 -10.6641 -2.48689e-10
0.027502 0.189519 -10.6587 -2.54445e-10
0.0278837 0.189217 -10.6922 -1.92481e-10
0.028164 0.189013 -10.6592 -2.26884e-10
0.0284486 0.188819 -10.681 -2.05493e-10
0.0286818 0.188669 -10.7174 -1.51617e-10
0.0289201 0.188524 -10.6698 -1.64238e-10
0.0291538 0.18839 -10.6756 -1.56796e-10
0.0293579 0.18828 -10.6995 -1.27464e-10
0.0296265 0.188142 -10.6938 -1.222e-10
0.0298681 0.188026 -10.7272 -8.81837e-11
0.0301434 0.187903 -10.7257 -7.14953e-11
0.0303889 0.1878 -10.733 -5.64552e-11
0.0306135 0.187712 -10.728 -5.93155e-11
0.0308973 0.187609 -10.7676 -4.68194e-11
0.0311439 0.187527 -10.7713 -1.99737e-11
0.0314656 0.187429 -10.8013 1.33696e-12
0.0317456 0.187352 -10.8369 -1.53913e-11
0.0320264 0.187283 -10.8769 1.82392e-11
0.0322553 0.187233 -10.8824 6.32616e-12
0.0324984 0.187185 -10.9275 3.8991e-11
0.0327262 0.187145 -11.1087 8.21393e-11
0.0329518 0.18711 -11.1681 -1.04995e-10
0.0331899 0.187079 -10.8476 1.58358e-10
0.0334602 0.18705 -11.0873 1.20566e-11
0.0337417 0.187027 -11.2348 1.28174e-10
0.0341021 0.187007 -11.317 1.16193e-10
0.034503 0.187 -11.3929 7.91984e-11
0.0349506 0.187009 -11.5275 5.8717e-12
0.0354674 0.187042 -11.6535 1.39125e-10
0.0361085 0.187117 -11.7685 2.05174e-10
0.0367018 0.187221 -11.942 3.43788e-11
0.03717 0.187327 -11.9536 3.26507e-10
0.0374879 0.187412 -11.6377 2.96709e-10
0.0377911 0.187502 -11.8496 1.53055e-10
0.038108 0.187606 -11.8706 1.60216e-10
0.0383503 0.187693 -11.8335 1.37873e-10
0.0386117 0.187795 -11.8212 1.33513e-10
0.0389624 0.187943 -11.7535 1.62766e-10
0.0392804 0.18809 -11.7684 1.24866e-10
0.039611 0.188256 -11.7193 2.26135e-10
0.0398978 0.188412 -11.6347 2.02696e-10
0.0401014 0.188529 -11.6579 1.96213e-10
0.0403067 0.188653 -11.6408 2.19635e-10
0.0405274 0.188794 -11.6005 2.08335e-10
0.0407627 0.188952 -11.6158 1.99582e-10
0.040995 0.189117 -11.6006 2.22243e-10
0.0412119 0.18928 -11.5836 2.20359e-10
0.0414215 0.189445 -11.5681 2.38484e-10
0.0416257 0.189614 -11.5433 2.40273e-10
0.0418575 0.189816 -11.5419 2.4557e-10
0.0421437 0.190083 -11.5165 2.7476e-10
0.0424846 0.190427 -11.4699 2.81828e-10
0.0427655 0.190734 -11.5001 2.46007e-10
0.0430224 0.191037 -11.472 2.98416e-10
0.0432782 0.191362 -11.4479 3.07062e-10
0.0434659 0.191617 -11.4308 3.35287e-10
0.0436143 0.191831 -11.3956 3.73765e-10
0.0437395 0.19202 -11.3524 3.7141e-10
0.0438617 0.192213 -11.4336 3.25734e-10
0.0439817 0.192412 -11.3955 3.69362e-10
0.0440959 0.19261 -11.3756 3.72336e-10
0.0442056 0.19281 -11.3737 3.86926e-10
0.0443201 0.19303 -11.3779 3.89438e-10
0.044446 0.193287 -11.3582 4.14175e-10
0.0446048 0.193637 -11.322 4.4921e-10
0.0447519 0.193995 -11.3235 4.66741e-10
0.0448646 0.194296 -11.2937 5.12382e-10
0.0449591 0.194572 -11.2511 5.58191e-10
0.0450511 0.194866 -11.3306 5.29361e-10
0.045133 0.195156 -11.2575 6.01296e-10
0.0452056 0.195443 -11.2697 6.36845e-10
0.0452876 0.195814 -11.297 6.82066e-10
0.0453842 0.196361 -11.1815 9.25744e-10
0.0454751 0.197163 -11.142 1.16296e-09
