x y fp fmu
0.0481531 0.198 -9.81736 1.25968e-08
0.0481217 0.198831 -8.33598 -7.5269e-11
0.0480182 0.199717 -6.14007 6.09882e-11
0.0478633 0.200508 -3.50398 2.49632e-10
0.0477161 0.20107 -1.91257 5.76744e-10
0.0475942 0.201462 -0.831658 2.40293e-10
0.0474824 0.201782 0.0753872 4.52526e-10
0.0473571 0.202108 1.75833 6.82776e-10
0.047214 0.202447 1.2756 -1.24897e-10
0.0470558 0.202789 3.11975 -3.71054e-10
0.0468774 0.203142 3.99238 -1.3449e-10
0.0466427 0.203563 5.3958 -4.2622e-11
0.0462815 0.204138 7.14771 -2.22984e-10
0.0458748 0.204703 8.81994 -3.36475e-10
0.0455084 0.205155 10.1446 -5.57595e-10
0.0450805 0.205626 11.634 -5.1841e-10
0.0447323 0.205972 12.6722 -4.46128e-10
0.0444404 0.20624 13.2726 -5.35221e-10
0.0442223 0.206428 13.7256 -2.18157e-10
0.0440207 0.206593 14.4437 -7.29679e-10
0.0438176 0.206751 14.7291 -5.80403e-10
0.0436046 0.206909 15.2377 -5.5511e-10
0.0433783 0.207069 15.6085 -5.20635e-10
0.0431512 0.207221 15.8967 -2.5359e-10
0.0429321 0.20736 16.1653 -4.19403e-10
0.0427281 0.207483 16.5657 -5.50623e-10
0.0424658 0.207632 17.1339 -4.55123e-10
0.0422279 0.207759 17.2353 -1.02608e-10
0.0419014 0.207922 17.7179 -3.01215e-11
0.0415493 0.208083 18.2086 -1.06271e-09
0.0412148 0.208223 17.7578 -4.48667e-10
0.0409513 0.208323 18.2268 -3.47213e-10
0.0406665 0.208424 18.3651 -4.5734e-10
0.040382 0.208515 18.5732 -2.60906e-10
0.0400679 0.208607 18.5468 -3.43362e-10
0.0397875 0.20868 18.8194 -3.90467e-10
0.0395397 0.208738 18.8635 -9.3646e-11
0.0392998 0.208788 18.365 -5.26772e-11
0.0390698 0.208832 18.3885 -3.94032e-10
0.0388518 0.208868 18.5093 -2.72079e-10
0.0386297 0.2089 18.5713 -2.61476e-10
0.0383866 0.208931 18.452 -1.17861e-10
0.0381006 0.208959 17.983 -2.58635e-10
0.0377538 0.208984 17.9601 -4.02608e-10
0.0372868 0.208999 17.6642 -1.36125e-10
0.0367922 0.208994 17.0824 -1.36764e-10
0.0363255 0.208969 16.5916 -4.58787e-11
0.0358609 0.208924 16.0827 5.25786e-11
0.0354105 0.208861 14.6142 -3.6917e-10
0.034961 0.208779 14.761 -6.98552e-10
0.0344994 0.208675 14.1021 1.22708e-10
0.0341844 0.208592 13.027 1.2953e-10
0.0338846 0.208503 12.4745 -1.89324e-10
0.0336018 0.208411 11.994 2.4064e-10
0.0333542 0.208323 11.5369 1.9325e-10
0.0331232 0.208235 10.6626 -2.17773e-10
0.0329073 0.208148 9.99659 2.00573e-10
0.0326347 0.208029 9.8156 3.99177e-11
0.0322728 0.207858 8.82474 -1.62084e-11
0.0319461 0.20769 8.06591 6.15443e-11
0.031626 0.207511 7.11979 -1.44035e-11
0.031388 0.207368 6.13675 7.3022e-11
0.031176 0.207234 5.55432 -2.54279e-10
0.0309372 0.207075 4.81276 1.76451e-10
0.0306129 0.206845 3.82531 3.60877e-12
0.0301499 0.206483 2.32122 1.58715e-10
0.0295546 0.205954 -0.0377462 2.49174e-10
0.0289369 0.205314 -2.46014 -9.60121e-11
0.0283881 0.204646 -4.92159 -8.1388e-10
0.027934 0.204001 -7.15665 -5.30473e-10
0.0275351 0.203338 -9.0279 -6.98583e-10
0.0272598 0.202809 -10.335 -9.34933e-10
0.0270705 0.202398 -11.5998 -8.79805e-10
0.0269299 0.20206 -12.3011 -6.16425e-10
0.0268158 0.20176 -12.978 -1.02462e-09
0.0267149 0.201471 -14.5479 -4.67803e-10
0.0266254 0.201189 -15.6318 -9.31764e-10
0.0265344 0.200871 -13.2366 2.71461e-11
0.0264388 0.200491 -15.5263 -1.4465e-09
0.0263489 0.200066 -16.6797 -6.05899e-10
0.0262497 0.199454 -17.4814 -1.24282e-09
0.0261761 0.19871 -17.358 -1.30668e-09
0.0261532 0.197945 -19.1956 -5.22156e-10
0.0261812 0.197214 -18.9922 -1.1441e-09
0.0262404 0.196617 -19.1004 -1.1899e-09
0.0263191 0.196096 -19.5594 -8.97342e-10
0.0264405 0.195502 -19.9696 -7.82262e-10
0.0265817 0.194959 -20.2411 -8.53421e-10
0.0266978 0.194582 -20.3199 -9.39737e-10
0.0268202 0.194228 -20.3957 -9.00334e-10
0.0269331 0.193932 -20.2955 -9.25898e-10
0.0270722 0.193598 -20.1886 -8.13453e-10
0.02726 0.193191 -19.9486 -6.5419e-10
0.0275281 0.192675 -19.567 -4.69671e-10
0.027905 0.192044 -19.0829 -3.56728e-10
0.0283182 0.191447 -18.7579 -1.94639e-10
0.028652 0.191019 -18.646 -1.75621e-10
0.0289582 0.190662 -18.6615 -1.82703e-10
0.0292733 0.190325 -18.7776 -2.12386e-10
0.0296783 0.18993 -18.92 -1.3782e-10
0.0301481 0.189519 -19.2212 -3.27513e-10
0.0305299 0.189217 -19.3931 -2.32085e-10
0.0308101 0.189013 -19.3523 -4.22167e-10
0.0310947 0.188819 -19.4734 -4.8643e-10
0.0313279 0.188669 -19.4735 -3.62953e-10
0.0315662 0.188524 -19.2421 -4.59285e-10
0.0318 0.18839 -19.1372 -4.43494e-10
0.0320041 0.18828 -19.0596 -4.46454e-10
0.0322727 0.188142 -18.7423 -4.93981e-10
0.0325142 0.188026 -18.6959 -4.23055e-10
0.0327895 0.187903 -18.2897 -3.11012e-10
0.0330351 0.1878 -18.0691 -3.52324e-10
0.0332596 0.187712 -17.571 -3.35694e-10
0.0335434 0.187609 -17.1285 -4.09013e-10
0.0337901 0.187527 -17.0214 -2.19129e-10
0.0341118 0.187429 -16.35 -4.33984e-10
0.0343917 0.187352 -15.8906 -2.60901e-10
0.0346725 0.187283 -15.4631 -2.74035e-10
0.0349015 0.187233 -15.1922 -2.39614e-10
0.0351446 0.187185 -14.7262 -2.62984e-10
0.0353724 0.187145 -14.1708 -3.2127e-10
0.0355979 0.18711 -13.9888 -1.74557e-10
0.0358361 0.187079 -13.9435 -2.41451e-10
0.0361063 0.18705 -13.4486 -9.0645e-11
0.0363879 0.187027 -13.0785 -1.24331e-10
0.0367482 0.187007 -12.6572 -3.21864e-11
0.0371491 0.187 -12.2455 -1.27285e-11
0.0375968 0.187009 -11.8555 -9.93272e-11
0.0381136 0.187042 -11.4406 3.88654e-11
0.0387546 0.187117 -11.0573 1.74047e-10
0.039348 0.187221 -10.8776 -5.54393e-11
0.0398161 0.187327 -10.4102 3.55892e-10
0.040134 0.187412 -9.87725 3.68945e-10
0.0404372 0.187502 -10.0083 1.34247e-10
0.0407541 0.187606 -9.85536 1.43982e-10
0.0409965 0.187693 -9.6636 1.15592e-10
0.0412578 0.187795 -9.49499 1.07319e-10
0.0416085 0.187943 -9.20335 1.24664e-10
0.0419266 0.18809 -8.98683 8.55521e-11
0.0422571 0.188256 -8.74492 1.68883e-10
0.042544 0.188412 -8.44802 1.25366e-10
0.0427475 0.188529 -8.30325 1.24226e-10
0.0429529 0.188653 -8.14798 1.42427e-10
0.0431735 0.188794 -7.93553 8.41517e-11
0.0434088 0.188952 -7.74178 1.10466e-10
0.0436411 0.189117 -7.55627 1.22227e-10
0.043858 0.18928 -7.37408 9.87148e-11
0.0440677 0.189445 -7.20258 1.20489e-10
0.0442719 0.189614 -7.05349 9.7928e-11
0.0445036 0.189816 -6.88636 1.27628e-10
0.0447899 0.190083 -6.691 1.29487e-10
0.0451307 0.190427 -6.51429 1.51034e-10
0.0454117 0.190734 -6.40719 1.5383e-10
0.0456685 0.191037 -6.26097 1.73371e-10
0.0459243 0.191362 -6.2265 1.70489e-10
0.0461121 0.191617 -6.1713 2.69729e-10
0.0462605 0.191831 -6.17137 2.63774e-10
0.0463856 0.19202 -6.32729 3.61138e-10
0.0465079 0.192213 -6.53874 4.18558e-10
0.0466279 0.192412 -6.41248 2.65997e-10
0.046742 0.19261 -6.71697 4.95347e-10
0.0468517 0.19281 -6.87459 4.15141e-10
0.0469663 0.19303 -7.28517 6.28032e-10
0.0470922 0.193287 -7.59483 6.91373e-10
0.0472509 0.193637 -8.2406 8.9526e-10
0.0473981 0.193995 -8.96387 1.05018e-09
0.0475108 0.194296 -9.40396 1.34949e-09
0.0476053 0.194572 -9.89045 1.53351e-09
0.0476972 0.194866 -10.4646 1.50383e-09
0.0477792 0.195156 -10.6922 1.60109e-09
0.0478517 0.195443 -10.9321 1.72813e-09
0.0479338 0.195814 -11.3209 1.64914e-09
0.0480304 0.196361 -11.2112 1.51166e-09
0.0481212 0.197163 -10.5897 -4.01852e-10
