x y fp fmu
0.0485974 0.198 -6.94533 6.90763e-09
0.048566 0.198831 -6.56543 2.70528e-10
0.0484626 0.199717 -5.07403 4.20976e-10
0.0483076 0.200508 -3.45488 3.83744e-10
0.0481604 0.20107 -2.29912 6.16394e-10
0.0480385 0.201462 -1.50775 3.83541e-10
0.0479267 0.201782 -0.790002 5.08629e-10
0.0478015 0.202108 0.446427 6.59426e-10
0.0476584 0.202447 0.33344 1.1557e-10
0.0475001 0.202789 1.77616 -4.32571e-11
0.0473218 0.203142 2.55865 9.67595e-11
0.0470871 0.203563 3.78842 1.87174e-10
0.0467258 0.204138 5.40326 3.52862e-11
0.0463191 0.204703 7.03386 -2.89329e-11
0.0459527 0.205155 8.34017 -2.15665e-10
0.0455248 0.205626 9.81591 -2.00361e-10
0.0451766 0.205972 10.8823 -1.56791e-10
0.0448847 0.20624 11.5644 -2.42264e-10
0.0446666 0.206428 12.0954 6.45863e-11
0.044465 0.206593 12.8006 -4.22561e-10
0.0442619 0.206751 13.1275 -3.05964e-10
0.044049 0.206909 13.697 -2.89131e-10
0.0438226 0.207069 14.1226 -2.77817e-10
0.0435955 0.207221 14.5094 2.42819e-11
0.0433764 0.20736 14.856 -1.92491e-10
0.0431724 0.207483 15.3528 -3.07149e-10
0.0429102 0.207632 15.9921 -2.16496e-10
0.0426722 0.207759 16.1424 1.15459e-10
0.0423458 0.207922 16.9688 3.09816e-10
0.0419937 0.208083 17.3797 -1.23872e-09
0.0416592 0.208223 17.0258 -2.9572e-10
0.0413957 0.208323 17.7396 -1.96859e-10
0.0411108 0.208424 18.0273 -3.09273e-10
0.0408264 0.208515 18.3433 -1.89996e-11
0.0405123 0.208607 18.4803 -1.71444e-10
0.0402319 0.20868 19.0105 -2.16359e-10
0.039984 0.208738 18.8422 -5.55173e-11
0.0397442 0.208788 18.5232 1.20936e-10
0.0395142 0.208832 18.8976 -2.31378e-10
0.0392962 0.208868 19.1026 -4.63031e-11
0.0390741 0.2089 19.2722 -9.40788e-11
0.0388309 0.208931 19.1375 -2.58332e-11
0.038545 0.208959 18.9159 3.4962e-11
0.0381981 0.208984 19.1232 -1.97502e-10
0.0377311 0.208999 19.0025 3.60894e-11
0.0372366 0.208994 18.7139 6.69719e-11
0.0367698 0.208969 18.4797 1.29026e-10
0.0363053 0.208924 18.1704 2.78727e-10
0.0358549 0.208861 17.091 -5.84257e-12
0.0354053 0.208779 17.4051 -3.68512e-10
0.0349438 0.208675 16.7997 3.74633e-10
0.0346288 0.208592 15.9692 3.64992e-10
0.034329 0.208503 15.5642 1.34561e-10
0.0340461 0.208411 15.2186 4.59967e-10
0.0337986 0.208323 14.8315 5.10665e-10
0.0335675 0.208235 14.025 1.37073e-10
0.0333517 0.208148 13.5866 4.16941e-10
0.0330791 0.208029 13.4693 3.42845e-10
0.0327171 0.207858 12.5752 3.10125e-10
0.0323905 0.20769 11.9669 4.27986e-10
0.0320703 0.207511 11.0697 3.74828e-10
0.0318323 0.207368 10.15 4.23454e-10
0.0316203 0.207234 9.58055 1.59541e-10
0.0313816 0.207075 8.87884 5.37775e-10
0.0310573 0.206845 8.00478 3.65555e-10
0.0305942 0.206483 6.49311 5.26987e-10
0.029999 0.205954 4.04727 6.35882e-10
0.0293813 0.205314 1.47891 3.56262e-10
0.0288324 0.204646 -1.28745 -3.39824e-10
0.0283783 0.204001 -3.78716 -4.98182e-11
0.0279795 0.203338 -6.15763 -1.54274e-10
0.0277041 0.202809 -7.8943 -3.57276e-10
0.0275149 0.202398 -9.78271 -3.06311e-10
0.0273743 0.20206 -10.5516 -1.3739e-10
0.0272602 0.20176 -11.4239 -7.19731e-10
0.0271593 0.201471 -13.8974 1.7037e-10
0.0270697 0.201189 -15.6971 -7.76185e-10
0.0269788 0.200871 -11.2628 1.11632e-09
0.0268832 0.200491 -15.6229 -1.81981e-09
0.0267932 0.200066 -17.8981 7.61859e-12
0.026694 0.199454 -18.8946 -2.28615e-09
0.0266204 0.19871 -18.2146 -1.8138e-09
0.0265976 0.197945 -22.6363 -1.18983e-09
0.0266255 0.197214 -20.4503 -3.88849e-09
0.0266848 0.196617 -21.7832 -4.1708e-09
0.0267634 0.196096 -23.0293 -2.81419e-09
0.0268849 0.195502 -23.4932 -1.85538e-09
0.027026 0.194959 -23.2659 -1.72651e-09
0.0271421 0.194582 -23.0549 -1.41714e-09
0.0272646 0.194228 -22.8504 -1.27749e-09
0.0273775 0.193932 -22.754 -1.17828e-09
0.0275165 0.193598 -22.7338 -1.16612e-09
0.0277043 0.193191 -22.8855 -1.13005e-09
0.0279724 0.192675 -23.1739 -1.09866e-09
0.0283494 0.192044 -23.5067 -1.10477e-09
0.0287625 0.191447 -23.4227 -1.12198e-09
0.0290964 0.191019 -23.1003 -9.30078e-10
0.0294025 0.190662 -22.6697 -7.46113e-10
0.0297176 0.190325 -22.261 -6.39192e-10
0.0301226 0.18993 -21.745 -5.03105e-10
0.0305925 0.189519 -21.2547 -4.51968e-10
0.0309742 0.189217 -20.9417 -3.45978e-10
0.0312545 0.189013 -20.7336 -3.20502e-10
0.0315391 0.188819 -20.7342 -3.53537e-10
0.0317723 0.188669 -20.5873 -2.93984e-10
0.0320106 0.188524 -20.5239 -3.59901e-10
0.0322443 0.18839 -20.6383 -3.22235e-10
0.0324484 0.18828 -20.596 -2.9935e-10
0.032717 0.188142 -20.6549 -3.22265e-10
0.0329585 0.188026 -20.6751 -2.45066e-10
0.0332338 0.187903 -20.6258 -2.41226e-10
0.0334794 0.1878 -20.5716 -2.53467e-10
0.033704 0.187712 -20.3812 -2.87316e-10
0.0339878 0.187609 -20.3758 -3.67506e-10
0.0342344 0.187527 -20.3972 -1.56523e-10
0.0345561 0.187429 -20.0112 -3.83745e-10
0.0348361 0.187352 -19.8641 -2.43528e-10
0.0351169 0.187283 -19.7 -2.78853e-10
0.0353458 0.187233 -19.5951 -2.17526e-10
0.0355889 0.187185 -19.1626 -3.03105e-10
0.0358167 0.187145 -18.6523 -5.25241e-10
0.0360422 0.18711 -18.8252 5.9134e-12
0.0362804 0.187079 -19.1133 -2.43699e-10
0.0365507 0.18705 -18.2179 -9.10565e-11
0.0368322 0.187027 -17.7578 -3.51307e-10
0.0371926 0.187007 -17.3253 -3.396e-10
0.0375935 0.187 -16.7436 -1.38078e-10
0.0380411 0.187009 -15.9468 -5.88827e-11
0.0385579 0.187042 -15.0013 -2.47346e-10
0.039199 0.187117 -13.7165 -4.10608e-10
0.0397923 0.187221 -12.3757 -1.45727e-10
0.0402605 0.187327 -11.6616 -3.55695e-10
0.0405784 0.187412 -11.3593 -5.00017e-10
0.0408816 0.187502 -10.4612 -1.86675e-10
0.0411985 0.187606 -9.87527 -2.66981e-10
0.0414408 0.187693 -9.45336 -8.56088e-11
0.0417022 0.187795 -9.0661 -1.14975e-10
0.0420528 0.187943 -8.53273 -7.48543e-11
0.0423709 0.18809 -8.0096 -8.51514e-11
0.0427015 0.188256 -7.76469 8.12733e-12
0.0429883 0.188412 -7.36605 -3.52796e-11
0.0431919 0.188529 -7.13161 -9.72789e-13
0.0433972 0.188653 -6.94927 2.4216e-11
0.0436179 0.188794 -6.71531 -3.17081e-11
0.0438532 0.188952 -6.47024 3.47861e-11
0.0440855 0.189117 -6.25088 4.88628e-11
0.0443024 0.18928 -6.02261 4.72652e-11
0.044512 0.189445 -5.80523 6.61704e-11
0.0447162 0.189614 -5.58635 -1.16179e-11
0.044948 0.189816 -5.3273 2.32362e-11
0.0452342 0.190083 -5.0094 3.91037e-11
0.0455751 0.190427 -4.62503 -2.33664e-11
0.045856 0.190734 -4.31209 1.51292e-12
0.0461129 0.191037 -4.03864 4.95339e-11
0.0463687 0.191362 -3.76704 4.23141e-11
0.0465564 0.191617 -3.57215 4.54327e-11
0.0467048 0.191831 -3.41818 4.93613e-11
0.04683 0.19202 -3.29764 1.99188e-11
0.0469522 0.192213 -3.16831 1.08068e-11
0.0470722 0.192412 -3.05276 2.75814e-11
0.0471864 0.19261 -2.94576 9.20883e-12
0.0472961 0.19281 -2.84761 1.04047e-11
0.0474106 0.19303 -2.77188 1.64661e-11
0.0475365 0.193287 -2.67564 1.81231e-11
0.0476953 0.193637 -2.62924 3.38178e-11
0.0478424 0.193995 -2.64978 5.36053e-11
0.0479551 0.194296 -2.69264 8.92989e-11
0.0480496 0.194572 -2.88729 1.21845e-10
0.0481416 0.194866 -3.09665 1.90942e-10
0.0482235 0.195156 -3.35808 2.32638e-10
0.0482961 0.195443 -3.83783 4.24583e-10
0.0483781 0.195814 -4.38823 6.18025e-10
0.0484747 0.196361 -5.15707 8.51902e-10
0.0485656 0.197163 -6.45551 3.51486e-10
