x y fp fmu
0.0463846 0.198 -8.06822 4.77653e-10
0.0463532 0.198831 -7.94349 4.44882e-11
0.0462497 0.199717 -7.5668 2.79422e-10
0.0460948 0.200508 -7.17164 3.58073e-10
0.0459476 0.20107 -6.80539 4.76766e-10
0.0458257 0.201462 -6.52617 4.12298e-10
0.0457139 0.201782 -6.17872 5.0844e-10
0.0455886 0.202108 -5.57832 5.82341e-10
0.0454455 0.202447 -5.61956 3.63098e-10
0.0452872 0.202789 -4.7072 2.73196e-10
0.0451089 0.203142 -4.19736 3.49224e-10
0.0448742 0.203563 -3.26347 4.02136e-10
0.044513 0.204138 -1.95258 3.43698e-10
0.0441063 0.204703 -0.461422 3.08997e-10
0.0437398 0.205155 0.808279 1.22441e-10
0.043312 0.205626 2.33735 1.27682e-10
0.0429638 0.205972 3.49584 1.61703e-10
0.0426718 0.20624 4.28098 4.83378e-11
0.0424537 0.206428 5.00111 3.74404e-10
0.0422521 0.206593 5.80205 -1.07803e-10
0.0420491 0.206751 6.24721 -1.05038e-12
0.0418361 0.206909 7.01759 1.364e-11
0.0416098 0.207069 7.57609 -1.98057e-11
0.0413827 0.207221 8.16596 3.09128e-10
0.0411636 0.20736 8.67483 4.4285e-11
0.0409596 0.207483 9.4243 -2.47147e-11
0.0406973 0.207632 10.312 9.74161e-11
0.0404594 0.207759 10.5541 4.14148e-10
0.0401329 0.207922 12.2067 9.08913e-10
0.0397808 0.208083 12.4488 -1.80955e-09
0.0394463 0.208223 12.3544 -2.23443e-10
0.0391828 0.208323 13.5321 -1.3373e-11
0.038898 0.208424 14.1776 -1.20964e-10
0.0386135 0.208515 14.7809 3.16563e-10
0.0382994 0.208607 15.3049 1.0508e-10
0.038019 0.20868 16.4332 2.9293e-11
0.0377711 0.208738 15.8942 -6.6763e-11
0.0375313 0.208788 15.9495 3.50183e-10
0.0373013 0.208832 16.9882 7.80926e-13
0.0370833 0.208868 17.4099 2.86146e-10
0.0368612 0.2089 17.8444 1.68915e-10
0.0366181 0.208931 17.7051 7.467e-11
0.0363321 0.208959 17.9924 4.89147e-10
0.0359853 0.208984 18.7086 1.04673e-10
0.0355183 0.208999 19.0251 3.02478e-10
0.0350237 0.208994 19.3246 3.44821e-10
0.034557 0.208969 19.6892 3.47771e-10
0.0340924 0.208924 19.7218 5.78267e-10
0.033642 0.208861 19.5028 6.44273e-10
0.0331925 0.208779 20.2283 2.11159e-10
0.0327309 0.208675 19.7039 8.0597e-10
0.0324159 0.208592 19.41 7.37843e-10
0.0321161 0.208503 19.3711 6.88352e-10
0.0318333 0.208411 19.2844 8.12809e-10
0.0315857 0.208323 19.0305 1.05872e-09
0.0313547 0.208235 18.3605 7.37556e-10
0.0311388 0.208148 18.472 6.93065e-10
0.0308662 0.208029 18.458 7.50305e-10
0.0305043 0.207858 17.8752 7.49108e-10
0.0301776 0.20769 17.4889 9.07349e-10
0.0298574 0.207511 16.7397 9.57462e-10
0.0296195 0.207368 16.0545 9.39882e-10
0.0294075 0.207234 15.6667 7.85304e-10
0.0291687 0.207075 15.1659 1.048e-09
0.0288444 0.206845 14.5282 9.04433e-10
0.0283814 0.206483 13.2668 1.17429e-09
0.0277861 0.205954 11.2244 1.36886e-09
0.0271684 0.205314 8.94351 1.18176e-09
0.0266195 0.204646 6.2132 6.77453e-10
0.0261655 0.204001 3.70506 8.79682e-10
0.0257666 0.203338 1.28385 7.78076e-10
0.0254913 0.202809 -0.721218 6.79465e-10
0.025302 0.202398 -2.72044 6.34889e-10
0.0251614 0.20206 -3.74723 9.11975e-10
0.0250473 0.20176 -5.07035 3.41416e-10
0.0249464 0.201471 -7.58285 1.06568e-09
0.0248569 0.201189 -8.74838 -3.34526e-10
0.0247659 0.200871 -5.86741 1.71882e-09
0.0246703 0.200491 -10.7316 -3.96269e-10
0.0245804 0.200066 -13.1847 8.11565e-10
0.0244811 0.199454 -14.9721 -1.42279e-09
0.0244075 0.19871 -15.6153 -1.80908e-09
0.0243847 0.197945 -22.1794 3.86391e-10
0.0244127 0.197214 -20.3628 -4.14665e-09
0.0244719 0.196617 -23.5059 -4.74105e-09
0.0245506 0.196096 -26.4333 -3.27208e-09
0.024672 0.195502 -28.4397 -2.12717e-09
0.0248132 0.194959 -29.1303 -2.98521e-09
0.0249293 0.194582 -29.6386 -3.22585e-09
0.0250517 0.194228 -30.125 -3.89665e-09
0.0251646 0.193932 -29.9967 -3.82805e-09
0.0253037 0.193598 -29.9391 -4.19806e-09
0.0254914 0.193191 -29.6463 -4.09538e-09
0.0257596 0.192675 -28.8211 -4.01854e-09
0.0261365 0.192044 -27.98 -3.04736e-09
0.0265497 0.191447 -26.9358 -2.32528e-09
0.0268835 0.191019 -26.0875 -2.01649e-09
0.0271897 0.190662 -25.3857 -1.7984e-09
0.0275048 0.190325 -25.0534 -1.55363e-09
0.0279097 0.18993 -24.6928 -1.30389e-09
0.0283796 0.189519 -24.0471 -1.16488e-09
0.0287613 0.189217 -23.8328 -9.50598e-10
0.0290416 0.189013 -23.3817 -1.07482e-09
0.0293262 0.188819 -23.2206 -8.86023e-10
0.0295594 0.188669 -23.2166 -7.10795e-10
0.0297977 0.188524 -22.7955 -7.26978e-10
0.0300314 0.18839 -22.6396 -7.02894e-10
0.0302356 0.18828 -22.6249 -6.07395e-10
0.0305041 0.188142 -22.4178 -6.03278e-10
0.0307457 0.188026 -22.4676 -4.76348e-10
0.031021 0.187903 -22.2776 -3.82178e-10
0.0312665 0.1878 -22.2098 -3.59043e-10
0.0314911 0.187712 -21.9835 -3.60763e-10
0.0317749 0.187609 -22.0189 -3.93877e-10
0.0320216 0.187527 -22.1072 -1.65755e-10
0.0323433 0.187429 -21.9192 -3.48132e-10
0.0326232 0.187352 -21.9431 -2.35e-10
0.032904 0.187283 -21.9957 -2.4945e-10
0.0331329 0.187233 -22.0491 -1.69611e-10
0.033376 0.187185 -21.8234 -2.49819e-10
0.0336038 0.187145 -21.5399 -4.94123e-10
0.0338294 0.18711 -21.9286 2.10471e-10
0.0340676 0.187079 -22.5848 -1.03324e-10
0.0343378 0.18705 -21.8807 3.10587e-11
0.0346193 0.187027 -21.6963 -2.35473e-10
0.0349797 0.187007 -21.626 -2.2867e-10
0.0353806 0.187 -21.4889 2.63685e-11
0.0358283 0.187009 -21.2382 1.12909e-10
0.0363451 0.187042 -20.9216 -2.82084e-11
0.0369861 0.187117 -20.2602 -2.89986e-10
0.0375794 0.187221 -19.3375 5.65898e-11
0.0380476 0.187327 -19.0756 -2.89072e-10
0.0383655 0.187412 -19.062 -6.29105e-10
0.0386687 0.187502 -17.9081 -1.75383e-10
0.0389856 0.187606 -17.2752 -3.04919e-10
0.039228 0.187693 -16.8383 9.5621e-12
0.0394893 0.187795 -16.4441 -8.28193e-11
0.03984 0.187943 -15.7648 -6.46314e-11
0.0401581 0.18809 -14.8535 -1.61185e-10
0.0404886 0.188256 -14.9957 -6.29559e-12
0.0407754 0.188412 -14.0835 -2.68346e-10
0.040979 0.188529 -13.6295 -1.57291e-10
0.0411844 0.188653 -13.3877 -1.21572e-10
0.041405 0.188794 -12.9236 -3.21973e-10
0.0416403 0.188952 -12.4845 -9.9595e-11
0.0418726 0.189117 -12.1938 -7.86894e-11
0.0420895 0.18928 -11.8495 -1.2267e-10
0.0422991 0.189445 -11.5641 -5.91427e-11
0.0425033 0.189614 -11.2952 -2.12874e-10
0.0427351 0.189816 -10.9904 -8.64933e-11
0.0430214 0.190083 -10.6781 -5.8779e-11
0.0433622 0.190427 -10.3532 -1.09558e-10
0.0436432 0.190734 -10.0952 -3.54161e-11
0.0439 0.191037 -9.90369 2.11921e-11
0.0441558 0.191362 -9.7284 2.02885e-11
0.0443436 0.191617 -9.61366 4.75322e-11
0.044492 0.191831 -9.52862 6.08906e-11
0.0446171 0.19202 -9.47309 5.55019e-11
0.0447393 0.192213 -9.41516 5.89676e-11
0.0448594 0.192412 -9.35047 9.57189e-11
0.0449735 0.19261 -9.2917 8.76826e-11
0.0450832 0.19281 -9.2348 1.07453e-10
0.0451978 0.19303 -9.1773 1.08958e-10
0.0453237 0.193287 -9.10526 1.28593e-10
0.0454824 0.193637 -9.01171 1.41347e-10
0.0456296 0.193995 -8.92614 1.46053e-10
0.0457423 0.194296 -8.84814 1.60232e-10
0.0458368 0.194572 -8.77311 1.63627e-10
0.0459287 0.194866 -8.71957 1.50959e-10
0.0460106 0.195156 -8.63278 1.8834e-10
0.0460832 0.195443 -8.56374 1.81312e-10
0.0461652 0.195814 -8.47966 1.82488e-10
0.0462618 0.196361 -8.30755 2.31216e-10
0.0463527 0.197163 -8.13571 1.44186e-10
