x y fp fmu
0.0432353 0.198 -13.0999 6.49799e-10
0.0432039 0.198831 -12.8083 8.59442e-11
0.0431004 0.199717 -12.2434 3.05961e-10
0.0429455 0.200508 -11.6155 3.7608e-10
0.0427983 0.20107 -11.1273 5.18587e-10
0.0426764 0.201462 -10.8035 4.48566e-10
0.0425646 0.201782 -10.3961 6.11682e-10
0.0424393 0.202108 -9.74179 6.13592e-10
0.0422962 0.202447 -9.9115 4.42081e-10
0.0421379 0.202789 -8.90963 3.17937e-10
0.0419596 0.203142 -8.43743 4.53715e-10
0.0417249 0.203563 -7.48486 4.90617e-10
0.0413637 0.204138 -6.17781 4.54284e-10
0.040957 0.204703 -4.6958 4.4117e-10
0.0405906 0.205155 -3.38898 2.87763e-10
0.0401627 0.205626 -1.74535 2.95556e-10
0.0398145 0.205972 -0.511819 3.27352e-10
0.0395226 0.20624 0.274215 1.61629e-10
0.0393045 0.206428 1.1245 5.39163e-10
0.0391029 0.206593 1.96053 9.66217e-12
0.0388998 0.206751 2.4191 1.32103e-10
0.0386868 0.206909 3.3018 1.45736e-10
0.0384605 0.207069 3.88184 8.09025e-11
0.0382334 0.207221 4.53696 4.20225e-10
0.0380143 0.20736 5.0962 1.44742e-10
0.0378103 0.207483 5.99828 1.16645e-10
0.037548 0.207632 6.93864 2.48073e-10
0.0373101 0.207759 7.22216 6.23799e-10
0.0369836 0.207922 9.45789 1.27167e-09
0.0366315 0.208083 9.27227 -2.26646e-09
0.036297 0.208223 9.3929 -3.08833e-10
0.0360335 0.208323 10.7532 6.49573e-11
0.0357487 0.208424 11.5334 -3.4236e-11
0.0354642 0.208515 12.2013 4.22557e-10
0.0351501 0.208607 12.9041 2.30513e-10
0.0348697 0.20868 14.1973 1.33187e-10
0.0346219 0.208738 13.4448 -7.25196e-11
0.034382 0.208788 13.8097 3.97349e-10
0.034152 0.208832 15.0884 1.19027e-10
0.033934 0.208868 15.5246 3.88436e-10
0.0337119 0.2089 16.0417 2.67352e-10
0.0334688 0.208931 15.9306 8.8321e-11
0.0331828 0.208959 16.4834 5.88514e-10
0.032836 0.208984 17.34 1.99706e-10
0.032369 0.208999 17.8645 3.48703e-10
0.0318744 0.208994 18.4477 3.84104e-10
0.0314077 0.208969 19.0132 3.21795e-10
0.0309431 0.208924 19.2218 5.44257e-10
0.0304927 0.208861 19.4721 6.99298e-10
0.0300432 0.208779 20.1536 3.66352e-10
0.0295816 0.208675 19.8137 7.60697e-10
0.0292666 0.208592 19.8019 6.93314e-10
0.0289668 0.208503 19.8843 7.23573e-10
0.028684 0.208411 19.9098 7.63695e-10
0.0284364 0.208323 19.7604 9.95846e-10
0.0282054 0.208235 19.2945 7.86587e-10
0.0279895 0.208148 19.5761 6.69096e-10
0.0277169 0.208029 19.5516 7.77948e-10
0.027355 0.207858 19.1746 7.87374e-10
0.0270283 0.20769 18.8967 9.44555e-10
0.0267082 0.207511 18.3314 1.00857e-09
0.0264702 0.207368 17.8588 9.66177e-10
0.0262582 0.207234 17.5856 8.49592e-10
0.0260194 0.207075 17.2344 1.07363e-09
0.0256951 0.206845 16.7447 9.4375e-10
0.0252321 0.206483 15.7051 1.23025e-09
0.0246368 0.205954 14.0106 1.43025e-09
0.0240191 0.205314 12.0025 1.24947e-09
0.0234703 0.204646 9.59564 8.03748e-10
0.0230162 0.204001 7.39413 9.42257e-10
0.0226173 0.203338 5.19143 8.24755e-10
0.022342 0.202809 3.32449 7.01442e-10
0.0221527 0.202398 1.53405 5.97509e-10
0.0220121 0.20206 0.504178 8.58361e-10
0.021898 0.20176 -0.750479 3.05312e-10
0.0217971 0.201471 -2.76713 9.31372e-10
0.0217076 0.201189 -3.74971 -4.75695e-10
0.0216166 0.200871 -2.22413 1.16388e-09
0.021521 0.200491 -6.00064 -1.32981e-10
0.0214311 0.200066 -8.10909 5.61378e-10
0.0213318 0.199454 -10.0071 -1.16989e-09
0.0212583 0.19871 -11.3314 -1.96226e-09
0.0212354 0.197945 -16.6978 3.78934e-10
0.0212634 0.197214 -16.1258 -3.62974e-09
0.0213226 0.196617 -18.4987 -4.13716e-09
0.0214013 0.196096 -21.0593 -2.88185e-09
0.0215227 0.195502 -22.863 -2.16305e-09
0.0216639 0.194959 -23.7148 -2.81148e-09
0.02178 0.194582 -24.1849 -2.98228e-09
0.0219024 0.194228 -24.6287 -3.53952e-09
0.0220153 0.193932 -24.5894 -3.50354e-09
0.0221544 0.193598 -24.474 -3.85555e-09
0.0223422 0.193191 -24.0578 -3.97307e-09
0.0226103 0.192675 -23.1194 -3.8422e-09
0.0229872 0.192044 -21.5943 -2.92406e-09
0.0234004 0.191447 -19.8664 -2.10717e-09
0.0237342 0.191019 -18.5783 -1.75727e-09
0.0240404 0.190662 -17.3618 -1.55881e-09
0.0243555 0.190325 -16.7721 -1.28215e-09
0.0247605 0.18993 -16.5487 -1.09915e-09
0.0252303 0.189519 -16.2738 -8.41729e-10
0.0256121 0.189217 -16.4141 -7.1125e-10
0.0258923 0.189013 -16.3594 -7.51042e-10
0.0261769 0.188819 -16.4292 -5.59722e-10
0.0264101 0.188669 -16.6709 -4.30562e-10
0.0266484 0.188524 -16.5943 -4.60088e-10
0.0268822 0.18839 -16.6593 -4.6399e-10
0.0270863 0.18828 -16.8512 -3.83985e-10
0.0273549 0.188142 -16.9217 -4.02939e-10
0.0275964 0.188026 -17.1878 -2.89263e-10
0.0278717 0.187903 -17.2823 -2.4066e-10
0.0281172 0.1878 -17.4445 -2.20448e-10
0.0283418 0.187712 -17.4397 -2.38794e-10
0.0286256 0.187609 -17.6547 -2.67948e-10
0.0288723 0.187527 -17.9136 -8.45841e-11
0.029194 0.187429 -17.9703 -2.62729e-10
0.0294739 0.187352 -18.1617 -1.68027e-10
0.0297547 0.187283 -18.3618 -1.91945e-10
0.0299837 0.187233 -18.5342 -1.10452e-10
0.0302268 0.187185 -18.4851 -1.8064e-10
0.0304546 0.187145 -18.2725 -4.29196e-10
0.0306801 0.18711 -18.6697 2.5401e-10
0.0309183 0.187079 -19.6845 -1.73094e-10
0.0311885 0.18705 -19.1069 2.54216e-11
0.03147 0.187027 -19.0526 -2.25386e-10
0.0318304 0.187007 -19.1837 -1.90727e-10
0.0322313 0.187 -19.212 1.28491e-11
0.032679 0.187009 -19.1576 1.23861e-10
0.0331958 0.187042 -18.9701 -1.22186e-10
0.0338368 0.187117 -18.4968 -4.0529e-10
0.0344302 0.187221 -17.657 2.75044e-11
0.0348983 0.187327 -17.4752 -5.39422e-10
0.0352162 0.187412 -17.9553 -7.73364e-10
0.0355194 0.187502 -16.7323 -3.2187e-10
0.0358363 0.187606 -16.2068 -3.91933e-10
0.0360787 0.187693 -15.9094 -7.55275e-11
0.03634 0.187795 -15.6768 -1.46085e-10
0.0366907 0.187943 -15.3045 -1.32106e-10
0.0370088 0.18809 -14.6279 -2.3052e-10
0.0373393 0.188256 -14.9832 -1.2268e-11
0.0376262 0.188412 -14.5102 -2.9941e-10
0.0378297 0.188529 -14.2552 -1.65853e-10
0.0380351 0.188653 -14.2147 -1.40908e-10
0.0382557 0.188794 -14.0971 -2.22121e-10
0.038491 0.188952 -13.9611 -8.10824e-11
0.0387233 0.189117 -13.939 -3.3768e-11
0.0389402 0.18928 -13.9102 -5.93524e-11
0.0391499 0.189445 -13.8957 -1.40278e-12
0.0393541 0.189614 -13.9285 -1.65012e-11
0.0395858 0.189816 -13.9538 5.36252e-11
0.0398721 0.190083 -14.0109 7.27989e-11
0.0402129 0.190427 -14.1481 1.22337e-10
0.0404939 0.190734 -14.2699 1.59772e-10
0.0407507 0.191037 -14.3155 1.91883e-10
0.0410065 0.191362 -14.4007 2.25232e-10
0.0411943 0.191617 -14.4317 2.5422e-10
0.0413427 0.191831 -14.4429 2.93562e-10
0.0414678 0.19202 -14.4461 2.88342e-10
0.0415901 0.192213 -14.513 2.37563e-10
0.0417101 0.192412 -14.4802 2.72618e-10
0.0418242 0.19261 -14.4488 2.61501e-10
0.0419339 0.19281 -14.4309 2.76465e-10
0.0420485 0.19303 -14.3857 2.534e-10
0.0421744 0.193287 -14.3372 2.69861e-10
0.0423331 0.193637 -14.221 2.64342e-10
0.0424803 0.193995 -14.1068 2.4146e-10
0.042593 0.194296 -14.008 2.44728e-10
0.0426875 0.194572 -13.8621 2.32612e-10
0.0427794 0.194866 -13.7853 1.86254e-10
0.0428614 0.195156 -13.686 2.48758e-10
0.0429339 0.195443 -13.5545 2.08712e-10
0.043016 0.195814 -13.447 2.02124e-10
0.0431126 0.196361 -13.2389 2.52917e-10
0.0432034 0.197163 -13.0849 1.6518e-10
