x y fp fmu
0.0394809 0.198 -22.7744 3.19653e-08
0.0394494 0.198831 -20.4291 3.7408e-10
0.039346 0.199717 -18.9625 -6.28463e-10
0.039191 0.200508 -15.0457 2.61791e-11
0.0390438 0.20107 -12.9054 7.50107e-10
0.0389219 0.201462 -11.7201 2.02395e-10
0.0388102 0.201782 -10.3916 1.25091e-09
0.0386849 0.202108 -7.40084 6.93927e-10
0.0385418 0.202447 -10.1158 1.20367e-10
0.0383835 0.202789 -6.5338 -1.00551e-09
0.0382052 0.203142 -5.76407 -6.74731e-11
0.0379705 0.203563 -3.81441 -2.1725e-10
0.0376092 0.204138 -1.51614 -2.56028e-10
0.0372025 0.204703 0.698643 -4.50274e-10
0.0368361 0.205155 2.38061 -6.94633e-10
0.0364082 0.205626 4.44674 -6.30401e-10
0.03606 0.205972 5.89559 -4.89223e-10
0.0357681 0.20624 6.6401 -6.98816e-10
0.03555 0.206428 7.5698 -2.16364e-10
0.0353484 0.206593 8.59659 -9.38312e-10
0.0351453 0.206751 8.91826 -6.85899e-10
0.0349324 0.206909 9.88476 -6.94714e-10
0.0347061 0.207069 10.4126 -6.89946e-10
0.034479 0.207221 10.9429 -3.44321e-10
0.0342598 0.20736 11.3827 -6.21287e-10
0.0340558 0.207483 12.2237 -6.89578e-10
0.0337936 0.207632 13.1217 -5.1744e-10
0.0335556 0.207759 13.2067 6.6755e-11
0.0332292 0.207922 14.9297 3.85373e-10
0.0328771 0.208083 14.7644 -2.37081e-09
0.0325426 0.208223 14.6798 -8.96418e-10
0.0322791 0.208323 15.6679 -4.37858e-10
0.0319942 0.208424 16.1374 -5.96174e-10
0.0317098 0.208515 16.5651 -2.53751e-10
0.0313957 0.208607 16.8696 -3.57324e-10
0.0311153 0.20868 17.7023 -4.93609e-10
0.0308674 0.208738 17.3604 -2.53723e-10
0.0306276 0.208788 17.2329 -9.38559e-11
0.0303976 0.208832 17.8748 -4.5685e-10
0.0301796 0.208868 18.1496 -2.62472e-10
0.0299575 0.2089 18.4216 -2.83335e-10
0.0297143 0.208931 18.3103 -2.35196e-10
0.0294284 0.208959 18.2934 -1.69249e-10
0.0290815 0.208984 18.6722 -4.37225e-10
0.0286145 0.208999 18.7739 -1.7826e-10
0.02812 0.208994 18.7436 -1.51857e-10
0.0276532 0.208969 18.7733 -7.3562e-11
0.0271887 0.208924 18.6245 6.99072e-11
0.0267383 0.208861 17.9382 -1.34233e-10
0.0262888 0.208779 18.4061 -5.17045e-10
0.0258272 0.208675 17.9309 1.81651e-10
0.0255122 0.208592 17.4448 1.18437e-10
0.0252124 0.208503 17.2036 -7.27454e-11
0.0249295 0.208411 16.9841 2.28964e-10
0.024682 0.208323 16.7124 2.39233e-10
0.024451 0.208235 16.1116 -7.04289e-11
0.0242351 0.208148 15.9532 1.25408e-10
0.0239625 0.208029 15.7848 8.34708e-11
0.0236005 0.207858 15.1564 2.44597e-11
0.0232739 0.20769 14.6691 1.0374e-10
0.0229537 0.207511 14.0167 6.81917e-11
0.0227157 0.207368 13.4279 9.42364e-11
0.0225037 0.207234 13.0063 -1.14015e-10
0.022265 0.207075 12.4997 1.8068e-10
0.0219407 0.206845 11.8163 5.88927e-11
0.0214776 0.206483 10.6833 1.9468e-10
0.0208824 0.205954 8.97095 2.92821e-10
0.0202647 0.205314 7.07112 9.28885e-12
0.0197158 0.204646 5.11213 -3.69504e-10
0.0192618 0.204001 3.31445 -1.93337e-10
0.0188629 0.203338 1.6245 -2.70943e-10
0.0185876 0.202809 0.376501 -3.88955e-10
0.0183983 0.202398 -0.633541 -4.04193e-10
0.0182577 0.20206 -1.28993 -2.62912e-10
0.0181436 0.20176 -1.89025 -5.40987e-10
0.0180427 0.201471 -2.73865 -2.62811e-10
0.0179532 0.201189 -3.37953 -6.44804e-10
0.0178622 0.200871 -3.15353 -3.43367e-10
0.0177666 0.200491 -4.21607 -6.14659e-10
0.0176766 0.200066 -4.85273 -5.12319e-10
0.0175774 0.199454 -5.55691 -7.44242e-10
0.0175038 0.19871 -5.66357 -1.09573e-09
0.017481 0.197945 -5.8915 -6.89101e-10
0.0175089 0.197214 -5.51564 -3.70381e-10
0.0175682 0.196617 -4.64106 -1.4493e-10
0.0176468 0.196096 -4.07271 -5.47341e-11
0.0177683 0.195502 -3.76174 -7.63446e-11
0.0179095 0.194959 -3.67552 -1.323e-11
0.0180255 0.194582 -3.67499 1.32702e-11
0.018148 0.194228 -3.72847 2.34777e-11
0.0182609 0.193932 -3.80736 1.38874e-11
0.0183999 0.193598 -3.92536 2.40686e-14
0.0185877 0.193191 -4.10306 -2.25878e-11
0.0188558 0.192675 -4.36949 -3.60473e-11
0.0192328 0.192044 -4.72116 -3.45381e-11
0.0196459 0.191447 -5.09808 6.50853e-13
0.0199798 0.191019 -5.42021 1.74655e-11
0.0202859 0.190662 -5.73441 1.88465e-11
0.0206011 0.190325 -6.06675 8.32092e-12
0.021006 0.18993 -6.50381 4.11297e-11
0.0214759 0.189519 -7.04631 4.89195e-11
0.0218576 0.189217 -7.4677 8.04978e-11
0.0221379 0.189013 -7.83781 1.66751e-10
0.0224225 0.188819 -8.22936 1.1981e-10
0.0226557 0.188669 -8.47301 9.27028e-11
0.022894 0.188524 -8.88122 1.35954e-10
0.0231277 0.18839 -9.32252 1.67884e-10
0.0233318 0.18828 -9.58897 1.81519e-10
0.0236004 0.188142 -10.1586 2.47334e-10
0.023842 0.188026 -10.4586 1.9051e-10
0.0241173 0.187903 -11.063 1.88491e-10
0.0243628 0.1878 -11.4297 1.84165e-10
0.0245874 0.187712 -12.0213 1.47175e-10
0.0248712 0.187609 -12.7813 2.44081e-10
0.0251178 0.187527 -13.0106 9.27624e-11
0.0254395 0.187429 -13.7624 4.20803e-10
0.0257195 0.187352 -14.4458 9.87983e-11
0.0260003 0.187283 -15.0266 2.05615e-10
0.0262292 0.187233 -15.3485 1.26159e-10
0.0264723 0.187185 -15.8057 1.69671e-10
0.0267001 0.187145 -16.7266 3.39724e-10
0.0269257 0.18711 -17.3701 -1.13138e-10
0.0271638 0.187079 -16.4922 5.92844e-10
0.0274341 0.18705 -17.3548 1.69936e-10
0.0277156 0.187027 -18.0904 3.74474e-10
0.028076 0.187007 -18.6496 1.96271e-10
0.0284769 0.187 -19.1281 1.2481e-10
0.0289245 0.187009 -19.7291 8.86026e-12
0.0294413 0.187042 -20.3434 3.09242e-10
0.0300824 0.187117 -20.9321 3.97184e-10
0.0306757 0.187221 -21.701 6.38948e-11
0.0311439 0.187327 -22.1796 6.94938e-10
0.0314618 0.187412 -21.419 5.91829e-10
0.031765 0.187502 -22.0404 3.81761e-10
0.0320819 0.187606 -22.3199 3.63633e-10
0.0323243 0.187693 -22.3587 2.56806e-10
0.0325856 0.187795 -22.4244 2.50815e-10
0.0329363 0.187943 -22.3738 3.14629e-10
0.0332543 0.18809 -22.5453 2.28962e-10
0.0335849 0.188256 -22.603 4.12586e-10
0.0338717 0.188412 -22.4055 4.28151e-10
0.0340753 0.188529 -22.5627 4.55271e-10
0.0342806 0.188653 -22.6461 5.24624e-10
0.0345013 0.188794 -22.643 4.82355e-10
0.0347366 0.188952 -22.8227 5.14607e-10
0.0349689 0.189117 -22.9873 5.71912e-10
0.0351858 0.18928 -23.0808 5.80053e-10
0.0353954 0.189445 -23.2145 6.2756e-10
0.0355996 0.189614 -23.2832 5.93592e-10
0.0358314 0.189816 -23.4499 6.3229e-10
0.0361176 0.190083 -23.5709 7.21459e-10
0.0364585 0.190427 -23.6065 7.9713e-10
0.0367394 0.190734 -23.8729 7.27654e-10
0.0369963 0.191037 -23.9328 8.50539e-10
0.0372521 0.191362 -23.9581 8.95127e-10
0.0374398 0.191617 -24.0655 9.6984e-10
0.0375882 0.191831 -24.0416 1.1306e-09
0.0377134 0.19202 -24.0147 1.11161e-09
0.0378356 0.192213 -24.3947 1.01498e-09
0.0379556 0.192412 -24.5866 1.22693e-09
0.0380698 0.19261 -24.679 1.22978e-09
0.0381795 0.19281 -24.8973 1.36605e-09
0.038294 0.19303 -25.1532 1.44845e-09
0.0384199 0.193287 -25.3797 1.63149e-09
0.0385787 0.193637 -25.5186 1.88184e-09
0.0387259 0.193995 -25.7485 1.93301e-09
0.0388385 0.194296 -25.8408 2.12546e-09
0.038933 0.194572 -25.5804 2.23482e-09
0.039025 0.194866 -25.8887 2.08678e-09
0.0391069 0.195156 -25.9521 2.5673e-09
0.0391795 0.195443 -25.39 2.6914e-09
0.0392615 0.195814 -25.7613 2.60254e-09
0.0393581 0.196361 -24.6096 3.18068e-09
0.039449 0.197163 -24.1057 -2.99055e-09
