x y fp fmu
0.0475639 0.198 -11.0151 1.69319e-08
0.0475324 0.198831 -9.39093 -3.5061e-10
0.047429 0.199717 -6.7735 -1.15592e-10
0.047274 0.200508 -3.68596 7.83831e-11
0.0471269 0.20107 -1.80383 4.08387e-10
0.0470049 0.201462 -0.591647 1.85891e-11
0.0468932 0.201782 0.410236 2.66245e-10
0.0467679 0.202108 2.27032 4.95553e-10
0.0466248 0.202447 1.73075 -3.65237e-10
0.0464665 0.202789 3.65206 -6.94064e-10
0.0462882 0.203142 4.60455 -3.84575e-10
0.0460535 0.203563 6.06198 -3.38515e-10
0.0456922 0.204138 7.90769 -5.11841e-10
0.0452855 0.204703 9.63444 -5.73874e-10
0.0449191 0.205155 10.9551 -7.77285e-10
0.0444912 0.205626 12.4278 -7.36521e-10
0.0441431 0.205972 13.4753 -6.36624e-10
0.0438511 0.20624 14.0584 -7.12407e-10
0.043633 0.206428 14.4398 -4.43941e-10
0.0434314 0.206593 15.1931 -9.24118e-10
0.0432283 0.206751 15.4736 -7.5017e-10
0.0430154 0.206909 15.9608 -7.36883e-10
0.0427891 0.207069 16.3237 -7.01666e-10
0.042562 0.207221 16.5687 -4.72083e-10
0.0423428 0.20736 16.793 -6.37858e-10
0.0421388 0.207483 17.1348 -8.00699e-10
0.0418766 0.207632 17.7083 -6.73042e-10
0.0416387 0.207759 17.8184 -2.64731e-10
0.0413122 0.207922 18.0986 -2.77972e-10
0.0409601 0.208083 18.7245 -9.99003e-10
0.0406256 0.208223 18.2007 -5.80156e-10
0.0403621 0.208323 18.5442 -4.80686e-10
0.0400772 0.208424 18.62 -5.91917e-10
0.0397928 0.208515 18.7987 -4.27499e-10
0.0394787 0.208607 18.6884 -4.68668e-10
0.0391983 0.20868 18.8681 -5.15419e-10
0.0389504 0.208738 19.0406 -1.28181e-10
0.0387106 0.208788 18.4177 -1.51264e-10
0.0384806 0.208832 18.2799 -5.10412e-10
0.0382626 0.208868 18.3885 -4.06666e-10
0.0380405 0.2089 18.4133 -3.66817e-10
0.0377973 0.208931 18.3335 -1.60931e-10
0.0375114 0.208959 17.7289 -4.2243e-10
0.0371646 0.208984 17.5913 -5.27183e-10
0.0366975 0.208999 17.2421 -2.1077e-10
0.036203 0.208994 16.5322 -2.4621e-10
0.0357362 0.208969 15.9098 -1.31587e-10
0.0352717 0.208924 15.3197 -5.19457e-11
0.0348213 0.208861 13.7144 -5.13508e-10
0.0343718 0.208779 13.7915 -8.08251e-10
0.0339102 0.208675 13.0041 -1.97219e-11
0.0335952 0.208592 11.8821 -1.43743e-12
0.0332954 0.208503 11.2681 -3.14882e-10
0.0330125 0.208411 10.7262 1.09795e-10
0.032765 0.208323 10.2067 6.13659e-11
0.032534 0.208235 9.32227 -3.33483e-10
0.0323181 0.208148 8.61191 9.15587e-11
0.0320455 0.208029 8.43825 -1.29105e-10
0.0316835 0.207858 7.37138 -1.91796e-10
0.0313569 0.20769 6.60215 -1.09645e-10
0.0310367 0.207511 5.66075 -1.8756e-10
0.0307987 0.207368 4.69813 -9.41016e-11
0.0305867 0.207234 4.04786 -3.77664e-10
0.030348 0.207075 3.25125 -1.07401e-11
0.0300237 0.206845 2.33294 -1.69586e-10
0.0295606 0.206483 0.79584 -1.09103e-10
0.0289654 0.205954 -1.48794 -6.04467e-11
0.0283477 0.205314 -3.86716 -2.89785e-10
0.0277988 0.204646 -6.11353 -7.71301e-10
0.0273448 0.204001 -8.06918 -5.24299e-10
0.0269459 0.203338 -9.79322 -6.04627e-10
0.0266706 0.202809 -10.9775 -7.28804e-10
0.0264813 0.202398 -11.9874 -6.58718e-10
0.0263407 0.20206 -12.5469 -5.67125e-10
0.0262266 0.20176 -13.0457 -7.95545e-10
0.0261257 0.201471 -14.012 -4.89296e-10
0.0260362 0.201189 -14.7467 -6.97099e-10
0.0259452 0.200871 -13.8042 -2.34687e-10
0.0258496 0.200491 -15.0326 -9.69565e-10
0.0257596 0.200066 -15.7502 -5.32895e-10
0.0256604 0.199454 -16.3609 -6.88146e-10
0.0255868 0.19871 -16.6096 -6.42386e-10
0.025564 0.197945 -17.5176 -3.60149e-10
0.025592 0.197214 -17.6488 -6.30718e-10
0.0256512 0.196617 -17.9097 -8.07817e-10
0.0257298 0.196096 -18.3344 -6.94787e-10
0.0258513 0.195502 -18.62 -5.68756e-10
0.0259925 0.194959 -18.7588 -5.61881e-10
0.0261085 0.194582 -18.7547 -5.60284e-10
0.026231 0.194228 -18.762 -4.9107e-10
0.0263439 0.193932 -18.6785 -4.97998e-10
0.026483 0.193598 -18.6177 -4.28209e-10
0.0266707 0.193191 -18.5179 -3.61142e-10
0.0269389 0.192675 -18.4066 -2.83039e-10
0.0273158 0.192044 -18.3234 -2.46498e-10
0.0277289 0.191447 -18.3428 -2.21598e-10
0.0280628 0.191019 -18.4001 -2.56211e-10
0.0283689 0.190662 -18.4589 -3.12766e-10
0.0286841 0.190325 -18.5342 -3.28917e-10
0.029089 0.18993 -18.5284 -3.13765e-10
0.0295589 0.189519 -18.3596 -4.77575e-10
0.0299406 0.189217 -18.2132 -3.79162e-10
0.0302209 0.189013 -17.8662 -5.65659e-10
0.0305055 0.188819 -17.6007 -4.95914e-10
0.0307387 0.188669 -17.5182 -3.72685e-10
0.030977 0.188524 -17.0508 -4.00573e-10
0.0312107 0.18839 -16.6579 -4.07091e-10
0.0314149 0.18828 -16.5025 -3.82418e-10
0.0316834 0.188142 -15.9902 -4.00783e-10
0.031925 0.188026 -15.8465 -3.43734e-10
0.0322003 0.187903 -15.3583 -2.12803e-10
0.0324458 0.1878 -15.095 -2.23524e-10
0.0326704 0.187712 -14.6626 -1.7204e-10
0.0329542 0.187609 -14.2153 -1.75559e-10
0.0332008 0.187527 -14.048 -9.64087e-11
0.0335225 0.187429 -13.6454 -1.13698e-10
0.0338025 0.187352 -13.3242 -4.18275e-11
0.0340833 0.187283 -13.0627 1.47788e-11
0.0343122 0.187233 -12.8674 -1.62203e-11
0.0345553 0.187185 -12.7725 7.39679e-11
0.0347831 0.187145 -12.8552 2.1502e-10
0.0350087 0.18711 -12.6548 -3.02264e-10
0.0352469 0.187079 -11.9053 1.66801e-10
0.0355171 0.18705 -12.2852 -4.35644e-12
0.0357986 0.187027 -12.3746 2.60104e-10
0.036159 0.187007 -12.3112 2.59231e-10
0.0365599 0.187 -12.2203 1.03274e-10
0.0370075 0.187009 -12.2244 -6.15386e-11
0.0375244 0.187042 -12.1186 2.19444e-10
0.0381654 0.187117 -11.9525 2.96053e-10
0.0387587 0.187221 -11.8839 -5.9003e-11
0.0392269 0.187327 -11.4584 4.28818e-10
0.0395448 0.187412 -10.8076 4.12829e-10
0.039848 0.187502 -10.9672 1.54297e-10
0.0401649 0.187606 -10.7988 1.63977e-10
0.0404073 0.187693 -10.5899 1.25205e-10
0.0406686 0.187795 -10.4058 1.1416e-10
0.0410193 0.187943 -10.094 1.39405e-10
0.0413373 0.18809 -9.91938 8.06927e-11
0.0416679 0.188256 -9.55009 1.82283e-10
0.0419547 0.188412 -9.30531 1.76154e-10
0.0421583 0.188529 -9.19693 1.68692e-10
0.0423636 0.188653 -9.03669 1.84261e-10
0.0425843 0.188794 -8.89502 2.04913e-10
0.0428196 0.188952 -8.78301 1.75816e-10
0.0430519 0.189117 -8.64516 2.26712e-10
0.0432688 0.18928 -8.56297 2.13703e-10
0.0434784 0.189445 -8.4628 2.35663e-10
0.0436826 0.189614 -8.40018 3.41992e-10
0.0439144 0.189816 -8.33041 3.25417e-10
0.0442006 0.190083 -8.20346 3.65673e-10
0.0445415 0.190427 -8.23228 5.40871e-10
0.0448224 0.190734 -8.4183 5.65566e-10
0.0450793 0.191037 -8.47623 6.62058e-10
0.0453351 0.191362 -8.80759 7.20559e-10
0.0455229 0.191617 -9.02758 9.78014e-10
0.0456712 0.191831 -9.41838 1.08288e-09
0.0457964 0.19202 -9.9671 1.29499e-09
0.0459186 0.192213 -10.7843 1.29528e-09
0.0460386 0.192412 -10.8 1.18175e-09
0.0461528 0.19261 -11.4862 1.56727e-09
0.0462625 0.19281 -11.8768 1.49878e-09
0.046377 0.19303 -12.4996 1.7697e-09
0.0465029 0.193287 -12.9199 1.90977e-09
0.0466617 0.193637 -13.5639 2.24959e-09
0.0468089 0.193995 -14.1828 2.4566e-09
0.0469216 0.194296 -14.5997 2.55341e-09
0.0470161 0.194572 -14.6096 2.54893e-09
0.047108 0.194866 -15.0716 2.14519e-09
0.0471899 0.195156 -15.1744 2.61406e-09
0.0472625 0.195443 -14.9542 2.40272e-09
0.0473445 0.195814 -15.0298 2.00848e-09
0.0474411 0.196361 -14.1351 1.82874e-09
0.047532 0.197163 -12.4205 -7.01735e-10
