x y fp fmu
0.0461005 0.198 -9.81353 6.58623e-10
0.0460691 0.198831 -9.57267 6.0373e-11
0.0459656 0.199717 -9.08189 2.83517e-10
0.0458107 0.200508 -8.57423 3.64195e-10
0.0456635 0.20107 -8.14527 4.97728e-10
0.0455416 0.201462 -7.82728 4.30391e-10
0.0454298 0.201782 -7.44706 5.28533e-10
0.0453045 0.202108 -6.81152 5.95101e-10
0.0451615 0.202447 -6.8404 3.67237e-10
0.0450032 0.202789 -5.89533 2.87863e-10
0.0448249 0.203142 -5.36397 3.65866e-10
0.0445902 0.203563 -4.3963 4.19906e-10
0.0442289 0.204138 -3.04226 3.5398e-10
0.0438222 0.204703 -1.5169 3.25415e-10
0.0434558 0.205155 -0.22164 1.40428e-10
0.0430279 0.205626 1.33876 1.46234e-10
0.0426797 0.205972 2.51995 1.78205e-10
0.0423878 0.20624 3.31848 5.97575e-11
0.0421697 0.206428 4.05701 3.92747e-10
0.0419681 0.206593 4.87337 -9.41141e-11
0.041765 0.206751 5.33158 1.26883e-11
0.041552 0.206909 6.1201 2.87018e-11
0.0413257 0.207069 6.69109 -7.71098e-12
0.0410986 0.207221 7.29548 3.23541e-10
0.0408795 0.20736 7.82005 5.52845e-11
0.0406755 0.207483 8.5883 -1.02925e-11
0.0404132 0.207632 9.49298 1.15388e-10
0.0401753 0.207759 9.74495 4.27194e-10
0.0398488 0.207922 11.4546 9.4097e-10
0.0394968 0.208083 11.6864 -1.85463e-09
0.0391623 0.208223 11.6215 -2.28481e-10
0.0388988 0.208323 12.8229 -1.04139e-11
0.0386139 0.208424 13.4862 -1.14991e-10
0.0383294 0.208515 14.1022 3.19246e-10
0.0380154 0.208607 14.6497 1.06363e-10
0.0377349 0.20868 15.7962 3.4525e-11
0.0374871 0.208738 15.2563 -8.05857e-11
0.0372472 0.208788 15.3455 3.39255e-10
0.0370172 0.208832 16.3946 3.11175e-12
0.0367992 0.208868 16.8169 2.8133e-10
0.0365771 0.2089 17.2646 1.63526e-10
0.036334 0.208931 17.1381 5.99821e-11
0.036048 0.208959 17.4501 4.75969e-10
0.0357012 0.208984 18.1782 9.89512e-11
0.0352342 0.208999 18.5228 2.84453e-10
0.0347397 0.208994 18.856 3.24643e-10
0.0342729 0.208969 19.2453 3.22281e-10
0.0338083 0.208924 19.3036 5.40795e-10
0.0333579 0.208861 19.1292 6.09275e-10
0.0329084 0.208779 19.8441 1.89218e-10
0.0324468 0.208675 19.3563 7.57031e-10
0.0321318 0.208592 19.0885 6.92492e-10
0.031832 0.208503 19.0564 6.44143e-10
0.0315492 0.208411 18.9805 7.68334e-10
0.0313016 0.208323 18.7413 1.00097e-09
0.0310706 0.208235 18.1013 6.90249e-10
0.0308547 0.208148 18.215 6.54811e-10
0.0305822 0.208029 18.2022 7.0801e-10
0.0302202 0.207858 17.6464 7.01951e-10
0.0298936 0.20769 17.2764 8.53357e-10
0.0295734 0.207511 16.5547 8.98208e-10
0.0293354 0.207368 15.8926 8.82335e-10
0.0291234 0.207234 15.5152 7.24834e-10
0.0288846 0.207075 15.0284 9.87077e-10
0.0285603 0.206845 14.4093 8.39905e-10
0.0280973 0.206483 13.1856 1.09845e-09
0.027502 0.205954 11.1927 1.28748e-09
0.0268844 0.205314 8.95957 1.0873e-09
0.0263355 0.204646 6.29249 5.7603e-10
0.0258814 0.204001 3.8316 7.76909e-10
0.0254825 0.203338 1.46904 6.62688e-10
0.0252072 0.202809 -0.478873 5.41778e-10
0.025018 0.202398 -2.41166 4.92336e-10
0.0248774 0.20206 -3.42474 7.61305e-10
0.0247633 0.20176 -4.71301 1.93946e-10
0.0246624 0.201471 -7.10566 9.12251e-10
0.0245728 0.201189 -8.25245 -4.85302e-10
0.0244818 0.200871 -5.60533 1.43817e-09
0.0243863 0.200491 -10.1812 -4.85359e-10
0.0242963 0.200066 -12.5268 6.23915e-10
0.0241971 0.199454 -14.2943 -1.48842e-09
0.0241235 0.19871 -14.9376 -2.0055e-09
0.0241007 0.197945 -21.0899 2.07025e-10
0.0241286 0.197214 -19.4856 -4.14126e-09
0.0241879 0.196617 -22.1977 -4.76884e-09
0.0242665 0.196096 -24.8941 -3.38043e-09
0.0243879 0.195502 -26.6491 -2.36923e-09
0.0245291 0.194959 -27.1521 -3.17551e-09
0.0246452 0.194582 -27.4595 -3.41691e-09
0.0247676 0.194228 -27.7092 -3.86883e-09
0.0248806 0.193932 -27.2401 -3.99044e-09
0.0250196 0.193598 -26.983 -4.22217e-09
0.0252074 0.193191 -26.4968 -4.22578e-09
0.0254755 0.192675 -25.5684 -3.57966e-09
0.0258524 0.192044 -24.3851 -2.66451e-09
0.0262656 0.191447 -22.9589 -2.09139e-09
0.0265994 0.191019 -22.1712 -1.7168e-09
0.0269056 0.190662 -21.647 -1.48578e-09
0.0272207 0.190325 -21.2713 -1.28342e-09
0.0276257 0.18993 -20.9073 -1.09477e-09
0.0280955 0.189519 -20.2817 -9.44308e-10
0.0284773 0.189217 -20.0612 -7.74689e-10
0.0287575 0.189013 -19.6775 -8.49386e-10
0.0290422 0.188819 -19.5005 -6.74979e-10
0.0292753 0.188669 -19.4889 -5.46531e-10
0.0295136 0.188524 -19.1601 -5.50735e-10
0.0297474 0.18839 -19.0399 -5.37138e-10
0.0299515 0.18828 -19.0234 -4.51665e-10
0.0302201 0.188142 -18.8881 -4.39168e-10
0.0304616 0.188026 -18.896 -3.49805e-10
0.0307369 0.187903 -18.7826 -2.9953e-10
0.0309825 0.1878 -18.7137 -2.67089e-10
0.031207 0.187712 -18.5975 -2.78161e-10
0.0314908 0.187609 -18.6872 -2.74979e-10
0.0317375 0.187527 -18.6993 -1.39702e-10
0.0320592 0.187429 -18.6348 -2.0284e-10
0.0323392 0.187352 -18.7184 -1.7786e-10
0.03262 0.187283 -18.8175 -1.60613e-10
0.0328489 0.187233 -18.872 -1.04841e-10
0.033092 0.187185 -18.7883 -1.52793e-10
0.0333198 0.187145 -18.723 -3.36893e-10
0.0335453 0.18711 -19.0889 2.28661e-10
0.0337835 0.187079 -19.6094 2.59771e-11
0.0340538 0.18705 -19.1616 5.71295e-11
0.0343353 0.187027 -19.1398 -1.47558e-10
0.0346957 0.187007 -19.2114 -1.74308e-10
0.0350965 0.187 -19.2176 5.27352e-11
0.0355442 0.187009 -19.1162 1.38622e-10
0.036061 0.187042 -18.9086 -3.98388e-11
0.0367021 0.187117 -18.3252 -3.28886e-10
0.0372954 0.187221 -17.4407 5.2622e-11
0.0377636 0.187327 -17.2188 -3.69242e-10
0.0380814 0.187412 -17.3276 -6.91369e-10
0.0383846 0.187502 -16.1707 -2.15884e-10
0.0387016 0.187606 -15.5959 -3.37645e-10
0.0389439 0.187693 -15.2128 -2.63268e-11
0.0392053 0.187795 -14.8813 -1.11055e-10
0.0395559 0.187943 -14.3343 -9.44939e-11
0.039874 0.18809 -13.5809 -1.65287e-10
0.0402046 0.188256 -13.7415 -2.00438e-11
0.0404914 0.188412 -13.0777 -2.36761e-10
0.040695 0.188529 -12.7511 -1.38179e-10
0.0409003 0.188653 -12.6048 -1.13481e-10
0.0411209 0.188794 -12.3303 -2.35028e-10
0.0413562 0.188952 -12.0654 -7.30865e-11
0.0415885 0.189117 -11.9123 -3.69911e-11
0.0418054 0.18928 -11.7425 -6.71818e-11
0.0420151 0.189445 -11.6042 -1.02412e-11
0.0422193 0.189614 -11.4982 -7.35091e-11
0.042451 0.189816 -11.3743 7.92848e-12
0.0427373 0.190083 -11.263 2.95296e-11
0.0430781 0.190427 -11.1891 3.50289e-11
0.0433591 0.190734 -11.137 8.04957e-11
0.0436159 0.191037 -11.0768 1.19536e-10
0.0438717 0.191362 -11.0469 1.32145e-10
0.0440595 0.191617 -11.0146 1.61679e-10
0.0442079 0.191831 -10.9881 1.81511e-10
0.0443331 0.19202 -10.9747 1.81872e-10
0.0444553 0.192213 -10.9904 1.60583e-10
0.0445753 0.192412 -10.9386 1.88223e-10
0.0446894 0.19261 -10.9135 1.88158e-10
0.0447992 0.19281 -10.8825 1.9779e-10
0.0449137 0.19303 -10.8465 1.93291e-10
0.0450396 0.193287 -10.7924 2.08603e-10
0.0451984 0.193637 -10.7073 2.13691e-10
0.0453455 0.193995 -10.6259 2.07295e-10
0.0454582 0.194296 -10.5482 2.13111e-10
0.0455527 0.194572 -10.4589 2.12592e-10
0.0456446 0.194866 -10.4101 1.85267e-10
0.0457266 0.195156 -10.3231 2.28451e-10
0.0457991 0.195443 -10.2496 2.14135e-10
0.0458812 0.195814 -10.1713 2.14121e-10
0.0459778 0.196361 -10.0045 2.67361e-10
0.0460687 0.197163 -9.86095 1.69704e-10
