x y fp fmu
0.0431131 0.198 -14.5201 1.06364e-09
0.0430816 0.198831 -14.0695 1.17342e-10
0.0429782 0.199717 -13.3908 3.20801e-10
0.0428232 0.200508 -12.6167 3.69143e-10
0.0426761 0.20107 -12.0209 5.24469e-10
0.0425541 0.201462 -11.627 4.46989e-10
0.0424424 0.201782 -11.1607 6.11176e-10
0.0423171 0.202108 -10.4354 6.23965e-10
0.042174 0.202447 -10.5518 4.45114e-10
0.0420157 0.202789 -9.48877 3.0818e-10
0.0418374 0.203142 -8.94474 4.34877e-10
0.0416027 0.203563 -7.91715 4.8071e-10
0.0412414 0.204138 -6.47777 4.6536e-10
0.0408347 0.204703 -4.84008 4.32186e-10
0.0404683 0.205155 -3.46748 2.30149e-10
0.0400404 0.205626 -1.79763 2.33746e-10
0.0396923 0.205972 -0.540368 2.68394e-10
0.0394003 0.20624 0.29695 1.3071e-10
0.0391822 0.206428 1.14683 4.68487e-10
0.0389806 0.206593 2.00608 -2.43785e-11
0.0387775 0.206751 2.49291 9.35169e-11
0.0385646 0.206909 3.37446 1.04376e-10
0.0383383 0.207069 3.97269 5.7511e-11
0.0381112 0.207221 4.64419 3.72351e-10
0.0378921 0.20736 5.22765 1.15697e-10
0.037688 0.207483 6.11265 7.80484e-11
0.0374258 0.207632 7.08203 2.15671e-10
0.0371879 0.207759 7.38267 5.66107e-10
0.0368614 0.207922 9.48991 1.13932e-09
0.0365093 0.208083 9.41117 -2.14862e-09
0.0361748 0.208223 9.53994 -3.32156e-10
0.0359113 0.208323 10.8278 1.88106e-11
0.0356265 0.208424 11.5848 -7.40644e-11
0.035342 0.208515 12.2478 3.51362e-10
0.0350279 0.208607 12.9269 1.74789e-10
0.0347475 0.20868 14.1698 7.83795e-11
0.0344996 0.208738 13.5108 -8.6685e-11
0.0342598 0.208788 13.8101 3.3955e-10
0.0340298 0.208832 14.9996 5.86808e-11
0.0338118 0.208868 15.4289 3.16025e-10
0.0335897 0.2089 15.9398 2.07381e-10
0.0333465 0.208931 15.8275 5.15714e-11
0.0330606 0.208959 16.3262 5.00935e-10
0.0327138 0.208984 17.1443 1.37798e-10
0.0322467 0.208999 17.6241 2.85961e-10
0.0317522 0.208994 18.1399 3.20939e-10
0.0312854 0.208969 18.6683 2.76439e-10
0.0308209 0.208924 18.8283 4.931e-10
0.0303705 0.208861 18.9492 6.07713e-10
0.029921 0.208779 19.6478 2.49824e-10
0.0294594 0.208675 19.2832 7.07585e-10
0.0291444 0.208592 19.1933 6.41001e-10
0.0288446 0.208503 19.2392 6.36592e-10
0.0285617 0.208411 19.2326 7.21535e-10
0.0283142 0.208323 19.0609 9.39156e-10
0.0280832 0.208235 18.5478 6.97051e-10
0.0278673 0.208148 18.785 6.20327e-10
0.0275947 0.208029 18.7617 7.06232e-10
0.0272327 0.207858 18.3392 7.0596e-10
0.0269061 0.20769 18.0309 8.69519e-10
0.0265859 0.207511 17.431 9.2615e-10
0.0263479 0.207368 16.9185 8.90551e-10
0.0261359 0.207234 16.625 7.49209e-10
0.0258972 0.207075 16.2432 1.00405e-09
0.0255729 0.206845 15.7267 8.66849e-10
0.0251098 0.206483 14.6587 1.15944e-09
0.0245146 0.205954 12.9318 1.36359e-09
0.0238969 0.205314 10.8888 1.15227e-09
0.023348 0.204646 8.47551 6.84121e-10
0.022894 0.204001 6.28734 8.46441e-10
0.0224951 0.203338 4.14283 7.11931e-10
0.0222198 0.202809 2.33983 5.65942e-10
0.0220305 0.202398 0.608025 4.55991e-10
0.0218899 0.20206 -0.376308 7.20552e-10
0.0217758 0.20176 -1.56445 1.45938e-10
0.0216749 0.201471 -3.50646 7.76662e-10
0.0215854 0.201189 -4.44432 -6.30444e-10
0.0214944 0.200871 -2.92046 9.25921e-10
0.0213988 0.200491 -6.49144 -2.95397e-10
0.0213088 0.200066 -8.47409 3.59301e-10
0.0212096 0.199454 -10.244 -1.3037e-09
0.021136 0.19871 -11.3594 -2.16582e-09
0.0211132 0.197945 -16.2795 1.59525e-10
0.0211412 0.197214 -15.5121 -3.70132e-09
0.0212004 0.196617 -17.3654 -4.26545e-09
0.021279 0.196096 -19.5326 -3.12008e-09
0.0214005 0.195502 -20.8471 -2.52106e-09
0.0215417 0.194959 -21.1928 -3.17131e-09
0.0216577 0.194582 -21.2688 -3.31394e-09
0.0217802 0.194228 -21.0138 -3.6734e-09
0.0218931 0.193932 -20.5348 -3.74565e-09
0.0220322 0.193598 -19.9079 -4.13755e-09
0.0222199 0.193191 -18.8848 -4.16175e-09
0.0224881 0.192675 -17.2536 -3.2733e-09
0.022865 0.192044 -15.353 -2.45085e-09
0.0232781 0.191447 -13.4041 -1.76754e-09
0.023612 0.191019 -12.4973 -1.40666e-09
0.0239181 0.190662 -12.1833 -1.11786e-09
0.0242333 0.190325 -12.0351 -9.10058e-10
0.0246382 0.18993 -12.1086 -7.44126e-10
0.0251081 0.189519 -12.1794 -5.95936e-10
0.0254898 0.189217 -12.4218 -4.8949e-10
0.0257701 0.189013 -12.4883 -5.34046e-10
0.0260547 0.188819 -12.6767 -4.57436e-10
0.0262879 0.188669 -12.8738 -3.58692e-10
0.0265262 0.188524 -12.8949 -3.86551e-10
0.0267599 0.18839 -13.0554 -3.77103e-10
0.0269641 0.18828 -13.2248 -3.15021e-10
0.0272326 0.188142 -13.3899 -3.1737e-10
0.0274742 0.188026 -13.6054 -2.39571e-10
0.0277495 0.187903 -13.7521 -2.25013e-10
0.027995 0.1878 -13.8883 -2.03409e-10
0.0282196 0.187712 -13.9455 -2.39085e-10
0.0285034 0.187609 -14.2147 -2.57071e-10
0.02875 0.187527 -14.4126 -1.20999e-10
0.0290717 0.187429 -14.4908 -2.39771e-10
0.0293517 0.187352 -14.6804 -2.02677e-10
0.0296325 0.187283 -14.869 -2.20844e-10
0.0298614 0.187233 -15.017 -1.37069e-10
0.0301045 0.187185 -14.9657 -2.10616e-10
0.0303323 0.187145 -14.7583 -4.55341e-10
0.0305579 0.18711 -15.0871 2.24702e-10
0.0307961 0.187079 -16.0633 -2.05062e-10
0.0310663 0.18705 -15.4515 -1.77875e-11
0.0313478 0.187027 -15.3538 -2.78999e-10
0.0317082 0.187007 -15.4109 -2.50782e-10
0.0321091 0.187 -15.4063 -2.63235e-11
0.0325567 0.187009 -15.3028 9.09706e-11
0.0330736 0.187042 -15.1231 -1.70785e-10
0.0337146 0.187117 -14.6831 -3.94805e-10
0.0343079 0.187221 -14.0245 3.5356e-12
0.0347761 0.187327 -13.9015 -4.84775e-10
0.035094 0.187412 -14.3497 -5.73335e-10
0.0353972 0.187502 -13.5403 -2.28203e-10
0.0357141 0.187606 -13.3024 -2.34419e-10
0.0359565 0.187693 -13.2071 -4.99321e-11
0.0362178 0.187795 -13.1623 -6.49372e-11
0.0365685 0.187943 -13.1271 -3.00784e-11
0.0368865 0.18809 -13.0617 -2.77108e-11
0.0372171 0.188256 -13.1844 9.61156e-11
0.0375039 0.188412 -13.2867 4.62617e-11
0.0377075 0.188529 -13.3767 6.85072e-11
0.0379128 0.188653 -13.4663 8.21093e-11
0.0381335 0.188794 -13.6512 1.62554e-10
0.0383688 0.188952 -13.8491 1.2883e-10
0.0386011 0.189117 -13.9912 1.88334e-10
0.038818 0.18928 -14.189 2.09622e-10
0.0390276 0.189445 -14.345 2.32582e-10
0.0392318 0.189614 -14.5274 3.4427e-10
0.0394636 0.189816 -14.7328 3.08814e-10
0.0397498 0.190083 -14.931 3.30033e-10
0.0400907 0.190427 -15.147 3.93868e-10
0.0403716 0.190734 -15.3414 3.0812e-10
0.0406285 0.191037 -15.3869 3.29252e-10
0.0408843 0.191362 -15.4198 3.42779e-10
0.0410721 0.191617 -15.4288 3.33012e-10
0.0412204 0.191831 -15.3982 3.68408e-10
0.0413456 0.19202 -15.3255 3.32649e-10
0.0414678 0.192213 -15.3522 2.47605e-10
0.0415878 0.192412 -15.3502 3.20672e-10
0.041702 0.19261 -15.2638 2.52648e-10
0.0418117 0.19281 -15.2356 2.84556e-10
0.0419262 0.19303 -15.1786 2.42921e-10
0.0420521 0.193287 -15.1348 2.62145e-10
0.0422109 0.193637 -15.036 2.57215e-10
0.0423581 0.193995 -14.9614 2.4441e-10
0.0424708 0.194296 -14.9042 2.55984e-10
0.0425653 0.194572 -14.8205 2.5706e-10
0.0426572 0.194866 -14.8111 2.28923e-10
0.0427391 0.195156 -14.7515 2.87059e-10
0.0428117 0.195443 -14.7057 2.73793e-10
0.0428937 0.195814 -14.6736 2.81251e-10
0.0429903 0.196361 -14.5495 3.56059e-10
0.0430812 0.197163 -14.505 2.08092e-10
