x y fp fmu
0.0456564 0.198 -9.30248 1.18643e-09
0.045625 0.198831 -8.69025 1.20231e-09
0.0455215 0.199717 -7.97372 7.26823e-10
0.0453666 0.200508 -6.21317 5.3604e-10
0.0452194 0.20107 -4.89222 8.7937e-10
0.0450975 0.201462 -4.07315 6.0929e-10
0.0449857 0.201782 -3.20806 9.93991e-10
0.0448604 0.202108 -1.59863 8.95682e-10
0.0447173 0.202447 -2.38612 4.15608e-10
0.044559 0.202789 -0.404422 -6.05121e-11
0.0443807 0.203142 0.401595 2.85841e-10
0.044146 0.203563 1.83767 2.64506e-10
0.0437848 0.204138 3.68655 1.82775e-10
0.0433781 0.204703 5.53224 7.40797e-11
0.0430117 0.205155 7.00472 -1.29895e-10
0.0425838 0.205626 8.70529 -1.29339e-10
0.0422356 0.205972 9.9085 -8.29294e-11
0.0419437 0.20624 10.6429 -2.153e-10
0.0417256 0.206428 11.3202 1.03488e-10
0.0415239 0.206593 12.1087 -3.81732e-10
0.0413209 0.206751 12.4762 -2.47492e-10
0.0411079 0.206909 13.1838 -2.34459e-10
0.0408816 0.207069 13.6665 -2.48564e-10
0.0406545 0.207221 14.1405 2.08295e-11
0.0404354 0.20736 14.5529 -1.94773e-10
0.0402314 0.207483 15.1745 -2.89558e-10
0.0399691 0.207632 15.908 -1.76462e-10
0.0397312 0.207759 16.0934 1.43662e-10
0.0394047 0.207922 17.2386 4.27468e-10
0.0390526 0.208083 17.4936 -1.47127e-09
0.0387181 0.208223 17.326 -4.07926e-10
0.0384546 0.208323 18.0993 -2.09669e-10
0.0381698 0.208424 18.4733 -3.25916e-10
0.0378853 0.208515 18.8428 -5.04775e-11
0.0375712 0.208607 19.0818 -1.73784e-10
0.0372908 0.20868 19.7107 -2.39273e-10
0.0370429 0.208738 19.519 -1.10908e-10
0.0368031 0.208788 19.3189 4.88022e-11
0.0365731 0.208832 19.7636 -2.68084e-10
0.0363551 0.208868 19.9928 -9.68528e-11
0.036133 0.2089 20.2152 -1.30815e-10
0.0358899 0.208931 20.1137 -8.75148e-11
0.0356039 0.208959 19.9866 -2.80517e-11
0.0352571 0.208984 20.2688 -2.6312e-10
0.0347901 0.208999 20.2556 -4.01022e-11
0.0342955 0.208994 20.0865 -2.42596e-11
0.0338288 0.208969 19.9658 3.92806e-11
0.0333642 0.208924 19.7456 1.71756e-10
0.0329138 0.208861 18.7966 -9.20331e-11
0.0324643 0.208779 19.1772 -4.53418e-10
0.0320027 0.208675 18.6547 2.65714e-10
0.0316877 0.208592 17.941 2.42253e-10
0.0313879 0.208503 17.5957 1.18944e-11
0.0311051 0.208411 17.2992 3.54204e-10
0.0308575 0.208323 16.9817 3.79145e-10
0.0306265 0.208235 16.2433 1.56038e-11
0.0304106 0.208148 15.8741 2.90565e-10
0.030138 0.208029 15.7659 2.14491e-10
0.0297761 0.207858 14.9552 1.57919e-10
0.0294494 0.20769 14.4086 2.64945e-10
0.0291292 0.207511 13.6073 2.09758e-10
0.0288913 0.207368 12.7694 2.57724e-10
0.0286793 0.207234 12.2501 -2.07762e-11
0.0284405 0.207075 11.5886 3.58761e-10
0.0281162 0.206845 10.7837 1.92384e-10
0.0276532 0.206483 9.40685 3.46091e-10
0.0270579 0.205954 7.1962 4.66322e-10
0.0264402 0.205314 4.89506 1.81135e-10
0.0258914 0.204646 2.43205 -5.43753e-10
0.0254373 0.204001 0.142871 -2.63092e-10
0.0250384 0.203338 -1.90694 -3.89066e-10
0.0247631 0.202809 -3.37997 -6.43959e-10
0.0245738 0.202398 -4.97713 -6.10215e-10
0.0244332 0.20206 -5.5366 -4.55816e-10
0.0243191 0.20176 -6.16064 -1.06577e-09
0.0242182 0.201471 -8.3183 -2.36919e-10
0.0241287 0.201189 -9.99679 -1.0188e-09
0.0240377 0.200871 -5.81882 5.8436e-10
0.0239421 0.200491 -9.2152 -2.29337e-09
0.0238522 0.200066 -11.0215 -6.752e-10
0.0237529 0.199454 -11.779 -2.45795e-09
0.0236794 0.19871 -10.0908 -2.49188e-09
0.0236565 0.197945 -12.3476 -1.06098e-09
0.0236845 0.197214 -11.0403 -2.0777e-09
0.0237437 0.196617 -10.8269 -1.96207e-09
0.0238224 0.196096 -11.0648 -1.48431e-09
0.0239438 0.195502 -11.2362 -1.19941e-09
0.024085 0.194959 -11.4018 -9.41486e-10
0.0242011 0.194582 -11.3502 -9.36604e-10
0.0243235 0.194228 -11.4187 -8.3917e-10
0.0244364 0.193932 -11.3881 -8.6237e-10
0.0245755 0.193598 -11.4293 -8.01952e-10
0.0247632 0.193191 -11.4667 -7.43179e-10
0.0250314 0.192675 -11.5206 -6.49849e-10
0.0254083 0.192044 -11.5138 -5.79831e-10
0.0258215 0.191447 -11.4586 -4.88602e-10
0.0261553 0.191019 -11.3975 -4.45313e-10
0.0264615 0.190662 -11.3112 -4.24774e-10
0.0267766 0.190325 -11.2532 -3.81911e-10
0.0271816 0.18993 -11.1877 -3.3176e-10
0.0276514 0.189519 -11.0485 -3.20325e-10
0.0280331 0.189217 -11.017 -2.5579e-10
0.0283134 0.189013 -10.9049 -3.0671e-10
0.028598 0.188819 -10.8615 -2.52467e-10
0.0288312 0.188669 -10.8845 -1.92115e-10
0.0290695 0.188524 -10.7636 -2.02446e-10
0.0293032 0.18839 -10.7111 -1.99308e-10
0.0295074 0.18828 -10.716 -1.67011e-10
0.0297759 0.188142 -10.6472 -1.66344e-10
0.0300175 0.188026 -10.6604 -1.30196e-10
0.0302928 0.187903 -10.5999 -1.03167e-10
0.0305383 0.1878 -10.5714 -9.38094e-11
0.0307629 0.187712 -10.5072 -9.5573e-11
0.0310467 0.187609 -10.4909 -9.47998e-11
0.0312934 0.187527 -10.4762 -4.94131e-11
0.0316151 0.187429 -10.4229 -6.39608e-11
0.031895 0.187352 -10.3986 -5.82937e-11
0.0321758 0.187283 -10.3813 -3.90091e-11
0.0324047 0.187233 -10.3529 -3.77973e-11
0.0326478 0.187185 -10.317 -2.42278e-11
0.0328756 0.187145 -10.3576 -2.58413e-11
0.0331012 0.18711 -10.3874 -8.80526e-11
0.0333394 0.187079 -10.2103 6.30957e-11
0.0336096 0.18705 -10.2587 -1.27585e-11
0.0338911 0.187027 -10.2915 3.83697e-11
0.0342515 0.187007 -10.2768 3.96353e-11
0.0346524 0.187 -10.2546 3.56686e-11
0.0351001 0.187009 -10.2537 -4.89679e-12
0.0356169 0.187042 -10.244 6.69112e-11
0.0362579 0.187117 -10.222 1.21762e-10
0.0368513 0.187221 -10.2512 2.02819e-11
0.0373194 0.187327 -10.2053 2.41545e-10
0.0376373 0.187412 -9.96485 2.1715e-10
0.0379405 0.187502 -10.0856 1.17359e-10
0.0382574 0.187606 -10.0807 1.22563e-10
0.0384998 0.187693 -10.0331 1.12712e-10
0.0387611 0.187795 -10.0092 1.10444e-10
0.0391118 0.187943 -9.93658 1.36633e-10
0.0394299 0.18809 -9.93181 1.06454e-10
0.0397604 0.188256 -9.87295 1.97449e-10
0.0400472 0.188412 -9.7981 1.73726e-10
0.0402508 0.188529 -9.80975 1.67941e-10
0.0404562 0.188653 -9.78758 1.87025e-10
0.0406768 0.188794 -9.7499 1.77681e-10
0.0409121 0.188952 -9.75142 1.69431e-10
0.0411444 0.189117 -9.72767 1.89064e-10
0.0413613 0.18928 -9.70454 1.87434e-10
0.0415709 0.189445 -9.6817 2.02385e-10
0.0417752 0.189614 -9.65403 2.02603e-10
0.0420069 0.189816 -9.64091 2.06601e-10
0.0422932 0.190083 -9.60671 2.29786e-10
0.042634 0.190427 -9.55772 2.33007e-10
0.042915 0.190734 -9.56901 2.04442e-10
0.0431718 0.191037 -9.53212 2.48647e-10
0.0434276 0.191362 -9.50402 2.55136e-10
0.0436154 0.191617 -9.48281 2.78728e-10
0.0437638 0.191831 -9.45141 3.07606e-10
0.0438889 0.19202 -9.4186 3.05721e-10
0.0440112 0.192213 -9.48389 2.69916e-10
0.0441312 0.192412 -9.44446 3.02452e-10
0.0442453 0.19261 -9.4319 3.09147e-10
0.044355 0.19281 -9.42819 3.18179e-10
0.0444696 0.19303 -9.43251 3.22905e-10
0.0445955 0.193287 -9.41299 3.42346e-10
0.0447542 0.193637 -9.38453 3.7061e-10
0.0449014 0.193995 -9.3865 3.82957e-10
0.0450141 0.194296 -9.36073 4.17527e-10
0.0451086 0.194572 -9.32626 4.51904e-10
0.0452005 0.194866 -9.38768 4.22985e-10
0.0452824 0.195156 -9.32721 4.73808e-10
0.045355 0.195443 -9.33175 4.97544e-10
0.045437 0.195814 -9.36285 4.95214e-10
0.0455336 0.196361 -9.27141 6.88433e-10
0.0456245 0.197163 -9.44432 8.34662e-10
