x y fp fmu
0.0414506 0.198 -17.475 2.88861e-09
0.0414192 0.198831 -16.7369 2.31777e-10
0.0413157 0.199717 -15.8644 4.68398e-10
0.0411608 0.200508 -14.6844 5.88479e-10
0.0410136 0.20107 -13.8211 8.60063e-10
0.0408917 0.201462 -13.2533 7.19027e-10
0.0407799 0.201782 -12.553 1.05625e-09
0.0406546 0.202108 -11.3389 9.37081e-10
0.0405116 0.202447 -12.0729 6.14374e-10
0.0403533 0.202789 -10.3676 2.53651e-10
0.040175 0.203142 -9.72637 5.3618e-10
0.0399403 0.203563 -8.41729 5.2771e-10
0.039579 0.204138 -6.73833 4.71319e-10
0.0391723 0.204703 -5.01484 4.00498e-10
0.0388059 0.205155 -3.56858 1.8658e-10
0.038378 0.205626 -1.77733 2.17703e-10
0.0380298 0.205972 -0.435427 2.81752e-10
0.0377379 0.20624 0.41404 9.10862e-11
0.0375198 0.206428 1.34352 5.26723e-10
0.0373182 0.206593 2.23295 -1.24125e-10
0.0371151 0.206751 2.6471 2.90504e-11
0.0369021 0.206909 3.58856 3.48136e-11
0.0366758 0.207069 4.13541 -2.83939e-11
0.0364487 0.207221 4.77346 3.28964e-10
0.0362296 0.20736 5.30911 1.9639e-11
0.0360256 0.207483 6.23565 -1.60421e-11
0.0357633 0.207632 7.15533 1.21988e-10
0.0355254 0.207759 7.39254 5.41246e-10
0.0351989 0.207922 9.58717 1.14233e-09
0.0348469 0.208083 9.25294 -2.34106e-09
0.0345124 0.208223 9.40411 -4.79436e-10
0.0342489 0.208323 10.7091 -2.58544e-11
0.033964 0.208424 11.4049 -1.38821e-10
0.0336795 0.208515 12.0037 2.75428e-10
0.0333655 0.208607 12.6392 1.16521e-10
0.033085 0.20868 13.7888 1.20294e-12
0.0328372 0.208738 13.1076 -1.39284e-10
0.0325973 0.208788 13.4364 2.47216e-10
0.0323673 0.208832 14.5279 8.43502e-13
0.0321493 0.208868 14.88 2.24024e-10
0.0319272 0.2089 15.3366 1.18275e-10
0.0316841 0.208931 15.2476 -1.48354e-11
0.0313981 0.208959 15.6859 3.54299e-10
0.0310513 0.208984 16.374 3.47863e-11
0.0305843 0.208999 16.8039 1.61944e-10
0.0300898 0.208994 17.2455 1.82023e-10
0.029623 0.208969 17.6993 1.63587e-10
0.0291584 0.208924 17.8419 3.27093e-10
0.028708 0.208861 17.8935 3.76311e-10
0.0282585 0.208779 18.4764 6.65047e-11
0.0277969 0.208675 18.2085 4.75371e-10
0.0274819 0.208592 18.1015 4.20619e-10
0.0271821 0.208503 18.0966 3.80533e-10
0.0268993 0.208411 18.0735 4.9576e-10
0.0266517 0.208323 17.9249 6.31141e-10
0.0264207 0.208235 17.4899 4.11399e-10
0.0262048 0.208148 17.6125 4.21403e-10
0.0259323 0.208029 17.5613 4.71813e-10
0.0255703 0.207858 17.1759 4.38665e-10
0.0252437 0.20769 16.8933 5.53055e-10
0.0249235 0.207511 16.3756 5.81205e-10
0.0246855 0.207368 15.905 5.72246e-10
0.0244735 0.207234 15.6084 4.11832e-10
0.0242347 0.207075 15.2351 6.64951e-10
0.0239104 0.206845 14.7293 5.29496e-10
0.0234474 0.206483 13.757 7.31416e-10
0.0228521 0.205954 12.1923 8.8642e-10
0.0222345 0.205314 10.3617 6.14297e-10
0.0216856 0.204646 8.23657 1.4299e-10
0.0212315 0.204001 6.25159 3.04932e-10
0.0208326 0.203338 4.31348 1.90442e-10
0.0205573 0.202809 2.73264 3.83604e-11
0.0203681 0.202398 1.25352 -3.55548e-11
0.0202275 0.20206 0.384003 1.98541e-10
0.0201134 0.20176 -0.605811 -3.21263e-10
0.0200125 0.201471 -2.18796 2.56195e-10
0.0199229 0.201189 -3.06683 -8.25624e-10
0.0198319 0.200871 -2.04141 2.6195e-10
0.0197364 0.200491 -4.71541 -5.34093e-10
0.0196464 0.200066 -6.26171 -1.44714e-10
0.0195472 0.199454 -7.83961 -1.22012e-09
0.0194736 0.19871 -8.7828 -2.2557e-09
0.0194508 0.197945 -12.4904 -2.35371e-10
0.0194787 0.197214 -12.2114 -2.90222e-09
0.019538 0.196617 -13.3334 -3.38816e-09
0.0196166 0.196096 -14.6966 -2.56838e-09
0.019738 0.195502 -15.207 -2.2199e-09
0.0198792 0.194959 -15.0578 -2.50954e-09
0.0199953 0.194582 -14.7161 -2.56018e-09
0.0201177 0.194228 -14.2573 -2.52729e-09
0.0202307 0.193932 -13.6655 -2.39657e-09
0.0203697 0.193598 -12.9606 -2.14389e-09
0.0205575 0.193191 -12.0743 -1.6971e-09
0.0208256 0.192675 -10.9309 -1.25992e-09
0.0212025 0.192044 -9.43232 -1.02753e-09
0.0216157 0.191447 -8.72812 -6.44289e-10
0.0219495 0.191019 -8.52111 -4.39774e-10
0.0222557 0.190662 -8.42954 -3.91293e-10
0.0225708 0.190325 -8.49064 -3.21761e-10
0.0229758 0.18993 -8.69109 -2.7344e-10
0.0234456 0.189519 -8.86847 -2.28632e-10
0.0238274 0.189217 -9.09475 -2.06737e-10
0.0241076 0.189013 -9.23316 -2.15737e-10
0.0243923 0.188819 -9.41832 -2.01338e-10
0.0246254 0.188669 -9.57802 -1.75859e-10
0.0248637 0.188524 -9.67652 -2.0699e-10
0.0250975 0.18839 -9.8328 -2.11779e-10
0.0253016 0.18828 -9.96848 -1.87448e-10
0.0255702 0.188142 -10.1254 -1.99794e-10
0.0258117 0.188026 -10.2976 -1.57175e-10
0.026087 0.187903 -10.4426 -1.55324e-10
0.0263326 0.1878 -10.5854 -1.41228e-10
0.0265571 0.187712 -10.6534 -1.67903e-10
0.0268409 0.187609 -10.8382 -1.95185e-10
0.0270876 0.187527 -11.0371 -8.65981e-11
0.0274093 0.187429 -11.1281 -2.31587e-10
0.0276893 0.187352 -11.2408 -1.62564e-10
0.0279701 0.187283 -11.3777 -2.18997e-10
0.028199 0.187233 -11.5237 -1.21776e-10
0.0284421 0.187185 -11.5028 -1.86363e-10
0.0286699 0.187145 -11.1188 -4.44022e-10
0.0288954 0.18711 -11.2561 2.10686e-10
0.0291336 0.187079 -12.5351 -3.75631e-10
0.0294038 0.18705 -11.955 -5.9856e-11
0.0296854 0.187027 -11.7666 -3.03379e-10
0.0300458 0.187007 -11.7768 -1.97084e-10
0.0304466 0.187 -11.8893 -2.64471e-11
0.0308943 0.187009 -11.9657 4.27505e-11
0.0314111 0.187042 -12.1466 -1.54922e-10
0.0320522 0.187117 -12.5324 -1.91208e-11
0.0326455 0.187221 -13.0801 1.19615e-10
0.0331137 0.187327 -13.4801 2.2608e-10
0.0334315 0.187412 -13.5895 3.84498e-10
0.0337347 0.187502 -14.3082 2.75175e-10
0.0340517 0.187606 -14.8573 3.48304e-10
0.034294 0.187693 -15.2406 2.03953e-10
0.0345554 0.187795 -15.6159 2.7476e-10
0.034906 0.187943 -16.1329 3.33929e-10
0.0352241 0.18809 -16.9886 4.06394e-10
0.0355547 0.188256 -16.7828 3.8297e-10
0.0358415 0.188412 -17.3585 6.12807e-10
0.0360451 0.188529 -17.8044 4.60365e-10
0.0362504 0.188653 -17.9211 4.77613e-10
0.036471 0.188794 -18.163 6.15421e-10
0.0367063 0.188952 -18.5061 4.12393e-10
0.0369386 0.189117 -18.6048 4.19224e-10
0.0371555 0.18928 -18.7198 4.73633e-10
0.0373652 0.189445 -18.7975 4.30209e-10
0.0375694 0.189614 -18.7986 4.81509e-10
0.0378011 0.189816 -18.8402 3.70293e-10
0.0380874 0.190083 -18.7969 4.0247e-10
0.0384282 0.190427 -18.6017 3.15309e-10
0.0387092 0.190734 -18.51 1.82849e-10
0.038966 0.191037 -18.4462 2.61153e-10
0.0392218 0.191362 -18.3211 2.28051e-10
0.0394096 0.191617 -18.2992 2.40905e-10
0.039558 0.191831 -18.2506 2.65061e-10
0.0396832 0.19202 -18.1767 2.51239e-10
0.0398054 0.192213 -18.2165 2.1933e-10
0.0399254 0.192412 -18.2674 3.12528e-10
0.0400395 0.19261 -18.2446 2.68684e-10
0.0401493 0.19281 -18.2739 3.1571e-10
0.0402638 0.19303 -18.3171 3.1898e-10
0.0403897 0.193287 -18.3543 3.60451e-10
0.0405485 0.193637 -18.3895 4.14001e-10
0.0406956 0.193995 -18.4515 4.47469e-10
0.0408083 0.194296 -18.4567 5.10413e-10
0.0409028 0.194572 -18.4156 5.56203e-10
0.0409947 0.194866 -18.4862 5.05926e-10
0.0410767 0.195156 -18.4023 5.73862e-10
0.0411492 0.195443 -18.3056 5.73556e-10
0.0412313 0.195814 -18.2589 5.29802e-10
0.0413279 0.196361 -17.9399 6.05531e-10
0.0414188 0.197163 -17.6589 9.93515e-11
