x y fp fmu
0.0404194 0.198 -19.694 5.17717e-09
0.040388 0.198831 -18.333 4.54102e-10
0.0402845 0.199717 -17.0375 4.89012e-10
0.0401296 0.200508 -15.0647 5.75988e-10
0.0399824 0.20107 -13.5951 1.04216e-09
0.0398605 0.201462 -12.7835 6.43625e-10
0.0397487 0.201782 -11.7993 1.30758e-09
0.0396234 0.202108 -9.88589 1.05745e-09
0.0394803 0.202447 -11.4805 5.38435e-10
0.0393221 0.202789 -8.94819 -1.44035e-10
0.0391437 0.203142 -8.17138 3.95211e-10
0.038909 0.203563 -6.55731 3.55799e-10
0.0385478 0.204138 -4.56076 3.0899e-10
0.0381411 0.204703 -2.55112 2.04444e-10
0.0377747 0.205155 -0.942373 -4.15926e-11
0.0373468 0.205626 1.01959 -1.13503e-11
0.0369986 0.205972 2.43584 3.36851e-11
0.0367067 0.20624 3.24279 -1.84476e-10
0.0364886 0.206428 4.1985 2.94919e-10
0.036287 0.206593 5.13875 -3.89245e-10
0.0360839 0.206751 5.54079 -1.94901e-10
0.0358709 0.206909 6.49467 -1.93937e-10
0.0356446 0.207069 7.02321 -2.33461e-10
0.0354175 0.207221 7.62989 1.11935e-10
0.0351984 0.20736 8.15843 -1.73482e-10
0.0349944 0.207483 9.05047 -2.09915e-10
0.0347321 0.207632 9.95185 -8.08388e-11
0.0344942 0.207759 10.1791 3.75319e-10
0.0341677 0.207922 12.1143 8.42779e-10
0.0338156 0.208083 11.927 -2.13074e-09
0.0334811 0.208223 11.9866 -6.24399e-10
0.0332176 0.208323 13.118 -1.74547e-10
0.0329328 0.208424 13.7197 -3.03144e-10
0.0326483 0.208515 14.2327 5.92254e-11
0.0323342 0.208607 14.7442 -6.60207e-11
0.0320538 0.20868 15.7204 -1.68575e-10
0.031806 0.208738 15.2483 -1.6036e-10
0.0315661 0.208788 15.3971 8.73291e-11
0.0313361 0.208832 16.2491 -1.74316e-10
0.0311181 0.208868 16.5477 2.73659e-11
0.030896 0.2089 16.9256 -3.89104e-11
0.0306529 0.208931 16.8409 -1.08559e-10
0.0303669 0.208959 17.0887 1.15202e-10
0.0300201 0.208984 17.6193 -1.59956e-10
0.0295531 0.208999 17.9071 -3.07983e-12
0.0290585 0.208994 18.1437 1.13113e-11
0.0285918 0.208969 18.4071 4.36661e-11
0.0281272 0.208924 18.446 1.8824e-10
0.0276768 0.208861 18.1787 1.14755e-10
0.0272273 0.208779 18.6952 -2.14181e-10
0.0267657 0.208675 18.3742 3.10719e-10
0.0264507 0.208592 18.0915 2.49676e-10
0.0261509 0.208503 17.9777 1.29678e-10
0.0258681 0.208411 17.8707 3.45758e-10
0.0256205 0.208323 17.6732 4.09104e-10
0.0253895 0.208235 17.1637 1.38456e-10
0.0251736 0.208148 17.1362 2.62523e-10
0.024901 0.208029 17.0453 2.69336e-10
0.0245391 0.207858 16.5611 2.19727e-10
0.0242124 0.20769 16.2065 3.23584e-10
0.0238923 0.207511 15.6457 3.05724e-10
0.0236543 0.207368 15.1168 3.21473e-10
0.0234423 0.207234 14.7601 1.17177e-10
0.0232035 0.207075 14.326 4.36201e-10
0.0228792 0.206845 13.7408 3.04955e-10
0.0224162 0.206483 12.7262 4.93103e-10
0.0218209 0.205954 11.1026 6.4489e-10
0.0212032 0.205314 9.20994 3.26608e-10
0.0206544 0.204646 7.15442 -2.07061e-10
0.0202003 0.204001 5.23496 3.21901e-11
0.0198014 0.203338 3.39897 -7.34705e-11
0.0195261 0.202809 1.99163 -2.6718e-10
0.0193368 0.202398 0.724457 -3.38844e-10
0.0191962 0.20206 0.00427588 -1.1016e-10
0.0190821 0.20176 -0.772246 -5.79992e-10
0.0189812 0.201471 -2.13326 4.19852e-11
0.0188917 0.201189 -2.9746 -8.28649e-10
0.0188007 0.200871 -2.07602 -2.47634e-11
0.0187051 0.200491 -4.13172 -6.29667e-10
0.0186152 0.200066 -5.29566 -3.16989e-10
0.018516 0.199454 -6.58323 -1.06936e-09
0.0184424 0.19871 -7.02863 -1.9666e-09
0.0184195 0.197945 -9.3445 -4.16437e-10
0.0184475 0.197214 -9.00097 -2.19207e-09
0.0185067 0.196617 -9.11139 -2.63793e-09
0.0185854 0.196096 -9.19381 -2.16533e-09
0.0187068 0.195502 -8.37734 -1.85531e-09
0.018848 0.194959 -7.28246 -1.51289e-09
0.0189641 0.194582 -6.41568 -1.2372e-09
0.0190865 0.194228 -5.58594 -8.25742e-10
0.0191994 0.193932 -4.88537 -8.00895e-10
0.0193385 0.193598 -4.2181 -4.69978e-10
0.0195263 0.193191 -3.74813 -3.55842e-10
0.0197944 0.192675 -3.52771 -2.18597e-10
0.0201713 0.192044 -3.57087 -1.60248e-10
0.0205845 0.191447 -3.86526 -9.15364e-11
0.0209183 0.191019 -4.1708 -9.39044e-11
0.0212245 0.190662 -4.45375 -9.89247e-11
0.0215396 0.190325 -4.75677 -1.01771e-10
0.0219446 0.18993 -5.16061 -7.34346e-11
0.0224144 0.189519 -5.62332 -9.0136e-11
0.0227962 0.189217 -5.98697 -6.15531e-11
0.0230764 0.189013 -6.2364 -7.58647e-11
0.023361 0.188819 -6.5003 -1.28591e-10
0.0235942 0.188669 -6.68166 -1.02989e-10
0.0238325 0.188524 -6.85516 -1.15403e-10
0.0240663 0.18839 -7.04021 -1.11003e-10
0.0242704 0.18828 -7.20036 -8.92883e-11
0.024539 0.188142 -7.39018 -8.78048e-11
0.0247805 0.188026 -7.60137 -4.31847e-11
0.0250558 0.187903 -7.81344 -2.61319e-11
0.0253014 0.1878 -8.03832 -3.83423e-12
0.0255259 0.187712 -8.2079 -1.80455e-12
0.0258097 0.187609 -8.44905 5.03253e-12
0.0260564 0.187527 -8.73302 7.5877e-11
0.0263781 0.187429 -9.06808 6.07255e-11
0.026658 0.187352 -9.35109 1.05206e-10
0.0269388 0.187283 -9.68906 1.41204e-10
0.0271678 0.187233 -9.97088 1.41278e-10
0.0274109 0.187185 -10.2922 1.62253e-10
0.0276387 0.187145 -10.7094 2.36668e-10
0.0278642 0.18711 -11.0547 9.1726e-11
0.0281024 0.187079 -11.0041 3.28001e-10
0.0283726 0.18705 -11.6519 1.98363e-10
0.0286542 0.187027 -12.242 3.4451e-10
0.0290145 0.187007 -12.8614 3.13206e-10
0.0294154 0.187 -13.5406 2.43485e-10
0.0298631 0.187009 -14.4042 1.12759e-10
0.0303799 0.187042 -15.3709 3.49092e-10
0.0310209 0.187117 -16.4666 5.17651e-10
0.0316143 0.187221 -17.673 1.61271e-10
0.0320824 0.187327 -18.314 7.71536e-10
0.0324003 0.187412 -17.8497 7.66669e-10
0.0327035 0.187502 -18.8677 4.62397e-10
0.0330204 0.187606 -19.3391 4.80304e-10
0.0332628 0.187693 -19.569 2.67643e-10
0.0335241 0.187795 -19.7709 2.8987e-10
0.0338748 0.187943 -19.9319 3.29897e-10
0.0341929 0.18809 -20.3594 2.84205e-10
0.0345234 0.188256 -20.1912 3.35821e-10
0.0348103 0.188412 -20.1272 4.21199e-10
0.0350138 0.188529 -20.2586 3.43771e-10
0.0352192 0.188653 -20.2188 3.64224e-10
0.0354398 0.188794 -20.0711 2.82711e-10
0.0356751 0.188952 -20.0289 2.68202e-10
0.0359074 0.189117 -20.0046 2.52063e-10
0.0361243 0.18928 -19.9241 2.39761e-10
0.036334 0.189445 -19.9005 2.74538e-10
0.0365382 0.189614 -19.8532 1.88535e-10
0.0367699 0.189816 -19.8697 2.57471e-10
0.0370562 0.190083 -19.9084 3.13653e-10
0.037397 0.190427 -19.9479 2.95695e-10
0.037678 0.190734 -20.1248 3.07451e-10
0.0379348 0.191037 -20.2609 4.0226e-10
0.0381906 0.191362 -20.378 4.1747e-10
0.0383784 0.191617 -20.4662 4.88317e-10
0.0385268 0.191831 -20.478 5.79041e-10
0.0386519 0.19202 -20.4499 5.8751e-10
0.0387742 0.192213 -20.6254 5.04843e-10
0.0388942 0.192412 -20.6371 5.97815e-10
0.0390083 0.19261 -20.5696 5.60196e-10
0.039118 0.19281 -20.5779 6.08433e-10
0.0392326 0.19303 -20.5157 5.48812e-10
0.0393585 0.193287 -20.49 5.78905e-10
0.0395172 0.193637 -20.3165 5.53871e-10
0.0396644 0.193995 -20.1816 5.06553e-10
0.0397771 0.194296 -20.1097 5.28183e-10
0.0398716 0.194572 -19.9437 5.17024e-10
0.0399635 0.194866 -19.9666 4.78937e-10
0.0400455 0.195156 -19.9358 6.37015e-10
0.040118 0.195443 -19.8764 6.56253e-10
0.0402001 0.195814 -19.957 6.81721e-10
0.0402967 0.196361 -19.7333 9.42021e-10
0.0403875 0.197163 -19.7509 5.26845e-11
