x y fp fmu
0.0455891 0.198 -8.78729 1.06975e-09
0.0455577 0.198831 -8.32478 1.1585e-09
0.0454543 0.199717 -7.6713 7.31014e-10
0.0452993 0.200508 -5.99648 5.5987e-10
0.0451521 0.20107 -4.7331 8.894e-10
0.0450302 0.201462 -3.96067 6.07121e-10
0.0449184 0.201782 -3.114 9.9105e-10
0.0447932 0.202108 -1.55635 9.0472e-10
0.0446501 0.202447 -2.31582 4.2462e-10
0.0444918 0.202789 -0.361641 -3.25659e-11
0.0443135 0.203142 0.431794 2.99772e-10
0.0440788 0.203563 1.85913 2.8338e-10
0.0437175 0.204138 3.68977 2.04458e-10
0.0433108 0.204703 5.52753 9.515e-11
0.0429444 0.205155 6.99616 -1.08282e-10
0.0425165 0.205626 8.69674 -1.04802e-10
0.0421683 0.205972 9.90534 -6.00439e-11
0.0418764 0.20624 10.644 -1.91146e-10
0.0416583 0.206428 11.3302 1.28844e-10
0.0414567 0.206593 12.12 -3.57586e-10
0.0412536 0.206751 12.4946 -2.24563e-10
0.0410407 0.206909 13.2113 -2.12929e-10
0.0408143 0.207069 13.6976 -2.30079e-10
0.0405872 0.207221 14.1806 4.20038e-11
0.0403681 0.20736 14.5997 -1.79106e-10
0.0401641 0.207483 15.2314 -2.71121e-10
0.0399019 0.207632 15.9737 -1.54723e-10
0.0396639 0.207759 16.1542 1.64947e-10
0.0393375 0.207922 17.3458 4.6689e-10
0.0389854 0.208083 17.5813 -1.49444e-09
0.0386509 0.208223 17.4233 -4.02765e-10
0.0383874 0.208323 18.22 -1.96982e-10
0.0381025 0.208424 18.6095 -3.12515e-10
0.0378181 0.208515 18.9912 -2.88841e-11
0.037504 0.208607 19.2485 -1.57025e-10
0.0372236 0.20868 19.9034 -2.23071e-10
0.0369757 0.208738 19.6899 -1.07012e-10
0.0367358 0.208788 19.51 6.29775e-11
0.0365058 0.208832 19.9883 -2.5279e-10
0.0362879 0.208868 20.2248 -7.59487e-11
0.0360658 0.2089 20.4578 -1.13504e-10
0.0358226 0.208931 20.3549 -7.93807e-11
0.0355367 0.208959 20.2526 -1.77527e-12
0.0351898 0.208984 20.5568 -2.44923e-10
0.0347228 0.208999 20.5616 -2.4604e-11
0.0342283 0.208994 20.4179 -8.55052e-12
0.0337615 0.208969 20.3214 5.29868e-11
0.0332969 0.208924 20.1193 1.87189e-10
0.0328465 0.208861 19.2041 -6.11072e-11
0.032397 0.208779 19.6005 -4.2859e-10
0.0319354 0.208675 19.0908 2.82482e-10
0.0316205 0.208592 18.3941 2.55805e-10
0.0313207 0.208503 18.064 3.7348e-11
0.0310378 0.208411 17.7816 3.6882e-10
0.0307903 0.208323 17.4727 3.99418e-10
0.0305592 0.208235 16.7434 4.00812e-11
0.0303434 0.208148 16.3865 3.04634e-10
0.0300708 0.208029 16.2875 2.30638e-10
0.0297088 0.207858 15.4831 1.72269e-10
0.0293822 0.20769 14.9451 2.78506e-10
0.029062 0.207511 14.1591 2.30737e-10
0.028824 0.207368 13.3314 2.74969e-10
0.028612 0.207234 12.8152 2.45201e-12
0.0283733 0.207075 12.1552 3.76039e-10
0.028049 0.206845 11.3427 2.12057e-10
0.0275859 0.206483 9.98528 3.62946e-10
0.0269907 0.205954 7.7729 4.91804e-10
0.026373 0.205314 5.44742 2.16665e-10
0.0258241 0.204646 3.00317 -5.21023e-10
0.02537 0.204001 0.677566 -2.05374e-10
0.0249712 0.203338 -1.42132 -3.23499e-10
0.0246958 0.202809 -2.91351 -5.78129e-10
0.0245066 0.202398 -4.51381 -5.40671e-10
0.024366 0.20206 -5.08775 -4.05342e-10
0.0242519 0.20176 -5.70658 -1.03582e-09
0.024151 0.201471 -7.9001 -2.13217e-10
0.0240614 0.201189 -9.58145 -9.66955e-10
0.0239705 0.200871 -5.39553 6.51181e-10
0.0238749 0.200491 -8.97175 -2.18562e-09
0.0237849 0.200066 -10.8923 -5.99897e-10
0.0236857 0.199454 -11.7766 -2.25804e-09
0.0236121 0.19871 -9.9207 -2.54521e-09
0.0235893 0.197945 -12.4454 -1.27316e-09
0.0236172 0.197214 -10.7417 -2.3873e-09
0.0236765 0.196617 -10.5879 -2.28133e-09
0.0237551 0.196096 -10.8706 -1.61527e-09
0.0238766 0.195502 -11.0671 -1.28322e-09
0.0240177 0.194959 -11.2047 -1.00535e-09
0.0241338 0.194582 -11.1241 -9.74101e-10
0.0242562 0.194228 -11.1655 -8.59068e-10
0.0243692 0.193932 -11.1201 -8.77266e-10
0.0245082 0.193598 -11.1525 -8.14363e-10
0.024696 0.193191 -11.1958 -7.59947e-10
0.0249641 0.192675 -11.2755 -6.72351e-10
0.025341 0.192044 -11.32 -6.06646e-10
0.0257542 0.191447 -11.3219 -5.28748e-10
0.026088 0.191019 -11.2997 -4.85734e-10
0.0263942 0.190662 -11.239 -4.64793e-10
0.0267093 0.190325 -11.206 -4.14639e-10
0.0271143 0.18993 -11.1619 -3.64954e-10
0.0275842 0.189519 -11.0224 -3.52553e-10
0.0279659 0.189217 -10.9993 -2.84004e-10
0.0282461 0.189013 -10.8723 -3.45001e-10
0.0285308 0.188819 -10.8226 -2.78755e-10
0.028764 0.188669 -10.8544 -2.12148e-10
0.0290022 0.188524 -10.7121 -2.22594e-10
0.029236 0.18839 -10.6456 -2.20517e-10
0.0294401 0.18828 -10.6525 -1.86796e-10
0.0297087 0.188142 -10.5654 -1.8863e-10
0.0299502 0.188026 -10.5824 -1.49493e-10
0.0302255 0.187903 -10.5033 -1.15966e-10
0.0304711 0.1878 -10.4692 -1.09007e-10
0.0306957 0.187712 -10.3844 -1.09006e-10
0.0309794 0.187609 -10.3522 -1.12175e-10
0.0312261 0.187527 -10.3406 -5.71718e-11
0.0315478 0.187429 -10.2631 -8.57069e-11
0.0318278 0.187352 -10.2253 -6.94779e-11
0.0321086 0.187283 -10.1965 -5.31176e-11
0.0323375 0.187233 -10.164 -4.84757e-11
0.0325806 0.187185 -10.1096 -3.97809e-11
0.0328084 0.187145 -10.1165 -5.28151e-11
0.0330339 0.18711 -10.1467 -8.22995e-11
0.0332721 0.187079 -10.01 4.03584e-11
0.0335424 0.18705 -10.0123 -1.6907e-11
0.0338239 0.187027 -10.023 1.68466e-11
0.0341843 0.187007 -9.99231 1.79156e-11
0.0345852 0.187 -9.9515 2.45554e-11
0.0350328 0.187009 -9.92144 -5.42654e-12
0.0355496 0.187042 -9.8805 4.65985e-11
0.0361907 0.187117 -9.82052 9.18629e-11
0.036784 0.187221 -9.80422 1.62062e-11
0.0372522 0.187327 -9.74469 2.04466e-10
0.0375701 0.187412 -9.53043 1.83784e-10
0.0378733 0.187502 -9.61564 1.04214e-10
0.0381902 0.187606 -9.60231 1.09186e-10
0.0384325 0.187693 -9.55249 1.0317e-10
0.0386939 0.187795 -9.5252 1.01872e-10
0.0390445 0.187943 -9.45142 1.27761e-10
0.0393626 0.18809 -9.44239 9.97161e-11
0.0396932 0.188256 -9.3812 1.88315e-10
0.03998 0.188412 -9.31048 1.6606e-10
0.0401836 0.188529 -9.32066 1.60619e-10
0.0403889 0.188653 -9.29817 1.78826e-10
0.0406095 0.188794 -9.26279 1.71002e-10
0.0408448 0.188952 -9.2631 1.6252e-10
0.0410771 0.189117 -9.2388 1.81952e-10
0.041294 0.18928 -9.2159 1.80925e-10
0.0415037 0.189445 -9.19275 1.95314e-10
0.0417079 0.189614 -9.16562 1.96022e-10
0.0419397 0.189816 -9.15127 1.99425e-10
0.0422259 0.190083 -9.11622 2.21691e-10
0.0425667 0.190427 -9.06635 2.24047e-10
0.0428477 0.190734 -9.07322 1.96189e-10
0.0431046 0.191037 -9.03351 2.3899e-10
0.0433604 0.191362 -9.0018 2.45002e-10
0.0435481 0.191617 -8.97792 2.67158e-10
0.0436965 0.191831 -8.94477 2.94872e-10
0.0438217 0.19202 -8.91036 2.92012e-10
0.0439439 0.192213 -8.96881 2.56846e-10
0.0440639 0.192412 -8.92936 2.89128e-10
0.0441781 0.19261 -8.9129 2.9342e-10
0.0442878 0.19281 -8.90614 3.0277e-10
0.0444023 0.19303 -8.9057 3.05815e-10
0.0445282 0.193287 -8.88329 3.24317e-10
0.044687 0.193637 -8.85049 3.49676e-10
0.0448341 0.193995 -8.84713 3.60324e-10
0.0449468 0.194296 -8.81956 3.92608e-10
0.0450413 0.194572 -8.78403 4.24538e-10
0.0451333 0.194866 -8.83981 3.97409e-10
0.0452152 0.195156 -8.77979 4.46287e-10
0.0452878 0.195443 -8.77918 4.67377e-10
0.0453698 0.195814 -8.80381 4.59989e-10
0.0454664 0.196361 -8.70771 6.23223e-10
0.0455573 0.197163 -8.88475 7.07737e-10
