x y fp fmu
0.0449831 0.198 -14.4322 2.35882e-08
0.0449517 0.198831 -12.6484 -3.67483e-10
0.0448482 0.199717 -9.93306 -3.94286e-10
0.0446933 0.200508 -6.23108 -2.1065e-10
0.0445461 0.20107 -3.99797 2.71884e-10
0.0444242 0.201462 -2.62148 -1.84693e-10
0.0443124 0.201782 -1.44982 2.69328e-10
0.0441872 0.202108 0.913749 4.69624e-10
0.0440441 0.202447 -0.158117 -4.78468e-10
0.0438858 0.202789 2.21559 -1.02148e-09
0.0437075 0.203142 3.23923 -5.49803e-10
0.0434728 0.203563 4.89311 -5.77776e-10
0.0431115 0.204138 7.00636 -6.92012e-10
0.0427048 0.204703 8.96096 -7.72548e-10
0.0423384 0.205155 10.4572 -9.83645e-10
0.0419105 0.205626 12.1453 -9.32426e-10
0.0415623 0.205972 13.3459 -7.99216e-10
0.0412704 0.20624 13.9721 -9.00318e-10
0.0410523 0.206428 14.4108 -6.15986e-10
0.0408507 0.206593 15.3063 -1.13669e-09
0.0406476 0.206751 15.5922 -9.26348e-10
0.0404347 0.206909 16.1571 -9.18922e-10
0.0402083 0.207069 16.5607 -8.82903e-10
0.0399812 0.207221 16.8538 -6.45188e-10
0.0397621 0.20736 17.118 -7.96661e-10
0.0395581 0.207483 17.5428 -9.61984e-10
0.0392959 0.207632 18.2554 -7.90789e-10
0.0390579 0.207759 18.3668 -3.4758e-10
0.0387315 0.207922 18.803 -3.219e-10
0.0383794 0.208083 19.4833 -1.26265e-09
0.0380449 0.208223 18.9 -7.62707e-10
0.0377814 0.208323 19.3307 -6.09501e-10
0.0374965 0.208424 19.4774 -7.47004e-10
0.0372121 0.208515 19.7304 -5.49098e-10
0.036898 0.208607 19.6379 -5.89611e-10
0.0366175 0.20868 19.9375 -6.59001e-10
0.0363697 0.208738 20.1304 -2.06842e-10
0.0361298 0.208788 19.4422 -2.40443e-10
0.0358998 0.208832 19.3576 -6.55017e-10
0.0356819 0.208868 19.533 -5.20932e-10
0.0354597 0.2089 19.6034 -4.72472e-10
0.0352166 0.208931 19.5202 -2.37866e-10
0.0349306 0.208959 18.9053 -5.10332e-10
0.0345838 0.208984 18.8516 -6.51729e-10
0.0341168 0.208999 18.5394 -2.86655e-10
0.0336223 0.208994 17.8688 -3.08716e-10
0.0331555 0.208969 17.3023 -1.81573e-10
0.0326909 0.208924 16.733 -8.52594e-11
0.0322405 0.208861 15.138 -5.25476e-10
0.031791 0.208779 15.3083 -8.77751e-10
0.0313294 0.208675 14.5038 -3.43135e-11
0.0310144 0.208592 13.4161 -4.99296e-11
0.0307147 0.208503 12.8151 -3.42544e-10
0.0304318 0.208411 12.2992 9.44471e-11
0.0301843 0.208323 11.8129 3.4626e-11
0.0299532 0.208235 10.9316 -3.61238e-10
0.0297374 0.208148 10.3238 3.91902e-11
0.0294648 0.208029 10.0892 -1.47177e-10
0.0291028 0.207858 9.06441 -2.10656e-10
0.0287762 0.20769 8.31348 -1.35314e-10
0.028456 0.207511 7.36481 -2.1891e-10
0.028218 0.207368 6.46678 -1.37991e-10
0.028006 0.207234 5.85893 -3.91319e-10
0.0277672 0.207075 5.12711 -5.42252e-11
0.0274429 0.206845 4.19349 -1.94074e-10
0.0269799 0.206483 2.71468 -1.06117e-10
0.0263847 0.205954 0.587025 -6.01981e-11
0.025767 0.205314 -1.66105 -3.14407e-10
0.0252181 0.204646 -3.75163 -7.34617e-10
0.024764 0.204001 -5.5608 -4.9956e-10
0.0243652 0.203338 -7.13433 -5.59247e-10
0.0240898 0.202809 -8.16358 -6.27138e-10
0.0239006 0.202398 -8.99625 -5.85577e-10
0.02376 0.20206 -9.49108 -5.23488e-10
0.0236459 0.20176 -9.87962 -6.82444e-10
0.023545 0.201471 -10.4991 -4.69155e-10
0.0234554 0.201189 -11.006 -5.77593e-10
0.0233644 0.200871 -10.6665 -3.49686e-10
0.0232689 0.200491 -11.2949 -6.32501e-10
0.0231789 0.200066 -11.7171 -3.98178e-10
0.0230797 0.199454 -12.1197 -4.45362e-10
0.0230061 0.19871 -12.3776 -4.51081e-10
0.0229833 0.197945 -12.8419 -2.79951e-10
0.0230112 0.197214 -13.0272 -3.05351e-10
0.0230705 0.196617 -13.0321 -3.275e-10
0.0231491 0.196096 -13.1229 -2.68627e-10
0.0232705 0.195502 -13.2232 -2.0347e-10
0.0234117 0.194959 -13.3524 -1.87566e-10
0.0235278 0.194582 -13.4464 -1.9634e-10
0.0236502 0.194228 -13.5695 -2.23439e-10
0.0237632 0.193932 -13.6614 -2.18071e-10
0.0239022 0.193598 -13.7868 -2.52103e-10
0.02409 0.193191 -13.9295 -2.64854e-10
0.0243581 0.192675 -14.0889 -2.78327e-10
0.024735 0.192044 -14.2358 -2.88514e-10
0.0251482 0.191447 -14.2958 -3.11724e-10
0.025482 0.191019 -14.2747 -3.06425e-10
0.0257882 0.190662 -14.1934 -2.99462e-10
0.0261033 0.190325 -14.0801 -2.60906e-10
0.0265083 0.18993 -13.9174 -2.40575e-10
0.0269782 0.189519 -13.6168 -1.83096e-10
0.0273599 0.189217 -13.4432 -1.50311e-10
0.0276401 0.189013 -13.3046 -1.14559e-10
0.0279248 0.188819 -13.1403 -3.43795e-11
0.028158 0.188669 -13.1002 -1.91667e-11
0.0283962 0.188524 -13.0457 2.34628e-11
0.02863 0.18839 -13.0075 2.89215e-11
0.0288341 0.18828 -12.9954 7.32765e-11
0.0291027 0.188142 -13.058 1.22524e-10
0.0293442 0.188026 -13.0134 1.04356e-10
0.0296195 0.187903 -13.1453 7.77148e-11
0.0298651 0.1878 -13.1535 1.25429e-10
0.0300896 0.187712 -13.3984 1.18415e-10
0.0303734 0.187609 -13.6791 2.23364e-10
0.0306201 0.187527 -13.5584 6.02735e-11
0.0309418 0.187429 -13.9515 3.69829e-10
0.0312218 0.187352 -14.249 1.24437e-10
0.0315026 0.187283 -14.4906 2.39159e-10
0.0317315 0.187233 -14.5337 1.37823e-10
0.0319746 0.187185 -14.8331 2.49359e-10
0.0322024 0.187145 -15.6976 4.66008e-10
0.0324279 0.18711 -15.8631 -4.17118e-10
0.0326661 0.187079 -14.4506 5.82833e-10
0.0329364 0.18705 -15.3947 1.58352e-11
0.0332179 0.187027 -15.8437 3.7592e-10
0.0335783 0.187007 -16.0271 2.14593e-10
0.0339792 0.187 -16.0742 5.06624e-11
0.0344268 0.187009 -16.1677 -5.0922e-11
0.0349436 0.187042 -16.1412 1.85467e-10
0.0355847 0.187117 -16.023 2.15438e-10
0.036178 0.187221 -15.9973 3.23271e-12
0.0366462 0.187327 -15.8973 3.83414e-10
0.036964 0.187412 -15.386 3.18035e-10
0.0372673 0.187502 -15.5 2.09811e-10
0.0375842 0.187606 -15.4395 2.1671e-10
0.0378265 0.187693 -15.3361 2.11793e-10
0.0380879 0.187795 -15.2705 2.02604e-10
0.0384385 0.187943 -15.0839 2.57018e-10
0.0387566 0.18809 -15.0724 1.8065e-10
0.0390872 0.188256 -14.8433 3.42268e-10
0.039374 0.188412 -14.6281 3.29693e-10
0.0395776 0.188529 -14.6186 3.15026e-10
0.0397829 0.188653 -14.5094 3.5487e-10
0.0400035 0.188794 -14.401 3.85336e-10
0.0402388 0.188952 -14.3838 3.4112e-10
0.0404711 0.189117 -14.2873 4.16428e-10
0.040688 0.18928 -14.2433 4.14636e-10
0.0408977 0.189445 -14.1712 4.6554e-10
0.0411019 0.189614 -14.1348 6.02478e-10
0.0413336 0.189816 -14.1399 6.0432e-10
0.0416199 0.190083 -14.0776 6.73173e-10
0.0419607 0.190427 -14.1469 9.19515e-10
0.0422417 0.190734 -14.4556 9.40132e-10
0.0424986 0.191037 -14.4829 1.08196e-09
0.0427543 0.191362 -14.8952 1.21388e-09
0.0429421 0.191617 -15.2081 1.51292e-09
0.0430905 0.191831 -15.5818 1.72089e-09
0.0432157 0.19202 -16.0664 1.89544e-09
0.0433379 0.192213 -17.0623 1.8478e-09
0.0434579 0.192412 -16.9901 1.84501e-09
0.043572 0.19261 -17.6298 2.31295e-09
0.0436818 0.19281 -17.9922 2.34624e-09
0.0437963 0.19303 -18.5617 2.62684e-09
0.0439222 0.193287 -18.9983 2.92818e-09
0.044081 0.193637 -19.4552 3.31036e-09
0.0442281 0.193995 -20.1123 3.20533e-09
0.0443408 0.194296 -20.4916 3.15533e-09
0.0444353 0.194572 -20.0969 3.05242e-09
0.0445273 0.194866 -20.5934 2.39961e-09
0.0446092 0.195156 -20.6417 3.08397e-09
0.0446817 0.195443 -20.0134 2.70395e-09
0.0447638 0.195814 -19.9992 2.24858e-09
0.0448604 0.196361 -18.6786 2.03188e-09
0.0449513 0.197163 -16.3481 -1.38336e-09
