x y fp fmu
0.0458544 0.198 -13.2764 2.20131e-08
0.045823 0.198831 -11.6206 -3.92537e-10
0.0457195 0.199717 -8.9881 -2.80328e-10
0.0455646 0.200508 -5.46569 -9.13792e-11
0.0454174 0.20107 -3.32863 3.59503e-10
0.0452955 0.201462 -1.9918 -9.0651e-11
0.0451837 0.201782 -0.880008 2.88903e-10
0.0450584 0.202108 1.35126 5.20643e-10
0.0449154 0.202447 0.390523 -4.76798e-10
0.0447571 0.202789 2.66379 -9.6601e-10
0.0445788 0.203142 3.69337 -5.3403e-10
0.0443441 0.203563 5.32556 -5.36221e-10
0.0439828 0.204138 7.39887 -6.7441e-10
0.0435761 0.204703 9.32172 -7.51443e-10
0.0432097 0.205155 10.7939 -9.66267e-10
0.0427818 0.205626 12.4772 -9.17534e-10
0.0424336 0.205972 13.6825 -7.84936e-10
0.0421417 0.20624 14.3187 -8.8006e-10
0.0419236 0.206428 14.75 -5.84291e-10
0.041722 0.206593 15.6447 -1.11782e-09
0.0415189 0.206751 15.9492 -9.08057e-10
0.0413059 0.206909 16.5274 -8.89757e-10
0.0410796 0.207069 16.9382 -8.47266e-10
0.0408525 0.207221 17.2114 -6.00292e-10
0.0406334 0.20736 17.4554 -7.89576e-10
0.0404294 0.207483 17.8673 -9.72839e-10
0.0401671 0.207632 18.578 -7.96507e-10
0.0399292 0.207759 18.697 -3.22287e-10
0.0396027 0.207922 19.1128 -2.99577e-10
0.0392507 0.208083 19.8133 -1.24805e-09
0.0389162 0.208223 19.2133 -7.31601e-10
0.0386527 0.208323 19.6528 -5.90448e-10
0.0383678 0.208424 19.7968 -7.24428e-10
0.0380833 0.208515 20.048 -5.19673e-10
0.0377693 0.208607 19.9547 -5.67331e-10
0.0374888 0.20868 20.2472 -6.32165e-10
0.037241 0.208738 20.4322 -1.88429e-10
0.0370011 0.208788 19.7438 -2.08785e-10
0.0367711 0.208832 19.6608 -6.24823e-10
0.0365531 0.208868 19.8297 -4.92672e-10
0.036331 0.2089 19.8938 -4.51408e-10
0.0360879 0.208931 19.8115 -2.20736e-10
0.0358019 0.208959 19.1878 -4.87605e-10
0.0354551 0.208984 19.1156 -6.2401e-10
0.0349881 0.208999 18.7917 -2.64761e-10
0.0344936 0.208994 18.0963 -2.91126e-10
0.0340268 0.208969 17.5119 -1.68996e-10
0.0335622 0.208924 16.9226 -7.69331e-11
0.0331118 0.208861 15.3187 -5.13025e-10
0.0326623 0.208779 15.4647 -8.45955e-10
0.0322007 0.208675 14.6269 -4.30586e-11
0.0318857 0.208592 13.522 -4.00475e-11
0.0315859 0.208503 12.9101 -3.22908e-10
0.0313031 0.208411 12.3773 9.123e-11
0.0310555 0.208323 11.8687 4.21558e-11
0.0308245 0.208235 10.986 -3.35479e-10
0.0306086 0.208148 10.3483 4.87198e-11
0.0303361 0.208029 10.1117 -1.34199e-10
0.0299741 0.207858 9.07214 -1.99048e-10
0.0296475 0.20769 8.30068 -1.23792e-10
0.0293273 0.207511 7.33583 -2.07789e-10
0.0290893 0.207368 6.40454 -1.3333e-10
0.0288773 0.207234 5.76713 -3.68842e-10
0.0286385 0.207075 5.00147 -5.00039e-11
0.0283142 0.206845 4.02042 -2.0089e-10
0.0278512 0.206483 2.47476 -1.28037e-10
0.0272559 0.205954 0.249424 -6.96227e-11
0.0266383 0.205314 -2.03716 -3.03252e-10
0.0260894 0.204646 -4.22591 -6.92044e-10
0.0256353 0.204001 -6.12217 -5.11183e-10
0.0252364 0.203338 -7.74226 -5.6327e-10
0.0249611 0.202809 -8.81795 -6.44501e-10
0.0247719 0.202398 -9.69534 -5.90804e-10
0.0246313 0.20206 -10.1873 -5.26498e-10
0.0245172 0.20176 -10.5931 -6.9741e-10
0.0244163 0.201471 -11.2703 -4.77646e-10
0.0243267 0.201189 -11.8281 -5.98448e-10
0.0242357 0.200871 -11.4258 -3.73996e-10
0.0241402 0.200491 -12.1567 -7.26679e-10
0.0240502 0.200066 -12.6234 -4.42807e-10
0.023951 0.199454 -13.0691 -4.69008e-10
0.0238774 0.19871 -13.3492 -4.27589e-10
0.0238546 0.197945 -13.9036 -2.36176e-10
0.0238825 0.197214 -14.077 -4.22691e-10
0.0239418 0.196617 -14.1126 -4.77646e-10
0.0240204 0.196096 -14.2073 -3.97496e-10
0.0241418 0.195502 -14.2445 -2.92863e-10
0.024283 0.194959 -14.2911 -2.34859e-10
0.0243991 0.194582 -14.3065 -2.26275e-10
0.0245215 0.194228 -14.3591 -2.25637e-10
0.0246345 0.193932 -14.3829 -2.24431e-10
0.0247735 0.193598 -14.4475 -2.40885e-10
0.0249613 0.193191 -14.5322 -2.4452e-10
0.0252294 0.192675 -14.6483 -2.51701e-10
0.0256063 0.192044 -14.7964 -2.63833e-10
0.0260195 0.191447 -14.9159 -3.08161e-10
0.0263533 0.191019 -14.9552 -3.35723e-10
0.0266595 0.190662 -14.9263 -3.66654e-10
0.0269746 0.190325 -14.8627 -3.44049e-10
0.0273796 0.18993 -14.7046 -3.32011e-10
0.0278494 0.189519 -14.3235 -3.57629e-10
0.0282312 0.189217 -14.0684 -2.93851e-10
0.0285114 0.189013 -13.7622 -3.48454e-10
0.0287961 0.188819 -13.4472 -2.35744e-10
0.0290292 0.188669 -13.3666 -1.65241e-10
0.0292675 0.188524 -13.0876 -1.3598e-10
0.0295013 0.18839 -12.8367 -1.397e-10
0.0297054 0.18828 -12.755 -8.77901e-11
0.029974 0.188142 -12.5422 -6.03478e-11
0.0302155 0.188026 -12.447 -3.92456e-11
0.0304908 0.187903 -12.3272 -2.97526e-12
0.0307364 0.1878 -12.2375 3.61619e-11
0.0309609 0.187712 -12.2502 6.05607e-11
0.0312447 0.187609 -12.2694 1.3938e-10
0.0314914 0.187527 -12.1368 5.03182e-11
0.0318131 0.187429 -12.3142 2.68885e-10
0.0320931 0.187352 -12.436 1.22294e-10
0.0323739 0.187283 -12.5477 2.26942e-10
0.0326028 0.187233 -12.5363 1.39279e-10
0.0328459 0.187185 -12.779 2.59984e-10
0.0330737 0.187145 -13.5035 4.79755e-10
0.0332992 0.18711 -13.5579 -3.93459e-10
0.0335374 0.187079 -12.2424 5.24375e-10
0.0338077 0.18705 -13.1467 2.08046e-11
0.0340892 0.187027 -13.554 3.95849e-10
0.0344496 0.187007 -13.7191 2.70818e-10
0.0348504 0.187 -13.7631 8.55254e-11
0.0352981 0.187009 -13.867 -5.1111e-11
0.0358149 0.187042 -13.8396 2.23759e-10
0.036456 0.187117 -13.7239 2.65345e-10
0.0370493 0.187221 -13.6952 -8.28089e-12
0.0375175 0.187327 -13.5141 4.21136e-10
0.0378353 0.187412 -12.9341 3.54483e-10
0.0381385 0.187502 -13.0502 2.08888e-10
0.0384555 0.187606 -12.9476 2.15055e-10
0.0386978 0.187693 -12.8055 2.10715e-10
0.0389592 0.187795 -12.7 1.96784e-10
0.0393098 0.187943 -12.4502 2.47166e-10
0.0396279 0.18809 -12.3639 1.66523e-10
0.0399585 0.188256 -12.1247 3.30221e-10
0.0402453 0.188412 -11.8391 3.01141e-10
0.0404489 0.188529 -11.782 2.92178e-10
0.0406542 0.188653 -11.6423 3.33817e-10
0.0408748 0.188794 -11.4735 3.35791e-10
0.0411101 0.188952 -11.3861 3.10799e-10
0.0413424 0.189117 -11.2343 3.67918e-10
0.0415593 0.18928 -11.108 3.6032e-10
0.041769 0.189445 -10.9652 4.00093e-10
0.0419732 0.189614 -10.8477 4.74157e-10
0.0422049 0.189816 -10.738 4.80207e-10
0.0424912 0.190083 -10.554 5.37991e-10
0.042832 0.190427 -10.4578 7.18921e-10
0.043113 0.190734 -10.581 7.61835e-10
0.0433698 0.191037 -10.501 9.17738e-10
0.0436256 0.191362 -10.6964 1.03348e-09
0.0438134 0.191617 -10.7747 1.32172e-09
0.0439618 0.191831 -10.9512 1.4678e-09
0.044087 0.19202 -11.4613 1.65515e-09
0.0442092 0.192213 -12.3993 1.66728e-09
0.0443292 0.192412 -12.3917 1.59139e-09
0.0444433 0.19261 -13.1224 2.02509e-09
0.0445531 0.19281 -13.5542 1.99814e-09
0.0446676 0.19303 -14.2647 2.3198e-09
0.0447935 0.193287 -14.738 2.60442e-09
0.0449523 0.193637 -15.4144 3.16607e-09
0.0450994 0.193995 -16.1816 3.38553e-09
0.0452121 0.194296 -16.7985 3.48638e-09
0.0453066 0.194572 -16.8294 3.37658e-09
0.0453985 0.194866 -17.4542 2.63699e-09
0.0454805 0.195156 -17.5884 3.28049e-09
0.045553 0.195443 -17.2061 2.96002e-09
0.0456351 0.195814 -17.5981 2.42895e-09
0.0457317 0.196361 -16.84 2.095e-09
0.0458226 0.197163 -14.8314 -1.1041e-09
