x y fp fmu
0.0472197 0.198 -11.1286 1.51968e-08
0.0471883 0.198831 -9.7081 -1.78129e-10
0.0470848 0.199717 -7.38623 2.82115e-11
0.0469299 0.200508 -4.58097 2.83594e-10
0.0467827 0.20107 -2.89798 6.43442e-10
0.0466608 0.201462 -1.79301 2.54267e-10
0.046549 0.201782 -0.8561 4.9485e-10
0.0464237 0.202108 0.939688 7.30398e-10
0.0462806 0.202447 0.336629 -1.19126e-10
0.0461224 0.202789 2.29856 -4.18918e-10
0.045944 0.203142 3.2006 -1.35134e-10
0.0457093 0.203563 4.64958 -5.93863e-11
0.0453481 0.204138 6.45472 -2.69126e-10
0.0449414 0.204703 8.20153 -3.56345e-10
0.044575 0.205155 9.57512 -5.69319e-10
0.0441471 0.205626 11.1104 -5.40443e-10
0.0437989 0.205972 12.1958 -4.69222e-10
0.043507 0.20624 12.8116 -5.77381e-10
0.0432889 0.206428 13.2778 -2.57253e-10
0.0430873 0.206593 14.0508 -7.86588e-10
0.0428842 0.206751 14.334 -6.22134e-10
0.0426712 0.206909 14.8724 -5.98918e-10
0.0424449 0.207069 15.2525 -5.6824e-10
0.0422178 0.207221 15.5464 -2.9376e-10
0.0419987 0.20736 15.8219 -4.84393e-10
0.0417947 0.207483 16.2531 -6.26515e-10
0.0415324 0.207632 16.8706 -5.07264e-10
0.0412945 0.207759 16.9799 -1.24575e-10
0.040968 0.207922 17.523 -2.69428e-11
0.0406159 0.208083 18.0119 -1.15291e-09
0.0402814 0.208223 17.5318 -5.02276e-10
0.0400179 0.208323 18.0423 -3.77561e-10
0.0397331 0.208424 18.2069 -4.92652e-10
0.0394486 0.208515 18.438 -2.82867e-10
0.0391345 0.208607 18.4214 -3.67816e-10
0.0388541 0.20868 18.7331 -4.18022e-10
0.0386063 0.208738 18.7758 -1.10347e-10
0.0383664 0.208788 18.2749 -6.85088e-11
0.0381364 0.208832 18.3212 -4.18511e-10
0.0379184 0.208868 18.4577 -2.90747e-10
0.0376963 0.2089 18.5305 -2.80123e-10
0.0374532 0.208931 18.4209 -1.3038e-10
0.0371672 0.208959 17.9547 -2.79848e-10
0.0368204 0.208984 17.9452 -4.32972e-10
0.0363534 0.208999 17.668 -1.54554e-10
0.0358588 0.208994 17.0966 -1.58844e-10
0.0353921 0.208969 16.6159 -6.6927e-11
0.0349275 0.208924 16.1063 2.27038e-11
0.0344771 0.208861 14.68 -3.77359e-10
0.0340276 0.208779 14.826 -6.92366e-10
0.033566 0.208675 14.1284 7.87035e-11
0.033251 0.208592 13.0911 7.18334e-11
0.0329512 0.208503 12.5344 -2.19105e-10
0.0326684 0.208411 12.0621 1.85953e-10
0.0324208 0.208323 11.6056 1.3622e-10
0.0321898 0.208235 10.7559 -2.48877e-10
0.0319739 0.208148 10.1345 1.45755e-10
0.0317013 0.208029 9.94498 -3.93554e-11
0.0313394 0.207858 8.93505 -8.69872e-11
0.0310127 0.20769 8.19571 3.65968e-12
0.0306926 0.207511 7.23367 -8.0523e-11
0.0304546 0.207368 6.30099 4.72066e-12
0.0302426 0.207234 5.70101 -2.85718e-10
0.0300038 0.207075 4.95849 8.96796e-11
0.0296795 0.206845 4.02706 -5.82007e-11
0.0292165 0.206483 2.49382 4.26829e-11
0.0286212 0.205954 0.199909 1.1383e-10
0.0280035 0.205314 -2.20823 -2.07301e-10
0.0274547 0.204646 -4.57994 -7.93291e-10
0.0270006 0.204001 -6.73113 -5.39569e-10
0.0266017 0.203338 -8.6506 -6.36721e-10
0.0263264 0.202809 -9.97697 -7.62692e-10
0.0261371 0.202398 -11.1547 -7.09182e-10
0.0259965 0.20206 -11.7407 -5.35735e-10
0.0258824 0.20176 -12.3146 -8.51636e-10
0.0257815 0.201471 -13.493 -4.14626e-10
0.025692 0.201189 -14.4195 -7.76347e-10
0.025601 0.200871 -13.1526 -2.0329e-10
0.0255054 0.200491 -14.7327 -1.04002e-09
0.0254155 0.200066 -15.6365 -5.64367e-10
0.0253163 0.199454 -16.3872 -8.48779e-10
0.0252427 0.19871 -16.5008 -1.06887e-09
0.0252198 0.197945 -17.6746 -6.06234e-10
0.0252478 0.197214 -17.7285 -7.40154e-10
0.025307 0.196617 -17.8748 -8.98449e-10
0.0253857 0.196096 -18.2849 -7.53377e-10
0.0255071 0.195502 -18.5776 -6.39135e-10
0.0256483 0.194959 -18.7242 -6.46424e-10
0.0257644 0.194582 -18.7145 -6.55373e-10
0.0258868 0.194228 -18.7082 -5.91201e-10
0.0259997 0.193932 -18.5984 -6.01974e-10
0.0261388 0.193598 -18.4991 -5.23142e-10
0.0263266 0.193191 -18.3356 -4.33711e-10
0.0265947 0.192675 -18.1236 -3.29784e-10
0.0269716 0.192044 -17.9101 -2.67791e-10
0.0273848 0.191447 -17.8199 -1.82013e-10
0.0277186 0.191019 -17.8378 -1.82901e-10
0.0280248 0.190662 -17.9243 -2.07629e-10
0.0283399 0.190325 -18.0816 -2.3832e-10
0.0287449 0.18993 -18.2447 -1.8254e-10
0.0292147 0.189519 -18.4604 -3.92052e-10
0.0295965 0.189217 -18.5717 -2.93309e-10
0.0298767 0.189013 -18.4418 -5.11788e-10
0.0301613 0.188819 -18.4453 -5.3469e-10
0.0303945 0.188669 -18.4407 -3.96047e-10
0.0306328 0.188524 -18.1049 -4.78247e-10
0.0308666 0.18839 -17.8639 -4.78563e-10
0.0310707 0.18828 -17.7602 -4.74307e-10
0.0313393 0.188142 -17.3274 -5.32791e-10
0.0315808 0.188026 -17.2459 -4.48876e-10
0.0318561 0.187903 -16.7558 -3.21266e-10
0.0321017 0.1878 -16.5112 -3.54908e-10
0.0323262 0.187712 -15.9627 -3.19991e-10
0.03261 0.187609 -15.4374 -3.92038e-10
0.0328567 0.187527 -15.3321 -2.01197e-10
0.0331784 0.187429 -14.6687 -4.0652e-10
0.0334583 0.187352 -14.19 -2.0823e-10
0.0337391 0.187283 -13.78 -2.08768e-10
0.0339681 0.187233 -13.5335 -1.83145e-10
0.0342112 0.187185 -13.1569 -1.77015e-10
0.034439 0.187145 -12.7099 -1.86733e-10
0.0346645 0.18711 -12.5192 -1.75195e-10
0.0349027 0.187079 -12.4001 -1.50593e-10
0.0351729 0.18705 -12.1393 -4.47991e-11
0.0354545 0.187027 -11.9198 -8.92607e-13
0.0358148 0.187007 -11.6424 8.46074e-11
0.0362157 0.187 -11.3914 4.27603e-11
0.0366634 0.187009 -11.2037 -7.24165e-11
0.0371802 0.187042 -10.9944 1.32155e-10
0.0378212 0.187117 -10.8251 2.54467e-10
0.0384146 0.187221 -10.8104 -3.21898e-11
0.0388827 0.187327 -10.4628 4.13198e-10
0.0392006 0.187412 -9.94237 4.13436e-10
0.0395038 0.187502 -10.1515 1.73134e-10
0.0398207 0.187606 -10.0608 1.8582e-10
0.0400631 0.187693 -9.91499 1.53505e-10
0.0403244 0.187795 -9.79905 1.4688e-10
0.0406751 0.187943 -9.56872 1.73985e-10
0.0409932 0.18809 -9.4322 1.27566e-10
0.0413237 0.188256 -9.22593 2.29957e-10
0.0416106 0.188412 -8.96351 1.84459e-10
0.0418141 0.188529 -8.85799 1.77161e-10
0.0420195 0.188653 -8.72644 2.0097e-10
0.0422401 0.188794 -8.53235 1.44221e-10
0.0424754 0.188952 -8.37378 1.60486e-10
0.0427077 0.189117 -8.20894 1.78564e-10
0.0429246 0.18928 -8.04459 1.54071e-10
0.0431343 0.189445 -7.88561 1.80447e-10
0.0433385 0.189614 -7.74324 1.67306e-10
0.0435702 0.189816 -7.58813 1.91309e-10
0.0438565 0.190083 -7.38956 1.97182e-10
0.0441973 0.190427 -7.18908 2.27422e-10
0.0444783 0.190734 -7.07792 2.19318e-10
0.0447351 0.191037 -6.91331 2.66042e-10
0.0449909 0.191362 -6.88003 2.75621e-10
0.0451787 0.191617 -6.82278 4.07996e-10
0.0453271 0.191831 -6.81584 4.07169e-10
0.0454522 0.19202 -6.99802 5.32985e-10
0.0455745 0.192213 -7.29232 6.10789e-10
0.0456945 0.192412 -7.10591 4.49058e-10
0.0458086 0.19261 -7.49159 7.45051e-10
0.0459183 0.19281 -7.69212 6.59475e-10
0.0460329 0.19303 -8.22897 9.57632e-10
0.0461588 0.193287 -8.62115 1.02208e-09
0.0463175 0.193637 -9.37908 1.28456e-09
0.0464647 0.193995 -10.2095 1.55319e-09
0.0465774 0.194296 -10.7552 1.88736e-09
0.0466719 0.194572 -11.2671 2.07543e-09
0.0467638 0.194866 -11.9439 1.92324e-09
0.0468458 0.195156 -12.1959 2.14742e-09
0.0469183 0.195443 -12.4299 2.19153e-09
0.0470004 0.195814 -12.8818 1.97306e-09
0.047097 0.196361 -12.6721 1.80809e-09
0.0471878 0.197163 -11.8949 -6.01703e-10
