x y fp fmu
0.0470205 0.198 -7.0332 -2.84123e-09
0.046989 0.198831 -7.11213 3.60635e-10
0.0468856 0.199717 -6.95849 6.39605e-10
0.0467306 0.200508 -6.35044 6.22804e-10
0.0465835 0.20107 -5.75769 7.35417e-10
0.0464615 0.201462 -5.28792 5.83043e-10
0.0463498 0.201782 -4.77633 6.79209e-10
0.0462245 0.202108 -3.87883 7.58869e-10
0.0460814 0.202447 -3.99984 3.72687e-10
0.0459231 0.202789 -2.78186 2.4271e-10
0.0457448 0.203142 -2.13527 3.3928e-10
0.0455101 0.203563 -1.01977 4.05385e-10
0.0451488 0.204138 0.469489 2.94117e-10
0.0447421 0.204703 2.04836 2.42573e-10
0.0443757 0.205155 3.36745 4.56766e-11
0.0439478 0.205626 4.9042 5.20814e-11
0.0435997 0.205972 6.05206 9.60971e-11
0.0433077 0.20624 6.80573 -2.39457e-11
0.0430896 0.206428 7.47277 3.26667e-10
0.042888 0.206593 8.25392 -1.87127e-10
0.0426849 0.206751 8.65917 -7.81589e-11
0.042472 0.206909 9.37479 -6.15185e-11
0.0422457 0.207069 9.89018 -8.85398e-11
0.0420186 0.207221 10.4131 2.51621e-10
0.0417995 0.20736 10.8623 -2.17974e-11
0.0415954 0.207483 11.5318 -1.10874e-10
0.0413332 0.207632 12.3252 1.00392e-12
0.0410953 0.207759 12.5354 3.14843e-10
0.0407688 0.207922 13.9036 7.32449e-10
0.0404167 0.208083 14.2063 -1.59393e-09
0.0400822 0.208223 14.0048 -2.3158e-10
0.0398187 0.208323 15.0237 -6.09712e-11
0.0395338 0.208424 15.5339 -1.71502e-10
0.0392494 0.208515 16.0151 2.15154e-10
0.0389353 0.208607 16.3956 4.13074e-12
0.0386549 0.20868 17.2983 -3.39881e-11
0.038407 0.208738 16.8804 -6.59798e-11
0.0381672 0.208788 16.8204 2.63552e-10
0.0379372 0.208832 17.6148 -6.94037e-11
0.0377192 0.208868 17.9352 1.7864e-10
0.0374971 0.2089 18.2654 8.39579e-11
0.0372539 0.208931 18.1259 3.62489e-11
0.036968 0.208959 18.2322 3.2975e-10
0.0366212 0.208984 18.7445 8.51761e-14
0.0361541 0.208999 18.8985 1.98757e-10
0.0356596 0.208994 18.9877 2.34378e-10
0.0351928 0.208969 19.1344 2.58028e-10
0.0347283 0.208924 19.0448 4.41194e-10
0.0342779 0.208861 18.5182 3.78065e-10
0.0338284 0.208779 19.0743 -1.98015e-11
0.0333668 0.208675 18.5506 5.93652e-10
0.0330518 0.208592 18.0795 5.45008e-10
0.032752 0.208503 17.8979 4.35203e-10
0.0324691 0.208411 17.7283 6.31385e-10
0.0322216 0.208323 17.4317 7.92894e-10
0.0319906 0.208235 16.7299 4.63569e-10
0.0317747 0.208148 16.6162 5.66943e-10
0.0315021 0.208029 16.5438 5.69909e-10
0.0311401 0.207858 15.8404 5.31627e-10
0.0308135 0.20769 15.3794 6.48062e-10
0.0304933 0.207511 14.6054 6.57949e-10
0.0302553 0.207368 13.8402 6.81492e-10
0.0300433 0.207234 13.3681 4.83551e-10
0.0298046 0.207075 12.7673 7.92604e-10
0.0294803 0.206845 12.0039 6.30176e-10
0.0290172 0.206483 10.6298 8.2678e-10
0.028422 0.205954 8.42813 9.31495e-10
0.0278043 0.205314 5.98319 6.87338e-10
0.0272554 0.204646 3.25692 7.92283e-11
0.0268014 0.204001 0.679412 3.52502e-10
0.0264025 0.203338 -1.80355 2.4104e-10
0.0261272 0.202809 -3.68531 4.60106e-11
0.0259379 0.202398 -5.56669 2.62162e-11
0.0257973 0.20206 -6.51244 2.64991e-10
0.0256832 0.20176 -7.62692 -2.84844e-10
0.0255823 0.201471 -10.0802 5.46856e-10
0.0254928 0.201189 -11.4368 -6.15691e-10
0.0254018 0.200871 -8.40191 1.10718e-09
0.0253062 0.200491 -12.7582 -9.42871e-10
0.0252162 0.200066 -15.0046 4.21918e-10
0.025117 0.199454 -16.7659 -1.53021e-09
0.0250434 0.19871 -17.0434 -1.97413e-09
0.0250206 0.197945 -22.8222 3.60892e-10
0.0250486 0.197214 -21.0428 -3.82659e-09
0.0251078 0.196617 -23.3327 -4.80319e-09
0.0251864 0.196096 -25.4509 -3.59564e-09
0.0253079 0.195502 -26.0919 -2.80464e-09
0.0254491 0.194959 -25.8366 -3.28031e-09
0.0255651 0.194582 -25.7211 -3.23215e-09
0.0256876 0.194228 -25.7317 -3.07234e-09
0.0258005 0.193932 -25.7494 -2.58207e-09
0.0259396 0.193598 -25.5575 -2.34872e-09
0.0261273 0.193191 -25.3667 -2.11517e-09
0.0263955 0.192675 -25.0635 -1.75271e-09
0.0267724 0.192044 -24.5169 -1.46674e-09
0.0271855 0.191447 -23.9092 -1.13919e-09
0.0275194 0.191019 -23.508 -1.00078e-09
0.0278255 0.190662 -23.1638 -9.35454e-10
0.0281407 0.190325 -22.9382 -8.34997e-10
0.0285456 0.18993 -22.6426 -6.99988e-10
0.0290155 0.189519 -22.2902 -6.634e-10
0.0293972 0.189217 -22.1045 -5.2304e-10
0.0296775 0.189013 -21.8394 -5.92705e-10
0.0299621 0.188819 -21.8136 -5.66651e-10
0.0301953 0.188669 -21.7006 -4.60103e-10
0.0304336 0.188524 -21.4956 -4.94456e-10
0.0306673 0.18839 -21.4943 -4.6226e-10
0.0308715 0.18828 -21.4319 -3.97572e-10
0.03114 0.188142 -21.3935 -3.7521e-10
0.0313816 0.188026 -21.3598 -2.91327e-10
0.0316569 0.187903 -21.3113 -2.76227e-10
0.0319024 0.1878 -21.2567 -2.42062e-10
0.032127 0.187712 -21.1818 -2.72356e-10
0.0324108 0.187609 -21.326 -2.9248e-10
0.0326574 0.187527 -21.3601 -1.23782e-10
0.0329791 0.187429 -21.2542 -2.77375e-10
0.0332591 0.187352 -21.3114 -2.38856e-10
0.0335399 0.187283 -21.3371 -2.86809e-10
0.0337688 0.187233 -21.3625 -1.77528e-10
0.0340119 0.187185 -21.068 -2.95928e-10
0.0342397 0.187145 -20.641 -5.97865e-10
0.0344653 0.18711 -21.0143 2.65604e-10
0.0347035 0.187079 -21.8209 -2.25096e-10
0.0349737 0.18705 -20.8309 -4.45476e-11
0.0352552 0.187027 -20.4461 -3.69331e-10
0.0356156 0.187007 -20.2009 -3.56095e-10
0.0360165 0.187 -19.8819 -5.81414e-11
0.0364641 0.187009 -19.324 5.03893e-11
0.036981 0.187042 -18.6809 -1.83162e-10
0.037622 0.187117 -17.6533 -4.66111e-10
0.0382153 0.187221 -16.3689 -5.10241e-11
0.0386835 0.187327 -15.8663 -4.76205e-10
0.0390014 0.187412 -15.8249 -7.76e-10
0.0393046 0.187502 -14.5729 -2.69173e-10
0.0396215 0.187606 -13.8861 -4.10672e-10
0.0398639 0.187693 -13.42 -8.58701e-11
0.0401252 0.187795 -12.9929 -1.73068e-10
0.0404759 0.187943 -12.337 -1.52461e-10
0.0407939 0.18809 -11.5032 -2.04896e-10
0.0411245 0.188256 -11.4783 -1.02017e-10
0.0414113 0.188412 -10.7982 -2.48166e-10
0.0416149 0.188529 -10.4244 -1.66114e-10
0.0418202 0.188653 -10.2174 -1.42836e-10
0.0420409 0.188794 -9.89127 -2.56074e-10
0.0422762 0.188952 -9.56037 -9.81802e-11
0.0425085 0.189117 -9.33315 -6.5262e-11
0.0427254 0.18928 -9.09555 -8.55059e-11
0.042935 0.189445 -8.88596 -3.14009e-11
0.0431392 0.189614 -8.70683 -1.07325e-10
0.043371 0.189816 -8.49049 -2.64286e-11
0.0436572 0.190083 -8.25965 -2.93064e-12
0.0439981 0.190427 -8.00423 -3.95807e-11
0.044279 0.190734 -7.77651 -6.51317e-12
0.0445359 0.191037 -7.58252 3.58618e-11
0.0447917 0.191362 -7.38589 3.03666e-11
0.0449795 0.191617 -7.25143 3.90125e-11
0.0451278 0.191831 -7.1467 4.57124e-11
0.045253 0.19202 -7.06486 2.9834e-11
0.0453752 0.192213 -6.97991 2.9765e-11
0.0454952 0.192412 -6.91006 6.93666e-11
0.0456094 0.19261 -6.83131 5.10721e-11
0.0457191 0.19281 -6.76302 7.1058e-11
0.0458336 0.19303 -6.69568 7.0539e-11
0.0459595 0.193287 -6.61632 8.84888e-11
0.0461183 0.193637 -6.5247 1.02966e-10
0.0462655 0.193995 -6.44648 1.14457e-10
0.0463782 0.194296 -6.3725 1.37649e-10
0.0464727 0.194572 -6.31216 1.45805e-10
0.0465646 0.194866 -6.25834 1.40628e-10
0.0466465 0.195156 -6.16114 1.5905e-10
0.0467191 0.195443 -6.09754 1.32014e-10
0.0468011 0.195814 -5.98182 1.16701e-10
0.0468977 0.196361 -5.81056 1.59559e-10
0.0469886 0.197163 -6.03465 4.41454e-10
