x y fp fmu
0.0445366 0.198 -10.9837 6.68487e-10
0.0445052 0.198831 -10.7534 9.54896e-11
0.0444017 0.199717 -10.2745 3.41108e-10
0.0442468 0.200508 -9.75992 4.08383e-10
0.0440996 0.20107 -9.33537 5.69846e-10
0.0439777 0.201462 -9.03916 5.00142e-10
0.0438659 0.201782 -8.64762 6.37294e-10
0.0437406 0.202108 -7.96665 6.89211e-10
0.0435975 0.202447 -8.13432 4.39883e-10
0.0434392 0.202789 -7.09486 3.21383e-10
0.0432609 0.203142 -6.58366 4.31811e-10
0.0430262 0.203563 -5.59516 4.89947e-10
0.042665 0.204138 -4.21576 4.4378e-10
0.0422583 0.204703 -2.64494 4.13263e-10
0.0418919 0.205155 -1.31781 2.04071e-10
0.041464 0.205626 0.284223 2.0482e-10
0.0411158 0.205972 1.49306 2.40826e-10
0.0408239 0.20624 2.29057 1.03538e-10
0.0406058 0.206428 3.08645 4.67371e-10
0.0404042 0.206593 3.92343 -6.02055e-11
0.0402011 0.206751 4.37684 5.30444e-11
0.0399881 0.206909 5.21307 7.2477e-11
0.0397618 0.207069 5.78469 2.82809e-11
0.0395347 0.207221 6.41355 3.72886e-10
0.0393156 0.20736 6.95295 9.16599e-11
0.0391116 0.207483 7.7815 3.83295e-11
0.0388493 0.207632 8.71274 1.75388e-10
0.0386114 0.207759 8.95396 5.04997e-10
0.0382849 0.207922 10.8866 1.08628e-09
0.0379328 0.208083 10.9105 -2.08507e-09
0.0375983 0.208223 10.9179 -2.78208e-10
0.0373348 0.208323 12.1698 8.87448e-12
0.03705 0.208424 12.8638 -9.258e-11
0.0367655 0.208515 13.4852 3.47217e-10
0.0364514 0.208607 14.0767 1.43988e-10
0.036171 0.20868 15.2629 6.53004e-11
0.0359232 0.208738 14.6342 -8.93163e-11
0.0356833 0.208788 14.8271 3.40666e-10
0.0354533 0.208832 15.935 3.99772e-11
0.0352353 0.208868 16.3397 3.06475e-10
0.0350132 0.2089 16.805 1.90815e-10
0.0347701 0.208931 16.6726 5.70389e-11
0.0344841 0.208959 17.0707 4.96288e-10
0.0341373 0.208984 17.8192 1.29235e-10
0.0336703 0.208999 18.2079 2.8753e-10
0.0331757 0.208994 18.6143 3.23621e-10
0.032709 0.208969 19.0566 3.03414e-10
0.0322444 0.208924 19.1505 5.09043e-10
0.031794 0.208861 19.1244 6.016e-10
0.0313445 0.208779 19.7881 2.18724e-10
0.0308829 0.208675 19.3605 7.11658e-10
0.0305679 0.208592 19.185 6.47102e-10
0.0302681 0.208503 19.1799 6.19332e-10
0.0299853 0.208411 19.131 7.21391e-10
0.0297377 0.208323 18.9241 9.33563e-10
0.0295067 0.208235 18.3619 6.66861e-10
0.0292908 0.208148 18.5227 6.168e-10
0.0290182 0.208029 18.4865 6.83167e-10
0.0286563 0.207858 17.9999 6.77149e-10
0.0283296 0.20769 17.6555 8.24062e-10
0.0280094 0.207511 17.0002 8.68929e-10
0.0277715 0.207368 16.4172 8.45839e-10
0.0275595 0.207234 16.0736 6.97101e-10
0.0273207 0.207075 15.6391 9.49327e-10
0.0269964 0.206845 15.0648 8.07142e-10
0.0265334 0.206483 13.9194 1.06931e-09
0.0259381 0.205954 12.0606 1.26107e-09
0.0253204 0.205314 9.92032 1.05194e-09
0.0247716 0.204646 7.38919 5.70165e-10
0.0243175 0.204001 5.06674 7.40058e-10
0.0239186 0.203338 2.78881 6.25197e-10
0.0236433 0.202809 0.911785 4.9071e-10
0.023454 0.202398 -0.897145 4.15717e-10
0.0233134 0.20206 -1.9117 6.75061e-10
0.0231993 0.20176 -3.14331 1.16955e-10
0.0230984 0.201471 -5.2473 7.77538e-10
0.0230089 0.201189 -6.29705 -6.0084e-10
0.0229179 0.200871 -4.42738 1.06733e-09
0.0228223 0.200491 -8.34741 -3.8409e-10
0.0227324 0.200066 -10.4812 4.34576e-10
0.0226331 0.199454 -12.2941 -1.36609e-09
0.0225596 0.19871 -13.3392 -2.04704e-09
0.0225367 0.197945 -18.7074 1.70632e-10
0.0225647 0.197214 -17.7932 -3.85904e-09
0.0226239 0.196617 -20.0458 -4.36508e-09
0.0227026 0.196096 -22.4152 -3.1768e-09
0.022824 0.195502 -23.9622 -2.39778e-09
0.0229652 0.194959 -24.3972 -3.0083e-09
0.0230813 0.194582 -24.6403 -3.20348e-09
0.0232037 0.194228 -24.6772 -3.5626e-09
0.0233166 0.193932 -24.3382 -3.62338e-09
0.0234557 0.193598 -23.9035 -3.89274e-09
0.0236435 0.193191 -23.3391 -3.61202e-09
0.0239116 0.192675 -22.5019 -2.90943e-09
0.0242885 0.192044 -21.25 -2.23563e-09
0.0247017 0.191447 -19.8755 -1.69444e-09
0.0250355 0.191019 -19.3923 -1.31586e-09
0.0253417 0.190662 -19.0158 -1.18082e-09
0.0256568 0.190325 -18.826 -9.93944e-10
0.0260618 0.18993 -18.711 -8.22319e-10
0.0265316 0.189519 -18.4638 -7.01182e-10
0.0269134 0.189217 -18.4883 -5.72737e-10
0.0271936 0.189013 -18.3556 -6.30731e-10
0.0274782 0.188819 -18.4057 -5.28251e-10
0.0277114 0.188669 -18.4828 -4.28551e-10
0.0279497 0.188524 -18.3591 -4.60437e-10
0.0281835 0.18839 -18.4103 -4.49194e-10
0.0283876 0.18828 -18.4726 -3.85228e-10
0.0286562 0.188142 -18.4947 -3.85542e-10
0.0288977 0.188026 -18.5855 -3.04101e-10
0.029173 0.187903 -18.5889 -2.82886e-10
0.0294185 0.1878 -18.6054 -2.5473e-10
0.0296431 0.187712 -18.5519 -2.82507e-10
0.0299269 0.187609 -18.7061 -2.9512e-10
0.0301736 0.187527 -18.7903 -1.5148e-10
0.0304953 0.187429 -18.7456 -2.56566e-10
0.0307752 0.187352 -18.8507 -2.1796e-10
0.031056 0.187283 -18.9608 -2.23983e-10
0.031285 0.187233 -19.0454 -1.44281e-10
0.0315281 0.187185 -18.9266 -2.16108e-10
0.0317559 0.187145 -18.717 -4.49855e-10
0.0319814 0.18711 -19.0609 2.46446e-10
0.0322196 0.187079 -19.8794 -1.2695e-10
0.0324898 0.18705 -19.2574 1.63552e-11
0.0327713 0.187027 -19.1437 -2.48825e-10
0.0331317 0.187007 -19.1643 -2.39186e-10
0.0335326 0.187 -19.1162 -1.6131e-12
0.0339803 0.187009 -18.946 1.10775e-10
0.0344971 0.187042 -18.6405 -1.42495e-10
0.0351381 0.187117 -17.9785 -4.29117e-10
0.0357315 0.187221 -17.0177 1.45492e-11
0.0361996 0.187327 -16.7614 -5.11751e-10
0.0365175 0.187412 -17.0687 -7.65956e-10
0.0368207 0.187502 -15.8574 -2.87985e-10
0.0371376 0.187606 -15.3222 -3.74329e-10
0.03738 0.187693 -14.9927 -6.93772e-11
0.0376413 0.187795 -14.7175 -1.41882e-10
0.037992 0.187943 -14.2935 -1.23897e-10
0.0383101 0.18809 -13.6549 -1.86336e-10
0.0386406 0.188256 -13.8623 -2.36028e-11
0.0389274 0.188412 -13.3834 -2.30308e-10
0.039131 0.188529 -13.1387 -1.28305e-10
0.0393364 0.188653 -13.0598 -1.0821e-10
0.039557 0.188794 -12.9059 -1.80227e-10
0.0397923 0.188952 -12.7449 -5.5627e-11
0.0400246 0.189117 -12.6735 -1.29453e-11
0.0402415 0.18928 -12.5968 -3.20077e-11
0.0404512 0.189445 -12.5349 1.81758e-11
0.0406554 0.189614 -12.5065 -5.55445e-12
0.0408871 0.189816 -12.4641 5.35048e-11
0.0411734 0.190083 -12.4372 7.56521e-11
0.0415142 0.190427 -12.4491 9.583e-11
0.0417952 0.190734 -12.4621 1.20568e-10
0.042052 0.191037 -12.4374 1.58434e-10
0.0423078 0.191362 -12.4341 1.75045e-10
0.0424956 0.191617 -12.4169 1.99285e-10
0.042644 0.191831 -12.3937 2.26969e-10
0.0427691 0.19202 -12.3688 2.19595e-10
0.0428914 0.192213 -12.389 1.82069e-10
0.0430114 0.192412 -12.349 2.25287e-10
0.0431255 0.19261 -12.3034 2.07156e-10
0.0432352 0.19281 -12.2693 2.25877e-10
0.0433498 0.19303 -12.2176 2.08614e-10
0.0434757 0.193287 -12.158 2.27485e-10
0.0436344 0.193637 -12.0468 2.28507e-10
0.0437816 0.193995 -11.9392 2.1722e-10
0.0438943 0.194296 -11.8443 2.21219e-10
0.0439888 0.194572 -11.7226 2.15741e-10
0.0440807 0.194866 -11.6538 1.82164e-10
0.0441626 0.195156 -11.5531 2.35319e-10
0.0442352 0.195443 -11.4482 2.09002e-10
0.0443173 0.195814 -11.3497 2.06522e-10
0.0444139 0.196361 -11.1564 2.62571e-10
0.0445047 0.197163 -11.0069 1.66881e-10
