x y fp fmu
0.0426791 0.198 -14.2649 1.198e-09
0.0426477 0.198831 -13.8236 1.26845e-10
0.0425443 0.199717 -13.1946 3.56585e-10
0.0423893 0.200508 -12.4771 4.13909e-10
0.0422421 0.20107 -11.9322 6.33281e-10
0.0421202 0.201462 -11.579 5.71385e-10
0.0420084 0.201782 -11.1064 7.53299e-10
0.0418832 0.202108 -10.3423 7.57968e-10
0.0417401 0.202447 -10.5523 5.60141e-10
0.0415818 0.202789 -9.37701 3.92267e-10
0.0414035 0.203142 -8.83887 5.38571e-10
0.0411688 0.203563 -7.75675 5.84541e-10
0.0408075 0.204138 -6.27003 5.36988e-10
0.0404008 0.204703 -4.64756 4.55008e-10
0.0400344 0.205155 -3.31416 2.31737e-10
0.0396065 0.205626 -1.64087 2.50271e-10
0.0392583 0.205972 -0.354122 3.06054e-10
0.0389664 0.20624 0.467463 1.32073e-10
0.0387483 0.206428 1.34081 5.23172e-10
0.0385467 0.206593 2.19897 -1.89841e-11
0.0383436 0.206751 2.68065 1.09041e-10
0.0381307 0.206909 3.59858 1.31785e-10
0.0379043 0.207069 4.21082 8.25015e-11
0.0376772 0.207221 4.87413 3.96456e-10
0.0374581 0.20736 5.4342 1.09121e-10
0.0372541 0.207483 6.34192 8.69944e-11
0.0369919 0.207632 7.29888 2.21973e-10
0.0367539 0.207759 7.55282 5.86848e-10
0.0364275 0.207922 9.74098 1.20572e-09
0.0360754 0.208083 9.55429 -2.25737e-09
0.0357409 0.208223 9.67632 -3.66496e-10
0.0354774 0.208323 10.989 1.95979e-11
0.0351925 0.208424 11.7354 -7.53593e-11
0.0349081 0.208515 12.3807 3.60387e-10
0.034594 0.208607 13.0523 1.84143e-10
0.0343135 0.20868 14.2986 8.94087e-11
0.0340657 0.208738 13.6021 -9.30934e-11
0.0338258 0.208788 13.9259 3.31985e-10
0.0335958 0.208832 15.1039 6.78726e-11
0.0333779 0.208868 15.5076 3.19895e-10
0.0331558 0.2089 16.0053 2.06814e-10
0.0329126 0.208931 15.8895 4.64842e-11
0.0326266 0.208959 16.3871 4.89426e-10
0.0322798 0.208984 17.1686 1.34987e-10
0.0318128 0.208999 17.6324 2.68286e-10
0.0313183 0.208994 18.1319 2.98308e-10
0.0308515 0.208969 18.6411 2.58563e-10
0.0303869 0.208924 18.7928 4.53095e-10
0.0299365 0.208861 18.9082 5.54827e-10
0.029487 0.208779 19.5519 2.14322e-10
0.0290254 0.208675 19.2128 6.42605e-10
0.0287104 0.208592 19.1216 5.79533e-10
0.0284107 0.208503 19.1449 5.67325e-10
0.0281278 0.208411 19.1286 6.5563e-10
0.0278803 0.208323 18.9588 8.46794e-10
0.0276492 0.208235 18.4707 6.15247e-10
0.0274334 0.208148 18.6646 5.63976e-10
0.0271608 0.208029 18.6185 6.38731e-10
0.0267988 0.207858 18.1955 6.2587e-10
0.0264722 0.20769 17.8824 7.69587e-10
0.026152 0.207511 17.2953 8.1328e-10
0.025914 0.207368 16.7829 7.86049e-10
0.025702 0.207234 16.474 6.34324e-10
0.0254632 0.207075 16.0818 8.85225e-10
0.0251389 0.206845 15.547 7.45602e-10
0.0246759 0.206483 14.4813 1.00123e-09
0.0240807 0.205954 12.7498 1.19192e-09
0.023463 0.205314 10.6913 9.59521e-10
0.0229141 0.204646 8.29812 4.79491e-10
0.02246 0.204001 6.10971 6.37123e-10
0.0220612 0.203338 3.96206 5.08018e-10
0.0217858 0.202809 2.18273 3.45483e-10
0.0215966 0.202398 0.49216 2.45398e-10
0.021456 0.20206 -0.491434 4.9833e-10
0.0213419 0.20176 -1.64428 -7.36756e-11
0.021241 0.201471 -3.50449 5.50075e-10
0.0211514 0.201189 -4.47148 -7.73339e-10
0.0210604 0.200871 -3.1241 6.36898e-10
0.0209649 0.200491 -6.44068 -4.36485e-10
0.0208749 0.200066 -8.32748 1.20038e-10
0.0207757 0.199454 -10.1268 -1.3209e-09
0.0207021 0.19871 -11.1859 -2.37259e-09
0.0206793 0.197945 -15.8101 -5.75618e-11
0.0207072 0.197214 -15.2429 -3.55795e-09
0.0207665 0.196617 -16.878 -4.09122e-09
0.0208451 0.196096 -18.7975 -3.04334e-09
0.0209665 0.195502 -19.9485 -2.45586e-09
0.0211077 0.194959 -20.1355 -2.98188e-09
0.0212238 0.194582 -19.8256 -3.24779e-09
0.0213462 0.194228 -19.4401 -3.57278e-09
0.0214592 0.193932 -18.9018 -3.36522e-09
0.0215982 0.193598 -18.2076 -3.50104e-09
0.021786 0.193191 -17.2734 -2.90969e-09
0.0220541 0.192675 -16.1301 -2.15154e-09
0.022431 0.192044 -14.531 -1.74623e-09
0.0228442 0.191447 -13.2113 -1.2301e-09
0.023178 0.191019 -12.8943 -9.07318e-10
0.0234842 0.190662 -12.6729 -8.12171e-10
0.0237993 0.190325 -12.6499 -6.59268e-10
0.0242043 0.18993 -12.7849 -5.24983e-10
0.0246742 0.189519 -12.9059 -4.32374e-10
0.0250559 0.189217 -13.1415 -3.57924e-10
0.0253361 0.189013 -13.2303 -3.82099e-10
0.0256208 0.188819 -13.4389 -3.47575e-10
0.025854 0.188669 -13.5906 -2.90562e-10
0.0260922 0.188524 -13.6483 -3.26425e-10
0.026326 0.18839 -13.8309 -3.1793e-10
0.0265301 0.18828 -13.9665 -2.72832e-10
0.0267987 0.188142 -14.1403 -2.73534e-10
0.0270402 0.188026 -14.3099 -2.14787e-10
0.0273155 0.187903 -14.4606 -2.13501e-10
0.0275611 0.1878 -14.5837 -1.89321e-10
0.0277856 0.187712 -14.6541 -2.2754e-10
0.0280694 0.187609 -14.9202 -2.37794e-10
0.0283161 0.187527 -15.0932 -1.17555e-10
0.0286378 0.187429 -15.1837 -2.21589e-10
0.0289178 0.187352 -15.3747 -1.98415e-10
0.0291986 0.187283 -15.5633 -2.22512e-10
0.0294275 0.187233 -15.7139 -1.34171e-10
0.0296706 0.187185 -15.6684 -2.13561e-10
0.0298984 0.187145 -15.4183 -4.70729e-10
0.0301239 0.18711 -15.7189 2.57127e-10
0.0303621 0.187079 -16.8293 -2.42603e-10
0.0306324 0.18705 -16.1761 -2.34177e-11
0.0309139 0.187027 -16.036 -3.0488e-10
0.0312743 0.187007 -16.0672 -2.65867e-10
0.0316752 0.187 -16.0664 -3.99205e-11
0.0321228 0.187009 -15.9481 8.6208e-11
0.0326396 0.187042 -15.7372 -2.0499e-10
0.0332807 0.187117 -15.2896 -4.15834e-10
0.033874 0.187221 -14.6255 6.36763e-12
0.0343422 0.187327 -14.5059 -4.98673e-10
0.03466 0.187412 -14.9741 -5.7663e-10
0.0349633 0.187502 -14.164 -2.41241e-10
0.0352802 0.187606 -13.9136 -2.49304e-10
0.0355225 0.187693 -13.8069 -5.60657e-11
0.0357839 0.187795 -13.7516 -7.13816e-11
0.0361345 0.187943 -13.6963 -4.68933e-11
0.0364526 0.18809 -13.5587 -5.50558e-11
0.0367832 0.188256 -13.7165 6.70987e-11
0.03707 0.188412 -13.7389 -1.28988e-11
0.0372736 0.188529 -13.7759 2.73475e-11
0.0374789 0.188653 -13.8487 4.31002e-11
0.0376995 0.188794 -13.9787 8.97812e-11
0.0379348 0.188952 -14.1141 8.40083e-11
0.0381671 0.189117 -14.2204 1.38763e-10
0.038384 0.18928 -14.3677 1.5272e-10
0.0385937 0.189445 -14.4854 1.7914e-10
0.0387979 0.189614 -14.6274 2.62012e-10
0.0390296 0.189816 -14.7856 2.46597e-10
0.0393159 0.190083 -14.9441 2.69752e-10
0.0396567 0.190427 -15.1261 3.26522e-10
0.0399377 0.190734 -15.2923 2.66143e-10
0.0401946 0.191037 -15.331 2.93331e-10
0.0404503 0.191362 -15.3646 3.11889e-10
0.0406381 0.191617 -15.374 3.14123e-10
0.0407865 0.191831 -15.3478 3.5532e-10
0.0409117 0.19202 -15.285 3.26926e-10
0.0410339 0.192213 -15.3157 2.4866e-10
0.0411539 0.192412 -15.3109 3.22835e-10
0.041268 0.19261 -15.2241 2.59344e-10
0.0413778 0.19281 -15.1938 2.94125e-10
0.0414923 0.19303 -15.1255 2.48748e-10
0.0416182 0.193287 -15.0723 2.69516e-10
0.041777 0.193637 -14.9439 2.60499e-10
0.0419241 0.193995 -14.8324 2.38941e-10
0.0420368 0.194296 -14.7529 2.41216e-10
0.0421313 0.194572 -14.6329 2.30883e-10
0.0422233 0.194866 -14.5903 1.95642e-10
0.0423052 0.195156 -14.5229 2.62904e-10
0.0423777 0.195443 -14.4629 2.4317e-10
0.0424598 0.195814 -14.4248 2.62773e-10
0.0425564 0.196361 -14.2966 3.53487e-10
0.0426473 0.197163 -14.2605 2.11119e-10
