x y fp fmu
0.0437135 0.198 -7.65538 7.16698e-10
0.0436821 0.198831 -7.19111 8.57049e-10
0.0435786 0.199717 -6.78747 7.76421e-10
0.0434237 0.200508 -5.63197 7.63982e-10
0.0432765 0.20107 -4.66418 1.05019e-09
0.0431546 0.201462 -4.07088 7.56092e-10
0.0430428 0.201782 -3.25314 1.21978e-09
0.0429175 0.202108 -1.78347 9.7643e-10
0.0427745 0.202447 -2.79279 6.45548e-10
0.0426162 0.202789 -0.775694 1.04336e-10
0.0424379 0.203142 -0.0954781 4.67472e-10
0.0422032 0.203563 1.29945 4.31156e-10
0.0418419 0.204138 3.08208 3.69103e-10
0.0414352 0.204703 4.89119 2.4992e-10
0.0410688 0.205155 6.32792 2.52365e-11
0.0406409 0.205626 8.06759 4.46358e-11
0.0402927 0.205972 9.30762 9.64961e-11
0.0400008 0.20624 10.0614 -7.3094e-11
0.0397827 0.206428 10.8656 3.00601e-10
0.0395811 0.206593 11.6885 -2.44768e-10
0.039378 0.206751 12.0809 -1.03784e-10
0.039165 0.206909 12.8964 -9.63128e-11
0.0389387 0.207069 13.3984 -1.36604e-10
0.0387116 0.207221 13.9371 1.51248e-10
0.0384925 0.20736 14.4001 -9.50792e-11
0.0382885 0.207483 15.1421 -1.47252e-10
0.0380262 0.207632 15.9462 -2.76683e-11
0.0377883 0.207759 16.1354 3.21524e-10
0.0374618 0.207922 17.7218 7.55341e-10
0.0371098 0.208083 17.7042 -1.75729e-09
0.0367753 0.208223 17.6606 -4.32005e-10
0.0365118 0.208323 18.6399 -1.15167e-10
0.0362269 0.208424 19.1444 -2.35817e-10
0.0359424 0.208515 19.5999 9.2605e-11
0.0356284 0.208607 20.0019 -4.0252e-11
0.0353479 0.20868 20.8365 -1.11544e-10
0.0351001 0.208738 20.446 -1.01208e-10
0.0348602 0.208788 20.4489 1.32403e-10
0.0346302 0.208832 21.1516 -1.44435e-10
0.0344122 0.208868 21.4278 5.24897e-11
0.0341901 0.2089 21.7355 -6.87057e-12
0.033947 0.208931 21.6265 -4.50748e-11
0.033661 0.208959 21.7239 1.46569e-10
0.0333142 0.208984 22.1592 -1.28296e-10
0.0328472 0.208999 22.3068 5.61162e-11
0.0323527 0.208994 22.3714 7.41259e-11
0.0318859 0.208969 22.4775 1.0856e-10
0.0314213 0.208924 22.3877 2.52656e-10
0.0309709 0.208861 21.8401 1.29684e-10
0.0305214 0.208779 22.3209 -2.22801e-10
0.0300598 0.208675 21.87 3.85506e-10
0.0297448 0.208592 21.4014 3.41144e-10
0.029445 0.208503 21.1887 1.89514e-10
0.0291622 0.208411 21.0068 4.42705e-10
0.0289147 0.208323 20.7457 5.08215e-10
0.0286836 0.208235 20.1026 1.93231e-10
0.0284677 0.208148 19.9272 3.73918e-10
0.0281952 0.208029 19.8273 3.48089e-10
0.0278332 0.207858 19.1629 3.02902e-10
0.0275066 0.20769 18.7135 4.15836e-10
0.0271864 0.207511 18.0111 3.86101e-10
0.0269484 0.207368 17.3076 4.05196e-10
0.0267364 0.207234 16.861 1.76579e-10
0.0264976 0.207075 16.2974 5.15427e-10
0.0261733 0.206845 15.5871 3.56001e-10
0.0257103 0.206483 14.354 5.28145e-10
0.025115 0.205954 12.3714 6.46802e-10
0.0244974 0.205314 10.1803 3.61433e-10
0.0239485 0.204646 7.79746 -2.52015e-10
0.0234944 0.204001 5.5392 -5.18521e-12
0.0230955 0.203338 3.44267 -1.55056e-10
0.0228202 0.202809 1.92374 -4.0674e-10
0.022631 0.202398 0.340515 -3.42526e-10
0.0224904 0.20206 -0.360295 -1.71249e-10
0.0223763 0.20176 -1.11483 -6.96785e-10
0.0222754 0.201471 -3.23028 1.4407e-10
0.0221858 0.201189 -4.63379 -7.12208e-10
0.0220948 0.200871 -1.5021 5.55049e-10
0.0219993 0.200491 -4.90217 -1.39808e-09
0.0219093 0.200066 -6.67554 -1.14124e-10
0.0218101 0.199454 -7.88138 -1.62703e-09
0.0217365 0.19871 -7.24028 -2.11784e-09
0.0217137 0.197945 -10.8265 -6.27004e-10
0.0217416 0.197214 -8.85169 -3.20961e-09
0.0218009 0.196617 -8.34148 -3.9437e-09
0.0218795 0.196096 -8.60244 -2.68298e-09
0.0220009 0.195502 -8.4421 -1.42597e-09
0.0221421 0.194959 -8.46939 -1.10392e-09
0.0222582 0.194582 -8.31789 -1.05973e-09
0.0223806 0.194228 -8.33376 -9.15992e-10
0.0224936 0.193932 -8.26806 -9.26045e-10
0.0226326 0.193598 -8.28362 -8.47236e-10
0.0228204 0.193191 -8.31369 -7.80286e-10
0.0230885 0.192675 -8.38795 -6.77209e-10
0.0234654 0.192044 -8.46175 -6.03665e-10
0.0238786 0.191447 -8.53993 -5.16762e-10
0.0242124 0.191019 -8.60311 -4.7251e-10
0.0245186 0.190662 -8.63795 -4.51442e-10
0.0248337 0.190325 -8.70717 -4.09452e-10
0.0252387 0.18993 -8.78659 -3.52845e-10
0.0257085 0.189519 -8.82171 -3.52694e-10
0.0260903 0.189217 -8.91112 -2.78915e-10
0.0263705 0.189013 -8.8795 -3.36949e-10
0.0266552 0.188819 -8.944 -3.01379e-10
0.0268883 0.188669 -9.01411 -2.30882e-10
0.0271266 0.188524 -8.95496 -2.57843e-10
0.0273604 0.18839 -8.98032 -2.52566e-10
0.0275645 0.18828 -9.02645 -2.20698e-10
0.0278331 0.188142 -9.02192 -2.29637e-10
0.0280746 0.188026 -9.0936 -1.75835e-10
0.0283499 0.187903 -9.07282 -1.54062e-10
0.0285955 0.1878 -9.091 -1.45414e-10
0.02882 0.187712 -9.02754 -1.55218e-10
0.0291038 0.187609 -9.04789 -1.76081e-10
0.0293505 0.187527 -9.11047 -8.29547e-11
0.0296722 0.187429 -9.03491 -1.67749e-10
0.0299522 0.187352 -9.02517 -1.15322e-10
0.030233 0.187283 -9.02712 -1.16846e-10
0.0304619 0.187233 -9.03823 -8.51237e-11
0.030705 0.187185 -8.96476 -1.00521e-10
0.0309328 0.187145 -8.86678 -1.73163e-10
0.0311583 0.18711 -8.95798 -2.33797e-11
0.0313965 0.187079 -9.10426 -6.26184e-11
0.0316668 0.18705 -8.91698 -3.80711e-11
0.0319483 0.187027 -8.87243 -8.44401e-11
0.0323087 0.187007 -8.84494 -7.28071e-11
0.0327095 0.187 -8.80828 -4.74695e-12
0.0331572 0.187009 -8.7419 6.84227e-12
0.033674 0.187042 -8.67529 -2.28753e-11
0.0343151 0.187117 -8.58432 -2.95963e-11
0.0349084 0.187221 -8.4773 2.0833e-11
0.0353766 0.187327 -8.46497 4.59585e-11
0.0356944 0.187412 -8.44451 2.48617e-11
0.0359977 0.187502 -8.3807 4.60273e-11
0.0363146 0.187606 -8.36262 4.64972e-11
0.0365569 0.187693 -8.33351 7.3804e-11
0.0368183 0.187795 -8.32584 7.05433e-11
0.0371689 0.187943 -8.28068 9.62828e-11
0.037487 0.18809 -8.26248 6.70732e-11
0.0378176 0.188256 -8.26528 1.59161e-10
0.0381044 0.188412 -8.20308 1.25231e-10
0.038308 0.188529 -8.21659 1.28985e-10
0.0385133 0.188653 -8.21216 1.45701e-10
0.0387339 0.188794 -8.19012 1.33504e-10
0.0389692 0.188952 -8.19734 1.34355e-10
0.0392015 0.189117 -8.19049 1.53904e-10
0.0394184 0.18928 -8.17952 1.52695e-10
0.0396281 0.189445 -8.16945 1.69833e-10
0.0398323 0.189614 -8.15655 1.67521e-10
0.040064 0.189816 -8.15488 1.76558e-10
0.0403503 0.190083 -8.13894 2.00137e-10
0.0406911 0.190427 -8.10962 2.01824e-10
0.0409721 0.190734 -8.12645 1.76229e-10
0.0412289 0.191037 -8.10113 2.19641e-10
0.0414847 0.191362 -8.07406 2.25699e-10
0.0416725 0.191617 -8.05989 2.4331e-10
0.0418209 0.191831 -8.02856 2.73048e-10
0.0419461 0.19202 -7.98935 2.61908e-10
0.0420683 0.192213 -8.03293 2.23202e-10
0.0421883 0.192412 -8.02024 2.67138e-10
0.0423024 0.19261 -7.98795 2.50113e-10
0.0424122 0.19281 -7.98284 2.69643e-10
0.0425267 0.19303 -7.97515 2.64365e-10
0.0426526 0.193287 -7.95787 2.84231e-10
0.0428114 0.193637 -7.9212 3.05612e-10
0.0429585 0.193995 -7.91316 3.14625e-10
0.0430712 0.194296 -7.88858 3.43441e-10
0.0431657 0.194572 -7.84733 3.69124e-10
0.0432576 0.194866 -7.8961 3.42636e-10
0.0433396 0.195156 -7.8434 3.89494e-10
0.0434121 0.195443 -7.83182 4.03481e-10
0.0434942 0.195814 -7.84606 4.03691e-10
0.0435908 0.196361 -7.73409 5.11134e-10
0.0436817 0.197163 -7.84009 4.38963e-10
