x y fp fmu
0.0431541 0.198 -8.13044 8.24749e-10
0.0431227 0.198831 -7.57479 1.00211e-09
0.0430192 0.199717 -7.36515 8.6048e-10
0.0428643 0.200508 -6.17388 8.21727e-10
0.0427171 0.20107 -5.13974 1.17903e-09
0.0425952 0.201462 -4.51568 8.71903e-10
0.0424834 0.201782 -3.69029 1.39933e-09
0.0423581 0.202108 -2.0682 1.0563e-09
0.0422151 0.202447 -3.40279 7.58373e-10
0.0420568 0.202789 -1.20135 4.42665e-11
0.0418784 0.203142 -0.503542 4.94549e-10
0.0416438 0.203563 0.940802 4.35161e-10
0.0412825 0.204138 2.76653 3.82007e-10
0.0408758 0.204703 4.60511 2.49748e-10
0.0405094 0.205155 6.08376 2.02597e-11
0.0400815 0.205626 7.86021 4.20153e-11
0.0397333 0.205972 9.13022 9.56946e-11
0.0394414 0.20624 9.87432 -8.39619e-11
0.0392233 0.206428 10.7147 3.17452e-10
0.0390217 0.206593 11.5579 -2.73528e-10
0.0388186 0.206751 11.9358 -1.14197e-10
0.0386056 0.206909 12.7808 -1.09442e-10
0.0383793 0.207069 13.2788 -1.46324e-10
0.0381522 0.207221 13.8253 1.5511e-10
0.0379331 0.20736 14.3004 -1.01286e-10
0.0377291 0.207483 15.0823 -1.51628e-10
0.0374668 0.207632 15.9007 -2.94328e-11
0.0372289 0.207759 16.0888 3.4638e-10
0.0369024 0.207922 17.7585 7.93495e-10
0.0365503 0.208083 17.679 -1.83122e-09
0.0362159 0.208223 17.6543 -4.6864e-10
0.0359524 0.208323 18.6582 -1.20018e-10
0.0356675 0.208424 19.1745 -2.43671e-10
0.035383 0.208515 19.6446 9.57156e-11
0.0350689 0.208607 20.0583 -3.25065e-11
0.0347885 0.20868 20.9082 -1.17531e-10
0.0345407 0.208738 20.5006 -9.97261e-11
0.0343008 0.208788 20.5235 1.29563e-10
0.0340708 0.208832 21.25 -1.44753e-10
0.0338528 0.208868 21.5255 5.41594e-11
0.0336307 0.2089 21.8393 -4.93598e-12
0.0333876 0.208931 21.729 -4.99795e-11
0.0331016 0.208959 21.8454 1.45448e-10
0.0327548 0.208984 22.2871 -1.31415e-10
0.0322878 0.208999 22.4456 4.76141e-11
0.0317933 0.208994 22.5241 6.48961e-11
0.0313265 0.208969 22.6399 9.85554e-11
0.0308619 0.208924 22.5569 2.39169e-10
0.0304115 0.208861 22.0359 1.20415e-10
0.029962 0.208779 22.5017 -2.25288e-10
0.0295004 0.208675 22.0549 3.65902e-10
0.0291854 0.208592 21.608 3.18692e-10
0.0288856 0.208503 21.3962 1.68802e-10
0.0286028 0.208411 21.2167 4.17207e-10
0.0283552 0.208323 20.9619 4.75271e-10
0.0281242 0.208235 20.3311 1.68195e-10
0.0279083 0.208148 20.1646 3.4454e-10
0.0276358 0.208029 20.0545 3.22864e-10
0.0272738 0.207858 19.3991 2.84661e-10
0.0269471 0.20769 18.9415 3.95179e-10
0.026627 0.207511 18.2535 3.60602e-10
0.026389 0.207368 17.5637 3.7648e-10
0.026177 0.207234 17.1192 1.52955e-10
0.0259382 0.207075 16.5659 4.85857e-10
0.0256139 0.206845 15.8605 3.30987e-10
0.0251509 0.206483 14.628 5.19276e-10
0.0245556 0.205954 12.6593 6.52899e-10
0.023938 0.205314 10.4962 3.64304e-10
0.0233891 0.204646 8.15078 -2.54582e-10
0.022935 0.204001 5.94385 6.345e-12
0.0225361 0.203338 3.86792 -1.16227e-10
0.0222608 0.202809 2.34628 -3.37402e-10
0.0220715 0.202398 0.81031 -2.8356e-10
0.021931 0.20206 0.0917168 -1.11825e-10
0.0218169 0.20176 -0.676308 -6.54218e-10
0.021716 0.201471 -2.66394 1.55059e-10
0.0216264 0.201189 -4.00313 -7.101e-10
0.0215354 0.200871 -1.20687 5.45863e-10
0.0214399 0.200491 -4.34813 -1.29622e-09
0.0213499 0.200066 -6.02171 -1.94922e-10
0.0212507 0.199454 -7.23698 -1.59778e-09
0.0211771 0.19871 -6.65619 -2.0883e-09
0.0211543 0.197945 -9.83368 -8.02687e-10
0.0211822 0.197214 -8.22156 -2.94278e-09
0.0212415 0.196617 -7.75932 -3.51874e-09
0.0213201 0.196096 -7.78944 -2.26809e-09
0.0214415 0.195502 -7.58811 -1.23393e-09
0.0215827 0.194959 -7.56032 -9.73153e-10
0.0216988 0.194582 -7.42079 -9.08039e-10
0.0218212 0.194228 -7.41974 -7.7792e-10
0.0219341 0.193932 -7.35758 -7.97261e-10
0.0220732 0.193598 -7.37404 -7.32944e-10
0.022261 0.193191 -7.3987 -6.85581e-10
0.0225291 0.192675 -7.45881 -6.04837e-10
0.022906 0.192044 -7.51695 -5.45163e-10
0.0233192 0.191447 -7.57793 -4.64182e-10
0.023653 0.191019 -7.62743 -4.23337e-10
0.0239592 0.190662 -7.65664 -4.02848e-10
0.0242743 0.190325 -7.71573 -3.67304e-10
0.0246793 0.18993 -7.78686 -3.13091e-10
0.0251491 0.189519 -7.83415 -3.12215e-10
0.0255309 0.189217 -7.92126 -2.45257e-10
0.0258111 0.189013 -7.90963 -2.89229e-10
0.0260958 0.188819 -7.98416 -2.68354e-10
0.0263289 0.188669 -8.04386 -2.09336e-10
0.0265672 0.188524 -8.01338 -2.34858e-10
0.026801 0.18839 -8.05785 -2.28589e-10
0.0270051 0.18828 -8.10367 -1.99884e-10
0.0272737 0.188142 -8.12326 -2.05877e-10
0.0275152 0.188026 -8.19389 -1.58219e-10
0.0277905 0.187903 -8.20248 -1.43744e-10
0.0280361 0.1878 -8.23437 -1.31199e-10
0.0282606 0.187712 -8.20176 -1.42691e-10
0.0285444 0.187609 -8.24808 -1.58117e-10
0.0287911 0.187527 -8.31475 -7.74874e-11
0.0291128 0.187429 -8.2791 -1.46431e-10
0.0293928 0.187352 -8.29616 -1.0573e-10
0.0296736 0.187283 -8.32363 -1.05385e-10
0.0299025 0.187233 -8.35036 -7.575e-11
0.0301456 0.187185 -8.30518 -8.99441e-11
0.0303734 0.187145 -8.23459 -1.60602e-10
0.0305989 0.18711 -8.3361 -1.44789e-11
0.0308371 0.187079 -8.50333 -5.43738e-11
0.0311073 0.18705 -8.34347 -3.14855e-11
0.0313889 0.187027 -8.3249 -7.51147e-11
0.0317492 0.187007 -8.32954 -6.53297e-11
0.0321501 0.187 -8.32948 9.20451e-13
0.0325978 0.187009 -8.30413 1.28456e-11
0.0331146 0.187042 -8.2849 -1.96736e-11
0.0337557 0.187117 -8.255 -2.07031e-11
0.034349 0.187221 -8.20658 2.92639e-11
0.0348172 0.187327 -8.2355 5.60224e-11
0.035135 0.187412 -8.23663 3.9622e-11
0.0354382 0.187502 -8.20914 5.44807e-11
0.0357552 0.187606 -8.22309 5.86759e-11
0.0359975 0.187693 -8.21791 8.02427e-11
0.0362589 0.187795 -8.23485 7.93747e-11
0.0366095 0.187943 -8.2224 1.06009e-10
0.0369276 0.18809 -8.24618 7.98992e-11
0.0372582 0.188256 -8.25864 1.69902e-10
0.037545 0.188412 -8.22783 1.44352e-10
0.0377486 0.188529 -8.26574 1.43765e-10
0.0379539 0.188653 -8.27515 1.60461e-10
0.0381745 0.188794 -8.27316 1.54782e-10
0.0384098 0.188952 -8.30507 1.48411e-10
0.0386421 0.189117 -8.31539 1.68823e-10
0.038859 0.18928 -8.32283 1.69772e-10
0.0390687 0.189445 -8.32916 1.86267e-10
0.0392729 0.189614 -8.33133 1.90141e-10
0.0395046 0.189816 -8.3492 1.9577e-10
0.0397909 0.190083 -8.35338 2.20775e-10
0.0401317 0.190427 -8.34543 2.27075e-10
0.0404127 0.190734 -8.38738 1.95775e-10
0.0406695 0.191037 -8.37934 2.40834e-10
0.0409253 0.191362 -8.3697 2.48693e-10
0.0411131 0.191617 -8.36918 2.67775e-10
0.0412615 0.191831 -8.346 3.00424e-10
0.0413867 0.19202 -8.3144 2.89274e-10
0.0415089 0.192213 -8.37713 2.49228e-10
0.0416289 0.192412 -8.37177 2.92442e-10
0.041743 0.19261 -8.35112 2.79975e-10
0.0418528 0.19281 -8.35793 2.98733e-10
0.0419673 0.19303 -8.36687 2.98054e-10
0.0420932 0.193287 -8.3614 3.19825e-10
0.0422519 0.193637 -8.34235 3.49962e-10
0.0423991 0.193995 -8.35597 3.66038e-10
0.0425118 0.194296 -8.34032 4.01659e-10
0.0426063 0.194572 -8.30599 4.35829e-10
0.0426982 0.194866 -8.37341 4.06983e-10
0.0427802 0.195156 -8.31657 4.53168e-10
0.0428527 0.195443 -8.30259 4.71178e-10
0.0429348 0.195814 -8.33537 4.52806e-10
0.0430314 0.196361 -8.20327 5.95176e-10
0.0431223 0.197163 -8.33393 5.28474e-10
