x y fp fmu
0.0429232 0.198 -8.39819 9.40161e-10
0.0428918 0.198831 -7.81491 1.17534e-09
0.0427883 0.199717 -7.83346 9.93415e-10
0.0426334 0.200508 -6.48392 8.05806e-10
0.0424862 0.20107 -5.3739 1.22538e-09
0.0423643 0.201462 -4.74693 9.06158e-10
0.0422525 0.201782 -3.85352 1.51544e-09
0.0421272 0.202108 -2.12882 1.14593e-09
0.0419841 0.202447 -3.67802 7.93924e-10
0.0418259 0.202789 -1.32181 -1.89997e-11
0.0416475 0.203142 -0.618359 5.20372e-10
0.0414128 0.203563 0.847901 4.37975e-10
0.0410516 0.204138 2.71666 3.7613e-10
0.0406449 0.204703 4.57588 2.46548e-10
0.0402785 0.205155 6.06256 9.80753e-12
0.0398506 0.205626 7.86266 2.49474e-11
0.0395024 0.205972 9.13106 7.74442e-11
0.0392105 0.20624 9.87172 -1.03447e-10
0.0389924 0.206428 10.7384 3.17179e-10
0.0387908 0.206593 11.5969 -2.96665e-10
0.0385877 0.206751 11.9624 -1.29024e-10
0.0383747 0.206909 12.8221 -1.35034e-10
0.0381484 0.207069 13.3257 -1.65459e-10
0.0379213 0.207221 13.8834 1.50196e-10
0.0377022 0.20736 14.3554 -1.08563e-10
0.0374982 0.207483 15.1577 -1.64164e-10
0.0372359 0.207632 15.9841 -3.17682e-11
0.036998 0.207759 16.1669 3.51576e-10
0.0366715 0.207922 17.858 7.98112e-10
0.0363194 0.208083 17.7616 -1.85554e-09
0.0359849 0.208223 17.7443 -4.86713e-10
0.0357214 0.208323 18.7488 -1.27153e-10
0.0354366 0.208424 19.2667 -2.51473e-10
0.0351521 0.208515 19.7366 9.17196e-11
0.034838 0.208607 20.1465 -3.8582e-11
0.0345576 0.20868 20.9917 -1.32647e-10
0.0343098 0.208738 20.5876 -9.90839e-11
0.0340699 0.208788 20.6101 1.24286e-10
0.0338399 0.208832 21.3396 -1.51923e-10
0.0336219 0.208868 21.6122 4.57285e-11
0.0333998 0.2089 21.9226 -1.2466e-11
0.0331567 0.208931 21.8127 -5.52092e-11
0.0328707 0.208959 21.927 1.35259e-10
0.0325239 0.208984 22.3646 -1.41622e-10
0.0320569 0.208999 22.5208 3.81763e-11
0.0315623 0.208994 22.5954 5.57194e-11
0.0310956 0.208969 22.7063 9.02315e-11
0.030631 0.208924 22.6211 2.28418e-10
0.0301806 0.208861 22.0975 1.0626e-10
0.0297311 0.208779 22.5501 -2.36722e-10
0.0292695 0.208675 22.1045 3.5007e-10
0.0289545 0.208592 21.659 3.01791e-10
0.0286547 0.208503 21.4438 1.50744e-10
0.0283719 0.208411 21.2611 3.9976e-10
0.0281243 0.208323 21.0059 4.54071e-10
0.0278933 0.208235 20.3792 1.48398e-10
0.0276774 0.208148 20.21 3.24059e-10
0.0274048 0.208029 20.0929 2.99755e-10
0.0270429 0.207858 19.4433 2.57608e-10
0.0267162 0.20769 18.9809 3.67766e-10
0.0263961 0.207511 18.2924 3.37044e-10
0.0261581 0.207368 17.6106 3.51605e-10
0.0259461 0.207234 17.1643 1.30077e-10
0.0257073 0.207075 16.6129 4.61277e-10
0.025383 0.206845 15.9003 3.18779e-10
0.02492 0.206483 14.6645 5.05008e-10
0.0243247 0.205954 12.6915 6.44193e-10
0.023707 0.205314 10.5488 3.53053e-10
0.0231582 0.204646 8.23045 -2.68247e-10
0.0227041 0.204001 6.01813 8.24563e-12
0.0223052 0.203338 3.97208 -9.544e-11
0.0220299 0.202809 2.45552 -3.21013e-10
0.0218406 0.202398 0.94414 -3.02914e-10
0.0217 0.20206 0.25067 -1.29387e-10
0.0215859 0.20176 -0.506158 -6.80722e-10
0.021485 0.201471 -2.40793 8.8801e-11
0.0213955 0.201189 -3.74697 -7.65263e-10
0.0213045 0.200871 -1.0873 5.05901e-10
0.0212089 0.200491 -4.08957 -1.27731e-09
0.021119 0.200066 -5.70222 -2.6667e-10
0.0210198 0.199454 -6.89283 -1.61598e-09
0.0209462 0.19871 -6.34509 -2.08268e-09
0.0209233 0.197945 -9.18522 -8.89858e-10
0.0209513 0.197214 -7.82406 -2.66619e-09
0.0210105 0.196617 -7.35636 -2.93689e-09
0.0210892 0.196096 -7.38542 -1.82576e-09
0.0212106 0.195502 -7.18476 -1.10616e-09
0.0213518 0.194959 -7.20423 -8.7072e-10
0.0214679 0.194582 -7.08643 -8.43905e-10
0.0215903 0.194228 -7.10081 -7.29358e-10
0.0217032 0.193932 -7.04198 -7.53604e-10
0.0218423 0.193598 -7.05403 -6.90795e-10
0.0220301 0.193191 -7.06563 -6.41846e-10
0.0222982 0.192675 -7.10747 -5.62463e-10
0.0226751 0.192044 -7.14805 -5.08513e-10
0.0230883 0.191447 -7.19452 -4.32585e-10
0.0234221 0.191019 -7.23485 -3.93161e-10
0.0237283 0.190662 -7.25839 -3.72755e-10
0.0240434 0.190325 -7.30965 -3.40737e-10
0.0244484 0.18993 -7.37442 -2.89856e-10
0.0249182 0.189519 -7.42116 -2.88668e-10
0.0253 0.189217 -7.5032 -2.2672e-10
0.0255802 0.189013 -7.49757 -2.64774e-10
0.0258648 0.188819 -7.57047 -2.49503e-10
0.026098 0.188669 -7.62549 -1.96569e-10
0.0263363 0.188524 -7.60431 -2.20285e-10
0.0265701 0.18839 -7.65124 -2.1466e-10
0.0267742 0.18828 -7.69597 -1.87621e-10
0.0270428 0.188142 -7.72256 -1.92329e-10
0.0272843 0.188026 -7.78997 -1.48467e-10
0.0275596 0.187903 -7.80845 -1.36593e-10
0.0278052 0.1878 -7.84367 -1.22827e-10
0.0280297 0.187712 -7.8238 -1.34503e-10
0.0283135 0.187609 -7.87833 -1.46876e-10
0.0285602 0.187527 -7.94305 -7.44076e-11
0.0288819 0.187429 -7.92437 -1.33608e-10
0.0291618 0.187352 -7.95107 -9.98193e-11
0.0294426 0.187283 -7.9875 -9.81964e-11
0.0296716 0.187233 -8.01893 -7.06746e-11
0.0299147 0.187185 -7.98665 -8.33223e-11
0.0301425 0.187145 -7.93157 -1.50081e-10
0.030368 0.18711 -8.03512 -1.46127e-11
0.0306062 0.187079 -8.19863 -4.68983e-11
0.0308764 0.18705 -8.06055 -2.77384e-11
0.031158 0.187027 -8.05612 -6.71725e-11
0.0315183 0.187007 -8.07511 -5.87793e-11
0.0319192 0.187 -8.09172 4.11725e-12
0.0323669 0.187009 -8.08711 1.4415e-11
0.0328837 0.187042 -8.0916 -1.51634e-11
0.0335247 0.187117 -8.09302 -1.13863e-11
0.0341181 0.187221 -8.07817 3.22751e-11
0.0345862 0.187327 -8.12582 6.75569e-11
0.0349041 0.187412 -8.12707 5.58251e-11
0.0352073 0.187502 -8.1288 6.34755e-11
0.0355242 0.187606 -8.16178 6.99196e-11
0.0357666 0.187693 -8.16922 8.51693e-11
0.0360279 0.187795 -8.19789 8.60789e-11
0.0363786 0.187943 -8.20117 1.13626e-10
0.0366967 0.18809 -8.24876 8.88673e-11
0.0370272 0.188256 -8.25903 1.76902e-10
0.0373141 0.188412 -8.24244 1.58394e-10
0.0375176 0.188529 -8.29269 1.54399e-10
0.037723 0.188653 -8.30643 1.71407e-10
0.0379436 0.188794 -8.31147 1.69179e-10
0.0381789 0.188952 -8.35368 1.58214e-10
0.0384112 0.189117 -8.36915 1.78766e-10
0.0386281 0.18928 -8.38193 1.81134e-10
0.0388378 0.189445 -8.39281 1.97112e-10
0.039042 0.189614 -8.39795 2.031e-10
0.0392737 0.189816 -8.42065 2.06731e-10
0.03956 0.190083 -8.42835 2.33173e-10
0.0399008 0.190427 -8.42132 2.39804e-10
0.0401818 0.190734 -8.4678 2.04669e-10
0.0404386 0.191037 -8.46332 2.51696e-10
0.0406944 0.191362 -8.45549 2.59386e-10
0.0408822 0.191617 -8.45838 2.79209e-10
0.0410306 0.191831 -8.43586 3.12959e-10
0.0411557 0.19202 -8.40517 3.01471e-10
0.041278 0.192213 -8.4743 2.61356e-10
0.041398 0.192412 -8.47145 3.05232e-10
0.0415121 0.19261 -8.45443 2.94569e-10
0.0416218 0.19281 -8.46535 3.13628e-10
0.0417364 0.19303 -8.48116 3.15478e-10
0.0418623 0.193287 -8.47916 3.38599e-10
0.042021 0.193637 -8.46696 3.73381e-10
0.0421682 0.193995 -8.49027 3.93568e-10
0.0422809 0.194296 -8.47891 4.31587e-10
0.0423754 0.194572 -8.4513 4.69404e-10
0.0424673 0.194866 -8.53048 4.40458e-10
0.0425493 0.195156 -8.4773 4.85791e-10
0.0426218 0.195443 -8.47719 5.07118e-10
0.0427039 0.195814 -8.52905 4.9327e-10
0.0428005 0.196361 -8.41163 6.61519e-10
0.0428913 0.197163 -8.58246 6.33538e-10
