x y fp fmu
0.0440026 0.198 -16.4222 2.11178e-09
0.0439711 0.198831 -14.7587 1.29232e-09
0.0438677 0.199717 -14.0249 6.72326e-10
0.0437127 0.200508 -11.7149 4.53192e-10
0.0435656 0.20107 -10.2203 9.60567e-10
0.0434436 0.201462 -9.35136 6.25287e-10
0.0433319 0.201782 -8.40228 1.24127e-09
0.0432066 0.202108 -6.38265 9.71188e-10
0.0430635 0.202447 -7.9327 4.29722e-10
0.0429052 0.202789 -5.4654 -2.89225e-10
0.0427269 0.203142 -4.75549 2.78904e-10
0.0424922 0.203563 -3.26483 1.87999e-10
0.0421309 0.204138 -1.41996 1.4542e-10
0.0417242 0.204703 0.380233 6.95774e-12
0.0413578 0.205155 1.78693 -2.06036e-10
0.0409299 0.205626 3.45393 -1.90313e-10
0.0405818 0.205972 4.62615 -1.18325e-10
0.0402898 0.20624 5.29794 -2.72805e-10
0.0400717 0.206428 6.01723 1.21788e-10
0.0398701 0.206593 6.83186 -4.49653e-10
0.039667 0.206751 7.14891 -2.86023e-10
0.0394541 0.206909 7.90244 -2.78442e-10
0.0392278 0.207069 8.3559 -2.87683e-10
0.0390007 0.207221 8.81604 6.73995e-12
0.0387816 0.20736 9.2035 -2.31676e-10
0.0385775 0.207483 9.86285 -3.22016e-10
0.0383153 0.207632 10.5998 -1.80926e-10
0.0380774 0.207759 10.7336 1.74138e-10
0.0377509 0.207922 12.0258 5.21302e-10
0.0373988 0.208083 12.0842 -1.68609e-09
0.0370643 0.208223 11.9592 -4.67968e-10
0.0368008 0.208323 12.7795 -2.03383e-10
0.036516 0.208424 13.1806 -3.20794e-10
0.0362315 0.208515 13.5527 -2.42759e-11
0.0359174 0.208607 13.8185 -1.5697e-10
0.035637 0.20868 14.4905 -2.31227e-10
0.0353891 0.208738 14.2228 -1.1855e-10
0.0351493 0.208788 14.1071 5.26877e-11
0.0349193 0.208832 14.628 -2.36559e-10
0.0347013 0.208868 14.8498 -6.47869e-11
0.0344792 0.2089 15.0809 -1.05102e-10
0.034236 0.208931 14.9785 -8.64692e-11
0.0339501 0.208959 14.9366 1.02963e-11
0.0336033 0.208984 15.2471 -2.28138e-10
0.0331362 0.208999 15.2884 -2.71501e-11
0.0326417 0.208994 15.2119 -9.33022e-12
0.0321749 0.208969 15.1798 4.12257e-11
0.0317104 0.208924 15.0208 1.60958e-10
0.03126 0.208861 14.3141 -2.44126e-11
0.0308105 0.208779 14.679 -3.40866e-10
0.0303489 0.208675 14.2113 2.46305e-10
0.0300339 0.208592 13.6732 2.10651e-10
0.0297341 0.208503 13.397 3.36879e-11
0.0294512 0.208411 13.1587 2.98874e-10
0.0292037 0.208323 12.8803 3.29455e-10
0.0289727 0.208235 12.2653 3.40868e-11
0.0287568 0.208148 12.0177 2.35299e-10
0.0284842 0.208029 11.8945 1.72606e-10
0.0281222 0.207858 11.2224 1.34709e-10
0.0277956 0.20769 10.736 2.15491e-10
0.0274754 0.207511 10.0363 1.80891e-10
0.0272374 0.207368 9.3595 2.13299e-10
0.0270254 0.207234 8.91279 1.10543e-12
0.0267867 0.207075 8.36396 2.9842e-10
0.0264624 0.206845 7.65306 1.58178e-10
0.0259993 0.206483 6.4332 2.95171e-10
0.0254041 0.205954 4.50645 3.93143e-10
0.0247864 0.205314 2.41518 1.52865e-10
0.0242375 0.204646 0.180486 -3.37671e-10
0.0237835 0.204001 -1.89493 -1.62604e-10
0.0233846 0.203338 -3.8638 -2.62318e-10
0.0231093 0.202809 -5.32914 -4.23414e-10
0.02292 0.202398 -6.75478 -4.10043e-10
0.0227794 0.20206 -7.42911 -2.89076e-10
0.0226653 0.20176 -8.14045 -6.72841e-10
0.0225644 0.201471 -9.83505 -6.31044e-11
0.0224749 0.201189 -11.0081 -7.67308e-10
0.0223839 0.200871 -8.79125 2.47977e-10
0.0222883 0.200491 -11.5119 -1.22716e-09
0.0221983 0.200066 -12.9725 -3.97519e-10
0.0220991 0.199454 -13.9452 -1.66152e-09
0.0220255 0.19871 -14.0721 -1.34439e-09
0.0220027 0.197945 -16.5099 -1.02755e-09
0.0220307 0.197214 -15.6688 -2.14889e-09
0.0220899 0.196617 -15.6375 -2.18236e-09
0.0221685 0.196096 -15.6759 -1.35816e-09
0.02229 0.195502 -15.5505 -9.79095e-10
0.0224312 0.194959 -15.5028 -7.81378e-10
0.0225472 0.194582 -15.3518 -7.47809e-10
0.0226697 0.194228 -15.2959 -6.13433e-10
0.0227826 0.193932 -15.1773 -6.39859e-10
0.0229217 0.193598 -15.1189 -5.48229e-10
0.0231094 0.193191 -15.0505 -4.86424e-10
0.0233776 0.192675 -15.0183 -4.02038e-10
0.0237545 0.192044 -15.0221 -3.6422e-10
0.0241676 0.191447 -15.1 -3.10783e-10
0.0245015 0.191019 -15.2002 -3.03715e-10
0.0248076 0.190662 -15.2981 -3.14144e-10
0.0251228 0.190325 -15.4347 -3.02101e-10
0.0255277 0.18993 -15.6053 -2.64902e-10
0.0259976 0.189519 -15.7409 -3.37265e-10
0.0263793 0.189217 -15.8951 -2.68976e-10
0.0266596 0.189013 -15.863 -4.07468e-10
0.0269442 0.188819 -15.8987 -3.69756e-10
0.0271774 0.188669 -16.0295 -2.53458e-10
0.0274157 0.188524 -15.8723 -2.99923e-10
0.0276494 0.18839 -15.7716 -3.11168e-10
0.0278536 0.18828 -15.836 -2.83719e-10
0.0281221 0.188142 -15.6505 -3.32311e-10
0.0283637 0.188026 -15.7559 -2.49122e-10
0.028639 0.187903 -15.561 -1.6831e-10
0.0288845 0.1878 -15.5497 -1.86037e-10
0.0291091 0.187712 -15.3077 -1.64176e-10
0.0293929 0.187609 -15.1067 -2.30983e-10
0.0296395 0.187527 -15.2111 -6.82786e-11
0.0299612 0.187429 -14.957 -2.63937e-10
0.0302412 0.187352 -14.7878 -9.4072e-11
0.030522 0.187283 -14.6778 -1.1737e-10
0.0307509 0.187233 -14.6581 -7.93088e-11
0.030994 0.187185 -14.5211 -1.01899e-10
0.0312218 0.187145 -14.2352 -1.83655e-10
0.0314474 0.18711 -14.2122 -2.86937e-12
0.0316856 0.187079 -14.5092 -1.52625e-10
0.0319558 0.18705 -14.2807 -2.30961e-11
0.0322373 0.187027 -14.1872 -7.31811e-11
0.0325977 0.187007 -14.1306 -1.16612e-11
0.0329986 0.187 -14.1181 2.34689e-11
0.0334462 0.187009 -14.1331 -6.10612e-12
0.0339631 0.187042 -14.2016 1.11707e-11
0.0346041 0.187117 -14.3621 1.41088e-10
0.0351974 0.187221 -14.6651 3.96512e-11
0.0356656 0.187327 -14.755 3.08913e-10
0.0359835 0.187412 -14.4848 4.21468e-10
0.0362867 0.187502 -15.0002 2.11975e-10
0.0366036 0.187606 -15.2087 2.66869e-10
0.036846 0.187693 -15.3099 1.13952e-10
0.0371073 0.187795 -15.3868 1.58659e-10
0.037458 0.187943 -15.4886 1.93319e-10
0.037776 0.18809 -15.8926 2.25005e-10
0.0381066 0.188256 -15.4681 2.29147e-10
0.0383934 0.188412 -15.6514 3.99519e-10
0.038597 0.188529 -15.8148 2.94634e-10
0.0388023 0.188653 -15.7371 3.00228e-10
0.039023 0.188794 -15.7355 3.92371e-10
0.0392583 0.188952 -15.7884 2.51624e-10
0.0394906 0.189117 -15.7092 2.60451e-10
0.0397075 0.18928 -15.6561 2.8611e-10
0.0399171 0.189445 -15.5851 2.76732e-10
0.0401213 0.189614 -15.4978 3.32707e-10
0.0403531 0.189816 -15.4275 2.77036e-10
0.0406393 0.190083 -15.2952 3.10847e-10
0.0409802 0.190427 -15.1135 3.08869e-10
0.0412611 0.190734 -15.0485 2.37316e-10
0.041518 0.191037 -14.9426 2.89535e-10
0.0417738 0.191362 -14.8464 2.92788e-10
0.0419616 0.191617 -14.7918 3.19399e-10
0.0421099 0.191831 -14.7317 3.51126e-10
0.0422351 0.19202 -14.6941 3.44201e-10
0.0423573 0.192213 -14.7826 3.19733e-10
0.0424773 0.192412 -14.7194 3.32206e-10
0.0425915 0.19261 -14.7419 3.79198e-10
0.0427012 0.19281 -14.7573 3.71768e-10
0.0428157 0.19303 -14.8293 4.18721e-10
0.0429416 0.193287 -14.82 4.44024e-10
0.0431004 0.193637 -14.8756 5.29905e-10
0.0432476 0.193995 -15.0016 6.01741e-10
0.0433603 0.194296 -15.0283 6.6658e-10
0.0434548 0.194572 -15.1289 7.7582e-10
0.0435467 0.194866 -15.3702 7.87526e-10
0.0436286 0.195156 -15.3228 8.26829e-10
0.0437012 0.195443 -15.5389 1.04238e-09
0.0437832 0.195814 -15.83 1.15509e-09
0.0438798 0.196361 -16.0557 1.69217e-09
0.0439707 0.197163 -16.1818 1.87811e-09
