x y fp fmu
0.0424712 0.198 -10.0201 2.47841e-09
0.0424398 0.198831 -9.79798 1.96805e-09
0.0423364 0.199717 -9.96538 1.01684e-09
0.0421814 0.200508 -7.74222 8.98791e-10
0.0420342 0.20107 -6.43109 1.44159e-09
0.0419123 0.201462 -5.70861 1.05031e-09
0.0418005 0.201782 -4.76006 1.84315e-09
0.0416753 0.202108 -2.523 1.29329e-09
0.0415322 0.202447 -4.8917 7.92643e-10
0.0413739 0.202789 -1.85057 -2.62092e-10
0.0411956 0.203142 -1.19557 5.14661e-10
0.0409609 0.203563 0.433862 3.60381e-10
0.0405996 0.204138 2.43014 3.36691e-10
0.0401929 0.204703 4.39676 1.37716e-10
0.0398265 0.205155 5.94522 -1.34543e-10
0.0393986 0.205626 7.8342 -1.27334e-10
0.0390504 0.205972 9.13867 -5.26312e-11
0.0387585 0.20624 9.86548 -2.44453e-10
0.0385404 0.206428 10.7445 2.36355e-10
0.0383388 0.206593 11.6525 -4.44539e-10
0.0381357 0.206751 11.9966 -2.34684e-10
0.0379228 0.206909 12.8981 -2.44924e-10
0.0376964 0.207069 13.4014 -2.61057e-10
0.0374693 0.207221 13.957 7.46554e-11
0.0372502 0.20736 14.4061 -2.15346e-10
0.0370462 0.207483 15.2267 -2.90829e-10
0.036784 0.207632 16.072 -1.28404e-10
0.036546 0.207759 16.2207 3.10134e-10
0.0362196 0.207922 17.9216 7.43577e-10
0.0358675 0.208083 17.7769 -2.02837e-09
0.035533 0.208223 17.7313 -5.78731e-10
0.0352695 0.208323 18.739 -1.95687e-10
0.0349846 0.208424 19.2399 -3.3116e-10
0.0347002 0.208515 19.6819 1.81985e-11
0.0343861 0.208607 20.0501 -1.2372e-10
0.0341057 0.20868 20.8733 -2.20706e-10
0.0338578 0.208738 20.4962 -1.16382e-10
0.0336179 0.208788 20.4704 7.64785e-11
0.0333879 0.208832 21.1536 -2.26238e-10
0.03317 0.208868 21.4059 -2.92793e-11
0.0329479 0.2089 21.6917 -7.92657e-11
0.0327047 0.208931 21.5803 -8.76511e-11
0.0324188 0.208959 21.6283 5.69595e-11
0.0320719 0.208984 22.0256 -2.16326e-10
0.0316049 0.208999 22.1364 -1.35407e-11
0.0311104 0.208994 22.1426 4.10416e-12
0.0306436 0.208969 22.1899 4.99341e-11
0.030179 0.208924 22.0632 1.79332e-10
0.0297286 0.208861 21.4306 1.87334e-11
0.0292791 0.208779 21.8492 -3.34154e-10
0.0288175 0.208675 21.3775 2.73146e-10
0.0285026 0.208592 20.8814 2.25686e-10
0.0282028 0.208503 20.6253 5.94998e-11
0.0279199 0.208411 20.4027 3.18139e-10
0.0276724 0.208323 20.1227 3.59902e-10
0.0274413 0.208235 19.4977 5.17709e-11
0.0272255 0.208148 19.2887 2.34612e-10
0.0269529 0.208029 19.1394 1.81633e-10
0.0265909 0.207858 18.4567 1.34484e-10
0.0262643 0.20769 17.9516 2.17542e-10
0.0259441 0.207511 17.2322 1.85722e-10
0.0257061 0.207368 16.5529 2.1335e-10
0.0254941 0.207234 16.0893 -8.81885e-12
0.0252553 0.207075 15.5227 2.98553e-10
0.0249311 0.206845 14.7753 1.48555e-10
0.024468 0.206483 13.519 3.07894e-10
0.0238728 0.205954 11.5447 4.18307e-10
0.0232551 0.205314 9.39575 1.45075e-10
0.0227062 0.204646 7.08622 -3.78511e-10
0.0222521 0.204001 4.94942 -1.97428e-10
0.0218533 0.203338 2.95806 -2.94731e-10
0.0215779 0.202809 1.51591 -4.9021e-10
0.0213887 0.202398 0.128924 -5.03008e-10
0.0212481 0.20206 -0.55175 -3.74029e-10
0.021134 0.20176 -1.26013 -7.64083e-10
0.0210331 0.201471 -2.85454 -1.64769e-10
0.0209435 0.201189 -3.97318 -9.32359e-10
0.0208526 0.200871 -2.04648 1.82856e-11
0.020757 0.200491 -4.41529 -1.22665e-09
0.020667 0.200066 -5.64344 -5.67892e-10
0.0205678 0.199454 -6.56505 -1.71273e-09
0.0204942 0.19871 -6.29493 -1.65873e-09
0.0204714 0.197945 -7.62473 -7.64494e-10
0.0204993 0.197214 -7.19473 -1.1456e-09
0.0205586 0.196617 -6.82396 -1.01224e-09
0.0206372 0.196096 -6.80238 -7.08846e-10
0.0207586 0.195502 -6.85448 -6.36619e-10
0.0208998 0.194959 -6.93606 -5.31177e-10
0.0210159 0.194582 -6.93024 -5.34235e-10
0.0211383 0.194228 -6.98658 -4.84282e-10
0.0212513 0.193932 -6.98311 -4.99745e-10
0.0213903 0.193598 -7.02836 -4.67539e-10
0.0215781 0.193191 -7.0719 -4.41401e-10
0.0218462 0.192675 -7.13464 -3.9901e-10
0.0222231 0.192044 -7.19356 -3.71157e-10
0.0226363 0.191447 -7.24339 -3.22946e-10
0.0229701 0.191019 -7.27935 -2.95821e-10
0.0232763 0.190662 -7.29939 -2.8275e-10
0.0235914 0.190325 -7.33632 -2.62338e-10
0.0239964 0.18993 -7.38496 -2.25598e-10
0.0244663 0.189519 -7.41571 -2.29372e-10
0.024848 0.189217 -7.47398 -1.82096e-10
0.0251282 0.189013 -7.46761 -2.12158e-10
0.0254129 0.188819 -7.51602 -2.0396e-10
0.0256461 0.188669 -7.55585 -1.64466e-10
0.0258843 0.188524 -7.53861 -1.82997e-10
0.0261181 0.18839 -7.56979 -1.81457e-10
0.0263222 0.18828 -7.60224 -1.60113e-10
0.0265908 0.188142 -7.62208 -1.63994e-10
0.0268323 0.188026 -7.67256 -1.29353e-10
0.0271076 0.187903 -7.69022 -1.20327e-10
0.0273532 0.1878 -7.71974 -1.06715e-10
0.0275778 0.187712 -7.70774 -1.16881e-10
0.0278615 0.187609 -7.75325 -1.26006e-10
0.0281082 0.187527 -7.80439 -7.02859e-11
0.0284299 0.187429 -7.79952 -1.11998e-10
0.0287099 0.187352 -7.82393 -8.97047e-11
0.0289907 0.187283 -7.85825 -8.72386e-11
0.0292196 0.187233 -7.88689 -6.46165e-11
0.0294627 0.187185 -7.86972 -7.29583e-11
0.0296905 0.187145 -7.83301 -1.28067e-10
0.029916 0.18711 -7.92079 -2.76879e-11
0.0301542 0.187079 -8.05672 -3.60371e-11
0.0304245 0.18705 -7.97082 -2.26808e-11
0.030706 0.187027 -7.98877 -4.77984e-11
0.0310664 0.187007 -8.02421 -3.85892e-11
0.0314673 0.187 -8.06568 1.02534e-11
0.0319149 0.187009 -8.10248 9.27753e-12
0.0324317 0.187042 -8.15611 3.94285e-12
0.0330728 0.187117 -8.22785 2.94152e-11
0.0336661 0.187221 -8.30669 3.12111e-11
0.0341343 0.187327 -8.38649 1.25895e-10
0.0344521 0.187412 -8.3331 1.31374e-10
0.0347554 0.187502 -8.445 1.04418e-10
0.0350723 0.187606 -8.52932 1.16639e-10
0.0353146 0.187693 -8.56002 1.03043e-10
0.035576 0.187795 -8.60938 1.1038e-10
0.0359266 0.187943 -8.63667 1.42475e-10
0.0362447 0.18809 -8.74768 1.20986e-10
0.0365753 0.188256 -8.72419 2.04008e-10
0.0368621 0.188412 -8.72996 2.12993e-10
0.0370657 0.188529 -8.81185 1.9813e-10
0.037271 0.188653 -8.82818 2.18002e-10
0.0374916 0.188794 -8.84532 2.27521e-10
0.0377269 0.188952 -8.91346 2.02794e-10
0.0379592 0.189117 -8.93971 2.27157e-10
0.0381761 0.18928 -8.9675 2.34826e-10
0.0383858 0.189445 -8.99067 2.53389e-10
0.03859 0.189614 -9.009 2.71257e-10
0.0388217 0.189816 -9.05269 2.7247e-10
0.039108 0.190083 -9.08096 3.08677e-10
0.0394488 0.190427 -9.09687 3.2876e-10
0.0397298 0.190734 -9.19219 2.82822e-10
0.0399867 0.191037 -9.2156 3.41382e-10
0.0402425 0.191362 -9.24081 3.54868e-10
0.0404302 0.191617 -9.26612 3.86241e-10
0.0405786 0.191831 -9.25164 4.29584e-10
0.0407038 0.19202 -9.23566 4.23734e-10
0.040826 0.192213 -9.37064 3.84489e-10
0.040946 0.192412 -9.34893 4.18149e-10
0.0410601 0.19261 -9.36289 4.44095e-10
0.0411699 0.19281 -9.39205 4.54289e-10
0.0412844 0.19303 -9.44442 4.76667e-10
0.0414103 0.193287 -9.44777 5.05885e-10
0.0415691 0.193637 -9.45567 5.67897e-10
0.0417162 0.193995 -9.52078 6.09098e-10
0.0418289 0.194296 -9.51732 6.628e-10
0.0419234 0.194572 -9.51582 7.3312e-10
0.0420154 0.194866 -9.67152 7.16146e-10
0.0420973 0.195156 -9.58475 7.75485e-10
0.0421698 0.195443 -9.66371 8.3537e-10
0.0422519 0.195814 -9.71076 9.11487e-10
0.0423485 0.196361 -9.60703 1.14598e-09
0.0424394 0.197163 -9.82002 1.53336e-09
