x y fp fmu
0.0426476 0.198 -10.9404 2.9762e-09
0.0426162 0.198831 -10.188 1.57512e-09
0.0425127 0.199717 -10.1449 7.73194e-10
0.0423578 0.200508 -7.48153 6.78349e-10
0.0422106 0.20107 -5.99548 1.32265e-09
0.0420887 0.201462 -5.17199 8.48246e-10
0.0419769 0.201782 -4.07794 1.76414e-09
0.0418516 0.202108 -1.68784 1.14154e-09
0.0417085 0.202447 -4.3025 6.19324e-10
0.0415502 0.202789 -0.993054 -4.18879e-10
0.0413719 0.203142 -0.452355 3.74012e-10
0.0411372 0.203563 1.2882 2.27357e-10
0.040776 0.204138 3.28784 1.68471e-10
0.0403693 0.204703 5.30185 -6.46402e-12
0.0400029 0.205155 6.84565 -3.01084e-10
0.039575 0.205626 8.76291 -2.74215e-10
0.0392268 0.205972 10.0537 -1.85969e-10
0.0389349 0.20624 10.7554 -3.60438e-10
0.0387168 0.206428 11.614 1.39218e-10
0.0385152 0.206593 12.5324 -5.63405e-10
0.0383121 0.206751 12.8256 -3.42666e-10
0.0380991 0.206909 13.7231 -3.47973e-10
0.0378728 0.207069 14.2113 -3.4755e-10
0.0376457 0.207221 14.733 -1.14273e-11
0.0374266 0.20736 15.1852 -2.91611e-10
0.0372226 0.207483 15.9806 -3.64894e-10
0.0369603 0.207632 16.8403 -2.11397e-10
0.0367224 0.207759 16.9328 2.48323e-10
0.0363959 0.207922 18.5952 6.47017e-10
0.0360438 0.208083 18.3778 -2.19879e-09
0.0357093 0.208223 18.3018 -6.11032e-10
0.0354458 0.208323 19.2823 -2.47274e-10
0.035161 0.208424 19.7421 -3.8417e-10
0.0348765 0.208515 20.1552 -4.65149e-11
0.0345624 0.208607 20.4608 -1.85646e-10
0.034282 0.20868 21.2344 -2.8727e-10
0.0340342 0.208738 20.9067 -1.4587e-10
0.0337943 0.208788 20.8073 4.07981e-11
0.0335643 0.208832 21.4143 -2.81551e-10
0.0333463 0.208868 21.6545 -9.65277e-11
0.0331242 0.2089 21.9069 -1.37426e-10
0.0328811 0.208931 21.7899 -1.16446e-10
0.0325951 0.208959 21.7608 -1.51928e-11
0.0322483 0.208984 22.1013 -2.76996e-10
0.0317813 0.208999 22.1511 -5.9981e-11
0.0312867 0.208994 22.0712 -4.10263e-11
0.03082 0.208969 22.0366 1.60171e-11
0.0303554 0.208924 21.8533 1.41387e-10
0.029905 0.208861 21.0935 -5.92919e-11
0.0294555 0.208779 21.4819 -4.15236e-10
0.0289939 0.208675 20.9668 2.23144e-10
0.0286789 0.208592 20.3987 1.78918e-10
0.0283791 0.208503 20.0976 -6.76406e-12
0.0280963 0.208411 19.8361 2.7147e-10
0.0278487 0.208323 19.5292 3.00944e-10
0.0276177 0.208235 18.8819 -1.15243e-11
0.0274018 0.208148 18.6232 1.93219e-10
0.0271292 0.208029 18.4557 1.15656e-10
0.0267673 0.207858 17.7265 6.0996e-11
0.0264406 0.20769 17.1881 1.44296e-10
0.0261204 0.207511 16.4347 1.02036e-10
0.0258825 0.207368 15.7272 1.35528e-10
0.0256705 0.207234 15.2402 -8.52494e-11
0.0254317 0.207075 14.6485 2.11123e-10
0.0251074 0.206845 13.8764 6.54627e-11
0.0246444 0.206483 12.5753 1.90543e-10
0.0240491 0.205954 10.5708 2.77722e-10
0.0234314 0.205314 8.38625 1.43702e-11
0.0228826 0.204646 6.09028 -4.44177e-10
0.0224285 0.204001 3.98608 -2.91219e-10
0.0220296 0.203338 1.99918 -3.92106e-10
0.0217543 0.202809 0.535982 -5.2387e-10
0.021565 0.202398 -0.770946 -4.93114e-10
0.0214244 0.20206 -1.45144 -3.83491e-10
0.0213103 0.20176 -2.10756 -7.20717e-10
0.0212094 0.201471 -3.54761 -2.06623e-10
0.0211199 0.201189 -4.50828 -8.53511e-10
0.0210289 0.200871 -2.94269 -1.81607e-10
0.0209333 0.200491 -4.96095 -1.08016e-09
0.0208434 0.200066 -6.01632 -5.5026e-10
0.0207441 0.199454 -6.65367 -1.52922e-09
0.0206706 0.19871 -6.37442 -1.46568e-09
0.0206477 0.197945 -7.165 -6.872e-10
0.0206757 0.197214 -7.00219 -6.01628e-10
0.0207349 0.196617 -6.69056 -6.66943e-10
0.0208136 0.196096 -6.7628 -5.72744e-10
0.020935 0.195502 -6.82343 -4.67017e-10
0.0210762 0.194959 -6.90904 -4.12331e-10
0.0211923 0.194582 -6.93042 -4.05463e-10
0.0213147 0.194228 -6.99075 -3.78528e-10
0.0214276 0.193932 -7.00161 -3.87718e-10
0.0215667 0.193598 -7.05501 -3.71496e-10
0.0217545 0.193191 -7.11221 -3.50973e-10
0.0220226 0.192675 -7.19286 -3.2074e-10
0.0223995 0.192044 -7.29023 -3.01111e-10
0.0228127 0.191447 -7.3871 -2.73148e-10
0.0231465 0.191019 -7.45715 -2.57862e-10
0.0234527 0.190662 -7.5081 -2.52469e-10
0.0237678 0.190325 -7.56961 -2.38028e-10
0.0241728 0.18993 -7.63732 -2.02474e-10
0.0246426 0.189519 -7.69123 -2.15496e-10
0.0250243 0.189217 -7.75558 -1.6819e-10
0.0253046 0.189013 -7.75403 -1.98804e-10
0.0255892 0.188819 -7.80657 -1.96556e-10
0.0258224 0.188669 -7.84187 -1.58947e-10
0.0260607 0.188524 -7.82648 -1.78288e-10
0.0262945 0.18839 -7.85691 -1.76889e-10
0.0264986 0.18828 -7.88417 -1.57623e-10
0.0267672 0.188142 -7.89962 -1.6232e-10
0.0270087 0.188026 -7.94394 -1.2853e-10
0.027284 0.187903 -7.95454 -1.19879e-10
0.0275295 0.1878 -7.97855 -1.06967e-10
0.0277541 0.187712 -7.95836 -1.16997e-10
0.0280379 0.187609 -7.99085 -1.28213e-10
0.0282846 0.187527 -8.03672 -7.05667e-11
0.0286063 0.187429 -8.01854 -1.15773e-10
0.0288862 0.187352 -8.02979 -8.92206e-11
0.029167 0.187283 -8.05195 -8.74836e-11
0.029396 0.187233 -8.0736 -6.47133e-11
0.029639 0.187185 -8.04821 -7.1957e-11
0.0298669 0.187145 -8.00346 -1.24154e-10
0.0300924 0.18711 -8.08045 -3.52689e-11
0.0303306 0.187079 -8.19503 -3.45154e-11
0.0306008 0.18705 -8.11691 -2.16018e-11
0.0308823 0.187027 -8.13191 -3.9755e-11
0.0312427 0.187007 -8.15989 -2.78025e-11
0.0316436 0.187 -8.1937 1.40484e-11
0.0320913 0.187009 -8.22985 3.63704e-12
0.0326081 0.187042 -8.28234 1.57844e-11
0.0332491 0.187117 -8.35354 5.19624e-11
0.0338425 0.187221 -8.44563 2.65378e-11
0.0343106 0.187327 -8.51289 1.52907e-10
0.0346285 0.187412 -8.40357 1.61584e-10
0.0349317 0.187502 -8.54297 1.176e-10
0.0352486 0.187606 -8.62698 1.32237e-10
0.035491 0.187693 -8.64912 1.06612e-10
0.0357523 0.187795 -8.6887 1.15861e-10
0.036103 0.187943 -8.70191 1.49404e-10
0.0364211 0.18809 -8.81974 1.28838e-10
0.0367516 0.188256 -8.75922 2.06197e-10
0.0370384 0.188412 -8.76057 2.28387e-10
0.037242 0.188529 -8.84391 2.09123e-10
0.0374474 0.188653 -8.85039 2.28705e-10
0.037668 0.188794 -8.86588 2.46329e-10
0.0379033 0.188952 -8.93614 2.13937e-10
0.0381356 0.189117 -8.95791 2.41317e-10
0.0383525 0.18928 -8.98931 2.49543e-10
0.0385621 0.189445 -9.01325 2.69016e-10
0.0387664 0.189614 -9.0381 3.01749e-10
0.0389981 0.189816 -9.0924 3.00107e-10
0.0392844 0.190083 -9.13143 3.36087e-10
0.0396252 0.190427 -9.17856 3.80678e-10
0.0399062 0.190734 -9.32363 3.34989e-10
0.040163 0.191037 -9.36432 3.91747e-10
0.0404188 0.191362 -9.43692 4.20536e-10
0.0406066 0.191617 -9.47321 4.69952e-10
0.040755 0.191831 -9.47203 5.22576e-10
0.0408801 0.19202 -9.49057 5.3438e-10
0.0410024 0.192213 -9.70615 5.01845e-10
0.0411224 0.192412 -9.6223 4.91714e-10
0.0412365 0.19261 -9.68379 5.84638e-10
0.0413462 0.19281 -9.72737 5.65599e-10
0.0414608 0.19303 -9.81465 6.14862e-10
0.0415867 0.193287 -9.80541 6.41828e-10
0.0417454 0.193637 -9.82095 7.29529e-10
0.0418926 0.193995 -9.90793 7.90774e-10
0.0420053 0.194296 -9.88357 8.54976e-10
0.0420998 0.194572 -9.88659 9.57871e-10
0.0421917 0.194866 -10.0768 9.46349e-10
0.0422736 0.195156 -9.92726 9.9795e-10
0.0423462 0.195443 -10.0045 1.11592e-09
0.0424283 0.195814 -10.0758 1.20258e-09
0.0425249 0.196361 -9.8815 1.59533e-09
0.0426157 0.197163 -10.0494 2.30481e-09
