x y fp fmu
0.0440726 0.198 -5.26319 2.7235e-09
0.0440411 0.198831 -4.14621 1.50887e-09
0.0439377 0.199717 -3.82381 7.88284e-10
0.0437827 0.200508 -1.2313 7.11409e-10
0.0436355 0.20107 0.229084 1.30163e-09
0.0435136 0.201462 1.01255 8.02354e-10
0.0434018 0.201782 1.99831 1.54172e-09
0.0432766 0.202108 4.26638 1.12285e-09
0.0431335 0.202447 2.02167 4.32065e-10
0.0429752 0.202789 5.06708 -4.04321e-10
0.0427969 0.203142 5.65584 2.62742e-10
0.0425622 0.203563 7.32497 1.83475e-10
0.0422009 0.204138 9.28607 7.58058e-11
0.0417942 0.204703 11.2334 -9.71521e-11
0.0414278 0.205155 12.7586 -3.81286e-10
0.0409999 0.205626 14.5982 -3.64881e-10
0.0406517 0.205972 15.8679 -2.80562e-10
0.0403598 0.20624 16.5286 -4.48605e-10
0.0401417 0.206428 17.2929 2.41311e-11
0.0399401 0.206593 18.1719 -6.44515e-10
0.039737 0.206751 18.4514 -4.38367e-10
0.0395241 0.206909 19.2566 -4.17668e-10
0.0392977 0.207069 19.74 -4.17962e-10
0.0390706 0.207221 20.2223 -6.74656e-11
0.0388515 0.20736 20.6373 -3.28948e-10
0.0386475 0.207483 21.3519 -4.23257e-10
0.0383853 0.207632 22.1259 -3.07292e-10
0.0381473 0.207759 22.2388 1.17244e-10
0.0378209 0.207922 23.6375 4.97547e-10
0.0374688 0.208083 23.6425 -1.97126e-09
0.0371343 0.208223 23.42 -5.73166e-10
0.0368708 0.208323 24.3114 -2.8494e-10
0.0365859 0.208424 24.6935 -4.18134e-10
0.0363015 0.208515 25.0605 -1.0458e-10
0.0359874 0.208607 25.2817 -2.34605e-10
0.035707 0.20868 25.9534 -3.16103e-10
0.0354591 0.208738 25.7055 -1.49713e-10
0.0352193 0.208788 25.4973 1.76776e-11
0.0349893 0.208832 25.97 -3.16679e-10
0.0347713 0.208868 26.194 -1.44131e-10
0.0345492 0.2089 26.4042 -1.75096e-10
0.034306 0.208931 26.2917 -1.20003e-10
0.0340201 0.208959 26.1494 -7.51813e-11
0.0336732 0.208984 26.4096 -3.15162e-10
0.0332062 0.208999 26.3785 -8.3852e-11
0.0327117 0.208994 26.1822 -6.88955e-11
0.0322449 0.208969 26.032 -5.33092e-12
0.0317804 0.208924 25.7773 1.11461e-10
0.03133 0.208861 24.8371 -1.46638e-10
0.0308805 0.208779 25.171 -4.93015e-10
0.0304189 0.208675 24.586 1.64659e-10
0.0301039 0.208592 23.8898 1.40925e-10
0.0298041 0.208503 23.5197 -6.91642e-11
0.0295212 0.208411 23.2018 2.30817e-10
0.0292737 0.208323 22.8441 2.45541e-10
0.0290427 0.208235 22.143 -7.25141e-11
0.0288268 0.208148 21.7938 1.68445e-10
0.0285542 0.208029 21.6081 6.24284e-11
0.0281922 0.207858 20.8073 1.36657e-11
0.0278656 0.20769 20.1913 7.78247e-11
0.0275454 0.207511 19.3694 3.42993e-11
0.0273074 0.207368 18.5903 7.93241e-11
0.0270954 0.207234 18.0509 -1.45897e-10
0.0268567 0.207075 17.3923 1.51142e-10
0.0265324 0.206845 16.5332 5.97022e-13
0.0260693 0.206483 15.1385 1.19107e-10
0.0254741 0.205954 13.0138 1.91088e-10
0.0248564 0.205314 10.6951 -6.04516e-11
0.0243075 0.204646 8.34045 -5.43043e-10
0.0238534 0.204001 6.15989 -3.68186e-10
0.0234546 0.203338 4.18602 -4.82296e-10
0.0231792 0.202809 2.76103 -6.25654e-10
0.02299 0.202398 1.51235 -6.0252e-10
0.0228494 0.20206 0.8647 -4.88692e-10
0.0227353 0.20176 0.257755 -8.19961e-10
0.0226344 0.201471 -1.18202 -3.12437e-10
0.0225448 0.201189 -2.17775 -8.59814e-10
0.0224539 0.200871 -0.407069 -2.09963e-10
0.0223583 0.200491 -2.33381 -1.20302e-09
0.0222683 0.200066 -3.33486 -6.54677e-10
0.0221691 0.199454 -3.7592 -1.32242e-09
0.0220955 0.19871 -3.53417 -1.22796e-09
0.0220727 0.197945 -4.35791 -5.82322e-10
0.0221006 0.197214 -4.39251 -5.62098e-10
0.0221599 0.196617 -4.18088 -6.40151e-10
0.0222385 0.196096 -4.26941 -5.56784e-10
0.02236 0.195502 -4.30928 -4.57654e-10
0.0225011 0.194959 -4.35875 -3.99601e-10
0.0226172 0.194582 -4.34658 -3.89288e-10
0.0227397 0.194228 -4.37539 -3.61326e-10
0.0228526 0.193932 -4.35665 -3.71843e-10
0.0229916 0.193598 -4.38079 -3.58585e-10
0.0231794 0.193191 -4.39868 -3.40838e-10
0.0234475 0.192675 -4.42729 -3.12732e-10
0.0238245 0.192044 -4.45131 -2.92438e-10
0.0242376 0.191447 -4.4676 -2.60628e-10
0.0245715 0.191019 -4.47351 -2.44667e-10
0.0248776 0.190662 -4.46801 -2.38822e-10
0.0251927 0.190325 -4.47326 -2.25181e-10
0.0255977 0.18993 -4.47223 -1.89731e-10
0.0260676 0.189519 -4.45407 -1.99132e-10
0.0264493 0.189217 -4.45921 -1.54025e-10
0.0267296 0.189013 -4.42308 -1.79194e-10
0.0270142 0.188819 -4.43645 -1.77693e-10
0.0272474 0.188669 -4.43726 -1.43959e-10
0.0274857 0.188524 -4.39743 -1.61566e-10
0.0277194 0.18839 -4.40159 -1.58937e-10
0.0279235 0.18828 -4.4016 -1.40492e-10
0.0281921 0.188142 -4.39054 -1.42179e-10
0.0284337 0.188026 -4.40296 -1.11391e-10
0.0287089 0.187903 -4.38785 -1.02535e-10
0.0289545 0.1878 -4.38479 -9.09726e-11
0.0291791 0.187712 -4.34782 -9.99218e-11
0.0294629 0.187609 -4.35204 -1.08146e-10
0.0297095 0.187527 -4.3655 -5.64923e-11
0.0300312 0.187429 -4.32354 -9.13821e-11
0.0303112 0.187352 -4.30772 -7.07962e-11
0.030592 0.187283 -4.30204 -6.44618e-11
0.0308209 0.187233 -4.29713 -4.84719e-11
0.031064 0.187185 -4.25644 -4.92752e-11
0.0312918 0.187145 -4.2273 -8.03072e-11
0.0315174 0.18711 -4.27835 -4.7735e-11
0.0317555 0.187079 -4.27057 8.57581e-12
0.0320258 0.18705 -4.23763 -8.62852e-12
0.0323073 0.187027 -4.25351 8.37707e-14
0.0326677 0.187007 -4.25617 6.81938e-12
0.0330686 0.187 -4.26012 2.95428e-11
0.0335162 0.187009 -4.2782 2.18492e-12
0.034033 0.187042 -4.30603 4.19035e-11
0.0346741 0.187117 -4.34307 1.06752e-10
0.0352674 0.187221 -4.45247 3.21272e-11
0.0357356 0.187327 -4.46813 2.31546e-10
0.0360535 0.187412 -4.21839 2.53148e-10
0.0363567 0.187502 -4.43015 1.46223e-10
0.0366736 0.187606 -4.49142 1.74265e-10
0.0369159 0.187693 -4.49126 1.14617e-10
0.0371773 0.187795 -4.49149 1.30586e-10
0.037528 0.187943 -4.45939 1.67129e-10
0.037846 0.18809 -4.58997 1.46813e-10
0.0381766 0.188256 -4.37258 2.0267e-10
0.0384634 0.188412 -4.34671 2.6422e-10
0.038667 0.188529 -4.40498 2.29325e-10
0.0388723 0.188653 -4.35259 2.50489e-10
0.039093 0.188794 -4.3103 2.75964e-10
0.0393283 0.188952 -4.32798 2.28069e-10
0.0395606 0.189117 -4.28253 2.53711e-10
0.0397775 0.18928 -4.24847 2.6393e-10
0.0399871 0.189445 -4.20976 2.78888e-10
0.0401913 0.189614 -4.1639 3.08524e-10
0.0404231 0.189816 -4.13994 3.00143e-10
0.0407093 0.190083 -4.07472 3.37483e-10
0.0410502 0.190427 -3.98332 3.70133e-10
0.0413311 0.190734 -4.00925 3.21073e-10
0.041588 0.191037 -3.94781 3.80329e-10
0.0418438 0.191362 -3.9054 4.04067e-10
0.0420315 0.191617 -3.86825 4.48309e-10
0.0421799 0.191831 -3.8075 5.05275e-10
0.0423051 0.19202 -3.76683 5.04725e-10
0.0424273 0.192213 -3.89915 4.60865e-10
0.0425473 0.192412 -3.81199 4.82323e-10
0.0426615 0.19261 -3.81097 5.3346e-10
0.0427712 0.19281 -3.8152 5.33261e-10
0.0428857 0.19303 -3.85204 5.64344e-10
0.0430116 0.193287 -3.81411 5.95261e-10
0.0431704 0.193637 -3.78314 6.70873e-10
0.0433175 0.193995 -3.8173 7.27173e-10
0.0434302 0.194296 -3.76601 7.96516e-10
0.0435247 0.194572 -3.75189 8.85558e-10
0.0436167 0.194866 -3.89661 8.80327e-10
0.0436986 0.195156 -3.75881 9.32992e-10
0.0437712 0.195443 -3.84566 1.05765e-09
0.0438532 0.195814 -3.94595 1.15655e-09
0.0439498 0.196361 -3.83624 1.67275e-09
0.0440407 0.197163 -4.17951 2.36495e-09
