x y fp fmu
0.0445715 0.198 -4.54521 2.47288e-09
0.0445401 0.198831 -3.79739 1.51752e-09
0.0444366 0.199717 -3.46159 7.86002e-10
0.0442817 0.200508 -1.08736 7.09283e-10
0.0441345 0.20107 0.25402 1.20158e-09
0.0440126 0.201462 1.08062 7.79371e-10
0.0439008 0.201782 2.02454 1.42253e-09
0.0437755 0.202108 4.12037 1.10449e-09
0.0436324 0.202447 2.22337 4.27303e-10
0.0434741 0.202789 5.04626 -2.80706e-10
0.0432958 0.203142 5.64309 3.04376e-10
0.0430611 0.203563 7.24847 2.45545e-10
0.0426999 0.204138 9.12813 1.13189e-10
0.0422932 0.204703 11.0431 -4.49113e-11
0.0419267 0.205155 12.553 -3.02026e-10
0.0414989 0.205626 14.3529 -2.80591e-10
0.0411507 0.205972 15.5776 -2.16e-10
0.0408587 0.20624 16.2685 -3.74375e-10
0.0406406 0.206428 17.0112 8.51301e-11
0.040439 0.206593 17.8622 -5.62859e-10
0.040236 0.206751 18.1584 -3.69311e-10
0.040023 0.206909 18.9369 -3.47512e-10
0.0397967 0.207069 19.4015 -3.41254e-10
0.0395696 0.207221 19.8792 -1.17325e-11
0.0393505 0.20736 20.2928 -2.72066e-10
0.0391465 0.207483 20.9975 -3.70159e-10
0.0388842 0.207632 21.7755 -2.38115e-10
0.0386463 0.207759 21.8861 1.68825e-10
0.0383198 0.207922 23.252 5.16334e-10
0.0379677 0.208083 23.2925 -1.9115e-09
0.0376332 0.208223 23.1149 -4.96805e-10
0.0373697 0.208323 23.9745 -2.4445e-10
0.0370849 0.208424 24.3556 -3.70472e-10
0.0368004 0.208515 24.7195 -6.23758e-11
0.0364863 0.208607 24.9472 -1.99762e-10
0.0362059 0.20868 25.6023 -2.78522e-10
0.035958 0.208738 25.3701 -1.30385e-10
0.0357182 0.208788 25.1865 3.8849e-11
0.0354882 0.208832 25.6602 -2.82636e-10
0.0352702 0.208868 25.8777 -1.11959e-10
0.0350481 0.2089 26.0886 -1.47673e-10
0.034805 0.208931 25.9795 -1.02025e-10
0.034519 0.208959 25.8577 -4.25781e-11
0.0341722 0.208984 26.1238 -2.79854e-10
0.0337052 0.208999 26.1012 -6.253e-11
0.0332106 0.208994 25.9222 -4.87934e-11
0.0327439 0.208969 25.786 1.09184e-11
0.0322793 0.208924 25.5445 1.2738e-10
0.0318289 0.208861 24.6249 -1.24965e-10
0.0313794 0.208779 24.9571 -4.68702e-10
0.0309178 0.208675 24.4044 1.88169e-10
0.0306028 0.208592 23.7183 1.59037e-10
0.030303 0.208503 23.351 -5.07993e-11
0.0300202 0.208411 23.0377 2.51234e-10
0.0297726 0.208323 22.6957 2.68133e-10
0.0295416 0.208235 22.0032 -5.44611e-11
0.0293257 0.208148 21.6461 1.87552e-10
0.0290531 0.208029 21.4735 8.55375e-11
0.0286912 0.207858 20.6752 2.86426e-11
0.0283645 0.20769 20.0888 1.08356e-10
0.0280443 0.207511 19.2597 5.47738e-11
0.0278064 0.207368 18.469 1.02903e-10
0.0275944 0.207234 17.9404 -1.31212e-10
0.0273556 0.207075 17.299 1.74203e-10
0.0270313 0.206845 16.4729 1.67924e-11
0.0265683 0.206483 15.0555 1.29388e-10
0.025973 0.205954 12.883 2.07699e-10
0.0253553 0.205314 10.5416 -4.58012e-11
0.0248064 0.204646 8.12168 -5.30402e-10
0.0243524 0.204001 5.87334 -3.61109e-10
0.0239535 0.203338 3.81983 -4.88809e-10
0.0236782 0.202809 2.34587 -6.38615e-10
0.0234889 0.202398 0.975369 -5.89882e-10
0.0233483 0.20206 0.318187 -4.72349e-10
0.0232342 0.20176 -0.310335 -8.18678e-10
0.0231333 0.201471 -1.94042 -2.63018e-10
0.0230438 0.201189 -2.98842 -8.65334e-10
0.0229528 0.200871 -0.842842 -9.75474e-11
0.0228572 0.200491 -3.20007 -1.29878e-09
0.0227673 0.200066 -4.39397 -6.15803e-10
0.022668 0.199454 -4.89291 -1.69401e-09
0.0225944 0.19871 -4.30018 -1.4779e-09
0.0225716 0.197945 -5.36832 -6.74253e-10
0.0225996 0.197214 -5.26416 -7.35309e-10
0.0226588 0.196617 -5.00298 -8.43522e-10
0.0227375 0.196096 -5.12091 -7.28945e-10
0.0228589 0.195502 -5.15312 -5.76405e-10
0.0230001 0.194959 -5.18751 -4.90518e-10
0.0231162 0.194582 -5.14659 -4.70897e-10
0.0232386 0.194228 -5.15602 -4.23186e-10
0.0233515 0.193932 -5.11503 -4.31955e-10
0.0234906 0.193598 -5.12134 -4.07284e-10
0.0236783 0.193191 -5.12184 -3.84776e-10
0.0239465 0.192675 -5.13509 -3.51443e-10
0.0243234 0.192044 -5.14715 -3.28322e-10
0.0247366 0.191447 -5.15715 -2.98235e-10
0.0250704 0.191019 -5.15713 -2.82792e-10
0.0253766 0.190662 -5.14374 -2.77909e-10
0.0256917 0.190325 -5.14213 -2.60208e-10
0.0260966 0.18993 -5.12559 -2.21176e-10
0.0265665 0.189519 -5.08092 -2.32964e-10
0.0269482 0.189217 -5.06955 -1.81437e-10
0.0272285 0.189013 -5.00729 -2.16474e-10
0.0275131 0.188819 -5.0044 -2.08205e-10
0.0277463 0.188669 -4.9988 -1.66657e-10
0.0279846 0.188524 -4.92996 -1.87206e-10
0.0282183 0.18839 -4.91312 -1.84692e-10
0.0284225 0.18828 -4.90379 -1.65257e-10
0.028691 0.188142 -4.86274 -1.70519e-10
0.0289326 0.188026 -4.86862 -1.34395e-10
0.0292079 0.187903 -4.82149 -1.18337e-10
0.0294534 0.1878 -4.80297 -1.10058e-10
0.029678 0.187712 -4.72996 -1.16689e-10
0.0299618 0.187609 -4.69995 -1.32246e-10
0.0302085 0.187527 -4.70903 -6.62122e-11
0.0305302 0.187429 -4.61928 -1.22856e-10
0.0308101 0.187352 -4.56919 -8.41471e-11
0.0310909 0.187283 -4.53273 -8.32998e-11
0.0313198 0.187233 -4.51108 -6.22629e-11
0.0315629 0.187185 -4.43578 -6.78563e-11
0.0317907 0.187145 -4.34942 -1.1054e-10
0.0320163 0.18711 -4.38207 -4.20025e-11
0.0322545 0.187079 -4.41475 -2.44949e-11
0.0325247 0.18705 -4.31627 -1.79196e-11
0.0328062 0.187027 -4.28716 -2.75447e-11
0.0331666 0.187007 -4.24869 -1.34836e-11
0.0335675 0.187 -4.21127 1.76411e-11
0.0340152 0.187009 -4.17682 -2.25502e-12
0.034532 0.187042 -4.1477 2.1861e-11
0.035173 0.187117 -4.12076 7.51555e-11
0.0357663 0.187221 -4.15122 2.20395e-11
0.0362345 0.187327 -4.12468 1.84175e-10
0.0365524 0.187412 -3.90949 2.03212e-10
0.0368556 0.187502 -4.0528 1.16486e-10
0.0371725 0.187606 -4.08108 1.40351e-10
0.0374149 0.187693 -4.06122 9.61519e-11
0.0376762 0.187795 -4.04582 1.08614e-10
0.0380269 0.187943 -3.99559 1.41181e-10
0.038345 0.18809 -4.07475 1.20834e-10
0.0386755 0.188256 -3.89359 1.81675e-10
0.0389623 0.188412 -3.85869 2.20369e-10
0.0391659 0.188529 -3.89643 1.96079e-10
0.0393713 0.188653 -3.85173 2.14732e-10
0.0395919 0.188794 -3.81622 2.30185e-10
0.0398272 0.188952 -3.82457 1.96184e-10
0.0400595 0.189117 -3.78754 2.18792e-10
0.0402764 0.18928 -3.76189 2.25676e-10
0.040486 0.189445 -3.73254 2.40214e-10
0.0406902 0.189614 -3.70172 2.60876e-10
0.040922 0.189816 -3.68845 2.57514e-10
0.0412083 0.190083 -3.64724 2.87018e-10
0.0415491 0.190427 -3.59374 3.14004e-10
0.0418301 0.190734 -3.63044 2.79343e-10
0.0420869 0.191037 -3.58668 3.2879e-10
0.0423427 0.191362 -3.56637 3.49234e-10
0.0425305 0.191617 -3.53772 3.90787e-10
0.0426789 0.191831 -3.49324 4.3797e-10
0.042804 0.19202 -3.46459 4.4346e-10
0.0429262 0.192213 -3.58503 4.06406e-10
0.0430463 0.192412 -3.49262 4.1598e-10
0.0431604 0.19261 -3.4961 4.69675e-10
0.0432701 0.19281 -3.49449 4.6325e-10
0.0433847 0.19303 -3.51728 4.88898e-10
0.0435106 0.193287 -3.47614 5.11287e-10
0.0436693 0.193637 -3.4368 5.68654e-10
0.0438165 0.193995 -3.44731 6.04844e-10
0.0439292 0.194296 -3.39516 6.59813e-10
0.0440237 0.194572 -3.36634 7.26744e-10
0.0441156 0.194866 -3.46977 7.10735e-10
0.0441975 0.195156 -3.35276 7.60114e-10
0.0442701 0.195443 -3.41355 8.31436e-10
0.0443521 0.195814 -3.46546 9.03976e-10
0.0444487 0.196361 -3.36936 1.27101e-09
0.0445396 0.197163 -3.77134 1.94249e-09
