x y fp fmu
0.0447714 0.198 -3.4956 2.19373e-09
0.0447399 0.198831 -3.31023 1.70393e-09
0.0446365 0.199717 -3.19139 8.86283e-10
0.0444815 0.200508 -1.13393 7.50697e-10
0.0443344 0.20107 0.11474 1.20017e-09
0.0442125 0.201462 0.916948 8.58418e-10
0.0441007 0.201782 1.76441 1.4359e-09
0.0439754 0.202108 3.72708 1.17953e-09
0.0438323 0.202447 2.09966 5.22731e-10
0.043674 0.202789 4.65204 -1.61556e-10
0.0434957 0.203142 5.30433 3.94882e-10
0.043261 0.203563 6.86394 3.19097e-10
0.0428998 0.204138 8.74563 2.38313e-10
0.0424931 0.204703 10.6416 7.71147e-11
0.0421266 0.205155 12.1556 -1.67054e-10
0.0416987 0.205626 13.9467 -1.6475e-10
0.0413506 0.205972 15.1802 -1.09865e-10
0.0410586 0.20624 15.8982 -2.73255e-10
0.0408405 0.206428 16.6448 1.50108e-10
0.0406389 0.206593 17.4957 -4.59793e-10
0.0404358 0.206751 17.8309 -2.80895e-10
0.0402229 0.206909 18.6129 -2.65164e-10
0.0399966 0.207069 19.0816 -2.78056e-10
0.0397695 0.207221 19.5829 5.93315e-11
0.0395504 0.20736 20.0064 -2.05934e-10
0.0393463 0.207483 20.7168 -3.07174e-10
0.0390841 0.207632 21.5099 -1.56935e-10
0.0388462 0.207759 21.664 1.96026e-10
0.0385197 0.207922 23.0343 5.90601e-10
0.0381676 0.208083 23.0854 -1.83266e-09
0.0378331 0.208223 22.9252 -4.70623e-10
0.0375696 0.208323 23.8174 -2.10715e-10
0.0372848 0.208424 24.2311 -3.33634e-10
0.0370003 0.208515 24.6198 -1.8838e-11
0.0366862 0.208607 24.8873 -1.61558e-10
0.0364058 0.20868 25.5867 -2.33005e-10
0.0361579 0.208738 25.3189 -1.17105e-10
0.0359181 0.208788 25.1715 6.74819e-11
0.0356881 0.208832 25.6985 -2.50293e-10
0.0354701 0.208868 25.9303 -7.0813e-11
0.035248 0.2089 26.1642 -1.11638e-10
0.0350048 0.208931 26.0542 -8.37888e-11
0.0347189 0.208959 25.9743 5.75451e-12
0.0343721 0.208984 26.2821 -2.44813e-10
0.0339051 0.208999 26.2931 -3.24967e-11
0.0334105 0.208994 26.1599 -1.88351e-11
0.0329437 0.208969 26.07 3.72826e-11
0.0324792 0.208924 25.8586 1.59546e-10
0.0320288 0.208861 24.9918 -7.12062e-11
0.0315793 0.208779 25.3483 -4.21046e-10
0.0311177 0.208675 24.8076 2.33242e-10
0.0308027 0.208592 24.1563 2.04451e-10
0.0305029 0.208503 23.8132 3.10318e-12
0.03022 0.208411 23.5205 2.99002e-10
0.0299725 0.208323 23.1899 3.29232e-10
0.0297415 0.208235 22.4934 1.89532e-12
0.0295256 0.208148 22.1635 2.33694e-10
0.029253 0.208029 22.007 1.44991e-10
0.028891 0.207858 21.2068 9.26652e-11
0.0285644 0.20769 20.6266 1.73961e-10
0.0282442 0.207511 19.8089 1.33079e-10
0.0280062 0.207368 19.0126 1.75787e-10
0.0277943 0.207234 18.4902 -6.83151e-11
0.0275555 0.207075 17.8394 2.564e-10
0.0272312 0.206845 17.0031 9.50729e-11
0.0267681 0.206483 15.5977 2.29844e-10
0.0261729 0.205954 13.4009 3.27989e-10
0.0255552 0.205314 11.062 4.92486e-11
0.0250063 0.204646 8.59151 -5.19044e-10
0.0245523 0.204001 6.30373 -3.43929e-10
0.0241534 0.203338 4.21075 -4.761e-10
0.0238781 0.202809 2.7183 -6.70205e-10
0.0236888 0.202398 1.24278 -6.46493e-10
0.0235482 0.20206 0.608821 -5.35374e-10
0.0234341 0.20176 -0.0367988 -9.50155e-10
0.0233332 0.201471 -1.88203 -2.6302e-10
0.0232437 0.201189 -3.18203 -9.96322e-10
0.0231527 0.200871 -0.405736 -3.36282e-11
0.0230571 0.200491 -3.14085 -1.71842e-09
0.0229672 0.200066 -4.48671 -7.07689e-10
0.0228679 0.199454 -5.09788 -2.06708e-09
0.0227943 0.19871 -4.55258 -1.81676e-09
0.0227715 0.197945 -6.02211 -9.47442e-10
0.0227995 0.197214 -5.67142 -1.06137e-09
0.0228587 0.196617 -5.32202 -1.18656e-09
0.0229373 0.196096 -5.42717 -9.8838e-10
0.0230588 0.195502 -5.39767 -7.47571e-10
0.0232 0.194959 -5.39115 -6.01112e-10
0.023316 0.194582 -5.28532 -5.97318e-10
0.0234385 0.194228 -5.26443 -5.27169e-10
0.0235514 0.193932 -5.17831 -5.40237e-10
0.0236905 0.193598 -5.14361 -4.92207e-10
0.0238782 0.193191 -5.09255 -4.51589e-10
0.0241464 0.192675 -5.04907 -3.99057e-10
0.0245233 0.192044 -5.00011 -3.69267e-10
0.0249365 0.191447 -4.96897 -3.31019e-10
0.0252703 0.191019 -4.94885 -3.14673e-10
0.0255764 0.190662 -4.92273 -3.09371e-10
0.0258916 0.190325 -4.91526 -2.89108e-10
0.0262965 0.18993 -4.89448 -2.4511e-10
0.0267664 0.189519 -4.84912 -2.57292e-10
0.0271481 0.189217 -4.84275 -2.00529e-10
0.0274284 0.189013 -4.77845 -2.41504e-10
0.027713 0.188819 -4.78363 -2.31765e-10
0.0279462 0.188669 -4.78522 -1.84007e-10
0.0281845 0.188524 -4.71054 -2.08305e-10
0.0284182 0.18839 -4.69725 -2.04525e-10
0.0286224 0.18828 -4.69408 -1.84556e-10
0.0288909 0.188142 -4.65022 -1.93335e-10
0.0291325 0.188026 -4.66877 -1.52074e-10
0.0294078 0.187903 -4.61409 -1.30565e-10
0.0296533 0.1878 -4.59925 -1.25878e-10
0.0298779 0.187712 -4.5084 -1.31683e-10
0.0301617 0.187609 -4.46986 -1.56197e-10
0.0304084 0.187527 -4.49551 -7.19199e-11
0.03073 0.187429 -4.37949 -1.54561e-10
0.03101 0.187352 -4.31569 -9.5856e-11
0.0312908 0.187283 -4.26893 -1.01836e-10
0.0315197 0.187233 -4.24777 -7.34855e-11
0.0317628 0.187185 -4.15067 -8.61511e-11
0.0319906 0.187145 -4.01252 -1.46473e-10
0.0322162 0.18711 -4.04507 -2.29553e-11
0.0324544 0.187079 -4.15789 -6.12499e-11
0.0327246 0.18705 -3.98609 -2.30742e-11
0.0330061 0.187027 -3.92289 -5.80638e-11
0.0333665 0.187007 -3.86409 -3.44306e-11
0.0337674 0.187 -3.80876 1.12073e-11
0.034215 0.187009 -3.7476 -8.08649e-13
0.0347319 0.187042 -3.69618 4.46115e-12
0.0353729 0.187117 -3.65293 5.52057e-11
0.0359662 0.187221 -3.66056 2.40202e-11
0.0364344 0.187327 -3.63064 1.64219e-10
0.0367523 0.187412 -3.45893 1.83356e-10
0.0370555 0.187502 -3.58473 1.10088e-10
0.0373724 0.187606 -3.61405 1.32285e-10
0.0376148 0.187693 -3.60064 9.43968e-11
0.0378761 0.187795 -3.59227 1.06614e-10
0.0382268 0.187943 -3.55299 1.3764e-10
0.0385448 0.18809 -3.63013 1.18706e-10
0.0388754 0.188256 -3.46699 1.81387e-10
0.0391622 0.188412 -3.44235 2.10793e-10
0.0393658 0.188529 -3.47922 1.8801e-10
0.0395712 0.188653 -3.4394 2.0566e-10
0.0397918 0.188794 -3.40764 2.18897e-10
0.0400271 0.188952 -3.41552 1.86843e-10
0.0402594 0.189117 -3.37918 2.07712e-10
0.0404763 0.18928 -3.35201 2.14625e-10
0.0406859 0.189445 -3.32127 2.27347e-10
0.0408901 0.189614 -3.28673 2.41963e-10
0.0411219 0.189816 -3.26657 2.38146e-10
0.0414081 0.190083 -3.21762 2.66343e-10
0.041749 0.190427 -3.14631 2.7989e-10
0.0420299 0.190734 -3.15429 2.43928e-10
0.0422868 0.191037 -3.09794 2.93063e-10
0.0425426 0.191362 -3.05221 3.05981e-10
0.0427304 0.191617 -3.01331 3.37867e-10
0.0428787 0.191831 -2.96049 3.78975e-10
0.0430039 0.19202 -2.91672 3.76352e-10
0.0431261 0.192213 -2.99605 3.36983e-10
0.0432461 0.192412 -2.92864 3.63989e-10
0.0433603 0.19261 -2.90903 3.86361e-10
0.04347 0.19281 -2.89832 3.92264e-10
0.0435846 0.19303 -2.90203 4.04472e-10
0.0437104 0.193287 -2.86418 4.27047e-10
0.0438692 0.193637 -2.82028 4.69566e-10
0.0440164 0.193995 -2.82141 4.96692e-10
0.0441291 0.194296 -2.77811 5.44281e-10
0.0442236 0.194572 -2.74875 5.95594e-10
0.0443155 0.194866 -2.8306 5.80098e-10
0.0443974 0.195156 -2.73006 6.27073e-10
0.04447 0.195443 -2.77412 6.67281e-10
0.044552 0.195814 -2.79366 7.2059e-10
0.0446486 0.196361 -2.70961 9.43752e-10
0.0447395 0.197163 -3.15854 1.46619e-09
