x y fp fmu
0.0441025 0.198 -3.30661 1.94625e-09
0.0440711 0.198831 -2.95013 1.80679e-09
0.0439676 0.199717 -2.88583 9.9057e-10
0.0438127 0.200508 -0.863468 7.44758e-10
0.0436655 0.20107 0.467665 1.25106e-09
0.0435436 0.201462 1.25812 9.34991e-10
0.0434318 0.201782 2.20127 1.54863e-09
0.0433065 0.202108 4.19212 1.25257e-09
0.0431635 0.202447 2.53801 6.48162e-10
0.0430052 0.202789 5.15184 -1.26058e-10
0.0428269 0.203142 5.92078 4.63641e-10
0.0425922 0.203563 7.51203 3.73389e-10
0.0422309 0.204138 9.52302 3.04581e-10
0.0418242 0.204703 11.542 1.42672e-10
0.0414578 0.205155 13.1507 -1.06316e-10
0.0410299 0.205626 15.0672 -1.10235e-10
0.0406817 0.205972 16.391 -6.60698e-11
0.0403898 0.20624 17.1608 -2.36484e-10
0.0401717 0.206428 17.9634 1.71396e-10
0.0399701 0.206593 18.8444 -4.24697e-10
0.039767 0.206751 19.2197 -2.48016e-10
0.039554 0.206909 20.0531 -2.35261e-10
0.0393277 0.207069 20.5592 -2.51267e-10
0.0391006 0.207221 21.0965 6.89073e-11
0.0388815 0.20736 21.5594 -1.95251e-10
0.0386775 0.207483 22.3078 -2.85672e-10
0.0384152 0.207632 23.1614 -1.24008e-10
0.0381773 0.207759 23.3399 2.26083e-10
0.0378508 0.207922 24.8248 6.25326e-10
0.0374988 0.208083 24.8998 -1.82688e-09
0.0371643 0.208223 24.796 -4.97132e-10
0.0369008 0.208323 25.7214 -2.09449e-10
0.0366159 0.208424 26.1745 -3.32481e-10
0.0363314 0.208515 26.5919 -1.92885e-11
0.0360174 0.208607 26.9057 -1.54986e-10
0.0357369 0.20868 27.6527 -2.30879e-10
0.0354891 0.208738 27.3781 -1.26425e-10
0.0352492 0.208788 27.268 5.6942e-11
0.0350192 0.208832 27.8316 -2.57941e-10
0.0348012 0.208868 28.0784 -7.77856e-11
0.0345791 0.2089 28.3378 -1.17677e-10
0.034336 0.208931 28.2379 -9.91601e-11
0.03405 0.208959 28.1874 -7.09584e-12
0.0337032 0.208984 28.5266 -2.64109e-10
0.0332362 0.208999 28.5725 -5.03568e-11
0.0327417 0.208994 28.4761 -3.63711e-11
0.0322749 0.208969 28.4215 1.98636e-11
0.0318103 0.208924 28.2338 1.42744e-10
0.0313599 0.208861 27.3904 -8.80054e-11
0.0309104 0.208779 27.7796 -4.52371e-10
0.0304488 0.208675 27.2563 2.26361e-10
0.0301338 0.208592 26.6223 1.94478e-10
0.029834 0.208503 26.2965 -1.42891e-11
0.0295512 0.208411 26.0168 2.94376e-10
0.0293036 0.208323 25.6952 3.24804e-10
0.0290726 0.208235 24.9913 -2.31266e-11
0.0288567 0.208148 24.6693 2.19286e-10
0.0285842 0.208029 24.5161 1.26077e-10
0.0282222 0.207858 23.7147 6.92597e-11
0.0278956 0.20769 23.1368 1.53295e-10
0.0275754 0.207511 22.3251 1.09249e-10
0.0273374 0.207368 21.5286 1.53905e-10
0.0271254 0.207234 21.0099 -1.0585e-10
0.0268866 0.207075 20.3624 2.44624e-10
0.0265623 0.206845 19.5365 7.87399e-11
0.0260993 0.206483 18.1513 2.29619e-10
0.025504 0.205954 15.9941 3.37806e-10
0.0248864 0.205314 13.6935 2.78054e-11
0.0243375 0.204646 11.2623 -5.84804e-10
0.0238834 0.204001 9.03135 -3.91112e-10
0.0234845 0.203338 7.00511 -5.27148e-10
0.0232092 0.202809 5.58135 -7.49723e-10
0.02302 0.202398 4.19038 -7.30405e-10
0.0228794 0.20206 3.60683 -6.16455e-10
0.0227653 0.20176 3.03489 -1.07474e-09
0.0226644 0.201471 1.29018 -3.6687e-10
0.0225748 0.201189 -0.0109449 -1.13199e-09
0.0224838 0.200871 2.81133 -1.50261e-10
0.0223883 0.200491 0.228752 -1.82914e-09
0.0222983 0.200066 -0.982827 -8.35536e-10
0.0221991 0.199454 -1.51269 -2.09456e-09
0.0221255 0.19871 -0.682175 -1.97721e-09
0.0221027 0.197945 -1.66708 -1.06954e-09
0.0221306 0.197214 -1.3175 -8.50074e-10
0.0221899 0.196617 -0.817842 -9.19344e-10
0.0222685 0.196096 -0.85859 -8.17258e-10
0.0223899 0.195502 -0.87429 -6.8618e-10
0.0225311 0.194959 -0.929636 -5.64018e-10
0.0226472 0.194582 -0.889755 -5.53072e-10
0.0227696 0.194228 -0.907745 -4.91024e-10
0.0228826 0.193932 -0.869646 -5.1298e-10
0.0230216 0.193598 -0.878463 -4.72098e-10
0.0232094 0.193191 -0.881218 -4.3827e-10
0.0234775 0.192675 -0.901984 -3.85189e-10
0.0238544 0.192044 -0.917977 -3.52381e-10
0.0242676 0.191447 -0.942277 -2.97575e-10
0.0246014 0.191019 -0.967246 -2.75735e-10
0.0249076 0.190662 -0.982669 -2.6821e-10
0.0252227 0.190325 -1.01719 -2.53961e-10
0.0256277 0.18993 -1.06047 -2.15935e-10
0.0260975 0.189519 -1.09223 -2.31267e-10
0.0264793 0.189217 -1.14986 -1.78778e-10
0.0267595 0.189013 -1.14392 -2.24974e-10
0.0270442 0.188819 -1.18877 -2.182e-10
0.0272773 0.188669 -1.25122 -1.60988e-10
0.0275156 0.188524 -1.21705 -1.8561e-10
0.0277494 0.18839 -1.23049 -1.82231e-10
0.0279535 0.18828 -1.27857 -1.6341e-10
0.0282221 0.188142 -1.26465 -1.79408e-10
0.0284636 0.188026 -1.35147 -1.30554e-10
0.0287389 0.187903 -1.33106 -9.84457e-11
0.0289845 0.1878 -1.3705 -9.6348e-11
0.029209 0.187712 -1.31035 -9.26897e-11
0.0294928 0.187609 -1.30106 -1.15487e-10
0.0297395 0.187527 -1.38587 -3.24867e-11
0.0300612 0.187429 -1.34579 -1.0566e-10
0.0303412 0.187352 -1.33734 -4.22321e-11
0.030622 0.187283 -1.35578 -3.70348e-11
0.0308509 0.187233 -1.38665 -2.36198e-11
0.031094 0.187185 -1.38278 -2.10538e-11
0.0313218 0.187145 -1.37613 -3.70341e-11
0.0315473 0.18711 -1.44413 -2.47191e-11
0.0317855 0.187079 -1.46589 3.1119e-11
0.0320558 0.18705 -1.51236 1.51024e-11
0.0323373 0.187027 -1.59037 4.08846e-11
0.0326977 0.187007 -1.66659 5.20072e-11
0.0330985 0.187 -1.75871 5.66822e-11
0.0335462 0.187009 -1.88859 1.30967e-11
0.034063 0.187042 -2.04112 7.79586e-11
0.0347041 0.187117 -2.22288 1.53518e-10
0.0352974 0.187221 -2.46238 3.96467e-11
0.0357656 0.187327 -2.54616 2.86013e-10
0.0360834 0.187412 -2.30843 2.84734e-10
0.0363866 0.187502 -2.5785 1.50988e-10
0.0367036 0.187606 -2.66277 1.66397e-10
0.0369459 0.187693 -2.67045 1.15605e-10
0.0372073 0.187795 -2.68734 1.21107e-10
0.0375579 0.187943 -2.66589 1.4794e-10
0.037876 0.18809 -2.74355 1.18468e-10
0.0382066 0.188256 -2.66817 1.91621e-10
0.0384934 0.188412 -2.6264 2.01697e-10
0.038697 0.188529 -2.67355 1.8878e-10
0.0389023 0.188653 -2.66738 2.08705e-10
0.0391229 0.188794 -2.64521 1.99409e-10
0.0393582 0.188952 -2.67334 1.88533e-10
0.0395905 0.189117 -2.67609 2.08629e-10
0.0398074 0.18928 -2.67505 2.09572e-10
0.0400171 0.189445 -2.67603 2.28015e-10
0.0402213 0.189614 -2.67049 2.2719e-10
0.040453 0.189816 -2.68657 2.35138e-10
0.0407393 0.190083 -2.68878 2.65662e-10
0.0410801 0.190427 -2.67536 2.69616e-10
0.0413611 0.190734 -2.73142 2.35403e-10
0.0416179 0.191037 -2.73464 2.89382e-10
0.0418737 0.191362 -2.74004 2.96105e-10
0.0420615 0.191617 -2.74814 3.25055e-10
0.0422099 0.191831 -2.73115 3.61012e-10
0.0423351 0.19202 -2.71191 3.58436e-10
0.0424573 0.192213 -2.81525 3.22109e-10
0.0425773 0.192412 -2.79019 3.56329e-10
0.0426914 0.19261 -2.79681 3.72611e-10
0.0428012 0.19281 -2.81437 3.82429e-10
0.0429157 0.19303 -2.8481 3.96636e-10
0.0430416 0.193287 -2.84491 4.20838e-10
0.0432004 0.193637 -2.84136 4.66529e-10
0.0433475 0.193995 -2.87804 4.93164e-10
0.0434602 0.194296 -2.86392 5.38525e-10
0.0435547 0.194572 -2.84659 5.87811e-10
0.0436466 0.194866 -2.94842 5.6072e-10
0.0437286 0.195156 -2.87931 6.10633e-10
0.0438011 0.195443 -2.92497 6.41063e-10
0.0438832 0.195814 -2.96588 6.85327e-10
0.0439798 0.196361 -2.9109 8.71946e-10
0.0440707 0.197163 -3.25641 1.20494e-09
