x y fp fmu
0.044395 0.198 -4.99594 2.05575e-09
0.0443636 0.198831 -4.95662 1.74733e-09
0.0442602 0.199717 -5.0463 9.69558e-10
0.0441052 0.200508 -2.87308 7.5039e-10
0.043958 0.20107 -1.63065 1.29823e-09
0.0438361 0.201462 -0.877165 9.52113e-10
0.0437243 0.201782 0.070695 1.59762e-09
0.0435991 0.202108 2.07606 1.27837e-09
0.043456 0.202447 0.281875 6.08641e-10
0.0432977 0.202789 3.02595 -1.50844e-10
0.0431194 0.203142 3.73371 4.5742e-10
0.0428847 0.203563 5.38472 3.78571e-10
0.0425234 0.204138 7.38791 2.86504e-10
0.0421167 0.204703 9.44286 1.1643e-10
0.0417503 0.205155 11.1058 -1.5101e-10
0.0413224 0.205626 13.0918 -1.50942e-10
0.0409742 0.205972 14.4758 -1.04814e-10
0.0406823 0.20624 15.2811 -2.92615e-10
0.0404642 0.206428 16.1129 1.28129e-10
0.0402626 0.206593 17.023 -5.07317e-10
0.0400595 0.206751 17.3858 -3.32993e-10
0.0398466 0.206909 18.2153 -3.06869e-10
0.0396202 0.207069 18.7079 -3.07534e-10
0.0393931 0.207221 19.2347 4.26328e-11
0.039174 0.20736 19.6945 -2.17688e-10
0.03897 0.207483 20.4534 -3.08134e-10
0.0387078 0.207632 21.3281 -1.48221e-10
0.0384698 0.207759 21.4922 2.26908e-10
0.0381434 0.207922 22.9871 6.22407e-10
0.0377913 0.208083 23.0759 -1.95077e-09
0.0374568 0.208223 22.9392 -5.19694e-10
0.0371933 0.208323 23.8912 -2.40594e-10
0.0369084 0.208424 24.3272 -3.76302e-10
0.036624 0.208515 24.7395 -5.90203e-11
0.0363099 0.208607 25.0254 -1.86601e-10
0.0360295 0.20868 25.7506 -2.66769e-10
0.0357816 0.208738 25.5035 -1.33554e-10
0.0355418 0.208788 25.3438 4.40945e-11
0.0353118 0.208832 25.8726 -2.96708e-10
0.0350938 0.208868 26.1195 -1.1645e-10
0.0348717 0.2089 26.3662 -1.51514e-10
0.0346285 0.208931 26.2609 -1.1219e-10
0.0343426 0.208959 26.1517 -4.88997e-11
0.0339957 0.208984 26.4615 -3.05595e-10
0.0335287 0.208999 26.4619 -7.66881e-11
0.0330342 0.208994 26.2924 -6.52767e-11
0.0325674 0.208969 26.1665 -1.28856e-12
0.0321029 0.208924 25.9193 1.25404e-10
0.0316525 0.208861 24.924 -1.52469e-10
0.0312029 0.208779 25.3004 -5.42825e-10
0.0307414 0.208675 24.7207 2.05918e-10
0.0304264 0.208592 23.9913 1.76075e-10
0.0301266 0.208503 23.6121 -5.31744e-11
0.0298437 0.208411 23.2869 2.82571e-10
0.0295962 0.208323 22.9238 3.12261e-10
0.0293651 0.208235 22.1614 -6.327e-11
0.0291493 0.208148 21.7694 2.05048e-10
0.0288767 0.208029 21.5858 9.14252e-11
0.0285147 0.207858 20.6943 1.71616e-11
0.0281881 0.20769 20.0619 1.11412e-10
0.0278679 0.207511 19.1727 5.41946e-11
0.0276299 0.207368 18.3041 1.13956e-10
0.0274179 0.207234 17.7372 -1.67824e-10
0.0271792 0.207075 17.0292 2.0846e-10
0.0268549 0.206845 16.1444 3.30975e-11
0.0263918 0.206483 14.6651 1.81817e-10
0.0257966 0.205954 12.4016 2.75454e-10
0.0251789 0.205314 9.96606 -3.75102e-11
0.02463 0.204646 7.46522 -6.94717e-10
0.0241759 0.204001 5.21052 -4.59219e-10
0.0237771 0.203338 3.19587 -6.07957e-10
0.0235017 0.202809 1.80089 -8.27045e-10
0.0233125 0.202398 0.422722 -7.73909e-10
0.0231719 0.20206 -0.124218 -6.58698e-10
0.0230578 0.20176 -0.627128 -1.11261e-09
0.0229569 0.201471 -2.4663 -3.43044e-10
0.0228673 0.201189 -3.77019 -1.17401e-09
0.0227764 0.200871 -0.583878 -2.63679e-10
0.0226808 0.200491 -3.03673 -1.96253e-09
0.0225908 0.200066 -4.19991 -9.18695e-10
0.0224916 0.199454 -4.46458 -2.11849e-09
0.022418 0.19871 -3.18051 -2.09804e-09
0.0223952 0.197945 -3.74365 -1.15143e-09
0.0224231 0.197214 -3.435 -6.19462e-10
0.0224824 0.196617 -2.83647 -7.81773e-10
0.022561 0.196096 -2.88463 -7.67011e-10
0.0226825 0.195502 -2.91431 -6.12831e-10
0.0228236 0.194959 -2.98976 -5.20405e-10
0.0229397 0.194582 -2.98142 -5.05758e-10
0.0230622 0.194228 -3.01747 -4.60351e-10
0.0231751 0.193932 -3.00513 -4.72285e-10
0.0233141 0.193598 -3.03307 -4.42803e-10
0.0235019 0.193191 -3.06816 -4.08752e-10
0.02377 0.192675 -3.12715 -3.59707e-10
0.024147 0.192044 -3.19437 -3.31594e-10
0.0245601 0.191447 -3.26513 -2.94256e-10
0.024894 0.191019 -3.31468 -2.83758e-10
0.0252001 0.190662 -3.34712 -2.82808e-10
0.0255152 0.190325 -3.39285 -2.66929e-10
0.0259202 0.18993 -3.43679 -2.24547e-10
0.0263901 0.189519 -3.46099 -2.44793e-10
0.0267718 0.189217 -3.51091 -1.86685e-10
0.0270521 0.189013 -3.48778 -2.40141e-10
0.0273367 0.188819 -3.51237 -2.26292e-10
0.0275699 0.188669 -3.57099 -1.6108e-10
0.0278082 0.188524 -3.51359 -1.80488e-10
0.0280419 0.18839 -3.50172 -1.76553e-10
0.028246 0.18828 -3.54019 -1.527e-10
0.0285146 0.188142 -3.50239 -1.6246e-10
0.0287562 0.188026 -3.56902 -1.15851e-10
0.0290314 0.187903 -3.53477 -8.06863e-11
0.029277 0.1878 -3.55562 -7.37871e-11
0.0295016 0.187712 -3.50736 -6.66027e-11
0.0297854 0.187609 -3.50448 -6.7737e-11
0.030032 0.187527 -3.55123 -1.56269e-11
0.0303537 0.187429 -3.54922 -3.49013e-11
0.0306337 0.187352 -3.56797 -1.17278e-11
0.0309145 0.187283 -3.60574 1.49749e-11
0.0311434 0.187233 -3.62942 5.48076e-12
0.0313865 0.187185 -3.66729 2.5543e-11
0.0316143 0.187145 -3.79574 5.24915e-11
0.0318399 0.18711 -3.86387 -7.31317e-11
0.032078 0.187079 -3.65821 1.22677e-10
0.0323483 0.18705 -3.85116 2.15432e-11
0.0326298 0.187027 -3.99142 1.09006e-10
0.0329902 0.187007 -4.08725 1.02614e-10
0.0333911 0.187 -4.17995 6.54084e-11
0.0338387 0.187009 -4.32035 4.72715e-12
0.0343555 0.187042 -4.45496 1.17053e-10
0.0349966 0.187117 -4.58139 1.74485e-10
0.0355899 0.187221 -4.75274 2.78146e-11
0.0360581 0.187327 -4.78832 2.89026e-10
0.036376 0.187412 -4.50339 2.52325e-10
0.0366792 0.187502 -4.68552 1.36311e-10
0.0369961 0.187606 -4.71279 1.41732e-10
0.0372384 0.187693 -4.67929 1.18586e-10
0.0374998 0.187795 -4.6668 1.16396e-10
0.0378505 0.187943 -4.59951 1.45209e-10
0.0381685 0.18809 -4.6106 1.07719e-10
0.0384991 0.188256 -4.57032 2.04136e-10
0.0387859 0.188412 -4.47613 1.86744e-10
0.0389895 0.188529 -4.49678 1.85111e-10
0.0391948 0.188653 -4.48313 2.09087e-10
0.0394155 0.188794 -4.43906 1.90079e-10
0.0396508 0.188952 -4.44779 1.90701e-10
0.0398831 0.189117 -4.43696 2.12462e-10
0.0401 0.18928 -4.41736 2.10731e-10
0.0403096 0.189445 -4.40181 2.3194e-10
0.0405138 0.189614 -4.37787 2.23212e-10
0.0407456 0.189816 -4.37282 2.35939e-10
0.0410318 0.190083 -4.3488 2.68254e-10
0.0413727 0.190427 -4.29826 2.65829e-10
0.0416536 0.190734 -4.32357 2.31648e-10
0.0419105 0.191037 -4.30431 2.89099e-10
0.0421663 0.191362 -4.28166 2.91847e-10
0.042354 0.191617 -4.27126 3.21888e-10
0.0425024 0.191831 -4.23741 3.58483e-10
0.0426276 0.19202 -4.20371 3.55709e-10
0.0427498 0.192213 -4.29083 3.19908e-10
0.0428698 0.192412 -4.25673 3.58692e-10
0.042984 0.19261 -4.24718 3.70616e-10
0.0430937 0.19281 -4.25234 3.83511e-10
0.0432082 0.19303 -4.27006 3.93236e-10
0.0433341 0.193287 -4.25584 4.17902e-10
0.0434929 0.193637 -4.23558 4.57367e-10
0.04364 0.193995 -4.25857 4.8008e-10
0.0437527 0.194296 -4.24246 5.22099e-10
0.0438472 0.194572 -4.22817 5.66444e-10
0.0439392 0.194866 -4.32857 5.47655e-10
0.0440211 0.195156 -4.26932 5.99339e-10
0.0440937 0.195443 -4.33441 6.33207e-10
0.0441757 0.195814 -4.38494 7.00497e-10
0.0442723 0.196361 -4.35586 8.97206e-10
0.0443632 0.197163 -4.80077 1.2547e-09
