x y fp fmu
0.0444667 0.198 -4.20811 2.00369e-09
0.0444353 0.198831 -4.18916 1.75324e-09
0.0443319 0.199717 -4.324 1.00859e-09
0.0441769 0.200508 -2.17646 7.51502e-10
0.0440297 0.20107 -0.948965 1.31136e-09
0.0439078 0.201462 -0.211835 9.66877e-10
0.043796 0.201782 0.721164 1.60417e-09
0.0436708 0.202108 2.71545 1.29245e-09
0.0435277 0.202447 0.94433 6.15083e-10
0.0433694 0.202789 3.66672 -1.34532e-10
0.0431911 0.203142 4.38859 4.66182e-10
0.0429564 0.203563 6.02926 3.91967e-10
0.0425951 0.204138 8.03615 2.99615e-10
0.0421884 0.204703 10.0915 1.2831e-10
0.041822 0.205155 11.7668 -1.39291e-10
0.0413941 0.205626 13.7634 -1.40901e-10
0.0410459 0.205972 15.1616 -9.58796e-11
0.040754 0.20624 15.978 -2.86985e-10
0.0405359 0.206428 16.8176 1.34662e-10
0.0403343 0.206593 17.7332 -5.04903e-10
0.0401312 0.206751 18.1 -3.35044e-10
0.0399183 0.206909 18.9329 -3.09767e-10
0.0396919 0.207069 19.429 -3.09498e-10
0.0394648 0.207221 19.9549 4.1836e-11
0.0392457 0.20736 20.4166 -2.17568e-10
0.0390417 0.207483 21.1735 -3.03806e-10
0.0387795 0.207632 22.0541 -1.44894e-10
0.0385415 0.207759 22.2191 2.30022e-10
0.0382151 0.207922 23.721 6.29253e-10
0.037863 0.208083 23.8178 -1.95277e-09
0.0375285 0.208223 23.678 -5.19538e-10
0.037265 0.208323 24.6355 -2.41189e-10
0.0369801 0.208424 25.0721 -3.78504e-10
0.0366957 0.208515 25.4856 -6.04042e-11
0.0363816 0.208607 25.7704 -1.87695e-10
0.0361012 0.20868 26.4972 -2.66448e-10
0.0358533 0.208738 26.2498 -1.32945e-10
0.0356134 0.208788 26.085 4.52143e-11
0.0353834 0.208832 26.6132 -2.99068e-10
0.0351655 0.208868 26.8609 -1.17869e-10
0.0349434 0.2089 27.1078 -1.528e-10
0.0347002 0.208931 27.001 -1.12063e-10
0.0344142 0.208959 26.8857 -5.04394e-11
0.0340674 0.208984 27.1944 -3.08328e-10
0.0336004 0.208999 27.19 -7.72709e-11
0.0331059 0.208994 27.0122 -6.64266e-11
0.0326391 0.208969 26.8784 -1.49613e-12
0.0321745 0.208924 26.6238 1.26346e-10
0.0317241 0.208861 25.6054 -1.58633e-10
0.0312746 0.208779 25.9823 -5.54949e-10
0.030813 0.208675 25.3938 2.07176e-10
0.0304981 0.208592 24.6491 1.77906e-10
0.0301983 0.208503 24.2623 -5.49768e-11
0.0299154 0.208411 23.9308 2.86086e-10
0.0296679 0.208323 23.5615 3.16106e-10
0.0294368 0.208235 22.7864 -6.58897e-11
0.029221 0.208148 22.3832 2.07734e-10
0.0289484 0.208029 22.1962 9.08079e-11
0.0285864 0.207858 21.2874 1.44562e-11
0.0282598 0.20769 20.6439 1.09825e-10
0.0279396 0.207511 19.7409 5.21707e-11
0.0277016 0.207368 18.8568 1.13607e-10
0.0274896 0.207234 18.2815 -1.73619e-10
0.0272508 0.207075 17.5618 2.09755e-10
0.0269265 0.206845 16.6641 3.13645e-11
0.0264635 0.206483 15.1646 1.82295e-10
0.0258683 0.205954 12.8701 2.75642e-10
0.0252506 0.205314 10.4043 -4.24644e-11
0.0247017 0.204646 7.87736 -7.15326e-10
0.0242476 0.204001 5.60387 -4.71885e-10
0.0238488 0.203338 3.57766 -6.25616e-10
0.0235734 0.202809 2.18288 -8.51699e-10
0.0233842 0.202398 0.797479 -7.96798e-10
0.0232436 0.20206 0.257703 -6.78999e-10
0.0231295 0.20176 -0.238134 -1.14032e-09
0.0230286 0.201471 -2.1088 -3.53315e-10
0.022939 0.201189 -3.44238 -1.2022e-09
0.0228481 0.200871 -0.136263 -2.7025e-10
0.0227525 0.200491 -2.6233 -2.02354e-09
0.0226625 0.200066 -3.7947 -9.3925e-10
0.0225633 0.199454 -4.04056 -2.15777e-09
0.0224897 0.19871 -2.67977 -2.12266e-09
0.0224669 0.197945 -3.27723 -1.17065e-09
0.0224948 0.197214 -2.96955 -6.45907e-10
0.0225541 0.196617 -2.35302 -8.16722e-10
0.0226327 0.196096 -2.38932 -7.95353e-10
0.0227541 0.195502 -2.39499 -6.2895e-10
0.0228953 0.194959 -2.44575 -5.27059e-10
0.0230114 0.194582 -2.41778 -5.0737e-10
0.0231338 0.194228 -2.4381 -4.58354e-10
0.0232468 0.193932 -2.41578 -4.68363e-10
0.0233858 0.193598 -2.43443 -4.38503e-10
0.0235736 0.193191 -2.46248 -4.05991e-10
0.0238417 0.192675 -2.51626 -3.59247e-10
0.0242186 0.192044 -2.57972 -3.33192e-10
0.0246318 0.191447 -2.64585 -2.99332e-10
0.0249656 0.191019 -2.69042 -2.89464e-10
0.0252718 0.190662 -2.71814 -2.88292e-10
0.0255869 0.190325 -2.75931 -2.71505e-10
0.0259919 0.18993 -2.79744 -2.27304e-10
0.0264618 0.189519 -2.81631 -2.47607e-10
0.0268435 0.189217 -2.86302 -1.88425e-10
0.0271237 0.189013 -2.8368 -2.42688e-10
0.0274084 0.188819 -2.85871 -2.27946e-10
0.0276416 0.188669 -2.91658 -1.61389e-10
0.0278798 0.188524 -2.85587 -1.79978e-10
0.0281136 0.18839 -2.84145 -1.75662e-10
0.0283177 0.18828 -2.87876 -1.50866e-10
0.0285863 0.188142 -2.83889 -1.59402e-10
0.0288278 0.188026 -2.90228 -1.13708e-10
0.0291031 0.187903 -2.86687 -7.88972e-11
0.0293487 0.1878 -2.88417 -7.15671e-11
0.0295732 0.187712 -2.83772 -6.47412e-11
0.029857 0.187609 -2.83655 -6.36182e-11
0.0301037 0.187527 -2.87612 -1.5684e-11
0.0304254 0.187429 -2.8756 -2.95818e-11
0.0307054 0.187352 -2.89502 -1.24757e-11
0.0309862 0.187283 -2.93093 1.52817e-11
0.0312151 0.187233 -2.95027 4.57028e-12
0.0314582 0.187185 -2.98684 2.60178e-11
0.031686 0.187145 -3.1228 5.55518e-11
0.0319115 0.18711 -3.1873 -8.06661e-11
0.0321497 0.187079 -2.95882 1.25563e-10
0.03242 0.18705 -3.15267 1.66253e-11
0.0327015 0.187027 -3.28747 1.06251e-10
0.0330619 0.187007 -3.37247 9.89359e-11
0.0334628 0.187 -3.45144 6.09061e-11
0.0339104 0.187009 -3.57474 1.49767e-12
0.0344272 0.187042 -3.68793 1.12894e-10
0.0350683 0.187117 -3.78741 1.65654e-10
0.0356616 0.187221 -3.9277 2.31639e-11
0.0361298 0.187327 -3.94704 2.75766e-10
0.0364476 0.187412 -3.67071 2.35668e-10
0.0367509 0.187502 -3.82789 1.29194e-10
0.0370678 0.187606 -3.84518 1.32534e-10
0.0373101 0.187693 -3.80633 1.16103e-10
0.0375715 0.187795 -3.79077 1.13142e-10
0.0379221 0.187943 -3.72076 1.41519e-10
0.0382402 0.18809 -3.72327 1.04867e-10
0.0385708 0.188256 -3.69099 2.03691e-10
0.0388576 0.188412 -3.59685 1.81461e-10
0.0390612 0.188529 -3.61576 1.81426e-10
0.0392665 0.188653 -3.60406 2.05093e-10
0.0394871 0.188794 -3.56289 1.85943e-10
0.0397224 0.188952 -3.57251 1.87867e-10
0.0399547 0.189117 -3.5636 2.09907e-10
0.0401716 0.18928 -3.54662 2.0804e-10
0.0403813 0.189445 -3.53318 2.2916e-10
0.0405855 0.189614 -3.51233 2.20747e-10
0.0408172 0.189816 -3.50974 2.33319e-10
0.0411035 0.190083 -3.48952 2.64541e-10
0.0414443 0.190427 -3.44537 2.62092e-10
0.0417253 0.190734 -3.47425 2.29128e-10
0.0419822 0.191037 -3.45812 2.8532e-10
0.0422379 0.191362 -3.44063 2.88072e-10
0.0424257 0.191617 -3.43236 3.18474e-10
0.0425741 0.191831 -3.40169 3.54014e-10
0.0426993 0.19202 -3.37256 3.52532e-10
0.0428215 0.192213 -3.46229 3.17952e-10
0.0429415 0.192412 -3.4265 3.53125e-10
0.0430556 0.19261 -3.42141 3.68041e-10
0.0431654 0.19281 -3.42812 3.78594e-10
0.0432799 0.19303 -3.44827 3.8893e-10
0.0434058 0.193287 -3.43603 4.12236e-10
0.0435646 0.193637 -3.42066 4.50504e-10
0.0437117 0.193995 -3.44828 4.72938e-10
0.0438244 0.194296 -3.43524 5.15029e-10
0.0439189 0.194572 -3.4267 5.60779e-10
0.0440109 0.194866 -3.53083 5.44438e-10
0.0440928 0.195156 -3.47129 5.94223e-10
0.0441653 0.195443 -3.53708 6.32071e-10
0.0442474 0.195814 -3.58806 6.91082e-10
0.044344 0.196361 -3.5537 8.81573e-10
0.0444349 0.197163 -3.98894 1.21786e-09
