t x vx
0.01 0.11 -1.99929e-06
0.02 0.11 -2.18896e-06
0.52 0.110001 1.95945e-06
1.02 0.110006 9.98487e-06
1.52 0.110014 1.56528e-05
2.02 0.110022 1.68315e-05
2.52 0.110029 1.29598e-05
3.02 0.11003 3.55058e-06
3.52 0.110026 -9.15349e-06
4.02 0.110015 -2.13255e-05
4.52 0.110001 -2.74084e-05
5.02 0.10999 -2.36606e-05
5.52 0.109984 -1.15314e-05
6.02 0.109986 4.15488e-06
6.52 0.109995 1.75596e-05
7.02 0.110007 2.52952e-05
7.52 0.110021 2.65205e-05
8.02 0.110032 2.27444e-05
8.52 0.11004 1.60237e-05
9.02 0.110044 8.00241e-06
9.52 0.110044 -6.15762e-07
10.02 0.110039 -9.93619e-06
10.52 0.110029 -1.99212e-05
11.02 0.110014 -2.90191e-05
11.52 0.109997 -3.43076e-05
12.02 0.109981 -3.2068e-05
12.52 0.109971 -2.06346e-05
13.02 0.10997 -1.89146e-06
13.52 0.109979 1.85146e-05
14.02 0.109996 3.46764e-05
14.52 0.110018 4.25224e-05
15.02 0.110038 4.12051e-05
15.52 0.110054 3.2167e-05
16.02 0.110063 1.80609e-05
16.52 0.110065 2.22128e-06
17.02 0.110058 -1.36976e-05
17.52 0.110042 -3.07873e-05
18.02 0.110018 -4.76649e-05
18.52 0.109989 -5.89531e-05
19.02 0.10996 -5.86112e-05
19.52 0.109938 -4.27306e-05
20.02 0.109932 -1.23448e-05
20.52 0.109945 2.50862e-05
21.02 0.109973 5.66623e-05
21.52 0.110009 7.26482e-05
22.02 0.110046 7.27713e-05
22.52 0.110076 6.0873e-05
23.02 0.110098 4.27346e-05
23.5192 0.110107 1.85908e-05
24.0129 0.110103 -7.8245e-06
24.5056 0.110085 -3.669e-05
25.0009 0.110051 -6.77374e-05
25.5009 0.110004 -9.43203e-05
26.0009 0.109951 -0.000105988
26.4972 0.109905 -9.35421e-05
26.9902 0.109878 -5.41527e-05
27.4836 0.109882 8.23074e-06
27.976 0.109918 7.24734e-05
28.474 0.109974 0.000113551
28.9726 0.110035 0.000121526
29.4726 0.110087 0.000103854
29.9726 0.110124 7.44457e-05
30.4726 0.110145 4.13405e-05
30.9726 0.110147 5.06185e-06
31.4684 0.110132 -3.01348e-05
31.9634 0.110098 -6.89281e-05
32.462 0.110043 -0.000110335
32.962 0.109971 -0.000143862
33.4607 0.109895 -0.000153312
33.9541 0.109832 -0.000126487
34.4526 0.109804 -5.75601e-05
34.9508 0.109826 4.44353e-05
35.4508 0.109892 0.000133241
35.9508 0.109976 0.00016791
36.4508 0.110053 0.00015333
36.9484 0.110113 0.00012024
37.4437 0.110155 8.56135e-05
37.9279 0.11018 5.11552e-05
38.4115 0.110187 1.34049e-05
38.9014 0.110173 -2.76347e-05
39.3884 0.110139 -6.95233e-05
39.8792 0.110083 -0.000114511
40.3736 0.110007 -0.000153019
40.858 0.109926 -0.000167883
41.3448 0.109852 -0.000152466
41.8317 0.109804 -9.88735e-05
42.3174 0.1098 -6.51681e-06
42.8136 0.109852 0.000103905
43.3136 0.109939 0.000174514
43.8136 0.110028 0.000176501
44.3136 0.110096 0.000136648
44.8125 0.110139 8.68182e-05
45.3125 0.11016 4.23955e-05
45.8125 0.110162 3.42996e-06
46.3125 0.110147 -2.99795e-05
46.8125 0.110115 -6.42666e-05
47.3125 0.110062 -0.000105135
47.8125 0.10999 -0.000145037
48.3125 0.109906 -0.000167504
48.8125 0.109829 -0.000154933
49.3125 0.109782 -9.3042e-05
49.8125 0.109791 1.68632e-05
50.3125 0.109855 0.000127994
50.8089 0.109945 0.000182762
51.3037 0.110033 0.00017656
51.797 0.110104 0.000145179
52.2806 0.110158 0.000110975
52.7577 0.110194 7.64014e-05
53.2456 0.110211 3.48375e-05
53.7284 0.110207 -8.07975e-06
54.218 0.110182 -5.28284e-05
54.706 0.110133 -0.000100303
55.1961 0.110061 -0.000146653
55.6801 0.109973 -0.000180447
56.1617 0.109881 -0.000192582
56.6473 0.109799 -0.000168829
57.129 0.109752 -9.65612e-05
57.6185 0.109764 2.39535e-05
58.1095 0.109834 0.000143119
58.6004 0.109929 0.000193244
59.0977 0.110014 0.000171404
59.5848 0.110074 0.00012275
60.0726 0.110112 7.79827e-05
60.5669 0.110132 3.97008e-05
61.0669 0.110135 6.33381e-06
61.5669 0.110122 -2.64966e-05
62.0669 0.110093 -5.72961e-05
62.5669 0.110049 -8.83415e-05
63.0669 0.109991 -0.000116684
63.5669 0.109927 -0.000126798
64.0637 0.109876 -0.000103374
64.5635 0.109856 -3.98864e-05
65.0635 0.109882 5.16428e-05
65.5635 0.109946 0.000129454
66.0635 0.110029 0.000164612
66.5635 0.110106 0.000154829
67.0635 0.110163 0.000114122
67.5635 0.110191 5.58942e-05
68.0635 0.110188 -5.44483e-06
68.5635 0.110159 -5.78367e-05
69.0635 0.110109 -0.000100506
69.5635 0.110041 -0.000136253
70.0635 0.109959 -0.000164052
70.5593 0.109873 -0.000172813
71.0564 0.109799 -0.000148745
71.5524 0.109762 -7.54131e-05
72.0468 0.109781 3.92202e-05
72.5463 0.109851 0.000138967
73.0419 0.109935 0.000169379
73.5401 0.11001 0.000150009
74.0401 0.110071 0.000123705
74.5401 0.110124 0.000104298
75.0401 0.110164 8.13086e-05
75.5401 0.110186 4.30868e-05
76.0401 0.110181 -9.65908e-06
76.5401 0.110152 -5.83006e-05
77.0401 0.110104 -9.46255e-05
77.5401 0.110045 -0.000117849
78.0401 0.109984 -0.000122987
78.5401 0.10993 -0.000108308
79.0401 0.109894 -7.11031e-05
79.5401 0.109887 -1.41544e-05
80.0401 0.109913 5.06849e-05
80.5401 0.109963 0.000100105
81.0401 0.110018 0.000111686
81.5401 0.110062 8.63098e-05
82.0401 0.110083 4.22142e-05
82.5401 0.110082 -9.60771e-07
83.0401 0.110065 -3.45687e-05
83.5401 0.110036 -5.71962e-05
84.0401 0.11 -7.34513e-05
84.5401 0.109956 -8.71732e-05
85.0401 0.109911 -8.9881e-05
85.5401 0.109877 -6.87884e-05
86.0401 0.109867 -1.84287e-05
86.5401 0.109892 4.82878e-05
87.0401 0.109947 0.000110021
87.5401 0.11002 0.000147047
88.0401 0.110097 0.000153787
88.5401 0.110163 0.000132376
89.0401 0.110205 8.44353e-05
89.5401 0.110215 1.9105e-05
90.0389 0.110195 -3.93158e-05
90.5389 0.110153 -8.50462e-05
91.0389 0.110091 -0.000123931
91.5377 0.110013 -0.00015595
92.0349 0.109924 -0.000178799
92.5315 0.109838 -0.00017444
93.0315 0.109775 -0.000125859
93.5261 0.109762 -2.63444e-05
94.0196 0.109809 9.66679e-05
94.5175 0.109897 0.0001752
95.0175 0.109982 0.000170893
95.5175 0.110042 0.000120919
96.0175 0.110077 6.93382e-05
96.5175 0.110093 3.09432e-05
97.0175 0.110097 7.90201e-06
97.5175 0.110094 -4.45006e-06
98.0175 0.110086 -1.60181e-05
98.5175 0.110069 -3.37705e-05
99.0175 0.11004 -5.82134e-05
99.5175 0.11 -8.11728e-05
100.018 0.109957 -8.59189e-05
100.518 0.109926 -6.17388e-05
101.018 0.109922 -8.20221e-06
101.518 0.109951 5.83155e-05
102.018 0.110006 0.000109546
102.518 0.110068 0.00012521
103.018 0.11012 0.00010227
103.518 0.110146 5.31099e-05
104.018 0.110144 -3.29513e-06
104.518 0.11012 -4.97413e-05
105.018 0.110077 -8.47705e-05
105.518 0.110022 -0.000111153
106.018 0.109956 -0.000130349
106.518 0.109889 -0.000135428
107.018 0.109832 -0.000113744
107.517 0.109804 -5.55887e-05
108.012 0.109818 2.88561e-05
108.51 0.109869 0.00010261
109.003 0.109935 0.000133855
109.497 0.110003 0.000135731
109.997 0.110067 0.000128753
110.497 0.110125 0.000116089
110.997 0.110169 8.9042e-05
111.497 0.110191 4.20939e-05
111.997 0.110184 -1.35642e-05
112.497 0.110154 -5.92348e-05
112.997 0.110109 -8.98411e-05
113.497 0.110055 -0.000108376
113.997 0.109998 -0.000114931
114.497 0.109942 -0.000110274
114.997 0.109897 -9.06019e-05
115.497 0.109872 -4.93688e-05
115.997 0.109878 1.14044e-05
116.497 0.109915 7.44876e-05
116.997 0.109969 0.000107204
117.497 0.11002 0.000101516
117.997 0.110054 6.80308e-05
118.497 0.110067 2.55633e-05
118.997 0.11006 -1.27686e-05
119.497 0.110041 -3.84109e-05
119.997 0.110015 -5.25304e-05
120.497 0.109985 -5.96779e-05
120.997 0.109955 -5.94895e-05
121.497 0.109931 -4.73289e-05
121.997 0.109922 -1.83948e-05
122.497 0.109934 2.35212e-05
122.997 0.109967 6.59594e-05
123.497 0.110016 9.71999e-05
123.997 0.110071 0.000110382
124.497 0.110122 0.000103054
124.997 0.110159 7.41084e-05
125.497 0.110174 2.88503e-05
125.997 0.110162 -2.26672e-05
126.497 0.110126 -7.37438e-05
126.997 0.110067 -0.000117813
127.497 0.109993 -0.00014673
127.997 0.109916 -0.000153579
128.495 0.109853 -0.00012826
128.995 0.109818 -6.85255e-05
129.495 0.109828 1.90596e-05
129.995 0.109878 0.000101073
130.495 0.109946 0.000134643
130.995 0.110004 0.0001161
131.495 0.110042 7.62306e-05
131.995 0.110062 4.07534e-05
132.495 0.110072 2.04039e-05
132.995 0.11008 1.43038e-05
133.495 0.110084 7.74436e-06
133.995 0.110079 -8.49241e-06
134.495 0.110062 -3.5319e-05
134.995 0.110031 -6.17706e-05
135.495 0.109993 -7.58861e-05
135.995 0.10996 -6.61567e-05
136.495 0.109944 -3.07256e-05
136.995 0.109955 2.12596e-05
137.495 0.109991 7.16699e-05
137.995 0.11004 9.88082e-05
138.495 0.110087 9.37107e-05
138.995 0.110117 6.05282e-05
139.495 0.110125 1.54072e-05
139.995 0.110112 -2.66832e-05
140.495 0.110081 -6.23495e-05
140.995 0.110035 -9.0248e-05
141.495 0.109979 -0.000112677
141.995 0.109916 -0.000125183
142.495 0.109858 -0.000116512
142.995 0.109821 -7.46828e-05
143.494 0.10982 -1.01369e-06
143.993 0.109857 7.33677e-05
144.493 0.109916 0.00011881
144.987 0.109981 0.00013182
145.485 0.110048 0.000132497
145.985 0.11011 0.000125769
146.485 0.110162 0.000103879
146.985 0.110194 6.29171e-05
147.485 0.110197 6.4981e-06
147.985 0.110174 -4.53421e-05
148.485 0.110134 -8.15625e-05
148.985 0.110081 -0.000106031
149.485 0.11002 -0.000120353
149.985 0.109957 -0.00012753
150.485 0.109896 -0.000122074
150.985 0.10985 -9.14199e-05
151.483 0.109835 -3.07173e-05
151.98 0.109859 4.90774e-05
152.48 0.109914 0.000109395
152.98 0.109976 0.000124119
153.48 0.110025 9.9204e-05
153.98 0.110054 5.62119e-05
154.48 0.110061 1.45381e-05
154.98 0.110055 -1.14317e-05
155.48 0.110042 -2.56729e-05
155.98 0.110026 -3.15464e-05
156.48 0.11001 -3.33263e-05
156.98 0.109994 -3.14978e-05
157.48 0.109982 -2.43551e-05
157.98 0.109977 -9.3657e-06
158.48 0.109983 1.19777e-05
158.98 0.110001 3.49569e-05
159.48 0.110028 5.50171e-05
159.98 0.110061 6.6352e-05
160.48 0.110093 6.32882e-05
160.98 0.110115 4.41089e-05
161.48 0.11012 1.05211e-05
161.98 0.110105 -3.12954e-05
162.48 0.110068 -7.31046e-05
162.98 0.110016 -0.00010456
163.48 0.109957 -0.000117509
163.98 0.109904 -0.000106922
164.48 0.109867 -7.22841e-05
164.98 0.109859 -1.69741e-05
165.479 0.10988 4.26824e-05
165.979 0.10992 7.96336e-05
166.479 0.109964 8.69157e-05
166.978 0.110002 7.68112e-05
167.477 0.110034 6.52952e-05
167.977 0.110064 5.84362e-05
168.477 0.11009 5.19653e-05
168.977 0.110109 3.85657e-05
169.477 0.110115 1.11721e-05
169.977 0.110104 -2.15682e-05
170.477 0.110079 -4.94366e-05
170.977 0.110045 -6.71365e-05
171.477 0.110011 -6.88573e-05
171.977 0.109983 -5.54814e-05
172.477 0.109968 -2.96758e-05
172.977 0.109969 2.39997e-07
173.477 0.109982 2.69033e-05
173.977 0.110003 4.20903e-05
174.477 0.110024 4.20958e-05
174.977 0.110038 2.75731e-05
175.477 0.110041 5.95567e-06
175.977 0.110034 -1.43877e-05
176.477 0.110018 -3.08164e-05
176.977 0.109996 -4.46375e-05
177.477 0.109968 -5.51348e-05
177.977 0.109939 -5.7944e-05
178.477 0.109915 -4.85918e-05
178.977 0.109903 -2.41296e-05
179.477 0.109909 1.28173e-05
179.977 0.109936 5.38182e-05
180.477 0.109981 8.94108e-05
180.977 0.110037 0.00011121
181.477 0.110094 0.000115066
181.977 0.110143 9.82958e-05
182.477 0.110174 6.16316e-05
182.977 0.110182 1.47835e-05
183.477 0.110167 -2.9455e-05
183.977 0.110133 -6.78363e-05
184.477 0.110082 -0.000102002
184.977 0.110016 -0.000130949
185.477 0.10994 -0.000151966
185.977 0.109865 -0.000151623
186.477 0.109808 -0.000114524
186.973 0.10979 -3.60126e-05
187.468 0.109821 6.40666e-05
187.967 0.109888 0.000134046
188.467 0.109959 0.000140729
188.967 0.110012 0.000106946
189.467 0.110047 6.89872e-05
189.967 0.110067 4.15481e-05
190.467 0.11008 2.56472e-05
190.967 0.11009 2.0467e-05
191.467 0.110097 1.35506e-05
191.967 0.110097 -7.0933e-07
192.467 0.110085 -2.29424e-05
192.967 0.110062 -4.68696e-05
193.467 0.110029 -6.57364e-05
193.967 0.109995 -6.84557e-05
194.467 0.109969 -5.06893e-05
194.967 0.109961 -1.69821e-05
195.467 0.109972 2.29e-05
195.967 0.109999 5.27125e-05
196.467 0.110028 5.90977e-05
196.967 0.110049 4.05307e-05
197.467 0.110053 8.78095e-06
197.967 0.110043 -1.95419e-05
198.467 0.110025 -3.60621e-05
198.967 0.110004 -4.29311e-05
199.467 0.109981 -4.61773e-05
199.967 0.109957 -4.76428e-05
200.467 0.109934 -4.47382e-05
200.967 0.109919 -3.13258e-05
201.467 0.109917 -4.46107e-06
201.967 0.109932 3.0304e-05
202.467 0.109964 6.38953e-05
202.967 0.110008 8.78262e-05
203.467 0.110055 9.58436e-05
203.967 0.110099 8.62943e-05
204.467 0.110129 6.15209e-05
204.967 0.110142 2.60104e-05
205.467 0.110137 -1.0463e-05
205.967 0.110117 -3.99165e-05
206.467 0.110085 -6.36472e-05
206.967 0.110044 -8.35633e-05
207.467 0.109995 -9.77453e-05
207.967 0.109944 -0.000100866
208.467 0.109902 -8.37862e-05
208.967 0.109881 -4.3508e-05
209.467 0.109887 1.25493e-05
209.967 0.10992 6.60077e-05
210.467 0.109965 9.06021e-05
210.967 0.110006 8.21259e-05
211.467 0.110032 5.09186e-05
211.967 0.110039 1.48059e-05
212.467 0.110034 -1.02301e-05
212.967 0.110023 -2.22459e-05
213.467 0.110011 -2.38391e-05
213.967 0.110002 -1.88564e-05
214.467 0.109995 -1.22515e-05
214.967 0.109992 -6.33769e-06
215.467 0.109993 8.3628e-07
215.967 0.109999 1.19775e-05
216.467 0.110012 2.73565e-05
216.967 0.110034 4.42691e-05
217.467 0.110063 5.62409e-05
217.967 0.110091 5.65213e-05
218.467 0.110111 4.12239e-05
218.967 0.110117 1.13532e-05
219.467 0.110103 -2.82413e-05
219.967 0.110069 -6.83779e-05
220.467 0.110019 -9.9266e-05
220.967 0.109962 -0.000114412
221.467 0.109908 -0.000108118
221.967 0.109869 -7.78918e-05
222.467 0.109856 -2.62955e-05
222.967 0.109873 3.39142e-05
223.467 0.10991 7.35815e-05
223.967 0.109951 8.32921e-05
224.467 0.109988 7.40191e-05
224.967 0.11002 6.37499e-05
225.467 0.110051 6.10673e-05
225.967 0.110082 6.27221e-05
226.467 0.110112 5.9322e-05
226.967 0.11013 3.70783e-05
227.467 0.110132 2.78209e-06
227.967 0.110115 -3.22814e-05
228.467 0.110085 -6.02536e-05
228.967 0.110048 -7.5397e-05
229.467 0.11001 -7.62368e-05
229.967 0.109977 -6.51292e-05
230.467 0.109954 -4.6704e-05
230.967 0.109942 -2.38618e-05
231.467 0.109942 6.01833e-09
231.967 0.109952 2.11532e-05
232.467 0.109969 3.36154e-05
232.967 0.109987 3.52985e-05
233.467 0.110001 2.78042e-05
233.967 0.110008 1.4188e-05
234.467 0.110007 -8.24483e-07
234.967 0.110001 -1.27863e-05
235.467 0.109991 -2.06919e-05
235.967 0.109979 -2.30932e-05
236.467 0.10997 -1.71791e-05
236.967 0.10997 -8.46921e-07
237.467 0.109982 2.30424e-05
237.967 0.110005 4.64028e-05
238.467 0.110036 6.17121e-05
238.967 0.110068 6.42247e-05
239.467 0.110095 5.43954e-05
239.967 0.110112 3.40447e-05
240.467 0.110117 9.20239e-06
240.967 0.110109 -1.4976e-05
241.467 0.110088 -4.14638e-05
241.967 0.110054 -6.82579e-05
242.467 0.110008 -9.16242e-05
242.967 0.109956 -0.000104056
243.467 0.109908 -9.61551e-05
243.967 0.109877 -6.27291e-05
244.467 0.109873 -7.62885e-06
244.967 0.109899 5.15084e-05
245.467 0.109941 8.39874e-05
245.967 0.109982 8.24938e-05
246.467 0.110011 5.81005e-05
246.967 0.110026 3.07409e-05
247.467 0.110034 1.42163e-05
247.967 0.110041 1.52021e-05
248.467 0.110052 2.21966e-05
