t x vx
0.01 0.044 -5.06257e-07
0.02 0.044 -5.86237e-07
0.041119 0.044 -7.52452e-07
0.0622342 0.044 -8.99893e-07
0.083343 0.0439999 -1.03051e-06
0.104446 0.0439999 -1.14799e-06
0.125544 0.0439999 -1.25529e-06
0.146639 0.0439999 -1.35444e-06
0.167727 0.0439998 -1.44678e-06
0.18881 0.0439998 -1.53316e-06
0.20989 0.0439998 -1.61417e-06
0.230971 0.0439997 -1.69019e-06
0.252053 0.0439997 -1.76151e-06
0.27314 0.0439996 -1.82834e-06
0.294233 0.0439996 -1.89083e-06
0.315333 0.0439996 -1.94914e-06
0.33644 0.0439995 -2.00335e-06
0.357547 0.0439995 -2.05352e-06
0.378651 0.0439994 -2.09974e-06
0.399753 0.0439994 -2.14208e-06
0.420854 0.0439993 -2.1806e-06
0.441955 0.0439993 -2.21537e-06
0.463056 0.0439992 -2.24645e-06
0.484158 0.0439992 -2.27389e-06
0.505251 0.0439992 -2.29772e-06
0.526335 0.0439991 -2.31799e-06
0.547411 0.0439991 -2.33475e-06
0.568482 0.043999 -2.34804e-06
0.589547 0.043999 -2.35791e-06
0.61061 0.0439989 -2.36439e-06
0.631672 0.0439989 -2.36753e-06
0.652733 0.0439988 -2.36736e-06
0.673796 0.0439988 -2.36393e-06
0.694859 0.0439987 -2.35726e-06
0.715922 0.0439987 -2.34739e-06
0.736985 0.0439986 -2.33434e-06
0.75805 0.0439986 -2.31815e-06
0.779117 0.0439985 -2.29884e-06
0.800186 0.0439985 -2.27646e-06
0.821259 0.0439984 -2.25105e-06
0.842336 0.0439984 -2.22266e-06
0.863417 0.0439983 -2.19136e-06
0.884504 0.0439983 -2.1572e-06
0.905597 0.0439982 -2.12025e-06
0.926696 0.0439982 -2.08056e-06
0.947803 0.0439981 -2.03822e-06
0.968917 0.0439981 -1.99329e-06
0.990039 0.0439981 -1.94585e-06
1.01117 0.043998 -1.89597e-06
1.03231 0.043998 -1.84373e-06
1.05346 0.0439979 -1.78924e-06
1.07462 0.0439979 -1.73259e-06
1.09579 0.0439979 -1.67388e-06
1.11696 0.0439978 -1.61322e-06
1.13813 0.0439978 -1.55071e-06
1.15931 0.0439978 -1.48644e-06
1.18048 0.0439977 -1.4205e-06
1.20166 0.0439977 -1.35301e-06
1.22284 0.0439977 -1.28404e-06
1.24403 0.0439977 -1.21372e-06
1.26522 0.0439976 -1.14214e-06
1.28641 0.0439976 -1.06941e-06
1.30762 0.0439976 -9.95635e-07
1.32882 0.0439976 -9.20928e-07
1.35003 0.0439976 -8.45414e-07
1.37123 0.0439975 -7.69208e-07
1.39243 0.0439975 -6.92425e-07
1.41363 0.0439975 -6.1518e-07
1.43482 0.0439975 -5.37582e-07
1.45602 0.0439975 -4.59739e-07
1.47722 0.0439975 -3.81773e-07
1.49842 0.0439975 -3.03791e-07
1.51962 0.0439975 -2.25914e-07
1.54082 0.0439975 -1.48255e-07
1.56202 0.0439975 -7.09201e-08
1.58322 0.0439975 5.9881e-09
1.60442 0.0439975 8.23698e-08
1.62562 0.0439975 1.58126e-07
1.64683 0.0439975 2.3316e-07
1.66804 0.0439975 3.07378e-07
1.68926 0.0439975 3.80691e-07
1.71048 0.0439975 4.53007e-07
1.73171 0.0439975 5.24237e-07
1.75295 0.0439975 5.94297e-07
1.77419 0.0439975 6.63109e-07
1.79544 0.0439976 7.30599e-07
1.8167 0.0439976 7.96691e-07
1.83796 0.0439976 8.61318e-07
1.85924 0.0439976 9.24383e-07
1.88052 0.0439976 9.85806e-07
1.90181 0.0439977 1.04552e-06
1.92311 0.0439977 1.10345e-06
1.94442 0.0439977 1.15954e-06
1.96574 0.0439977 1.21373e-06
1.98707 0.0439978 1.26595e-06
2.00841 0.0439978 1.31616e-06
2.02977 0.0439978 1.36429e-06
2.05113 0.0439978 1.4103e-06
2.07251 0.0439979 1.45415e-06
2.0939 0.0439979 1.49581e-06
2.1153 0.0439979 1.53523e-06
2.13672 0.043998 1.57238e-06
2.15815 0.043998 1.60723e-06
2.17959 0.043998 1.63973e-06
2.20105 0.0439981 1.66987e-06
2.22252 0.0439981 1.69761e-06
2.24401 0.0439982 1.72295e-06
2.2655 0.0439982 1.74583e-06
2.28699 0.0439982 1.76623e-06
2.30847 0.0439983 1.78415e-06
2.32995 0.0439983 1.79956e-06
2.35143 0.0439983 1.81246e-06
2.37291 0.0439984 1.82286e-06
2.39439 0.0439984 1.83077e-06
2.41587 0.0439985 1.83619e-06
2.43735 0.0439985 1.83914e-06
2.45883 0.0439985 1.83965e-06
2.48031 0.0439986 1.83773e-06
2.5018 0.0439986 1.83341e-06
2.52329 0.0439987 1.82672e-06
2.54478 0.0439987 1.81769e-06
2.56628 0.0439987 1.80636e-06
2.58778 0.0439988 1.79277e-06
2.60928 0.0439988 1.77698e-06
2.63079 0.0439988 1.75902e-06
2.65231 0.0439989 1.73894e-06
2.67384 0.0439989 1.71678e-06
2.69537 0.043999 1.69261e-06
2.71691 0.043999 1.66648e-06
2.73845 0.043999 1.63846e-06
2.76001 0.0439991 1.60859e-06
2.78157 0.0439991 1.57696e-06
2.80314 0.0439991 1.54363e-06
2.82472 0.0439992 1.50867e-06
2.84631 0.0439992 1.47218e-06
2.86791 0.0439992 1.43422e-06
2.88953 0.0439993 1.39487e-06
2.91115 0.0439993 1.35421e-06
2.93278 0.0439993 1.3123e-06
2.95442 0.0439993 1.26923e-06
2.97608 0.0439994 1.22505e-06
2.99774 0.0439994 1.17982e-06
3.01942 0.0439994 1.13363e-06
3.04111 0.0439994 1.08654e-06
3.06281 0.0439995 1.03863e-06
3.08453 0.0439995 9.90006e-07
3.10625 0.0439995 9.40736e-07
3.12799 0.0439995 8.90913e-07
3.14974 0.0439995 8.40625e-07
3.17149 0.0439996 7.89962e-07
3.19326 0.0439996 7.39012e-07
3.21504 0.0439996 6.87857e-07
3.23683 0.0439996 6.36586e-07
3.25863 0.0439996 5.85286e-07
3.28045 0.0439996 5.34047e-07
3.30227 0.0439996 4.82954e-07
3.32411 0.0439997 4.32095e-07
3.34595 0.0439997 3.81566e-07
3.36781 0.0439997 3.31458e-07
3.38968 0.0439997 2.81846e-07
3.41157 0.0439997 2.32806e-07
3.43346 0.0439997 1.8442e-07
3.45536 0.0439997 1.36766e-07
3.47728 0.0439997 8.99192e-08
3.49921 0.0439997 4.39486e-08
3.52115 0.0439997 -1.06835e-09
3.5431 0.0439997 -4.50657e-08
3.56506 0.0439997 -8.79756e-08
3.58704 0.0439997 -1.29723e-07
3.60903 0.0439997 -1.70243e-07
3.63102 0.0439997 -2.09475e-07
3.65303 0.0439997 -2.47359e-07
3.67505 0.0439997 -2.83836e-07
3.69709 0.0439997 -3.1885e-07
3.71913 0.0439996 -3.52344e-07
3.74118 0.0439996 -3.84254e-07
3.76323 0.0439996 -4.14531e-07
3.78529 0.0439996 -4.4313e-07
3.80736 0.0439996 -4.70011e-07
3.82943 0.0439996 -4.95134e-07
3.85151 0.0439996 -5.18459e-07
3.87359 0.0439996 -5.39954e-07
3.89569 0.0439996 -5.5959e-07
3.91779 0.0439996 -5.77339e-07
3.93989 0.0439995 -5.93176e-07
3.962 0.0439995 -6.07079e-07
3.98411 0.0439995 -6.19025e-07
4.00622 0.0439995 -6.28998e-07
4.02833 0.0439995 -6.3699e-07
4.05044 0.0439995 -6.42992e-07
4.07255 0.0439995 -6.47003e-07
4.09466 0.0439994 -6.49021e-07
4.11677 0.0439994 -6.4905e-07
4.13888 0.0439994 -6.47096e-07
4.16098 0.0439994 -6.43167e-07
4.18309 0.0439994 -6.37274e-07
4.20519 0.0439994 -6.29434e-07
4.2273 0.0439994 -6.19662e-07
4.2494 0.0439993 -6.07978e-07
4.27151 0.0439993 -5.94406e-07
4.29361 0.0439993 -5.7897e-07
4.31571 0.0439993 -5.61697e-07
4.33781 0.0439993 -5.42618e-07
4.35991 0.0439993 -5.21766e-07
4.38201 0.0439993 -4.99175e-07
4.4041 0.0439993 -4.74884e-07
4.4262 0.0439992 -4.48932e-07
4.44829 0.0439992 -4.21357e-07
4.47039 0.0439992 -3.92202e-07
4.49248 0.0439992 -3.61511e-07
4.51457 0.0439992 -3.29337e-07
4.53666 0.0439992 -2.95719e-07
4.55875 0.0439992 -2.60725e-07
4.58083 0.0439992 -2.24387e-07
4.60292 0.0439992 -1.86775e-07
4.625 0.0439992 -1.47937e-07
4.64708 0.0439992 -1.0793e-07
4.66916 0.0439992 -6.68125e-08
4.69124 0.0439992 -2.4634e-08
4.71332 0.0439992 1.85403e-08
4.73539 0.0439992 6.26691e-08
4.75746 0.0439992 1.07682e-07
4.77953 0.0439992 1.5352e-07
4.8016 0.0439992 2.00131e-07
4.82367 0.0439992 2.47455e-07
4.84574 0.0439992 2.95427e-07
4.8678 0.0439992 3.43999e-07
4.88986 0.0439992 3.93109e-07
4.91192 0.0439992 4.42697e-07
4.93398 0.0439992 4.92708e-07
4.95603 0.0439993 5.43084e-07
4.97808 0.0439993 5.93768e-07
5.00013 0.0439993 6.447e-07
5.02218 0.0439993 6.95826e-07
5.04423 0.0439993 7.47089e-07
5.06627 0.0439993 7.98431e-07
5.08831 0.0439994 8.49795e-07
5.11035 0.0439994 9.01123e-07
5.13238 0.0439994 9.52362e-07
5.15441 0.0439994 1.00346e-06
5.17644 0.0439994 1.05435e-06
5.19847 0.0439995 1.105e-06
5.22049 0.0439995 1.15533e-06
5.24252 0.0439995 1.20531e-06
5.26453 0.0439995 1.25487e-06
5.28655 0.0439996 1.30397e-06
5.30856 0.0439996 1.35256e-06
5.33057 0.0439996 1.40058e-06
5.35258 0.0439997 1.44798e-06
5.37458 0.0439997 1.49472e-06
5.39658 0.0439997 1.54075e-06
5.41858 0.0439998 1.58602e-06
5.44057 0.0439998 1.63049e-06
5.46256 0.0439998 1.6741e-06
5.48455 0.0439999 1.71681e-06
5.50654 0.0439999 1.75857e-06
5.52852 0.044 1.79935e-06
5.5505 0.044 1.83909e-06
5.57247 0.044 1.87776e-06
5.59444 0.0440001 1.91531e-06
5.61641 0.0440001 1.9517e-06
5.63838 0.0440002 1.98689e-06
5.66034 0.0440002 2.02082e-06
5.6823 0.0440003 2.05347e-06
5.70425 0.0440003 2.08479e-06
5.7262 0.0440003 2.11474e-06
5.74815 0.0440004 2.14328e-06
5.7701 0.0440004 2.17037e-06
5.79204 0.0440005 2.19597e-06
5.81398 0.0440005 2.22005e-06
5.83592 0.0440006 2.24257e-06
5.85785 0.0440006 2.26349e-06
5.87978 0.0440007 2.28277e-06
5.90171 0.0440007 2.30037e-06
5.92363 0.0440008 2.31626e-06
5.94555 0.0440008 2.33042e-06
5.96747 0.0440009 2.3428e-06
5.98939 0.0440009 2.35337e-06
6.0113 0.044001 2.36209e-06
6.03321 0.044001 2.36896e-06
6.05512 0.0440011 2.37392e-06
6.07702 0.0440012 2.37695e-06
6.09893 0.0440012 2.37803e-06
6.12083 0.0440013 2.37713e-06
6.14273 0.0440013 2.37422e-06
6.16462 0.0440014 2.36929e-06
6.1865 0.0440014 2.3623e-06
6.20838 0.0440015 2.35324e-06
6.23024 0.0440015 2.34208e-06
6.25209 0.0440016 2.32883e-06
6.27394 0.0440016 2.31345e-06
6.29577 0.0440017 2.29595e-06
6.3176 0.0440017 2.2763e-06
6.33942 0.0440018 2.25452e-06
6.36123 0.0440018 2.23057e-06
6.38303 0.0440019 2.20448e-06
6.40482 0.0440019 2.17622e-06
6.42661 0.044002 2.1458e-06
6.44839 0.044002 2.11323e-06
6.47015 0.044002 2.0785e-06
6.49192 0.0440021 2.04162e-06
6.51367 0.0440021 2.0026e-06
6.53542 0.0440022 1.96144e-06
6.55716 0.0440022 1.91816e-06
6.57889 0.0440023 1.87278e-06
6.60061 0.0440023 1.82529e-06
6.62233 0.0440023 1.77571e-06
6.64404 0.0440024 1.72407e-06
6.66575 0.0440024 1.67038e-06
6.68744 0.0440024 1.61466e-06
6.70914 0.0440025 1.55693e-06
6.73082 0.0440025 1.49722e-06
6.7525 0.0440025 1.43555e-06
6.77417 0.0440026 1.37194e-06
6.79584 0.0440026 1.30643e-06
6.8175 0.0440026 1.23904e-06
6.83916 0.0440027 1.1698e-06
6.86081 0.0440027 1.09876e-06
6.88246 0.0440027 1.02593e-06
6.9041 0.0440027 9.51371e-07
6.92573 0.0440027 8.75101e-07
6.94736 0.0440028 7.97167e-07
6.96899 0.0440028 7.17609e-07
6.99061 0.0440028 6.36467e-07
7.01222 0.0440028 5.53785e-07
7.03383 0.0440028 4.6961e-07
7.05544 0.0440028 3.83982e-07
7.07704 0.0440028 2.96953e-07
7.09864 0.0440028 2.08574e-07
7.12023 0.0440028 1.18892e-07
7.14182 0.0440028 2.79488e-08
7.16341 0.0440028 -6.41908e-08
7.18499 0.0440028 -1.57492e-07
7.20657 0.0440028 -2.51888e-07
7.22815 0.0440028 -3.4733e-07
7.24972 0.0440028 -4.43756e-07
7.27129 0.0440028 -5.41111e-07
7.29286 0.0440028 -6.39339e-07
7.31443 0.0440028 -7.38381e-07
7.33599 0.0440027 -8.38184e-07
7.35754 0.0440027 -9.38659e-07
7.37909 0.0440027 -1.03975e-06
7.40063 0.0440027 -1.14139e-06
7.42216 0.0440027 -1.24352e-06
7.44368 0.0440026 -1.34608e-06
7.46519 0.0440026 -1.44901e-06
7.48669 0.0440026 -1.55225e-06
7.50819 0.0440025 -1.65573e-06
7.52968 0.0440025 -1.75939e-06
7.55117 0.0440024 -1.86317e-06
7.57264 0.0440024 -1.967e-06
7.59411 0.0440024 -2.07083e-06
7.61557 0.0440023 -2.17459e-06
7.63702 0.0440023 -2.27823e-06
7.65847 0.0440022 -2.38169e-06
7.67991 0.0440022 -2.4849e-06
7.70134 0.0440021 -2.5878e-06
7.72277 0.044002 -2.69034e-06
7.74419 0.044002 -2.79244e-06
7.76561 0.0440019 -2.89406e-06
7.78701 0.0440019 -2.99513e-06
7.80842 0.0440018 -3.09561e-06
7.82981 0.0440017 -3.19542e-06
7.8512 0.0440017 -3.29452e-06
7.87259 0.0440016 -3.39285e-06
7.89397 0.0440015 -3.49036e-06
7.91535 0.0440014 -3.58699e-06
7.93672 0.0440014 -3.6827e-06
7.95808 0.0440013 -3.77742e-06
7.97944 0.0440012 -3.87111e-06
8.0008 0.0440011 -3.96372e-06
8.02215 0.044001 -4.0552e-06
8.0435 0.0440009 -4.1455e-06
8.06485 0.0440008 -4.23458e-06
8.08619 0.0440007 -4.32239e-06
8.10752 0.0440007 -4.40889e-06
8.12886 0.0440006 -4.49404e-06
8.15019 0.0440005 -4.57778e-06
8.17152 0.0440004 -4.66009e-06
8.19284 0.0440003 -4.74092e-06
8.21417 0.0440002 -4.82024e-06
8.23549 0.044 -4.89799e-06
8.25681 0.0439999 -4.97416e-06
8.27812 0.0439998 -5.04869e-06
8.29944 0.0439997 -5.12157e-06
8.32075 0.0439996 -5.19275e-06
8.34206 0.0439995 -5.26221e-06
8.36337 0.0439994 -5.32992e-06
8.38468 0.0439993 -5.39583e-06
8.40599 0.0439992 -5.45993e-06
8.4273 0.043999 -5.5222e-06
8.44861 0.0439989 -5.58261e-06
8.46992 0.0439988 -5.64112e-06
8.49122 0.0439987 -5.69771e-06
8.51251 0.0439986 -5.75235e-06
8.5338 0.0439984 -5.80504e-06
8.55507 0.0439983 -5.85575e-06
8.57635 0.0439982 -5.90447e-06
8.59761 0.0439981 -5.95118e-06
8.61887 0.0439979 -5.99588e-06
8.64012 0.0439978 -6.03855e-06
8.66137 0.0439977 -6.07918e-06
8.68261 0.0439975 -6.11777e-06
8.70384 0.0439974 -6.1543e-06
8.72507 0.0439973 -6.18877e-06
8.74628 0.0439971 -6.22117e-06
8.7675 0.043997 -6.25149e-06
8.7887 0.0439969 -6.27974e-06
8.8099 0.0439967 -6.30591e-06
8.83109 0.0439966 -6.32999e-06
8.85228 0.0439965 -6.352e-06
8.87346 0.0439963 -6.37192e-06
8.89463 0.0439962 -6.38976e-06
8.9158 0.0439961 -6.40552e-06
8.93696 0.0439959 -6.41922e-06
8.95811 0.0439958 -6.43082e-06
8.97926 0.0439957 -6.44037e-06
9.0004 0.0439955 -6.44784e-06
9.02153 0.0439954 -6.45325e-06
9.04266 0.0439953 -6.45661e-06
9.06379 0.0439951 -6.45792e-06
9.08491 0.043995 -6.45718e-06
9.10602 0.0439948 -6.4544e-06
9.12712 0.0439947 -6.44959e-06
9.14823 0.0439946 -6.44275e-06
9.16932 0.0439944 -6.4339e-06
9.19041 0.0439943 -6.42302e-06
9.2115 0.0439942 -6.41015e-06
9.23258 0.043994 -6.39528e-06
9.25365 0.0439939 -6.37841e-06
9.27472 0.0439938 -6.35955e-06
9.29578 0.0439936 -6.3387e-06
9.31684 0.0439935 -6.31588e-06
9.3379 0.0439934 -6.29108e-06
9.35895 0.0439932 -6.26431e-06
9.37999 0.0439931 -6.23558e-06
9.40103 0.043993 -6.2049e-06
9.42207 0.0439928 -6.17225e-06
9.4431 0.0439927 -6.13765e-06
9.46413 0.0439926 -6.10111e-06
9.48516 0.0439925 -6.06262e-06
9.50618 0.0439923 -6.02219e-06
9.52719 0.0439922 -5.97982e-06
9.5482 0.0439921 -5.93551e-06
9.56921 0.043992 -5.88924e-06
9.59022 0.0439918 -5.84105e-06
9.61122 0.0439917 -5.79091e-06
9.63222 0.0439916 -5.73884e-06
9.65321 0.0439915 -5.68484e-06
9.67421 0.0439914 -5.62888e-06
9.6952 0.0439912 -5.57098e-06
9.71618 0.0439911 -5.51114e-06
9.73717 0.043991 -5.44935e-06
9.75815 0.0439909 -5.3856e-06
9.77912 0.0439908 -5.31991e-06
9.8001 0.0439907 -5.25225e-06
9.82107 0.0439906 -5.18264e-06
9.84204 0.0439905 -5.11105e-06
9.86301 0.0439904 -5.03749e-06
9.88398 0.0439902 -4.96195e-06
9.90495 0.0439901 -4.88443e-06
9.92591 0.04399 -4.80491e-06
9.94687 0.0439899 -4.72339e-06
9.96783 0.0439899 -4.63986e-06
9.98879 0.0439898 -4.5543e-06
10.0097 0.0439897 -4.46673e-06
10.0307 0.0439896 -4.37712e-06
10.0517 0.0439895 -4.28547e-06
10.0726 0.0439894 -4.19176e-06
10.0936 0.0439893 -4.09598e-06
10.1145 0.0439892 -3.99813e-06
10.1355 0.0439891 -3.89821e-06
10.1564 0.0439891 -3.7962e-06
10.1774 0.043989 -3.69208e-06
10.1983 0.0439889 -3.58586e-06
10.2192 0.0439888 -3.47752e-06
10.2402 0.0439888 -3.36704e-06
10.2611 0.0439887 -3.25443e-06
10.2821 0.0439886 -3.13967e-06
10.303 0.0439886 -3.02274e-06
10.324 0.0439885 -2.90364e-06
10.3449 0.0439884 -2.78235e-06
10.3659 0.0439884 -2.65887e-06
10.3868 0.0439883 -2.53319e-06
10.4077 0.0439883 -2.4053e-06
10.4287 0.0439882 -2.27519e-06
10.4496 0.0439882 -2.14284e-06
10.4706 0.0439882 -2.00831e-06
10.4915 0.0439881 -1.8716e-06
10.5124 0.0439881 -1.7327e-06
10.5333 0.043988 -1.59162e-06
10.5542 0.043988 -1.44833e-06
10.5751 0.043988 -1.30284e-06
10.596 0.043988 -1.15514e-06
10.6169 0.0439879 -1.00523e-06
10.6378 0.0439879 -8.53094e-07
10.6587 0.0439879 -6.98737e-07
10.6795 0.0439879 -5.42154e-07
10.7004 0.0439879 -3.83341e-07
10.7212 0.0439879 -2.22296e-07
