t x vx
0.01 0.044 4.42548e-07
0.02 0.044 4.1524e-07
0.0590839 0.044 2.45403e-07
0.0981563 0.044 5.51297e-08
0.137206 0.044 -1.44192e-07
0.176258 0.044 -3.47817e-07
0.215324 0.044 -5.53656e-07
0.254383 0.0439999 -7.60571e-07
0.293435 0.0439999 -9.67898e-07
0.332493 0.0439999 -1.17502e-06
0.371571 0.0439998 -1.38114e-06
0.41067 0.0439998 -1.58497e-06
0.449802 0.0439997 -1.78507e-06
0.488898 0.0439996 -1.97954e-06
0.527964 0.0439995 -2.16685e-06
0.56701 0.0439994 -2.34569e-06
0.606047 0.0439993 -2.51503e-06
0.645085 0.0439992 -2.6741e-06
0.684132 0.0439991 -2.82228e-06
0.723195 0.043999 -2.95914e-06
0.762271 0.0439989 -3.08425e-06
0.801344 0.0439988 -3.19738e-06
0.840422 0.0439986 -3.29851e-06
0.87951 0.0439985 -3.38752e-06
0.918613 0.0439984 -3.46426e-06
0.957737 0.0439982 -3.52859e-06
0.996887 0.0439981 -3.58024e-06
1.03606 0.0439979 -3.61899e-06
1.07527 0.0439978 -3.64478e-06
1.11452 0.0439976 -3.65748e-06
1.1538 0.0439975 -3.65702e-06
1.19313 0.0439974 -3.64334e-06
1.23248 0.0439972 -3.61657e-06
1.27184 0.0439971 -3.57699e-06
1.31121 0.0439969 -3.52504e-06
1.35061 0.0439968 -3.4611e-06
1.39002 0.0439967 -3.38567e-06
1.42946 0.0439965 -3.29939e-06
1.4689 0.0439964 -3.20295e-06
1.50834 0.0439963 -3.09708e-06
1.54777 0.0439962 -2.98256e-06
1.58722 0.0439961 -2.86003e-06
1.62667 0.043996 -2.73005e-06
1.66613 0.0439959 -2.59327e-06
1.70562 0.0439958 -2.45046e-06
1.74512 0.0439957 -2.30229e-06
1.78465 0.0439956 -2.14944e-06
1.82421 0.0439955 -1.99261e-06
1.8638 0.0439954 -1.83234e-06
1.90343 0.0439954 -1.66911e-06
1.9431 0.0439953 -1.50351e-06
1.98282 0.0439952 -1.3362e-06
2.02258 0.0439952 -1.16769e-06
2.06239 0.0439952 -9.98515e-07
2.10226 0.0439951 -8.29264e-07
2.14218 0.0439951 -6.60442e-07
2.18215 0.0439951 -4.92434e-07
2.22214 0.0439951 -3.25705e-07
2.26213 0.0439951 -1.60585e-07
2.30214 0.0439951 2.54072e-09
2.34217 0.0439951 1.63404e-07
2.38222 0.0439951 3.21772e-07
2.4223 0.0439951 4.7752e-07
2.4624 0.0439951 6.30556e-07
2.50253 0.0439952 7.80922e-07
2.54269 0.0439952 9.28525e-07
2.58288 0.0439952 1.07329e-06
2.62311 0.0439953 1.21539e-06
2.66338 0.0439953 1.35491e-06
2.70369 0.0439954 1.49185e-06
2.744 0.0439955 1.62613e-06
2.78433 0.0439955 1.75768e-06
2.82465 0.0439956 1.88658e-06
2.86499 0.0439957 2.01293e-06
2.90534 0.0439958 2.13674e-06
2.9457 0.0439959 2.25801e-06
2.98608 0.043996 2.37676e-06
3.02648 0.0439961 2.49302e-06
3.0669 0.0439962 2.60671e-06
3.10734 0.0439963 2.71783e-06
3.14781 0.0439964 2.82667e-06
3.1883 0.0439965 2.93325e-06
3.22882 0.0439966 3.03748e-06
3.26937 0.0439968 3.13942e-06
3.30995 0.0439969 3.23908e-06
3.35056 0.043997 3.33654e-06
3.3912 0.0439972 3.43185e-06
3.43187 0.0439973 3.52504e-06
3.47258 0.0439975 3.61625e-06
3.51332 0.0439976 3.70559e-06
3.55409 0.0439978 3.79318e-06
3.59489 0.0439979 3.87918e-06
3.63572 0.0439981 3.9637e-06
3.67659 0.0439983 4.04691e-06
3.71748 0.0439984 4.12901e-06
3.75841 0.0439986 4.21024e-06
3.79936 0.0439988 4.29078e-06
3.84035 0.043999 4.37081e-06
3.88136 0.0439991 4.45053e-06
3.92239 0.0439993 4.53013e-06
3.96346 0.0439995 4.60978e-06
4.00454 0.0439997 4.68964e-06
4.04565 0.0439999 4.76988e-06
4.08678 0.0440001 4.85063e-06
4.12793 0.0440003 4.93199e-06
4.16911 0.0440005 5.01405e-06
4.2103 0.0440007 5.0969e-06
4.25151 0.0440009 5.18054e-06
4.29274 0.0440012 5.26501e-06
4.33398 0.0440014 5.35033e-06
4.37522 0.0440016 5.43639e-06
4.41643 0.0440018 5.52298e-06
4.4576 0.0440021 5.60992e-06
4.49874 0.0440023 5.69699e-06
4.53985 0.0440025 5.78389e-06
4.58093 0.0440028 5.87023e-06
4.62198 0.044003 5.95561e-06
4.663 0.0440033 6.03953e-06
4.70399 0.0440035 6.12145e-06
4.74496 0.0440038 6.20075e-06
4.7859 0.044004 6.27678e-06
4.82681 0.0440043 6.3488e-06
4.8677 0.0440045 6.41605e-06
4.90856 0.0440048 6.47774e-06
4.9494 0.0440051 6.53306e-06
4.99022 0.0440053 6.58116e-06
5.03101 0.0440056 6.62122e-06
5.07178 0.0440059 6.65244e-06
5.11253 0.0440062 6.674e-06
5.15325 0.0440064 6.68514e-06
5.19396 0.0440067 6.68516e-06
5.23464 0.044007 6.67337e-06
5.2753 0.0440072 6.64915e-06
5.31594 0.0440075 6.61194e-06
5.35655 0.0440078 6.56122e-06
5.39715 0.044008 6.49654e-06
5.43773 0.0440083 6.4175e-06
5.47828 0.0440086 6.32374e-06
5.51881 0.0440088 6.21497e-06
5.55933 0.0440091 6.09092e-06
5.59982 0.0440093 5.95137e-06
5.6403 0.0440095 5.79611e-06
5.68075 0.0440098 5.62497e-06
5.72109 0.04401 5.43812e-06
5.76134 0.0440102 5.23545e-06
5.80149 0.0440104 5.01694e-06
5.84156 0.0440106 4.78253e-06
5.88155 0.0440108 4.53218e-06
5.92146 0.0440109 4.26583e-06
5.9613 0.0440111 3.98341e-06
6.00108 0.0440112 3.68488e-06
6.04079 0.0440114 3.37021e-06
6.08044 0.0440115 3.03934e-06
6.12004 0.0440116 2.69225e-06
6.15959 0.0440117 2.32891e-06
6.1991 0.0440118 1.94931e-06
6.23856 0.0440118 1.5535e-06
6.27799 0.0440119 1.14156e-06
6.31738 0.0440119 7.13555e-07
6.35674 0.0440119 2.6964e-07
6.39607 0.0440119 -1.90021e-07
6.43538 0.0440119 -6.65138e-07
6.47467 0.0440118 -1.15542e-06
6.51394 0.0440118 -1.66054e-06
6.55319 0.0440117 -2.18009e-06
6.59244 0.0440116 -2.71365e-06
6.63168 0.0440115 -3.26073e-06
6.67092 0.0440113 -3.82075e-06
6.71016 0.0440111 -4.39308e-06
6.74941 0.0440109 -4.97702e-06
6.78866 0.0440107 -5.57181e-06
6.82792 0.0440105 -6.17666e-06
6.8672 0.0440102 -6.79068e-06
6.90649 0.0440099 -7.41296e-06
6.94581 0.0440096 -8.04256e-06
6.98514 0.0440093 -8.6785e-06
7.02451 0.0440089 -9.31975e-06
7.0639 0.0440085 -9.96526e-06
7.10332 0.0440081 -1.06139e-05
7.14278 0.0440076 -1.12647e-05
7.18227 0.0440072 -1.19165e-05
7.2218 0.0440067 -1.25682e-05
7.26137 0.0440061 -1.32186e-05
7.30097 0.0440056 -1.38664e-05
7.34052 0.044005 -1.4509e-05
7.38002 0.0440044 -1.51454e-05
7.41949 0.0440038 -1.57748e-05
7.45892 0.0440032 -1.63962e-05
7.49831 0.0440025 -1.70085e-05
7.53767 0.0440018 -1.76111e-05
7.577 0.0440011 -1.82028e-05
7.6163 0.0440003 -1.87829e-05
7.65559 0.0439996 -1.93505e-05
7.69485 0.0439988 -1.99047e-05
7.73409 0.043998 -2.04448e-05
7.77331 0.0439972 -2.09698e-05
7.81252 0.0439963 -2.14791e-05
7.85172 0.0439955 -2.19717e-05
7.89091 0.0439946 -2.24469e-05
7.93009 0.0439937 -2.29037e-05
7.96926 0.0439928 -2.33413e-05
8.00844 0.0439918 -2.37587e-05
8.0476 0.0439909 -2.41552e-05
8.08678 0.0439899 -2.45295e-05
8.12595 0.043989 -2.48808e-05
8.16511 0.043988 -2.5208e-05
8.20422 0.043987 -2.55093e-05
8.24327 0.043986 -2.57839e-05
8.28225 0.043985 -2.60307e-05
8.32119 0.0439839 -2.6249e-05
8.36006 0.0439829 -2.64375e-05
8.39888 0.0439819 -2.65953e-05
8.43764 0.0439808 -2.67215e-05
8.47634 0.0439798 -2.68149e-05
8.51499 0.0439788 -2.68746e-05
8.55358 0.0439777 -2.68995e-05
8.59212 0.0439767 -2.68888e-05
8.6306 0.0439757 -2.68415e-05
8.66902 0.0439746 -2.67565e-05
8.70739 0.0439736 -2.66331e-05
8.7457 0.0439726 -2.64705e-05
8.78396 0.0439716 -2.62679e-05
8.82216 0.0439706 -2.60245e-05
8.86031 0.0439696 -2.57397e-05
8.8984 0.0439686 -2.54129e-05
8.93643 0.0439677 -2.50436e-05
8.97441 0.0439668 -2.46314e-05
9.01234 0.0439658 -2.41759e-05
9.05021 0.0439649 -2.36767e-05
9.08803 0.0439641 -2.31337e-05
9.12579 0.0439632 -2.25466e-05
9.16351 0.0439624 -2.19154e-05
9.20117 0.0439616 -2.124e-05
9.23878 0.0439608 -2.05204e-05
9.27634 0.0439601 -1.97567e-05
9.31385 0.0439594 -1.89491e-05
9.35131 0.0439587 -1.80978e-05
9.38873 0.043958 -1.7203e-05
9.42609 0.0439574 -1.6265e-05
9.46342 0.0439569 -1.52842e-05
9.50069 0.0439563 -1.42611e-05
9.53793 0.0439558 -1.31962e-05
9.57512 0.0439554 -1.20901e-05
9.61228 0.043955 -1.09431e-05
9.64939 0.0439546 -9.75605e-06
9.68647 0.0439543 -8.52951e-06
9.72351 0.043954 -7.26418e-06
9.76052 0.0439538 -5.96077e-06
9.7975 0.0439536 -4.62001e-06
9.83444 0.0439535 -3.24262e-06
9.87135 0.0439535 -1.8294e-06
9.90824 0.0439534 -3.81163e-07
9.9451 0.0439535 1.10132e-06
9.98194 0.0439536 2.61661e-06
10.0188 0.0439537 4.16361e-06
10.0555 0.0439539 5.74146e-06
10.0923 0.0439542 7.34925e-06
10.1291 0.0439545 8.98611e-06
10.1658 0.0439549 1.06512e-05
10.2026 0.0439554 1.23435e-05
10.2393 0.0439559 1.40623e-05
10.276 0.0439565 1.58066e-05
10.3127 0.0439571 1.75756e-05
10.3494 0.0439578 1.93682e-05
10.3861 0.0439586 2.11835e-05
10.4228 0.0439595 2.30206e-05
10.4595 0.0439604 2.48783e-05
10.4962 0.0439614 2.67556e-05
10.5329 0.0439624 2.86515e-05
10.5696 0.0439635 3.0565e-05
10.6063 0.0439647 3.24949e-05
10.643 0.043966 3.444e-05
10.6797 0.0439673 3.63991e-05
10.7165 0.0439687 3.83711e-05
10.7533 0.0439702 4.03547e-05
10.7901 0.0439718 4.23486e-05
10.8269 0.0439734 4.43512e-05
10.8637 0.0439751 4.6361e-05
10.9006 0.0439769 4.83762e-05
10.9375 0.0439788 5.03953e-05
10.9744 0.0439807 5.24162e-05
11.0113 0.0439827 5.44373e-05
11.0483 0.0439848 5.64566e-05
11.0853 0.043987 5.84719e-05
11.1224 0.0439892 6.04811e-05
11.1595 0.0439915 6.24819e-05
11.1966 0.0439939 6.44718e-05
11.2338 0.0439964 6.64484e-05
11.271 0.0439989 6.84092e-05
11.3083 0.0440016 7.03512e-05
11.3456 0.0440042 7.22715e-05
11.3829 0.044007 7.41668e-05
11.4203 0.0440099 7.60337e-05
11.4578 0.0440128 7.78688e-05
11.4953 0.0440158 7.96685e-05
11.5328 0.0440188 8.1429e-05
11.5704 0.044022 8.31465e-05
11.6081 0.0440251 8.48169e-05
11.6458 0.0440284 8.64362e-05
11.6836 0.0440317 8.8e-05
11.7214 0.0440351 8.95039e-05
11.7593 0.0440386 9.09432e-05
11.7972 0.0440421 9.23133e-05
11.8352 0.0440456 9.36092e-05
11.8733 0.0440492 9.48259e-05
11.9114 0.0440529 9.59584e-05
11.9494 0.0440566 9.69968e-05
11.9874 0.0440603 9.79374e-05
12.0252 0.044064 9.87764e-05
12.063 0.0440678 9.95098e-05
12.1007 0.0440716 0.000100134
12.1383 0.0440754 0.000100644
12.1759 0.0440791 0.000101037
12.2133 0.0440829 0.000101308
12.2507 0.0440867 0.000101454
12.288 0.0440905 0.000101471
12.3253 0.0440943 0.000101356
12.3625 0.0440981 0.000101104
12.3996 0.0441018 0.000100712
12.4367 0.0441055 0.000100177
12.4737 0.0441092 9.94944e-05
12.5106 0.0441128 9.86619e-05
12.5475 0.0441164 9.76754e-05
12.5844 0.04412 9.65317e-05
12.6212 0.0441235 9.52274e-05
12.658 0.044127 9.37589e-05
12.6948 0.0441303 9.21231e-05
12.7315 0.0441337 9.0317e-05
12.7682 0.0441369 8.83377e-05
12.8049 0.0441401 8.61824e-05
12.8416 0.0441431 8.38484e-05
12.8783 0.0441461 8.13333e-05
12.9149 0.044149 7.86351e-05
12.9516 0.0441518 7.57521e-05
12.9883 0.0441544 7.26849e-05
13.025 0.044157 6.94319e-05
13.0617 0.0441594 6.5991e-05
13.0984 0.0441617 6.23621e-05
13.1352 0.0441639 5.85415e-05
13.172 0.0441659 5.45266e-05
13.2088 0.0441677 5.03156e-05
13.2456 0.0441694 4.59078e-05
13.2825 0.0441709 4.13037e-05
13.3194 0.0441723 3.6511e-05
13.3562 0.0441734 3.15291e-05
13.3931 0.0441744 2.63602e-05
13.4299 0.0441752 2.10042e-05
13.4667 0.0441758 1.54615e-05
13.5034 0.0441761 9.73234e-06
13.5402 0.0441763 3.8253e-06
13.577 0.0441762 -2.25801e-06
13.6137 0.0441759 -8.51267e-06
13.6505 0.0441753 -1.49306e-05
13.6873 0.0441745 -2.15101e-05
13.724 0.0441735 -2.825e-05
13.7608 0.0441722 -3.51463e-05
13.7976 0.0441706 -4.21957e-05
13.8344 0.0441688 -4.93961e-05
13.8712 0.0441667 -5.67457e-05
13.9081 0.0441644 -6.42426e-05
13.9449 0.0441617 -7.18851e-05
13.9818 0.0441588 -7.96713e-05
14.0187 0.0441555 -8.75984e-05
14.0556 0.044152 -9.56392e-05
14.0924 0.0441482 -0.000103788
14.1291 0.0441441 -0.00011204
14.1657 0.0441397 -0.000120394
14.2023 0.044135 -0.000128844
14.2389 0.0441299 -0.000137387
14.2754 0.0441246 -0.000146017
14.3119 0.044119 -0.00015473
14.3483 0.044113 -0.000163495
14.3845 0.0441068 -0.000172294
14.4206 0.0441002 -0.000181122
14.4566 0.0440934 -0.000189969
14.4925 0.0440862 -0.000198828
14.5283 0.0440788 -0.00020769
14.5641 0.0440711 -0.000216546
14.5997 0.044063 -0.000225386
14.6353 0.0440547 -0.000234201
14.6708 0.0440461 -0.000242978
14.7063 0.0440371 -0.000251706
14.7418 0.0440279 -0.000260371
14.7772 0.0440184 -0.000268958
14.8127 0.0440085 -0.000277452
14.8482 0.0439984 -0.00028584
14.8837 0.0439879 -0.000294108
14.9192 0.0439772 -0.000302238
14.9548 0.0439662 -0.000310214
14.9905 0.0439548 -0.000318008
15.0263 0.0439432 -0.000325598
15.062 0.0439313 -0.000332942
15.0976 0.0439192 -0.00033998
15.1331 0.0439069 -0.000346697
15.1684 0.0438944 -0.000353075
15.2035 0.0438818 -0.000359098
15.2384 0.043869 -0.000364754
15.2732 0.0438562 -0.000370027
15.3079 0.0438432 -0.000374902
15.3424 0.0438301 -0.00037936
15.3768 0.0438169 -0.000383389
15.411 0.0438036 -0.000386977
15.4452 0.0437903 -0.000390115
15.4792 0.043777 -0.000392793
15.5131 0.0437636 -0.000395001
15.5469 0.0437502 -0.000396731
15.5806 0.0437368 -0.000397974
15.6142 0.0437234 -0.000398722
15.6478 0.04371 -0.000398968
15.6813 0.0436966 -0.000398706
15.7147 0.0436833 -0.000397929
15.7481 0.04367 -0.000396632
15.7815 0.0436569 -0.00039481
15.8149 0.0436438 -0.00039246
15.8483 0.0436308 -0.000389577
15.8817 0.0436179 -0.000386158
15.9151 0.0436051 -0.000382201
15.9485 0.0435925 -0.000377706
15.9819 0.04358 -0.000372677
16.0155 0.0435677 -0.00036711
16.049 0.0435556 -0.000361009
16.0827 0.0435437 -0.000354386
16.1164 0.0435319 -0.00034726
16.1502 0.0435205 -0.00033966
16.1842 0.0435092 -0.000331598
16.2182 0.0434982 -0.000323089
16.2524 0.0434875 -0.00031416
16.2867 0.043477 -0.000304834
16.3211 0.0434669 -0.000295143
16.3555 0.043457 -0.00028516
16.3899 0.0434476 -0.000274939
16.424 0.0434386 -0.000264542
16.458 0.0434299 -0.000254006
16.4918 0.0434217 -0.000243367
16.5255 0.0434139 -0.000232653
16.5591 0.0434064 -0.000221884
16.5926 0.0433993 -0.000211066
16.626 0.0433926 -0.0002002
16.6595 0.0433863 -0.000189312
16.6927 0.0433804 -0.000178443
16.7258 0.0433748 -0.000167589
16.7587 0.0433697 -0.000156735
16.7916 0.0433649 -0.000145859
16.8244 0.0433605 -0.000134935
16.8573 0.0433564 -0.000123937
16.8903 0.0433527 -0.00011282
16.923 0.0433493 -0.000101662
16.9555 0.0433464 -9.04537e-05
16.9878 0.0433438 -7.91694e-05
17.02 0.0433417 -6.77762e-05
17.0523 0.0433398 -5.62368e-05
17.0846 0.0433384 -4.45069e-05
17.117 0.0433373 -3.25473e-05
17.1491 0.0433367 -2.04767e-05
17.181 0.0433364 -8.30446e-06
17.2125 0.0433366 3.98369e-06
17.2438 0.0433371 1.63945e-05
17.2749 0.043338 2.89239e-05
17.306 0.0433393 4.16131e-05
17.337 0.043341 5.45113e-05
17.3681 0.0433431 6.76716e-05
17.3995 0.0433456 8.1116e-05
17.431 0.0433486 9.48584e-05
17.4625 0.043352 0.000108803
17.4938 0.0433559 0.000122951
17.5251 0.0433602 0.000137318
17.5565 0.0433649 0.000151927
17.5879 0.0433702 0.000166812
17.6191 0.0433759 0.000181865
17.6501 0.043382 0.000197063
17.6809 0.0433885 0.00021241
17.7116 0.0433955 0.000227919
17.7421 0.0434029 0.000243612
17.7725 0.0434108 0.000259516
17.8029 0.0434192 0.000275663
17.8334 0.0434281 0.000292091
17.864 0.0434376 0.000308839
17.8948 0.0434476 0.00032595
17.9258 0.0434582 0.000343427
17.9566 0.0434694 0.000361105
17.9873 0.043481 0.000378965
18.018 0.0434932 0.000396989
18.0485 0.0435058 0.000415165
18.0789 0.043519 0.000433483
18.1092 0.0435327 0.000451933
18.1394 0.0435469 0.00047051
18.1695 0.0435617 0.000489208
18.1996 0.0435769 0.000508018
18.2295 0.0435927 0.000526935
18.2594 0.043609 0.00054595
18.2892 0.0436259 0.000565055
18.3189 0.0436432 0.000584241
18.3486 0.0436611 0.000603501
18.3782 0.0436796 0.000622823
18.4077 0.0436985 0.000642194
18.4372 0.043718 0.000661602
18.4666 0.0437381 0.000681031
18.496 0.0437586 0.000700446
18.5253 0.0437797 0.000719827
18.5546 0.0438014 0.000739157
