t x vx
0.01 0.0335 -4.47631e-07
0.02 0.0335 -4.61497e-07
0.52 0.0334996 -7.85979e-07
1.02 0.0334992 -7.0022e-07
1.52 0.0334992 -5.74253e-08
2.02 0.0334996 7.33906e-07
2.52 0.0335001 1.1039e-06
3.02 0.0335005 8.19105e-07
3.52 0.0335006 1.34713e-07
4.02 0.0335003 -5.42727e-07
4.52 0.0334999 -8.89877e-07
5.02 0.0334995 -8.08406e-07
5.52 0.0334992 -4.9435e-07
6.02 0.0334991 -2.51248e-07
6.52 0.033499 -2.31842e-07
7.02 0.0334988 -4.08953e-07
7.52 0.0334985 -6.01473e-07
8.02 0.0334982 -6.18466e-07
8.52 0.033498 -3.71362e-07
9.02 0.033498 7.36816e-08
9.52 0.0334983 5.51196e-07
10.02 0.0334988 8.91974e-07
10.52 0.0334993 1.04416e-06
11.02 0.0334998 1.06366e-06
11.52 0.0335003 1.03848e-06
12.02 0.0335008 1.01118e-06
12.52 0.0335013 9.53654e-07
13.02 0.0335017 7.96175e-07
13.52 0.033502 4.83302e-07
14.02 0.033502 2.03071e-08
14.52 0.0335017 -5.26508e-07
15.02 0.0335012 -1.05113e-06
15.52 0.0335005 -1.45958e-06
16.02 0.0334996 -1.70492e-06
16.52 0.0334987 -1.78486e-06
17.02 0.0334978 -1.72179e-06
17.52 0.0334971 -1.53417e-06
18.02 0.0334965 -1.21598e-06
18.52 0.0334961 -7.52899e-07
19.02 0.033496 -1.5437e-07
19.52 0.0334963 5.41811e-07
20.02 0.0334969 1.26455e-06
20.52 0.0334979 1.93274e-06
21.02 0.0334991 2.46935e-06
21.52 0.0335005 2.81069e-06
22.02 0.033502 2.90945e-06
22.52 0.0335033 2.73693e-06
23.02 0.0335045 2.28261e-06
23.52 0.0335053 1.5539e-06
24.02 0.0335056 5.82696e-07
24.52 0.0335053 -5.52002e-07
25.02 0.0335044 -1.74997e-06
25.52 0.033503 -2.90834e-06
26.02 0.033501 -3.92528e-06
26.52 0.0334986 -4.68458e-06
27.02 0.0334961 -5.07598e-06
27.52 0.0334936 -5.01454e-06
28.02 0.0334914 -4.45947e-06
28.52 0.0334897 -3.40566e-06
29.02 0.0334887 -1.89621e-06
29.52 0.0334887 -6.09794e-08
30.02 0.0334897 1.97088e-06
30.52 0.0334917 4.02214e-06
31.02 0.0334947 5.96324e-06
31.52 0.0334985 7.58223e-06
32.02 0.0335028 8.66467e-06
32.52 0.0335073 9.02155e-06
33.02 0.0335116 8.54675e-06
33.52 0.0335152 7.19066e-06
34.02 0.0335177 4.96266e-06
34.52 0.0335186 1.98276e-06
35.02 0.0335179 -1.47535e-06
35.52 0.0335153 -5.13366e-06
36.02 0.033511 -8.66973e-06
36.52 0.0335051 -1.17954e-05
37.02 0.033498 -1.42209e-05
37.52 0.0334902 -1.56494e-05
38.02 0.0334823 -1.57688e-05
38.52 0.0334751 -1.43175e-05
39.02 0.0334695 -1.12395e-05
39.52 0.0334662 -6.65267e-06
40.02 0.0334657 -1.03598e-06
40.52 0.0334682 4.99127e-06
41.02 0.0334736 1.09084e-05
41.52 0.0334819 1.65032e-05
42.02 0.0334926 2.14688e-05
42.52 0.0335053 2.54813e-05
43.02 0.0335193 2.78193e-05
43.52 0.033533 2.7483e-05
44.02 0.0335449 2.38388e-05
44.52 0.0335534 1.68914e-05
45.02 0.0335572 7.66193e-06
45.52 0.033556 -2.33917e-06
46.02 0.0335502 -1.17032e-05
46.52 0.03354 -2.02533e-05
47.02 0.0335258 -2.85399e-05
47.52 0.0335075 -3.66362e-05
48.02 0.0334857 -4.35312e-05
48.52 0.0334621 -4.72003e-05
49.02 0.0334393 -4.56508e-05
49.52 0.0334205 -3.75878e-05
50.02 0.0334088 -2.34178e-05
50.52 0.0334057 -6.16189e-06
51.02 0.0334103 9.25889e-06
51.52 0.0334208 2.09295e-05
52.02 0.0334361 3.05684e-05
52.52 0.0334568 4.15555e-05
53.02 0.0334844 5.50823e-05
53.52 0.0335186 6.83689e-05
54.02 0.0335566 7.59934e-05
54.52 0.0335929 7.27618e-05
55.02 0.0336213 5.66415e-05
55.52 0.0336361 2.97334e-05
56.02 0.0336359 -5.05423e-07
56.52 0.0336247 -2.23527e-05
57.02 0.033609 -3.12961e-05
57.52 0.0335914 -3.52504e-05
58.02 0.0335686 -4.56826e-05
58.52 0.0335352 -6.68637e-05
59.02 0.0334887 -9.28376e-05
59.52 0.033433 -0.000111477
60.02 0.0333773 -0.000111308
60.52 0.0333341 -8.65747e-05
61.02 0.033313 -4.21742e-05
61.52 0.0333175 9.09255e-06
62.02 0.033339 4.29733e-05
62.52 0.0333628 4.76942e-05
63.02 0.0333818 3.79345e-05
63.52 0.0334017 3.98412e-05
64.02 0.0334351 6.6754e-05
64.52 0.0334901 0.000110059
65.02 0.0335639 0.000147446
65.52 0.0336427 0.000157682
66.02 0.0337074 0.000129395
66.52 0.0337394 6.40626e-05
67.02 0.0337301 -1.8635e-05
67.52 0.0336921 -7.60018e-05
68.02 0.033654 -7.61339e-05
68.52 0.0336329 -4.21985e-05
69.02 0.0336202 -2.55189e-05
69.52 0.0335934 -5.35512e-05
70.02 0.0335357 -0.00011533
70.52 0.0334478 -0.000175848
71.02 0.0333469 -0.000201867
71.52 0.0332593 -0.000175177
72.02 0.0332129 -9.27803e-05
72.52 0.0332233 2.07482e-05
73.02 0.0332766 0.000106729
73.52 0.0333313 0.000109374
74.02 0.0333578 5.28984e-05
74.52 0.0333642 1.28172e-05
75.02 0.0333827 3.70943e-05
75.52 0.03344 0.000114469
76.02 0.0335383 0.000196659
76.52 0.0336572 0.000237752
77.02 0.0337643 0.000214288
77.52 0.0338252 0.000121722
78.02 0.033816 -1.8356e-05
78.52 0.0337491 -0.000133862
79.02 0.0336789 -0.00014041
79.52 0.0336475 -6.27507e-05
80.02 0.0336467 -1.60637e-06
80.52 0.0336362 -2.09341e-05
81.02 0.033581 -0.000110438
81.52 0.0334749 -0.000212201
82.02 0.0333406 -0.000268647
82.52 0.0332157 -0.000249735
83.02 0.0331413 -0.000148817
83.52 0.033148 1.33532e-05
84.02 0.0332257 0.000155479
84.52 0.0333109 0.000170451
85.02 0.0333496 7.73922e-05
85.52 0.0333478 -3.64543e-06
86.02 0.0333528 9.89159e-06
86.52 0.0334074 0.000109189
87.02 0.0335202 0.000225587
87.52 0.0336661 0.00029184
88.02 0.0338033 0.000274518
88.52 0.0338867 0.000166629
89.02 0.0338789 -1.55312e-05
89.52 0.0337891 -0.000179484
90.02 0.033692 -0.000194235
90.52 0.0336498 -8.4481e-05
91.02 0.0336546 9.56251e-06
91.52 0.0336532 -2.64466e-06
92.02 0.0335976 -0.000111266
92.52 0.0334774 -0.000240397
93.02 0.0333206 -0.000313604
93.52 0.0331739 -0.000293348
94.02 0.0330879 -0.000172132
94.52 0.0331027 2.96511e-05
95.02 0.0332052 0.000205043
95.52 0.0333111 0.000211744
96.02 0.0333542 8.61231e-05
96.52 0.0333463 -1.57313e-05
97.02 0.0333472 1.91158e-06
97.52 0.0334079 0.000121377
98.02 0.0335364 0.000256944
98.52 0.0337006 0.000328495
99.02 0.0338503 0.000299364
99.52 0.0339319 0.000163068
100.02 0.0339033 -5.71472e-05
100.52 0.0337872 -0.000232102
101.02 0.0336792 -0.000216009
101.52 0.033642 -7.45195e-05
102.02 0.0336539 2.37978e-05
102.52 0.0336502 -7.31169e-06
103.02 0.0335804 -0.000139543
103.52 0.0334412 -0.000278566
104.02 0.0332701 -0.000342191
104.52 0.0331218 -0.000296614
105.02 0.0330532 -0.00013715
105.52 0.0331019 9.74962e-05
106.02 0.0332296 0.000255328
106.52 0.0333337 0.000208126
107.02 0.0333613 5.52595e-05
107.52 0.0333462 -3.02218e-05
108.02 0.0333574 2.23839e-05
108.52 0.0334402 0.000165726
109.02 0.03359 0.000299545
109.52 0.0337637 0.000347299
110.02 0.0339043 0.000281211
110.52 0.033954 9.95095e-05
111.02 0.0338821 -0.000143809
111.52 0.0337468 -0.000270648
112.02 0.0336532 -0.000187259
112.52 0.0336378 -3.06828e-05
113.02 0.0336543 3.29582e-05
113.52 0.0336327 -4.31962e-05
114.02 0.0335345 -0.000196489
114.52 0.0333737 -0.000321581
115.02 0.0331994 -0.000348481
115.52 0.0330713 -0.000256302
116.02 0.0330468 -4.8904e-05
116.52 0.0331421 0.000190641
117.02 0.0332787 0.000273073
117.52 0.0333569 0.000156473
118.02 0.0333599 5.90552e-06
118.52 0.0333458 -2.81051e-05
119.02 0.0333826 7.35751e-05
119.52 0.0334975 0.00022975
120.02 0.0336668 0.000338605
120.52 0.0338372 0.000340936
121.02 0.0339482 0.00022182
121.52 0.0339441 -8.17432e-06
122.02 0.0338271 -0.000233939
122.52 0.0336951 -0.000263928
123.02 0.0336359 -0.000118543
123.52 0.0336439 1.61182e-05
124.02 0.0336525 1.71449e-05
124.52 0.0335985 -0.000107905
125.02 0.0334664 -0.000264221
125.52 0.03329 -0.000352912
126.02 0.0331268 -0.00032637
126.52 0.033039 -0.00017562
127.02 0.0330744 7.09028e-05
127.52 0.0332065 0.000264099
128.02 0.0333269 0.00024088
128.52 0.0333668 7.97006e-05
129.02 0.0333517 -3.02216e-05
129.52 0.033354 4.71163e-06
130.02 0.0334279 0.000147807
130.52 0.0335753 0.000294689
131.02 0.0337543 0.000358036
131.52 0.0339053 0.000302025
132.02 0.0339663 0.000122058
132.52 0.0338995 -0.000133622
133.02 0.0337582 -0.000282568
133.52 0.0336543 -0.000207831
134.02 0.0336335 -4.1665e-05
134.52 0.0336517 3.65319e-05
135.02 0.0336358 -3.18671e-05
135.52 0.0335418 -0.000187957
136.02 0.0333808 -0.000322037
136.52 0.0332021 -0.000357385
137.02 0.0330674 -0.000269357
137.52 0.0330374 -6.01598e-05
138.02 0.0331322 0.000189579
138.52 0.0332738 0.000283372
139.02 0.0333577 0.000167746
139.52 0.0333626 9.81882e-06
140.02 0.0333469 -3.14996e-05
140.52 0.033381 6.82605e-05
141.02 0.033495 0.00022793
141.52 0.033666 0.000341963
142.02 0.0338396 0.000347244
142.52 0.0339533 0.000227447
143.02 0.0339498 -7.05867e-06
143.52 0.0338304 -0.0002387
144.02 0.0336953 -0.000270294
144.52 0.0336344 -0.000121783
145.02 0.0336426 1.64259e-05
145.52 0.0336519 1.8625e-05
146.02 0.033598 -0.000107891
146.52 0.0334647 -0.000266507
147.02 0.0332865 -0.000356425
147.52 0.033122 -0.00032902
148.02 0.0330345 -0.000175021
148.52 0.0330725 7.59846e-05
149.02 0.0332075 0.000269973
149.52 0.0333289 0.000242835
150.02 0.033368 7.83027e-05
150.52 0.0333522 -3.15517e-05
151.02 0.0333552 5.83747e-06
151.52 0.0334309 0.000151549
152.02 0.0335806 0.000299267
152.52 0.033761 0.000360884
153.02 0.0339115 0.000300918
153.52 0.0339692 0.00011546
154.02 0.0338976 -0.000143153
154.52 0.0337542 -0.000286757
155.02 0.0336518 -0.000204924
155.52 0.0336331 -3.74383e-05
156.02 0.0336515 3.69034e-05
156.52 0.0336333 -3.63548e-05
157.02 0.033536 -0.00019462
157.52 0.0333726 -0.000326896
158.02 0.0331936 -0.000357929
158.52 0.0330615 -0.000264153
159.02 0.033037 -4.90789e-05
159.52 0.0331372 0.000200482
160.02 0.0332794 0.00028435
160.52 0.0333601 0.000161279
161.02 0.0333624 4.7454e-06
161.52 0.0333474 -3.00552e-05
162.02 0.0333851 7.53339e-05
162.52 0.0335031 0.00023602
163.02 0.0336763 0.000346428
163.52 0.033849 0.000345472
164.02 0.0339581 0.000218229
164.52 0.0339471 -2.21673e-05
165.02 0.0338229 -0.000248372
165.52 0.0336895 -0.000266739
166.02 0.0336332 -0.000112685
166.52 0.0336435 2.0575e-05
167.02 0.0336506 1.43797e-05
167.52 0.0335919 -0.000117483
168.02 0.0334545 -0.000274894
168.52 0.0332749 -0.000359101
169.02 0.0331128 -0.000324229
169.52 0.0330318 -0.00016199
170.02 0.0330781 9.2565e-05
170.52 0.0332163 0.00027635
171.02 0.033334 0.000235509
171.52 0.0333682 6.83942e-05
172.02 0.0333514 -3.36959e-05
172.52 0.0333578 1.29271e-05
173.02 0.0334391 0.000162483
173.52 0.0335927 0.000307205
174.02 0.0337734 0.000361569
174.52 0.0339199 0.000292957
175.02 0.0339694 9.90165e-05
175.52 0.0338894 -0.000160035
176.02 0.033745 -0.000288859
176.52 0.0336478 -0.000194341
177.02 0.0336337 -2.82967e-05
177.52 0.0336518 3.62411e-05
178.02 0.0336288 -4.59074e-05
178.52 0.0335258 -0.000206051
179.02 0.0333592 -0.00033314
179.52 0.0331814 -0.000355707
180.02 0.033055 -0.000252687
180.52 0.0330399 -3.02265e-05
181.02 0.0331475 0.000215108
181.52 0.0332883 0.000281621
182.02 0.0333627 0.000148854
182.52 0.0333613 -2.79457e-06
183.02 0.0333481 -2.65082e-05
183.52 0.0333914 8.66702e-05
184.02 0.033515 0.000247124
184.52 0.0336904 0.00035082
185.02 0.0338606 0.00034054
185.52 0.0339624 0.0002035
186.02 0.033941 -4.28176e-05
186.52 0.0338116 -0.000258798
187.02 0.0336821 -0.000259034
187.52 0.0336323 -9.95614e-05
188.02 0.033645 2.54945e-05
188.52 0.0336489 7.65338e-06
189.02 0.0335837 -0.000130383
189.52 0.0334411 -0.000285075
190.02 0.0332606 -0.000361003
190.52 0.0331025 -0.00031633
191.02 0.0330303 -0.000144382
191.52 0.0330865 0.000112459
192.02 0.0332274 0.000281688
192.52 0.0333397 0.000224673
193.02 0.0333679 5.63249e-05
193.52 0.0333502 -3.52407e-05
194.02 0.0333614 2.23537e-05
194.52 0.0334492 0.000175515
195.02 0.033607 0.00031562
195.52 0.0337874 0.000360923
196.02 0.0339286 0.000282234
196.52 0.033968 7.88728e-05
197.02 0.0338787 -0.000178538
197.52 0.0337342 -0.000289138
198.02 0.0336437 -0.000180855
198.52 0.0336348 -1.78941e-05
199.02 0.0336521 3.46798e-05
199.52 0.0336234 -5.74434e-05
200.02 0.0335139 -0.000218907
200.52 0.0333442 -0.000339427
201.02 0.0331682 -0.000352023
201.52 0.033049 -0.000238467
202.02 0.0330447 -8.49489e-06
202.52 0.0331595 0.000229554
203.02 0.0332978 0.000276531
203.52 0.033365 0.000134411
204.02 0.0333597 -1.0482e-05
204.52 0.033349 -2.15128e-05
205.02 0.0333989 9.97687e-05
205.52 0.0335284 0.000258983
206.02 0.0337057 0.000354609
206.52 0.0338726 0.000333922
207.02 0.0339657 0.000186243
207.52 0.0339331 -6.52393e-05
208.02 0.0337989 -0.000268455
208.52 0.0336742 -0.00024934
209.02 0.0336316 -8.51754e-05
209.52 0.0336467 3.01889e-05
210.02 0.0336466 -3.13104e-07
210.52 0.0335744 -0.000144461
211.02 0.0334266 -0.000295547
211.52 0.0332455 -0.000362056
212.02 0.0330922 -0.000306672
212.52 0.03303 -0.000124493
213.02 0.0330966 0.000133224
213.52 0.0332393 0.000285451
214.02 0.0333452 0.000211829
214.52 0.0333671 4.37176e-05
215.02 0.0333491 -3.59794e-05
215.52 0.0333656 3.29734e-05
216.02 0.0334602 0.000189257
216.52 0.0336221 0.000323806
217.02 0.0338017 0.000359227
217.52 0.0339367 0.000269875
218.02 0.0339652 5.71131e-05
218.52 0.033867 -0.000196459
219.02 0.0337234 -0.000287086
219.52 0.0336403 -0.000166247
220.02 0.0336364 -7.82381e-06
220.52 0.0336524 3.18926e-05
221.02 0.0336173 -7.01293e-05
221.52 0.0335013 -0.000232041
222.02 0.0333287 -0.000345149
222.52 0.0331551 -0.000347271
223.02 0.0330437 -0.000222799
223.52 0.0330508 1.42371e-05
224.02 0.0331722 0.000242915
224.52 0.033307 0.000269626
225.02 0.0333667 0.000119289
225.52 0.0333579 -1.76239e-05
226.02 0.0333501 -1.55029e-05
226.52 0.0334069 0.000113499
227.02 0.0335423 0.000270766
227.52 0.0337211 0.000357678
228.02 0.0338843 0.000326336
228.52 0.0339682 0.000167953
229.02 0.0339245 -8.74595e-05
229.52 0.0337864 -0.000276257
230.02 0.0336671 -0.000238647
230.52 0.0336314 -7.13119e-05
231.02 0.0336482 3.36804e-05
231.52 0.0336436 -9.20085e-06
232.02 0.0335644 -0.000158535
232.52 0.0334117 -0.000305325
233.02 0.0332306 -0.000362261
233.52 0.0330825 -0.000296124
234.02 0.0330306 -0.000103867
234.52 0.0331073 0.000153405
235.02 0.033251 0.000287358
235.52 0.0333501 0.000198201
236.02 0.0333659 3.17319e-05
236.52 0.0333481 -3.56119e-05
237.02 0.0333703 4.434e-05
237.52 0.0334718 0.000202961
238.02 0.0336374 0.000331318
238.52 0.0338157 0.000356546
239.02 0.033944 0.000256475
239.52 0.0339614 3.49722e-05
240.02 0.0338548 -0.000213195
240.52 0.0337131 -0.000283459
241.02 0.0336374 -0.000151353
241.52 0.0336382 1.49365e-06
242.02 0.0336523 2.81732e-05
242.52 0.0336107 -8.31516e-05
243.02 0.0334883 -0.000244745
243.52 0.0333132 -0.000350151
244.02 0.0331423 -0.000341795
244.52 0.0330391 -0.000206499
245.02 0.0330576 3.69087e-05
245.52 0.0331849 0.000254683
246.02 0.0333156 0.000261425
246.52 0.0333678 0.000104295
247.02 0.0333559 -2.38015e-05
247.52 0.0333515 -8.61286e-06
248.02 0.0334153 0.000127462
248.52 0.0335563 0.000282117
249.02 0.0337364 0.000360033
