t x vx
0.01 0.027 3.52232e-07
0.02 0.027 4.66661e-07
0.144496 0.0270003 2.57896e-06
0.268939 0.027001 5.05167e-06
0.393465 0.0270019 7.57882e-06
0.518169 0.0270031 9.98652e-06
0.643358 0.0270047 1.21333e-05
0.769055 0.0270061 1.17284e-05
0.895473 0.0270078 1.31305e-05
1.02257 0.0270096 1.4078e-05
1.15039 0.0270111 1.20685e-05
1.27903 0.0270124 9.58416e-06
1.40834 0.0270132 6.74201e-06
1.53836 0.0270141 6.29145e-06
1.66909 0.0270148 5.61981e-06
1.80047 0.0270154 4.72165e-06
1.93236 0.0270159 3.60609e-06
2.06473 0.0270162 2.28889e-06
2.19751 0.0270163 7.94045e-07
2.33066 0.0270162 -8.46782e-07
2.46411 0.0270158 -2.59483e-06
2.59781 0.0270152 -4.40586e-06
2.73174 0.0270144 -6.23204e-06
2.8658 0.0270133 -8.02554e-06
2.99991 0.027012 -9.73776e-06
3.13398 0.0270105 -1.13201e-05
3.26804 0.0270088 -1.27293e-05
3.40207 0.0270069 -1.39311e-05
3.5361 0.0270049 -1.48937e-05
3.67013 0.0270029 -1.55958e-05
3.80409 0.0270007 -1.60245e-05
3.9379 0.0269985 -1.61707e-05
4.0716 0.0269964 -1.60306e-05
4.20522 0.0269943 -1.5605e-05
4.33881 0.0269923 -1.48951e-05
4.4724 0.0269905 -1.39084e-05
4.60584 0.0269888 -1.2657e-05
4.7391 0.0269873 -1.1157e-05
4.87221 0.026986 -9.42559e-06
5.00525 0.026985 -7.4823e-06
5.13826 0.0269843 -5.34441e-06
5.27127 0.0269839 -3.02884e-06
5.40434 0.0269839 -5.50578e-07
5.5375 0.0269841 2.07928e-06
5.67078 0.0269848 4.84398e-06
5.80403 0.0269858 7.71691e-06
5.93717 0.0269872 1.06669e-05
6.07027 0.026989 1.36616e-05
6.20336 0.0269913 1.6667e-05
6.33649 0.0269939 1.96434e-05
6.46943 0.0269969 2.25367e-05
6.60221 0.0270002 2.53017e-05
6.73485 0.0270039 2.78898e-05
6.86716 0.0270079 3.0244e-05
6.99914 0.0270122 3.23131e-05
7.13079 0.0270167 3.4044e-05
7.26213 0.0270213 3.53855e-05
7.39318 0.0270261 3.62929e-05
7.52396 0.0270309 3.67291e-05
7.65451 0.0270357 3.66571e-05
7.78481 0.0270404 3.60452e-05
7.91486 0.0270449 3.48645e-05
8.04462 0.0270492 3.30951e-05
8.17413 0.0270532 3.07221e-05
8.30343 0.0270568 2.77337e-05
8.43258 0.0270599 2.41246e-05
8.56159 0.0270624 1.99033e-05
8.69039 0.0270644 1.50944e-05
8.81905 0.0270656 9.71427e-06
8.94746 0.0270661 3.80319e-06
9.07566 0.0270658 -2.58547e-06
9.20368 0.0270646 -9.38851e-06
9.3315 0.0270625 -1.65461e-05
9.45921 0.0270594 -2.40082e-05
9.58692 0.0270554 -3.17094e-05
9.71472 0.0270503 -3.95736e-05
9.84271 0.0270442 -4.7513e-05
9.97097 0.0270371 -5.54251e-05
10.0991 0.027029 -6.31529e-05
10.2273 0.02702 -7.05705e-05
10.3552 0.0270101 -7.75138e-05
10.4826 0.0269994 -8.38182e-05
10.6095 0.026988 -8.93391e-05
10.7359 0.0269762 -9.39424e-05
10.8619 0.0269639 -9.75007e-05
10.9874 0.0269514 -9.98617e-05
11.1123 0.0269387 -0.000100881
11.2368 0.0269262 -0.000100444
11.3609 0.026914 -9.84485e-05
11.4845 0.0269023 -9.48198e-05
11.6077 0.0268913 -8.95192e-05
11.7306 0.0268811 -8.24949e-05
11.8529 0.0268721 -7.37729e-05
11.9748 0.0268644 -6.34094e-05
12.0962 0.0268581 -5.14727e-05
12.2171 0.0268535 -3.80368e-05
12.3379 0.0268507 -2.32108e-05
12.4587 0.0268499 -7.11535e-06
12.5795 0.0268511 1.01505e-05
12.7 0.0268545 2.82795e-05
12.8196 0.0268601 4.69245e-05
12.9385 0.026868 6.58718e-05
13.0568 0.026878 8.49385e-05
13.1745 0.0268903 0.000103964
13.292 0.0269047 0.000122805
13.4094 0.0269213 0.000141324
13.5268 0.02694 0.000159371
13.6445 0.0269608 0.000176786
13.7618 0.0269835 0.000193228
13.8786 0.0270078 0.000208421
13.9947 0.0270336 0.000222106
14.1101 0.0270606 0.000234002
14.2247 0.0270885 0.000243826
14.3391 0.0271173 0.00025127
14.4528 0.0271464 0.000255984
14.5658 0.0271755 0.000257721
14.6783 0.0272043 0.000256212
14.7905 0.0272325 0.000251274
14.9021 0.0272596 0.00024268
15.0136 0.0272853 0.00023034
15.1245 0.0273091 0.00021429
15.2347 0.0273305 0.000194804
15.3442 0.0273494 0.000172244
15.4536 0.0273655 0.000147044
15.5624 0.0273785 0.000119832
15.6709 0.0273884 9.11805e-05
15.7793 0.0273951 6.14813e-05
15.8878 0.0273984 3.11769e-05
15.9968 0.0273985 5.17381e-07
16.1061 0.0273952 -3.02423e-05
16.2132 0.0273888 -5.99941e-05
16.3185 0.0273794 -8.88931e-05
16.4228 0.0273672 -0.000117258
16.5265 0.0273521 -0.000145498
16.6306 0.027334 -0.00017415
16.7338 0.027313 -0.000203083
16.8358 0.0272893 -0.000232244
16.9366 0.0272629 -0.000261754
17.0371 0.0272336 -0.000291895
17.1365 0.0272016 -0.000322319
17.2353 0.0271667 -0.000353143
17.3337 0.0271289 -0.000384143
17.4313 0.0270884 -0.000414949
17.5287 0.027045 -0.000445467
17.6254 0.026999 -0.000475136
17.7219 0.0269504 -0.00050363
17.8185 0.0268992 -0.00053051
17.9147 0.0268458 -0.000554767
18.0109 0.0267904 -0.000575686
18.1072 0.0267334 -0.000592333
18.2032 0.0266754 -0.000603577
18.2992 0.026617 -0.00060862
18.3954 0.0265587 -0.000606388
18.4923 0.0265009 -0.000595878
18.5897 0.0264449 -0.000576022
18.6869 0.0263918 -0.000546227
18.7844 0.0263424 -0.000505954
18.8809 0.0262984 -0.000455953
18.977 0.0262602 -0.000397047
19.0731 0.0262285 -0.000330568
19.1694 0.0262036 -0.000258153
19.2642 0.0261862 -0.000183757
19.357 0.026176 -0.000109945
19.449 0.0261725 -3.7811e-05
19.5414 0.0261755 3.18894e-05
19.6344 0.0261846 9.74852e-05
19.7255 0.0261987 0.00015581
19.8155 0.0262173 0.000206789
19.9044 0.0262396 0.000250429
19.9922 0.0262649 0.00028734
20.0786 0.0262923 0.000318322
20.1641 0.0263218 0.000344691
20.249 0.026353 0.000367566
20.3328 0.0263855 0.000388031
20.4158 0.0264193 0.000407229
20.4984 0.0264545 0.000426106
20.5806 0.0264897 0.000427364
20.6623 0.0265249 0.000431109
20.7436 0.0265605 0.000438197
20.8246 0.0265969 0.00044919
20.9055 0.0266357 0.000479878
20.9863 0.0266761 0.000499116
21.0672 0.0267195 0.000536578
21.1481 0.0267661 0.0005771
21.2289 0.0268163 0.000620146
21.3099 0.0268702 0.000665264
21.3912 0.026928 0.000711766
21.4726 0.0269898 0.000758762
21.5545 0.0270557 0.000805545
21.6361 0.0271246 0.000844356
21.7174 0.0271964 0.000882014
21.799 0.0272712 0.000917563
21.8811 0.0273493 0.000950101
21.9641 0.0274304 0.000978324
22.0482 0.0275146 0.00100071
22.1336 0.0276014 0.00101551
22.2204 0.0276898 0.00101875
22.3068 0.0277771 0.00101169
22.3932 0.0278627 0.000990614
22.4799 0.0279455 0.000953606
22.5675 0.0280242 0.000899306
22.6561 0.0280974 0.0008267
22.744 0.0281623 0.000738036
22.8313 0.0282179 0.000636288
22.9182 0.0282635 0.000525571
23.0042 0.028299 0.000411885
23.0886 0.0283244 0.000301131
23.1713 0.0283407 0.000197231
23.2523 0.0283491 0.000103455
23.332 0.0283507 2.09731e-05
23.4099 0.0283469 -4.91328e-05
23.4866 0.0283388 -0.000106237
23.5622 0.0283274 -0.000150814
23.6365 0.0283137 -0.00018372
23.7099 0.0282986 -0.000206471
23.7818 0.0282827 -0.000220869
23.8528 0.0282664 -0.000228858
23.9236 0.02825 -0.000232305
23.9937 0.0282336 -0.000233242
24.0627 0.0282175 -0.000233412
24.1315 0.0282014 -0.000234103
24.1999 0.0281852 -0.000236721
24.2675 0.0281688 -0.000242519
24.3346 0.0281519 -0.000252225
24.4018 0.028134 -0.000266731
24.4689 0.0281148 -0.000286859
24.5355 0.0280939 -0.000313001
24.6021 0.0280709 -0.000345309
24.6684 0.0280455 -0.000383866
24.7343 0.0280172 -0.000428585
24.8002 0.0279856 -0.000479464
24.8662 0.0279502 -0.000536513
24.9324 0.0279105 -0.000599519
24.999 0.027866 -0.000668194
25.0657 0.0278165 -0.000741853
25.1325 0.0277617 -0.000819895
25.1996 0.0277013 -0.000901863
25.2665 0.0276353 -0.000986537
25.3331 0.0275638 -0.00107288
25.3996 0.0274866 -0.00116034
25.4663 0.0274034 -0.00124821
25.5333 0.0273139 -0.00133577
25.5999 0.0272193 -0.00142094
25.666 0.0271199 -0.00150302
25.732 0.0270155 -0.00158166
25.7981 0.0269059 -0.00165646
25.8647 0.026791 -0.001727
25.932 0.0266704 -0.00179289
25.9976 0.026549 -0.00184965
26.0626 0.0264256 -0.0018977
26.1282 0.0262986 -0.00193724
26.195 0.0261671 -0.00196712
26.2637 0.0260309 -0.00198506
26.3342 0.0258906 -0.00198791
26.4066 0.0257478 -0.00197185
26.481 0.0256042 -0.0019326
26.5563 0.0254635 -0.00186646
26.6309 0.0253313 -0.0017724
26.7046 0.0252097 -0.00165075
26.7774 0.0251003 -0.00150378
26.8495 0.0250038 -0.001336
26.9205 0.0249218 -0.00115606
26.9903 0.024854 -0.000971785
27.0585 0.0248 -0.000791859
27.1253 0.0247584 -0.000622188
27.1904 0.0247279 -0.000467822
27.254 0.0247069 -0.000331041
27.3159 0.0246937 -0.000213354
27.3768 0.0246867 -0.000113857
27.4367 0.0246849 -3.1101e-05
27.4955 0.024687 3.59845e-05
27.5537 0.0246922 8.87081e-05
27.611 0.0246995 0.000128282
27.6673 0.0247084 0.000156975
27.7228 0.0247182 0.000176929
27.7781 0.0247287 0.000189932
27.8327 0.0247395 0.000198317
27.8865 0.0247505 0.000203994
27.94 0.0247616 0.000208331
27.993 0.0247729 0.000213168
28.046 0.0247845 0.000218983
28.0987 0.0247965 0.00022701
28.151 0.0248089 0.000238094
28.2029 0.0248221 0.000252988
28.2545 0.0248361 0.000272218
28.3059 0.0248513 0.000296211
28.357 0.024868 0.00032525
28.4081 0.0248863 0.000359585
28.4593 0.0249068 0.000399516
28.5106 0.0249297 0.000445332
28.562 0.0249552 0.000497106
28.613 0.0249835 0.000554413
28.6639 0.0250148 0.000616898
28.7148 0.0250497 0.000684506
28.7661 0.0250885 0.0007572
28.8175 0.0251315 0.000834695
28.8691 0.0251787 0.000916537
28.9209 0.0252307 0.00100242
28.9731 0.0252877 0.00109223
29.0256 0.02535 0.00118596
29.0786 0.025418 0.00128361
29.1323 0.0254923 0.00138515
29.1865 0.0255732 0.00149045
29.2408 0.02566 0.00159787
29.2952 0.0257527 0.00170678
29.3498 0.0258519 0.00181724
29.4049 0.0259583 0.00192922
29.4608 0.0260725 0.0020426
29.5177 0.0261953 0.00215692
29.5749 0.0263249 0.00226961
29.6326 0.0264623 0.00238049
29.6912 0.0266083 0.00248929
29.7512 0.0267638 0.00259541
29.8119 0.0269276 0.00269713
29.8725 0.0270969 0.00279191
29.9325 0.0272696 0.00287813
29.9924 0.0274465 0.00295611
30.0524 0.0276281 0.00302562
30.1126 0.0278141 0.00308574
30.1716 0.0279989 0.00313292
30.2307 0.028186 0.00316722
30.2913 0.0283793 0.00318752
30.3526 0.0285745 0.0031892
30.4132 0.0287667 0.00316857
30.4734 0.0289547 0.00312351
30.5332 0.029137 0.00305147
30.5926 0.0293122 0.00294992
30.6518 0.0294791 0.00281628
30.7113 0.0296367 0.00264875
30.7707 0.0297821 0.00244943
30.8292 0.0299125 0.00222598
30.8871 0.0300274 0.00198624
30.9446 0.0301273 0.0017389
31.0004 0.0302111 0.00149888
31.0551 0.0302806 0.00127261
31.1086 0.0303377 0.00106523
31.1609 0.0303837 0.000881062
31.212 0.0304205 0.000720423
31.2623 0.0304498 0.000582886
31.3115 0.0304729 0.000468166
31.3596 0.0304909 0.000374743
31.4075 0.0305052 0.00029981
31.4539 0.0305164 0.000241201
31.5003 0.0305255 0.00019519
31.5461 0.0305328 0.000158486
31.5912 0.0305386 0.000128777
31.6359 0.0305432 0.000103729
31.6804 0.0305468 8.12585e-05
31.7239 0.0305494 5.94839e-05
31.767 0.030551 3.77915e-05
31.8101 0.0305517 1.46952e-05
31.8534 0.0305512 -1.12889e-05
31.8963 0.0305494 -4.10462e-05
31.939 0.0305462 -7.43049e-05
31.981 0.0305416 -0.000111193
32.0225 0.0305353 -0.000151261
32.0637 0.0305273 -0.000194564
32.1049 0.0305174 -0.000241181
32.146 0.0305054 -0.000291108
32.1872 0.0304912 -0.00034436
32.2286 0.0304746 -0.000400981
32.2701 0.0304555 -0.000460832
32.3119 0.0304336 -0.000523706
32.3538 0.0304089 -0.00058926
32.3961 0.0303811 -0.000657187
32.4386 0.0303502 -0.000726811
32.4811 0.0303163 -0.000797794
32.5232 0.0302797 -0.000869053
32.5648 0.0302406 -0.000940193
32.606 0.030199 -0.00101147
32.647 0.0301546 -0.00108322
32.6879 0.0301072 -0.00115574
32.7289 0.0300568 -0.00122913
32.77 0.0300033 -0.0013032
32.8113 0.0299463 -0.00137828
32.8528 0.029886 -0.0014549
32.8945 0.0298221 -0.00153349
32.9364 0.0297544 -0.00161413
32.9787 0.0296827 -0.00169683
33.0204 0.0296085 -0.00177933
33.0616 0.0295316 -0.00186187
33.1026 0.0294519 -0.00194478
33.1436 0.0293689 -0.00202856
33.1847 0.029282 -0.00211383
33.2249 0.0291936 -0.00219772
33.2628 0.0291073 -0.0022764
33.2999 0.02902 -0.00235276
33.3373 0.0289291 -0.00243003
33.3759 0.0288321 -0.0025113
33.4168 0.0287259 -0.00259953
33.4608 0.0286071 -0.00269713
33.5044 0.0284853 -0.00279277
33.5484 0.0283583 -0.00288799
33.5941 0.028222 -0.00298589
33.6423 0.028073 -0.00308898
33.6939 0.0279079 -0.00319981
33.746 0.0277355 -0.00331035
33.7981 0.0275573 -0.00341848
33.8472 0.0273847 -0.00351514
33.8953 0.0272114 -0.0036059
33.9441 0.027031 -0.00369491
33.9952 0.0268376 -0.00378498
34.0486 0.0266308 -0.00387436
34.1026 0.0264172 -0.00395726
34.1572 0.0261968 -0.00403209
34.2124 0.0259707 -0.00409658
34.2678 0.0257409 -0.00414841
34.3231 0.0255095 -0.00418487
34.3783 0.0252775 -0.00420383
34.4333 0.0250462 -0.00420209
34.4882 0.0248168 -0.00417754
34.5431 0.0245906 -0.0041258
34.5977 0.0243695 -0.00404337
34.6517 0.0241575 -0.00392789
34.7048 0.023957 -0.00377818
34.757 0.0237695 -0.00359289
34.8085 0.0235958 -0.00337343
34.8593 0.023437 -0.00312407
34.9092 0.0232946 -0.00285303
34.9586 0.0231678 -0.00256773
35.007 0.0230573 -0.0022798
35.0544 0.0229625 -0.00200133
35.1007 0.022882 -0.00174049
35.146 0.0228139 -0.00150164
35.1905 0.0227567 -0.00128719
35.2339 0.0227089 -0.00109956
35.2766 0.0226689 -0.000938393
35.3186 0.0226352 -0.000801862
35.3598 0.0226068 -0.000687724
35.4008 0.0225825 -0.000593711
35.4411 0.0225617 -0.000516641
35.4809 0.0225437 -0.000452329
35.5201 0.0225282 -0.000396952
35.559 0.0225146 -0.00034757
35.5975 0.022503 -0.000301913
35.6356 0.0224932 -0.000257891
35.6733 0.0224851 -0.000213173
35.7108 0.0224789 -0.000165733
35.7482 0.0224746 -0.000114275
35.7855 0.0224725 -5.77568e-05
35.8223 0.0224726 3.86566e-06
35.8587 0.0224752 7.02235e-05
35.8947 0.0224803 0.000140614
35.9307 0.022488 0.00021568
35.9665 0.0224986 0.000295308
36.0021 0.0225121 0.000379275
36.0376 0.0225287 0.000467547
36.0731 0.0225485 0.000560004
36.1086 0.0225719 0.000656434
36.1441 0.0225988 0.000756643
36.1798 0.0226295 0.000860342
36.2156 0.0226641 0.000967108
36.2513 0.0227025 0.00107578
36.2868 0.0227446 0.00118497
36.3223 0.0227905 0.00129417
36.3579 0.0228404 0.00140271
36.3937 0.0228945 0.00150937
36.4295 0.0229523 0.00161226
36.4655 0.0230138 0.00171017
36.5017 0.0230789 0.00180238
36.538 0.0231475 0.00188841
36.5746 0.0232195 0.00196784
36.6114 0.0232947 0.00204054
36.6486 0.023373 0.00210737
36.6861 0.0234545 0.00216974
36.7241 0.0235391 0.00222883
36.7625 0.0236269 0.00228552
36.8015 0.0237181 0.00234043
36.8406 0.0238118 0.0023937
36.8797 0.0239073 0.00244572
36.9189 0.0240053 0.00249737
36.9585 0.0241063 0.00254955
36.9986 0.0242106 0.00260309
37.0393 0.0243187 0.00265896
37.0806 0.0244312 0.00271822
37.1226 0.0245479 0.00278076
37.1648 0.0246678 0.00284604
37.2073 0.0247919 0.00291419
37.2504 0.0249206 0.00298529
37.2943 0.0250548 0.00305957
37.3392 0.0251957 0.00313739
37.3849 0.0253428 0.00321771
37.4315 0.0254965 0.00329998
37.4787 0.0256562 0.00338305
37.5266 0.0258222 0.00346688
37.5752 0.0259947 0.0035516
37.6244 0.026174 0.00363779
37.6733 0.026356 0.00372248
37.7213 0.0265386 0.00380463
37.7698 0.0267269 0.00388701
37.8153 0.0269072 0.00396164
37.8596 0.0270857 0.00403186
37.9041 0.0272684 0.00410083
37.9503 0.0274611 0.0041711
37.9997 0.0276706 0.00424472
38.0505 0.0278902 0.00431533
38.102 0.0281155 0.00437794
38.1532 0.0283422 0.00442867
38.2038 0.0285684 0.00446573
38.254 0.0287934 0.00448793
