t x vx
0.01 0.027 1.67402e-07
0.02 0.027 2.35771e-07
0.303639 0.0270009 3.21289e-06
0.587201 0.0270025 5.41285e-06
0.871953 0.0270044 6.77177e-06
1.15873 0.0270064 6.97521e-06
1.44798 0.0270081 5.94815e-06
1.74014 0.0270092 3.89572e-06
2.03517 0.0270096 1.25882e-06
2.33267 0.0270092 -1.38903e-06
2.63236 0.0270081 -3.49402e-06
2.93395 0.0270067 -4.65578e-06
3.23707 0.0270053 -4.72561e-06
3.54136 0.0270041 -3.83965e-06
3.84637 0.0270034 -2.36926e-06
4.15191 0.0270032 -7.93881e-07
4.45785 0.0270033 4.3757e-07
4.76412 0.0270036 1.01759e-06
5.07031 0.0270039 8.46025e-07
5.37641 0.0270039 5.10392e-08
5.68246 0.0270036 -1.06485e-06
5.98854 0.0270029 -2.12779e-06
6.29471 0.0270021 -2.79798e-06
6.60081 0.0270012 -2.84853e-06
6.90673 0.0270005 -2.21599e-06
7.21259 0.0270002 -1.00344e-06
7.51838 0.0270004 5.43963e-07
7.82394 0.027001 2.11597e-06
8.12908 0.0270021 3.41781e-06
8.43382 0.0270034 4.24465e-06
8.7381 0.0270047 4.51646e-06
9.04195 0.027006 4.28258e-06
9.34539 0.0270072 3.69838e-06
9.64848 0.0270081 2.97255e-06
9.95124 0.0270071 -3.31625e-06
10.2536 0.0270049 -7.21913e-06
10.5555 0.0270023 -8.37909e-06
10.857 0.0270003 -6.81516e-06
11.1583 0.0270012 3.12182e-06
11.4593 0.0270028 5.37137e-06
11.7602 0.0270048 6.65916e-06
12.0609 0.0270068 6.35925e-06
12.3613 0.0270081 4.55319e-06
12.6614 0.0270086 1.68827e-06
12.961 0.0270082 -1.57867e-06
13.2603 0.0270068 -4.56396e-06
13.5595 0.0270048 -6.71503e-06
13.8588 0.0270025 -7.73265e-06
14.1582 0.0270002 -7.60775e-06
14.4578 0.0269982 -6.58912e-06
14.7578 0.0269967 -5.09594e-06
15.0575 0.0269956 -3.5945e-06
15.3567 0.0269967 3.75772e-06
15.6555 0.0269991 7.89186e-06
15.9537 0.0270017 8.71816e-06
16.2515 0.0270036 6.50471e-06
16.5488 0.0270043 2.18633e-06
16.8458 0.0270034 -2.86632e-06
17.1426 0.0270013 -7.19953e-06
17.4389 0.0269984 -9.63251e-06
17.7349 0.0269956 -9.5332e-06
18.0305 0.0269936 -6.91977e-06
18.3262 0.0269929 -2.39596e-06
18.622 0.026992 -2.85363e-06
18.9182 0.0269916 -1.51838e-06
19.2149 0.0269919 1.03399e-06
19.5119 0.0269932 4.32416e-06
19.8092 0.0269955 7.73261e-06
20.1069 0.0269986 1.06398e-05
20.4045 0.0270024 1.25468e-05
20.7024 0.0270063 1.31988e-05
21.0006 0.02701 1.25977e-05
21.2983 0.0270133 1.09711e-05
21.5957 0.0270159 8.6913e-06
21.8929 0.0270177 6.17899e-06
22.1898 0.0270189 3.80918e-06
22.4865 0.0270194 1.80134e-06
22.783 0.0270195 1.91266e-07
23.0792 0.0270191 -1.14264e-06
23.375 0.0270184 -2.40397e-06
23.6706 0.0270173 -3.83384e-06
23.966 0.0270156 -5.61863e-06
24.2613 0.0270133 -7.84423e-06
24.5568 0.0270102 -1.04614e-05
24.8527 0.0270063 -1.32876e-05
25.1484 0.0270031 -1.08652e-05
25.4437 0.0269987 -1.4899e-05
25.7383 0.0269932 -1.86596e-05
26.0321 0.0269868 -2.15563e-05
26.3251 0.0269801 -2.2946e-05
26.6173 0.0269736 -2.24294e-05
26.9088 0.0269677 -1.99696e-05
27.2 0.0269631 -1.5829e-05
27.4906 0.0269601 -1.04852e-05
27.7807 0.0269588 -4.57093e-06
28.0708 0.0269592 1.38543e-06
28.3606 0.0269612 6.91969e-06
28.6497 0.0269646 1.17417e-05
28.9387 0.0269691 1.58427e-05
29.2274 0.0269747 1.93686e-05
29.5161 0.0269812 2.25702e-05
29.8041 0.0269886 2.56464e-05
30.0919 0.0269969 2.87262e-05
30.3791 0.027006 3.17324e-05
30.665 0.0270158 3.44131e-05
30.9497 0.0270262 3.6413e-05
31.2332 0.0270368 3.73176e-05
31.5159 0.0270472 3.67344e-05
31.7983 0.0270569 3.43946e-05
32.0797 0.0270654 3.01347e-05
32.361 0.0270721 2.4037e-05
32.6423 0.0270767 1.64084e-05
32.9229 0.0270789 7.83836e-06
33.2033 0.0270786 -1.21459e-06
33.4828 0.0270757 -1.0272e-05
33.7613 0.0270704 -1.90467e-05
34.0396 0.0270628 -2.73784e-05
34.3175 0.027053 -3.5327e-05
34.596 0.027041 -4.30756e-05
34.8716 0.0270271 -5.04245e-05
35.1449 0.0270114 -5.73112e-05
35.4159 0.0269942 -6.351e-05
35.6849 0.0269758 -6.85998e-05
35.9527 0.0269565 -7.20676e-05
36.2195 0.0269369 -7.32014e-05
36.4851 0.026918 -7.14215e-05
36.7505 0.0269004 -6.63619e-05
37.0149 0.026885 -5.79462e-05
37.2796 0.0268728 -4.63498e-05
37.544 0.0268642 -3.23128e-05
37.8081 0.0268597 -1.70821e-05
38.0724 0.0268592 -2.00456e-06
38.3381 0.0268623 1.18065e-05
38.6032 0.0268686 2.36158e-05
38.8682 0.0268775 3.36496e-05
39.133 0.0268888 4.25871e-05
39.3937 0.0269021 5.10156e-05
39.6511 0.0269175 5.99549e-05
39.9051 0.0269353 7.00932e-05
40.1563 0.0269558 8.16486e-05
40.4056 0.0269793 9.43123e-05
40.6533 0.0270059 0.000107171
40.9003 0.0270352 0.000118886
41.1463 0.0270667 0.000127762
41.3914 0.0270991 0.000132175
41.6372 0.0271313 0.000130939
41.8845 0.0271617 0.000123051
42.1329 0.0271884 0.000107604
42.3829 0.0272096 8.47211e-05
42.6344 0.0272236 5.56811e-05
42.8868 0.0272296 2.38424e-05
43.1422 0.0272278 -6.95134e-06
43.3988 0.0272196 -3.2261e-05
43.6541 0.0272071 -4.88942e-05
43.9054 0.0271929 -5.6536e-05
44.1519 0.0271786 -5.79228e-05
44.3932 0.0271649 -5.68379e-05
44.6314 0.0271513 -5.69766e-05
44.8664 0.0271369 -6.11634e-05
45.0982 0.0271205 -7.10377e-05
45.3287 0.0271004 -8.71617e-05
45.5565 0.0270757 -0.000108512
45.7829 0.0270455 -0.000133353
46.0092 0.0270094 -0.000159401
46.2349 0.0269679 -0.000183736
46.4605 0.026922 -0.000203465
46.6862 0.0268733 -0.000215742
46.9126 0.026824 -0.000218047
47.1415 0.0267763 -0.000208455
47.3732 0.0267333 -0.000185278
47.6066 0.0266988 -0.000147905
47.8427 0.0266757 -9.77665e-05
48.0813 0.0266664 -3.90702e-05
48.3242 0.0266714 2.05689e-05
48.567 0.0266885 7.03548e-05
48.8055 0.0267127 0.000101544
49.0386 0.0267389 0.000112381
49.2677 0.0267632 0.000106297
49.4917 0.0267833 8.9626e-05
49.7119 0.0267987 6.98091e-05
49.9294 0.0268103 5.33113e-05
50.144 0.02682 4.53064e-05
50.3569 0.0268304 4.87951e-05
50.568 0.026844 6.46017e-05
50.7786 0.0268634 9.17732e-05
50.9882 0.0268902 0.000127799
51.1968 0.0269254 0.000168967
51.4055 0.0269696 0.000211543
51.615 0.0270222 0.00025138
51.8251 0.0270819 0.000283907
52.0373 0.0271467 0.000305403
52.2507 0.0272133 0.000312135
52.4666 0.0272784 0.000301378
52.6864 0.0273378 0.000270611
52.9089 0.0273866 0.000218948
53.1355 0.0274199 0.000146987
53.3661 0.0274336 5.94069e-05
53.6007 0.0274259 -3.26967e-05
53.833 0.0274002 -0.00011078
54.0609 0.0273636 -0.000160513
54.2831 0.0273241 -0.00017752
54.5 0.0272881 -0.000166243
54.7122 0.0272592 -0.000135912
54.9209 0.027239 -9.70112e-05
55.1266 0.0272267 -5.96112e-05
55.3295 0.0272203 -3.15902e-05
55.5313 0.0272166 -1.81701e-05
55.7307 0.0272122 -2.23133e-05
55.9293 0.0272035 -4.3944e-05
56.1275 0.0271874 -8.10668e-05
56.3253 0.0271617 -0.000130048
56.523 0.0271248 -0.000186375
56.7209 0.0270764 -0.000244859
56.9198 0.0270166 -0.000300363
57.1202 0.026947 -0.000347772
57.3217 0.02687 -0.000382023
57.5254 0.0267886 -0.000399324
57.7315 0.026707 -0.000395943
57.9406 0.0266298 -0.000368991
58.1528 0.0265628 -0.000316165
58.3682 0.0265118 -0.000236811
58.5874 0.0264825 -0.00013349
58.8065 0.0264786 -1.77219e-05
59.0273 0.0264994 9.42064e-05
59.2454 0.0265435 0.000202347
59.4575 0.0266019 0.000275002
59.665 0.0266654 0.000306433
59.8677 0.0267258 0.000297722
60.0663 0.0267771 0.000258353
60.2625 0.0268165 0.000200724
60.4561 0.0268431 0.000137554
60.648 0.0268585 7.9919e-05
60.8388 0.0268654 3.63692e-05
61.0299 0.0268678 1.24544e-05
61.2205 0.0268699 1.09923e-05
61.4106 0.0268759 3.15018e-05
61.6018 0.0268895 7.14103e-05
61.7942 0.0269138 0.000126423
61.9873 0.0269506 0.000190388
62.1825 0.0270007 0.000256657
62.3797 0.0270633 0.000317647
62.5788 0.0271362 0.000366155
62.7808 0.0272162 0.000395825
62.9865 0.0272987 0.0004011
63.1948 0.0273773 0.000377226
63.407 0.0274455 0.000321459
63.6236 0.0274961 0.000233754
63.8448 0.0275224 0.000118843
64.0699 0.0275201 -1.02545e-05
64.2953 0.0274905 -0.000131452
64.5163 0.027442 -0.000219543
64.7321 0.0273852 -0.000263229
64.9427 0.0273297 -0.000263513
65.1476 0.0272825 -0.000230057
65.3493 0.027247 -0.000175952
65.5476 0.0272242 -0.000114921
65.7435 0.0272128 -5.86447e-05
65.9387 0.0272096 -1.59376e-05
66.1317 0.0272109 6.58439e-06
66.3243 0.0272121 6.31693e-06
66.5168 0.0272089 -1.67261e-05
66.7091 0.0271974 -5.98492e-05
66.9019 0.0271745 -0.000118591
67.0951 0.0271392 -0.000182881
67.2897 0.0270903 -0.000251499
67.4854 0.0270275 -0.000320823
67.6825 0.0269524 -0.000380654
67.8814 0.026868 -0.000424945
68.0829 0.0267775 -0.000448561
68.2873 0.0266862 -0.000447119
68.4951 0.0265995 -0.00041688
68.7059 0.0265246 -0.000355189
68.9206 0.0264686 -0.000261268
69.1394 0.0264384 -0.000137714
69.3587 0.0264368 -7.65379e-06
69.5765 0.026462 0.000115698
69.79 0.0265115 0.000231968
69.9971 0.0265755 0.000309273
70.2 0.026645 0.000342487
70.3981 0.0267108 0.000332352
70.5923 0.0267669 0.000288835
70.7843 0.0268101 0.000224902
70.9739 0.0268393 0.000154123
71.1622 0.026856 8.8324e-05
71.3496 0.0268629 3.68523e-05
71.5375 0.026864 5.92276e-06
71.7251 0.0268638 -8.74072e-07
71.9123 0.0268669 1.64615e-05
72.1008 0.0268774 5.56366e-05
72.2908 0.0268988 0.000112436
72.4819 0.0269333 0.000180641
72.675 0.0269822 0.000253181
72.8705 0.0270451 0.000322088
73.068 0.02712 0.000379355
73.2683 0.0272038 0.000418026
73.4725 0.0272919 0.000431791
73.6796 0.027378 0.000415146
73.8906 0.0274548 0.000364233
74.1066 0.0275148 0.000277684
74.3271 0.0275497 0.000158608
74.5524 0.0275539 1.83591e-05
74.776 0.0275275 -0.000117992
74.9954 0.0274784 -0.000223631
75.2096 0.0274178 -0.000283051
75.4182 0.0273564 -0.00029443
75.6209 0.0273024 -0.00026633
75.8203 0.0272601 -0.000212219
76.0167 0.0272314 -0.000146119
76.2104 0.0272156 -8.13074e-05
76.4036 0.0272103 -2.77707e-05
76.5948 0.0272115 6.30715e-06
76.7853 0.0272147 1.68531e-05
76.9759 0.0272152 2.85436e-06
77.1663 0.0272087 -3.4068e-05
77.3574 0.0271916 -8.9849e-05
77.549 0.0271612 -0.000158758
77.742 0.0271159 -0.000234244
77.9361 0.027056 -0.000308962
78.1316 0.0269825 -0.000375965
78.3286 0.026898 -0.00042863
78.5281 0.0268059 -0.000461592
78.7308 0.0267107 -0.000469922
78.9364 0.0266182 -0.000449588
79.1453 0.0265353 -0.000397253
79.3582 0.026469 -0.000311119
79.5748 0.0264274 -0.000192372
79.7935 0.0264165 -4.94491e-05
80.0108 0.0264378 9.78333e-05
80.2245 0.0264861 0.000225745
80.4323 0.0265516 0.000315404
80.6354 0.0266245 0.000359216
80.8333 0.0266951 0.000356347
81.0275 0.0267563 0.000315247
81.2186 0.0268039 0.000249264
81.4081 0.0268366 0.000172471
81.5957 0.026855 9.81927e-05
81.7826 0.0268619 3.69588e-05
81.9692 0.0268613 -3.63974e-06
82.1561 0.0268577 -1.92652e-05
82.3427 0.026856 -8.84645e-06
82.53 0.0268609 2.59746e-05
82.719 0.0268762 8.13719e-05
82.9092 0.026905 0.000151262
83.1009 0.0269488 0.000228297
83.2952 0.027008 0.000304545
83.4913 0.0270808 0.000371231
83.6899 0.0271644 0.000421016
83.8917 0.0272546 0.00044728
84.0972 0.0273459 0.000444136
84.3058 0.0274308 0.000406981
84.5188 0.0275017 0.000333156
84.7366 0.0275504 0.000223386
84.9597 0.0275693 8.46476e-05
85.1839 0.0275552 -6.26677e-05
85.4049 0.0275132 -0.000190309
85.6202 0.027454 -0.000274713
85.8302 0.0273892 -0.000308642
86.0348 0.0273286 -0.000296312
86.235 0.0272785 -0.000250128
86.4322 0.0272421 -0.000184401
86.6266 0.02722 -0.000113687
86.819 0.0272104 -5.00608e-05
87.0106 0.0272099 -2.77731e-06
87.2004 0.027214 2.16491e-05
87.3902 0.0272179 2.0904e-05
87.5802 0.027217 -4.86333e-06
87.7706 0.027207 -5.28114e-05
87.9616 0.0271845 -0.0001177
88.1534 0.0271475 -0.000192964
88.3464 0.0270951 -0.000271438
88.5411 0.0270277 -0.000345868
88.7368 0.0269477 -0.000408905
88.9345 0.0268578 -0.000454575
89.1351 0.026762 -0.000477626
89.3386 0.0266657 -0.000473564
89.5456 0.0265749 -0.00043853
89.7558 0.0264972 -0.000369853
89.9698 0.0264401 -0.000266813
90.1879 0.0264111 -0.000132641
90.406 0.0264151 1.80262e-05
90.6213 0.02645 0.000162195
90.8321 0.0265083 0.000276851
91.0364 0.0265793 0.000347374
91.2368 0.0266536 0.000370533
91.4324 0.0267218 0.000348847
91.6243 0.0267782 0.000293952
91.8143 0.02682 0.000219882
92.0021 0.0268465 0.000141001
92.189 0.0268594 6.94354e-05
92.375 0.0268622 1.49137e-05
92.5617 0.0268591 -1.65438e-05
92.7481 0.0268551 -2.1675e-05
92.9344 0.0268549 -7.22814e-07
93.1222 0.0268632 4.37483e-05
93.3114 0.0268834 0.000106876
93.5018 0.026918 0.000181752
93.6942 0.0269681 0.000260701
93.889 0.0270335 0.000335322
94.0857 0.0271116 0.000397148
94.2851 0.0271992 0.000439148
94.4882 0.0272915 0.00045493
94.6944 0.0273821 0.000438919
94.9043 0.0274633 0.000387254
95.1192 0.0275274 0.000298275
95.3386 0.0275658 0.000174693
95.563 0.0275719 2.74931e-05
95.7859 0.0275458 -0.000117421
96.0047 0.0274951 -0.000231742
96.2181 0.0274315 -0.000297755
96.426 0.0273665 -0.000312892
96.6279 0.0273089 -0.000285408
96.8263 0.0272634 -0.000229214
97.0218 0.0272323 -0.000158942
97.2147 0.0272152 -8.87248e-05
97.407 0.0272096 -2.91906e-05
97.5975 0.0272116 1.07209e-05
97.787 0.0272166 2.63768e-05
97.9767 0.0272197 1.62966e-05
98.1663 0.0272162 -1.82557e-05
98.3565 0.0272023 -7.34777e-05
98.5474 0.0271749 -0.000143517
98.7396 0.0271323 -0.00022161
98.9329 0.0270743 -0.000300136
99.1276 0.0270018 -0.000371887
99.3237 0.0269175 -0.000429917
99.5221 0.0268246 -0.00046855
99.7237 0.0267273 -0.000482708
99.9282 0.0266316 -0.000468126
100.136 0.0265441 -0.000421293
100.347 0.0264722 -0.000340056
100.562 0.0264238 -0.000224829
100.78 0.026406 -8.19175e-05
100.997 0.0264212 7.01252e-05
101.211 0.0264654 0.00020716
101.42 0.0265298 0.000308502
101.622 0.0266034 0.000363307
101.821 0.0266768 0.000370209
102.015 0.0267418 0.000335379
102.205 0.0267937 0.000271954
102.394 0.0268303 0.000194197
102.581 0.026852 0.000116007
102.767 0.0268611 4.86591e-05
102.953 0.0268613 9.12553e-07
103.139 0.0268571 -2.22282e-05
103.325 0.0268536 -1.87739e-05
103.512 0.0268555 1.02672e-05
103.7 0.0268671 6.16493e-05
103.889 0.0268917 0.000129692
104.08 0.0269312 0.000207175
104.273 0.0269865 0.000286172
104.468 0.0270563 0.000357908
104.665 0.0271381 0.00041453
104.866 0.0272281 0.000449167
105.07 0.0273212 0.000455661
105.277 0.02741 0.000428757
105.488 0.0274871 0.000365163
105.704 0.0275442 0.000264329
105.925 0.0275732 0.000131103
106.15 0.0275688 -1.93505e-05
106.372 0.0275338 -0.000158164
106.588 0.0274777 -0.000258798
106.799 0.0274125 -0.000308956
107.005 0.0273487 -0.000309706
107.206 0.0272941 -0.000271768
107.404 0.0272528 -0.00020936
107.598 0.027226 -0.000137451
107.79 0.0272128 -6.91694e-05
107.982 0.02721 -1.45431e-05
108.171 0.0272135 1.85934e-05
108.361 0.0272186 2.67251e-05
108.55 0.0272203 9.09596e-06
108.74 0.0272142 -3.22101e-05
108.93 0.0271965 -9.26695e-05
109.121 0.0271648 -0.000166037
109.314 0.0271176 -0.000245283
109.507 0.0270551 -0.000322854
109.702 0.0269788 -0.000391457
109.899 0.0268915 -0.000444561
110.098 0.0267965 -0.000476729
110.3 0.0266989 -0.000482989
110.505 0.0266045 -0.000459427
110.714 0.0265206 -0.000402767
110.926 0.0264544 -0.000311391
111.143 0.026414 -0.000186708
111.36 0.0264056 -3.85566e-05
111.577 0.0264299 0.000112259
111.789 0.0264812 0.000241349
111.995 0.0265492 0.000329892
112.197 0.0266241 0.000371259
112.394 0.0266959 0.000365107
112.587 0.0267578 0.000320521
112.777 0.0268056 0.000251197
112.966 0.0268379 0.000171578
113.152 0.0268557 9.51965e-05
113.338 0.0268618 3.26242e-05
113.524 0.0268601 -8.69327e-06
113.71 0.0268556 -2.43722e-05
113.896 0.0268531 -1.34101e-05
114.083 0.0268573 2.24683e-05
114.271 0.0268723 7.93501e-05
