t x vx
0.01 0.019 9.41222e-08
0.02 0.019 3.8014e-07
0.0485821 0.019 1.01935e-06
0.0771095 0.0190001 1.57306e-06
0.105555 0.0190001 2.10153e-06
0.133943 0.0190002 2.63317e-06
0.162298 0.0190003 3.18054e-06
0.190639 0.0190004 3.74703e-06
0.218982 0.0190005 4.33145e-06
0.247335 0.0190007 4.93062e-06
0.275676 0.0190008 5.5403e-06
0.304019 0.019001 6.15686e-06
0.332374 0.0190012 6.77684e-06
0.36075 0.0190014 7.39698e-06
0.389156 0.0190016 8.01407e-06
0.417597 0.0190019 8.62512e-06
0.44608 0.0190021 9.22725e-06
0.474607 0.0190024 9.81782e-06
0.503183 0.0190027 1.03944e-05
0.531809 0.019003 1.09546e-05
0.560486 0.0190034 1.14965e-05
0.589215 0.0190037 1.2018e-05
0.61799 0.0190041 1.25174e-05
0.646807 0.0190044 1.29929e-05
0.675665 0.0190048 1.3443e-05
0.704565 0.0190052 1.38663e-05
0.733507 0.0190056 1.42615e-05
0.762489 0.0190061 1.46274e-05
0.791513 0.0190065 1.4963e-05
0.820576 0.0190069 1.52672e-05
0.849678 0.0190074 1.55391e-05
0.878818 0.0190079 1.57779e-05
0.907993 0.0190083 1.59827e-05
0.937204 0.0190088 1.6153e-05
0.966449 0.0190093 1.6288e-05
0.995726 0.0190098 1.63871e-05
1.02503 0.0190102 1.64498e-05
1.05437 0.0190107 1.64758e-05
1.08373 0.0190112 1.64646e-05
1.11312 0.0190117 1.64161e-05
1.14254 0.0190122 1.63301e-05
1.17198 0.0190126 1.62066e-05
1.20144 0.0190131 1.60458e-05
1.23093 0.0190136 1.58478e-05
1.26043 0.019014 1.56128e-05
1.28996 0.0190145 1.53414e-05
1.3195 0.0190149 1.50338e-05
1.34906 0.0190154 1.46906e-05
1.37863 0.0190158 1.43126e-05
1.40822 0.0190162 1.39003e-05
1.43782 0.0190166 1.34545e-05
1.46743 0.019017 1.2976e-05
1.49705 0.0190174 1.24655e-05
1.52667 0.0190177 1.19238e-05
1.55629 0.019018 1.1352e-05
1.58593 0.0190184 1.07509e-05
1.61556 0.0190187 1.01215e-05
1.6452 0.0190189 9.46487e-06
1.67485 0.0190192 8.78206e-06
1.7045 0.0190194 8.07414e-06
1.73415 0.0190197 7.34221e-06
1.7638 0.0190199 6.58752e-06
1.79346 0.01902 5.81125e-06
1.82312 0.0190202 5.01471e-06
1.85278 0.0190203 4.19921e-06
1.88244 0.0190204 3.36605e-06
1.9121 0.0190205 2.51658e-06
1.94177 0.0190205 1.65215e-06
1.97143 0.0190206 7.7417e-07
2.0011 0.0190205 -1.15892e-07
2.03077 0.0190205 -1.01635e-06
2.06044 0.0190205 -1.92562e-06
2.09011 0.0190204 -2.84221e-06
2.11978 0.0190203 -3.76454e-06
2.14946 0.0190201 -4.69115e-06
2.17913 0.01902 -5.62045e-06
2.20881 0.0190198 -6.5508e-06
2.23848 0.0190195 -7.48054e-06
2.26816 0.0190193 -8.40804e-06
2.29784 0.019019 -9.33167e-06
2.32753 0.0190187 -1.02497e-05
2.35721 0.0190184 -1.11606e-05
2.3869 0.019018 -1.20627e-05
2.41658 0.0190176 -1.29542e-05
2.44628 0.0190172 -1.38338e-05
2.47597 0.0190168 -1.46997e-05
2.50567 0.0190163 -1.55506e-05
2.53537 0.0190158 -1.63847e-05
2.56507 0.0190153 -1.72006e-05
2.59478 0.0190148 -1.79967e-05
2.62448 0.0190142 -1.87715e-05
2.65419 0.0190137 -1.95236e-05
2.68391 0.0190131 -2.02515e-05
2.71363 0.0190124 -2.09543e-05
2.74335 0.0190118 -2.16305e-05
2.77308 0.0190111 -2.2279e-05
2.80281 0.0190104 -2.28989e-05
2.83254 0.0190098 -2.34889e-05
2.86229 0.019009 -2.40481e-05
2.89203 0.0190083 -2.45756e-05
2.92178 0.0190076 -2.50704e-05
2.95154 0.0190068 -2.5532e-05
2.98129 0.019006 -2.59591e-05
3.01102 0.0190052 -2.63518e-05
3.04075 0.0190044 -2.67092e-05
3.07047 0.0190036 -2.70308e-05
3.10019 0.0190028 -2.73158e-05
3.12989 0.019002 -2.75634e-05
3.15958 0.0190012 -2.7773e-05
3.18927 0.0190004 -2.79442e-05
3.21894 0.0189995 -2.80764e-05
3.24861 0.0189987 -2.81691e-05
3.27826 0.0189979 -2.82215e-05
3.30791 0.018997 -2.82328e-05
3.33755 0.0189962 -2.82026e-05
3.36717 0.0189953 -2.81302e-05
3.39679 0.0189945 -2.80152e-05
3.4264 0.0189937 -2.7857e-05
3.45599 0.0189929 -2.76552e-05
3.48558 0.0189921 -2.74095e-05
3.51515 0.0189913 -2.71194e-05
3.54472 0.0189905 -2.67846e-05
3.57427 0.0189897 -2.6405e-05
3.60381 0.0189889 -2.59804e-05
3.63334 0.0189882 -2.55107e-05
3.66286 0.0189874 -2.49959e-05
3.69237 0.0189867 -2.44361e-05
3.72186 0.018986 -2.38315e-05
3.75135 0.0189853 -2.3182e-05
3.78082 0.0189847 -2.2488e-05
3.81029 0.018984 -2.175e-05
3.83974 0.0189834 -2.09687e-05
3.86918 0.0189828 -2.01446e-05
3.89861 0.0189822 -1.9278e-05
3.92803 0.0189817 -1.83694e-05
3.95744 0.0189812 -1.74193e-05
3.98684 0.0189807 -1.6428e-05
4.01623 0.0189803 -1.5396e-05
4.04562 0.0189798 -1.43238e-05
4.07499 0.0189794 -1.32117e-05
4.10435 0.0189791 -1.206e-05
4.13371 0.0189788 -1.08693e-05
4.16305 0.0189785 -9.6397e-06
4.19239 0.0189782 -8.3718e-06
4.22172 0.018978 -7.06579e-06
4.25103 0.0189779 -5.72191e-06
4.28034 0.0189777 -4.34035e-06
4.30964 0.0189777 -2.92131e-06
4.33894 0.0189776 -1.46498e-06
4.36822 0.0189776 2.83049e-08
4.39749 0.0189777 1.55834e-06
4.42676 0.0189778 3.12488e-06
4.45601 0.0189779 4.72778e-06
4.48526 0.0189781 6.367e-06
4.5145 0.0189783 8.04169e-06
4.54373 0.0189786 9.75123e-06
4.57295 0.0189789 1.14949e-05
4.60217 0.0189793 1.32719e-05
4.63138 0.0189798 1.50812e-05
4.66059 0.0189803 1.69217e-05
4.68979 0.0189808 1.87922e-05
4.719 0.0189814 2.06911e-05
4.7482 0.0189821 2.26169e-05
4.77739 0.0189828 2.45676e-05
4.80659 0.0189836 2.65411e-05
4.83579 0.0189844 2.85352e-05
4.86499 0.0189853 3.05473e-05
4.8942 0.0189862 3.25748e-05
4.92341 0.0189872 3.46146e-05
4.95262 0.0189883 3.66636e-05
4.98184 0.0189894 3.87186e-05
5.01106 0.0189906 4.07758e-05
5.04029 0.0189919 4.28314e-05
5.06953 0.0189932 4.48815e-05
5.09877 0.0189946 4.69219e-05
5.12802 0.018996 4.89486e-05
5.15728 0.0189975 5.0957e-05
5.18655 0.0189991 5.29427e-05
5.21584 0.0190007 5.49011e-05
5.24513 0.0190023 5.68277e-05
5.27444 0.019004 5.87177e-05
5.30377 0.0190058 6.05662e-05
5.33311 0.0190076 6.23684e-05
5.36246 0.0190095 6.41194e-05
5.39184 0.0190115 6.58143e-05
5.42124 0.0190134 6.74481e-05
5.45065 0.0190155 6.90157e-05
5.48009 0.0190176 7.05121e-05
5.50955 0.0190197 7.19324e-05
5.53904 0.0190218 7.32714e-05
5.56855 0.019024 7.45242e-05
5.59809 0.0190263 7.56858e-05
5.62765 0.0190285 7.67511e-05
5.65725 0.0190308 7.77153e-05
5.68687 0.0190332 7.85734e-05
5.71652 0.0190355 7.93207e-05
5.7462 0.0190379 7.99524e-05
5.77585 0.0190403 8.04622e-05
5.80547 0.0190427 8.08464e-05
5.83506 0.0190451 8.11014e-05
5.86462 0.0190475 8.12238e-05
5.89414 0.0190499 8.12104e-05
5.92363 0.0190523 8.10581e-05
5.95309 0.0190546 8.07644e-05
5.98251 0.019057 8.03266e-05
6.0119 0.0190593 7.97424e-05
6.04126 0.0190617 7.90099e-05
6.07058 0.019064 7.81273e-05
6.09987 0.0190662 7.70932e-05
6.12913 0.0190684 7.59063e-05
6.15836 0.0190706 7.45657e-05
6.18755 0.0190727 7.30707e-05
6.21671 0.0190748 7.1421e-05
6.24584 0.0190769 6.96164e-05
6.27494 0.0190788 6.7657e-05
6.30401 0.0190807 6.55431e-05
6.33305 0.0190826 6.32753e-05
6.36206 0.0190843 6.08546e-05
6.39104 0.019086 5.82819e-05
6.42 0.0190876 5.55587e-05
6.44892 0.0190892 5.26864e-05
6.47782 0.0190906 4.96669e-05
6.50669 0.0190919 4.65024e-05
6.53554 0.0190932 4.31954e-05
6.56435 0.0190943 3.97485e-05
6.59313 0.0190954 3.61643e-05
6.62189 0.0190963 3.24458e-05
6.65063 0.0190971 2.85961e-05
6.67933 0.0190978 2.46197e-05
6.70799 0.0190984 2.05213e-05
6.73661 0.0190989 1.63048e-05
6.76519 0.0190992 1.19742e-05
6.79374 0.0190994 7.53378e-06
6.82225 0.0190995 2.98806e-06
6.85072 0.0190995 -1.65837e-06
6.87917 0.0190993 -6.40013e-06
6.90758 0.019099 -1.12312e-05
6.93596 0.0190985 -1.61465e-05
6.96431 0.0190979 -2.11409e-05
6.99263 0.0190972 -2.62089e-05
7.02093 0.0190963 -3.13449e-05
7.0492 0.0190953 -3.65433e-05
7.07745 0.0190941 -4.17985e-05
7.10568 0.0190927 -4.71044e-05
7.13389 0.0190913 -5.24551e-05
7.16209 0.0190896 -5.78445e-05
7.19026 0.0190879 -6.32653e-05
7.21841 0.0190859 -6.87114e-05
7.24655 0.0190838 -7.41766e-05
7.27467 0.0190816 -7.96546e-05
7.30278 0.0190792 -8.51392e-05
7.33088 0.0190767 -9.06239e-05
7.35897 0.019074 -9.6102e-05
7.38705 0.0190711 -0.000101567
7.41513 0.0190681 -0.000107009
7.44318 0.0190649 -0.000112421
7.47123 0.0190616 -0.000117796
7.49926 0.0190582 -0.000123126
7.52728 0.0190546 -0.000128404
7.5553 0.0190508 -0.000133622
7.5833 0.019047 -0.000138773
7.6113 0.0190429 -0.000143848
7.6393 0.0190388 -0.000148841
7.6673 0.0190345 -0.000153744
7.6953 0.01903 -0.000158548
7.72332 0.0190254 -0.000163246
7.75134 0.0190207 -0.00016783
7.77937 0.0190159 -0.000172287
7.80739 0.019011 -0.00017661
7.83542 0.0190059 -0.000180791
7.86347 0.0190007 -0.000184821
7.89152 0.0189954 -0.000188691
7.9196 0.01899 -0.000192392
7.9477 0.0189845 -0.000195915
7.9758 0.0189789 -0.000199247
8.0039 0.0189732 -0.000202377
8.032 0.0189675 -0.000205298
8.0601 0.0189616 -0.000208
8.08822 0.0189557 -0.000210474
8.11635 0.0189497 -0.000212711
8.1445 0.0189437 -0.000214702
8.17257 0.0189376 -0.00021643
8.20055 0.0189315 -0.000217888
8.22844 0.0189254 -0.00021907
8.25626 0.0189193 -0.000219972
8.28399 0.0189132 -0.000220586
8.31165 0.018907 -0.000220909
8.33923 0.0189009 -0.000220936
8.36675 0.0188949 -0.000220662
8.3942 0.0188888 -0.000220082
8.42159 0.0188828 -0.000219193
8.44893 0.0188769 -0.000217989
8.47622 0.018871 -0.000216468
8.50346 0.0188651 -0.000214624
8.53067 0.0188593 -0.000212454
8.55785 0.0188536 -0.000209955
8.585 0.018848 -0.000207123
8.61213 0.0188425 -0.000203953
8.63924 0.018837 -0.000200443
8.66636 0.0188317 -0.000196588
8.69347 0.0188265 -0.000192385
8.72059 0.0188214 -0.000187829
8.74772 0.0188164 -0.000182917
8.77488 0.0188116 -0.000177646
8.80207 0.0188069 -0.000172012
8.8293 0.0188024 -0.000166011
8.85652 0.0187981 -0.000159652
8.88369 0.0187939 -0.000152947
8.9108 0.01879 -0.000145899
8.93786 0.0187862 -0.000138511
8.96488 0.0187827 -0.000130787
8.99184 0.0187794 -0.000122729
9.01875 0.0187763 -0.000114346
9.04561 0.0187734 -0.000105644
9.07239 0.0187709 -9.6633e-05
9.09911 0.0187685 -8.73212e-05
9.12575 0.0187665 -7.77151e-05
9.15233 0.0187647 -6.78215e-05
9.17885 0.0187631 -5.76467e-05
9.2053 0.0187619 -4.7198e-05
9.23171 0.0187609 -3.64829e-05
9.25805 0.0187602 -2.55128e-05
9.28432 0.0187599 -1.42999e-05
9.31053 0.0187598 -2.85297e-06
9.33669 0.01876 8.81829e-06
9.36278 0.0187606 2.06995e-05
9.38881 0.0187614 3.27684e-05
9.41476 0.0187626 4.5014e-05
9.44065 0.0187641 5.74252e-05
9.46648 0.0187659 6.99916e-05
9.49225 0.018768 8.27002e-05
9.51795 0.0187705 9.55364e-05
9.54358 0.0187732 0.000108484
9.56914 0.0187764 0.000121527
9.59462 0.0187798 0.000134656
9.62005 0.0187835 0.00014786
9.64542 0.0187876 0.00016113
9.67073 0.018792 0.000174456
9.696 0.0187968 0.000187827
9.72123 0.0188019 0.000201234
9.74639 0.0188073 0.000214651
9.7715 0.018813 0.000228068
9.79656 0.018819 0.000241476
9.82157 0.0188254 0.000254864
9.84653 0.0188321 0.000268213
9.87144 0.0188391 0.00028151
9.8963 0.0188465 0.000294743
9.92112 0.0188541 0.000307904
9.9459 0.0188621 0.000320983
9.97067 0.0188703 0.000333969
9.99542 0.0188789 0.000346855
10.0201 0.0188878 0.000359617
10.0448 0.018897 0.000372243
10.0695 0.0189065 0.000384713
10.0941 0.0189163 0.000397013
10.1187 0.0189263 0.000409135
10.1433 0.0189367 0.000421053
10.1678 0.0189473 0.000432757
10.1924 0.0189582 0.000444236
10.2169 0.0189694 0.000455479
10.2414 0.0189808 0.000466466
10.2659 0.0189925 0.000477166
10.2904 0.0190044 0.000487569
10.3148 0.0190166 0.000497664
10.3393 0.019029 0.000507441
10.3638 0.0190416 0.000516887
10.3882 0.0190545 0.000525964
10.4127 0.0190676 0.00053466
10.4372 0.0190809 0.000542959
10.4616 0.0190944 0.000550833
10.4861 0.019108 0.000558264
10.5105 0.0191218 0.000565214
10.5349 0.0191357 0.000571671
10.5592 0.0191498 0.000577622
10.5836 0.019164 0.000583052
10.6079 0.0191783 0.000587946
10.6323 0.0191928 0.000592292
10.6567 0.0192073 0.000596061
10.6811 0.0192219 0.000599231
10.7054 0.0192366 0.000601789
10.7298 0.0192513 0.00060372
10.7542 0.019266 0.000605008
10.7786 0.0192808 0.000605633
10.8031 0.0192956 0.000605575
10.8277 0.0193105 0.000604811
10.8524 0.0193254 0.000603315
10.8772 0.0193403 0.000601059
10.9022 0.0193553 0.000598013
10.9274 0.0193703 0.000594145
10.9525 0.0193851 0.000589468
10.9775 0.0193997 0.000583981
11.0023 0.019414 0.000577702
11.027 0.0194281 0.000570643
11.0515 0.0194419 0.000562802
11.0759 0.0194554 0.000554175
11.1003 0.0194687 0.000544756
11.1246 0.0194816 0.000534534
11.1489 0.0194944 0.000523495
11.1732 0.0195068 0.000511627
11.1974 0.0195189 0.000499002
11.2216 0.0195306 0.000485634
11.2456 0.019542 0.000471537
11.2695 0.0195529 0.000456728
11.2933 0.0195634 0.000441226
11.3171 0.0195735 0.000425056
11.3407 0.0195831 0.000408257
11.3642 0.0195923 0.000390851
11.3876 0.019601 0.000372854
11.4109 0.0196093 0.000354287
11.4341 0.0196171 0.00033517
11.4572 0.0196244 0.000315553
11.4802 0.0196312 0.000295464
11.5031 0.0196375 0.000274941
11.5258 0.0196432 0.000254001
11.5484 0.0196485 0.000232663
11.5709 0.0196532 0.000210939
11.5933 0.0196575 0.000188886
11.6156 0.0196612 0.000166521
11.6377 0.0196644 0.000143855
11.6597 0.019667 0.000120921
11.6816 0.0196692 9.77555e-05
11.7034 0.0196708 7.43717e-05
11.725 0.0196719 5.07802e-05
11.7465 0.0196725 2.70045e-05
11.7679 0.0196725 3.07289e-06
11.7891 0.0196721 -2.10118e-05
11.8103 0.0196711 -4.52192e-05
11.8314 0.0196697 -6.95341e-05
11.8523 0.0196677 -9.38946e-05
11.873 0.0196652 -0.0001183
11.8937 0.0196623 -0.000142752
11.9143 0.0196588 -0.000167254
11.9347 0.0196549 -0.000191814
11.9551 0.0196505 -0.000216429
11.9754 0.0196456 -0.000241055
11.9956 0.0196403 -0.000265693
12.0157 0.0196344 -0.000290336
12.0356 0.0196281 -0.000314968
12.0555 0.0196214 -0.000339596
12.0754 0.0196142 -0.000364228
12.0951 0.0196065 -0.000388874
12.1148 0.0195983 -0.000413524
12.1345 0.0195897 -0.000438129
12.154 0.0195807 -0.000462658
12.1735 0.0195712 -0.00048712
12.1929 0.0195613 -0.000511521
12.2122 0.0195509 -0.000535869
12.2316 0.0195401 -0.000560171
12.2509 0.0195288 -0.000584437
12.2702 0.019517 -0.000608671
12.2895 0.0195048 -0.000632825
12.3087 0.0194922 -0.000656843
12.3279 0.0194791 -0.000680733
12.347 0.0194656 -0.000704463
12.3662 0.0194517 -0.000728047
12.3853 0.0194374 -0.000751474
12.4043 0.0194226 -0.000774754
12.4234 0.0194074 -0.000797903
12.4425 0.0193917 -0.000820933
12.4617 0.0193755 -0.000843836
12.4809 0.0193588 -0.000866624
12.5002 0.0193417 -0.000889314
12.5196 0.019324 -0.000911919
12.539 0.0193059 -0.000934281
12.5584 0.0192873 -0.000956382
12.5778 0.0192684 -0.000978228
12.5972 0.019249 -0.000999796
12.6166 0.0192292 -0.00102106
12.636 0.019209 -0.00104196
12.6554 0.0191884 -0.00106251
12.6748 0.0191673 -0.00108271
12.6943 0.0191458 -0.00110255
12.7138 0.0191239 -0.00112202
12.7334 0.0191016 -0.00114102
12.753 0.0190788 -0.00115954
12.7727 0.0190556 -0.0011776
12.7925 0.0190319 -0.00119523
12.8125 0.0190077 -0.00121236
12.8323 0.0189835 -0.00122873
12.8519 0.018959 -0.00124438
12.8714 0.0189345 -0.00125935
12.8908 0.0189097 -0.00127365
12.9102 0.0188847 -0.00128731
12.9295 0.0188596 -0.00130032
12.9488 0.0188343 -0.0013127
12.968 0.0188089 -0.00132442
12.9871 0.0187834 -0.00133546
13.0061 0.0187578 -0.00134585
13.0252 0.018732 -0.00135564
13.0443 0.0187058 -0.00136482
13.0636 0.0186793 -0.00137341
13.0832 0.0186523 -0.00138136
13.1029 0.0186249 -0.00138864
13.1229 0.018597 -0.0013952
13.1432 0.0185687 -0.00140097
13.1637 0.0185398 -0.00140587
13.1845 0.0185104 -0.00140981
13.2055 0.0184807 -0.00141269
13.2265 0.0184511 -0.0014144
13.2474 0.0184215 -0.0014149
