t x vx
0.01 0.019 -8.21597e-07
0.02 0.019 -5.97614e-07
0.049763 0.019 -6.74206e-08
0.0794697 0.019 3.987e-07
0.109083 0.019 8.47856e-07
0.138627 0.0190001 1.30167e-06
0.168125 0.0190001 1.77016e-06
0.197595 0.0190002 2.25676e-06
0.227051 0.0190003 2.7614e-06
0.256507 0.0190004 3.28224e-06
0.285955 0.0190005 3.81628e-06
0.315388 0.0190006 4.36024e-06
0.344815 0.0190007 4.91098e-06
0.374245 0.0190009 5.46538e-06
0.403687 0.0190011 6.02046e-06
0.433146 0.0190013 6.57345e-06
0.462628 0.0190015 7.12176e-06
0.492139 0.0190017 7.66293e-06
0.52168 0.019002 8.19468e-06
0.551256 0.0190022 8.71486e-06
0.580868 0.0190025 9.22147e-06
0.610518 0.0190028 9.71266e-06
0.640207 0.0190031 1.01867e-05
0.669936 0.0190034 1.06419e-05
0.699704 0.0190037 1.10768e-05
0.729504 0.0190041 1.14897e-05
0.759335 0.0190044 1.18792e-05
0.789196 0.0190048 1.22441e-05
0.819088 0.0190052 1.2583e-05
0.849012 0.0190055 1.28949e-05
0.878966 0.0190059 1.31787e-05
0.908952 0.0190063 1.34335e-05
0.938968 0.0190068 1.36583e-05
0.969013 0.0190072 1.38523e-05
0.999087 0.0190076 1.40149e-05
1.02919 0.019008 1.41454e-05
1.05932 0.0190084 1.42434e-05
1.08948 0.0190089 1.43082e-05
1.11966 0.0190093 1.43397e-05
1.14986 0.0190097 1.43376e-05
1.18009 0.0190102 1.43015e-05
1.21034 0.0190106 1.42316e-05
1.24061 0.019011 1.41278e-05
1.27091 0.0190115 1.39901e-05
1.30122 0.0190119 1.38187e-05
1.33155 0.0190123 1.36138e-05
1.3619 0.0190127 1.33759e-05
1.39227 0.0190131 1.31054e-05
1.42265 0.0190135 1.28029e-05
1.45304 0.0190139 1.2469e-05
1.48343 0.0190142 1.21045e-05
1.51384 0.0190146 1.171e-05
1.54425 0.0190149 1.12865e-05
1.57467 0.0190153 1.08348e-05
1.60509 0.0190156 1.0356e-05
1.63552 0.0190159 9.85105e-06
1.66595 0.0190162 9.32118e-06
1.69639 0.0190164 8.76748e-06
1.72683 0.0190167 8.19116e-06
1.75727 0.0190169 7.59341e-06
1.78772 0.0190171 6.97552e-06
1.81816 0.0190173 6.33882e-06
1.84861 0.0190175 5.68464e-06
1.87906 0.0190176 5.01437e-06
1.90951 0.0190178 4.32938e-06
1.93997 0.0190179 3.63108e-06
1.97042 0.019018 2.92088e-06
2.00087 0.019018 2.20018e-06
2.03133 0.0190181 1.47037e-06
2.06178 0.0190181 7.32834e-07
2.09223 0.0190181 -1.10233e-08
2.12269 0.0190181 -7.5983e-07
2.15314 0.019018 -1.51219e-06
2.1836 0.019018 -2.2667e-06
2.21405 0.0190179 -3.02199e-06
2.24451 0.0190178 -3.77662e-06
2.27497 0.0190176 -4.52924e-06
2.30542 0.0190175 -5.2785e-06
2.33588 0.0190173 -6.02307e-06
2.36634 0.0190171 -6.76162e-06
2.39679 0.0190168 -7.49283e-06
2.42725 0.0190166 -8.21537e-06
2.45771 0.0190163 -8.92792e-06
2.48817 0.019016 -9.62916e-06
2.51863 0.0190157 -1.03178e-05
2.5491 0.0190154 -1.09926e-05
2.57956 0.019015 -1.16523e-05
2.61003 0.0190146 -1.22958e-05
2.6405 0.0190142 -1.29216e-05
2.67097 0.0190138 -1.35288e-05
2.70144 0.0190134 -1.4116e-05
2.73192 0.019013 -1.46824e-05
2.7624 0.0190125 -1.52269e-05
2.79288 0.019012 -1.57485e-05
2.82337 0.0190115 -1.62465e-05
2.85386 0.019011 -1.67199e-05
2.88436 0.0190105 -1.7168e-05
2.91485 0.0190099 -1.759e-05
2.94536 0.0190094 -1.79852e-05
2.97586 0.0190088 -1.8353e-05
3.00637 0.0190083 -1.86926e-05
3.03689 0.0190077 -1.90036e-05
3.06741 0.0190071 -1.92854e-05
3.09794 0.0190065 -1.95378e-05
3.12847 0.0190059 -1.97602e-05
3.15901 0.0190053 -1.99524e-05
3.18955 0.0190047 -2.01141e-05
3.2201 0.0190041 -2.02449e-05
3.25066 0.0190034 -2.03447e-05
3.28123 0.0190028 -2.04133e-05
3.3118 0.0190022 -2.04506e-05
3.34238 0.0190016 -2.04565e-05
3.37295 0.0190009 -2.04311e-05
3.40351 0.0190003 -2.03745e-05
3.43406 0.0189997 -2.02868e-05
3.4646 0.0189991 -2.01681e-05
3.49513 0.0189985 -2.00187e-05
3.52566 0.0189979 -1.98388e-05
3.55617 0.0189973 -1.96284e-05
3.58668 0.0189967 -1.93879e-05
3.61717 0.0189961 -1.91177e-05
3.64766 0.0189955 -1.88181e-05
3.67814 0.018995 -1.84895e-05
3.7086 0.0189944 -1.81325e-05
3.73906 0.0189939 -1.77474e-05
3.7695 0.0189933 -1.73349e-05
3.79994 0.0189928 -1.68954e-05
3.83036 0.0189923 -1.64296e-05
3.86078 0.0189918 -1.5938e-05
3.89118 0.0189914 -1.54213e-05
3.92157 0.0189909 -1.48802e-05
3.95195 0.0189905 -1.43153e-05
3.98232 0.0189901 -1.37275e-05
4.01268 0.0189897 -1.31174e-05
4.04303 0.0189893 -1.2486e-05
4.07337 0.0189889 -1.18341e-05
4.1037 0.0189886 -1.11623e-05
4.13402 0.0189883 -1.04717e-05
4.16432 0.018988 -9.76309e-06
4.19462 0.0189877 -9.03728e-06
4.22491 0.0189874 -8.29521e-06
4.25519 0.0189872 -7.53777e-06
4.28545 0.018987 -6.76587e-06
4.31571 0.0189868 -5.98041e-06
4.34596 0.0189867 -5.18232e-06
4.3762 0.0189865 -4.37251e-06
4.40643 0.0189864 -3.55191e-06
4.43665 0.0189864 -2.72142e-06
4.46686 0.0189863 -1.88196e-06
4.49707 0.0189863 -1.03441e-06
4.52727 0.0189863 -1.79676e-07
4.55746 0.0189863 6.8137e-07
4.58764 0.0189863 1.54788e-06
4.61782 0.0189864 2.419e-06
4.64798 0.0189865 3.29388e-06
4.67815 0.0189866 4.17171e-06
4.7083 0.0189868 5.05168e-06
4.73846 0.018987 5.93302e-06
4.7686 0.0189872 6.81487e-06
4.79874 0.0189874 7.69649e-06
4.82887 0.0189877 8.57716e-06
4.85899 0.0189879 9.45616e-06
4.88911 0.0189882 1.03328e-05
4.91922 0.0189886 1.12064e-05
4.94933 0.018989 1.20764e-05
4.97943 0.0189893 1.29421e-05
5.00953 0.0189898 1.3803e-05
5.03962 0.0189902 1.46584e-05
5.06971 0.0189907 1.55077e-05
5.0998 0.0189912 1.63504e-05
5.12989 0.0189917 1.7186e-05
5.15998 0.0189922 1.80137e-05
5.19006 0.0189928 1.88332e-05
5.22015 0.0189934 1.96437e-05
5.25024 0.018994 2.04446e-05
5.28033 0.0189946 2.12354e-05
5.31041 0.0189953 2.20153e-05
5.3405 0.018996 2.27837e-05
5.37059 0.0189967 2.35398e-05
5.40068 0.0189974 2.4283e-05
5.43077 0.0189982 2.50126e-05
5.46087 0.0189989 2.57276e-05
5.49097 0.0189997 2.64274e-05
5.52108 0.0190006 2.7111e-05
5.55119 0.0190014 2.77777e-05
5.5813 0.0190022 2.84264e-05
5.61143 0.0190031 2.90562e-05
5.64156 0.019004 2.96661e-05
5.6717 0.0190049 3.0255e-05
5.70185 0.0190059 3.08218e-05
5.732 0.0190068 3.13654e-05
5.76217 0.0190078 3.18847e-05
5.79235 0.0190087 3.23785e-05
5.82255 0.0190097 3.28455e-05
5.85275 0.0190107 3.32844e-05
5.88297 0.0190118 3.36941e-05
5.91321 0.0190128 3.40732e-05
5.94346 0.0190138 3.44203e-05
5.97372 0.0190149 3.47342e-05
6.004 0.0190159 3.50135e-05
6.0343 0.019017 3.52569e-05
6.06462 0.0190181 3.5463e-05
6.09496 0.0190192 3.56305e-05
6.12531 0.0190202 3.5758e-05
6.15569 0.0190213 3.58443e-05
6.18609 0.0190224 3.58879e-05
6.2165 0.0190235 3.58877e-05
6.24694 0.0190246 3.58424e-05
6.27741 0.0190257 3.57506e-05
6.30789 0.0190268 3.56114e-05
6.3384 0.0190279 3.54234e-05
6.36894 0.0190289 3.51855e-05
6.39946 0.01903 3.4897e-05
6.42997 0.0190311 3.4557e-05
6.46045 0.0190321 3.41649e-05
6.49091 0.0190331 3.372e-05
6.52134 0.0190341 3.32219e-05
6.55176 0.0190351 3.267e-05
6.58214 0.0190361 3.20639e-05
6.61251 0.0190371 3.14034e-05
6.64285 0.019038 3.06881e-05
6.67317 0.0190389 2.9918e-05
6.70347 0.0190398 2.90929e-05
6.73374 0.0190406 2.82128e-05
6.764 0.0190415 2.72779e-05
6.79423 0.0190423 2.62884e-05
6.82443 0.019043 2.52444e-05
6.85462 0.0190437 2.41463e-05
6.88479 0.0190444 2.29947e-05
6.91493 0.0190451 2.17901e-05
6.94506 0.0190457 2.05331e-05
6.97516 0.0190463 1.92245e-05
7.00525 0.0190468 1.78653e-05
7.03531 0.0190473 1.64563e-05
7.06536 0.0190478 1.49985e-05
7.09539 0.0190482 1.34932e-05
7.1254 0.0190485 1.19416e-05
7.1554 0.0190488 1.03452e-05
7.18537 0.0190491 8.70538e-06
7.21533 0.0190493 7.02373e-06
7.24526 0.0190495 5.30185e-06
7.27518 0.0190496 3.54149e-06
7.30508 0.0190496 1.74442e-06
7.33496 0.0190496 -8.72439e-08
7.36483 0.0190496 -1.95144e-06
7.39467 0.0190495 -3.84571e-06
7.42449 0.0190493 -5.76787e-06
7.4543 0.0190491 -7.71567e-06
7.48409 0.0190488 -9.68665e-06
7.51385 0.0190484 -1.16783e-05
7.5436 0.019048 -1.36883e-05
7.57333 0.0190475 -1.5714e-05
7.60305 0.019047 -1.7753e-05
7.63274 0.0190464 -1.98026e-05
7.66243 0.0190458 -2.18602e-05
7.6921 0.0190451 -2.39232e-05
7.72175 0.0190443 -2.59888e-05
7.7514 0.0190435 -2.80544e-05
7.78103 0.0190426 -3.01171e-05
7.81066 0.0190416 -3.21742e-05
7.84027 0.0190406 -3.42229e-05
7.86989 0.0190395 -3.62603e-05
7.89949 0.0190384 -3.82836e-05
7.92909 0.0190372 -4.029e-05
7.95869 0.019036 -4.22765e-05
7.98829 0.0190347 -4.42404e-05
8.01789 0.0190333 -4.61787e-05
8.04749 0.0190319 -4.80886e-05
8.07709 0.0190304 -4.99671e-05
8.1067 0.0190288 -5.18114e-05
8.13631 0.0190273 -5.36185e-05
8.16593 0.0190256 -5.53857e-05
8.19556 0.0190239 -5.71097e-05
8.22519 0.0190222 -5.87877e-05
8.25484 0.0190204 -6.04169e-05
8.28449 0.0190186 -6.19944e-05
8.31415 0.0190167 -6.35175e-05
8.34383 0.0190147 -6.49833e-05
8.37352 0.0190128 -6.6389e-05
8.40323 0.0190108 -6.7732e-05
8.43295 0.0190087 -6.90094e-05
8.4627 0.0190066 -7.02187e-05
8.49247 0.0190045 -7.1357e-05
8.52226 0.0190023 -7.24219e-05
8.55207 0.0190002 -7.34104e-05
8.5819 0.0189979 -7.432e-05
8.61174 0.0189957 -7.51481e-05
8.64161 0.0189934 -7.58923e-05
8.6715 0.0189911 -7.65503e-05
8.70142 0.0189888 -7.71197e-05
8.73136 0.0189865 -7.75982e-05
8.76134 0.0189842 -7.79835e-05
8.79134 0.0189818 -7.82735e-05
8.82138 0.0189795 -7.84659e-05
8.85145 0.0189771 -7.85587e-05
8.88156 0.0189747 -7.85499e-05
8.91171 0.0189724 -7.84374e-05
8.94186 0.01897 -7.82195e-05
8.97198 0.0189677 -7.78951e-05
9.00205 0.0189653 -7.74633e-05
9.03209 0.018963 -7.69235e-05
9.06209 0.0189607 -7.62751e-05
9.09206 0.0189585 -7.55177e-05
9.12199 0.0189562 -7.46508e-05
9.15188 0.018954 -7.36742e-05
9.18174 0.0189519 -7.25878e-05
9.21156 0.0189497 -7.13916e-05
9.24135 0.0189477 -7.00857e-05
9.2711 0.0189456 -6.86705e-05
9.30082 0.0189436 -6.71463e-05
9.33051 0.0189417 -6.55137e-05
9.36016 0.0189398 -6.37733e-05
9.38979 0.0189379 -6.19259e-05
9.41938 0.0189362 -5.99725e-05
9.44895 0.0189345 -5.7914e-05
9.47848 0.0189328 -5.57517e-05
9.50799 0.0189312 -5.34868e-05
9.53748 0.0189297 -5.11208e-05
9.56693 0.0189283 -4.86555e-05
9.59635 0.0189269 -4.60935e-05
9.62573 0.0189257 -4.34367e-05
9.65507 0.0189245 -4.06872e-05
9.68438 0.0189234 -3.78472e-05
9.71366 0.0189223 -3.49189e-05
9.7429 0.0189214 -3.19047e-05
9.77211 0.0189206 -2.88073e-05
9.8013 0.0189198 -2.56292e-05
9.83045 0.0189192 -2.23731e-05
9.85958 0.0189186 -1.90418e-05
9.88868 0.0189182 -1.56383e-05
9.91775 0.0189178 -1.21666e-05
9.94679 0.0189175 -8.62975e-06
9.97579 0.0189174 -5.0325e-06
10.0048 0.0189174 -1.37832e-06
10.0337 0.0189174 2.32925e-06
10.0626 0.0189176 6.0863e-06
10.0914 0.0189179 9.88892e-06
10.1202 0.0189183 1.37333e-05
10.149 0.0189188 1.76156e-05
10.1778 0.0189194 2.15319e-05
10.2065 0.0189201 2.54782e-05
10.2352 0.018921 2.94504e-05
10.2639 0.0189219 3.34444e-05
10.2926 0.018923 3.74562e-05
10.3212 0.0189242 4.14816e-05
10.3499 0.0189255 4.55165e-05
10.3785 0.0189269 4.95553e-05
10.407 0.0189285 5.35937e-05
10.4356 0.0189301 5.76273e-05
10.4641 0.0189319 6.16511e-05
10.4926 0.0189337 6.56609e-05
10.5211 0.0189357 6.96523e-05
10.5496 0.0189378 7.36211e-05
10.5781 0.01894 7.75611e-05
10.6065 0.0189423 8.1468e-05
10.6349 0.0189448 8.53372e-05
10.6633 0.0189473 8.91645e-05
10.6917 0.0189499 9.29455e-05
10.7201 0.0189527 9.66759e-05
10.7485 0.0189555 0.000100351
10.7768 0.0189585 0.000103967
10.8052 0.0189615 0.00010752
10.8336 0.0189647 0.000111004
10.8619 0.0189679 0.000114416
10.8903 0.0189713 0.000117751
10.9187 0.0189747 0.000121003
10.9471 0.0189782 0.000124168
10.9754 0.0189818 0.000127241
11.0038 0.0189855 0.000130217
11.0322 0.0189893 0.000133093
11.0605 0.0189932 0.000135863
11.0889 0.0189971 0.000138523
11.1173 0.0190011 0.00014107
11.1458 0.0190052 0.000143498
11.1742 0.0190093 0.000145801
11.2026 0.0190135 0.000147976
11.2311 0.0190178 0.000150019
11.2596 0.0190221 0.000151926
11.2881 0.0190265 0.000153691
11.3166 0.0190309 0.00015531
11.3452 0.0190354 0.00015678
11.3738 0.0190399 0.000158095
11.4024 0.0190445 0.000159252
11.4311 0.0190491 0.000160245
11.4599 0.0190537 0.000161069
11.4886 0.0190584 0.000161721
11.5174 0.019063 0.000162194
11.5462 0.0190677 0.000162485
11.575 0.0190724 0.00016259
11.6038 0.0190771 0.000162506
11.6326 0.0190818 0.000162229
11.6615 0.0190864 0.000161756
11.6904 0.0190911 0.000161082
11.7194 0.0190957 0.000160205
11.7483 0.0191003 0.000159121
11.7774 0.0191049 0.000157827
11.8064 0.0191095 0.00015632
11.8355 0.019114 0.000154598
11.8646 0.0191184 0.000152659
11.8937 0.0191228 0.0001505
11.9228 0.0191271 0.000148122
11.9518 0.0191313 0.000145529
11.9808 0.0191355 0.000142721
12.0097 0.0191395 0.0001397
12.0386 0.0191434 0.000136469
12.0674 0.0191473 0.000133027
12.0961 0.019151 0.000129378
12.1248 0.0191546 0.000125523
12.1534 0.0191581 0.000121464
12.1819 0.0191614 0.000117207
12.2103 0.0191646 0.000112752
12.2387 0.0191677 0.000108103
12.2671 0.0191706 0.000103263
12.2953 0.0191734 9.82364e-05
12.3235 0.019176 9.30278e-05
12.3517 0.0191785 8.76419e-05
12.3797 0.0191808 8.20826e-05
12.4077 0.0191829 7.63542e-05
12.4357 0.0191849 7.04619e-05
12.4636 0.0191867 6.44112e-05
12.4914 0.0191883 5.82096e-05
12.5191 0.0191897 5.18634e-05
12.5468 0.019191 4.53777e-05
12.5744 0.0191921 3.87581e-05
12.602 0.0191929 3.20099e-05
12.6295 0.0191936 2.51383e-05
12.6569 0.0191941 1.8151e-05
12.6843 0.0191944 1.10566e-05
12.7116 0.0191945 3.86087e-06
12.7388 0.0191944 -3.42934e-06
12.766 0.0191941 -1.08049e-05
12.7931 0.0191937 -1.82564e-05
12.8201 0.019193 -2.57699e-05
12.8471 0.0191921 -3.3339e-05
12.874 0.019191 -4.09576e-05
12.9008 0.0191896 -4.862e-05
12.9276 0.0191881 -5.63194e-05
12.9543 0.0191864 -6.40501e-05
12.9809 0.0191845 -7.18061e-05
13.0075 0.0191824 -7.95816e-05
13.034 0.0191801 -8.73691e-05
13.0605 0.0191776 -9.51609e-05
13.0869 0.0191749 -0.000102952
13.1132 0.0191719 -0.000110736
13.1395 0.0191688 -0.000118511
13.1658 0.0191655 -0.00012627
13.192 0.019162 -0.000134004
13.2182 0.0191583 -0.000141708
13.2443 0.0191544 -0.000149379
13.2704 0.0191503 -0.00015701
13.2964 0.019146 -0.000164594
13.3224 0.0191415 -0.000172123
13.3483 0.0191369 -0.00017959
13.3742 0.019132 -0.000186993
13.4001 0.019127 -0.000194326
13.4259 0.0191218 -0.000201583
13.4517 0.0191164 -0.000208758
13.4775 0.0191108 -0.000215846
13.5032 0.0191051 -0.000222842
13.5289 0.0190992 -0.000229742
13.5546 0.0190931 -0.00023654
13.5803 0.0190869 -0.000243233
13.606 0.0190805 -0.000249808
13.6317 0.0190739 -0.000256254
13.6573 0.0190671 -0.000262567
13.6829 0.0190603 -0.00026874
13.7085 0.0190532 -0.000274769
13.7341 0.019046 -0.000280647
13.7597 0.0190387 -0.00028637
13.7854 0.0190312 -0.000291931
13.811 0.0190236 -0.000297323
13.8367 0.0190158 -0.00030254
13.8624 0.0190079 -0.000307574
13.8882 0.0189999 -0.000312412
13.9139 0.0189917 -0.000317033
13.9396 0.0189835 -0.000321433
13.9653 0.0189751 -0.000325604
13.9909 0.0189666 -0.00032954
14.0166 0.0189581 -0.000333235
14.0423 0.0189494 -0.000336681
14.068 0.0189407 -0.000339869
14.0938 0.0189319 -0.000342791
14.1196 0.0189229 -0.000345436
14.1455 0.0189139 -0.000347796
14.1715 0.0189048 -0.000349858
14.1976 0.0188957 -0.000351613
14.2237 0.0188864 -0.000353048
14.2499 0.0188772 -0.000354147
14.2761 0.0188679 -0.000354894
14.3023 0.0188586 -0.00035528
14.3284 0.0188493 -0.000355298
14.3546 0.01884 -0.000354942
14.3809 0.0188307 -0.000354203
14.4071 0.0188214 -0.000353073
14.4335 0.0188122 -0.00035154
14.4599 0.0188029 -0.000349594
14.4864 0.0187937 -0.000347224
14.513 0.0187846 -0.000344416
14.5395 0.0187755 -0.000341177
14.5658 0.0187666 -0.000337524
