t x vx
0.01 0.022 1.56981e-06
0.02 0.022 1.76664e-06
0.323972 0.0220026 8.58663e-06
0.627665 0.0220068 1.37158e-05
0.93292 0.0220116 1.57334e-05
1.24244 0.0220159 1.39245e-05
1.55592 0.0220186 8.57685e-06
1.87282 0.0220189 1.03394e-06
2.19245 0.0220168 -6.71054e-06
2.51378 0.0220127 -1.26308e-05
2.83592 0.0220078 -1.53215e-05
3.15849 0.0220007 -2.21379e-05
3.48136 0.0219931 -2.34294e-05
3.80452 0.0219869 -1.9228e-05
4.12811 0.0219833 -1.09925e-05
4.4514 0.021983 -1.11956e-06
4.77384 0.0219884 1.67385e-05
5.09535 0.0219976 2.88206e-05
5.41599 0.0220081 3.26398e-05
5.73592 0.0220171 2.81279e-05
6.05534 0.0220227 1.74771e-05
6.37447 0.0220241 4.33805e-06
6.69377 0.0220217 -7.36666e-06
7.01364 0.022017 -1.4556e-05
7.33432 0.022012 -1.57944e-05
7.656 0.0220083 -1.15229e-05
7.97868 0.022007 -3.80428e-06
8.30201 0.0220085 4.40816e-06
8.62467 0.0220118 1.02324e-05
8.94676 0.0220156 1.17729e-05
9.26829 0.0220183 8.55198e-06
9.58938 0.0220188 1.5616e-06
9.90994 0.0220165 -7.13878e-06
10.2301 0.0220117 -1.51017e-05
10.5499 0.0220052 -2.02182e-05
10.8696 0.0219984 -2.12606e-05
11.1894 0.0219926 -1.81184e-05
11.5096 0.0219889 -1.17076e-05
11.8305 0.0219877 -3.63416e-06
12.1525 0.0219891 4.28172e-06
12.4734 0.0219896 1.64807e-06
12.793 0.0219894 -8.58169e-07
13.1116 0.0219888 -1.67616e-06
13.4292 0.0219889 1.17534e-07
13.7459 0.0219903 4.52472e-06
14.062 0.0219937 1.07167e-05
14.3776 0.0219991 1.72888e-05
14.6929 0.0220063 2.26711e-05
15.0083 0.0220143 2.55332e-05
15.324 0.0220223 2.50999e-05
15.6405 0.0220318 2.99802e-05
15.958 0.0220409 2.87818e-05
16.2769 0.0220476 2.11104e-05
16.597 0.0220502 8.17412e-06
16.9158 0.0220457 -1.42506e-05
17.2324 0.0220352 -3.31774e-05
17.5468 0.022023 -3.87875e-05
17.859 0.0220109 -3.86111e-05
18.1691 0.0220003 -3.42568e-05
18.4777 0.0219917 -2.8043e-05
18.7853 0.0219829 -2.85321e-05
19.0931 0.0219739 -2.9049e-05
19.4013 0.0219673 -2.16229e-05
19.7103 0.0219628 -1.43733e-05
20.0206 0.0219605 -7.46748e-06
20.3318 0.0219603 -8.27095e-07
20.6443 0.0219621 5.89889e-06
20.9563 0.0219661 1.29204e-05
21.2657 0.0219724 2.03113e-05
21.5727 0.021981 2.79977e-05
21.8776 0.0219919 3.56029e-05
22.1807 0.0220047 4.24441e-05
22.4822 0.022016 3.72052e-05
22.7828 0.0220259 3.3157e-05
23.0831 0.0220353 3.12929e-05
23.3836 0.0220448 3.13884e-05
23.6847 0.0220544 3.21634e-05
23.9868 0.022064 3.16577e-05
24.29 0.0220725 2.79196e-05
24.5935 0.0220784 1.96544e-05
24.8988 0.0220822 1.23668e-05
25.2046 0.0220802 -6.58494e-06
25.5083 0.0220716 -2.82341e-05
25.8085 0.0220568 -4.93092e-05
26.1045 0.0220369 -6.71463e-05
26.3971 0.0220135 -8.01101e-05
26.6869 0.0219882 -8.74172e-05
26.9751 0.0219625 -8.89925e-05
27.2624 0.021938 -8.51784e-05
27.5495 0.0219161 -7.65131e-05
27.8376 0.0218996 -5.72146e-05
28.1265 0.0218895 -3.49994e-05
28.4175 0.0218862 -1.12374e-05
28.7103 0.0218898 1.22843e-05
29.0064 0.0218999 3.40914e-05
29.3008 0.0219153 5.2144e-05
29.5908 0.0219342 6.53992e-05
29.8764 0.0219554 7.42678e-05
30.1582 0.021978 7.99673e-05
30.4363 0.0220013 8.37761e-05
30.712 0.0220252 8.66345e-05
30.986 0.0220495 8.87428e-05
31.2599 0.022074 8.95482e-05
31.5343 0.0220981 8.78682e-05
31.8102 0.0221207 8.20589e-05
32.0883 0.0221404 7.07098e-05
32.3697 0.0221553 5.2855e-05
32.6533 0.0221635 2.89333e-05
32.9409 0.0221637 7.5709e-07
33.232 0.0221554 -2.854e-05
33.5194 0.0221398 -5.42631e-05
33.8016 0.0221188 -7.42526e-05
34.0786 0.0220943 -8.85862e-05
34.3499 0.0220675 -9.86375e-05
34.6168 0.0220392 -0.000106256
34.8804 0.0220094 -0.000112837
35.1425 0.0219783 -0.000118788
35.4041 0.021946 -0.000123483
35.6662 0.0219131 -0.000125647
35.9301 0.0218805 -0.000123246
36.1963 0.0218502 -0.000113997
36.4667 0.0218244 -9.56033e-05
36.7422 0.0218059 -6.68259e-05
37.0235 0.0217982 -2.75686e-05
37.3043 0.0218032 1.7814e-05
37.5816 0.0218206 6.26045e-05
37.8544 0.0218478 0.000100026
38.1221 0.0218816 0.000126251
38.3844 0.0219185 0.000140654
38.6417 0.0219559 0.000145271
38.8954 0.0219923 0.000143496
39.1466 0.0220271 0.000138468
39.3966 0.0220602 0.000132345
39.6474 0.0220918 0.000126232
39.9001 0.0221221 0.000119771
40.1561 0.0221507 0.000111656
40.4162 0.0221767 9.98861e-05
40.682 0.0221985 8.21719e-05
40.9538 0.0222139 5.67903e-05
41.2325 0.0222206 2.38403e-05
41.514 0.0222169 -1.30756e-05
41.7915 0.0222038 -4.72198e-05
42.0647 0.0221836 -7.40037e-05
42.3322 0.022159 -9.20581e-05
42.5944 0.0221319 -0.000103099
42.8507 0.0221037 -0.000109968
43.1027 0.0220745 -0.000115976
43.3515 0.0220438 -0.000123374
43.5987 0.0220109 -0.00013312
43.8456 0.0219753 -0.000144442
44.0934 0.0219367 -0.000155511
44.3435 0.0218958 -0.00016352
44.597 0.021854 -0.000164856
44.8549 0.0218139 -0.000155783
45.1185 0.0217788 -0.000132848
45.3885 0.0217535 -9.39e-05
45.6614 0.0217425 -4.01119e-05
45.9321 0.0217484 2.15583e-05
46.2 0.0217703 8.18545e-05
46.4632 0.0218048 0.000130958
46.7208 0.0218468 0.000163155
46.9727 0.0218916 0.00017784
47.2195 0.0219356 0.000178312
47.4623 0.0219769 0.000169935
47.7024 0.0220148 0.00015781
47.9411 0.0220495 0.000145728
48.181 0.0220822 0.000135928
48.4229 0.0221134 0.000129066
48.6679 0.0221437 0.000123961
48.9175 0.0221732 0.000118156
49.1732 0.022201 0.000108486
49.4354 0.0222249 9.1111e-05
49.7054 0.0222419 6.31488e-05
49.9831 0.0222486 2.42139e-05
50.2577 0.0222434 -1.9231e-05
50.5284 0.0222273 -5.93236e-05
50.7944 0.0222033 -9.03368e-05
51.0543 0.0221745 -0.000110586
51.3087 0.0221435 -0.00012207
51.5572 0.0221116 -0.000128175
51.8014 0.0220792 -0.00013273
52.0428 0.0220457 -0.000138733
52.2828 0.0220104 -0.000147331
52.5228 0.0219724 -0.000158026
52.7647 0.0219315 -0.000169173
53.0088 0.0218881 -0.000177808
53.2566 0.0218435 -0.00018
53.5094 0.0218001 -0.000171597
53.7678 0.0217617 -0.000148591
54.033 0.0217331 -0.000108078
54.3017 0.0217195 -5.06561e-05
54.5682 0.0217238 1.64848e-05
54.8321 0.0217458 8.33746e-05
55.0914 0.0217819 0.000138861
55.345 0.0218265 0.000175946
55.5925 0.0218743 0.000193441
55.8348 0.0219215 0.000194696
56.0729 0.0219657 0.000185562
56.3081 0.0220061 0.000171824
56.5417 0.022043 0.000157882
56.7764 0.0220774 0.000146389
57.013 0.0221101 0.000138435
57.2526 0.022142 0.000133238
57.4967 0.0221733 0.000128286
57.7469 0.0222035 0.000120572
58.0036 0.0222307 0.000105752
58.2681 0.0222519 8.024e-05
58.5401 0.0222634 4.22543e-05
58.8131 0.0222623 -3.95252e-06
59.0822 0.022249 -4.94065e-05
59.3467 0.0222261 -8.65315e-05
59.6053 0.0221972 -0.000111843
59.8583 0.0221652 -0.000126454
60.1048 0.0221323 -0.00013355
60.3468 0.022099 -0.000137693
60.5851 0.022065 -0.000142488
60.8216 0.0220295 -0.000150095
61.0576 0.0219916 -0.000160741
61.2948 0.0219505 -0.000173235
61.5338 0.0219063 -0.000184935
61.7764 0.0218596 -0.000192255
62.0236 0.0218125 -0.000190621
62.2762 0.0217682 -0.000175398
62.5353 0.0217313 -0.000142658
62.8008 0.0217072 -9.04372e-05
63.066 0.0217012 -2.27574e-05
63.3289 0.0217146 5.10076e-05
63.588 0.0217453 0.000118574
63.8416 0.0217883 0.000169531
64.0893 0.0218377 0.000199092
64.3315 0.0218881 0.000208499
64.5679 0.0219362 0.000202998
64.8011 0.0219803 0.000189318
65.032 0.0220203 0.000173212
65.2626 0.0220569 0.000158676
65.4947 0.0220912 0.000147795
65.7298 0.0221243 0.000141054
65.9684 0.022157 0.000136957
66.2121 0.0221893 0.000132376
66.4633 0.0222204 0.000123683
66.7207 0.0222476 0.00010599
66.9874 0.0222678 7.56229e-05
67.2606 0.0222765 3.19144e-05
67.5305 0.0222717 -1.77573e-05
67.7962 0.0222547 -6.40265e-05
68.0572 0.0222287 -9.97647e-05
68.3118 0.0221975 -0.000122562
68.5604 0.022164 -0.000134513
68.8031 0.0221301 -0.000139729
69.0413 0.0220961 -0.000142903
69.2766 0.0220613 -0.000147664
69.5105 0.0220249 -0.000155801
69.7444 0.0219858 -0.000167286
69.98 0.0219432 -0.000180734
70.2179 0.0218973 -0.000193066
70.4598 0.0218488 -0.000200406
70.7066 0.0218 -0.000197762
70.9593 0.0217544 -0.000180265
71.2187 0.0217171 -0.000143767
71.4839 0.0216941 -8.67433e-05
71.747 0.0216902 -1.47852e-05
72.0078 0.0217064 6.21511e-05
72.2647 0.0217401 0.000130956
72.5159 0.0217856 0.000181203
72.7611 0.0218368 0.00020861
73.0008 0.0218884 0.000215313
73.2351 0.0219369 0.000207139
73.4664 0.0219811 0.000191183
73.6954 0.0220208 0.000173421
73.9247 0.0220571 0.000158088
74.1557 0.0220911 0.000147212
74.3898 0.0221241 0.000141202
74.628 0.0221571 0.000138424
74.8715 0.0221901 0.000135408
75.1231 0.0222224 0.000128259
75.3811 0.0222511 0.000111492
75.6486 0.0222728 8.10535e-05
75.9222 0.0222827 3.60888e-05
76.1913 0.0222785 -1.55295e-05
76.4563 0.0222615 -6.41364e-05
76.7166 0.022235 -0.000101893
76.9705 0.022203 -0.000125925
77.2186 0.0221687 -0.000138183
77.4607 0.0221342 -0.000142774
77.6985 0.0220997 -0.000144733
77.9332 0.022065 -0.000147962
78.1667 0.0220289 -0.000154723
78.4 0.0219903 -0.000165225
78.6354 0.0219484 -0.000178289
78.8729 0.021903 -0.000191048
79.1149 0.0218546 -0.000199798
79.3617 0.0218054 -0.000199344
79.6149 0.0217587 -0.00018451
79.8752 0.0217195 -0.000150699
80.1402 0.0216941 -9.59686e-05
80.4033 0.0216875 -2.50849e-05
80.6643 0.0217011 5.23685e-05
80.9216 0.0217329 0.00012338
81.1734 0.0217774 0.000176743
81.4193 0.0218283 0.000207165
81.6597 0.0218803 0.00021605
81.8946 0.0219293 0.000208857
82.1262 0.021974 0.000192782
82.3556 0.0220139 0.000174136
82.5847 0.02205 0.000157624
82.8157 0.0220837 0.000145751
83.0498 0.0221163 0.000139276
83.2876 0.0221489 0.000136852
83.5307 0.0221817 0.000135218
83.7815 0.0222144 0.0001303
84.0392 0.0222445 0.000116593
84.3059 0.0222683 8.95693e-05
84.5803 0.0222813 4.71179e-05
84.8504 0.0222802 -4.12711e-06
85.1165 0.0222656 -5.45698e-05
85.3781 0.0222407 -9.53938e-05
85.6337 0.0222094 -0.00012255
85.8835 0.0221751 -0.000137116
86.1271 0.0221404 -0.000142658
86.3664 0.0221058 -0.000144323
86.6022 0.0220713 -0.000146229
86.8365 0.0220359 -0.000151348
87.0704 0.0219984 -0.000160303
87.3059 0.0219578 -0.000172302
87.5435 0.0219139 -0.000184889
87.7855 0.0218667 -0.000194774
88.0325 0.0218181 -0.000196947
88.2853 0.021771 -0.000186111
88.545 0.0217301 -0.000157482
88.8109 0.0217014 -0.000107945
89.075 0.0216906 -4.09312e-05
89.3368 0.0216998 3.48464e-05
89.5956 0.0217276 0.000107397
89.8494 0.0217693 0.000164552
90.0972 0.0218188 0.000199693
90.3392 0.0218703 0.000212787
90.5759 0.0219197 0.000208712
90.8089 0.021965 0.000194267
91.0395 0.0220055 0.000175953
91.2691 0.022042 0.000158855
91.5007 0.0220758 0.000145995
91.7348 0.0221082 0.000138433
91.9724 0.0221404 0.000135397
92.2152 0.0221729 0.000134036
92.4647 0.0222055 0.000130272
92.722 0.0222361 0.000119049
92.9872 0.0222614 9.53941e-05
93.2625 0.0222769 5.62105e-05
93.5339 0.0222787 6.60332e-06
93.8015 0.0222668 -4.429e-05
94.0647 0.0222439 -8.7173e-05
94.3223 0.0222137 -0.000116981
94.574 0.02218 -0.000133795
94.8195 0.0221455 -0.000140763
95.0605 0.0221111 -0.000142799
95.2976 0.0220769 -0.00014421
95.533 0.022042 -0.000148353
95.7678 0.0220053 -0.000156325
96.0035 0.0219658 -0.000167488
96.2414 0.021923 -0.000179794
96.483 0.0218771 -0.000190147
96.7297 0.0218292 -0.000193941
96.9818 0.0217823 -0.000185959
97.2408 0.0217406 -0.00016136
97.5073 0.0217095 -0.000116322
97.7722 0.0216955 -5.31423e-05
98.0349 0.0217009 2.04911e-05
98.295 0.0217251 9.339e-05
98.5504 0.0217642 0.000153066
98.8 0.0218121 0.000191871
99.0436 0.021863 0.000208603
99.2822 0.0219124 0.000207453
99.5165 0.0219581 0.000194829
99.7483 0.0219992 0.000177336
99.9786 0.0220361 0.00016025
100.21 0.0220701 0.000146868
100.444 0.0221026 0.000138496
100.682 0.0221346 0.000134725
100.924 0.0221668 0.000133097
101.173 0.0221991 0.000129626
101.43 0.0222298 0.000119653
101.694 0.0222557 9.80948e-05
101.968 0.0222726 6.15246e-05
102.241 0.0222763 1.34976e-05
102.509 0.0222663 -3.71247e-05
102.774 0.0222449 -8.09726e-05
103.033 0.0222158 -0.000112333
103.286 0.0221827 -0.000130634
103.533 0.0221484 -0.000138716
103.775 0.0221143 -0.000141249
104.013 0.0220803 -0.000142653
104.249 0.0220457 -0.00014641
104.484 0.0220095 -0.000153894
104.72 0.0219707 -0.000164627
104.959 0.0219286 -0.000176788
105.2 0.0218834 -0.000187292
105.446 0.0218361 -0.000191851
105.698 0.0217895 -0.000185366
105.956 0.0217474 -0.000163004
106.222 0.0217153 -0.000120809
106.487 0.0216993 -6.01117e-05
106.751 0.0217025 1.19534e-05
107.011 0.0217246 8.4696e-05
107.268 0.0217619 0.000145631
107.519 0.0218087 0.000186601
107.763 0.0218591 0.000205601
108.003 0.0219085 0.000206354
108.238 0.0219544 0.000195026
108.471 0.0219958 0.000178258
108.702 0.0220331 0.000161368
108.933 0.0220673 0.000147762
109.167 0.0220998 0.000138914
109.405 0.0221318 0.000134574
109.647 0.0221639 0.000132504
109.895 0.0221959 0.000128868
110.151 0.0222264 0.000119247
110.414 0.0222523 9.86092e-05
110.688 0.0222697 6.35153e-05
110.961 0.0222742 1.65493e-05
111.23 0.0222652 -3.3598e-05
111.495 0.0222446 -7.76079e-05
111.755 0.0222162 -0.000109526
112.009 0.0221836 -0.000128484
112.256 0.0221496 -0.000137185
112.499 0.0221156 -0.000140149
112.738 0.0220817 -0.000141809
112.974 0.0220473 -0.000145676
113.209 0.0220112 -0.000153147
113.445 0.0219726 -0.000163803
113.684 0.0219307 -0.000175906
113.925 0.0218857 -0.000186396
114.171 0.0218388 -0.000191092
114.422 0.0217923 -0.000185007
114.679 0.0217502 -0.000163344
114.944 0.0217178 -0.00012221
115.21 0.0217012 -6.2449e-05
115.474 0.0217036 8.94922e-06
115.735 0.0217249 8.15313e-05
115.992 0.0217616 0.000142832
116.243 0.021808 0.000184553
116.488 0.0218581 0.000204418
116.728 0.0219075 0.000205956
116.964 0.0219535 0.00019525
117.196 0.0219951 0.00017892
117.427 0.0220326 0.000162251
117.659 0.0220671 0.000148651
117.893 0.0220997 0.000139629
118.131 0.0221318 0.000134963
118.373 0.0221638 0.000132458
118.62 0.0221956 0.000128427
118.876 0.0222259 0.000118535
119.138 0.0222516 9.78915e-05
119.411 0.0222688 6.31057e-05
119.684 0.0222733 1.64911e-05
119.953 0.0222644 -3.32939e-05
120.218 0.0222439 -7.70135e-05
120.478 0.0222157 -0.000108769
120.732 0.0221832 -0.000127719
120.98 0.0221494 -0.000136531
121.223 0.0221155 -0.000139719
121.461 0.0220817 -0.0001417
121.698 0.0220472 -0.000145943
121.933 0.022011 -0.000153732
122.169 0.0219722 -0.000164607
122.407 0.0219301 -0.000176806
122.648 0.021885 -0.000187266
122.893 0.0218379 -0.000191755
123.144 0.0217914 -0.000185342
123.401 0.0217495 -0.000163272
123.665 0.0217173 -0.000121811
123.931 0.0217009 -6.16968e-05
124.195 0.0217035 9.94967e-06
124.456 0.0217251 8.26101e-05
124.713 0.021762 0.000143841
124.964 0.0218085 0.000185383
125.209 0.0218588 0.000205089
125.448 0.0219083 0.000206521
125.684 0.0219543 0.000195825
125.916 0.0219961 0.000179576
126.147 0.0220337 0.00016302
126.379 0.0220684 0.000149504
126.612 0.0221012 0.000140492
126.849 0.0221334 0.000135718
127.091 0.0221655 0.000132915
127.338 0.0221973 0.000128507
127.593 0.0222274 0.000118132
127.856 0.0222529 9.70147e-05
128.128 0.0222697 6.18626e-05
128.401 0.0222738 1.50462e-05
128.67 0.0222645 -3.46448e-05
128.934 0.0222438 -7.80381e-05
129.194 0.0222154 -0.000109406
129.447 0.0221829 -0.000128073
129.695 0.0221491 -0.000136742
129.937 0.0221152 -0.000140007
130.175 0.0220813 -0.000142252
130.411 0.0220466 -0.000146886
130.646 0.0220102 -0.000155069
130.882 0.021971 -0.000166266
131.12 0.0219286 -0.000178656
