t x vx
0.01 0.0145 -1.23103e-06
0.02 0.0145 -1.78576e-06
0.0373095 0.0144999 -2.55292e-06
0.0543863 0.0144999 -3.16992e-06
0.0711739 0.0144998 -3.67911e-06
0.0877304 0.0144997 -4.1106e-06
0.104099 0.0144997 -4.48389e-06
0.120309 0.0144996 -4.81165e-06
0.136379 0.0144995 -5.10219e-06
0.152329 0.0144994 -5.36149e-06
0.168177 0.0144993 -5.59398e-06
0.183939 0.0144992 -5.80312e-06
0.199626 0.0144991 -5.99164e-06
0.215249 0.0144991 -6.16177e-06
0.230819 0.014499 -6.31534e-06
0.246343 0.0144989 -6.45387e-06
0.261828 0.0144988 -6.57862e-06
0.277281 0.0144986 -6.69066e-06
0.292706 0.0144985 -6.79086e-06
0.308108 0.0144984 -6.87997e-06
0.323491 0.0144983 -6.95857e-06
0.338855 0.0144982 -7.02718e-06
0.3542 0.0144981 -7.0862e-06
0.369529 0.014498 -7.13599e-06
0.384845 0.0144979 -7.17685e-06
0.400149 0.0144978 -7.20903e-06
0.415444 0.0144977 -7.2327e-06
0.43073 0.0144976 -7.24804e-06
0.44601 0.0144975 -7.25516e-06
0.461284 0.0144973 -7.2542e-06
0.476553 0.0144972 -7.24523e-06
0.491818 0.0144971 -7.22837e-06
0.507079 0.014497 -7.20368e-06
0.522337 0.0144969 -7.17127e-06
0.537593 0.0144968 -7.1312e-06
0.552846 0.0144967 -7.08356e-06
0.568098 0.0144966 -7.02844e-06
0.583348 0.0144965 -6.96593e-06
0.598596 0.0144964 -6.8961e-06
0.613843 0.0144963 -6.81904e-06
0.629089 0.0144962 -6.73482e-06
0.644335 0.0144961 -6.64355e-06
0.659579 0.014496 -6.5453e-06
0.674823 0.0144959 -6.44016e-06
0.690067 0.0144958 -6.32822e-06
0.705309 0.0144957 -6.20956e-06
0.720552 0.0144956 -6.08428e-06
0.735794 0.0144955 -5.95246e-06
0.751036 0.0144954 -5.81418e-06
0.766277 0.0144953 -5.66956e-06
0.781518 0.0144952 -5.51867e-06
0.796759 0.0144951 -5.36162e-06
0.812 0.0144951 -5.1985e-06
0.827241 0.014495 -5.02941e-06
0.842482 0.0144949 -4.85446e-06
0.857723 0.0144948 -4.67376e-06
0.872964 0.0144948 -4.48742e-06
0.888205 0.0144947 -4.29556e-06
0.903446 0.0144946 -4.0983e-06
0.918687 0.0144946 -3.89576e-06
0.933928 0.0144945 -3.68808e-06
0.94917 0.0144945 -3.47539e-06
0.964411 0.0144944 -3.25781e-06
0.979653 0.0144944 -3.03548e-06
0.994895 0.0144943 -2.80855e-06
1.01014 0.0144943 -2.57714e-06
1.02538 0.0144943 -2.34141e-06
1.04062 0.0144942 -2.10149e-06
1.05587 0.0144942 -1.85753e-06
1.07111 0.0144942 -1.60969e-06
1.08635 0.0144942 -1.3581e-06
1.1016 0.0144941 -1.10294e-06
1.11684 0.0144941 -8.44366e-07
1.13209 0.0144941 -5.82537e-07
1.14733 0.0144941 -3.17626e-07
1.16258 0.0144941 -4.98027e-08
1.17783 0.0144941 2.20757e-07
1.19307 0.0144941 4.93881e-07
1.20832 0.0144941 7.69388e-07
1.22357 0.0144942 1.04709e-06
1.23882 0.0144942 1.32681e-06
1.25407 0.0144942 1.60835e-06
1.26932 0.0144942 1.9611e-06
1.28457 0.0144943 2.298e-06
1.29982 0.0144943 2.65507e-06
1.31507 0.0144943 3.02033e-06
1.33032 0.0144944 3.41878e-06
1.34557 0.0144945 3.80131e-06
1.36083 0.0144945 4.15896e-06
1.37608 0.0144946 4.49582e-06
1.39134 0.0144947 4.81738e-06
1.40659 0.0144947 5.12796e-06
1.42185 0.0144948 5.4305e-06
1.43711 0.0144949 5.72686e-06
1.45237 0.014495 6.01827e-06
1.46763 0.0144951 6.3055e-06
1.48289 0.0144952 6.58905e-06
1.49815 0.0144953 6.86925e-06
1.51341 0.0144954 7.14626e-06
1.52868 0.0144955 7.42014e-06
1.54395 0.0144956 7.69089e-06
1.55921 0.0144958 7.95845e-06
1.57448 0.0144959 8.22272e-06
1.58975 0.014496 8.48358e-06
1.60502 0.0144962 8.74088e-06
1.62029 0.0144963 8.99446e-06
1.63557 0.0144964 9.24415e-06
1.65084 0.0144966 9.48979e-06
1.66612 0.0144967 9.73118e-06
1.68139 0.0144969 9.96816e-06
1.69667 0.014497 1.02692e-05
1.71195 0.0144972 1.05775e-05
1.72723 0.0144974 1.08794e-05
1.74251 0.0144975 1.11741e-05
1.75779 0.0144977 1.14619e-05
1.77307 0.0144979 1.17432e-05
1.78835 0.0144981 1.20178e-05
1.80361 0.0144983 1.22859e-05
1.81887 0.0144985 1.25475e-05
1.83412 0.0144986 1.28022e-05
1.84936 0.0144988 1.30499e-05
1.8646 0.0144991 1.32903e-05
1.87982 0.0144993 1.35232e-05
1.89505 0.0144995 1.37484e-05
1.91027 0.0144997 1.39654e-05
1.92549 0.0144999 1.4256e-05
1.9407 0.0145001 1.45073e-05
1.95592 0.0145003 1.47153e-05
1.97114 0.0145006 1.48871e-05
1.98636 0.0145008 1.50301e-05
2.00158 0.014501 1.51498e-05
2.0168 0.0145013 1.52962e-05
2.03201 0.0145015 1.54451e-05
2.04722 0.0145017 1.55825e-05
2.06244 0.014502 1.57079e-05
2.07766 0.0145022 1.58214e-05
2.09289 0.0145025 1.59233e-05
2.10812 0.0145027 1.60139e-05
2.12335 0.0145029 1.60934e-05
2.13857 0.0145032 1.61616e-05
2.15378 0.0145034 1.62188e-05
2.169 0.0145037 1.62646e-05
2.1842 0.0145039 1.62991e-05
2.1994 0.0145042 1.63222e-05
2.2146 0.0145044 1.63336e-05
2.2298 0.0145047 1.63333e-05
2.24499 0.0145049 1.63211e-05
2.26018 0.0145052 1.6297e-05
2.27537 0.0145054 1.62609e-05
2.29055 0.0145057 1.62126e-05
2.30574 0.0145059 1.61522e-05
2.32092 0.0145062 1.60796e-05
2.3361 0.0145064 1.59947e-05
2.35129 0.0145066 1.58974e-05
2.36647 0.0145069 1.57878e-05
2.38165 0.0145071 1.56658e-05
2.39683 0.0145074 1.55314e-05
2.41201 0.0145076 1.53845e-05
2.42719 0.0145078 1.52253e-05
2.44237 0.014508 1.50536e-05
2.45754 0.0145083 1.48694e-05
2.47272 0.0145085 1.46729e-05
2.4879 0.0145087 1.44639e-05
2.50308 0.0145089 1.42426e-05
2.51825 0.0145091 1.4009e-05
2.53343 0.0145093 1.3763e-05
2.54861 0.0145096 1.35048e-05
2.56378 0.0145098 1.32344e-05
2.57896 0.01451 1.29519e-05
2.59414 0.0145101 1.26573e-05
2.60931 0.0145103 1.23507e-05
2.62449 0.0145105 1.20321e-05
2.63967 0.0145107 1.17018e-05
2.65484 0.0145109 1.13597e-05
2.67002 0.014511 1.1006e-05
2.6852 0.0145112 1.06408e-05
2.70038 0.0145113 1.02641e-05
2.71556 0.0145115 9.87623e-06
2.73073 0.0145116 9.47717e-06
2.74591 0.0145118 9.0671e-06
2.76109 0.0145119 8.64617e-06
2.77627 0.014512 8.21452e-06
2.79146 0.0145122 7.77233e-06
2.80664 0.0145123 7.31975e-06
2.82182 0.0145124 6.85698e-06
2.83701 0.0145125 6.38419e-06
2.85219 0.0145126 5.9016e-06
2.86738 0.0145126 5.4094e-06
2.88257 0.0145127 4.90781e-06
2.89775 0.0145128 4.39705e-06
2.91294 0.0145128 3.87736e-06
2.92814 0.0145129 3.34899e-06
2.94333 0.0145129 2.8122e-06
2.95852 0.014513 2.26727e-06
2.97372 0.014513 1.71445e-06
2.98891 0.014513 1.15405e-06
3.00411 0.014513 5.86357e-07
3.01931 0.014513 1.16665e-08
3.0345 0.014513 -5.69705e-07
3.0497 0.014513 -1.15742e-06
3.06491 0.014513 -1.75115e-06
3.08011 0.0145129 -2.35055e-06
3.09531 0.0145129 -2.95527e-06
3.11052 0.0145128 -3.56495e-06
3.12573 0.0145128 -4.17922e-06
3.14094 0.0145127 -4.7977e-06
3.15615 0.0145126 -5.42001e-06
3.17136 0.0145125 -6.04575e-06
3.18658 0.0145124 -6.67453e-06
3.2018 0.0145123 -7.30594e-06
3.21702 0.0145122 -7.93956e-06
3.23224 0.0145121 -8.57498e-06
3.24746 0.0145119 -9.21176e-06
3.26269 0.0145118 -9.84947e-06
3.27791 0.0145116 -1.04877e-05
3.29314 0.0145114 -1.11259e-05
3.30838 0.0145113 -1.17638e-05
3.32361 0.0145111 -1.24007e-05
3.33885 0.0145109 -1.30364e-05
3.35409 0.0145107 -1.36702e-05
3.36933 0.0145104 -1.43019e-05
3.38458 0.0145102 -1.49307e-05
3.39982 0.01451 -1.55564e-05
3.41507 0.0145097 -1.61783e-05
3.43032 0.0145095 -1.6796e-05
3.44557 0.0145092 -1.74088e-05
3.46082 0.0145089 -1.80163e-05
3.47606 0.0145087 -1.86179e-05
3.4913 0.0145084 -1.92132e-05
3.50653 0.0145081 -1.98017e-05
3.52176 0.0145077 -2.0383e-05
3.53699 0.0145074 -2.09565e-05
3.55222 0.0145071 -2.15218e-05
3.56744 0.0145068 -2.20784e-05
3.58266 0.0145064 -2.26259e-05
3.59788 0.0145061 -2.31637e-05
3.61309 0.0145057 -2.36915e-05
3.6283 0.0145053 -2.42087e-05
3.64351 0.014505 -2.4715e-05
3.65871 0.0145046 -2.52099e-05
3.67391 0.0145042 -2.56929e-05
3.68911 0.0145038 -2.61636e-05
3.7043 0.0145034 -2.66215e-05
3.71949 0.014503 -2.70663e-05
3.73468 0.0145026 -2.74976e-05
3.74986 0.0145021 -2.79148e-05
3.76504 0.0145017 -2.83177e-05
3.78022 0.0145013 -2.87058e-05
3.79539 0.0145008 -2.90787e-05
3.81056 0.0145004 -2.94361e-05
3.82573 0.0144999 -2.97775e-05
3.84089 0.0144995 -3.01027e-05
3.85605 0.014499 -3.04111e-05
3.87121 0.0144985 -3.07026e-05
3.88637 0.0144981 -3.09767e-05
3.90152 0.0144976 -3.12332e-05
3.91666 0.0144971 -3.14716e-05
3.93181 0.0144966 -3.16917e-05
3.94695 0.0144962 -3.18931e-05
3.96208 0.0144957 -3.20757e-05
3.97722 0.0144952 -3.2239e-05
3.99235 0.0144947 -3.23829e-05
4.00748 0.0144942 -3.25069e-05
4.0226 0.0144937 -3.2611e-05
4.03773 0.0144932 -3.26948e-05
4.05285 0.0144927 -3.27581e-05
4.06796 0.0144922 -3.28006e-05
4.08308 0.0144917 -3.28222e-05
4.09819 0.0144912 -3.28226e-05
4.11329 0.0144907 -3.28017e-05
4.1284 0.0144902 -3.27592e-05
4.1435 0.0144898 -3.2695e-05
4.1586 0.0144893 -3.26089e-05
4.1737 0.0144888 -3.25007e-05
4.18879 0.0144883 -3.23703e-05
4.20389 0.0144878 -3.22176e-05
4.21898 0.0144873 -3.20425e-05
4.23406 0.0144868 -3.18447e-05
4.24915 0.0144864 -3.16243e-05
4.26423 0.0144859 -3.13812e-05
4.27931 0.0144854 -3.11152e-05
4.29439 0.0144849 -3.08262e-05
4.30947 0.0144845 -3.05144e-05
4.32455 0.014484 -3.01795e-05
4.33962 0.0144836 -2.98216e-05
4.35469 0.0144831 -2.94406e-05
4.36976 0.0144827 -2.90365e-05
4.38483 0.0144823 -2.86094e-05
4.3999 0.0144818 -2.81593e-05
4.41496 0.0144814 -2.76861e-05
4.43003 0.014481 -2.71899e-05
4.44509 0.0144806 -2.66708e-05
4.46016 0.0144802 -2.61289e-05
4.47522 0.0144798 -2.55641e-05
4.49028 0.0144795 -2.49767e-05
4.50534 0.0144791 -2.43667e-05
4.5204 0.0144787 -2.37342e-05
4.53546 0.0144784 -2.30794e-05
4.55052 0.0144781 -2.24025e-05
4.56558 0.0144777 -2.17034e-05
4.58063 0.0144774 -2.09826e-05
4.59569 0.0144771 -2.024e-05
4.61075 0.0144768 -1.9476e-05
4.62581 0.0144765 -1.86908e-05
4.64087 0.0144763 -1.78845e-05
4.65593 0.014476 -1.70574e-05
4.67099 0.0144758 -1.62098e-05
4.68605 0.0144755 -1.5342e-05
4.70111 0.0144753 -1.44541e-05
4.71617 0.0144751 -1.35467e-05
4.73124 0.0144749 -1.26198e-05
4.7463 0.0144747 -1.1674e-05
4.76137 0.0144746 -1.07095e-05
4.77644 0.0144744 -9.72668e-06
4.7915 0.0144743 -8.72594e-06
4.80658 0.0144742 -7.70767e-06
4.82165 0.0144741 -6.67228e-06
4.83672 0.014474 -5.62018e-06
4.8518 0.0144739 -4.55182e-06
4.86688 0.0144739 -3.46765e-06
4.88196 0.0144738 -2.36814e-06
4.89704 0.0144738 -1.25379e-06
4.91213 0.0144738 -1.25088e-07
4.92722 0.0144738 1.01744e-06
4.94231 0.0144739 2.17326e-06
4.95741 0.0144739 3.34181e-06
4.97251 0.014474 4.52251e-06
4.98761 0.0144741 5.71481e-06
5.00272 0.0144742 6.91809e-06
5.01783 0.0144743 8.13174e-06
5.03294 0.0144744 9.35514e-06
5.04806 0.0144746 1.05876e-05
5.06318 0.0144748 1.18286e-05
5.07831 0.014475 1.30773e-05
5.09344 0.0144752 1.43331e-05
5.10857 0.0144754 1.55953e-05
5.12371 0.0144757 1.68631e-05
5.13885 0.014476 1.81359e-05
5.154 0.0144763 1.94128e-05
5.16916 0.0144766 2.06932e-05
5.18431 0.0144769 2.19762e-05
5.19948 0.0144773 2.3261e-05
5.21465 0.0144776 2.45469e-05
5.22982 0.014478 2.5833e-05
5.245 0.0144784 2.71186e-05
5.26019 0.0144789 2.84026e-05
5.27538 0.0144793 2.96844e-05
5.29058 0.0144798 3.0963e-05
5.30579 0.0144803 3.22375e-05
5.321 0.0144808 3.35071e-05
5.33621 0.0144813 3.47708e-05
5.35144 0.0144819 3.60278e-05
5.36667 0.0144824 3.72771e-05
5.3819 0.014483 3.85177e-05
5.39715 0.0144836 3.97488e-05
5.41239 0.0144842 4.09683e-05
5.42762 0.0144849 4.21752e-05
5.44284 0.0144856 4.33686e-05
5.45806 0.0144862 4.45475e-05
5.47326 0.0144869 4.5711e-05
5.48847 0.0144876 4.68581e-05
5.50366 0.0144884 4.79878e-05
5.51885 0.0144891 4.90993e-05
5.53403 0.0144899 5.01917e-05
5.5492 0.0144907 5.12639e-05
5.56436 0.0144914 5.2315e-05
5.57952 0.0144923 5.33441e-05
5.59467 0.0144931 5.43503e-05
5.60981 0.0144939 5.53327e-05
5.62495 0.0144948 5.62903e-05
5.64007 0.0144956 5.72222e-05
5.65519 0.0144965 5.81276e-05
5.67031 0.0144974 5.90056e-05
5.68541 0.0144983 5.98552e-05
5.70051 0.0144992 6.06756e-05
5.7156 0.0145002 6.1466e-05
5.73068 0.0145011 6.22254e-05
5.74575 0.014502 6.2953e-05
5.76082 0.014503 6.36481e-05
5.77588 0.014504 6.43098e-05
5.79093 0.0145049 6.49373e-05
5.80598 0.0145059 6.55297e-05
5.82102 0.0145069 6.60864e-05
5.83605 0.0145079 6.66065e-05
5.85107 0.0145089 6.70894e-05
5.86609 0.0145099 6.75342e-05
5.8811 0.014511 6.79403e-05
5.89611 0.014512 6.8307e-05
5.9111 0.014513 6.86335e-05
5.92609 0.0145141 6.89193e-05
5.94108 0.0145151 6.91637e-05
5.95605 0.0145161 6.9366e-05
5.97103 0.0145172 6.95257e-05
5.98599 0.0145182 6.96422e-05
6.00095 0.0145193 6.97149e-05
6.0159 0.0145203 6.97432e-05
6.03085 0.0145213 6.97267e-05
6.04579 0.0145224 6.96648e-05
6.06073 0.0145234 6.95571e-05
6.07566 0.0145245 6.94031e-05
6.09059 0.0145255 6.92023e-05
6.10551 0.0145265 6.89545e-05
6.12042 0.0145275 6.86591e-05
6.13533 0.0145286 6.83158e-05
6.15024 0.0145296 6.79243e-05
6.16514 0.0145306 6.74843e-05
6.18004 0.0145316 6.69954e-05
6.19493 0.0145326 6.64575e-05
6.20982 0.0145335 6.58703e-05
6.22471 0.0145345 6.52336e-05
6.23959 0.0145355 6.45472e-05
6.25447 0.0145364 6.38109e-05
6.26935 0.0145374 6.30246e-05
6.28422 0.0145383 6.21883e-05
6.29909 0.0145392 6.13019e-05
6.31396 0.0145401 6.03653e-05
6.32883 0.014541 5.93784e-05
6.34369 0.0145419 5.83414e-05
6.35856 0.0145427 5.72543e-05
6.37342 0.0145435 5.61171e-05
6.38828 0.0145444 5.493e-05
6.40314 0.0145451 5.36931e-05
6.418 0.0145459 5.24065e-05
6.43286 0.0145467 5.10704e-05
6.44771 0.0145474 4.96851e-05
6.46257 0.0145481 4.82509e-05
6.47743 0.0145488 4.67681e-05
6.49229 0.0145495 4.5237e-05
6.50715 0.0145502 4.36581e-05
6.522 0.0145508 4.20318e-05
6.53686 0.0145514 4.03584e-05
6.55172 0.014552 3.86384e-05
6.56658 0.0145525 3.68724e-05
6.58144 0.014553 3.50608e-05
6.5963 0.0145535 3.32043e-05
6.61116 0.014554 3.13033e-05
6.62602 0.0145544 2.93585e-05
6.64089 0.0145548 2.73707e-05
6.65576 0.0145552 2.53404e-05
6.67063 0.0145555 2.32684e-05
6.68551 0.0145559 2.11555e-05
6.70039 0.0145561 1.90024e-05
6.71527 0.0145564 1.68099e-05
6.73016 0.0145566 1.4579e-05
6.74505 0.0145568 1.23106e-05
6.75995 0.0145569 1.00055e-05
6.77485 0.0145571 7.66467e-06
6.78976 0.0145571 5.28917e-06
6.80467 0.0145572 2.88003e-06
6.81959 0.0145572 4.38291e-07
6.83452 0.0145572 -2.03494e-06
6.84945 0.0145571 -4.5384e-06
6.86439 0.014557 -7.07089e-06
6.87934 0.0145568 -9.6312e-06
6.8943 0.0145567 -1.22181e-05
6.90926 0.0145564 -1.48299e-05
6.92423 0.0145562 -1.7465e-05
6.9392 0.0145559 -2.01223e-05
6.95418 0.0145555 -2.28002e-05
6.96917 0.0145552 -2.54973e-05
6.98416 0.0145547 -2.82122e-05
6.99916 0.0145543 -3.09433e-05
7.01417 0.0145538 -3.36892e-05
7.02918 0.0145532 -3.64483e-05
7.0442 0.0145526 -3.92189e-05
7.05924 0.014552 -4.19995e-05
7.07428 0.0145513 -4.47883e-05
7.08933 0.0145506 -4.75838e-05
7.10438 0.0145498 -5.03842e-05
7.11945 0.014549 -5.31877e-05
7.13453 0.0145482 -5.59926e-05
7.14962 0.0145473 -5.8797e-05
7.16472 0.0145464 -6.15991e-05
7.17983 0.0145454 -6.43971e-05
7.19495 0.0145444 -6.7189e-05
7.21009 0.0145433 -6.99728e-05
7.22523 0.0145422 -7.27468e-05
7.24039 0.0145411 -7.55088e-05
7.25556 0.0145399 -7.82569e-05
7.27074 0.0145387 -8.0989e-05
7.28594 0.0145374 -8.37031e-05
7.30115 0.0145361 -8.63971e-05
7.31635 0.0145347 -8.90644e-05
7.33153 0.0145333 -9.17025e-05
7.3467 0.0145319 -9.43093e-05
7.36186 0.0145304 -9.6883e-05
7.377 0.0145289 -9.94213e-05
7.39213 0.0145274 -0.000101922
7.40724 0.0145258 -0.000104384
7.42234 0.0145242 -0.000106805
7.43743 0.0145226 -0.000109182
7.4525 0.0145209 -0.000111514
7.46755 0.0145192 -0.000113799
7.48259 0.0145174 -0.000116034
7.49762 0.0145156 -0.000118219
7.51263 0.0145138 -0.000120351
7.52763 0.014512 -0.000122428
7.54261 0.0145101 -0.000124448
7.55757 0.0145082 -0.00012641
7.57252 0.0145063 -0.000128312
