t x vx
0.01 0.0330002 1.61531e-05
0.02 0.0330004 2.03705e-05
0.0527255 0.0330014 3.26314e-05
0.0857296 0.0330026 3.50768e-05
0.119385 0.0330039 3.8725e-05
0.154209 0.0330054 4.4027e-05
0.189882 0.0330063 2.53616e-05
0.226337 0.0330062 -4.63998e-06
0.263483 0.0330055 -1.82933e-05
0.300719 0.0330052 -6.73401e-06
0.337773 0.033007 4.7602e-05
0.374581 0.0330105 9.58977e-05
0.410977 0.0330135 8.14745e-05
0.446481 0.0330128 -2.00411e-05
0.481511 0.0330075 -0.000149703
0.516578 0.032998 -0.000271412
0.551459 0.0329848 -0.000378839
0.586074 0.0329689 -0.000458623
0.620493 0.0329519 -0.000493378
0.654775 0.032936 -0.000464987
0.68893 0.0329238 -0.000357602
0.722949 0.0329182 -0.000164898
0.756835 0.0329225 0.000128509
0.790599 0.0329398 0.000510229
0.824115 0.0329716 0.000950353
0.857405 0.033019 0.00142424
0.890511 0.0330822 0.00190816
0.923466 0.0331611 0.00239387
0.956301 0.0332555 0.00287655
0.989038 0.033365 0.0033445
1.02171 0.0334891 0.00379675
1.05435 0.0336263 0.00420219
1.087 0.0337745 0.00453983
1.11966 0.0339309 0.00479157
1.15231 0.0340925 0.00494717
1.18496 0.0342556 0.00499561
1.21759 0.0344162 0.00492199
1.25017 0.0345696 0.00470836
1.28269 0.0347108 0.00434232
1.31516 0.0348349 0.00382297
1.34725 0.0349367 0.00317095
1.37899 0.0350128 0.00239767
1.41047 0.0350604 0.00151063
1.4416 0.035077 0.000533267
1.47244 0.0350616 -0.000498729
1.5034 0.0350136 -0.00155076
1.53463 0.0349331 -0.00257659
1.56584 0.0348224 -0.00354713
1.59717 0.034684 -0.00441716
1.62853 0.0345228 -0.00513957
1.65995 0.034345 -0.00566026
1.69135 0.034159 -0.00592339
1.7231 0.0339711 -0.00591789
1.75445 0.0337941 -0.0056439
1.7855 0.0336346 -0.00513987
1.81715 0.0334942 -0.00443311
1.84888 0.0333799 -0.00360241
1.88113 0.0332917 -0.00273615
1.91252 0.0332316 -0.00191515
1.94365 0.0331943 -0.00119919
1.97461 0.0331733 -0.000676908
2.00462 0.0331603 -0.000434424
2.03495 0.0331453 -0.000494262
2.06653 0.0331187 -0.00084223
2.09845 0.0330704 -0.00151252
2.13084 0.0329897 -0.00249129
2.16288 0.0328712 -0.00369956
2.19395 0.0327159 -0.00499762
2.22442 0.0325261 -0.00623071
2.25482 0.0323045 -0.00728851
2.28492 0.0320607 -0.0080993
2.31533 0.0317991 -0.00859987
2.34639 0.0315295 -0.00868185
2.37708 0.0312773 -0.00821822
2.40714 0.0310605 -0.00721156
2.43733 0.0308983 -0.0053718
2.46713 0.0308085 -0.00301275
2.49654 0.0308041 -0.000152643
2.52526 0.0308818 0.00270505
2.55353 0.0310514 0.00600289
2.5823 0.0313221 0.00940798
2.61105 0.0316836 0.0125736
2.63957 0.0321188 0.0152623
2.66736 0.0325999 0.0173081
2.69631 0.0331404 0.0186733
2.72682 0.0337249 0.0191515
2.75719 0.0342891 0.0185775
2.78765 0.0348066 0.0169927
2.817 0.0352328 0.014523
2.84517 0.0355516 0.011318
2.87292 0.0357596 0.00749401
2.90135 0.0358486 0.00313018
2.93107 0.035799 -0.00166746
2.96115 0.0356085 -0.00633355
2.99183 0.0352923 -0.0103073
3.02322 0.0348761 -0.0132562
3.05482 0.0344113 -0.0147097
3.08568 0.0339634 -0.0145151
3.11614 0.0335763 -0.0127086
3.14549 0.0332955 -0.00956666
3.17477 0.0331465 -0.00508763
3.20412 0.0331577 0.000381962
3.23296 0.0333411 0.00635817
3.26296 0.0337198 0.0126242
3.29444 0.0342986 0.0183862
3.32571 0.0350187 0.0230302
3.35769 0.0358562 0.0261872
3.3888 0.0367078 0.0273753
3.42004 0.0375371 0.0265394
3.45048 0.0382569 0.0236512
3.48115 0.0388318 0.0187447
3.51129 0.0392003 0.0122267
3.54126 0.0393406 0.00467938
3.57013 0.0392494 -0.00315757
3.60026 0.0389093 -0.0112908
3.62875 0.0383871 -0.0183255
3.65728 0.037707 -0.0238438
3.68487 0.0369449 -0.0276148
3.71352 0.0360958 -0.0296349
3.74147 0.0352676 -0.0296414
3.76949 0.0344898 -0.0277518
3.79538 0.0338584 -0.0243869
3.82343 0.0333212 -0.019158
3.85176 0.0329624 -0.0126599
3.88135 0.0328136 -0.00502812
3.91152 0.0329062 0.0030692
3.94106 0.0332235 0.010739
3.96935 0.0337141 0.0173439
4.00051 0.0344277 0.0229038
4.02948 0.0351924 0.0263897
4.06027 0.0360528 0.0279442
4.09109 0.0368884 0.0271179
4.12105 0.0376126 0.0241652
4.15106 0.0381842 0.0190524
4.18063 0.0385493 0.0123432
4.2101 0.0386839 0.0045692
4.23849 0.038582 -0.0035881
4.26935 0.0382052 -0.0122125
4.2989 0.0376272 -0.0195613
4.32709 0.036918 -0.0251594
4.35555 0.0360899 -0.0290956
4.38459 0.0351891 -0.0310184
4.41312 0.03431 -0.0308153
4.44133 0.0335035 -0.0285886
4.46776 0.0328472 -0.0248307
4.49595 0.0323068 -0.0191693
4.52478 0.0319571 -0.0121266
4.55439 0.0318384 -0.00401184
4.58522 0.0319796 0.00457905
4.61558 0.0323663 0.012741
4.64583 0.0329616 0.0196795
4.67618 0.0337252 0.0251593
4.70716 0.0346135 0.028674
4.73756 0.0355231 0.0299178
4.76788 0.0364002 0.0289253
4.79709 0.0371561 0.0258826
4.8263 0.0377628 0.0207713
4.85614 0.0381786 0.0139355
4.88473 0.0383582 0.00627957
4.91274 0.0383068 -0.00183345
4.94274 0.037996 -0.010365
4.97147 0.0374854 -0.017769
5.00124 0.0367793 -0.0237205
5.03004 0.0359789 -0.0277838
5.05869 0.0351247 -0.0298239
5.08747 0.0342676 -0.0297728
5.11583 0.0334835 -0.0276512
5.14251 0.0328451 -0.0239263
5.1704 0.032332 -0.0183978
5.19888 0.0320049 -0.0114883
5.22793 0.0319014 -0.00356288
5.25821 0.032049 0.00487362
5.28877 0.0324476 0.0130464
5.31865 0.0330427 0.0199162
5.34873 0.0338058 0.0253673
5.37961 0.0346979 0.0288859
5.40989 0.0356105 0.0301377
5.44025 0.036495 0.0291354
5.46946 0.0372567 0.0260735
5.49865 0.0378679 0.0209411
5.52843 0.0382872 0.0140804
5.55699 0.0384695 0.00638333
5.58486 0.0384209 -0.00174213
5.61486 0.038111 -0.0103323
5.64358 0.0375999 -0.0177923
5.67327 0.0368941 -0.0237761
5.70206 0.0360913 -0.0278821
5.73065 0.0352348 -0.0299606
5.75939 0.0343741 -0.0299492
5.78767 0.0335853 -0.02789
5.81431 0.0329398 -0.0242341
5.84222 0.0324166 -0.0187425
5.8707 0.0320778 -0.0118943
5.89976 0.0319614 -0.00400547
5.93006 0.0320957 0.00443059
5.96026 0.0324744 0.0125408
5.99005 0.0330542 0.0194596
6.02041 0.0338134 0.0250113
6.05101 0.0346878 0.0285766
6.08162 0.0356035 0.0299178
6.11211 0.0364869 0.0289678
6.14144 0.037248 0.0259542
6.17074 0.0378591 0.0208553
6.20042 0.0382762 0.014054
6.22909 0.0384587 0.0063632
6.25688 0.0384107 -0.00172824
6.28687 0.0381014 -0.0103136
6.31573 0.0375876 -0.0178036
6.3456 0.0368761 -0.0238182
6.37443 0.0360708 -0.0279352
6.40304 0.0352117 -0.0300272
6.43184 0.0343467 -0.030029
6.46021 0.033553 -0.0279856
6.4869 0.0329031 -0.0243416
6.5148 0.0323766 -0.0188695
6.54331 0.0320335 -0.0120362
6.57241 0.0319128 -0.00415103
6.60272 0.0320429 0.00429311
6.63291 0.0324176 0.0124108
6.66262 0.0329922 0.0193418
6.693 0.0337494 0.0249253
6.72347 0.0346186 0.0285218
6.75413 0.0355354 0.0299071
6.78465 0.0364204 0.028989
6.814 0.0371837 0.0260091
6.84329 0.0377973 0.0209492
6.87294 0.038218 0.0141917
6.90163 0.0384051 0.0065201
6.92961 0.0383604 -0.00159868
6.95966 0.0380542 -0.010187
6.98863 0.0375417 -0.0176899
7.01879 0.0368261 -0.0237325
7.0476 0.0360242 -0.0278305
7.07625 0.0351671 -0.029916
7.1051 0.0343041 -0.0299116
7.13354 0.0335045 -0.0281124
7.16025 0.0328461 -0.0246512
7.18814 0.0323048 -0.0194093
7.21663 0.0319402 -0.0127997
7.24568 0.0317905 -0.0051521
7.276 0.0318834 0.0030637
7.30614 0.0322146 0.0109882
7.33568 0.0327385 0.0177381
7.36628 0.033447 0.0231537
7.39658 0.0342521 0.0265685
7.42747 0.0351116 0.0278266
7.45805 0.0359321 0.0268299
7.48753 0.0366325 0.023761
7.51697 0.0371805 0.0186132
7.54669 0.0375321 0.0118299
7.57547 0.0376545 0.00425391
7.6039 0.0375467 -0.00379243
7.63459 0.0371731 -0.0121763
7.66412 0.0366045 -0.0192526
7.69378 0.0358702 -0.0247528
7.7227 0.0350505 -0.028352
7.75178 0.0341812 -0.029893
7.78085 0.0333292 -0.0293101
7.80957 0.0325642 -0.0266301
7.83636 0.0319648 -0.0223816
7.86471 0.0315008 -0.0163635
7.89344 0.0312429 -0.0089761
7.92266 0.0312227 -0.000690627
7.95166 0.0314412 0.00753434
7.98178 0.0319105 0.0155829
8.01125 0.0325662 0.0222434
8.04035 0.0333609 0.027314
8.07082 0.0342933 0.0305979
8.10095 0.0352454 0.0316009
8.13088 0.0361538 0.0303497
8.15977 0.0369374 0.0271248
8.18859 0.0375692 0.021924
8.21915 0.0380219 0.0148126
8.2481 0.0382227 0.00693352
8.2768 0.0381829 -0.00138597
8.30739 0.0378768 -0.0100084
8.33613 0.0373793 -0.0173084
8.36684 0.0366664 -0.0232138
8.39564 0.0358874 -0.0270444
8.4245 0.0350543 -0.028872
8.45338 0.0342276 -0.0286214
8.48202 0.033475 -0.0262848
8.5085 0.0328814 -0.0224115
8.53676 0.0324082 -0.0167452
8.56539 0.0321294 -0.0097388
8.59423 0.0320751 -0.00188284
8.62485 0.032272 0.00643332
8.65618 0.0327243 0.0144352
8.68588 0.0333448 0.0208946
8.71582 0.0341182 0.0258245
8.7466 0.0350064 0.028858
8.77702 0.035907 0.0296037
8.80739 0.036759 0.0280558
8.83689 0.0374803 0.0244536
8.86629 0.0380338 0.0188245
8.89613 0.0383798 0.0115983
8.92491 0.0384861 0.00369319
8.95334 0.0383568 -0.00455019
8.98428 0.0379502 -0.0131373
9.01288 0.0373752 -0.0201081
9.04142 0.0366481 -0.0254778
9.06948 0.0358335 -0.0290262
9.09866 0.0349414 -0.0305756
9.12703 0.0340913 -0.0299672
9.15539 0.0333143 -0.0273949
9.1816 0.0327022 -0.023349
9.20987 0.0322078 -0.0174899
9.23879 0.0319118 -0.0102384
9.26815 0.0318504 -0.00208978
9.29825 0.0320384 0.00624543
9.32914 0.0324795 0.0142812
9.35875 0.0330958 0.0208094
9.38817 0.0338535 0.0257587
9.41884 0.0347403 0.0289164
9.44943 0.0356512 0.0297683
9.47967 0.0365082 0.028341
9.50914 0.0372422 0.0249119
9.53844 0.0378122 0.0194542
9.56846 0.0381823 0.0123265
9.59731 0.0383124 0.00451057
9.62563 0.03821 -0.00361687
9.65661 0.0378327 -0.0121793
9.68616 0.0372615 -0.0193266
9.71507 0.0365456 -0.0247654
9.74356 0.0357379 -0.0283493
9.77299 0.034858 -0.029901
9.80176 0.0340164 -0.0292458
9.83042 0.0332546 -0.0265808
9.85683 0.0326626 -0.0224209
9.88505 0.0321964 -0.0165218
9.91395 0.0319289 -0.00925242
9.94323 0.0318956 -0.00113898
9.97244 0.0320982 0.00693702
10.0031 0.0325538 0.0148451
10.0327 0.0331834 0.021278
10.0623 0.0339552 0.0261193
10.0928 0.0348463 0.0291438
10.1232 0.0357547 0.0298903
10.1534 0.0366105 0.0283686
10.1828 0.0373416 0.0248474
10.2121 0.0379068 0.019308
10.2421 0.0382702 0.0121001
10.2711 0.0383919 0.00419288
10.2996 0.0382778 -0.00400611
10.3306 0.0378879 -0.0125783
10.3597 0.0373174 -0.0196276
10.3884 0.0365996 -0.0250254
10.4166 0.0357924 -0.0285827
10.446 0.0349082 -0.0301238
10.4746 0.034065 -0.0294745
10.5031 0.0333002 -0.0268413
10.5294 0.0327022 -0.0227244
10.5576 0.0322271 -0.0168484
10.5865 0.0319499 -0.00958932
10.6158 0.0319068 -0.00147021
10.6453 0.0321039 0.00668093
10.6764 0.0325596 0.0146635
10.706 0.0331851 0.0211026
10.7354 0.0339466 0.0259412
10.766 0.0348348 0.0289948
10.7965 0.0357434 0.0297442
10.8268 0.0365957 0.0282182
10.8562 0.0373235 0.0246984
10.8855 0.0378848 0.0191576
10.9156 0.0382441 0.0119481
10.9446 0.0383615 0.00404957
10.973 0.0382448 -0.00411556
11.004 0.0378503 -0.0126905
11.0331 0.0372767 -0.0197241
11.0618 0.0365565 -0.0251098
11.0901 0.0357467 -0.0286515
11.1195 0.0348599 -0.0301713
11.1481 0.0340148 -0.0294961
11.1766 0.033249 -0.0268364
11.203 0.0326511 -0.0226952
11.2312 0.0321768 -0.0167913
11.2602 0.0319017 -0.00950742
11.2895 0.0318615 -0.00136982
11.3188 0.0320595 0.00674985
11.3496 0.0325118 0.0146808
11.3793 0.0331382 0.0211288
11.4088 0.0339055 0.0259841
11.4394 0.0347943 0.0290233
11.4699 0.0357016 0.0297799
11.5001 0.0365547 0.0282634
11.5295 0.0372839 0.0247592
11.5588 0.0378473 0.0192374
11.5891 0.0382106 0.0119989
11.6182 0.0383295 0.0040943
11.6463 0.0382171 -0.00399957
11.6773 0.0378268 -0.0125637
11.7066 0.037253 -0.0196213
11.7353 0.0365345 -0.0250122
11.7637 0.0357249 -0.0285538
11.7931 0.0348393 -0.0300643
11.8218 0.0339953 -0.0293741
11.8505 0.0332316 -0.0266915
11.8768 0.032637 -0.0225324
11.9051 0.0321677 -0.0166252
11.934 0.0318973 -0.00933777
11.9634 0.0318618 -0.00121208
11.9926 0.0320624 0.0068655
12.0232 0.0325143 0.0147442
12.0529 0.0331426 0.0211794
12.0825 0.0339133 0.0260227
12.1131 0.0348023 0.0290308
12.1436 0.0357084 0.0297716
12.1738 0.0365612 0.0282398
12.2032 0.0372896 0.0247216
12.2325 0.0378519 0.0191862
12.263 0.0382141 0.0119071
12.2921 0.03833 0.00398148
12.3204 0.0382127 -0.00414848
12.3514 0.0378177 -0.0127032
12.3806 0.0372431 -0.0197233
12.4093 0.0365222 -0.0250921
12.4376 0.0357127 -0.0286055
12.4671 0.034826 -0.0300943
12.4958 0.033982 -0.029388
12.5244 0.0332186 -0.0266931
12.5508 0.0326242 -0.0225308
12.579 0.032155 -0.0166198
12.608 0.0318848 -0.00932429
12.6373 0.0318496 -0.00119696
12.6665 0.0320495 0.0068569
12.697 0.0324985 0.0147039
12.7267 0.0331262 0.021138
12.7564 0.0338968 0.0259775
12.787 0.0347846 0.0289736
12.8175 0.0356885 0.0297053
12.8477 0.0365394 0.0281658
12.8772 0.0372659 0.0246411
12.9065 0.037826 0.0191007
12.9369 0.0381855 0.0118246
12.966 0.0382991 0.00389745
12.9943 0.0381797 -0.00422023
13.0255 0.0377821 -0.0127652
13.0546 0.0372064 -0.0197619
13.0833 0.0364845 -0.0251108
13.1117 0.035675 -0.0286001
13.1412 0.034788 -0.0300655
13.1699 0.0339445 -0.0293359
13.1985 0.0331826 -0.0266196
13.2249 0.0325901 -0.0224381
13.2532 0.0321238 -0.016517
13.2822 0.0318566 -0.0092063
13.3116 0.031825 -0.0010762
13.3406 0.0320265 0.00694284
13.371 0.0324744 0.0147455
13.4006 0.033103 0.0211739
13.4304 0.033876 0.026009
13.461 0.0347645 0.0289882
13.4914 0.0356681 0.0297113
13.5216 0.036519 0.0281639
13.5511 0.0372455 0.0246345
13.5805 0.0378055 0.0190906
13.6109 0.0381647 0.0118207
13.6401 0.0382781 0.00388546
13.6685 0.0381574 -0.00425138
13.6996 0.0377586 -0.0127886
13.7288 0.0371821 -0.0197732
13.7576 0.0364593 -0.0251082
13.7859 0.0356503 -0.0285774
13.8154 0.0347633 -0.0300237
13.8442 0.0339206 -0.0292755
13.8729 0.0331603 -0.0265443
13.8993 0.0325698 -0.0223495
13.9275 0.0321062 -0.0164275
13.9566 0.0318416 -0.00910554
13.986 0.0318128 -0.000980031
14.0149 0.032016 0.00701599
14.0452 0.0324636 0.0147852
14.0749 0.0330935 0.0212045
14.1047 0.0338677 0.0260274
14.1353 0.0347566 0.0289872
14.1657 0.0356596 0.0296959
14.196 0.03651 0.0281329
14.2255 0.0372355 0.0245857
14.2548 0.0377941 0.0190289
14.2853 0.0381518 0.0117257
14.3146 0.0382624 0.00378157
14.3429 0.03814 -0.00432548
14.3741 0.0377391 -0.0128505
14.4032 0.0371622 -0.0198122
14.432 0.0364386 -0.025129
14.4603 0.0356295 -0.0285774
14.4899 0.0347421 -0.0300053
14.5187 0.0338999 -0.0292419
14.5473 0.0331405 -0.0264976
14.5738 0.0325513 -0.0222906
14.602 0.0320895 -0.0163643
14.6311 0.0318268 -0.0090316
14.6605 0.0318001 -0.000908135
14.6894 0.0320046 0.00707073
14.7196 0.0324519 0.0148131
14.7493 0.0330829 0.0212234
14.7791 0.0338577 0.0260323
14.8098 0.0347468 0.0289756
14.8402 0.0356494 0.0296701
14.8705 0.0364991 0.0280932
