t x vx
0.01 0.032988 -0.00120145
0.02 0.0329598 -0.00282263
0.0514571 0.0327292 -0.00733084
0.0830516 0.0323579 -0.0117505
0.115417 0.0318396 -0.0160133
0.148791 0.0311722 -0.0199977
0.182769 0.0303791 -0.0233423
0.216264 0.0295189 -0.0256801
0.249395 0.0286333 -0.0267307
0.282459 0.0277695 -0.0261253
0.31524 0.0269851 -0.0239302
0.346821 0.0263427 -0.0203401
0.37986 0.0258535 -0.0148077
0.411976 0.0256041 -0.00776444
0.442501 0.0256152 0.000365088
0.471534 0.0258759 0.00897659
0.500574 0.0264164 0.0186148
0.52812 0.0271882 0.0280146
0.555621 0.028214 0.0373008
0.581419 0.0293892 0.0455555
0.607009 0.030741 0.0528253
0.631002 0.032152 0.058808
0.655159 0.0336876 0.0635672
0.678334 0.0352366 0.0668418
0.701326 0.0368236 0.0690213
0.724054 0.0384163 0.0700777
0.747176 0.0400322 0.0698865
0.770797 0.0416474 0.0683789
0.795627 0.0432674 0.0652444
0.820687 0.0447814 0.0604155
0.846328 0.0461652 0.0539659
0.872789 0.04737 0.0455323
0.900784 0.0483426 0.0347433
0.92969 0.0489788 0.0220082
0.958752 0.0492397 0.00897723
0.986895 0.0491494 -0.00320765
1.01374 0.0487789 -0.0137976
1.03865 0.0482256 -0.0222193
1.06403 0.0474743 -0.0296027
1.08821 0.0466188 -0.0353709
1.1116 0.0456815 -0.0400815
1.1369 0.0445605 -0.0443119
1.16171 0.0433704 -0.047952
1.18646 0.0421034 -0.0511977
1.21103 0.0407779 -0.0539484
1.23616 0.0393622 -0.0563262
1.26167 0.0378742 -0.0583444
1.28694 0.0363597 -0.0599419
1.31325 0.0347512 -0.0611154
1.33863 0.033181 -0.0618896
1.36511 0.0315286 -0.0623904
1.39069 0.0299283 -0.062548
1.41773 0.0282423 -0.0623575
1.44449 0.026588 -0.0618224
1.47243 0.0248911 -0.0607303
1.50026 0.0232456 -0.0591297
1.52793 0.0216701 -0.0569508
1.55558 0.0201755 -0.0540453
1.58315 0.0187875 -0.0503513
1.61054 0.0175333 -0.0457938
1.63803 0.0164324 -0.0400412
1.66598 0.0155125 -0.0329067
1.67708 0.0151815 -0.0298393
1.68809 0.0148854 -0.0268876
1.69895 0.0146267 -0.0238265
1.7098 0.014403 -0.0206134
1.72065 0.0142165 -0.0171856
1.73147 0.0140708 -0.0134642
1.74214 0.0139681 -0.00962768
1.75269 0.013908 -0.00569877
1.76284 0.0138893 -0.0018468
1.77283 0.0139088 0.00195506
1.78288 0.0139667 0.00576288
1.79322 0.0140663 0.00963525
1.80309 0.0141971 0.0132478
1.81265 0.0143562 0.0166313
1.82208 0.0145438 0.0199123
1.83134 0.0147577 0.0231016
1.84051 0.014998 0.0261928
1.84959 0.0152631 0.029198
1.8586 0.0155528 0.0321369
1.86759 0.0158676 0.0350232
1.8766 0.0162087 0.0378805
1.89922 0.0172301 0.0451578
1.92183 0.018401 0.0517806
1.94551 0.0197863 0.0585036
1.969 0.0213101 0.0648666
1.99255 0.0229864 0.0711636
2.01524 0.0247352 0.0770864
2.03775 0.0265987 0.0827748
2.05904 0.028472 0.0880013
2.08032 0.0304487 0.0928904
2.10104 0.0324648 0.0973108
2.1215 0.0345353 0.101184
2.14292 0.0367713 0.10437
2.16347 0.0389674 0.106905
2.18426 0.0412283 0.108756
2.20505 0.0435088 0.109671
2.22661 0.045867 0.109371
2.2477 0.0481456 0.108033
2.26874 0.0503565 0.105086
2.27677 0.0512063 0.1059
2.28429 0.0520111 0.106961
2.29085 0.05272 0.108036
2.29697 0.053387 0.10903
