t x vx
0.01 0.0329897 -0.00103126
0.02 0.0329659 -0.0023818
0.051771 0.0327684 -0.00621643
0.0837343 0.0324467 -0.010063
0.11636 0.031995 -0.0138465
0.150129 0.0314047 -0.0174799
0.184654 0.0306927 -0.0206214
0.21851 0.0299222 -0.0227582
0.252104 0.029123 -0.0237907
0.285531 0.0283366 -0.0235263
0.319207 0.0276009 -0.021848
0.35267 0.0269735 -0.0187487
0.38583 0.0265029 -0.0141909
0.417769 0.0262192 -0.00888315
0.448485 0.0261369 -0.00267766
0.478493 0.0262692 0.00440895
0.50902 0.0266491 0.0124453
0.537313 0.0272281 0.0204625
0.566454 0.0280589 0.0285118
0.595694 0.029116 0.0361498
0.623289 0.0302865 0.0424201
0.650361 0.0315711 0.0474485
0.676246 0.0328915 0.051011
0.702547 0.0342888 0.0531279
0.728365 0.0356751 0.0536958
0.754669 0.0370628 0.0527529
0.781876 0.0384283 0.0501936
0.809516 0.039698 0.0459356
0.83824 0.0408384 0.0397029
0.868436 0.0417887 0.0314708
0.898578 0.042446 0.0218052
0.928871 0.0427905 0.0113742
0.95803 0.0428262 0.00122342
0.985984 0.0425953 -0.00826141
1.01455 0.0421122 -0.0169085
1.04167 0.0414657 -0.0238439
1.06895 0.0406716 -0.0291088
1.09547 0.0398002 -0.0328593
1.12013 0.0389304 -0.0352686
1.14564 0.0379943 -0.0366916
1.17117 0.0370503 -0.0369785
1.19772 0.0360908 -0.036147
1.22602 0.0351271 -0.0340506
1.25457 0.0342451 -0.0308901
1.28459 0.033446 -0.0266144
1.31366 0.0328136 -0.0217603
1.34464 0.032311 -0.016218
1.37626 0.0319745 -0.0106471
1.40826 0.0318032 -0.0053526
1.4403 0.0317821 -0.000656861
1.47242 0.0318826 0.00312688
1.50721 0.0320815 0.00571734
1.54103 0.0323074 0.00668089
1.5745 0.0325123 0.00612006
1.6088 0.0326477 0.00394892
1.64307 0.0326565 0.000257794
1.67594 0.0325081 -0.00451604
1.70787 0.0321999 -0.00965115
1.74021 0.0317172 -0.0149261
1.77264 0.0310776 -0.0197269
1.8063 0.0302824 -0.0236194
1.83894 0.0294367 -0.0259124
1.87152 0.0285741 -0.0264755
1.90403 0.027759 -0.0250734
1.93695 0.0270474 -0.0216116
1.96916 0.0265263 -0.0161837
2.00074 0.0262383 -0.00911884
2.03079 0.0262044 -0.00112875
2.05998 0.0264277 0.00765301
2.09003 0.0269386 0.0169988
2.11775 0.0276421 0.0253767
2.14709 0.0286184 0.0332752
2.17473 0.0297093 0.0394763
2.20211 0.0309218 0.0442736
2.2284 0.0321693 0.0474597
2.25476 0.0334643 0.0491279
2.28154 0.0347832 0.049239
2.3084 0.0360682 0.0478574
2.33638 0.0373233 0.0448551
2.36485 0.0384687 0.0402282
2.39526 0.0394958 0.0337756
2.42703 0.0403134 0.0257333
2.45769 0.0408375 0.0170931
2.48956 0.0410946 0.00806645
2.52157 0.0410695 -0.000782459
2.55206 0.0408065 -0.0086265
2.58265 0.0403394 -0.0152676
2.61259 0.0397299 -0.0203605
2.64276 0.0390116 -0.0238128
2.67268 0.0382447 -0.0256264
2.70053 0.0375208 -0.0259989
2.72918 0.0367987 -0.0252018
2.75756 0.0361404 -0.0231921
2.787 0.0355543 -0.0199086
2.8185 0.0350694 -0.0153953
2.85076 0.034744 -0.0100843
2.88216 0.034601 -0.00455439
2.91507 0.0346344 0.0010129
2.94764 0.0348334 0.0061112
2.97893 0.0351503 0.0101278
3.01221 0.0355815 0.0129573
3.04466 0.0360369 0.0140347
3.07826 0.0364825 0.0132618
3.11069 0.0368329 0.010805
3.144 0.0370514 0.00655692
3.17688 0.0370766 0.000769011
3.20851 0.0368852 -0.00605283
3.24011 0.0364589 -0.0134897
3.27066 0.0358322 -0.0205111
3.30228 0.0349782 -0.0270143
3.33226 0.034013 -0.0321925
3.36198 0.0329412 -0.0360683
3.39083 0.0318379 -0.0382349
3.42055 0.0306899 -0.0386256
3.44948 0.029612 -0.0372623
3.47765 0.0286416 -0.0344431
3.50696 0.0277639 -0.0299515
3.53674 0.027058 -0.0237032
3.56824 0.0265641 -0.0156809
3.59836 0.0263496 -0.00711949
3.62919 0.0264058 0.00182223
3.6591 0.0267108 0.0101938
3.68922 0.0272519 0.0179693
3.71973 0.0279998 0.0245095
3.74985 0.0288836 0.0293464
3.77909 0.0298339 0.0324971
3.8075 0.0308034 0.0341332
3.83563 0.0317687 0.0343161
3.86397 0.0327044 0.0330059
3.89196 0.0335568 0.0304517
3.92142 0.0343401 0.0265894
3.95172 0.0349877 0.0213776
3.98352 0.0354628 0.0149412
4.01713 0.03572 0.00765257
4.04849 0.0357479 0.000889674
4.07927 0.0355794 -0.00547483
4.11129 0.0352226 -0.0111446
4.14378 0.0347263 -0.0152746
4.17665 0.0341435 -0.0177303
4.20831 0.0335623 -0.0183595
4.23963 0.0330193 -0.0173373
4.27101 0.0325579 -0.014702
4.30189 0.0322278 -0.0106925
4.33075 0.032062 -0.00574098
4.3624 0.0320792 0.000541694
4.39311 0.0323002 0.00719492
4.42398 0.0327268 0.013823
4.45542 0.0333517 0.0198728
4.48669 0.0341267 0.024784
4.51835 0.035017 0.0281215
4.54937 0.0359343 0.029577
4.58057 0.03684 0.0290303
4.61172 0.0376681 0.0265785
4.64292 0.0383583 0.0221185
4.67408 0.0388458 0.0156485
4.70371 0.0390851 0.0080767
4.73279 0.0390775 -0.000263676
4.76334 0.0387859 -0.00954365
4.79289 0.0382426 -0.0183867
4.82207 0.0374727 -0.0263805
4.85181 0.0364901 -0.0330368
4.87978 0.035427 -0.0380203
4.90807 0.0342568 -0.0413522
4.9359 0.0330623 -0.0429358
4.96235 0.031923 -0.0430702
4.98954 0.0307865 -0.0417938
5.0175 0.0296972 -0.0389534
5.04649 0.0287017 -0.0343474
5.07775 0.0278339 -0.0277561
5.10939 0.0272067 -0.0198214
5.14248 0.0268476 -0.0108522
5.17448 0.0267827 -0.00203026
5.20599 0.0269797 0.00625514
5.23836 0.0274255 0.0137708
5.27054 0.0280624 0.0197931
5.30092 0.0287917 0.0240012
5.33124 0.0296001 0.0266619
5.3617 0.0304445 0.0277235
5.39129 0.0312512 0.0272599
5.42042 0.0319944 0.0255167
5.44881 0.0326369 0.022627
5.4801 0.0332074 0.0182345
5.51114 0.0336072 0.0128781
5.54388 0.0338251 0.00665793
5.57696 0.0338375 0.000372632
5.61046 0.0336462 -0.00570927
5.64395 0.0332822 -0.0108693
5.67678 0.0328069 -0.0144756
5.71072 0.0322473 -0.0164869
5.7426 0.0317127 -0.0167727
5.77488 0.0312136 -0.0154585
5.80679 0.0308139 -0.0125293
5.83897 0.0305558 -0.00801796
5.86941 0.0304825 -0.00241017
5.89978 0.0306109 0.00422761
5.9307 0.0309634 0.0114016
5.96226 0.0315443 0.0184057
5.99306 0.0323037 0.024652
6.0248 0.0332477 0.0297493
6.05468 0.0342363 0.0330801
6.08521 0.0352942 0.0346556
6.11477 0.0363092 0.0343288
6.14471 0.0372682 0.0320348
6.1745 0.0381029 0.0280155
6.20372 0.0387579 0.0224171
6.23298 0.0392043 0.0152558
6.2646 0.0394098 0.00650085
6.29525 0.039328 -0.0026671
6.32642 0.0389527 -0.0120427
6.35589 0.0383577 -0.0201896
6.38583 0.0375405 -0.0272923
6.41596 0.0365521 -0.0328038
6.44445 0.0355163 -0.0363644
6.47331 0.0344126 -0.0382402
6.50063 0.0333583 -0.0385875
6.52792 0.0323325 -0.0375824
6.5557 0.0313561 -0.0351523
6.58423 0.0304659 -0.0312063
6.61554 0.0296722 -0.0253435
6.64716 0.0290942 -0.0182804
6.68046 0.0287548 -0.0101926
6.7131 0.0286883 -0.00203634
6.7456 0.0288712 0.00562951
6.77762 0.0292655 0.0123134
6.80912 0.0298194 0.0175841
6.84071 0.0304913 0.0212689
6.8721 0.0312221 0.0232762
6.90404 0.0319739 0.023543
6.93534 0.0326691 0.0222078
6.96622 0.0332676 0.0193848
6.99515 0.0337102 0.0152972
7.0262 0.0340175 0.00989747
7.05717 0.0341349 0.00379035
7.08902 0.0340463 -0.0027814
7.12242 0.0337324 -0.00939834
7.15509 0.0332391 -0.015099
7.18762 0.0326012 -0.0196123
7.22083 0.0318559 -0.0224384
7.25338 0.0310936 -0.0234207
7.28585 0.0303632 -0.022495
7.31784 0.0297309 -0.0197666
7.34998 0.029242 -0.0152108
7.381 0.028957 -0.00918703
7.41078 0.0288921 -0.00217871
7.44317 0.0290938 0.00622824
7.47363 0.0295355 0.0145038
7.50527 0.0302494 0.0225591
7.53585 0.0311466 0.0293437
7.56605 0.0321903 0.0345556
7.59542 0.0333023 0.0378663
7.62467 0.0344512 0.0392709
7.65324 0.0355634 0.0389293
7.68156 0.036608 0.0368935
7.71027 0.0375605 0.0331691
7.73882 0.0383568 0.0278914
7.76889 0.0389819 0.0207912
7.80034 0.0393633 0.0121256
7.83058 0.0394615 0.00324922
7.86254 0.0392648 -0.00615797
7.89279 0.038822 -0.0146352
7.92283 0.0381604 -0.0220231
7.95337 0.0373097 -0.0278533
7.98318 0.0363615 -0.0318151
8.01245 0.0353672 -0.0339666
8.04051 0.0343997 -0.0344736
8.06762 0.0334887 -0.0336141
8.09559 0.03261 -0.0314125
8.12376 0.0318264 -0.0278162
8.15442 0.0311388 -0.0224264
8.18582 0.0306433 -0.0157798
8.21765 0.0303754 -0.00841655
8.24955 0.0303498 -0.000803721
8.28059 0.030543 0.00622677
8.31197 0.0309362 0.012529
8.34305 0.0314804 0.0175092
8.37531 0.0321588 0.0210302
8.40704 0.0328806 0.0227452
8.43907 0.0336034 0.0225706
8.47093 0.0342597 0.0206013
8.50249 0.0347912 0.0168388
8.53227 0.0351419 0.0117747
8.56243 0.0353094 0.00555513
8.59346 0.0352597 -0.00160347
8.62592 0.0349576 -0.0093028
8.65876 0.0344118 -0.0166231
8.69082 0.033684 -0.0227004
8.7232 0.032802 -0.0272381
8.75501 0.0318516 -0.0298772
8.78654 0.0308906 -0.0304817
8.81819 0.0299706 -0.0290633
8.84821 0.0291961 -0.0258028
8.87775 0.0285818 -0.0207948
8.90747 0.0281632 -0.0140858
8.9376 0.0279815 -0.00603057
8.96792 0.0280649 0.00275265
8.99648 0.0283886 0.0113307
9.02796 0.029025 0.0202186
9.05651 0.0298089 0.0274564
9.08693 0.0308311 0.0336017
9.11565 0.031915 0.0377342
9.14476 0.0330797 0.0400076
9.17299 0.0342224 0.0404914
9.20087 0.0353207 0.0393799
9.22933 0.0363623 0.036611
9.25741 0.0372707 0.0323462
9.28706 0.0380532 0.026391
9.31828 0.0386356 0.0186526
9.35017 0.0389509 0.00989072
9.38001 0.0389929 0.00140587
9.41209 0.0387529 -0.00747933
9.44211 0.0383007 -0.0150667
9.47288 0.037634 -0.0216651
9.50433 0.0367946 -0.0266894
9.5344 0.0358989 -0.0297851
9.56465 0.0349569 -0.0311471
9.59269 0.0340884 -0.0309727
9.62104 0.033253 -0.0294639
9.6496 0.0324943 -0.0265686
9.67854 0.0318505 -0.0222439
9.71037 0.0313332 -0.0162552
9.74244 0.0310336 -0.00933908
9.77476 0.0309694 -0.00198785
9.80564 0.0311251 0.00504112
9.83611 0.0314719 0.0113843
9.86788 0.0320076 0.0168611
9.89786 0.0326301 0.0207654
9.92911 0.033354 0.0231629
9.96057 0.0341012 0.0237564
9.99262 0.0348226 0.0225039
10.0249 0.0354452 0.0192868
10.0565 0.0359005 0.0144231
10.0863 0.0361514 0.00840023
10.1181 0.0361855 0.00107251
10.1488 0.0359827 -0.00662316
10.1812 0.0355107 -0.0145354
10.2118 0.0348594 -0.0212774
10.2437 0.0340008 -0.0269543
10.2744 0.0330547 -0.0308248
10.3057 0.0320276 -0.0328247
10.3369 0.0310044 -0.0327789
10.3667 0.030083 -0.0309443
10.3952 0.0292974 -0.027564
10.4246 0.0286373 -0.0224437
10.4538 0.0281762 -0.0157874
10.486 0.0279386 -0.00736927
10.5166 0.0279789 0.00131887
10.5459 0.0282631 0.00970899
10.578 0.0288522 0.018322
10.607 0.0295833 0.0252357
10.6377 0.0305323 0.0309191
10.6673 0.0315563 0.0346128
10.6968 0.0326319 0.0364814
10.7255 0.0336836 0.0366185
10.7539 0.0346819 0.0351592
10.782 0.0355875 0.0321629
10.8101 0.0363688 0.0278209
10.8409 0.0370354 0.0216313
10.8718 0.0374728 0.0141906
10.9041 0.0376638 0.00590472
10.9348 0.0375997 -0.00208702
10.9657 0.0372985 -0.00975732
10.9958 0.0368064 -0.0163296
11.0277 0.0361094 -0.0218309
11.0597 0.0352923 -0.0255861
11.0907 0.0344405 -0.0274491
11.1213 0.0335977 -0.027551
11.1502 0.0328434 -0.0260902
11.1798 0.0321599 -0.0231029
11.2085 0.0316198 -0.0187879
11.2389 0.0312234 -0.0130408
11.2704 0.0310292 -0.00617405
11.3025 0.0310686 0.00122716
11.3332 0.0313202 0.0081891
11.3654 0.0317996 0.0148911
11.3974 0.0324519 0.0203632
11.4302 0.0332438 0.0242053
11.4615 0.034062 0.0261136
11.4933 0.0348918 0.0261097
11.5253 0.035665 0.0241371
11.5573 0.0363121 0.020198
11.5886 0.0367673 0.0145764
11.6184 0.0370006 0.00781523
11.6495 0.0369982 -7.62805e-05
11.6798 0.036748 -0.0082725
11.7116 0.0362207 -0.0165458
11.7431 0.0354729 -0.0237943
11.7744 0.0345433 -0.0296909
11.8052 0.0335023 -0.0338087
11.8352 0.0324245 -0.0359495
11.8656 0.0313231 -0.036221
11.894 0.0303347 -0.0347991
11.9226 0.0294239 -0.0318305
11.9514 0.0286397 -0.0272068
11.9807 0.0280276 -0.0209058
12.0133 0.0276157 -0.0126159
12.0434 0.0274921 -0.00411645
12.0743 0.0276367 0.00468146
12.1049 0.0280377 0.0130814
12.1363 0.0286869 0.0207223
12.167 0.02951 0.0267727
12.1973 0.030452 0.0310431
12.2272 0.0314522 0.0335041
12.2563 0.0324523 0.0343046
12.2851 0.0334122 0.0334358
12.314 0.0343102 0.0310341
12.3424 0.0350893 0.0274044
12.3727 0.0357606 0.0221822
12.4034 0.0362431 0.0157054
12.4358 0.0365101 0.00824186
12.4671 0.0365397 0.000943166
12.4992 0.0363364 -0.00634425
12.5315 0.0359235 -0.0127784
12.564 0.0353456 -0.0177618
12.5968 0.0346533 -0.0211204
12.628 0.033945 -0.0226857
12.6595 0.0332348 -0.0225887
12.6901 0.0325979 -0.0207678
12.7208 0.0320642 -0.0173956
12.7498 0.0316911 -0.0128845
12.7808 0.031477 -0.00689978
12.8129 0.0314797 8.24781e-05
12.8458 0.0317264 0.0075048
12.8767 0.0321681 0.0142773
12.9095 0.0328369 0.0203808
12.9401 0.0335948 0.0248205
12.9722 0.0344814 0.0276123
13.004 0.0353831 0.0283528
13.0356 0.0362401 0.0271214
13.0673 0.0369981 0.0239042
13.0986 0.0375859 0.0187932
13.1289 0.0379554 0.0121776
13.1586 0.0380899 0.00453078
13.1878 0.0379795 -0.00378105
13.2199 0.0375633 -0.0129626
13.2481 0.0369788 -0.0207147
13.2792 0.0361048 -0.028131
13.3089 0.0350994 -0.0338242
13.3389 0.0339657 -0.037804
13.3685 0.0327861 -0.039857
13.3972 0.0316357 -0.040106
13.4241 0.0305886 -0.0389372
13.4523 0.0295651 -0.0362901
13.4811 0.0286464 -0.031897
13.5113 0.027872 -0.0256552
13.5435 0.0273037 -0.0176363
13.5769 0.0270185 -0.00854003
13.6091 0.0270317 0.000409724
13.6398 0.0272962 0.00861905
13.6719 0.0278195 0.0163121
13.7043 0.0285499 0.0225287
13.7347 0.0293654 0.0268412
13.7648 0.0302567 0.0295814
13.795 0.0311858 0.0307142
13.8246 0.0320805 0.0302844
13.8539 0.0329163 0.0285581
13.8824 0.0336498 0.025714
13.9143 0.0343272 0.0212536
13.9454 0.0348161 0.0156936
13.9775 0.0351173 0.00937418
14.0104 0.035208 0.00276202
14.044 0.0350845 -0.00367265
14.0773 0.0347711 -0.00942073
14.1104 0.0343153 -0.0137728
14.144 0.0337586 -0.0165346
14.1761 0.0331966 -0.0175399
14.2084 0.03265 -0.0169086
14.2404 0.0321791 -0.0147065
14.2721 0.0318286 -0.0110746
14.3023 0.0316388 -0.006292
14.3327 0.0316232 -0.000510783
14.3644 0.031819 0.00616969
14.3955 0.0322161 0.012786
14.4276 0.0328288 0.019076
14.4588 0.0335827 0.0242004
14.4908 0.0344762 0.0278488
14.5223 0.0354098 0.0296545
14.5537 0.0363341 0.0294818
14.5852 0.0371982 0.0274151
14.6165 0.0379311 0.0234008
14.6479 0.038481 0.0174923
14.6778 0.0387898 0.0103293
14.7084 0.0388516 0.00202063
14.7393 0.0386335 -0.0070635
14.7692 0.0381572 -0.015921
14.7999 0.0374144 -0.0242264
14.8303 0.0364655 -0.0311975
14.8602 0.0353749 -0.0364998
14.8897 0.0341961 -0.0399506
14.9188 0.0329834 -0.0415904
14.9459 0.0318565 -0.0416589
14.9737 0.0307338 -0.0403579
15.0021 0.029668 -0.0374709
15.0315 0.0287043 -0.0328806
15.0634 0.0278647 -0.0263008
15.0954 0.027274 -0.0184399
15.1288 0.0269535 -0.0096138
15.1612 0.0269224 -0.000958366
15.1926 0.027144 0.00704966
15.2255 0.0276177 0.0144094
15.258 0.0282787 0.0202839
