t x vx
0.01 0.0330049 0.000492179
0.02 0.0330264 0.00214684
0.0554651 0.0332887 0.00739651
0.0931146 0.0337459 0.0121428
0.134487 0.0344207 0.0163116
0.178576 0.0352805 0.0195007
0.221836 0.0362056 0.0213851
0.272077 0.0373003 0.0217876
0.322985 0.038335 0.0203264
0.375463 0.039232 0.0170924
0.429105 0.0398824 0.0121239
0.478337 0.0401947 0.0063451
0.526645 0.0401828 -0.00024707
0.573552 0.0398379 -0.00735287
0.619668 0.039147 -0.0149825
0.663206 0.03818 -0.0222097
0.709011 0.036827 -0.0295384
0.750706 0.035334 -0.035807
0.7924 0.0336 -0.0415896
0.834302 0.0316422 -0.0467224
0.875047 0.0295627 -0.0510375
0.915418 0.0273597 -0.0545689
0.954809 0.0251048 -0.0572442
0.99438 0.0227726 -0.058936
1.03238 0.0205077 -0.0596072
1.06933 0.0183188 -0.0592422
1.10484 0.0162718 -0.0576365
1.13932 0.014398 -0.0543413
1.15246 0.0136954 -0.0534697
1.16496 0.0130352 -0.05285
