t x vx
0.01 0.0329973 -0.000267231
0.02 0.0329854 -0.001192
0.0696995 0.0327249 -0.00524085
0.119504 0.0322957 -0.00861806
0.171389 0.0317038 -0.0114093
0.225426 0.0309714 -0.013552
0.287293 0.0300537 -0.0148344
0.351326 0.0291044 -0.0148253
0.416628 0.0282225 -0.0135053
0.483555 0.0274938 -0.0108869
0.551927 0.0270083 -0.00710147
0.620149 0.0268434 -0.00241716
0.687216 0.0270326 0.00282202
0.751688 0.027571 0.00834971
0.816074 0.0284685 0.0139402
0.880192 0.0297002 0.0192101
0.941745 0.0311686 0.0238551
1.00175 0.0328378 0.0278193
1.05944 0.0346291 0.0310495
1.11614 0.0365299 0.0335219
1.17107 0.0384619 0.0351743
1.22587 0.0404308 0.0359259
1.27957 0.042347 0.0356842
1.33224 0.0441553 0.0343308
1.38437 0.0458034 0.0316208
1.4368 0.047236 0.0273232
1.49032 0.0483762 0.0213019
1.54644 0.0491363 0.0135453
1.60133 0.0494166 0.00510663
1.65471 0.0492501 -0.00311889
1.70693 0.0486644 -0.0112171
1.75697 0.0477151 -0.0189707
1.80409 0.0464944 -0.0259075
1.84904 0.0450426 -0.0322955
1.89241 0.0433865 -0.0381876
1.94254 0.0411699 -0.0442174
1.99192 0.0387329 -0.0493521
2.0415 0.0360591 -0.0539245
2.08958 0.0332819 -0.0577611
2.13714 0.0303835 -0.0609486
2.1839 0.0274173 -0.0634266
2.23102 0.0243494 -0.0651059
2.27727 0.0212984 -0.0659671
2.32171 0.0183632 -0.0660565
2.36436 0.0155816 -0.0652163
2.38048 0.0145172 -0.0660209
2.39513 0.0135368 -0.0669322
2.4071 0.0127256 -0.0677463
