t x vx
0.01 0.0330054 0.0005375
0.02 0.033028 0.00226121
0.0586252 0.0333381 0.00802766
0.0982495 0.033851 0.0129463
0.141777 0.0346001 0.0172088
0.184751 0.035472 0.020289
0.235108 0.0365861 0.0221239
0.286768 0.0377261 0.0220673
0.339967 0.0387952 0.0200973
0.394689 0.0396829 0.0162205
0.450725 0.0402692 0.0104643
0.506547 0.0404522 0.00327739
0.561927 0.0401772 -0.00496486
0.61523 0.0394439 -0.0137578
0.665582 0.0383294 -0.0221354
0.717398 0.0367597 -0.0302922
0.765094 0.0349841 -0.0372275
0.810934 0.0329961 -0.0433679
0.856073 0.0307999 -0.0486543
0.898444 0.0285566 -0.0529464
0.940433 0.0261887 -0.0563914
0.981248 0.0237886 -0.0588047
1.02157 0.0213648 -0.0601156
1.06051 0.0190192 -0.0602247
1.09824 0.0167946 -0.0589722
1.13418 0.0147782 -0.0561023
1.14787 0.014017 -0.0555846
1.16072 0.0133064 -0.055314
1.17154 0.012713 -0.0548284
1.1818 0.0121597 -0.0539437
