t x vx
0.01 0.0330001 5.14816e-06
0.02 0.033 -9.10955e-07
0.0505048 0.0329996 -1.60244e-05
0.0811102 0.0329984 -3.65748e-05
0.112648 0.0329966 -5.6999e-05
0.145253 0.0329938 -8.62321e-05
0.178607 0.0329904 -0.000101468
0.212826 0.0329866 -0.000112071
0.247491 0.0329852 -4.12142e-05
0.282255 0.0329871 5.64832e-05
0.315174 0.0329931 0.000179698
0.348281 0.0330014 0.000251264
0.38158 0.0330114 0.000301993
0.414924 0.0330228 0.000342116
0.447903 0.033034 0.000337048
0.480572 0.0330428 0.00026981
0.513182 0.0330471 0.000133759
0.545425 0.0330459 -3.95729e-05
0.577494 0.0330386 -0.000227439
0.609874 0.0330252 -0.000411922
0.642038 0.0330056 -0.000611033
0.67404 0.0329787 -0.000839926
0.705915 0.0329435 -0.00110507
0.737696 0.032899 -0.00139769
0.769286 0.0328457 -0.00168725
0.800652 0.0327852 -0.00193073
0.831852 0.03272 -0.00208832
0.862922 0.0326535 -0.00213993
0.893866 0.032589 -0.00208522
0.924668 0.0325303 -0.001905
0.955338 0.0324819 -0.00157903
0.985859 0.0324481 -0.0011092
1.01621 0.0324322 -0.000523782
1.04634 0.0324375 0.000178139
1.07619 0.032467 0.000987291
1.10571 0.0325222 0.00187143
1.13484 0.0326039 0.00280205
1.16358 0.0327115 0.00374346
1.19198 0.0328439 0.00466466
1.22012 0.0329996 0.00553047
1.24812 0.033176 0.00630268
1.27605 0.0333696 0.00693079
1.30394 0.0335752 0.00737206
1.33182 0.0337875 0.00761301
1.35968 0.0340011 0.00766676
1.38751 0.0342107 0.0075318
1.41532 0.0344111 0.00720691
1.44315 0.0345973 0.00669274
1.47106 0.0347643 0.00598022
1.49915 0.0349066 0.00506531
1.52747 0.0350179 0.00393295
1.55601 0.0350916 0.00258242
1.58447 0.0351211 0.00103419
1.61271 0.0351023 -0.000663629
1.64076 0.0350336 -0.00245178
1.66866 0.0349133 -0.00430986
1.6965 0.034742 -0.00615539
1.72434 0.034521 -0.00793344
1.75226 0.0342548 -0.00953778
1.78025 0.0339509 -0.0108542
1.80834 0.0336191 -0.0118159
1.83651 0.0332711 -0.0123509
1.86481 0.0329186 -0.0124583
1.89323 0.0325724 -0.0121806
1.92157 0.0322448 -0.0115585
1.94977 0.0319443 -0.0106538
1.97778 0.0316775 -0.00952807
2.00554 0.0314483 -0.00825738
2.03304 0.0312586 -0.00689759
2.06034 0.0311089 -0.00548449
2.08761 0.0310048 -0.00381486
2.1151 0.0309454 -0.00216072
2.14303 0.0309217 -0.000850935
2.17057 0.0309281 0.000234669
2.19775 0.0309566 0.00104642
2.2249 0.0309999 0.00159454
2.25226 0.0310502 0.00184004
2.28014 0.031099 0.00175024
2.30776 0.0311366 0.00135977
2.33523 0.0311572 0.000751668
2.36313 0.0311577 1.91211e-05
2.39177 0.0311362 -0.000754011
2.42026 0.0310931 -0.00151035
2.44819 0.0310314 -0.0022082
2.4759 0.0309553 -0.00274669
2.50356 0.0308723 -0.00300171
2.53122 0.0307934 -0.00285287
2.55908 0.0307293 -0.00230065
2.58592 0.0306913 -0.00141733
2.61352 0.030685 -0.000225532
2.64055 0.030716 0.0011452
2.66744 0.0307849 0.00256295
2.69496 0.0308942 0.00397093
2.72252 0.0310397 0.00528036
2.75038 0.0312191 0.00643899
2.77838 0.0314233 0.0072924
2.8062 0.0316386 0.00773969
2.83334 0.0318481 0.00771825
2.85963 0.0320383 0.00723335
2.88558 0.0322022 0.00631819
2.91206 0.0323336 0.00496344
2.93841 0.0324206 0.00330051
2.96489 0.0324593 0.00146231
2.99363 0.0324442 -0.000527525
3.02233 0.0323767 -0.00234996
3.05055 0.0322684 -0.00383932
3.07975 0.0321266 -0.00485636
3.10944 0.0319732 -0.00516408
3.13927 0.0318349 -0.00463534
3.16856 0.0317383 -0.00329911
3.19802 0.0317027 -0.00120805
3.22792 0.0317487 0.00153598
3.25695 0.0318838 0.00465587
3.28573 0.032113 0.00796373
3.31534 0.0324429 0.0111401
3.34412 0.0328321 0.0135278
3.37352 0.0332733 0.0150057
3.40367 0.0337349 0.0153102
3.43397 0.0341697 0.0143508
3.46312 0.0345253 0.0121984
3.49143 0.0347845 0.00915468
3.5194 0.0349321 0.00527885
3.54789 0.0349463 0.000495976
3.57597 0.0348163 -0.00462686
3.60462 0.0345369 -0.00975499
3.6344 0.0341075 -0.0144193
3.6633 0.0335915 -0.0178514
3.69297 0.033 -0.019937
3.72307 0.0323868 -0.020377
3.75243 0.0318256 -0.0191116
3.78136 0.0313575 -0.0161834
3.80908 0.0310294 -0.0118351
3.83783 0.0308548 -0.00607474
3.86621 0.0308703 0.000546543
3.89445 0.0310797 0.00741841
3.92307 0.03148 0.0139835
3.95043 0.032004 0.0191544
3.97886 0.032656 0.0229352
4.00734 0.0333617 0.0247759
4.03635 0.034069 0.0243824
4.06541 0.0347032 0.0218205
4.09285 0.0351802 0.0173855
4.11932 0.0354814 0.0113785
4.14657 0.0355921 0.00406267
4.17339 0.0354896 -0.00381824
4.20014 0.0351784 -0.0116336
4.22864 0.0346432 -0.0187825
4.25656 0.0339681 -0.0241818
4.28453 0.0331946 -0.0276511
4.31366 0.0323498 -0.028996
4.34252 0.0315502 -0.02771
4.36942 0.0309011 -0.0241323
4.39623 0.0304027 -0.0185856
4.42183 0.0301042 -0.0116647
4.44895 0.0300108 -0.00344239
4.47645 0.0301572 0.00532503
4.50429 0.0305412 0.0137908
4.53276 0.0311379 0.0209601
4.55968 0.0318398 0.0260695
4.58689 0.0326348 0.0292183
4.61382 0.0334474 0.0301817
4.6415 0.0342395 0.0286121
4.66922 0.0349201 0.024555
4.69626 0.0354201 0.0184905
4.72118 0.0357038 0.0113837
4.74789 0.0357838 0.00299744
4.77465 0.0356273 -0.00585086
4.80116 0.0352517 -0.0141669
4.82971 0.0346366 -0.0215437
4.85667 0.033913 -0.026842
4.88312 0.0331157 -0.0301379
4.9108 0.0322502 -0.0312762
4.939 0.0314129 -0.0296818
4.96467 0.0307468 -0.0259524
4.98997 0.0302333 -0.020299
5.01541 0.0298995 -0.0131197
5.04188 0.0297759 -0.00466867
5.06866 0.0298916 0.00431929
5.09639 0.0302574 0.0131899
5.12411 0.0308305 0.0206792
5.15108 0.0315391 0.0262666
5.17861 0.0323604 0.0298343
5.20546 0.0331949 0.0310823
5.23313 0.0340198 0.0298162
5.26081 0.0347399 0.026011
5.28812 0.0352877 0.0200625
5.31296 0.0356125 0.0130775
5.33969 0.0357386 0.00471434
5.36644 0.0356282 -0.00412541
5.39439 0.0352669 -0.0129267
5.42213 0.0347031 -0.0203258
5.44967 0.033989 -0.0259294
5.47683 0.0331903 -0.0294051
5.50481 0.0323337 -0.0306108
5.53295 0.0315149 -0.0290959
5.55859 0.0308629 -0.0254335
5.58428 0.030355 -0.0197659
5.6094 0.0300365 -0.0126832
5.63582 0.0299233 -0.00428355
5.66251 0.0300475 0.0046538
5.69054 0.0304276 0.013559
5.7182 0.0310085 0.0210022
5.7452 0.031726 0.0265782
5.77279 0.0325575 0.0301352
5.79959 0.0333977 0.0313539
5.82725 0.0342296 0.0300732
5.85504 0.0349587 0.0262331
5.88246 0.0355132 0.020228
5.90735 0.0358417 0.013198
5.93417 0.0359695 0.00476275
5.9609 0.0358594 -0.00411932
5.98877 0.0354988 -0.0129421
6.01654 0.0349324 -0.0203963
6.04389 0.0342203 -0.0260349
6.07082 0.033424 -0.029561
6.09861 0.0325665 -0.0308544
6.12665 0.031741 -0.0294449
6.15225 0.0310781 -0.0258934
6.17783 0.0305577 -0.0203492
6.20293 0.0302229 -0.013335
6.22936 0.0300912 -0.00498473
6.25612 0.0301958 0.0039078
6.28516 0.0305739 0.0130215
6.31255 0.0311321 0.0203837
6.33899 0.0318182 0.0259448
6.36676 0.0326409 0.0296235
6.39353 0.0334687 0.0309238
6.42146 0.0342989 0.0297315
6.44962 0.0350282 0.0258995
6.47726 0.0355775 0.0198702
6.50236 0.035899 0.0128106
6.52943 0.036016 0.00432059
6.55622 0.0358935 -0.00457267
6.58385 0.035526 -0.0133005
6.61173 0.0349475 -0.0207478
6.63897 0.0342298 -0.0263464
6.6657 0.0334317 -0.0298571
6.69349 0.0325653 -0.0311776
6.72161 0.0317278 -0.0297917
6.74726 0.031054 -0.0262616
6.77279 0.0305245 -0.0207385
6.79798 0.0301786 -0.0137338
6.82444 0.0300361 -0.0053844
6.85125 0.0301305 0.00352106
6.88056 0.0305035 0.0127233
6.90794 0.0310541 0.0201103
6.93433 0.0317324 0.0257051
6.96214 0.032551 0.0294385
6.98896 0.0333762 0.0307716
7.01697 0.0342058 0.0296194
7.04521 0.0349347 0.0258074
7.0729 0.0354829 0.0197977
7.09804 0.0358036 0.0127522
7.12516 0.0359196 0.00428063
7.15199 0.0357963 -0.0045958
7.17964 0.0354285 -0.0133028
7.20751 0.034851 -0.0207153
7.23482 0.0341329 -0.0262964
7.26165 0.0333338 -0.0297843
7.2895 0.0324687 -0.0310626
7.31764 0.0316347 -0.0296348
7.34332 0.0309653 -0.0260721
7.3689 0.0304407 -0.0205083
7.39413 0.0301009 -0.0134679
7.4206 0.029966 -0.00509756
7.44739 0.0300684 0.00382415
7.47629 0.0304423 0.01294
7.50368 0.0309998 0.0203494
7.53017 0.0316873 0.0259568
7.55794 0.0325116 0.0296748
7.58473 0.0333417 0.0309925
7.61263 0.034174 0.0298316
7.64075 0.0349061 0.0260361
7.66843 0.0354607 0.0200357
7.69349 0.0357866 0.0130037
7.72055 0.0359097 0.00454977
7.74739 0.0357936 -0.00432666
7.77507 0.035432 -0.0130606
7.80292 0.0348615 -0.0204864
7.83029 0.0341473 -0.0260947
7.85724 0.0333495 -0.0295964
7.88513 0.0324889 -0.0308646
7.91326 0.0316608 -0.0294318
7.93894 0.0309967 -0.0258667
7.96456 0.0304768 -0.0202913
7.98975 0.0301429 -0.0132537
8.01622 0.0300134 -0.00489264
8.04298 0.0301208 0.00401233
8.07186 0.030499 0.0130982
8.09931 0.0310618 0.0204961
8.12587 0.0317543 0.0260818
8.15366 0.0325816 0.0297673
8.18044 0.0334132 0.0310542
8.20834 0.0342463 0.0298612
8.23647 0.0349787 0.0260349
8.26415 0.0355325 0.0200081
8.28923 0.0358573 0.0129511
8.31629 0.0359784 0.00447405
8.3431 0.0358601 -0.00441261
8.37083 0.0354953 -0.013152
8.39873 0.0349212 -0.020576
8.42603 0.0342071 -0.0261647
8.45285 0.0334118 -0.0296517
8.48071 0.0325499 -0.0309265
8.50887 0.0317194 -0.0295011
8.53456 0.0310529 -0.025938
8.56014 0.0305318 -0.0203712
8.58537 0.0301954 -0.0133338
8.61184 0.0300636 -0.00498159
8.63863 0.0301684 0.00391258
8.6677 0.0305469 0.0130241
8.69517 0.0311073 0.0203979
8.72171 0.0317963 0.0259607
8.74954 0.0326211 0.0296336
8.77636 0.03345 0.0309075
8.80434 0.0342806 0.0296931
8.83255 0.0350094 0.0258337
8.86023 0.0355572 0.019787
8.88537 0.0358767 0.0127087
8.91247 0.0359909 0.00421312
8.93924 0.0358661 -0.00466463
8.96679 0.0354986 -0.0133349
8.99477 0.034918 -0.0207513
9.02202 0.0342011 -0.0263109
9.04873 0.0334058 -0.0297748
9.07659 0.0325408 -0.0310474
9.10479 0.0317056 -0.0296137
9.13054 0.0310351 -0.0260369
9.15611 0.0305121 -0.0204616
9.18141 0.030173 -0.0134007
9.20791 0.0300396 -0.00503452
9.23475 0.0301436 0.00387478
9.26378 0.0305204 0.01298
9.29126 0.0310798 0.0203571
9.31781 0.0317681 0.0259186
9.34565 0.0325918 0.029589
9.3725 0.0334201 0.0308591
9.40047 0.0342493 0.02964
9.42868 0.0349764 0.0257775
9.45634 0.0355226 0.0197424
9.48148 0.0358411 0.0126712
9.50857 0.0359546 0.00419098
9.53529 0.03583 -0.00466499
9.56285 0.0354627 -0.013323
9.59082 0.0348831 -0.0207234
9.61808 0.034167 -0.0262755
9.64482 0.0333719 -0.0297296
9.67272 0.0325076 -0.0309847
9.70095 0.0316738 -0.0295323
9.72673 0.0310051 -0.0259417
9.75233 0.0304841 -0.0203452
9.77765 0.0301482 -0.013269
9.80417 0.0300184 -0.00489494
9.83102 0.0301262 0.00401942
9.85988 0.0305037 0.0130769
9.88742 0.0310672 0.020465
9.91405 0.0317603 0.0260257
9.94188 0.0325862 0.029678
9.96871 0.0334162 0.0309326
9.99664 0.0342458 0.0297015
10.0248 0.0349735 0.0258397
10.0524 0.0355213 0.0198172
10.0776 0.0358416 0.0127542
10.1046 0.0359576 0.00428824
10.1313 0.0358359 -0.00455795
10.1589 0.035471 -0.0132216
10.1869 0.0348943 -0.0206212
10.2142 0.0341802 -0.0261792
10.2409 0.0333867 -0.0296348
10.2689 0.0325241 -0.0308784
10.2971 0.0316932 -0.0294116
10.3229 0.0310272 -0.0258127
10.3486 0.0305091 -0.0202097
10.3739 0.0301767 -0.0131312
10.4004 0.0300503 -0.00476505
10.4273 0.0301613 0.00413744
10.4561 0.0305409 0.0131639
10.4837 0.0311077 0.0205355
10.5104 0.0318038 0.0260758
10.5382 0.0326305 0.0296956
10.5651 0.0334605 0.0309181
10.593 0.034289 0.0296558
10.6212 0.0350151 0.0257633
10.6488 0.03556 0.0197224
10.674 0.0358777 0.012641
10.701 0.0359903 0.00416106
10.7277 0.0358651 -0.00469029
10.7551 0.0355 -0.0133043
10.7832 0.0349193 -0.0207098
10.8104 0.034204 -0.026245
10.8372 0.033411 -0.0296813
10.8651 0.0325483 -0.0309127
10.8933 0.0317169 -0.0294267
10.9191 0.0310503 -0.0258138
10.9447 0.0305329 -0.0202051
10.9701 0.0302005 -0.0131069
10.9967 0.0300748 -0.00473608
11.0235 0.0301868 0.00416799
11.0524 0.0305673 0.0131852
11.08 0.0311345 0.0205407
11.1067 0.0318306 0.0260612
11.1346 0.0326567 0.0296617
11.1614 0.033486 0.0308685
11.1894 0.034313 0.0295943
11.2176 0.0350375 0.025692
11.2452 0.03558 0.0196544
11.2703 0.0358962 0.0125692
11.2974 0.0360068 0.00408793
11.324 0.0358801 -0.00475684
11.3514 0.0355148 -0.0133433
11.3795 0.0349316 -0.0207564
11.4068 0.0342153 -0.026281
11.4335 0.0334216 -0.0297071
11.4614 0.0325585 -0.0309296
11.4897 0.0317263 -0.0294327
11.5155 0.0310591 -0.0258081
11.5411 0.0305418 -0.0201896
11.5665 0.0302099 -0.0130792
11.5931 0.0300849 -0.0047053
11.62 0.0301979 0.00419939
11.6488 0.0305787 0.0132025
11.6765 0.0311466 0.0205493
11.7032 0.0318434 0.0260576
11.7311 0.032669 0.029641
11.7579 0.0334977 0.0308354
11.7859 0.0343233 0.0295503
11.8141 0.0350464 0.0256421
11.8416 0.0355872 0.0196103
11.8668 0.0359024 0.0125265
11.8939 0.0360119 0.0040492
11.9205 0.0358846 -0.00478673
11.9478 0.0355194 -0.0133569
11.976 0.0349349 -0.0207726
12.0032 0.0342178 -0.0262939
12.03 0.0334237 -0.0297082
12.0579 0.0325605 -0.0309177
12.0862 0.0317285 -0.0294081
12.1121 0.0310616 -0.0257673
12.1377 0.0305454 -0.0201353
12.1631 0.030215 -0.0130127
12.1897 0.0300917 -0.00463607
12.2166 0.0302066 0.00426926
12.2454 0.030588 0.0132472
12.273 0.0311578 0.0205881
12.2998 0.031857 0.0260859
12.3277 0.0326827 0.0296443
12.3546 0.0335111 0.0308175
12.3825 0.0343353 0.0295142
12.4107 0.0350568 0.025592
12.4383 0.0355956 0.0195519
12.4634 0.0359093 0.012464
12.4905 0.0360171 0.00398768
12.5171 0.0358884 -0.00484231
12.5444 0.0355225 -0.0133944
12.5725 0.0349362 -0.0208098
12.5998 0.034218 -0.0263159
12.6266 0.0334239 -0.0297091
12.6545 0.0325607 -0.0308968
12.6828 0.0317299 -0.0293612
12.7087 0.0310645 -0.0256963
12.7343 0.0305509 -0.0200467
12.7597 0.0302228 -0.0129043
12.7863 0.0301025 -0.00452154
12.8133 0.0302206 0.00438442
12.842 0.030603 0.0133253
12.8697 0.0311763 0.0206615
12.8966 0.0318796 0.0261396
12.9245 0.0327056 0.0296574
12.9514 0.0335339 0.0307991
12.9793 0.0343563 0.0294623
13.0075 0.0350756 0.0255161
13.035 0.0356113 0.0194595
13.0602 0.0359224 0.012358
13.0872 0.0360272 0.00387653
13.1138 0.0358958 -0.00494953
13.141 0.0355279 -0.0134841
13.1693 0.0349374 -0.0209037
13.1966 0.0342171 -0.0263843
13.2233 0.0334224 -0.0297508
13.2512 0.0325586 -0.0309087
13.2795 0.0317289 -0.0293409
13.3054 0.0310645 -0.0256481
13.331 0.0305535 -0.0199823
13.3565 0.0302272 -0.0128143
13.3831 0.0301097 -0.00442208
13.41 0.0302305 0.00448745
13.4386 0.0306136 0.0133963
13.4664 0.0311906 0.0207347
13.4934 0.0318983 0.026198
13.5213 0.0327246 0.0296802
13.5482 0.0335532 0.0307941
13.5761 0.0343742 0.0294267
13.6042 0.0350916 0.0254628
13.6317 0.0356247 0.0193946
13.6569 0.0359339 0.0122833
13.6839 0.0360366 0.00380083
13.7104 0.0359035 -0.00501845
13.7377 0.0355343 -0.0135446
13.766 0.0349402 -0.0209693
13.7934 0.034218 -0.0264315
