t x vx
0.01 0.0330002 1.81155e-05
0.02 0.0330004 1.92862e-05
0.0580492 0.0330012 2.12623e-05
0.0962402 0.0330021 2.46419e-05
0.135607 0.0330031 2.564e-05
0.176173 0.033004 2.20918e-05
0.217909 0.0330045 1.03941e-05
0.260598 0.0330041 -7.59854e-06
0.303935 0.0330034 -1.64965e-05
0.34734 0.0330031 -8.08619e-06
0.390312 0.0330042 2.68597e-05
0.432087 0.0330068 6.12525e-05
0.473225 0.0330096 6.83654e-05
0.515037 0.0330112 3.8967e-05
0.556118 0.0330093 -4.68735e-05
0.597194 0.0330017 -0.00018466
0.637955 0.0329873 -0.000352781
0.678368 0.0329662 -0.000522982
0.718662 0.032939 -0.000674007
0.758975 0.0329068 -0.000799579
0.799085 0.0328704 -0.000906808
0.83903 0.0328303 -0.00100439
0.878827 0.0327867 -0.00109688
0.918511 0.0327402 -0.00117173
0.958082 0.0326923 -0.00120919
0.997326 0.0326456 -0.00119048
1.03627 0.0326028 -0.00110023
1.07497 0.0325667 -0.000932264
1.11346 0.0325403 -0.000685359
1.15173 0.0325265 -0.000361393
1.18982 0.0325278 3.41759e-05
1.22772 0.032546 0.00048091
1.26546 0.0325826 0.000968916
1.30303 0.0326384 0.00148691
1.34041 0.0327142 0.00202676
1.37757 0.0328097 0.0025716
1.41445 0.0329242 0.00310214
1.45104 0.0330559 0.0035994
1.48735 0.0332026 0.00404211
1.52343 0.0333618 0.00441211
1.55938 0.0335307 0.00469851
1.59523 0.033706 0.0048909
1.63097 0.0338838 0.00497286
1.66657 0.0340594 0.00493173
1.70199 0.0342281 0.00476326
1.73718 0.0343856 0.00447514
1.77214 0.0345287 0.00409635
1.80684 0.0346557 0.00365838
1.84133 0.0347656 0.00318799
1.87563 0.0348587 0.0027112
1.90982 0.034935 0.00223206
1.94393 0.0349943 0.00174087
1.978 0.0350358 0.00121821
2.01209 0.0350571 0.000623836
2.04628 0.0350547 -7.13867e-05
2.08069 0.0350237 -0.00090059
2.11542 0.0349583 -0.0018831
2.15058 0.0348515 -0.00303551
2.18627 0.0346949 -0.00438816
2.22217 0.0344824 -0.00592092
2.25745 0.0342164 -0.00754058
2.29238 0.0338957 -0.0091809
2.32729 0.0335219 -0.0107048
2.36169 0.0331082 -0.0120291
2.39672 0.0326491 -0.013105
2.43129 0.0321718 -0.0138073
2.46526 0.0316934 -0.0140807
2.49898 0.0312249 -0.0138936
2.53277 0.0307795 -0.0131846
2.56646 0.0303768 -0.0119525
2.6001 0.0300337 -0.0101991
2.6337 0.0297697 -0.00785734
2.6668 0.0296055 -0.00495983
2.7 0.0295541 -0.00154721
2.7338 0.0296337 0.00235278
2.7686 0.0298565 0.00640492
2.80275 0.0302056 0.010221
2.83674 0.030663 0.0134586
2.87104 0.0312078 0.0158787
2.90621 0.0318174 0.0173356
2.94086 0.0324308 0.0177051
2.97393 0.0329934 0.0170117
3.00597 0.0334825 0.0152617
3.03861 0.0338905 0.0125
3.07198 0.0341861 0.0088612
3.10565 0.0343352 0.00442695
3.14022 0.0343158 -0.000561024
3.17634 0.0341124 -0.00563137
3.21332 0.033735 -0.010205
3.24699 0.0332829 -0.0134282
3.28254 0.0327323 -0.0154885
3.31618 0.032194 -0.0160023
3.34976 0.0316872 -0.0150904
3.38296 0.0312633 -0.0127692
3.41521 0.0309677 -0.00916521
3.44784 0.0308249 -0.00437552
3.4792 0.0308574 0.00103445
3.51147 0.0310809 0.00692751
3.54484 0.0315053 0.0127203
3.57909 0.03211 0.0176519
3.61465 0.0328709 0.0213963
3.65005 0.0337019 0.0234782
3.68518 0.0345337 0.0236756
3.7207 0.0353152 0.0220048
3.75621 0.0359655 0.0183141
3.79189 0.0364255 0.0128899
3.82407 0.0366451 0.00682309
3.85884 0.0366362 -0.000256162
3.89346 0.0363793 -0.00741857
3.92786 0.0358996 -0.0139445
3.96121 0.0352596 -0.0191945
3.99563 0.0344653 -0.0230716
4.03176 0.033554 -0.0252241
4.06524 0.0327036 -0.0253996
4.09787 0.0319256 -0.0238476
4.13081 0.0312471 -0.0205977
4.16283 0.0307369 -0.015934
4.19582 0.0304076 -0.00998044
4.22818 0.0302966 -0.00342931
4.26253 0.0304257 0.00375663
4.29799 0.0308075 0.0107664
4.33322 0.0313903 0.0165434
4.36739 0.0320978 0.020706
4.40253 0.032915 0.0232532
4.43705 0.0337384 0.023852
4.47259 0.0345327 0.0223504
4.5084 0.0352006 0.0186513
4.54267 0.035661 0.0134345
4.57454 0.0358978 0.00742935
4.60837 0.0359146 0.000498696
4.64128 0.0357013 -0.00648119
4.67506 0.0352588 -0.0131004
4.71093 0.0345847 -0.0187956
4.74606 0.0337836 -0.0228008
4.77974 0.0329405 -0.0250323
4.81352 0.0320798 -0.025483
4.84745 0.0312669 -0.0239597
4.88071 0.0305797 -0.020658
4.91272 0.0300715 -0.0158742
4.94703 0.0297438 -0.00955155
4.98078 0.029658 -0.00254197
5.01467 0.0298231 0.00487277
5.04857 0.0302266 0.0119002
5.08451 0.0308721 0.0179569
5.11817 0.0316228 0.0223046
5.15115 0.0324451 0.0249362
5.18508 0.0333215 0.025831
5.21925 0.0341613 0.0245784
5.25342 0.0348914 0.0213618
5.28726 0.0354485 0.0164637
5.31894 0.0357838 0.010586
5.35258 0.035909 0.00372184
5.38622 0.0357916 -0.00349031
5.42015 0.0354393 -0.0103842
5.4562 0.0348465 -0.016441
5.49001 0.0341433 -0.0208004
5.52309 0.0333636 -0.0235646
5.5583 0.0324984 -0.0245789
5.59285 0.0316888 -0.0234343
5.62559 0.0310152 -0.0205676
5.65772 0.0304961 -0.016158
5.69205 0.0301487 -0.0101208
5.72502 0.0300358 -0.00342286
5.75817 0.0301591 0.0037193
5.79395 0.0305531 0.011013
5.82859 0.0311424 0.0170068
5.86211 0.031864 0.021532
5.89711 0.0327213 0.0244907
5.93094 0.0335841 0.025507
5.96598 0.0344416 0.02447
6.00144 0.0351974 0.0213171
6.03609 0.0357656 0.0163955
6.06753 0.0360994 0.0106186
6.10136 0.0362255 0.00372832
6.1348 0.0361088 -0.00349044
6.16909 0.0357478 -0.0105275
6.20516 0.0351454 -0.0167043
6.23907 0.0344254 -0.0212297
6.27209 0.0336287 -0.0241292
6.30737 0.0327351 -0.0253294
6.3419 0.0318927 -0.0243981
6.37439 0.0311862 -0.0217385
6.4064 0.030625 -0.0175321
6.44058 0.0302256 -0.0116873
6.47348 0.0300588 -0.00507187
6.50667 0.030127 0.00205591
6.54426 0.0304912 0.00968913
6.57839 0.031029 0.0157618
6.61171 0.0317111 0.0204706
6.64697 0.032547 0.0237033
6.68139 0.0334047 0.0249212
6.71674 0.0342561 0.0240856
6.75191 0.0350002 0.0211568
6.78684 0.0355723 0.0163755
6.81865 0.0359116 0.0106688
6.8529 0.0360417 0.0037965
6.8868 0.0359263 -0.00340466
6.92105 0.0355701 -0.0103975
6.95645 0.0349864 -0.0164923
6.99044 0.0342703 -0.0210667
7.02385 0.0334678 -0.024018
7.05923 0.0325748 -0.0252418
7.09398 0.0317286 -0.0243462
7.1266 0.0310208 -0.0217009
7.15882 0.0304575 -0.0174818
7.19284 0.0300608 -0.0116619
7.22578 0.0298949 -0.0050377
7.25887 0.0299645 0.00210471
7.29636 0.0303314 0.00978461
7.3306 0.0308768 0.0159327
7.36397 0.031568 0.0207144
7.39919 0.0324142 0.0240259
7.43339 0.0332801 0.0253177
7.46864 0.0341468 0.0245826
7.50398 0.0349146 0.0217287
7.53907 0.035511 0.0169982
7.57083 0.0358715 0.0113483
7.6051 0.0360257 0.00450114
7.63928 0.035933 -0.0027136
7.67352 0.0356005 -0.00970944
7.70867 0.0350441 -0.0158302
7.74275 0.0343457 -0.0204952
7.77667 0.0335464 -0.0235617
7.81234 0.0326603 -0.0248461
7.84721 0.0318231 -0.0240035
7.87997 0.031122 -0.0214027
7.91236 0.0305642 -0.01722
7.94627 0.0301753 -0.0114704
7.97926 0.0300136 -0.00489942
8.01227 0.0300854 0.00217438
8.04964 0.030451 0.00978259
8.0837 0.0309917 0.0158743
8.11733 0.0316864 0.0206566
8.15272 0.0325335 0.0239405
8.18721 0.0334022 0.0251865
8.22252 0.0342636 0.0243979
8.25773 0.0350211 0.0215109
8.29294 0.0356102 0.0167312
8.32494 0.0359622 0.0110002
8.35941 0.0361032 0.00408982
8.39379 0.0359937 -0.00318582
8.42796 0.0356463 -0.0101656
8.46325 0.0350722 -0.0162685
8.49714 0.0343648 -0.0208696
8.53071 0.0335638 -0.0238651
8.56613 0.0326735 -0.025131
8.60091 0.0318289 -0.0242841
8.63355 0.031121 -0.0216891
8.66579 0.0305558 -0.0175329
8.69987 0.0301547 -0.011767
8.73282 0.0299835 -0.00519662
8.76592 0.0300461 0.00189049
8.8035 0.0304049 0.00954884
8.83744 0.0309362 0.0156543
8.87115 0.0316266 0.0204795
8.90656 0.0324693 0.0238006
8.94111 0.0333359 0.0250805
8.97642 0.034195 0.0243288
9.01156 0.0349501 0.0214881
9.04674 0.0355394 0.0167522
9.07876 0.0358933 0.0110515
9.11323 0.0360369 0.00416607
9.1476 0.0359309 -0.00308439
9.18173 0.0355881 -0.0100436
9.21691 0.0350206 -0.016132
9.25089 0.0343155 -0.0207496
9.28459 0.033515 -0.0237543
9.32019 0.0326245 -0.0250148
9.35505 0.0317827 -0.0241528
9.38777 0.0310778 -0.0215413
9.42009 0.0305167 -0.0173577
9.45411 0.0301226 -0.0115862
9.48706 0.0299575 -0.00500999
9.52011 0.030026 0.00207294
9.55768 0.0303912 0.00972182
9.59179 0.0309311 0.0158264
9.62541 0.0316246 0.0206252
9.66079 0.0324708 0.023924
9.69521 0.0333381 0.0251888
9.73056 0.0342015 0.0244289
9.76586 0.0349627 0.0215635
9.80103 0.0355541 0.0168147
9.83301 0.0359095 0.0111134
9.86743 0.0360551 0.00423182
9.90173 0.0359519 -0.00301032
9.93596 0.0356101 -0.00998606
9.97117 0.0350439 -0.0160796
10.0052 0.0343391 -0.020706
10.0389 0.0335396 -0.0237096
10.0746 0.0326496 -0.0249738
10.1094 0.0318087 -0.0241132
10.1422 0.0311044 -0.0215036
10.1745 0.0305442 -0.0173243
10.2086 0.0301508 -0.0115562
10.2415 0.0299863 -0.00498861
10.2746 0.0300551 0.002081
10.3122 0.0304206 0.00971729
10.3463 0.0309597 0.0158048
10.38 0.0316531 0.020594
10.4154 0.0324985 0.023877
10.4499 0.0333648 0.0251228
10.4853 0.0342264 0.0243426
10.5206 0.0349841 0.0214581
10.5557 0.0355714 0.0167021
10.5878 0.0359231 0.0109848
10.6222 0.0360642 0.00409538
10.6565 0.0359565 -0.0031441
10.6907 0.03561 -0.0101176
10.726 0.0350388 -0.0162037
10.76 0.0343301 -0.0208114
10.7936 0.0335304 -0.0237862
10.8292 0.0326396 -0.0250341
10.8641 0.0317975 -0.0241566
10.8968 0.0310926 -0.0215375
10.9291 0.0305321 -0.0173505
10.9632 0.0301379 -0.0115633
10.9962 0.0299735 -0.00498647
11.0293 0.0300427 0.00208996
11.0669 0.0304095 0.00973525
11.1011 0.0309506 0.0158258
11.1348 0.0316439 0.0206086
11.1702 0.0324892 0.0238864
11.2046 0.0333546 0.025129
11.24 0.0342172 0.0243477
11.2754 0.0349762 0.0214553
11.3105 0.0355632 0.0167087
11.3425 0.0359152 0.0110013
11.3769 0.0360571 0.00412384
11.4111 0.0359513 -0.00309621
11.4454 0.0356057 -0.0100747
11.4807 0.0350359 -0.0161577
11.5148 0.0343276 -0.0207678
11.5484 0.0335289 -0.0237383
11.5841 0.0326383 -0.024983
11.619 0.0317975 -0.0240963
11.6517 0.0310941 -0.0214695
11.6841 0.0305354 -0.0172742
11.7182 0.030144 -0.0114815
11.7511 0.0299823 -0.00490389
11.7842 0.030054 0.00216768
11.822 0.0304237 0.00980334
11.8563 0.0309688 0.0158889
11.8899 0.0316635 0.0206508
11.9253 0.0325096 0.0239073
11.9597 0.0333743 0.0251324
11.9952 0.0342375 0.0243329
12.0306 0.0349968 0.0214158
12.0657 0.0355818 0.0166617
12.0977 0.035932 0.0109454
12.1321 0.0360719 0.00406703
12.1662 0.0359647 -0.00314353
12.2006 0.0356167 -0.0101283
12.2359 0.0350442 -0.0162059
12.27 0.0343342 -0.0208035
12.3036 0.0335363 -0.0237588
12.3392 0.0326466 -0.024999
12.3741 0.0318055 -0.0241056
12.4069 0.0311017 -0.0214757
12.4392 0.0305431 -0.0172789
12.4733 0.0301512 -0.0114799
12.5063 0.0299895 -0.00490205
12.5394 0.0300613 0.0021674
12.5772 0.0304316 0.00980302
12.6116 0.0309773 0.0158823
12.6453 0.0316721 0.0206345
12.6807 0.0325176 0.0238814
12.7151 0.0333814 0.0250955
12.7506 0.0342441 0.0242851
12.7861 0.0350021 0.0213576
12.8212 0.0355847 0.0166059
12.8532 0.0359333 0.0108879
12.8876 0.0360713 0.00401323
12.9216 0.035963 -0.00318374
12.956 0.0356132 -0.0101678
12.9914 0.0350389 -0.0162399
13.0255 0.0343273 -0.0208274
13.0591 0.0335301 -0.0237701
13.0947 0.0326402 -0.0250022
13.1296 0.0317993 -0.0240973
13.1624 0.0310957 -0.0214584
13.1947 0.0305378 -0.0172555
13.2289 0.0301466 -0.0114501
13.2618 0.0299859 -0.00487148
13.295 0.0300586 0.00219375
13.3328 0.0304303 0.00982611
13.3673 0.0309789 0.0159076
13.401 0.0316741 0.020647
13.4364 0.0325197 0.0238821
13.4708 0.0333827 0.0250858
13.5064 0.0342461 0.0242672
13.5419 0.0350043 0.0213248
13.577 0.0355854 0.0165747
13.609 0.0359331 0.0108583
13.6434 0.0360702 0.00398985
13.6773 0.035962 -0.00318752
13.7118 0.0356112 -0.010176
13.7472 0.035036 -0.0162451
13.7814 0.0343233 -0.020827
13.8149 0.0335267 -0.0237577
13.8506 0.0326362 -0.0249794
13.8855 0.0317961 -0.02406
13.9183 0.0310933 -0.0214107
13.9507 0.0305369 -0.0172006
13.9849 0.0301475 -0.0113874
14.0179 0.0299888 -0.0048083
14.051 0.0300634 0.00224995
14.0889 0.0304377 0.00987499
14.1236 0.0309905 0.0159522
14.1573 0.0316867 0.020669
14.1927 0.0325323 0.0238808
14.2271 0.0333944 0.0250676
14.2627 0.0342583 0.0242315
14.2984 0.0350161 0.0212641
14.3334 0.0355945 0.0165109
14.3654 0.0359401 0.010792
14.3998 0.0360751 0.0039315
14.4336 0.035966 -0.00322553
14.4682 0.0356127 -0.0102207
14.5036 0.0350352 -0.016285
14.5379 0.0343206 -0.0208536
14.5714 0.0335247 -0.0237661
14.6071 0.0326335 -0.0249744
14.642 0.031794 -0.024037
14.6748 0.031092 -0.0213745
14.7072 0.030537 -0.0171566
14.7414 0.0301491 -0.0113321
14.7744 0.0299923 -0.00475185
14.8076 0.0300686 0.00229934
14.8456 0.0304451 0.00991674
14.8804 0.0310018 0.0159915
14.9141 0.0316989 0.0206829
14.9495 0.0325439 0.0238651
14.9839 0.0334044 0.0250331
15.0196 0.0342682 0.0241753
15.0553 0.0350247 0.021177
15.0903 0.035599 0.0164165
15.1223 0.0359416 0.0106951
15.1566 0.0360735 0.00384426
15.1903 0.0359627 -0.00328626
15.225 0.0356062 -0.0102838
15.2606 0.0350254 -0.0163395
15.2949 0.0343085 -0.020887
15.3283 0.0335137 -0.0237714
15.3641 0.0326213 -0.0249576
15.399 0.0317832 -0.0239925
15.4319 0.0310827 -0.02131
15.4642 0.0305302 -0.017076
15.4985 0.0301452 -0.0112315
15.5315 0.0299917 -0.00464687
15.5648 0.0300714 0.00240063
15.6026 0.0304492 0.00998296
15.6376 0.031011 0.0160567
15.6713 0.0317099 0.0207184
15.7067 0.0325548 0.0238652
15.7411 0.0334136 0.0250097
15.7769 0.0342775 0.0241284
15.8127 0.0350335 0.0210949
15.8476 0.0356036 0.0163265
15.8796 0.0359431 0.0106039
15.9139 0.0360721 0.00376436
15.9475 0.0359599 -0.00334125
15.9823 0.0356002 -0.0103409
16.0179 0.0350164 -0.0163831
16.0522 0.0342982 -0.0209034
16.0856 0.0335053 -0.0237562
16.1214 0.0326148 -0.024919
16.1563 0.0317788 -0.0239295
16.1892 0.0310804 -0.0212261
16.2215 0.0305312 -0.0169757
16.2559 0.0301497 -0.0111136
16.2889 0.0300001 -0.00452736
16.3222 0.0300837 0.00251432
16.3598 0.0304622 0.0100482
16.3948 0.0310249 0.0160989
16.4285 0.0317247 0.0207369
16.4639 0.0325696 0.0238574
16.4983 0.0334274 0.024982
16.5341 0.034291 0.0240816
16.5701 0.0350461 0.0210186
16.605 0.0356128 0.0162404
16.637 0.0359494 0.0105126
16.6712 0.0360754 0.00368042
16.7047 0.0359612 -0.00341009
16.7396 0.0355984 -0.0104046
16.7753 0.0350112 -0.0164357
16.8097 0.0342913 -0.0209271
16.843 0.0334994 -0.0237506
16.8787 0.0326121 -0.0248896
16.9136 0.0317777 -0.0238816
16.9466 0.0310806 -0.0211605
16.9789 0.030534 -0.0168963
17.0133 0.0301552 -0.0110192
17.0464 0.0300087 -0.00443195
17.0796 0.0300952 0.00260225
17.1172 0.0304742 0.0100944
17.1521 0.0310372 0.0161218
17.1859 0.0317376 0.0207382
17.2213 0.0325821 0.023831
17.2556 0.0334384 0.0249315
17.2915 0.0342997 0.0240098
