t x vx
0.01 0.033 -4.55127e-06
0.02 0.0329999 -4.83967e-06
0.223537 0.0329977 -1.10103e-05
0.427149 0.0329946 -1.48139e-05
0.636064 0.0329916 -1.45921e-05
0.850775 0.0329898 -8.25243e-06
1.07132 0.0329905 3.03527e-06
1.29609 0.0329942 1.66475e-05
1.52485 0.033001 2.95466e-05
1.75529 0.03301 3.88842e-05
1.98489 0.0330196 4.209e-05
2.2132 0.0330283 3.80566e-05
2.44059 0.0330334 2.25778e-05
2.66676 0.0330326 -3.68131e-06
2.89178 0.0330241 -3.76679e-05
3.11474 0.0330072 -7.58623e-05
3.33636 0.032982 -0.000113788
3.55708 0.03295 -0.000144903
3.77701 0.0329148 -0.000160259
3.99628 0.0328819 -0.000149901
4.21512 0.0328589 -0.000105042
4.4338 0.0328546 -1.9935e-05
4.65224 0.0328776 0.000105368
4.8702 0.032935 0.000263315
5.0869 0.0330296 0.000436579
5.30218 0.0331585 0.000598751
5.51609 0.0333111 0.000713464
5.72849 0.0334675 0.00073659
5.93923 0.0335995 0.000625949
6.14855 0.0336761 0.000365938
6.35629 0.0336681 -3.82606e-05
6.56348 0.0335492 -0.000573755
6.77178 0.0332967 -0.00121217
6.97821 0.0329026 -0.00190938
7.18145 0.0323759 -0.00259125
7.38069 0.0317518 -0.00313273
7.5775 0.0310927 -0.00334876
7.77146 0.0305305 -0.00289851
7.96265 0.0301764 -0.00185181
8.15053 0.0300592 -0.000624239
8.32991 0.0302254 0.000926893
8.502 0.0305835 0.00208059
8.66823 0.0312018 0.00371957
8.82986 0.0320787 0.00542544
8.9854 0.033158 0.00693901
9.13961 0.034461 0.00844936
9.28876 0.0358981 0.00963513
9.43356 0.0373727 0.0101839
9.58042 0.0387816 0.00959386
9.71888 0.0397985 0.00734432
9.85137 0.0403549 0.00419969
9.98003 0.0405048 0.00116449
10.1041 0.0403324 -0.00138896
10.2241 0.0398943 -0.00364999
10.3399 0.039226 -0.00577468
10.4493 0.0383741 -0.00778426
10.5579 0.0373096 -0.00980612
10.6645 0.0360518 -0.0117922
10.7705 0.0345972 -0.0137244
10.8805 0.03288 -0.015615
10.9917 0.0309592 -0.0172707
11.1044 0.0288788 -0.0184664
11.2201 0.0266901 -0.0189139
11.337 0.0245759 -0.0180769
11.4474 0.0228594 -0.0155477
11.5507 0.0217061 -0.0111724
11.6478 0.021152 -0.00570447
11.7426 0.0211497 -2.38691e-05
11.8341 0.021613 0.00506257
11.9201 0.0224017 0.00916908
12.0028 0.0234403 0.0125639
12.0803 0.0246243 0.0152714
12.1564 0.025962 0.0175925
12.2397 0.0276125 0.0198093
12.3263 0.0294933 0.0217143
12.4158 0.0315838 0.0233508
12.5058 0.0338023 0.024647
12.6063 0.0363726 0.0255851
12.7113 0.0390835 0.0258072
12.8183 0.041769 0.025103
12.9229 0.0441856 0.0231089
13.0208 0.0460901 0.019454
13.1107 0.0473439 0.0139501
13.1938 0.0479416 0.00719012
13.2754 0.0479529 0.000138402
13.3527 0.0474693 -0.00625484
13.4242 0.0466433 -0.0115398
13.4923 0.0455664 -0.0158142
13.5577 0.0443151 -0.0191319
13.6244 0.0428536 -0.0219409
13.698 0.041047 -0.0245224
13.7778 0.0389097 -0.0268035
13.861 0.0365279 -0.0286277
13.9489 0.0338956 -0.029951
14.0468 0.0308958 -0.0306362
14.1483 0.0278035 -0.0304705
14.259 0.0245486 -0.0293863
14.3672 0.0216091 -0.0271713
14.4695 0.0192012 -0.0235386
14.5611 0.0175356 -0.0181814
14.6436 0.0166304 -0.0109779
14.7197 0.0164138 -0.00284522
14.7919 0.0167801 0.00507305
14.8581 0.0175618 0.0117988
14.9216 0.0186663 0.0174045
14.9834 0.0200107 0.0217406
15.0474 0.0216242 0.0252274
15.1123 0.0234402 0.0279968
15.186 0.0256893 0.0304988
15.2681 0.0283598 0.032518
15.3547 0.0312966 0.0339324
15.4496 0.0345879 0.0346713
15.5485 0.037979 0.0342998
15.6583 0.0415783 0.0327729
15.7699 0.0449241 0.029984
15.8749 0.0476364 0.0258379
15.9675 0.0495009 0.020115
16.0485 0.0505207 0.0125922
16.0776 0.0507916 0.00932376
16.1051 0.050962 0.00618654
16.1299 0.0510439 0.00331129
16.1532 0.051056 0.000516372
16.1745 0.0510075 -0.00227301
16.1949 0.0509078 -0.00489238
16.2147 0.0507615 -0.00736782
16.2343 0.0505705 -0.00974649
16.2535 0.0503408 -0.0119598
16.2723 0.050078 -0.0140298
16.292 0.0497595 -0.0161046
16.3435 0.0486836 -0.0209237
16.3935 0.0474542 -0.0245496
16.4494 0.0458993 -0.0278224
16.5139 0.0439141 -0.0307749
16.5859 0.0415241 -0.0332074
16.6607 0.0389033 -0.0350354
16.7517 0.0355717 -0.0366321
16.846 0.0320487 -0.037352
16.9462 0.0283415 -0.0369814
17.059 0.0243694 -0.0352043
17.171 0.0207689 -0.0321719
17.2769 0.0178221 -0.0278243
17.3695 0.0157926 -0.0219163
17.4014 0.0151593 -0.0198042
17.4295 0.0146695 -0.0174828
17.4534 0.0143081 -0.015114
17.4758 0.0140262 -0.0125505
17.4969 0.0138192 -0.00982034
17.5173 0.0136771 -0.00696028
17.5364 0.0135997 -0.00405124
17.5548 0.0135822 -0.000952974
17.5728 0.0136238 0.00231323
17.5899 0.0137177 0.00546597
17.6068 0.013861 0.00851921
17.6241 0.0140619 0.0115869
17.6413 0.0143103 0.014492
17.6597 0.0146314 0.0174166
17.6784 0.0150088 0.0201496
17.6989 0.0154784 0.0228926
17.7171 0.0159346 0.0251507
17.7403 0.0165821 0.0278338
17.7993 0.018538 0.033166
17.8634 0.0208965 0.0367959
17.9283 0.0234568 0.0394267
18.0035 0.026582 0.0415944
18.0864 0.0301431 0.0429327
18.1849 0.0344385 0.0436201
18.2896 0.0389036 0.0426491
18.3937 0.0430844 0.0401543
18.51 0.0472634 0.0359275
18.616 0.0504567 0.0301441
18.6521 0.051482 0.0284005
18.6819 0.052278 0.026688
18.7055 0.0528695 0.0250145
18.7275 0.0533747 0.0230278
