t x vx
0.01 0.0330002 1.74332e-05
0.02 0.0330004 2.11484e-05
0.0527255 0.0330014 3.23383e-05
0.0857296 0.0330025 3.31138e-05
0.119385 0.0330037 3.48166e-05
0.154209 0.033005 3.66863e-05
0.189882 0.0330054 1.14912e-05
0.226338 0.0330044 -2.71614e-05
0.263483 0.0330026 -4.90351e-05
0.300717 0.0330009 -4.47937e-05
0.337771 0.0330011 5.08729e-06
0.374576 0.0330029 4.82698e-05
0.410972 0.0330037 2.32647e-05
0.446471 0.0330005 -9.098e-05
0.481469 0.0329924 -0.000232454
0.516584 0.0329795 -0.000365396
0.551464 0.0329626 -0.000484248
0.586078 0.0329428 -0.000573686
0.620504 0.0329215 -0.000618037
0.654795 0.0329011 -0.000593797
0.688957 0.0328848 -0.00047944
0.72298 0.032876 -0.000257625
0.756866 0.032879 8.88837e-05
0.790629 0.0328976 0.000549025
0.824142 0.0329342 0.00109279
0.857422 0.0329907 0.00169958
0.890503 0.0330686 0.00235522
0.923419 0.0331692 0.00305403
0.956196 0.0332929 0.0037742
0.988852 0.03344 0.00450392
1.02141 0.0336102 0.00522769
1.05392 0.033802 0.00589965
1.08641 0.0340122 0.00647155
1.11888 0.034236 0.00689054
1.15135 0.0344671 0.00711926
1.18379 0.034698 0.00711657
1.21621 0.0349197 0.00683826
1.24859 0.0351225 0.00626418
1.28096 0.0352964 0.00537186
1.31314 0.0354308 0.00417582
1.34506 0.0355175 0.00271691
1.37674 0.0355515 0.00107342
1.40797 0.0355305 -0.000672548
1.43882 0.0354543 -0.00247132
1.46943 0.035325 -0.00422371
1.4999 0.0351449 -0.00591109
1.53034 0.0349167 -0.0074962
1.56073 0.0346459 -0.00891009
1.5908 0.0343438 -0.01005
1.62116 0.0340134 -0.010879
1.65213 0.0336623 -0.0113382
1.68271 0.0333147 -0.0113665
1.71333 0.032979 -0.010962
1.74408 0.0326675 -0.0101289
1.7746 0.032395 -0.00893134
1.80552 0.0321646 -0.00745163
1.83737 0.0319809 -0.00576726
1.86911 0.0318537 -0.00400722
1.9006 0.0317839 -0.0022177
1.93137 0.031767 -0.000548353
1.96126 0.031794 0.000902601
1.9921 0.0318589 0.00210487
2.02292 0.0319502 0.00296427
2.05433 0.0320614 0.00353872
2.08599 0.0321803 0.00375614
2.11666 0.0322886 0.00353152
2.14702 0.0323785 0.00295899
2.17751 0.0324423 0.00209311
2.2081 0.0324728 0.000997375
2.23948 0.0324646 -0.000262515
2.27121 0.0324154 -0.00154884
2.30292 0.0323281 -0.00275478
2.33469 0.0322094 -0.00373482
2.36602 0.0320734 -0.00434165
2.39743 0.0319327 -0.00447959
2.42846 0.0318039 -0.00414958
2.45933 0.0317008 -0.00334231
2.49029 0.0316382 -0.00201967
2.52084 0.0316329 -0.000174054
2.55112 0.0316966 0.00210201
2.58159 0.0318379 0.00463926
2.61281 0.0320677 0.00736166
2.64377 0.0323742 0.00989961
2.67402 0.0327402 0.0120965
2.70431 0.0331583 0.0138011
2.73469 0.0336111 0.014907
2.76524 0.0340751 0.0151871
2.79639 0.0345294 0.0145846
2.82737 0.0349367 0.0131506
2.85713 0.0352628 0.0109549
2.88589 0.0354996 0.00823428
2.91423 0.03564 0.00495458
2.94287 0.035671 0.00108296
2.97263 0.0355701 -0.00339351
3.00286 0.0353261 -0.00807174
3.03387 0.0349346 -0.0126212
3.06497 0.0344208 -0.0165214
3.09566 0.0338217 -0.0195228
3.12579 0.0331768 -0.0214008
3.15544 0.0325227 -0.0220613
3.18521 0.0318837 -0.0214627
3.21472 0.0313065 -0.0195598
3.24308 0.0308362 -0.0165857
3.27123 0.0304818 -0.0125919
3.30093 0.0302627 -0.00737476
3.33078 0.0302229 -0.00133225
3.36077 0.0303765 0.00512138
3.39269 0.030752 0.0117642
3.42201 0.0312637 0.0174526
3.45322 0.0319612 0.022346
3.48374 0.0327442 0.0256514
3.51393 0.0335703 0.0273672
3.54365 0.0343845 0.027397
3.57302 0.0351442 0.0258655
3.60074 0.0357831 0.023054
3.62771 0.0362966 0.019036
3.65512 0.0366752 0.0138108
3.68375 0.0368868 0.00738999
3.71276 0.0368934 0.000229128
3.74442 0.0366448 -0.00785223
3.77452 0.0361854 -0.015265
3.8047 0.0355275 -0.0217934
3.83579 0.0346886 -0.0269856
3.86564 0.0337805 -0.0304187
3.89526 0.0328309 -0.032062
3.92424 0.0319049 -0.031949
3.95197 0.031065 -0.0302914
3.98053 0.0302914 -0.0270843
4.00858 0.0296627 -0.0224135
4.03821 0.0291877 -0.0160325
4.06965 0.0289342 -0.00806447
4.10062 0.0289476 0.000432574
4.13007 0.0292001 0.00857088
4.16157 0.0297286 0.0167778
4.19109 0.0304211 0.0234613
4.22177 0.0313054 0.0288266
4.25142 0.0322625 0.032278
4.28042 0.0332459 0.0339104
4.30978 0.0342356 0.0337145
4.33857 0.0351496 0.0317383
4.36721 0.0359589 0.0282589
4.39518 0.0366119 0.0233519
4.42525 0.0371122 0.0166376
4.45566 0.037382 0.00886972
4.48609 0.0374019 0.00065492
4.51815 0.0371433 -0.008064
4.54877 0.0366578 -0.0158591
4.57901 0.0359815 -0.022362
4.6104 0.0351237 -0.0273255
4.64007 0.0342243 -0.030318
4.66973 0.0332895 -0.0315135
4.69901 0.0323816 -0.0310086
4.72694 0.0315728 -0.0289627
4.75585 0.0308398 -0.0253546
4.78416 0.0302675 -0.0202135
4.81523 0.0298561 -0.0132399
4.84688 0.0296898 -0.00525521
4.87813 0.0297866 0.00309579
4.9072 0.0301001 0.0107843
4.93905 0.0306853 0.0183759
4.96817 0.0313908 0.0242268
4.99941 0.0322854 0.0286397
5.02967 0.0332254 0.0310596
5.0595 0.0341676 0.0315811
5.08987 0.0350797 0.0300367
5.11964 0.0358763 0.0267633
5.14875 0.0365132 0.0218701
5.17726 0.036957 0.0155669
5.208 0.0371949 0.00774065
5.23802 0.0371758 -0.000637152
5.26952 0.0368759 -0.00951805
5.29935 0.0363512 -0.0175898
5.32959 0.0356052 -0.0246771
5.36065 0.0346641 -0.0302909
5.38947 0.033687 -0.033912
5.41908 0.032629 -0.0357265
5.44812 0.0315922 -0.0357005
5.47584 0.0306485 -0.0340474
5.50473 0.0297606 -0.0307334
5.53312 0.0290275 -0.0258212
5.56306 0.0284578 -0.0190302
5.59496 0.028119 -0.0106192
5.62543 0.0280629 -0.00184223
5.6556 0.0282727 0.00695432
5.68659 0.0287552 0.015568
5.71714 0.0294593 0.0230532
5.74768 0.0303462 0.029037
5.77731 0.0313291 0.0331755
5.80603 0.0323495 0.0355244
5.8349 0.0333949 0.0362074
5.86339 0.0343965 0.0351573
5.89225 0.0353335 0.0324655
5.92045 0.0361338 0.0283805
5.95015 0.0368057 0.0226271
5.98085 0.0372796 0.0154365
6.01312 0.0375121 0.00720607
6.04399 0.0374873 -0.000803124
6.07504 0.0372203 -0.00860027
6.10446 0.0367709 -0.0152766
6.1354 0.0361221 -0.0209671
6.16701 0.0353299 -0.0250596
6.19763 0.0344933 -0.0273271
6.2278 0.0336526 -0.0278592
6.25675 0.0328756 -0.0268462
6.2858 0.0321679 -0.0243563
6.31447 0.0315809 -0.0204761
6.344 0.031133 -0.0151667
6.37541 0.03087 -0.00837586
6.40807 0.0308481 -0.000669462
6.43928 0.0310615 0.00683717
6.47004 0.0314897 0.0139211
6.5025 0.0321363 0.0199179
6.53259 0.0328671 0.0242894
6.56332 0.0337007 0.0271268
6.59374 0.0345578 0.0281775
6.62486 0.0354081 0.0273172
6.65638 0.0361842 0.0246254
6.68776 0.036813 0.0200392
6.71735 0.0372297 0.0140803
6.74806 0.0374351 0.0066889
6.77731 0.0373999 -0.00120151
6.8087 0.0370884 -0.00992489
6.83878 0.0365472 -0.0179913
6.86902 0.0357877 -0.0251141
6.89996 0.034831 -0.0309209
6.92879 0.0338265 -0.0348429
6.95801 0.0327461 -0.0369702
6.98694 0.031669 -0.0372315
7.01465 0.0306759 -0.0358422
7.04301 0.0297424 -0.0329075
7.07177 0.0289308 -0.0282274
7.10119 0.0282907 -0.0217583
7.13364 0.0278591 -0.0133017
7.16349 0.0277217 -0.00460087
7.19409 0.0278626 0.00460346
7.22346 0.0282517 0.0132488
7.25409 0.0289078 0.021422
7.28382 0.0297449 0.0281585
7.31257 0.0307004 0.0332339
7.34095 0.0317415 0.0366811
7.36908 0.0328299 0.0386888
7.39748 0.0339425 0.0391771
7.4265 0.0350483 0.0381019
7.4546 0.0360521 0.0357247
7.48348 0.0369794 0.0321071
7.51392 0.037801 0.0269927
7.54531 0.0384468 0.0205723
7.57864 0.0388783 0.0129449
7.60972 0.0390547 0.00567519
7.6413 0.0390068 -0.00151481
7.67295 0.038749 -0.00814366
7.7049 0.0383128 -0.013656
7.73623 0.0377564 -0.0177561
7.76779 0.0371135 -0.0203759
7.79904 0.0364404 -0.0215381
7.82944 0.0357916 -0.0213406
7.85964 0.0351903 -0.0199065
7.88828 0.0346907 -0.017445
7.91998 0.034258 -0.0136513
7.95157 0.0339777 -0.00887444
7.98501 0.0338688 -0.00325565
8.01641 0.0339413 0.00230933
8.04834 0.0341876 0.00771231
8.07975 0.0345735 0.0122871
8.11347 0.0351065 0.0158048
8.14535 0.0356719 0.0177403
8.17835 0.0362663 0.0180067
8.21046 0.0367989 0.0165894
8.24367 0.0372423 0.0133509
8.27692 0.0375206 0.00837034
8.30881 0.0375906 0.00219376
8.3398 0.0374372 -0.00495051
8.3713 0.03704 -0.0126061
8.402 0.0364336 -0.0197538
8.43309 0.0356198 -0.0261783
8.46253 0.0347027 -0.031154
8.49203 0.0336755 -0.034818
8.52138 0.0325939 -0.0368427
8.5506 0.0315084 -0.0371584
8.57813 0.0305175 -0.0359852
8.60659 0.0295686 -0.033345
8.63574 0.0287214 -0.0290647
8.66594 0.0280279 -0.0229616
8.69887 0.0275368 -0.0149137
8.72961 0.0273386 -0.00644968
8.76077 0.0274163 0.00249359
8.79076 0.0277436 0.0109139
8.82223 0.0283444 0.0190883
8.85295 0.0291389 0.0258651
8.8823 0.0300471 0.0309427
8.9114 0.0310455 0.0343159
8.93982 0.0320787 0.0363461
8.9686 0.0331428 0.0369832
8.99775 0.0341972 0.0361702
9.02607 0.0351636 0.034119
9.05543 0.0360699 0.0308745
9.08585 0.0368695 0.026281
9.11751 0.0375158 0.0204135
9.15197 0.0379731 0.0132707
9.18385 0.0381771 0.00639758
9.21615 0.0381685 -0.000264254
9.24953 0.0379458 -0.00667287
9.28238 0.0375574 -0.0118209
9.31467 0.0370532 -0.0156149
9.34556 0.0364975 -0.0179916
9.37751 0.0358833 -0.0192238
9.40906 0.0352783 -0.0191757
9.43997 0.0347231 -0.0179596
9.46886 0.0342655 -0.0158416
9.50135 0.0338605 -0.0124646
9.53341 0.0335998 -0.00813171
9.56638 0.0334942 -0.00320255
9.59798 0.0335501 0.00176955
9.63095 0.0337712 0.0067065
9.66356 0.0341276 0.0109272
9.69703 0.0345963 0.0140044
9.72958 0.0351023 0.015544
9.76275 0.0356135 0.0154116
9.79528 0.0360562 0.0136102
9.8286 0.0363926 0.0100944
9.86205 0.0365583 0.00495402
9.89408 0.0365165 -0.00130266
9.92523 0.0362584 -0.00828588
9.95593 0.0357834 -0.01547
9.98716 0.0350881 -0.0222683
10.0182 0.0342138 -0.0281661
10.0481 0.0332388 -0.0326323
10.0782 0.0321659 -0.0356361
10.1079 0.0310711 -0.0368424
10.1365 0.0300314 -0.0363381
10.1641 0.0290819 -0.0344158
10.1927 0.0281984 -0.030882
10.2217 0.0274541 -0.0256458
10.252 0.0268894 -0.0186269
10.2839 0.0265655 -0.0101804
10.3154 0.0265268 -0.00122552
10.3457 0.0267535 0.00749085
10.3771 0.0272601 0.0161006
10.408 0.027984 0.0234593
10.4382 0.0288686 0.0293364
10.468 0.0298714 0.0336122
10.4968 0.0309168 0.0362538
10.525 0.0319707 0.037421
10.554 0.0330482 0.0371442
10.5815 0.0340265 0.0355257
10.6099 0.0349566 0.0327715
10.6405 0.0358295 0.028563
10.6712 0.0365404 0.0231622
10.7039 0.037082 0.0165293
10.7369 0.0373919 0.0093941
10.7703 0.0374696 0.00232822
10.8022 0.0373411 -0.00404057
10.8344 0.0370311 -0.00960881
10.8675 0.0365685 -0.0139704
10.8997 0.036027 -0.0168476
10.9315 0.0354414 -0.0183754
10.9631 0.0348551 -0.0185721
10.9947 0.0343047 -0.0174161
11.0247 0.0338501 -0.0151737
11.0545 0.0334954 -0.0118864
11.0865 0.0332592 -0.00737955
11.1189 0.0331894 -0.00215722
11.1507 0.0332933 0.00327143
11.1832 0.0335726 0.00858119
11.2154 0.0339952 0.0131335
11.2485 0.0345423 0.0165284
11.2813 0.0351462 0.0184251
11.3139 0.0357536 0.0186221
11.3465 0.0363094 0.0170374
11.3796 0.036762 0.0136816
11.4126 0.0370476 0.00865674
11.4446 0.037123 0.00235323
11.4756 0.0369711 -0.00489844
11.5072 0.0365673 -0.0127682
11.5376 0.0359561 -0.0201464
11.5688 0.0351124 -0.0270337
11.5983 0.0341511 -0.032537
11.6287 0.0330341 -0.0367679
11.658 0.0318866 -0.0391864
11.6873 0.0307187 -0.0399123
11.715 0.0296325 -0.039107
11.7435 0.0285856 -0.0368007
11.7723 0.0276417 -0.0327178
11.802 0.0268461 -0.0267694
11.8341 0.0262436 -0.0187982
11.8661 0.0259352 -0.00964311
11.8977 0.0259338 -4.52315e-05
11.9273 0.0261884 0.00860327
11.9583 0.0267214 0.0171777
11.9894 0.027484 0.0245359
12.0192 0.0283876 0.0302984
12.0486 0.0294035 0.0345202
12.0773 0.0304706 0.0372058
12.1056 0.0315621 0.0385413
12.1344 0.0326716 0.0385923
12.1626 0.0337276 0.0373912
12.1922 0.0347614 0.0349654
12.2225 0.0357099 0.0313497
12.2544 0.0365572 0.0265261
12.2874 0.0372394 0.020655
12.3204 0.0377119 0.0143459
12.3519 0.0379728 0.00826374
12.384 0.03805 0.00240809
12.4169 0.0379555 -0.00287266
12.4508 0.0377089 -0.00728063
12.4836 0.0373686 -0.0103832
12.5152 0.0369837 -0.0121635
12.5472 0.0365725 -0.0128504
12.5798 0.036166 -0.0124699
12.6106 0.0358229 -0.0111292
12.6402 0.035557 -0.00899921
12.6727 0.0353597 -0.00606354
12.7052 0.0352714 -0.00271666
12.737 0.0352929 0.000677906
12.7696 0.035419 0.00385963
12.8034 0.035641 0.00656867
12.8381 0.0359306 0.00834154
12.8725 0.0362383 0.00895533
12.9066 0.0365189 0.00822269
12.9406 0.0367266 0.00612194
12.9743 0.0368197 0.00276457
13.0072 0.0367611 -0.00177665
13.0396 0.0365265 -0.00725412
13.0715 0.0360997 -0.0133666
13.1032 0.0354809 -0.0195162
13.1351 0.0346759 -0.0252715
13.166 0.0337496 -0.0299321
13.197 0.0327184 -0.0333149
13.2274 0.0316474 -0.0352287
13.2581 0.0305568 -0.035539
13.2875 0.0295468 -0.034317
13.3161 0.0286376 -0.0317827
13.3451 0.0278332 -0.027711
13.375 0.0271716 -0.0221204
13.407 0.0266978 -0.0148215
13.4386 0.026494 -0.00645139
13.4694 0.0265538 0.00194305
13.501 0.0268836 0.0104332
13.5312 0.027432 0.0181393
13.5622 0.0282003 0.0248059
13.5927 0.0291229 0.0302928
13.6225 0.0301378 0.0340712
13.6515 0.0311906 0.0362974
13.6801 0.0322546 0.0371894
13.7082 0.0332901 0.0368698
13.736 0.0342781 0.0354906
13.7665 0.0352822 0.0328827
13.7968 0.0361653 0.0291671
13.8293 0.0369577 0.0244028
13.8618 0.0375748 0.0189578
13.8949 0.0380109 0.0131937
13.929 0.0382661 0.00748941
13.9626 0.0383447 0.00233499
13.9954 0.0382849 -0.00182377
14.0292 0.0381117 -0.00512597
14.0612 0.0378828 -0.00715035
14.0934 0.0376227 -0.00806223
14.1258 0.0373656 -0.00794002
14.1579 0.0371476 -0.00679137
14.1873 0.0370034 -0.00490933
14.2188 0.0369297 -0.00233649
14.2513 0.0369516 0.000674377
14.2851 0.0370785 0.0037562
14.3171 0.0372861 0.0064922
14.3516 0.0375859 0.00868697
14.3862 0.0379233 0.00975951
14.4201 0.0382485 0.00957353
14.4537 0.0385204 0.00810476
14.4871 0.0386984 0.00532964
14.5204 0.0387386 0.00120294
14.5528 0.0386064 -0.00408568
14.5844 0.0382855 -0.0101643
14.6154 0.0377657 -0.0167731
14.6462 0.0370443 -0.0233784
14.6769 0.0361406 -0.0294087
14.7065 0.0351228 -0.034472
14.7363 0.0339747 -0.0384697
14.7656 0.0327703 -0.0410799
14.7949 0.0315379 -0.0421603
14.8228 0.0303693 -0.0417514
14.8514 0.0292285 -0.0399722
14.8806 0.0281548 -0.036728
14.9105 0.0272034 -0.0318074
14.9432 0.0263905 -0.0248749
14.9758 0.0258482 -0.0166148
15.0092 0.025601 -0.0074189
15.0418 0.0256601 0.00180822
15.0733 0.025992 0.0105287
15.1029 0.0265259 0.0180638
15.1337 0.027284 0.0246303
15.1638 0.0281818 0.0297886
15.1936 0.0291813 0.033603
15.2225 0.0302268 0.0361874
15.2516 0.0313291 0.0377957
15.2791 0.0323822 0.0383698
15.3072 0.0334563 0.0381585
15.3371 0.0345579 0.0368904
15.3673 0.0356038 0.0346377
15.3984 0.0365867 0.0316128
15.4304 0.0374795 0.0278818
