t x vx
0.01 0.0330002 1.74332e-05
0.02 0.0330004 2.11472e-05
0.0527255 0.0330014 3.23279e-05
0.0857296 0.0330025 3.30687e-05
0.119385 0.0330037 3.47066e-05
0.154209 0.033005 3.64687e-05
0.189882 0.0330054 1.11131e-05
0.226338 0.0330044 -2.77411e-05
0.263483 0.0330025 -4.98389e-05
0.300717 0.0330008 -4.58362e-05
0.33777 0.0330009 3.77305e-06
0.374576 0.0330027 4.6669e-05
0.410972 0.0330034 2.13514e-05
0.446471 0.0330001 -9.3035e-05
0.481468 0.0329919 -0.000234492
0.516584 0.032979 -0.000367173
0.551465 0.0329621 -0.000485376
0.586079 0.0329422 -0.000573575
0.620505 0.032921 -0.000615918
0.654796 0.0329009 -0.000588736
0.688958 0.0328848 -0.000470286
0.722982 0.0328765 -0.000243444
0.756869 0.0328802 0.000109179
0.790631 0.0328997 0.000576582
0.824142 0.0329375 0.00112766
0.857419 0.0329955 0.00174278
0.890497 0.0330751 0.00240723
0.92341 0.0331776 0.00311372
0.956181 0.0333034 0.00383867
0.988832 0.0334525 0.00456874
1.02139 0.0336247 0.00528692
1.05389 0.0338179 0.00594438
1.08637 0.0340286 0.0064893
1.11884 0.0342516 0.00686671
1.1513 0.0344801 0.0070386
1.18374 0.0347058 0.00695899
1.21616 0.0349194 0.00658723
1.24855 0.0351104 0.00589884
1.28094 0.0352683 0.00487514
1.31307 0.0353821 0.00354147
1.34493 0.0354442 0.00194813
1.37655 0.0354495 0.000166107
1.40771 0.0353955 -0.00173293
1.43849 0.0352825 -0.00366941
1.46903 0.0351121 -0.00558016
1.49944 0.0348857 -0.00744453
1.52985 0.0346065 -0.00918123
1.56014 0.0342832 -0.0106752
1.5902 0.0339274 -0.0118344
1.62071 0.0335421 -0.0126303
1.65178 0.0331385 -0.0129903
1.68229 0.0327461 -0.0128574
1.71321 0.032368 -0.0122286
1.74387 0.0320267 -0.0111313
1.77439 0.0317322 -0.0096504
1.8054 0.0314877 -0.00788483
1.83688 0.0313009 -0.00593423
1.86827 0.0311779 -0.00391763
1.89828 0.0311197 -0.00193913
1.92801 0.031119 -2.4131e-05
1.95818 0.0311802 0.00202777
1.98823 0.0312959 0.00384882
2.01874 0.0314536 0.00517153
2.04978 0.0316503 0.00633432
2.08078 0.0318726 0.00717404
2.11135 0.0321048 0.00759542
2.14164 0.0323366 0.00764955
2.172 0.0325608 0.00738414
2.20253 0.0327688 0.00681603
2.23366 0.0329543 0.00595818
2.2654 0.0331096 0.00489233
2.29774 0.0332303 0.00373241
2.33009 0.0333148 0.002613
2.3625 0.0333663 0.00158963
2.39504 0.0333895 0.000711278
2.42744 0.0333925 9.3467e-05
2.45958 0.0333847 -0.000243458
2.49168 0.0333767 -0.000249097
2.52367 0.0333806 0.000120435
2.55553 0.0334082 0.000866629
2.5872 0.0334675 0.00187347
2.61803 0.0335597 0.00298999
2.64865 0.0336863 0.00413617
2.68009 0.0338496 0.00519323
2.7113 0.0340369 0.00600045
2.74283 0.0342409 0.00646884
2.77443 0.034446 0.006492
2.80623 0.034637 0.00600532
2.83828 0.0347958 0.00495685
2.87039 0.0349043 0.00337733
2.90187 0.0349463 0.00133445
2.93295 0.034911 -0.00113338
2.96387 0.0347917 -0.00385832
2.9947 0.0345876 -0.00662285
3.02567 0.0342969 -0.00938752
3.05644 0.0339276 -0.0120006
3.08703 0.033492 -0.0142393
3.11723 0.0330129 -0.0158645
3.14749 0.032505 -0.0167834
3.17772 0.0319911 -0.0170031
3.20775 0.0314973 -0.0164381
3.23754 0.0310498 -0.0150243
3.26568 0.030688 -0.0128592
3.29335 0.0304121 -0.00996897
3.32153 0.0302341 -0.00631599
3.3513 0.030178 -0.00188553
3.38336 0.030283 0.0032759
3.41573 0.0305591 0.00852832
3.44707 0.0309787 0.0133883
3.47883 0.0315341 0.0174917
3.51016 0.0321771 0.0205188
3.54098 0.0328669 0.0223783
3.572 0.0335799 0.0229868
3.60296 0.0342689 0.0222543
3.63298 0.0348773 0.0202655
3.66175 0.0353741 0.0172716
3.69001 0.0357512 0.0133446
3.71933 0.035999 0.00845136
3.74948 0.0360862 0.00289245
3.78047 0.0359873 -0.00319074
3.81248 0.0356826 -0.00951891
3.84335 0.0352154 -0.0151351
3.87418 0.0346044 -0.0198216
3.90535 0.0338755 -0.0233846
3.93663 0.0330807 -0.0254064
3.96703 0.0322964 -0.0258008
3.99713 0.0315545 -0.0246472
4.02684 0.0309018 -0.0219738
4.05576 0.0303816 -0.0179858
4.08563 0.030006 -0.0125755
4.11743 0.029826 -0.00565945
4.14903 0.0298859 0.00189595
4.17773 0.0301408 0.00888539
4.20938 0.0306639 0.0165247
4.23778 0.0313047 0.0225654
4.26832 0.0321393 0.0273293
4.29789 0.0330425 0.0305454
4.32727 0.0339834 0.0320152
4.35701 0.0349264 0.0317092
4.38662 0.0358078 0.0297743
4.41565 0.0365725 0.0263393
4.44379 0.0371778 0.0215097
4.47375 0.0376292 0.0150649
4.50415 0.0378583 0.00753854
4.53494 0.0378399 -0.000598331
4.56646 0.0375524 -0.00912204
4.5952 0.0370753 -0.0166011
4.62502 0.0363801 -0.023315
4.6559 0.0354928 -0.0287313
4.68497 0.0345506 -0.0324062
4.71398 0.0335497 -0.0345083
4.74256 0.0325491 -0.0350017
4.77029 0.0316046 -0.0340611
4.79872 0.0307028 -0.0317242
4.82687 0.0299125 -0.0280739
4.85843 0.0292008 -0.0225484
4.8901 0.0287048 -0.015661
4.92125 0.0284525 -0.00810133
4.95311 0.0284525 6.64962e-07
4.98443 0.0286944 0.00772097
5.01736 0.0291961 0.0152355
5.04896 0.0298678 0.0212589
5.07975 0.0306645 0.0258735
5.1105 0.0315557 0.0289866
5.14053 0.0324701 0.0304499
5.17016 0.0333682 0.0303103
5.20043 0.0342393 0.0287736
5.2293 0.0349892 0.025972
5.2593 0.0356425 0.021781
5.29014 0.0361439 0.0162584
5.32237 0.0364548 0.00964522
5.35448 0.0365437 0.00276827
5.38619 0.0364156 -0.00404018
5.4186 0.0360791 -0.0103807
5.45111 0.0355728 -0.015574
5.4831 0.0349527 -0.0193846
5.51348 0.034295 -0.0216518
5.54468 0.0335927 -0.0225078
5.57539 0.0329204 -0.0218891
5.60605 0.0323132 -0.0198072
5.63511 0.0318327 -0.016535
5.66549 0.0314714 -0.0118924
5.69737 0.0312822 -0.00593186
5.72976 0.0313076 0.000782048
5.76142 0.0315399 0.00733938
5.79352 0.0319773 0.0136223
5.82529 0.0325762 0.0188553
5.85712 0.0332955 0.0226001
5.88817 0.0340595 0.0246022
5.9195 0.0348374 0.0248282
5.95105 0.0355703 0.023231
5.98279 0.0361954 0.0196969
6.01411 0.0366507 0.0145326
6.04378 0.036894 0.0082018
6.07411 0.0369149 0.000689793
6.10572 0.0366674 -0.00782939
6.13718 0.0361536 -0.0163322
6.16714 0.0354422 -0.0237529
6.19798 0.0345088 -0.0302627
6.22673 0.0335004 -0.0350672
6.25583 0.0323892 -0.0381917
6.28442 0.0312591 -0.0395205
6.31245 0.0301604 -0.0392092
6.33984 0.0291375 -0.0373428
6.36793 0.0281868 -0.033845
6.39639 0.027373 -0.028594
6.4278 0.0267131 -0.0210115
6.45984 0.0263303 -0.0119434
6.49175 0.026259 -0.00223689
6.52294 0.0264901 0.00741165
6.55472 0.0270252 0.0168389
6.58426 0.0277547 0.0246915
6.61436 0.0287008 0.0314306
6.6429 0.0297405 0.0364285
6.67095 0.0308584 0.0398634
6.69838 0.0320047 0.0417938
6.72593 0.0331732 0.0424068
6.75288 0.034297 0.0416932
6.7805 0.035395 0.0397555
6.80944 0.0364516 0.0365126
6.83945 0.0374082 0.0318729
6.871 0.0382248 0.0258903
6.90255 0.0388291 0.0191505
6.93577 0.0392155 0.0116299
6.96938 0.0393554 0.00416139
7.0022 0.0392672 -0.00268816
7.03449 0.03899 -0.00858286
7.06629 0.0385633 -0.0134208
7.09649 0.0380499 -0.0169941
7.12775 0.0374338 -0.0197135
7.15894 0.0367649 -0.0214489
7.18955 0.0360839 -0.0222445
7.21813 0.0354491 -0.0222125
7.24882 0.0347908 -0.0214462
7.27992 0.034171 -0.0199318
7.31159 0.0336061 -0.0178348
7.34298 0.0331229 -0.0153946
7.37691 0.0326963 -0.0125724
7.41221 0.0323573 -0.00960456
7.44666 0.032116 -0.0070042
7.48 0.0319489 -0.00501292
7.51478 0.0318212 -0.0036699
7.54951 0.0317107 -0.00318177
7.58414 0.0315851 -0.00362863
7.61797 0.0314169 -0.00497096
7.65124 0.0311837 -0.00701045
7.68418 0.030871 -0.00949354
7.71699 0.0304678 -0.0122882
7.74983 0.029973 -0.0150682
7.78295 0.0293965 -0.0174078
7.81561 0.0287791 -0.0189003
7.84824 0.028152 -0.0192183
7.88114 0.0275573 -0.0180752
7.91399 0.0270538 -0.0153302
7.94645 0.0266959 -0.0110249
7.9783 0.0265272 -0.0052956
8.00883 0.0265716 0.00145518
8.03837 0.0268423 0.00916272
8.06811 0.0273789 0.0180457
8.0976 0.0281674 0.0267359
8.12612 0.0291586 0.0347464
8.15411 0.0303285 0.0417996
8.18093 0.0316049 0.0475898
8.20686 0.0329572 0.0521593
8.23216 0.0343596 0.0554392
8.2574 0.0358096 0.057449
8.28222 0.0372553 0.0582401
8.30727 0.0387054 0.0578766
8.33344 0.0401722 0.0560654
8.35986 0.0415698 0.0528836
8.38722 0.04289 0.0482661
8.41525 0.0440705 0.0421068
8.44442 0.0450656 0.0341096
8.47526 0.0458144 0.0242845
8.50701 0.0462309 0.0131211
8.53847 0.0462944 0.00201654
8.5693 0.0460265 -0.0086914
8.59887 0.045493 -0.0180414
8.62636 0.0447789 -0.0259795
8.65356 0.0438901 -0.0326687
8.68136 0.042816 -0.0386462
8.7068 0.0417032 -0.0437392
8.73208 0.0404781 -0.0484495
8.75722 0.039151 -0.0527885
8.78346 0.0376608 -0.0568096
8.80876 0.0361371 -0.0602036
8.83409 0.0345336 -0.0633028
8.85932 0.0328707 -0.0659333
8.88414 0.0311816 -0.0680373
8.90995 0.0293845 -0.0696367
8.93509 0.0276074 -0.0706996
8.96095 0.0257669 -0.0711604
8.98684 0.0239332 -0.0708139
9.01267 0.0221373 -0.0695431
9.03816 0.020423 -0.0672342
9.06339 0.0188183 -0.0636236
9.08844 0.017354 -0.0584499
9.11346 0.0160655 -0.0515002
9.13888 0.014989 -0.042348
9.1491 0.0145989 -0.0381631
9.15932 0.0142517 -0.0339684
9.16926 0.0139581 -0.0295533
9.17933 0.0137081 -0.0248246
9.18939 0.0135093 -0.0197675
9.19914 0.0133666 -0.0146246
9.2088 0.0132755 -0.00942687
9.21814 0.0132347 -0.00437556
9.22738 0.0132395 0.000527542
9.23642 0.0132859 0.00512461
9.2455 0.0133721 0.00950527
9.2543 0.0134913 0.0135386
9.26283 0.013639 0.0173169
9.27125 0.0138155 0.0209533
9.27977 0.0140241 0.0244871
9.28886 0.0142799 0.0281442
9.29784 0.0145642 0.0316712
9.30679 0.0148785 0.0351086
9.31571 0.015222 0.0384885
9.32465 0.0155957 0.0418244
9.33366 0.0160033 0.0452078
9.35628 0.0172215 0.0538734
9.37874 0.0186083 0.0617247
9.40208 0.0202365 0.0697623
9.4252 0.0220311 0.0776316
9.44745 0.0239264 0.0851669
9.46949 0.0259647 0.0924998
9.49033 0.0280343 0.0993072
9.51077 0.030194 0.105657
9.53041 0.0323821 0.111432
9.5503 0.0347021 0.116633
9.56989 0.0370774 0.121212
9.58958 0.0395403 0.125088
9.61038 0.042197 0.127739
9.63019 0.0447657 0.129696
9.65042 0.0474077 0.130588
9.66989 0.0499483 0.130465
9.68888 0.0523941 0.128807
