t x vx
0.01 0.0330081 0.000810181
0.02 0.0330259 0.0017796
0.0522693 0.0331744 0.00460118
0.084732 0.0334177 0.00749518
0.118156 0.0337672 0.0104569
0.152229 0.0342205 0.0133035
0.186816 0.0347684 0.0158411
0.221913 0.0353922 0.0177747
0.256665 0.0360486 0.0188869
0.291145 0.0367048 0.0190325
0.324402 0.0373081 0.0181387
0.357084 0.0378402 0.0162827
0.388345 0.0382645 0.0135709
0.421707 0.0385893 0.0097358
0.453891 0.0387535 0.00510229
0.484664 0.0387517 -5.856e-05
0.516158 0.0385576 -0.00616318
0.546781 0.038175 -0.0124925
0.576616 0.0376116 -0.0188841
0.606573 0.0368635 -0.0249744
0.635675 0.0359824 -0.0302729
0.664476 0.0349872 -0.0345562
0.692954 0.0339162 -0.0376077
0.722577 0.032751 -0.0393325
0.751181 0.0316181 -0.0396083
0.780377 0.0304957 -0.0384439
0.809453 0.0294588 -0.0356615
0.839412 0.028528 -0.0310673
0.869667 0.0277747 -0.0249003
0.90011 0.0272496 -0.0172465
0.929523 0.0269898 -0.00883372
0.958913 0.0269877 -7.04182e-05
0.989166 0.0272561 0.00887061
1.01683 0.027715 0.0165888
1.04564 0.0283879 0.023353
1.07376 0.02919 0.0285275
1.10104 0.0300623 0.0319721
1.12747 0.030954 0.0337456
1.15371 0.0318464 0.034007
1.18009 0.0327092 0.0327105
1.20567 0.0334803 0.0301339
1.23209 0.0341749 0.0262903
1.26072 0.0347692 0.0207623
1.2884 0.0351671 0.0143763
1.31893 0.0353774 0.00688461
1.34913 0.0353581 -0.000639375
1.38096 0.035097 -0.00820088
1.41222 0.0346397 -0.014632
1.44415 0.0340143 -0.0195832
1.47636 0.033286 -0.0226117
1.50791 0.03254 -0.0236425
1.53904 0.0318315 -0.0227601
1.56909 0.0312291 -0.0200511
1.59869 0.0307641 -0.0157056
1.62849 0.030472 -0.00980375
1.65823 0.0303913 -0.00271467
1.68904 0.0305558 0.00533762
1.7173 0.0309211 0.0129283
1.74812 0.0315499 0.0204021
1.77743 0.0323269 0.0265138
1.80766 0.0332678 0.0311238
1.83677 0.0342491 0.0337064
1.8662 0.0352587 0.0343051
1.8956 0.0362257 0.0328892
1.92457 0.037079 0.0294592
1.95412 0.0377907 0.0240853
1.9823 0.0382749 0.0171836
2.01109 0.0385368 0.00909589
2.04237 0.0385268 -0.000319832
2.07185 0.0382434 -0.00961252
2.10117 0.0377028 -0.0184393
2.13018 0.0369488 -0.0259881
2.16024 0.0359882 -0.0319608
2.18845 0.0349771 -0.0358427
2.21738 0.0338833 -0.037798
2.24547 0.03282 -0.0378614
2.27142 0.0318753 -0.0364049
2.29885 0.0309653 -0.0331797
2.32714 0.0301684 -0.028165
2.35577 0.0295485 -0.0216541
2.38757 0.0291277 -0.0132324
2.41923 0.0289925 -0.00426996
2.45075 0.0291419 0.00474055
2.48013 0.0295169 0.012764
2.51144 0.0301426 0.0199867
2.54204 0.0309176 0.0253294
2.57233 0.0317885 0.0287468
2.60254 0.0326994 0.0301533
2.63232 0.0335821 0.0296382
2.66166 0.0343785 0.0271449
2.6915 0.0350616 0.0228918
2.72 0.0355494 0.0171171
2.74919 0.0358453 0.0101373
2.7795 0.0359118 0.00219405
2.80887 0.0357384 -0.00590505
2.8408 0.0352856 -0.0141793
2.87016 0.0346729 -0.0208661
2.90211 0.0338307 -0.0263619
2.93265 0.0329238 -0.029695
2.96375 0.0319608 -0.0309684
2.99441 0.0310402 -0.0300287
3.02389 0.0302398 -0.0271474
3.05169 0.0296116 -0.0225991
3.08048 0.0291442 -0.0162335
3.10897 0.0289027 -0.00847457
3.14005 0.02892 0.000555616
3.17103 0.0292269 0.00990886
3.20182 0.0298039 0.0187397
3.23179 0.0305952 0.0264025
3.26197 0.0315742 0.0324306
3.2909 0.0326257 0.0363504
3.31943 0.0337163 0.0382227
3.34782 0.0347982 0.0381211
3.37536 0.0357925 0.0360958
3.40414 0.0367113 0.031921
3.4318 0.0374364 0.0262179
3.46001 0.03797 0.0189166
3.49057 0.0382801 0.0101465
3.52168 0.0383014 0.000682977
3.55171 0.0380442 -0.00856663
3.58183 0.037528 -0.0171381
3.61142 0.0368089 -0.0242965
3.64189 0.0359004 -0.0298185
3.67087 0.0349384 -0.0332012
3.70045 0.0339149 -0.0345994
3.72917 0.0329371 -0.0340469
3.75576 0.0320886 -0.0319034
3.78363 0.0313055 -0.0281044
3.81177 0.0306661 -0.0227152
3.84119 0.0302027 -0.0157557
3.87293 0.0299702 -0.00732514
3.90323 0.030005 0.00114934
3.93323 0.0302862 0.00937457
3.96463 0.0308242 0.0171301
3.99566 0.0315493 0.0233703
4.02714 0.0324206 0.0276833
4.05769 0.0333314 0.0298102
4.08807 0.0342391 0.0298724
4.11792 0.035069 0.0278113
4.14727 0.03577 0.0238849
4.17695 0.0363063 0.0180645
4.20568 0.0366238 0.0110519
4.23606 0.0367105 0.00285509
4.26511 0.0365485 -0.00557825
4.29667 0.0360952 -0.0143644
4.3257 0.0354651 -0.021704
4.35716 0.0345852 -0.0279662
4.38709 0.0336245 -0.0320999
4.41766 0.0325809 -0.0341394
4.44753 0.0315655 -0.0339962
4.47643 0.030645 -0.0318484
4.50346 0.0298846 -0.0281279
4.53159 0.029248 -0.0226316
4.5599 0.0288074 -0.0155641
4.59 0.0286004 -0.00687778
4.62001 0.0286664 0.00220161
4.65 0.0290055 0.0113051
4.68097 0.0296218 0.0199012
4.70984 0.0303951 0.0267895
4.73985 0.0313611 0.0321825
4.76889 0.0323909 0.0354645
4.79786 0.033454 0.0366996
4.8263 0.0344774 0.0359883
4.85445 0.0354153 0.0333118
4.88365 0.0362523 0.0286646
4.91212 0.0368918 0.0224628
4.94161 0.0373265 0.0147431
4.97313 0.0375126 0.00590127
5.00294 0.0374234 -0.00299051
5.03445 0.0370459 -0.01198
5.06373 0.0364761 -0.019461
5.09489 0.0356708 -0.0258425
5.12552 0.0347476 -0.0301479
5.1555 0.0337781 -0.0323354
5.18552 0.032805 -0.0324133
5.21386 0.031936 -0.0306675
5.2413 0.0311863 -0.027321
5.26947 0.0305583 -0.0222894
5.29775 0.030111 -0.0158159
5.32844 0.0298763 -0.0076489
5.35904 0.0299056 0.000959433
5.39118 0.0302202 0.00978624
5.42284 0.0307841 0.0178125
5.45387 0.0315417 0.0244187
5.48519 0.0324535 0.0291098
5.51508 0.0333993 0.0316464
5.54552 0.0343767 0.032105
5.57521 0.0352813 0.0304623
5.6045 0.0360656 0.0267822
5.63445 0.0366998 0.0211728
5.66322 0.0371073 0.0141621
5.69285 0.0372866 0.00605208
5.724 0.0371927 -0.00301402
5.75362 0.0368441 -0.0117707
5.78394 0.0362374 -0.0200083
5.81468 0.0354097 -0.0269298
5.84506 0.0344409 -0.0318898
5.87497 0.0334006 -0.0347784
5.90446 0.0323521 -0.0355537
5.93379 0.0313462 -0.0342971
5.9607 0.0305008 -0.0314106
5.98883 0.0297478 -0.0267663
6.01742 0.0291643 -0.020414
6.04696 0.0287954 -0.0124847
6.07891 0.0286921 -0.00323525
6.10954 0.028872 0.00587607
6.13859 0.0292872 0.0142937
6.16979 0.0299789 0.0221662
6.19942 0.0308147 0.028211
6.2299 0.0318039 0.0324483
6.25897 0.0328095 0.0345934
6.28815 0.0338266 0.0348522
6.31672 0.0347749 0.0331967
6.34595 0.0356386 0.0295508
6.37385 0.0363207 0.0244511
6.40208 0.0368242 0.0178347
6.43268 0.0371232 0.00977102
6.46365 0.0371546 0.00101321
6.49438 0.0369163 -0.00775389
6.52644 0.0364 -0.0161078
6.55728 0.0356951 -0.0228558
6.58818 0.0348339 -0.0278646
6.61815 0.0339102 -0.0308219
6.64826 0.0329546 -0.0317438
6.67829 0.0320341 -0.030645
6.70589 0.0312627 -0.0279556
6.73474 0.0305849 -0.0234898
6.76363 0.0300837 -0.0173485
6.79325 0.0297959 -0.00972015
6.82516 0.0297659 -0.000938589
6.85616 0.0300066 0.007765
6.88633 0.0304861 0.0158907
6.91749 0.0312044 0.0230503
6.94742 0.0320526 0.0283422
6.97772 0.0330143 0.0317455
7.00763 0.0340035 0.0330675
7.03724 0.0349607 0.0323306
7.06644 0.0358211 0.0294614
7.09593 0.0365496 0.0247002
7.12411 0.0370685 0.0184202
7.15252 0.0373784 0.0109051
7.18232 0.0374496 0.00238804
7.21117 0.0372673 -0.00631815
7.24285 0.0367811 -0.0153454
7.27136 0.0361361 -0.0226212
7.30235 0.0352423 -0.0288452
7.33192 0.0342689 -0.0329263
7.36195 0.0332195 -0.0349451
7.39158 0.0321866 -0.0348504
7.41939 0.0312706 -0.032935
7.44669 0.0304677 -0.0294118
7.47462 0.0297926 -0.0241748
7.50305 0.029297 -0.0174348
7.53338 0.0290207 -0.00910666
7.56445 0.0290161 -0.000148099
7.59704 0.0293115 0.00906431
7.62861 0.0298576 0.017295
7.65962 0.0306061 0.0241394
7.69086 0.0315172 0.0291639
7.72083 0.0324775 0.0320421
7.75092 0.0334692 0.0329535
7.78014 0.0344017 0.0319187
7.80913 0.0352394 0.0288872
7.83839 0.0359458 0.0241437
7.86703 0.0364577 0.0178737
7.89601 0.0367617 0.0104924
7.9261 0.0368308 0.00229609
7.9559 0.0366473 -0.00615867
7.98809 0.0361763 -0.0146313
8.01705 0.0355592 -0.0213087
8.04876 0.0347081 -0.026838
8.07913 0.0337921 -0.030167
8.10996 0.0328217 -0.0314685
8.14061 0.0318833 -0.0306232
8.16923 0.0310804 -0.0280468
8.19726 0.0304133 -0.0238042
8.22585 0.0299023 -0.0178717
8.25455 0.0295992 -0.0105581
8.28616 0.02954 -0.00187268
8.3168 0.0297499 0.00684744
8.34639 0.0301948 0.0150363
8.37779 0.0309029 0.0225487
8.40698 0.0317249 0.0281649
8.43738 0.0326993 0.0320495
8.46702 0.0337017 0.0338246
8.4967 0.0346984 0.0335706
8.52577 0.0356073 0.0312716
8.55484 0.0363943 0.0270754
8.58313 0.0369975 0.0213174
8.61136 0.037398 0.0141869
8.64279 0.0375725 0.00555241
8.67316 0.0374694 -0.0033965
8.70439 0.0370806 -0.0124491
8.73354 0.0364916 -0.0202006
8.7651 0.0356393 -0.02701
8.79566 0.0346703 -0.0317077
8.82613 0.0336255 -0.0342906
8.85603 0.0325861 -0.0347569
8.88471 0.0316301 -0.0333413
8.91176 0.0308078 -0.0304009
8.93986 0.0300839 -0.025757
8.96823 0.0295298 -0.0195351
8.99841 0.0291786 -0.0116334
9.03024 0.0290921 -0.00271867
9.06163 0.0292867 0.00619702
9.09161 0.0297188 0.0144145
9.12332 0.0304121 0.0218667
9.15365 0.0312428 0.0273888
9.18408 0.0321883 0.0310695
9.21406 0.0331704 0.0327644
9.24371 0.034135 0.0325253
9.27305 0.0350225 0.0302531
9.30317 0.0358096 0.0261312
9.33148 0.0363912 0.0205465
9.3603 0.036783 0.0135926
9.39128 0.0369496 0.00537722
9.42151 0.0368543 -0.00315201
9.45332 0.0364775 -0.0118464
9.48313 0.0359052 -0.0191985
9.51508 0.0350935 -0.0253985
9.5464 0.034169 -0.0295209
9.57737 0.0331933 -0.0315091
9.60784 0.0322363 -0.0314057
9.63721 0.0313705 -0.029475
9.66485 0.0306526 -0.02598
9.69357 0.0300568 -0.0207456
9.7221 0.0296557 -0.0140573
9.75318 0.0294772 -0.00574227
9.78438 0.0295723 0.00304662
9.81422 0.0299142 0.0114554
9.84587 0.0305306 0.0194804
9.87493 0.0312781 0.0257164
9.90667 0.0322449 0.0304641
9.93636 0.033224 0.0329785
9.96645 0.0342322 0.0335014
9.99587 0.0351743 0.0320311
10.0249 0.0360031 0.0285686
10.0542 0.036687 0.0233276
10.0828 0.0371608 0.0165852
10.1131 0.0374187 0.00850282
10.1444 0.0374026 -0.000513232
10.1748 0.0371164 -0.00942149
10.2062 0.0365544 -0.0179054
10.2376 0.0357696 -0.0250123
10.2685 0.0348346 -0.0301906
10.2992 0.033815 -0.0332641
10.3291 0.0327904 -0.0342312
10.3586 0.0318116 -0.0332122
10.3857 0.0309816 -0.0306002
10.4142 0.0302339 -0.026285
10.4428 0.0296521 -0.0203313
10.4726 0.0292706 -0.0127784
10.5045 0.0291437 -0.00397958
10.5354 0.0292934 0.00484415
10.5643 0.029667 0.0129247
10.5965 0.0303326 0.0207181
10.6257 0.0311082 0.026489
10.6564 0.0320481 0.0306314
10.6863 0.0330247 0.0327407
10.7161 0.0340071 0.0329045
10.7454 0.0349192 0.0310951
10.7748 0.0357236 0.0274376
10.8031 0.0363548 0.0222581
10.8315 0.036798 0.0156287
10.8632 0.0370326 0.00740219
10.8942 0.036991 -0.00133895
10.9248 0.0366883 -0.00991737
10.9558 0.0361323 -0.0178871
10.9878 0.0353486 -0.0245507
11.0191 0.0344316 -0.0292283
11.0502 0.0334459 -0.0317704
11.0806 0.0324658 -0.0322062
11.1103 0.0315536 -0.0306597
11.138 0.0307923 -0.0275671
11.1669 0.0301358 -0.0227095
11.1956 0.029668 -0.0163089
11.2261 0.0294151 -0.00828183
11.2566 0.0294238 0.000287338
11.2888 0.029721 0.00923906
11.3207 0.03028 0.0175137
11.352 0.0310434 0.0244231
11.3836 0.0319765 0.0295015
11.4138 0.0329548 0.0324147
11.444 0.0339614 0.0333092
11.4735 0.0349097 0.0322066
11.5025 0.0357536 0.0290562
11.5322 0.036469 0.0240572
11.561 0.036974 0.0175387
11.5907 0.0372638 0.0097706
11.6217 0.0372963 0.00104976
11.6527 0.0370517 -0.00789878
11.6848 0.0365216 -0.016499
11.7155 0.0357999 -0.0235357
11.7464 0.0349051 -0.0289142
11.7772 0.0339147 -0.0321976
11.807 0.0329176 -0.0333856
11.8371 0.0319393 -0.0325242
11.8647 0.0311119 -0.030003
11.8935 0.03037 -0.025756
11.9224 0.0297958 -0.0198461
11.9518 0.0294283 -0.0125242
11.9838 0.0293059 -0.00381708
12.0148 0.0294575 0.00490176
12.0438 0.0298323 0.0129211
12.0758 0.0304916 0.020606
12.105 0.0312615 0.0263175
12.1358 0.0321984 0.030433
12.166 0.0331779 0.0324973
12.196 0.034156 0.0325966
12.2255 0.035062 0.0307032
12.2549 0.0358553 0.0269838
12.2835 0.0364757 0.0217062
12.3119 0.0369028 0.0150141
12.3435 0.0371168 0.00677272
12.3747 0.0370541 -0.00200862
12.4058 0.0367218 -0.0107011
12.4364 0.0361553 -0.018529
12.4685 0.0353477 -0.0251493
12.4999 0.0344126 -0.0297201
12.5309 0.0334154 -0.0321544
12.5614 0.0324272 -0.0324953
12.591 0.0315118 -0.0308647
12.6186 0.0307475 -0.0277332
12.6474 0.0300878 -0.0228754
12.6761 0.0296154 -0.0164894
12.7068 0.0293557 -0.00845501
12.7373 0.0293576 6.23891e-05
12.7692 0.0296418 0.0089091
12.801 0.0301882 0.017149
12.8324 0.0309438 0.024075
12.8642 0.0318706 0.0291798
12.8946 0.0328479 0.0321171
12.9249 0.0338491 0.0330418
12.9545 0.034795 0.0319853
12.9836 0.0356377 0.0289108
13.0134 0.0363523 0.0240059
13.0422 0.0368593 0.0175867
13.0721 0.0371541 0.00988241
13.103 0.0371937 0.00127912
13.1339 0.0369613 -0.0075297
13.1661 0.0364446 -0.0160317
13.1966 0.0357473 -0.0229072
13.2279 0.0348636 -0.028253
13.2589 0.0338866 -0.0314642
13.2888 0.032911 -0.0325975
13.3191 0.0319529 -0.0316757
13.3469 0.0311436 -0.0291232
13.3758 0.0304246 -0.0248237
13.4048 0.0298777 -0.0188791
13.4342 0.0295389 -0.0115367
13.4663 0.0294465 -0.00287819
13.4972 0.0296248 0.005757
13.5262 0.0300212 0.0136725
13.5585 0.0307063 0.0212206
13.5878 0.0314889 0.0267388
13.6186 0.0324329 0.0306204
13.6493 0.0334278 0.0324464
13.6793 0.0343967 0.0322668
13.7088 0.0352852 0.0300864
13.7384 0.0360561 0.0260807
13.7669 0.0366405 0.0205358
13.7954 0.0370301 0.0136626
13.8268 0.0371979 0.00534573
13.8572 0.0370988 -0.0032563
13.889 0.0367141 -0.0120685
13.9187 0.0361339 -0.0195398
13.9507 0.0353051 -0.0259465
13.9818 0.0343644 -0.0302415
14.0127 0.0333605 -0.0324694
14.0431 0.0323702 -0.0326148
14.0724 0.0314663 -0.030861
14.0998 0.0307075 -0.0276258
14.1284 0.0300584 -0.0227257
14.157 0.0295918 -0.016334
14.1878 0.0293348 -0.00832587
14.2184 0.0293393 0.000146866
14.2497 0.0296138 0.00876497
14.2815 0.0301493 0.0168783
14.3129 0.0308931 0.0236907
14.345 0.0318149 0.0286912
14.3757 0.0327833 0.0315061
14.4062 0.0337673 0.0323207
14.436 0.0346969 0.0311752
14.4653 0.0355205 0.028083
14.4951 0.0362112 0.0232075
14.5239 0.0366975 0.0168498
14.5544 0.0369756 0.00912761
14.5857 0.0369927 0.000546254
14.6172 0.0367343 -0.00819597
14.6496 0.0362005 -0.0164586
14.6812 0.035469 -0.0231615
14.7125 0.0345908 -0.0280891
14.7439 0.0336182 -0.0309494
14.7742 0.032657 -0.0317282
14.8044 0.0317352 -0.0304927
14.8323 0.0309629 -0.0276936
14.8614 0.0302894 -0.0231545
14.8904 0.0297963 -0.0170212
14.9203 0.0295136 -0.00943514
14.9525 0.0294888 -0.000771148
