t x vx
0.01 0.0330014 0.000135974
0.02 0.0330043 0.000293536
0.0519996 0.0330286 0.00075968
0.0842524 0.0330685 0.00123559
0.117187 0.0331252 0.00172222
0.151194 0.0332005 0.00221362
0.185745 0.0332923 0.00265685
0.221248 0.0333982 0.00298427
0.257176 0.0335108 0.0031338
0.29311 0.033623 0.0031237
0.328466 0.0337286 0.00298691
0.363413 0.0338235 0.00271458
0.398158 0.0339006 0.00222001
0.432059 0.0339544 0.00158609
0.46587 0.0339846 0.000894071
0.499116 0.0339915 0.000204799
0.53279 0.0339737 -0.000528712
0.566207 0.0339302 -0.00130171
0.599367 0.0338616 -0.00206685
0.632268 0.0337697 -0.00279233
0.664916 0.033658 -0.00342284
0.697881 0.0335296 -0.00389526
0.73085 0.033393 -0.00414353
0.763797 0.0332574 -0.00411576
0.79663 0.0331338 -0.00376472
0.829216 0.033032 -0.00312438
0.861532 0.0329603 -0.00221663
0.893523 0.0329251 -0.00109982
0.925165 0.0329294 0.000133042
0.956482 0.0329737 0.00141755
0.987563 0.033058 0.00270986
1.01853 0.0331807 0.00396117
1.04953 0.0333388 0.00510243
1.08063 0.033527 0.00605264
1.11191 0.0337375 0.00672837
1.14348 0.0339603 0.00705576
1.17539 0.0341832 0.00698816
1.2074 0.034392 0.00652305
1.23908 0.034573 0.00571174
1.27051 0.0347182 0.0046216
1.30176 0.0348218 0.0033148
1.33294 0.0348798 0.00185885
1.36365 0.0348916 0.000383121
1.39403 0.0348596 -0.00105339
1.42427 0.0347875 -0.00238339
1.45454 0.0346804 -0.00353869
1.48453 0.0345464 -0.00446626
1.51492 0.0343917 -0.00509184
1.54531 0.0342286 -0.00536681
1.57571 0.0340677 -0.00529378
1.60653 0.0339167 -0.00489628
1.63739 0.0337871 -0.00420182
1.66765 0.0336883 -0.00326336
1.69777 0.0336232 -0.00216047
1.72807 0.0335918 -0.00103714
1.75784 0.0335905 -4.616e-05
1.78738 0.0336116 0.000714365
1.81688 0.0336469 0.00119649
1.84632 0.033686 0.00132853
1.87584 0.0337171 0.00105614
1.90548 0.0337273 0.000342465
1.93453 0.0337047 -0.0007781
1.96298 0.0336408 -0.00224739
1.99103 0.0335288 -0.00399287
2.01901 0.0333638 -0.00589554
2.04721 0.0331434 -0.00781476
2.07508 0.0328764 -0.00957916
2.10245 0.0325758 -0.0109845
2.12975 0.0322494 -0.0119528
2.157 0.0319139 -0.0123154
2.18384 0.0315905 -0.0120513
2.21087 0.0312897 -0.0111265
2.2371 0.0310376 -0.00960811
2.26278 0.0308443 -0.00753083
2.28755 0.03072 -0.00501528
2.31195 0.0306688 -0.00210088
2.33632 0.0306949 0.00107256
2.36049 0.0307988 0.0042985
2.38412 0.0309752 0.00746456
2.40694 0.0312124 0.0103946
2.4288 0.0314946 0.0129106
2.44966 0.0318073 0.0149884
2.46955 0.0321366 0.0165623
2.48884 0.0324769 0.0176339
2.50786 0.032822 0.0181486
2.52688 0.0331662 0.0180891
2.54621 0.0335032 0.0174393
2.5661 0.0338239 0.0161224
2.58685 0.034116 0.0140752
2.60869 0.0343598 0.0111642
2.63267 0.0345299 0.0070932
2.65904 0.0345795 0.00188176
2.68328 0.0344967 -0.0034141
2.70807 0.034278 -0.00882108
2.73415 0.0339138 -0.0139688
2.76 0.0334462 -0.0180924
2.78726 0.0328737 -0.021
2.81345 0.0322892 -0.022311
2.8371 0.0317663 -0.0221108
2.85933 0.0313076 -0.0206398
2.88304 0.030888 -0.0176941
2.90951 0.0305462 -0.0129121
2.93617 0.0303663 -0.00675048
2.96265 0.0303709 0.000175256
2.98923 0.0305675 0.00739591
3.01689 0.0309681 0.0144802
3.04712 0.0315951 0.0207415
3.07502 0.0322926 0.0250045
3.10529 0.0331291 0.0276359
3.13506 0.0339597 0.027898
3.16381 0.0347055 0.025945
3.19152 0.0353205 0.0221925
3.21876 0.0357759 0.0167141
3.24774 0.036056 0.00966797
3.27527 0.0361146 0.0021292
3.30394 0.035944 -0.00595353
3.33348 0.0355351 -0.0138406
3.36222 0.0349512 -0.0203163
3.39247 0.0341855 -0.0253154
3.42096 0.0333816 -0.0282155
3.45004 0.032534 -0.0291479
3.47862 0.0317393 -0.0278043
3.50717 0.0310451 -0.0243155
3.53315 0.0305428 -0.0193321
3.56057 0.0301899 -0.0128699
3.58892 0.0300439 -0.00515184
3.61747 0.0301321 0.00308986
3.64711 0.0304671 0.0113012
3.67506 0.0309766 0.0182302
3.70326 0.0316449 0.0236975
3.73242 0.0324449 0.0274418
3.76128 0.0332843 0.0290814
3.79057 0.0341172 0.0284403
3.81835 0.0348303 0.0256685
3.84568 0.0354043 0.0209993
3.87394 0.035816 0.0145711
3.90174 0.0360132 0.00709403
3.92971 0.035984 -0.00104615
3.95715 0.0357374 -0.00898414
3.98652 0.0352506 -0.0165714
4.01495 0.0346145 -0.0223822
4.04406 0.0338416 -0.0265448
4.07237 0.0330318 -0.0286083
4.10121 0.0322096 -0.0285109
4.12941 0.0314748 -0.026049
4.15631 0.0308895 -0.0217617
4.18252 0.0304682 -0.0160737
4.20976 0.0302245 -0.00894708
4.23752 0.0301966 -0.00100417
4.26618 0.030404 0.007237
4.2934 0.030803 0.0146558
4.32317 0.0314324 0.0211417
4.35137 0.0321559 0.0256506
4.38176 0.0330197 0.0284311
4.41107 0.0338644 0.028813
4.43957 0.0346334 0.0269844
4.46712 0.0352743 0.0232665
4.49487 0.0357642 0.0176556
4.52427 0.0360683 0.0103443
4.55269 0.0361372 0.00242154
4.58186 0.0359631 -0.00596658
4.61165 0.0355454 -0.014026
4.64024 0.034959 -0.0205094
4.67065 0.0341826 -0.0255264
4.699 0.0333798 -0.0283226
4.72788 0.0325393 -0.0291027
4.75647 0.0317515 -0.0275513
4.78506 0.0310704 -0.0238247
4.81115 0.0305857 -0.018579
4.83842 0.0302617 -0.0118795
4.86687 0.0301483 -0.00398789
4.8953 0.0302685 0.00422903
4.9255 0.030644 0.0124347
4.95361 0.0311799 0.0190671
4.9819 0.0318647 0.0242018
5.01116 0.0326721 0.027599
5.04024 0.0335108 0.0288396
5.0692 0.0343153 0.0277761
5.09696 0.0350006 0.0246911
5.12451 0.0355432 0.0196921
5.15302 0.0359142 0.0130125
5.18055 0.0360656 0.00549913
5.20877 0.0359889 -0.00271826
5.23866 0.0356586 -0.0110475
5.26745 0.0351379 -0.0180927
5.29557 0.0344771 -0.023495
5.32521 0.0336694 -0.0272455
5.35431 0.0328326 -0.0287651
5.38302 0.0320271 -0.0280541
5.41123 0.0313195 -0.0250804
5.43764 0.0307803 -0.0204151
5.46452 0.0303953 -0.0143268
5.49207 0.0302047 -0.00691468
5.51993 0.0302371 0.0011631
5.54914 0.0305127 0.00943792
5.57681 0.0309733 0.01664
5.6055 0.0316213 0.0225903
5.63425 0.0323903 0.0267461
5.66349 0.0332376 0.0289765
5.69241 0.0340744 0.0289369
5.72034 0.0348211 0.0267337
5.7478 0.0354423 0.0226229
5.77559 0.035905 0.0166518
5.80396 0.0361682 0.00927808
5.83191 0.0362041 0.00128426
5.86116 0.0359971 -0.00707677
5.89099 0.0355499 -0.0149968
5.91909 0.0349551 -0.0211622
5.94814 0.0342052 -0.0258123
5.97578 0.0334202 -0.0284077
6.00444 0.0325886 -0.0290132
6.03287 0.0318134 -0.0272626
6.06105 0.0311534 -0.0234282
6.08699 0.0306835 -0.0181135
6.11407 0.0303757 -0.0113652
6.14267 0.0302785 -0.00339769
6.1713 0.0304168 0.00482963
6.20147 0.0308069 0.0129319
6.23005 0.0313632 0.0194611
6.25819 0.0320493 0.0243854
6.28767 0.0328632 0.0276087
6.31691 0.0337002 0.0286214
6.34581 0.0344907 0.0273506
6.37363 0.035161 0.0240929
6.40138 0.0356857 0.0189125
6.43024 0.0360332 0.0120427
6.45788 0.0361563 0.00445361
6.48654 0.0360459 -0.0038519
6.51625 0.0356872 -0.0120736
6.54531 0.0351357 -0.0189795
6.5742 0.0344356 -0.0242368
6.60328 0.0336317 -0.0276415
6.63255 0.0327862 -0.0288911
6.6612 0.0319879 -0.0278628
6.68952 0.0312906 -0.0246152
6.7158 0.0307722 -0.0197296
6.74313 0.030407 -0.0133642
6.77093 0.0302457 -0.00580325
6.79891 0.0303102 0.00230805
6.82858 0.0306244 0.0105848
6.85674 0.0311214 0.017655
6.88529 0.031787 0.0233141
6.91435 0.0325776 0.0272013
6.94293 0.0334082 0.0290631
6.97213 0.0342468 0.0287157
6.99993 0.0349752 0.0262076
7.02746 0.0355747 0.0217751
7.05568 0.0360124 0.0155101
7.08367 0.036238 0.00806108
7.11159 0.0362376 -1.45894e-05
7.13897 0.0360193 -0.00797795
7.16842 0.0355552 -0.0157544
7.19662 0.0349408 -0.0217862
7.22533 0.0341883 -0.0262157
7.25301 0.0333964 -0.0286042
7.28205 0.0325567 -0.0289236
7.31031 0.0317979 -0.026845
7.33781 0.0311702 -0.0228283
7.36373 0.0307198 -0.0173751
7.39081 0.0304361 -0.0104787
7.41902 0.030365 -0.00252044
7.44771 0.0305286 0.00570277
7.47678 0.0309223 0.0135443
7.50544 0.0314952 0.0199873
7.5333 0.0321848 0.0247555
7.56305 0.0330139 0.0278671
7.59236 0.033855 0.0287034
7.62116 0.0346412 0.0272971
7.64895 0.0353063 0.0239285
7.67674 0.0358242 0.0186369
7.70557 0.0361613 0.0116935
7.73356 0.036273 0.00399002
7.76254 0.0361456 -0.00439721
7.79211 0.0357737 -0.012577
7.82119 0.0352089 -0.0194209
7.85092 0.0344751 -0.0246825
7.87967 0.0336729 -0.0279035
7.9089 0.0328244 -0.0290266
7.93754 0.032027 -0.0278432
7.96596 0.0313322 -0.0244479
7.99215 0.0308227 -0.0194564
8.0197 0.0304656 -0.0129599
8.04771 0.0303167 -0.00531524
8.07586 0.0303963 0.00282722
8.10573 0.030727 0.0110742
8.13392 0.0312349 0.0180098
8.1626 0.0319099 0.0235394
8.19191 0.0327092 0.0272724
8.22053 0.0335371 0.028922
8.24989 0.0343691 0.028345
8.27772 0.0350826 0.0256308
8.30535 0.0356627 0.0209979
8.33392 0.0360786 0.0145567
8.36178 0.0362755 0.00706766
8.38977 0.0362462 -0.00104754
8.4174 0.0359969 -0.00901903
8.44669 0.0355113 -0.0165836
8.47493 0.0348783 -0.0224094
8.50401 0.0341042 -0.0266186
8.53203 0.0333002 -0.0286949
8.56092 0.0324726 -0.0286533
8.58908 0.0317333 -0.0262455
8.61611 0.0311386 -0.0220039
8.64225 0.0307108 -0.0163672
8.66952 0.0304576 -0.0092847
8.69749 0.0304196 -0.00135837
8.72583 0.0306105 0.0067366
8.75372 0.0310078 0.0142416
8.78273 0.0316055 0.0205993
8.81117 0.0323226 0.0252167
8.8415 0.0331738 0.0280723
8.87122 0.0340225 0.028554
8.89993 0.0347928 0.0268321
8.92776 0.0354388 0.0232114
8.9557 0.0359325 0.0176682
8.98518 0.0362391 0.0104027
9.0136 0.036311 0.00253007
9.04298 0.0361383 -0.00588032
9.07278 0.0357227 -0.0139463
9.10153 0.035134 -0.0204779
9.13197 0.0343565 -0.0255417
9.16043 0.0335492 -0.028365
9.18939 0.0327048 -0.0291518
9.21806 0.0319131 -0.0276164
9.24673 0.0312279 -0.0239002
9.27291 0.0307399 -0.0186396
9.30033 0.0304126 -0.0119357
9.32879 0.0302962 -0.0040905
9.3573 0.0304127 0.00408864
9.38762 0.0307848 0.0122709
9.41577 0.0313166 0.0188882
9.44438 0.0320054 0.0240766
9.47367 0.0328105 0.0274852
9.50274 0.0336462 0.0287571
9.53182 0.0344531 0.0277462
9.55974 0.0351426 0.0246908
9.58752 0.0356902 0.0197141
9.61686 0.0360689 0.012905
9.64455 0.036217 0.00535054
9.67288 0.0361359 -0.00286407
9.70286 0.0358005 -0.0111845
9.73182 0.0352733 -0.0182045
9.76006 0.0346084 -0.023551
9.78964 0.0338034 -0.0272082
9.81899 0.0329628 -0.02864
9.84776 0.0321625 -0.0278226
9.87607 0.0314618 -0.0247448
9.90249 0.0309332 -0.020007
9.92955 0.0305586 -0.0138459
9.95724 0.0303807 -0.00642335
9.98518 0.0304254 0.0015977
10.0147 0.030715 0.00982279
10.0428 0.0311923 0.0169447
10.0718 0.0318513 0.0227478
10.1007 0.0326231 0.0267284
10.1298 0.033462 0.0287816
10.1591 0.0342968 0.0285694
10.1871 0.035033 0.0262169
10.2149 0.0356409 0.0219298
10.243 0.0360855 0.0157911
10.2713 0.0363219 0.00836034
10.2992 0.0363316 0.000343731
10.3275 0.0361123 -0.00777197
10.3574 0.0356439 -0.015635
10.3856 0.0350319 -0.0216922
10.4143 0.0342821 -0.0261652
10.4419 0.0334933 -0.0285953
10.471 0.0326483 -0.0289789
10.4994 0.0318833 -0.026963
10.5272 0.0312452 -0.0229851
10.5531 0.0307894 -0.0175585
10.5802 0.0304993 -0.0107002
10.6087 0.0304212 -0.00274747
10.6374 0.0305784 0.00546125
10.6669 0.0309719 0.0133537
10.6958 0.0315435 0.0198054
10.7238 0.0322335 0.0246062
10.7535 0.0330567 0.0277353
10.7828 0.0338957 0.0286106
10.8117 0.0346835 0.0272534
10.8396 0.0353513 0.0239256
10.8675 0.0358723 0.0186736
10.8964 0.0362121 0.0117585
10.9244 0.0363264 0.00408418
10.9535 0.0362018 -0.00428996
10.9831 0.0358327 -0.0124661
11.0123 0.0352679 -0.0193251
11.0421 0.0345364 -0.0245947
11.0709 0.0337349 -0.027805
11.1002 0.0328874 -0.0289062
11.1289 0.0320923 -0.0276925
11.1574 0.0314007 -0.0242647
11.1837 0.0308953 -0.019245
11.2113 0.0305438 -0.0127334
11.2393 0.0304006 -0.00510438
11.2675 0.0304848 0.00298494
11.2976 0.0308219 0.0112044
11.326 0.0313343 0.0180627
11.3548 0.0320129 0.0235364
11.3842 0.0328115 0.0271932
11.4129 0.0336365 0.028773
11.4423 0.0344637 0.0281336
11.4702 0.035173 0.0253811
11.498 0.0357486 0.0207077
11.5268 0.0361579 0.0142136
11.5547 0.036345 0.00669889
11.5828 0.0363051 -0.00142219
11.6114 0.0360332 -0.00953397
11.6407 0.0355362 -0.0169627
11.6687 0.0349003 -0.0226496
11.6983 0.0341085 -0.026753
11.7264 0.0333057 -0.0286331
11.7553 0.0324846 -0.0284092
11.7834 0.0317566 -0.0258483
11.8103 0.0311788 -0.0214935
11.8366 0.030764 -0.0157647
11.864 0.0305277 -0.0086188
11.892 0.0305075 -0.000722528
11.9206 0.030717 0.00733717
11.948 0.031119 0.0146286
11.9778 0.0317414 0.0209412
12.0061 0.0324612 0.0253672
12.0368 0.0333199 0.0280465
12.0666 0.0341645 0.0283055
12.0953 0.0349229 0.02639
12.1232 0.0355534 0.0225855
12.1514 0.0360279 0.016874
12.1803 0.0363065 0.00962119
12.2087 0.0363557 0.00173227
12.2379 0.036164 -0.00656945
12.2678 0.0357293 -0.0145407
12.297 0.0351177 -0.0209651
12.3269 0.0343457 -0.0257983
12.3552 0.0335401 -0.028465
12.3841 0.0326971 -0.0291113
12.4129 0.0319086 -0.0274266
12.4415 0.0312327 -0.0235971
12.4678 0.0307532 -0.0182634
12.4952 0.0304379 -0.0115048
12.5239 0.0303345 -0.00359594
12.5527 0.0304661 0.00457375
12.583 0.030849 0.0126397
12.6115 0.0313936 0.0191237
12.64 0.0320808 0.0241148
12.6695 0.0328883 0.0273477
12.6988 0.0337205 0.0283843
12.7279 0.0345095 0.0271635
12.7559 0.0351808 0.0239476
12.7839 0.0357065 0.0188127
12.8138 0.0360591 0.0117905
12.8415 0.0361759 0.00421671
12.8702 0.0360602 -0.00402965
12.9001 0.0356956 -0.0122087
12.9295 0.0351346 -0.0190648
12.9587 0.0344268 -0.0242632
12.9877 0.033627 -0.0275201
13.0172 0.0327833 -0.0286301
13.046 0.0319936 -0.0274167
13.0746 0.0313083 -0.0239885
13.1009 0.0308088 -0.0189548
13.1285 0.0304651 -0.012438
13.1566 0.0303298 -0.00482947
13.1847 0.0304207 0.00322901
13.2147 0.0307637 0.0114173
13.2431 0.0312816 0.0182563
13.2719 0.0319658 0.0237268
13.3013 0.0327699 0.027372
13.33 0.0335996 0.0289387
13.3594 0.0344324 0.0283067
13.3874 0.0351468 0.0255641
13.4152 0.0357285 0.0209094
13.444 0.0361448 0.0144229
13.4721 0.0363377 0.00688644
13.5002 0.0363029 -0.0012359
13.5285 0.0360408 -0.00928187
13.5579 0.0355474 -0.0167511
13.5862 0.0349123 -0.0224796
13.6157 0.0341277 -0.0266082
13.6438 0.0333261 -0.0285334
13.6727 0.0325043 -0.0283594
13.701 0.0317739 -0.0258355
13.728 0.0311932 -0.0215149
13.7544 0.0307764 -0.0158201
13.7818 0.0305375 -0.00870652
13.8098 0.030514 -0.000840118
13.8385 0.0307207 0.00721077
13.866 0.0311199 0.0144936
13.8957 0.0317369 0.0207904
13.9241 0.032455 0.0252265
13.9548 0.033311 0.0279191
13.9847 0.0341545 0.0281864
14.0135 0.0349114 0.0262863
14.0415 0.0355408 0.0224908
14.0697 0.0360138 0.016803
14.0985 0.0362907 0.00960791
14.1269 0.0363402 0.0017457
14.1561 0.036149 -0.00653952
14.186 0.0357155 -0.0144886
14.2153 0.0351033 -0.0209059
14.2454 0.0343305 -0.0257205
