t x vx
0.01 0.0330022 0.000218266
0.02 0.033007 0.000484518
0.0604792 0.0330666 0.00147134
0.101047 0.0331682 0.0025053
0.142866 0.0333179 0.00357817
0.185717 0.0335172 0.00465138
0.229218 0.0337626 0.00564084
0.273769 0.034049 0.00643072
0.318795 0.0343629 0.00697039
0.363242 0.0346804 0.00714252
0.407248 0.0349899 0.00703332
0.44819 0.035263 0.00667128
0.491098 0.0355194 0.00597456
0.533281 0.03573 0.00499296
0.57562 0.0358894 0.0037648
0.61662 0.035987 0.00238148
0.658454 0.0360188 0.000759942
0.699992 0.0359767 -0.0010134
0.74068 0.0358606 -0.00285437
0.781214 0.0356696 -0.00471139
0.822173 0.0354014 -0.00654759
0.863288 0.0350635 -0.0082189
0.904592 0.0346665 -0.00961259
0.945849 0.0342272 -0.0106478
0.98672 0.0337683 -0.0112266
1.02699 0.033314 -0.0112813
1.06745 0.0328778 -0.0107814
1.108 0.0324838 -0.00971513
1.14732 0.0321628 -0.00816593
1.18513 0.0319242 -0.00631022
1.22244 0.0317666 -0.00422422
1.26081 0.0316929 -0.00191968
1.29887 0.0317092 0.000428026
1.3357 0.0318073 0.00266337
1.37322 0.0319847 0.00472769
1.4102 0.0322235 0.00645871
1.44638 0.0325021 0.00769993
1.48213 0.032803 0.0084162
1.51768 0.0331073 0.00855824
1.55337 0.0333945 0.00804804
1.58959 0.0336424 0.00684722
1.62593 0.0338236 0.00498428
1.66137 0.0339134 0.00253493
1.69695 0.0338954 -0.000505551
1.73221 0.033759 -0.00386874
1.76754 0.0335026 -0.00725844
1.80381 0.0331271 -0.0103513
1.84041 0.032661 -0.012736
1.8771 0.0321385 -0.0142383
1.91338 0.0316077 -0.014633
1.94946 0.0311073 -0.0138686
1.98372 0.0306939 -0.0120654
2.01789 0.0303783 -0.00923712
2.05194 0.0301878 -0.00559457
2.08509 0.0301422 -0.00137472
2.1189 0.0302584 0.00343468
2.15489 0.0305636 0.00847988
2.19039 0.0310286 0.0130986
2.22679 0.0316457 0.0169573
2.26301 0.0323616 0.0197662
2.30128 0.0331737 0.0212158
2.33856 0.0339589 0.0210655
2.37482 0.0346666 0.019513
2.40987 0.0352492 0.0166219
2.44512 0.0356868 0.012414
2.48021 0.0359434 0.00731328
2.51534 0.0359994 0.00159544
2.55114 0.0358399 -0.00445564
2.58884 0.0354456 -0.0104572
2.62544 0.034884 -0.0153445
2.66491 0.0341268 -0.0191829
2.70224 0.0333316 -0.0213083
2.7406 0.0324937 -0.0218376
2.77813 0.0317241 -0.0205084
2.81468 0.0310827 -0.0175508
2.84938 0.0306181 -0.0133883
2.8842 0.0303351 -0.00812728
2.92087 0.0302648 -0.00191898
2.95659 0.0304198 0.00433934
2.9929 0.0307998 0.0104678
3.02967 0.0313786 0.0157392
3.06514 0.032078 0.0197161
3.10299 0.0329261 0.0224085
3.14032 0.0337954 0.0232851
3.17713 0.0346196 0.0223948
3.21244 0.0353248 0.0199716
3.24751 0.0358865 0.0160181
3.28463 0.0362796 0.010588
3.31997 0.036439 0.00451055
3.3558 0.0363633 -0.00211249
3.39369 0.036026 -0.00890095
3.43053 0.0354805 -0.0148085
3.46665 0.0347784 -0.0194385
3.50431 0.0339236 -0.0226985
3.54147 0.0330246 -0.0241943
3.57853 0.032139 -0.0238931
3.61489 0.0313478 -0.0217663
3.65033 0.0307071 -0.0180738
3.68324 0.0302639 -0.0134705
3.71931 0.0299941 -0.00747635
3.75564 0.0299615 -0.000898914
3.79162 0.0301655 0.00566937
3.8263 0.0305695 0.0116503
3.86458 0.0312197 0.016984
3.90013 0.031955 0.0206879
3.9386 0.0328409 0.0230263
3.97578 0.0337125 0.02344
4.01192 0.0345121 0.0221308
4.04682 0.0351874 0.0193437
4.08216 0.0357181 0.0150182
4.11871 0.0360611 0.00938797
4.15443 0.0361738 0.00315365
4.19138 0.0360404 -0.00360931
4.22891 0.035658 -0.0101889
4.26609 0.035071 -0.0157885
4.30361 0.0343158 -0.0201291
4.34061 0.03347 -0.0228591
4.37783 0.0325801 -0.0239046
4.41489 0.031724 -0.0231074
4.45083 0.0309851 -0.0205538
4.48557 0.0304103 -0.0165455
4.51909 0.0300216 -0.0115981
4.555 0.0298266 -0.00543188
4.59109 0.0298703 0.00121298
4.62867 0.0301699 0.00797113
4.66483 0.030672 0.013884
4.70097 0.0313473 0.018689
4.73805 0.0321668 0.0220975
4.77459 0.0330381 0.023846
4.81155 0.0339191 0.0238375
4.84684 0.0346984 0.0220847
4.88155 0.0353533 0.0188656
4.9173 0.035857 0.0140893
4.95274 0.0361492 0.00824686
4.98824 0.0362146 0.00184227
5.02549 0.0360299 -0.00495903
5.06208 0.0356162 -0.0113054
5.0986 0.0350109 -0.0165733
5.13741 0.0342099 -0.020644
5.1733 0.0333874 -0.0229123
5.21026 0.0325148 -0.0236119
5.24714 0.0316872 -0.0224408
5.28289 0.0309871 -0.0195843
5.31669 0.0304657 -0.0154232
5.35166 0.0301125 -0.0101015
5.38796 0.0299755 -0.00377297
5.42464 0.0300816 0.00289216
5.46285 0.0304454 0.00952082
5.49908 0.0309896 0.0150228
5.53537 0.0316935 0.0193967
5.57271 0.0325287 0.022368
5.60982 0.0334049 0.0236058
5.64691 0.03426 0.0230568
5.68241 0.035 0.0208462
5.71751 0.0356023 0.0171558
5.75469 0.0360453 0.0119164
5.78982 0.0362542 0.00594557
5.82579 0.0362315 -0.000631305
5.86051 0.0359878 -0.00701674
5.89831 0.0354852 -0.0132983
5.9341 0.0348355 -0.0181518
5.97133 0.0340247 -0.0217769
6.00698 0.0331789 -0.0237257
6.04456 0.0322763 -0.0240215
6.08128 0.031454 -0.0223904
6.11688 0.0307726 -0.0191428
6.14986 0.0302842 -0.0148078
6.18642 0.0299541 -0.00902837
6.22335 0.0298645 -0.0024264
6.2594 0.0300147 0.0041652
6.29619 0.0304025 0.0105412
6.33276 0.0309832 0.0158771
6.36843 0.0316932 0.0199071
6.40673 0.0325588 0.0226
6.44445 0.033442 0.0234182
6.48092 0.0342613 0.022461
6.51611 0.0349645 0.0199863
6.5514 0.0355289 0.0159903
6.58885 0.0359227 0.0105183
6.62487 0.0360799 0.00436321
6.66191 0.0359928 -0.00235053
6.69978 0.0356516 -0.00900855
6.73736 0.0350952 -0.0148055
6.77385 0.0343926 -0.0192567
6.81184 0.033545 -0.0223091
6.84913 0.0326649 -0.0236067
6.88656 0.0318007 -0.023085
6.92311 0.0310427 -0.020739
6.95861 0.0304448 -0.0168399
6.99195 0.0300431 -0.0120498
7.02807 0.0298284 -0.00594384
7.06429 0.0298526 0.000667182
7.10186 0.030132 0.007438
7.13812 0.0306188 0.0134223
7.17458 0.031288 0.0183541
7.21166 0.0320993 0.0218801
7.2485 0.0329758 0.0237975
7.28527 0.0338569 0.0239588
7.32067 0.0346493 0.0223862
7.35543 0.035322 0.0193483
7.39096 0.0358457 0.0147436
7.42661 0.0361666 0.00900153
7.46211 0.0362616 0.00267666
7.49944 0.0361064 -0.00415762
7.53668 0.0357099 -0.0106482
7.57325 0.0351229 -0.0160486
7.61187 0.0343405 -0.0202617
7.64836 0.0335125 -0.0226946
7.68577 0.032633 -0.0235061
7.72256 0.0318069 -0.0224519
7.75842 0.0311002 -0.0197102
7.79258 0.0305672 -0.0156006
7.82708 0.0302074 -0.0104296
7.86314 0.0300557 -0.00420555
7.89953 0.0301428 0.00239183
7.93729 0.0304822 0.00898912
7.97364 0.0310129 0.0145967
8.0099 0.0317047 0.0190829
8.04734 0.0325351 0.0221773
8.08429 0.0334053 0.0235514
8.12166 0.0342704 0.0231512
8.15726 0.0350197 0.0210467
8.19233 0.0356325 0.0174728
8.22906 0.0360868 0.0123688
8.26448 0.0363134 0.00639826
8.30031 0.0363085 -0.000138224
8.33527 0.0360787 -0.0065722
8.3732 0.0355884 -0.0129291
8.40879 0.0349528 -0.0178581
8.44589 0.0341516 -0.021596
8.4812 0.0333158 -0.023667
8.5188 0.0324085 -0.0241313
8.55555 0.0315759 -0.0226586
8.59118 0.0308788 -0.0195651
8.62439 0.0303707 -0.0152947
8.66086 0.0300198 -0.0096247
8.6976 0.0299055 -0.00311084
8.7347 0.0300389 0.00359645
8.77294 0.0304269 0.0101458
8.80918 0.0309874 0.0154667
8.8448 0.0316843 0.0195668
8.88273 0.0325322 0.022354
8.92023 0.0334067 0.0233219
8.95692 0.0342329 0.0225132
8.99229 0.0349452 0.0201374
9.02763 0.0355198 0.0162617
9.06532 0.035929 0.0108577
9.10083 0.0361001 0.00481877
9.13766 0.0360324 -0.00183908
9.17406 0.0357295 -0.00832343
9.21182 0.0351909 -0.0142614
9.24828 0.0345047 -0.018821
9.28648 0.033663 -0.0220345
9.32309 0.0328036 -0.0234768
9.36071 0.0319318 -0.0231706
9.39782 0.031154 -0.0209625
9.43399 0.0305343 -0.017134
9.46719 0.0301211 -0.0124456
9.50348 0.029889 -0.00639482
9.53987 0.0298957 0.00018307
9.57715 0.0301524 0.00688652
9.61229 0.0306012 0.0127694
9.64951 0.031265 0.0178394
9.68572 0.0320402 0.0214052
9.72348 0.0329278 0.0235045
9.7604 0.0338055 0.0237764
9.79619 0.0346048 0.0223341
9.83108 0.0352824 0.01942
9.86652 0.0358127 0.0149619
9.90253 0.0361475 0.00929859
9.93812 0.0362558 0.00304204
9.9758 0.0361123 -0.00380795
10.0133 0.0357244 -0.0103348
10.0503 0.0351391 -0.0158216
10.0885 0.0343721 -0.0200689
10.1255 0.0335378 -0.022597
10.163 0.0326588 -0.0234487
10.1999 0.0318296 -0.0224428
10.2358 0.0311201 -0.0197463
10.2703 0.0305813 -0.0156504
10.3045 0.0302204 -0.0105522
10.3405 0.0300631 -0.00436672
10.3768 0.030143 0.00219978
10.4147 0.0304772 0.0088131
10.4512 0.031004 0.0144498
10.4876 0.0316964 0.018983
10.5252 0.0325271 0.0221068
10.562 0.0333933 0.023518
10.5995 0.0342618 0.0231707
10.6351 0.0350135 0.0211063
10.6703 0.0356314 0.0175653
10.707 0.0360899 0.0124947
10.7425 0.0363218 0.00653628
10.7783 0.0363225 1.93111e-05
10.8135 0.036096 -0.00643795
10.8516 0.0356077 -0.0128114
10.8873 0.0349748 -0.0177541
10.9245 0.0341753 -0.0215093
10.9598 0.033341 -0.0235907
10.9973 0.0324381 -0.0240759
11.0342 0.0316043 -0.0226257
11.0699 0.030905 -0.0195538
11.1033 0.0303954 -0.0152832
11.1397 0.0300445 -0.00963928
11.1764 0.0299289 -0.00314491
11.2136 0.0300604 0.00354106
11.252 0.0304478 0.0100875
11.2883 0.0310079 0.0154051
11.3241 0.0317057 0.0195025
11.3621 0.0325508 0.0222762
11.3996 0.0334235 0.0232372
11.4364 0.0342482 0.0224235
11.4718 0.0349587 0.0200386
11.5073 0.0355311 0.0161561
11.545 0.0359369 0.010754
11.5806 0.0361046 0.00471197
11.6175 0.0360329 -0.0019408
11.6543 0.0357225 -0.00844703
11.6921 0.0351804 -0.0143424
11.7285 0.0344932 -0.0188604
11.7669 0.0336481 -0.0220364
11.8035 0.0327904 -0.0234141
11.8412 0.0319221 -0.0230446
11.8783 0.0311504 -0.0207885
11.9144 0.0305387 -0.0169269
11.9477 0.0301325 -0.0122065
11.984 0.0299094 -0.00614289
12.0204 0.029925 0.000427329
12.0579 0.0301925 0.00713136
12.0935 0.0306549 0.0130049
12.1306 0.031322 0.018
12.1672 0.0321099 0.0215164
12.2046 0.0329908 0.0235158
12.2417 0.0338695 0.0237333
12.2774 0.0346642 0.0222286
12.3124 0.035338 0.0192438
12.3481 0.0358623 0.014714
12.384 0.0361863 0.00902377
12.4195 0.0362845 0.00275797
12.4572 0.0361311 -0.00406923
12.4949 0.0357327 -0.0105744
12.5319 0.0351413 -0.0159891
12.5705 0.0343623 -0.0201763
12.6073 0.0335317 -0.0225925
12.645 0.0326507 -0.0233569
12.6819 0.0318289 -0.022251
12.718 0.0311268 -0.0194756
12.7524 0.0305996 -0.0153243
12.787 0.0302492 -0.01013
12.8231 0.0301077 -0.003913
12.8596 0.0302037 0.00263047
12.8979 0.0305555 0.00919879
12.9345 0.0310944 0.0147133
12.9709 0.0317884 0.0190894
13.0084 0.0326179 0.0220925
13.0455 0.0334856 0.0233733
13.083 0.0343423 0.0228817
13.1188 0.0350836 0.020707
13.1542 0.0356872 0.017051
13.1914 0.0361289 0.0118633
13.227 0.0363378 0.00586823
13.2631 0.0363131 -0.00068425
13.2983 0.0360636 -0.00709513
13.3362 0.0355572 -0.0133457
13.3725 0.0348966 -0.0182105
13.4099 0.034081 -0.0217962
13.4458 0.0332306 -0.0236699
13.4836 0.0323285 -0.0238733
13.5205 0.0315118 -0.0221536
13.5564 0.0308358 -0.018844
13.5896 0.0303562 -0.014456
13.6262 0.0300389 -0.00865659
13.6632 0.0299617 -0.0020858
13.6992 0.0301208 0.00441811
13.7357 0.0305099 0.0106579
13.7725 0.031095 0.0159351
13.8085 0.031811 0.019892
13.8471 0.0326791 0.0224915
13.8851 0.0335616 0.0232093
13.9217 0.0343738 0.0221602
13.9571 0.0350671 0.019602
13.9926 0.0356195 0.0155375
14.03 0.0359953 0.0100483
14.0661 0.0361358 0.0038985
14.1034 0.0360307 -0.00281181
14.1418 0.0356681 -0.00945922
14.1795 0.0350955 -0.0151686
14.2161 0.0343812 -0.019515
14.2541 0.0335303 -0.0224328
14.2918 0.0326415 -0.0235572
14.3294 0.0317837 -0.0228342
14.366 0.0310389 -0.0203533
14.4014 0.0304586 -0.0163567
14.435 0.0300735 -0.0114671
14.4712 0.0298804 -0.00533915
14.5075 0.0299253 0.00123704
14.5458 0.0302312 0.00798933
14.5823 0.0307375 0.0138362
14.6189 0.0314165 0.0185998
14.656 0.032233 0.0219616
14.6926 0.0331003 0.0236841
14.73 0.0339858 0.0236984
14.7656 0.0347668 0.0219697
14.8007 0.0354253 0.0187584
14.8368 0.0359312 0.0139879
14.8724 0.0362225 0.00818238
14.9081 0.0362873 0.0018163
14.9455 0.0361038 -0.00491151
14.9827 0.0356858 -0.0112439
15.0194 0.035081 -0.0164576
15.0585 0.034282 -0.0204712
15.0946 0.0334629 -0.0226534
15.1319 0.0325956 -0.0232588
15.169 0.0317798 -0.0219732
15.2052 0.0310923 -0.0190308
15.2392 0.0305881 -0.0147994
15.2747 0.0302553 -0.00938835
15.3113 0.0301432 -0.00306407
15.3482 0.0302723 0.00349483
15.387 0.03066 0.0100031
15.4237 0.0312232 0.0153149
15.4602 0.0319327 0.0194305
15.4981 0.0327704 0.0221513
15.5356 0.0336379 0.0231051
15.5728 0.0344659 0.0222747
15.6086 0.0351764 0.0198434
15.6443 0.0357443 0.015909
15.6824 0.0361421 0.0104276
15.7179 0.0362971 0.00437561
15.7546 0.0362132 -0.0022818
15.7931 0.0358662 -0.00902394
15.8307 0.0353073 -0.0148574
15.8671 0.0346038 -0.0193427
15.9054 0.0337428 -0.0224653
15.9427 0.0328572 -0.0237669
15.9803 0.0319812 -0.0232876
16.0172 0.0312063 -0.0209956
16.053 0.0305919 -0.017155
16.0864 0.0301769 -0.012421
16.1227 0.0299458 -0.0063706
16.1592 0.0299524 0.000180404
16.1966 0.0302087 0.00684095
16.2319 0.0306548 0.0126642
16.2694 0.0313191 0.0177012
16.3058 0.0320898 0.0211945
16.3436 0.0329684 0.0232018
16.3809 0.0338405 0.0233904
16.4169 0.0346275 0.0218576
16.4521 0.0352902 0.0188367
16.4879 0.0358012 0.0142848
16.5238 0.0361102 0.00858817
16.5594 0.0361939 0.00235305
16.5974 0.0360255 -0.00443822
16.6349 0.0356196 -0.0108245
16.672 0.0350199 -0.0161533
16.711 0.034231 -0.020249
16.7478 0.0334002 -0.022548
16.7857 0.0325202 -0.0232032
16.8228 0.0317061 -0.0219831
16.8591 0.0310125 -0.019104
16.8936 0.0304989 -0.0148653
16.9287 0.0301645 -0.00954468
16.9651 0.0300455 -0.00326892
17.0018 0.0301661 0.00328271
17.0407 0.0305502 0.0098686
17.0775 0.031112 0.0152701
17.1143 0.0318299 0.0195082
17.1521 0.0326738 0.0223206
17.1896 0.0335497 0.0233725
17.2269 0.034395 0.0226485
17.2628 0.0351223 0.0202975
17.2985 0.0357097 0.0164438
17.3365 0.0361295 0.011033
17.3719 0.0363067 0.00501473
17.4084 0.0362481 -0.00160189
17.4451 0.03595 -0.00814047
17.4829 0.0354146 -0.0141439
17.5195 0.0347282 -0.0187827
17.5578 0.0338805 -0.0220855
17.5945 0.0330166 -0.023572
17.6323 0.0321346 -0.0233412
17.6696 0.0313425 -0.0212237
17.7059 0.0307061 -0.0175181
17.7393 0.0302761 -0.0128994
17.7757 0.0300233 -0.00694639
17.8121 0.0300065 -0.000459882
17.8495 0.0302368 0.00615733
17.8844 0.0306555 0.0119782
17.9229 0.0313161 0.01717
17.9589 0.0320612 0.0207283
17.9976 0.0329469 0.022886
18.0352 0.0338174 0.023155
18.0715 0.0346075 0.0217163
18.1068 0.0352709 0.0187951
18.1426 0.0357845 0.0143477
18.179 0.0361009 0.00869729
18.2148 0.0361901 0.00249666
18.2529 0.0360265 -0.00429357
18.2907 0.0356206 -0.0107249
18.3282 0.0350172 -0.0161153
