t x vx
0.01 0.0329996 -3.54979e-05
0.02 0.0329986 -0.000101042
0.191067 0.0328082 -0.00111303
0.375207 0.0324549 -0.00191889
0.592849 0.0319231 -0.00244329
0.822555 0.0313622 -0.00244213
1.06007 0.0309211 -0.00185708
1.29879 0.03073 -0.000800414
1.5351 0.0308456 0.000489283
1.76596 0.0312685 0.00183167
1.99449 0.0319873 0.00314551
2.21673 0.0329516 0.0043388
2.4387 0.0341411 0.00535905
2.65605 0.0354528 0.00603477
2.87101 0.036768 0.00611855
3.07659 0.0378349 0.00518984
3.27325 0.0384563 0.00315974
3.46198 0.0386291 0.000915371
3.64528 0.0384297 -0.0010876
3.82061 0.037943 -0.00277642
3.99099 0.0372073 -0.00431757
4.15559 0.03626 -0.00575543
4.31574 0.035119 -0.00712467
4.47722 0.0337517 -0.00846701
4.63508 0.0322291 -0.00964558
4.79467 0.0305394 -0.0105875
4.95508 0.028763 -0.0110741
5.12103 0.0269725 -0.0107897
5.28646 0.0254441 -0.00923893
5.4424 0.0244729 -0.0062282
5.58948 0.0240631 -0.00278588
5.73263 0.0241249 0.00043166
5.87064 0.0245655 0.00319257
6.00391 0.0252969 0.00548843
6.12857 0.0262165 0.00737644
6.2515 0.0273308 0.00906456
6.3751 0.0286417 0.0106061
6.49669 0.0300964 0.0119641
6.62687 0.0318241 0.0132708
6.74962 0.0335766 0.0142769
6.88164 0.0355727 0.0151202
7.01557 0.0376514 0.0155213
7.15573 0.0397951 0.0152941
7.30311 0.0418505 0.0139464
7.44419 0.0434094 0.0110493
7.57568 0.0443067 0.00682422
7.69978 0.0445928 0.00230561
7.82259 0.0443407 -0.0020527
7.93932 0.0436654 -0.00578539
8.04948 0.0426942 -0.00881582
8.15643 0.0414853 -0.0113041
8.26169 0.0400758 -0.0133912
8.36468 0.0385135 -0.0151691
8.47707 0.0366225 -0.0168243
8.59232 0.0345378 -0.0180887
8.71218 0.0322653 -0.0189607
8.84134 0.0297609 -0.0193896
8.97752 0.0271482 -0.0191857
9.12535 0.0244831 -0.0180275
9.26982 0.0222226 -0.0156478
9.40405 0.0206331 -0.0118409
9.52591 0.0198093 -0.00676045
9.63996 0.0196349 -0.00152953
9.75198 0.0200104 0.00335282
9.85841 0.0208116 0.00752768
9.95652 0.0218718 0.0108066
10.0542 0.0231903 0.0134993
10.1485 0.0246645 0.0156292
10.2498 0.0264434 0.0175683
10.3506 0.0283732 0.0191349
10.4656 0.0307283 0.0204829
10.5879 0.0333347 0.0213137
10.7033 0.0358197 0.0215379
10.8374 0.0386673 0.0212333
10.9773 0.0414739 0.0200522
11.122 0.0440373 0.0177194
11.2572 0.0459419 0.0140836
11.3793 0.0470336 0.00894224
11.4909 0.0473978 0.00326294
11.5998 0.0471507 -0.00226979
11.7013 0.0464359 -0.00704045
11.7958 0.045409 -0.01087
11.8884 0.0441177 -0.0139492
11.9781 0.0426493 -0.0163674
12.0762 0.0408256 -0.0185893
12.1755 0.0388012 -0.020379
12.2846 0.0364154 -0.0218752
12.3971 0.0338405 -0.0228763
12.523 0.030903 -0.0233403
12.6533 0.027907 -0.0229926
12.7944 0.0248315 -0.0217923
12.942 0.0219708 -0.0193823
13.0793 0.0198146 -0.0157038
13.2027 0.0185112 -0.0105642
13.3131 0.0180038 -0.00459544
13.4186 0.0181292 0.00118923
13.519 0.0187661 0.00634247
13.6108 0.0197249 0.0104429
13.7017 0.0209768 0.013781
13.7925 0.0224691 0.0164195
13.8821 0.0241246 0.0184836
13.9767 0.0260471 0.0203139
14.078 0.0282582 0.0218457
14.1903 0.0308458 0.0230306
14.3122 0.0337445 0.0237735
14.4278 0.0364953 0.023796
14.5616 0.0395912 0.0231453
14.7023 0.0426146 0.0214902
14.8442 0.0452536 0.0185901
14.9736 0.0471185 0.014413
15.0896 0.0481329 0.00874738
15.1951 0.0484128 0.00265368
15.2985 0.0480736 -0.00327979
15.3934 0.0472907 -0.00824963
15.4819 0.0462101 -0.0122108
15.5686 0.044879 -0.01535
15.6545 0.0433464 -0.0178516
15.7527 0.041362 -0.0202124
15.8492 0.0392411 -0.0219641
15.9557 0.0367475 -0.0234201
16.0681 0.0340026 -0.0244208
16.1935 0.0308827 -0.0248863
16.3241 0.0276888 -0.0244538
16.466 0.0244133 -0.0230701
16.6128 0.0214172 -0.0204184
16.7489 0.0191778 -0.016448
16.8699 0.0178414 -0.0110503
16.9776 0.0173281 -0.00476461
17.0792 0.017463 0.00132815
17.1765 0.018124 0.00678896
17.2647 0.0191016 0.0110923
17.3524 0.0203833 0.0146046
17.4402 0.0219035 0.0173304
17.5277 0.0236068 0.0194468
17.6227 0.0256305 0.0213207
17.7215 0.0278829 0.0227809
17.8336 0.0305676 0.0239629
17.9541 0.0335493 0.0247298
18.0709 0.0364435 0.0247841
18.2054 0.039679 0.0240626
18.3464 0.0428206 0.0222769
18.4882 0.0455476 0.0192329
18.6174 0.047474 0.0149123
18.7324 0.0485208 0.009103
18.8363 0.0488123 0.00280567
18.9377 0.0484762 -0.00331332
19.031 0.0476851 -0.00848302
19.1178 0.0465934 -0.0125783
19.2024 0.045258 -0.0157871
19.2873 0.0436973 -0.0183645
19.3829 0.0417201 -0.0207034
19.4777 0.0395907 -0.0224483
19.5843 0.0370399 -0.0239325
19.6964 0.0342435 -0.0249376
19.8211 0.031074 -0.0254272
19.9528 0.0277822 -0.0249997
20.0948 0.0244353 -0.0235651
20.2419 0.0213667 -0.0208571
20.3788 0.019064 -0.0168242
20.5001 0.0176828 -0.0113809
20.6082 0.0171439 -0.00498889
20.7089 0.0172632 0.00118417
20.8064 0.0179257 0.00679986
20.8946 0.0189134 0.0111945
20.9816 0.0201934 0.0147151
21.0691 0.0217239 0.017477
21.1562 0.0234301 0.0196007
21.2534 0.0255242 0.0215538
21.3522 0.0277955 0.0229703
21.4646 0.0305049 0.0241215
21.5852 0.0335027 0.0248545
21.7039 0.0364579 0.0248888
21.8398 0.0397326 0.0241015
21.9823 0.0429 0.0222292
22.1251 0.0456248 0.0190811
22.2543 0.0475213 0.0146708
22.3691 0.048533 0.00881478
22.4732 0.0487948 0.0025152
22.5746 0.0484343 -0.00355329
22.6681 0.0476246 -0.00866561
22.7552 0.0465189 -0.0126952
22.8401 0.045174 -0.0158436
22.9259 0.0435963 -0.0183831
23.0226 0.041596 -0.020679
23.1191 0.0394353 -0.0223891
23.2271 0.0368619 -0.0238239
23.3407 0.0340471 -0.0247834
23.4672 0.0308616 -0.0251944
23.6 0.0275823 -0.0246839
23.7436 0.0242569 -0.023158
23.8912 0.0212535 -0.0203451
24.0281 0.0190368 -0.0161947
24.1496 0.0177461 -0.0106198
24.2578 0.0172846 -0.0042676
24.36 0.0174669 0.00178501
24.459 0.0181873 0.00727472
24.5482 0.019213 0.0114992
24.637 0.0205356 0.014891
24.7252 0.0220786 0.0174968
24.8165 0.0238714 0.0196308
24.9122 0.0259187 0.0213955
25.0163 0.0282944 0.0228183
25.1299 0.0310034 0.0238472
25.2537 0.0340338 0.0244828
25.3715 0.0369032 0.0243692
25.5079 0.0401088 0.0234886
25.6521 0.0432049 0.0214729
25.7943 0.0457871 0.0181658
25.922 0.0475203 0.0135699
26.0358 0.0483881 0.00762509
26.14 0.0485435 0.00149121
26.2414 0.0481034 -0.00434255
26.3352 0.0472433 -0.0091688
26.4235 0.0460972 -0.0129751
26.5101 0.0447145 -0.0159619
26.5997 0.043064 -0.0184344
26.6981 0.0410364 -0.0205953
26.8002 0.0387636 -0.0222626
26.9105 0.0361666 -0.0235377
27.0273 0.03332 -0.0243697
27.1568 0.0301395 -0.0245718
27.2912 0.0269296 -0.0238709
27.4387 0.0236695 -0.0221131
27.5852 0.0208792 -0.0190487
27.7192 0.0189153 -0.0146512
27.8384 0.0178587 -0.00886194
27.946 0.0175748 -0.00264016
28.0501 0.0179039 0.00316129
28.1485 0.0187133 0.00821903
28.2383 0.0197961 0.0120671
28.3306 0.0212034 0.0152425
28.417 0.0227157 0.0174946
28.517 0.0246845 0.019697
28.614 0.0267449 0.0212316
28.728 0.0293257 0.0226405
28.8453 0.0320895 0.0235711
28.9728 0.0351475 0.0239765
29.098 0.0380935 0.0235416
29.2365 0.0411794 0.0222765
29.3839 0.0440889 0.0197354
29.5211 0.0462757 0.0159448
