t x vx
0.01 0.033 8.51161e-07
0.02 0.033 1.36189e-06
0.229269 0.0330018 8.28257e-06
0.437853 0.033005 1.57783e-05
0.644849 0.0330098 2.2912e-05
0.851611 0.0330158 2.89038e-05
1.05833 0.0330226 3.30767e-05
1.26505 0.0330298 3.47681e-05
1.47177 0.0330367 3.33886e-05
1.67851 0.0330426 2.84853e-05
1.88527 0.0330467 1.9814e-05
2.09207 0.0330482 7.40933e-06
2.29892 0.0330465 -8.34531e-06
2.50582 0.033041 -2.66688e-05
2.71272 0.0330314 -4.63611e-05
2.91956 0.0330178 -6.58329e-05
3.12634 0.0330006 -8.31857e-05
3.33307 0.0329806 -9.63181e-05
3.53977 0.0329593 -0.000103082
3.74646 0.0329384 -0.000101474
3.95317 0.0329198 -8.98637e-05
4.15993 0.0329059 -6.71998e-05
4.36677 0.032899 -3.32814e-05
4.57362 0.0329013 1.10736e-05
4.78031 0.0329145 6.38195e-05
4.98681 0.0329396 0.000121697
5.19313 0.0329768 0.000180296
5.39926 0.0330251 0.00023423
5.60524 0.0330822 0.000277441
5.81111 0.0331448 0.000303606
6.01694 0.0332079 0.00030666
6.22282 0.0332658 0.000281392
6.42885 0.033312 0.000224088
6.63513 0.0333395 0.000133275
6.84179 0.0333416 1.02547e-05
7.04862 0.0333126 -0.000140035
7.25497 0.033249 -0.000308366
7.46075 0.0331497 -0.000482572
7.66592 0.0330168 -0.000647676
7.87055 0.0328558 -0.000786727
8.07477 0.0326757 -0.000881784
8.27876 0.0324891 -0.000915163
8.48279 0.0323114 -0.000870769
8.68713 0.032161 -0.000735945
8.89203 0.0320578 -0.000503654
9.09784 0.032022 -0.000173946
9.30429 0.0320722 0.000242901
9.50934 0.0322198 0.000720029
9.71289 0.0324692 0.00122524
9.91495 0.0328165 0.00171904
10.1155 0.033249 0.00215659
10.3147 0.0337452 0.0024902
10.5131 0.0342752 0.00267217
10.7112 0.0348014 0.00265634
10.9095 0.0352774 0.00240022
11.1087 0.0356504 0.00187272
11.3097 0.0358635 0.00106004
11.5139 0.0358574 -3.02388e-05
11.7175 0.0355874 -0.00132592
11.917 0.0350463 -0.00271317
12.1124 0.0342463 -0.00409343
12.3041 0.0332168 -0.00536905
12.4925 0.0320028 -0.00644532
12.6777 0.0306648 -0.00722335
12.8607 0.029274 -0.00759874
13.0422 0.0280643 -0.00666765
13.2236 0.0271639 -0.00496139
13.4062 0.0267293 -0.0023803
13.5937 0.0269321 0.00108172
13.7893 0.0279595 0.00525212
13.9842 0.0298051 0.00946968
14.171 0.0322596 0.0131394
14.3495 0.0351239 0.0160427
14.52 0.0381948 0.0180102
14.6831 0.0412654 0.0188242
14.8401 0.0441144 0.0181564
14.9929 0.0464872 0.0155259
15.1456 0.0480606 0.0103015
15.3039 0.0484081 0.00219657
15.4771 0.0470762 -0.00768996
15.6663 0.043968 -0.0164254
15.8556 0.0397968 -0.0220336
16.041 0.03509 -0.0253811
16.2148 0.0303675 -0.0271805
16.3759 0.0258734 -0.0278911
16.5255 0.0217613 -0.0274906
16.6657 0.0181856 -0.0255038
16.8003 0.0153791 -0.0208449
16.8551 0.0144237 -0.0174376
16.9162 0.0136808 -0.0121672
16.9799 0.0133495 -0.00520384
17.0545 0.0136277 0.00372542
17.1294 0.0145213 0.0119304
17.2054 0.0159531 0.0188351
17.3996 0.0222608 0.0324847
17.5972 0.0299681 0.0390071
17.7975 0.0382313 0.0412544
17.9733 0.045261 0.0399904
18.1283 0.0508795 0.0362546
