t x vx
0.01 0.0330053 0.000530316
0.02 0.0330321 0.00268121
0.0497504 0.0332811 0.00836761
0.0813485 0.0337045 0.0134013
0.118218 0.0343663 0.0179482
0.156879 0.0351884 0.0212643
0.194456 0.0360575 0.0231293
0.234562 0.0369974 0.0234362
0.277587 0.0379407 0.0219237
0.321547 0.03876 0.0186383
0.366327 0.0393803 0.0138514
0.410179 0.0397327 0.00803676
0.451879 0.0398101 0.00185581
0.49165 0.0396323 -0.00447144
0.535257 0.0391372 -0.0113521
0.575491 0.0384425 -0.0172673
0.615573 0.0375352 -0.0226352
0.656825 0.0364089 -0.027303
0.697994 0.0351324 -0.0310063
0.739554 0.0337335 -0.0336608
0.778875 0.0323512 -0.0351543
0.818906 0.0309287 -0.0355332
0.861094 0.0294705 -0.0345657
0.903012 0.0281152 -0.0323316
0.947326 0.0268438 -0.0286906
0.993183 0.0257616 -0.023599
1.04183 0.0249323 -0.0170482
1.09116 0.0244631 -0.00951186
1.13877 0.0243704 -0.0019483
1.18422 0.0246087 0.00524539
1.2308 0.0251688 0.0120222
1.27375 0.0259156 0.0173881
1.31705 0.026855 0.0216952
1.35972 0.0279093 0.0247095
1.40022 0.0289799 0.0264368
1.43946 0.0300432 0.0270977
1.48088 0.0311527 0.0267813
1.52151 0.0321895 0.0255175
1.56407 0.0331801 0.023277
1.60947 0.034094 0.0201325
1.65553 0.0348466 0.0163399
1.70438 0.0354378 0.0121023
1.75448 0.0358298 0.00782326
1.80174 0.0360216 0.0040581
1.84869 0.036061 0.000840551
1.89745 0.0359789 -0.00168467
1.94702 0.0358209 -0.00318634
1.99492 0.035649 -0.00359014
2.0416 0.0355077 -0.00302688
2.08991 0.035434 -0.00152435
2.13822 0.0354725 0.000796211
2.18502 0.0356397 0.00357307
2.23017 0.0359339 0.006516
2.28064 0.0364138 0.00950819
2.33037 0.0369991 0.0117692
2.38096 0.037669 0.0132405
2.42992 0.0383387 0.0136797
2.47943 0.038974 0.0128322
2.52858 0.0394933 0.0105662
2.57534 0.0398282 0.0071621
2.61802 0.03996 0.00308804
2.65953 0.0398891 -0.00170838
2.70552 0.0395429 -0.00752685
2.74768 0.0389918 -0.0130717
2.78908 0.0382426 -0.0180973
2.83374 0.0372317 -0.0226337
2.87602 0.0361387 -0.0258514
2.91863 0.0349486 -0.0279294
2.96187 0.0337094 -0.0286584
3.00482 0.0325077 -0.0279788
3.04515 0.0314537 -0.026133
3.08745 0.0304799 -0.0230242
3.13255 0.0296378 -0.0186729
3.18037 0.0290115 -0.0130976
3.23005 0.0286797 -0.00667887
3.27783 0.0286593 -0.000426348
3.3253 0.0289183 0.00545635
3.37222 0.0294131 0.0105457
3.41812 0.0300754 0.0144304
3.46498 0.0308776 0.0171181
3.51109 0.0317242 0.0183601
3.55549 0.0325342 0.018245
3.59872 0.0332669 0.0169474
3.6424 0.0339015 0.0145278
3.68523 0.0343818 0.0112133
3.72794 0.0346924 0.00727324
3.77547 0.0348198 0.00268071
3.82206 0.0347276 -0.00198012
3.87162 0.0344088 -0.00643181
3.91904 0.0339382 -0.00992565
3.96759 0.0333392 -0.012336
4.0162 0.0326899 -0.0133576
4.064 0.0320687 -0.0129962
4.11081 0.031542 -0.0112538
4.15856 0.0311506 -0.00819645
4.20354 0.0309614 -0.00420494
4.25059 0.0309916 0.000642974
4.29589 0.0312487 0.00567419
4.34309 0.0317583 0.010797
4.39031 0.0324777 0.0152346
4.43653 0.0333388 0.0186308
4.48344 0.0343146 0.0208002
4.52977 0.0353089 0.0214617
4.57626 0.0362646 0.0205561
4.62049 0.0370694 0.0181965
4.66364 0.0376997 0.0146068
4.70822 0.038137 0.00981029
4.75219 0.0383317 0.00442786
4.79411 0.0382826 -0.00117005
4.83898 0.0379606 -0.00717705
4.8839 0.0373887 -0.0127325
4.92804 0.0366279 -0.0172354
4.97206 0.0357249 -0.020512
5.0166 0.034727 -0.0224049
5.06117 0.0337097 -0.0228253
5.10417 0.0327686 -0.0218862
5.14561 0.0319485 -0.0197886
5.1862 0.031272 -0.0166692
5.23013 0.030729 -0.0123586
5.27486 0.030411 -0.00711208
5.32268 0.0303576 -0.0011149
5.3682 0.0305683 0.00462877
5.4137 0.0310244 0.0100249
5.45991 0.0316997 0.0146121
5.50443 0.0324988 0.0179495
5.55232 0.033462 0.0201113
5.59931 0.0344308 0.0206178
5.64453 0.035313 0.01951
5.68831 0.0360625 0.0171183
5.73204 0.0366513 0.0134651
5.77718 0.0370449 0.00871857
5.82132 0.0372003 0.00352106
5.86502 0.0371164 -0.00191778
5.9108 0.036776 -0.00743743
5.95582 0.0362243 -0.012253
6.00205 0.0354799 -0.0161057
6.04712 0.0346429 -0.0185685
6.09336 0.0337345 -0.0196442
6.13865 0.0328641 -0.0192175
6.18274 0.0320955 -0.0174327
6.22469 0.0314867 -0.0145157
6.26748 0.0310337 -0.0105845
6.31189 0.030782 -0.00566858
6.3566 0.030771 -0.000246329
6.40173 0.0310088 0.00526969
6.44667 0.0314789 0.0104608
6.49259 0.0321643 0.0149226
6.53721 0.032977 0.0182169
6.58457 0.0339397 0.0203233
6.63132 0.0349121 0.0208002
6.67695 0.0358084 0.0196468
6.72067 0.0365595 0.0171761
6.76442 0.0371465 0.0134195
6.81008 0.0375344 0.0084945
6.85452 0.0376728 0.00311402
6.89722 0.0375706 -0.00239321
6.94349 0.0371906 -0.00821159
6.98803 0.0366039 -0.0131731
7.03404 0.0358132 -0.0171851
7.07826 0.0349389 -0.0197714
7.12323 0.0339946 -0.0209999
7.16828 0.0330599 -0.0207479
7.21172 0.0322273 -0.0191664
7.25292 0.0315482 -0.0164826
7.29533 0.03101 -0.0126917
7.33955 0.0306614 -0.00788254
7.38437 0.0305521 -0.00243847
7.43302 0.030724 0.00353482
7.47971 0.0311478 0.00907665
7.52537 0.0317768 0.0137738
7.57023 0.0325589 0.0174343
7.61696 0.0334894 0.0199153
7.66304 0.0344498 0.0208416
7.70903 0.0353793 0.0202097
7.753 0.0361757 0.0181142
7.79665 0.0368199 0.0147569
7.84139 0.037278 0.0102391
7.88484 0.0375009 0.00512959
7.92904 0.0374816 -0.000435444
7.97378 0.0372086 -0.00610282
8.01951 0.0366851 -0.0114476
8.06448 0.0359782 -0.01572
8.11052 0.0351131 -0.0187906
8.15622 0.0341814 -0.0203874
8.20183 0.0332466 -0.0204945
8.24616 0.0323966 -0.0191722
8.28912 0.0316819 -0.0166363
8.32999 0.0311457 -0.0131218
8.37421 0.0307681 -0.00853833
8.41872 0.0306238 -0.00324188
8.46653 0.0307498 0.00263388
8.51369 0.03114 0.00827398
8.55943 0.0317391 0.0130986
8.60534 0.0325207 0.0170256
8.65177 0.0334341 0.0196734
8.69736 0.0343837 0.020829
8.74371 0.0353328 0.0204758
8.7877 0.0361491 0.0185566
8.83106 0.0368165 0.0153931
8.87538 0.0373059 0.0110409
8.9186 0.0375635 0.005961
8.96239 0.0375821 0.000423924
9.00608 0.0373541 -0.00521804
9.05226 0.0368554 -0.0108007
9.09722 0.0361678 -0.0152947
9.14333 0.0353086 -0.0186336
9.18915 0.034369 -0.0205035
9.23491 0.0334141 -0.0208691
9.27978 0.0325277 -0.0197564
9.32356 0.0317674 -0.0173627
9.36398 0.0312011 -0.0140116
9.4083 0.030778 -0.00954793
9.45294 0.0305871 -0.00427631
9.49842 0.0306498 0.00137862
9.54412 0.0309695 0.00699604
9.58768 0.0314867 0.0118756
9.6349 0.0322522 0.0162104
9.67969 0.0331068 0.0190807
9.72674 0.0340806 0.0206949
9.77282 0.0350356 0.0207267
9.81733 0.0358886 0.0191631
9.86072 0.0365974 0.016334
9.90479 0.0371373 0.0122513
9.94864 0.0374552 0.00724933
9.99233 0.0375349 0.00182494
10.0359 0.0373713 -0.00375758
10.0838 0.0369114 -0.00959101
10.1271 0.0362991 -0.0141499
10.1732 0.0354776 -0.0178049
10.2168 0.0346082 -0.0199578
10.2628 0.033652 -0.0207912
10.3078 0.0327483 -0.0200722
10.3514 0.0319612 -0.0180563
10.3918 0.0313545 -0.0150306
10.4366 0.030871 -0.010779
10.4819 0.0306182 -0.00558816
10.5273 0.030619 1.88503e-05
10.5737 0.0308834 0.00570053
10.6177 0.0313557 0.0107407
10.6641 0.0320619 0.0151977
10.709 0.0328855 0.0183429
10.757 0.03386 0.0203039
10.8041 0.0348299 0.0206147
10.8494 0.0357051 0.0193248
10.8931 0.036437 0.0167277
10.9371 0.037004 0.0128833
10.9824 0.0373646 0.0079609
11.0267 0.0374805 0.00261807
11.0703 0.0373538 -0.00290657
11.1161 0.0369624 -0.00854637
11.1612 0.0363587 -0.0133721
11.2083 0.0355482 -0.017226
11.2527 0.0346799 -0.0195589
11.2981 0.0337464 -0.0205589
11.3434 0.0328363 -0.02006
11.3873 0.0320369 -0.0182384
11.4286 0.0314035 -0.0153418
11.4719 0.0309117 -0.0113404
11.5166 0.0306282 -0.00634651
11.5618 0.0305912 -0.000819285
11.6075 0.0308099 0.00479058
11.6535 0.0312754 0.0101178
11.6994 0.0319475 0.0146147
11.7442 0.0327496 0.017933
11.7917 0.0337046 0.0200909
11.8387 0.034674 0.0206458
11.8844 0.0355696 0.0195937
11.9283 0.0363244 0.0171738
11.9723 0.0369187 0.0135164
12.0178 0.0373162 0.00872678
12.0624 0.0374688 0.00342283
12.1066 0.0373735 -0.0021544
12.1532 0.0370065 -0.00788345
12.1987 0.0364229 -0.0128385
12.2456 0.0356324 -0.0168372
12.2905 0.0347627 -0.0193546
12.3364 0.033822 -0.0205018
12.3816 0.0329117 -0.0201564
12.4256 0.0320975 -0.0184933
12.4674 0.0314406 -0.0157151
12.5103 0.0309324 -0.0118645
12.5548 0.0306212 -0.00698441
12.5998 0.0305522 -0.00153303
12.6466 0.0307487 0.00419955
12.6938 0.0312064 0.00968428
12.7399 0.031864 0.0142575
12.785 0.032661 0.0176985
12.8322 0.0336037 0.0199642
12.879 0.0345702 0.0206575
12.9248 0.0354758 0.0197519
12.9689 0.0362442 0.0174278
13.0129 0.0368538 0.0138661
13.0588 0.0372726 0.00912835
13.103 0.0374447 0.00388662
13.1479 0.0373664 -0.00174639
13.1937 0.0370263 -0.00742206
13.2396 0.0364526 -0.012497
13.2863 0.0356783 -0.0165734
13.3315 0.0348112 -0.0192077
13.3775 0.0338691 -0.0204568
13.4228 0.0329535 -0.0202069
13.467 0.0321319 -0.0186222
13.5091 0.0314625 -0.015903
13.5515 0.0309473 -0.0121396
13.596 0.0306212 -0.00733101
13.6408 0.0305349 -0.0019248
13.6886 0.0307209 0.00389884
13.736 0.0311685 0.009424
13.7822 0.0318177 0.0140532
13.8275 0.0326133 0.0175792
13.8746 0.0335517 0.0199157
13.9212 0.0345159 0.020697
13.9672 0.0354313 0.0199034
14.0114 0.0362108 0.0176522
14.0554 0.0368336 0.0141567
14.1008 0.037266 0.00951784
14.1448 0.0374558 0.00431774
14.1897 0.0373969 -0.00131309
14.2355 0.0370756 -0.00701479
14.2816 0.036512 -0.0122013
14.3277 0.0357587 -0.016347
14.3731 0.0348899 -0.0191295
14.4191 0.0339472 -0.0205069
14.4647 0.0330173 -0.0203813
14.509 0.0321811 -0.0188886
14.5514 0.0314921 -0.0162479
14.5933 0.0309648 -0.0125904
14.6376 0.0306156 -0.00787362
14.6824 0.0305032 -0.00251359
14.7314 0.0306713 0.00343106
14.7786 0.0310961 0.00898435
14.8247 0.0317264 0.0136877
14.8695 0.0325025 0.017315
14.9165 0.0334324 0.0198042
14.9628 0.0343933 0.0207507
15.009 0.0353247 0.0201572
15.0531 0.0361224 0.0180578
15.097 0.036767 0.0147069
15.1428 0.037232 0.0101449
15.1864 0.03745 0.00500092
15.2308 0.0374249 -0.000564444
15.2762 0.0371409 -0.00626307
15.3222 0.0366097 -0.0115529
15.3675 0.0358931 -0.015814
15.4138 0.03502 -0.0188433
15.4599 0.0340797 -0.020395
15.5058 0.0331409 -0.0204492
15.5504 0.0322903 -0.0190942
15.5935 0.0315774 -0.0165433
15.6347 0.0310407 -0.0130199
15.679 0.0306669 -0.00842832
15.7237 0.0305273 -0.00312866
15.772 0.0306597 0.00274127
15.8198 0.0310598 0.00837518
15.8658 0.0316654 0.0131536
15.9118 0.0324463 0.0169928
15.9585 0.0333609 0.0195793
16.0043 0.0343086 0.0206822
16.0507 0.0352509 0.0202981
16.0949 0.0360628 0.0183713
16.1387 0.0367268 0.0151662
16.1843 0.0372166 0.0107339
16.2278 0.037462 0.00564734
16.2719 0.0374676 0.000126632
16.3165 0.0372211 -0.00552996
16.3629 0.036712 -0.0109832
16.4082 0.0360143 -0.015384
16.455 0.0351448 -0.0186034
16.5012 0.0342043 -0.0203309
16.5473 0.0332567 -0.0205601
16.5923 0.032387 -0.0193386
16.636 0.0316493 -0.016878
16.6769 0.0310982 -0.0134653
16.7213 0.0307 -0.00896466
16.7661 0.0305344 -0.00370167
16.8136 0.0306336 0.00208553
16.8605 0.0309941 0.00768675
16.907 0.0315793 0.0125895
16.9535 0.0323508 0.0165928
17 0.0332496 0.0193042
17.0459 0.0341931 0.020574
17.0925 0.0351431 0.0203678
17.1369 0.0359674 0.0186036
17.1806 0.0366465 0.015535
17.2256 0.0371539 0.0112599
17.269 0.0374254 0.00625427
17.313 0.0374602 0.000791514
17.3567 0.0372515 -0.00477477
17.404 0.0367604 -0.010399
17.448 0.0361067 -0.0148234
17.4945 0.0352589 -0.0182361
17.54 0.0343425 -0.0201601
17.5864 0.0333852 -0.0206247
17.632 0.0324938 -0.0195704
17.6763 0.0317287 -0.0172366
17.717 0.0311614 -0.0139506
17.7616 0.0307361 -0.0095457
17.8065 0.0305423 -0.00431131
17.8521 0.0306006 0.0012777
17.8983 0.0309176 0.00686504
17.9422 0.0314304 0.0116904
17.9897 0.0321895 0.01598
18.0347 0.0330374 0.0188158
18.082 0.0340022 0.0204316
18.1285 0.0349549 0.0204656
18.1733 0.0358045 0.0189596
18.2171 0.0365101 0.0161131
18.2616 0.0370471 0.0120717
18.3055 0.0373615 0.00715396
18.3494 0.0374399 0.00178887
18.3943 0.0372667 -0.0038599
18.4425 0.0368022 -0.009624
18.4863 0.0361827 -0.0141458
18.5329 0.0353564 -0.0177436
18.5769 0.034485 -0.0198209
18.6231 0.0335337 -0.0205654
18.6686 0.0326345 -0.0197674
18.7128 0.0318539 -0.0176727
18.7536 0.031259 -0.0145796
18.7986 0.0307961 -0.0102952
18.8441 0.0305647 -0.00507782
18.8891 0.0305838 0.000426129
18.9353 0.0308622 0.00602051
18.9786 0.0313339 0.0108868
19.0269 0.0320756 0.0153595
19.0718 0.0328983 0.0183233
19.1199 0.0338682 0.0201642
19.1671 0.0348274 0.0203537
19.2124 0.0356887 0.0189999
19.2564 0.0364056 0.0162928
19.3008 0.0369556 0.0123859
19.3457 0.0372918 0.00749551
19.3898 0.0373876 0.00217147
19.4348 0.0372325 -0.00344741
19.4811 0.0368132 -0.00904505
19.5259 0.0361986 -0.0137262
19.5734 0.0353697 -0.0174609
19.6178 0.0344976 -0.0196257
19.6636 0.0335614 -0.0204674
19.7093 0.0326561 -0.0198032
19.7535 0.0318671 -0.0178223
19.7949 0.0312548 -0.0148025
19.8394 0.0307817 -0.0106304
19.8846 0.0305327 -0.00550902
19.9303 0.0305348 4.57355e-05
19.977 0.0308 0.00568298
20.021 0.0312696 0.0106539
20.0681 0.03198 0.0150925
20.1132 0.0328002 0.0181787
20.1614 0.0337709 0.0201249
20.2089 0.0347397 0.0203961
20.2545 0.0356115 0.0191217
20.2987 0.0363387 0.0164823
20.343 0.0368999 0.0126456
20.3884 0.0372524 0.00777339
20.4327 0.0373615 0.00245902
20.4783 0.0372157 -0.00320228
20.5241 0.0368145 -0.00875306
20.5696 0.0361994 -0.0135197
20.618 0.0353618 -0.0173207
20.6628 0.0344868 -0.0195035
20.7087 0.0335525 -0.0203562
20.7543 0.0326538 -0.0197197
20.7987 0.031865 -0.017771
20.8403 0.0312509 -0.0147727
20.8847 0.030778 -0.0106348
20.9299 0.0305276 -0.00553875
20.9756 0.0305275 -2.19698e-06
21.0222 0.0307893 0.0056175
21.0664 0.0312583 0.0106042
21.1134 0.0319653 0.0150415
21.1587 0.0327875 0.0181493
21.207 0.0337579 0.0201034
21.2546 0.0347281 0.0203786
21.3003 0.0356011 0.0191127
21.3444 0.036329 0.0164767
21.3889 0.0368903 0.0126401
21.4343 0.0372433 0.00776048
21.4788 0.0373516 0.0024376
21.5246 0.0372027 -0.00324944
21.5705 0.0367996 -0.00879534
21.6159 0.0361833 -0.0135524
21.6643 0.035344 -0.0173481
21.7092 0.0344678 -0.0195244
21.7551 0.0335325 -0.0203695
21.8007 0.0326331 -0.0197248
21.8451 0.0318436 -0.0177672
21.8867 0.0312299 -0.0147658
21.9313 0.0307562 -0.010616
21.9766 0.0305068 -0.00551098
22.0223 0.0305081 3.0234e-05
22.0691 0.0307733 0.00566706
22.1133 0.0312433 0.0106365
22.1604 0.0319545 0.0150791
22.2057 0.0327765 0.0181691
22.254 0.0337478 0.020114
22.3016 0.034718 0.0203778
22.3473 0.035591 0.0191081
22.3915 0.0363188 0.0164676
22.4359 0.0368798 0.0126225
