t x vx
0.01 0.0330002 1.73052e-05
0.02 0.0330004 2.10634e-05
0.0527255 0.0330014 3.23451e-05
0.0857296 0.0330025 3.32654e-05
0.119385 0.0330037 3.514e-05
0.154209 0.033005 3.73181e-05
0.189882 0.0330055 1.27073e-05
0.226338 0.0330046 -2.51593e-05
0.263483 0.0330028 -4.62411e-05
0.300718 0.0330013 -4.12475e-05
0.337771 0.0330016 9.21615e-06
0.374577 0.0330036 5.30402e-05
0.410972 0.0330047 2.9117e-05
0.446473 0.0330017 -8.39819e-05
0.481473 0.0329938 -0.00022429
0.516582 0.0329813 -0.000356072
0.551463 0.0329648 -0.000473772
0.586077 0.0329453 -0.000562236
0.620502 0.0329245 -0.000605664
0.654792 0.0329046 -0.000581077
0.688954 0.0328886 -0.000467341
0.722977 0.0328801 -0.000248312
0.756863 0.0328833 9.31669e-05
0.790626 0.0329017 0.00054598
0.82414 0.0329379 0.0010799
0.857421 0.0329936 0.00167384
0.890505 0.0330702 0.00231282
0.923425 0.0331686 0.00299115
0.956207 0.0332895 0.00368856
0.988871 0.033433 0.00439283
1.02144 0.0335989 0.00509102
1.05396 0.0337854 0.00573702
1.08646 0.0339898 0.00628825
1.11895 0.0342073 0.00669507
1.15143 0.0344321 0.00692029
1.18389 0.0346569 0.00692696
1.21633 0.0348733 0.00667033
1.24873 0.0350718 0.00612817
1.2811 0.0352428 0.00528033
1.31333 0.0353762 0.00414031
1.34531 0.035464 0.00274593
1.37704 0.0355012 0.00117069
1.40833 0.0354854 -0.000504084
1.43925 0.0354162 -0.00223933
1.46993 0.0352956 -0.00392877
1.50047 0.035126 -0.00555655
1.53097 0.0349098 -0.0070884
1.56146 0.034652 -0.00845526
1.59162 0.0343638 -0.00955301
1.62195 0.0340499 -0.0103507
1.65294 0.033715 -0.0108033
1.68361 0.0333826 -0.0108411
1.71413 0.0330634 -0.0104583
1.74497 0.0327653 -0.00966406
1.77553 0.0325049 -0.00852196
1.80645 0.0322851 -0.00711002
1.83839 0.0321094 -0.00550029
1.87026 0.0319881 -0.00380545
1.90187 0.0319223 -0.00208108
1.93285 0.0319072 -0.000486875
1.96278 0.0319331 0.000864063
1.99374 0.0319935 0.00195031
2.02465 0.0320764 0.002682
2.0561 0.0321743 0.00311343
2.08788 0.0322755 0.00318269
2.11858 0.0323622 0.00282387
2.14887 0.0324265 0.00212538
2.17934 0.0324613 0.00114206
2.20981 0.0324599 -4.5694e-05
2.24095 0.032417 -0.00137736
2.27257 0.0323318 -0.00269641
2.30409 0.0322086 -0.00390864
2.3353 0.0320566 -0.00487101
2.36662 0.031887 -0.00541155
2.39772 0.0317188 -0.00541079
2.42843 0.0315692 -0.0048696
2.459 0.0314531 -0.00379934
2.48983 0.0313868 -0.00215137
2.52003 0.0313885 5.64015e-05
2.55003 0.031469 0.00268438
2.58027 0.0316366 0.0055423
2.61119 0.0319004 0.00853226
2.64176 0.0322444 0.011254
2.67162 0.0326459 0.0134428
2.70155 0.0330964 0.0150524
2.73133 0.0335704 0.015916
2.76133 0.034047 0.0158896
2.79161 0.0344987 0.0149179
2.82152 0.0348895 0.0130655
2.85005 0.035189 0.0105
2.87788 0.0353942 0.00737172
2.90575 0.0354957 0.00364241
2.93474 0.0354764 -0.000665566
2.96482 0.0353133 -0.00542133
2.9956 0.0350012 -0.0101421
3.02712 0.0345475 -0.0143926
3.05873 0.0339876 -0.0177117
3.08964 0.0333748 -0.0198306
3.12017 0.0327435 -0.0206777
3.14986 0.0321422 -0.0202539
3.17978 0.0315881 -0.0185127
3.20918 0.0311297 -0.0155933
3.23752 0.0307992 -0.0116637
3.26611 0.0306062 -0.00675281
3.29499 0.0305788 -0.000948367
3.32524 0.0307449 0.0054938
3.35666 0.0311241 0.0120679
3.38754 0.03168 0.0179998
3.41946 0.0324079 0.0228061
3.44968 0.0331906 0.0259
3.48018 0.0340255 0.0273713
3.51038 0.0348425 0.0270586
3.54022 0.0355903 0.0250591
3.56916 0.0362139 0.0215469
3.59663 0.0366755 0.0168055
3.62406 0.0369746 0.0109027
3.65348 0.0370823 0.00365973
3.68259 0.0369603 -0.00419111
3.71409 0.0365656 -0.0125259
3.74428 0.0359679 -0.0198018
3.77483 0.0351747 -0.0259615
3.80505 0.034254 -0.0304681
3.83404 0.0332953 -0.0330713
3.86399 0.032283 -0.0337981
3.89196 0.031366 -0.0327804
3.91924 0.0305402 -0.0302729
3.94765 0.0298013 -0.0260121
3.97574 0.0292347 -0.020169
4.00663 0.0288535 -0.0123411
4.03825 0.0287479 -0.00333891
4.07032 0.0289451 0.0061503
4.09982 0.0293815 0.0147933
4.12928 0.0300474 0.0225998
4.15865 0.0309022 0.029103
4.18721 0.0318697 0.0338793
4.21542 0.0329089 0.0368389
4.24358 0.0339824 0.0381223
4.27187 0.0350477 0.0376612
4.3007 0.0360695 0.0354389
4.32825 0.0369473 0.0318539
4.35619 0.037699 0.026913
4.38695 0.0383134 0.0199686
4.41744 0.0386829 0.0121221
4.44696 0.0388056 0.00415488
4.47895 0.0386636 -0.00443978
4.50976 0.0382899 -0.0121279
4.54028 0.0377203 -0.0186645
4.57058 0.037006 -0.0235725
4.60138 0.0361804 -0.0268062
4.63108 0.0353435 -0.0281798
4.66005 0.0345331 -0.0279704
4.68793 0.033798 -0.0263624
4.71675 0.0331264 -0.0233079
4.74521 0.0325889 -0.0188834
4.7771 0.0321853 -0.0126585
4.80885 0.0320101 -0.00551535
4.84129 0.0320809 0.00218245
4.87218 0.0323696 0.00934586
4.90419 0.032884 0.0160721
4.93653 0.0335781 0.0214574
4.96815 0.0343717 0.0251001
4.99929 0.035208 0.0268592
5.03018 0.0360316 0.0266618
5.06172 0.0368033 0.0244662
5.09361 0.037446 0.0201548
5.12506 0.0378901 0.0141191
5.15479 0.0380992 0.00703584
5.18379 0.0380782 -0.000726552
5.21495 0.0377849 -0.00941034
5.2438 0.0372869 -0.017259
5.27347 0.0365639 -0.024373
5.30333 0.0356644 -0.030121
5.33208 0.0346834 -0.0341288
5.36111 0.0336289 -0.0363211
5.3898 0.0325768 -0.0366672
5.4168 0.0316205 -0.0354212
5.4449 0.0307051 -0.0325809
5.47337 0.0299054 -0.028083
5.50249 0.0292675 -0.0219051
5.53384 0.0288319 -0.0138922
5.56569 0.0286743 -0.00494844
5.59732 0.0288111 0.00432307
5.6269 0.0291886 0.0127658
5.65781 0.0298274 0.0206666
5.68772 0.0306366 0.0270509
5.71692 0.0315624 0.0317103
5.7457 0.0325596 0.0346407
5.77425 0.0335853 0.0359367
5.80339 0.0346198 0.0354881
5.8329 0.0356011 0.0332566
5.86087 0.0364325 0.0297291
5.88945 0.0371417 0.0248091
5.92007 0.0376982 0.0181783
5.95083 0.038027 0.0106878
5.98061 0.0381197 0.00311244
6.01225 0.0379654 -0.00487591
6.04316 0.0375951 -0.0119805
6.07441 0.0370331 -0.0179827
6.10552 0.0363381 -0.0223433
6.13676 0.0355577 -0.0249835
6.16712 0.0347724 -0.0258627
6.19655 0.0340328 -0.0251362
6.22515 0.0333756 -0.0229769
6.25456 0.0328079 -0.0193034
6.28355 0.0323948 -0.0142497
6.31556 0.0321527 -0.00756306
6.34773 0.032149 -0.000115324
6.38003 0.0323918 0.0075167
6.40982 0.0328184 0.0143263
6.44231 0.0334832 0.020457
6.47179 0.0342149 0.0248203
6.50343 0.0350867 0.0275574
6.53382 0.0359466 0.028289
6.56545 0.0368007 0.0270068
6.59708 0.0375477 0.0236147
6.62864 0.038124 0.0182626
6.65899 0.0384726 0.0114822
6.68861 0.0385828 0.00372216
6.71926 0.0384306 -0.00496572
6.75039 0.0379973 -0.0139184
6.78003 0.0373517 -0.0217799
6.81045 0.0364796 -0.0286723
6.83999 0.035479 -0.0338679
6.86872 0.0344099 -0.0372158
6.89701 0.0333137 -0.0387534
6.9247 0.032243 -0.0386599
6.95168 0.0312449 -0.0369956
6.97955 0.0303058 -0.0336913
7.0081 0.0294854 -0.0287367
7.03817 0.028824 -0.0219992
7.07024 0.0283823 -0.0137714
7.10203 0.0282233 -0.00500358
7.13391 0.028346 0.00385156
7.16415 0.0287017 0.0117625
7.19596 0.0293066 0.0190165
7.22701 0.0300692 0.0245567
7.25699 0.0309155 0.0282308
7.28701 0.031823 0.0302238
7.31668 0.0327257 0.0304307
7.34603 0.033575 0.0289356
7.37508 0.0343314 0.0260376
7.40331 0.0349474 0.0218231
7.43457 0.035441 0.01579
7.4655 0.0357151 0.00886311
7.49795 0.0357567 0.00127945
7.53008 0.0355552 -0.00626946
7.56164 0.0351435 -0.0130478
7.5938 0.0345368 -0.0188634
7.62636 0.0337867 -0.0230347
7.65816 0.0329811 -0.0253358
7.68982 0.0321656 -0.02576
7.72084 0.0314099 -0.0243588
7.75093 0.0307728 -0.0211734
7.78126 0.030275 -0.0164135
7.81013 0.0299789 -0.0102551
7.8419 0.0299035 -0.00237306
7.87284 0.0300876 0.00594894
7.90226 0.0304996 0.0140034
7.93321 0.0311697 0.0216559
7.96208 0.0319753 0.0279004
7.99233 0.0329677 0.0328103
8.02103 0.0339941 0.0357577
8.05022 0.0350733 0.0369712
8.07963 0.0361398 0.0362619
8.10862 0.0371173 0.0337217
8.13775 0.0379731 0.0293742
8.16587 0.0386383 0.023657
8.19612 0.0391234 0.0160365
8.22718 0.0393501 0.00729851
8.25679 0.0393041 -0.00155232
8.28865 0.0389537 -0.0109977
8.31696 0.0384216 -0.0187937
8.34676 0.0376578 -0.0256321
8.37744 0.0367086 -0.0309343
8.40594 0.0357326 -0.0342555
8.43531 0.0346781 -0.035897
8.46277 0.0336918 -0.0359152
8.49013 0.0327475 -0.0345195
8.51789 0.0318667 -0.0317277
8.54626 0.0310875 -0.0274639
8.57741 0.0304245 -0.0212839
8.6089 0.0299828 -0.0140268
8.64062 0.0297851 -0.00623061
8.67302 0.0298384 0.00164347
8.70537 0.0301272 0.00892701
8.73791 0.0306203 0.0151563
8.76973 0.0312507 0.0198067
8.80072 0.0319549 0.022727
8.83156 0.0326924 0.0239191
8.86333 0.0334305 0.0232294
8.89486 0.0340855 0.0207686
8.9258 0.0345987 0.0165925
8.95499 0.0349268 0.0112366
8.98658 0.0350693 0.00451127
9.01794 0.0349787 -0.00288916
9.05087 0.0346279 -0.010653
9.08289 0.0340635 -0.0176288
9.11558 0.0332988 -0.0233932
9.14772 0.0324204 -0.0273265
9.17959 0.0314881 -0.0292559
9.21102 0.0305728 -0.0291192
9.24237 0.0297298 -0.0268884
9.27222 0.0290487 -0.0228165
9.30228 0.0285399 -0.016927
9.33151 0.0282575 -0.00965978
9.36217 0.0282232 -0.00112111
9.39396 0.0284868 0.00828973
9.4246 0.0290198 0.0173961
9.45537 0.0298141 0.0258205
9.48541 0.0307986 0.0327611
9.51434 0.0318925 0.0378171
9.54257 0.0330515 0.0410535
9.57084 0.0342508 0.0424258
9.59808 0.035398 0.0421177
9.62639 0.0365325 0.0400704
9.6538 0.037532 0.036462
9.68179 0.0384038 0.0311531
9.7128 0.0391411 0.0237727
9.74395 0.0396093 0.0150324
9.77571 0.0397896 0.00567521
9.80743 0.039671 -0.00373722
9.83836 0.0392829 -0.012545
9.86865 0.0386701 -0.0202333
9.8988 0.0378774 -0.0262934
9.929 0.0369516 -0.0306584
9.95765 0.0360001 -0.0332121
9.98598 0.0350298 -0.0342465
10.0128 0.0341205 -0.0339168
10.0406 0.0332226 -0.0322954
10.0686 0.032402 -0.0293064
10.0989 0.0316555 -0.024629
10.13 0.0310744 -0.0186646
10.1629 0.0306919 -0.0116406
10.1944 0.0305466 -0.00461107
10.2258 0.0306167 0.00223855
10.2572 0.0308829 0.00845931
10.2907 0.0313448 0.0137851
10.3221 0.0318873 0.0172854
10.3541 0.0325028 0.0192649
10.3857 0.0331196 0.019488
10.4182 0.0337018 0.0179174
10.4506 0.0341743 0.0145865
10.4818 0.0344828 0.00989999
10.5119 0.034611 0.00425535
10.544 0.0345287 -0.0025646
10.5761 0.0342184 -0.00966335
10.6091 0.0336745 -0.0164514
10.6409 0.0329732 -0.0220722
10.6735 0.0321186 -0.0262262
10.7055 0.031206 -0.0284909
10.7377 0.030281 -0.0287532
10.7698 0.0294174 -0.0269038
10.8005 0.0287069 -0.0231446
10.8302 0.0281813 -0.0177151
10.8604 0.027861 -0.0106007
10.8904 0.0277887 -0.00241154
10.9223 0.0280104 0.00694867
10.953 0.028507 0.01614
10.9839 0.0292711 0.0247956
11.0136 0.0302241 0.0320418
11.0428 0.0313194 0.0375534
11.0711 0.0324885 0.0412797
11.0992 0.0337051 0.043214
11.1264 0.0348868 0.0435023
11.1544 0.0360671 0.0421439
11.1818 0.0371411 0.039263
11.2096 0.0381105 0.034828
11.2402 0.0389772 0.0283499
11.2712 0.0396073 0.0203238
11.3029 0.0399636 0.0112263
11.3324 0.0400376 0.00250584
11.3649 0.0398156 -0.00683426
11.3948 0.0393766 -0.0147001
11.4249 0.0387293 -0.0214874
11.4557 0.0379023 -0.0268449
11.4859 0.0369825 -0.03041
11.5152 0.0360384 -0.0322901
11.5424 0.0351461 -0.0327586
11.5707 0.03424 -0.0320092
11.5993 0.0333841 -0.0299744
11.6284 0.0326103 -0.0265436
11.6603 0.0319249 -0.0215296
11.6923 0.0314247 -0.0156104
11.7242 0.0311297 -0.00924823
11.757 0.0310409 -0.00270524
11.7895 0.0311512 0.00339889
11.8211 0.0314222 0.00856837
11.854 0.0318369 0.0125909
11.8854 0.0323051 0.014919
11.9179 0.0328138 0.0156865
11.9504 0.0332931 0.0147251
11.9837 0.0336968 0.012133
12.0163 0.0339604 0.0080706
12.0469 0.0340539 0.0030552
12.0785 0.033959 -0.00300737
12.1102 0.0336618 -0.00937907
12.1434 0.0331425 -0.015633
12.1749 0.0324854 -0.0208439
12.2079 0.0316656 -0.0248425
12.2404 0.0307857 -0.0270881
12.2729 0.0298952 -0.0274035
12.3054 0.0290617 -0.0256576
12.3371 0.0283659 -0.0219246
12.3678 0.0278597 -0.0165095
12.3988 0.0275671 -0.00944549
12.4285 0.0275227 -0.00149329
12.4598 0.0277602 0.00759769
12.49 0.0282624 0.0166283
12.5195 0.0290007 0.0250009
12.5498 0.0299844 0.03247
12.5792 0.0311044 0.0381603
12.6076 0.032301 0.0420825
12.6358 0.0335483 0.0442376
12.663 0.0347633 0.0446932
12.6911 0.0359854 0.0435021
12.7186 0.0371082 0.0407667
12.7467 0.0381344 0.0364971
12.7772 0.0390541 0.0302232
12.8083 0.0397491 0.0223537
12.8403 0.0401746 0.0132924
12.871 0.0403079 0.00434038
12.9032 0.0401517 -0.0048433
12.9334 0.039765 -0.0128023
12.964 0.0391615 -0.0197315
12.9946 0.0383923 -0.0251646
13.0249 0.0375154 -0.028914
13.0541 0.0366109 -0.0310285
13.0815 0.0357376 -0.0318302
13.11 0.0348419 -0.0314965
13.1385 0.0339888 -0.0299266
13.1676 0.0331994 -0.0270891
13.1993 0.0324753 -0.0228262
13.2314 0.0319094 -0.0176162
13.2631 0.0315292 -0.0120031
13.296 0.0313274 -0.00612919
13.3279 0.0313052 -0.000698966
13.3605 0.0314432 0.00423107
13.3941 0.031719 0.00819787
13.4271 0.0320689 0.0106147
13.4609 0.0324574 0.011481
13.4938 0.0328125 0.0108135
13.527 0.0331006 0.00866348
13.5607 0.033271 0.00506684
13.5924 0.0332854 0.000452867
13.6239 0.0331287 -0.00496637
13.6561 0.0327859 -0.010665
13.6889 0.0322601 -0.016014
13.7216 0.0315882 -0.0205407
13.7551 0.0307935 -0.0237209
13.788 0.0299631 -0.0252214
13.821 0.0291427 -0.0248605
13.8536 0.0284111 -0.0224789
13.886 0.027819 -0.0182508
13.9181 0.0274296 -0.0121412
13.9497 0.0272831 -0.00463994
13.9796 0.0273909 0.0036056
14.0091 0.0277569 0.0123817
14.0402 0.0284257 0.0215081
14.0695 0.0292907 0.0294822
14.0996 0.0303862 0.0364271
14.128 0.0315671 0.0416155
14.1567 0.0328611 0.0451565
14.1838 0.034137 0.0469512
14.2113 0.035434 0.0471553
14.2398 0.0367319 0.0456563
14.2677 0.0379195 0.0425767
14.2964 0.0390075 0.0378239
14.3273 0.039967 0.0310821
14.359 0.0406867 0.0226987
14.39 0.0411077 0.0135708
14.42 0.0412435 0.0045303
14.4525 0.0410805 -0.00501661
14.4819 0.0406968 -0.0130485
14.5122 0.0400869 -0.0201241
14.5423 0.039311 -0.025735
14.5722 0.0384233 -0.0297058
14.6011 0.0374968 -0.0321349
14.6276 0.0366144 -0.0332603
14.6552 0.0356938 -0.0333613
14.683 0.0347935 -0.032369
14.7123 0.0339075 -0.0302535
14.7435 0.0330677 -0.0269349
14.7757 0.0323369 -0.0226353
14.8073 0.0317706 -0.0179593
14.8404 0.0313429 -0.0129234
14.8752 0.0310676 -0.0079041
14.9091 0.0309473 -0.00355303
14.9411 0.0309406 -0.000209767
14.9764 0.0310202 0.00225672
15.0101 0.0311309 0.00328261
15.0439 0.0312309 0.00296153
15.0773 0.0312776 0.00139516
15.1115 0.0312303 -0.00138221
15.1443 0.0310657 -0.00501979
15.1762 0.0307776 -0.00903922
15.2089 0.0303474 -0.0131276
15.2417 0.0298002 -0.0167289
15.276 0.0291331 -0.0194221
15.3096 0.0284375 -0.0207309
15.3432 0.0277501 -0.0204125
