t x vx
0.01 0.0330055 0.000551227
0.02 0.0330285 0.00230262
0.0585333 0.0333426 0.00814973
0.100505 0.0339016 0.0133188
0.146482 0.0347127 0.0176419
0.193611 0.0356837 0.0206033
0.244806 0.0368108 0.0220148
0.296957 0.037933 0.0215192
0.350547 0.0389563 0.0190944
0.405694 0.0397696 0.0147483
0.461881 0.0402533 0.00860914
0.517684 0.0403177 0.00115272
0.570959 0.0399468 -0.00696196
0.624248 0.0391069 -0.0157606
0.674119 0.0379107 -0.0239853
0.72423 0.0363178 -0.0317886
0.770725 0.0345285 -0.0384828
0.816185 0.0325077 -0.0444539
0.861049 0.0302847 -0.049548
0.903604 0.0280018 -0.0536458
0.946456 0.0255673 -0.056813
0.987987 0.0231228 -0.0588581
1.0281 0.0207242 -0.0597954
1.06674 0.0184238 -0.059541
1.10413 0.0162607 -0.057846
1.13971 0.0143266 -0.0543596
1.15327 0.0136024 -0.0534163
1.16586 0.0129388 -0.0527073
1.17649 0.0123886 -0.0517486
