t x vx
0.01 0.0330055 0.000549684
0.02 0.0330285 0.00229987
0.0580759 0.0333362 0.00808207
0.0990629 0.0338763 0.0131774
0.144061 0.0346635 0.0174938
0.189131 0.0355878 0.0205085
0.240183 0.0367166 0.022111
0.292062 0.0378479 0.0218053
0.34559 0.0388953 0.0195669
0.400585 0.0397425 0.0154056
0.456743 0.0402709 0.00940881
0.512375 0.0403866 0.00207994
0.566346 0.0400597 -0.00605701
0.620907 0.0392399 -0.0150243
0.670855 0.038077 -0.0232831
0.721784 0.0364864 -0.0312317
0.768642 0.0347061 -0.0379943
0.814251 0.0326976 -0.0440372
0.859302 0.0304806 -0.0492106
0.901846 0.0282093 -0.0533868
0.944564 0.0257887 -0.0566633
0.985822 0.023361 -0.0588441
1.02601 0.0209522 -0.0599309
1.06472 0.0186367 -0.0598232
1.10223 0.01645 -0.0583005
1.13791 0.0144853 -0.0550649
1.15151 0.0137469 -0.0542907
1.16418 0.013066 -0.0537524
1.17489 0.0124983 -0.0529759
