t x vx
0.01 0.0329906 -0.000944321
0.02 0.0329487 -0.00418216
0.0473249 0.0326247 -0.0118577
0.0755493 0.032105 -0.018414
0.105457 0.0313864 -0.0240264
0.137281 0.0304882 -0.028225
0.170859 0.0294707 -0.0303015
0.206963 0.0283754 -0.0303373
0.244703 0.0273271 -0.0277772
0.283506 0.0264432 -0.0227803
0.321607 0.0258342 -0.0159839
0.356016 0.0255391 -0.00857436
0.392422 0.025546 0.000188082
0.42634 0.0258558 0.00913409
0.46153 0.0265186 0.0188366
0.494622 0.0274314 0.0275831
0.528996 0.0286762 0.0362141
0.562436 0.0301432 0.043867
0.595362 0.0318035 0.0504259
0.628195 0.0336405 0.0559516
0.659608 0.0355382 0.0604115
0.690593 0.0375179 0.0638915
0.721293 0.0395557 0.0663769
0.752388 0.0416614 0.0677182
0.783416 0.0437655 0.0678148
0.814336 0.0458251 0.066608
0.8448 0.0477737 0.0639651
0.874741 0.049562 0.0597269
0.904225 0.051143 0.0536209
0.91585 0.0517408 0.0514287
0.927226 0.0523037 0.0494794
0.937025 0.0527705 0.0476359
