t x vx
0.01 0.033 -2.67885e-06
0.02 0.0329999 -2.59904e-06
0.222808 0.0329998 -6.36013e-07
0.425679 0.0330001 1.34647e-06
0.633151 0.0330008 3.26858e-06
0.843906 0.033002 5.68098e-06
1.05751 0.0330038 8.53493e-06
1.27299 0.0330062 1.12423e-05
1.48943 0.033009 1.29383e-05
1.70621 0.0330117 1.22928e-05
1.92313 0.0330135 8.40831e-06
2.13995 0.0330137 1.06105e-06
2.35643 0.0330117 -9.4757e-06
2.57261 0.0330068 -2.24755e-05
2.78854 0.0329989 -3.66354e-05
3.00428 0.0329881 -5.00218e-05
3.21992 0.0329751 -6.01774e-05
3.43549 0.0329613 -6.42922e-05
3.65083 0.0329485 -5.95198e-05
3.86595 0.0329391 -4.33595e-05
4.08083 0.0329361 -1.42959e-05
4.29549 0.032942 2.77898e-05
4.50996 0.0329594 8.09543e-05
4.72431 0.0329896 0.000140925
4.93863 0.0330326 0.000200852
5.15305 0.0330865 0.000251353
5.36774 0.0331469 0.000280936
5.58282 0.0332064 0.000276927
5.79742 0.0332552 0.000227496
6.01129 0.0332818 0.000124351
6.22439 0.0332743 -3.52948e-05
6.43676 0.0332219 -0.000246672
6.64857 0.0331169 -0.000495757
6.86004 0.0329562 -0.000759923
7.07154 0.0327434 -0.00100637
7.28335 0.0324913 -0.0011902
7.49622 0.032224 -0.00125568
7.70796 0.0319815 -0.00114511
7.91674 0.0318094 -0.000824135
8.12251 0.0317501 -0.000288232
8.32559 0.0318402 0.0004434
8.52582 0.0321066 0.00133073
8.72359 0.0325667 0.00232625
8.91987 0.0332273 0.00336541
9.11563 0.034078 0.00434593
9.31213 0.0350811 0.00510459
9.502 0.0361006 0.0053694
9.68476 0.0369944 0.00489092
9.86085 0.0376369 0.0036484
10.031 0.0379584 0.00188963
10.195 0.0379463 -7.41027e-05
10.3527 0.0376117 -0.0021224
10.5055 0.0369606 -0.00426016
10.6551 0.0359871 -0.00650727
10.8043 0.0346659 -0.00885672
10.954 0.0329881 -0.0112086
11.1075 0.0309299 -0.0134063
11.2579 0.0286686 -0.0150403
11.4024 0.0263865 -0.0157925
11.5387 0.0243018 -0.0152932
11.6658 0.0226276 -0.0131674
11.7845 0.0215069 -0.00944391
11.8965 0.021015 -0.00438965
12.0043 0.0210591 0.000409284
12.1067 0.0216365 0.00563609
12.2062 0.0226577 0.0102674
12.3067 0.0240243 0.0136038
12.41 0.025791 0.0170995
12.5191 0.0279827 0.0200878
12.6336 0.0305688 0.02258
12.7597 0.0336792 0.0246773
12.8887 0.0370436 0.0260689
13.0148 0.0404026 0.0266333
13.1349 0.0435436 0.026171
13.2456 0.0462454 0.0243907
13.3462 0.0483481 0.0209031
13.4377 0.0497529 0.0153566
13.5215 0.0504222 0.00799124
13.5528 0.0505712 0.00474938
13.5837 0.050615 0.00142007
13.6127 0.050562 -0.00182753
13.6406 0.0504229 -0.00497739
13.6685 0.0501987 -0.00803783
13.6972 0.0498824 -0.0110394
13.7696 0.0485946 -0.0177729
13.8432 0.0468972 -0.0230596
13.9292 0.0445198 -0.0276418
14.023 0.0416217 -0.0309181
14.1332 0.0379369 -0.0334332
14.2557 0.0336681 -0.0348487
14.3872 0.0290441 -0.0351484
14.5164 0.0245973 -0.0344397
14.6395 0.0205714 -0.0327029
14.7506 0.01725 -0.0298971
14.8487 0.0147471 -0.025514
14.8826 0.0139372 -0.0238312
14.9119 0.0132996 -0.0217875
14.936 0.0128305 -0.0194924
14.9589 0.0124487 -0.0166661
