t x vx
0.01 0.0330002 1.63602e-05
0.02 0.0330004 1.86718e-05
0.0798672 0.0330013 1.60655e-05
0.139665 0.0330024 1.75556e-05
0.200442 0.0330039 2.50735e-05
0.261752 0.0330062 3.72897e-05
0.323389 0.0330094 5.31703e-05
0.385188 0.0330139 7.22575e-05
0.447057 0.0330198 9.46354e-05
0.508961 0.0330272 0.000120789
0.570878 0.0330366 0.000151117
0.63277 0.0330481 0.000185181
0.694633 0.0330618 0.000221872
0.756467 0.0330779 0.000259725
0.818275 0.0330962 0.000297259
0.880062 0.0331168 0.000333021
0.94183 0.0331394 0.000365618
1.00358 0.0331637 0.000393742
1.06532 0.0331894 0.000416205
1.12706 0.0332161 0.000431935
1.18879 0.0332432 0.000440012
1.25051 0.0332704 0.000439669
1.31224 0.0332969 0.000430313
1.37397 0.0333223 0.000411522
1.43572 0.033346 0.000383044
1.49747 0.0333673 0.00034479
1.55923 0.0333856 0.000296822
1.62101 0.0334004 0.000239349
1.6828 0.0334111 0.000172711
1.74461 0.0334171 9.73794e-05
1.80645 0.0334179 1.39515e-05
1.86826 0.0334132 -7.67821e-05
1.93006 0.0334024 -0.000173948
1.99183 0.0333854 -0.000276579
2.05358 0.0333617 -0.000383579
2.1153 0.0333312 -0.000493697
2.177 0.0332938 -0.000605539
2.23868 0.0332496 -0.000717554
2.30034 0.0331985 -0.00082803
2.36198 0.0331409 -0.000935074
2.42359 0.033077 -0.00103664
2.48519 0.0330074 -0.00113053
2.54677 0.0329326 -0.00121445
2.60834 0.0328534 -0.001286
2.6699 0.0327708 -0.00134274
2.73145 0.0326857 -0.00138222
2.793 0.0325994 -0.00140202
2.85456 0.0325132 -0.00139981
2.91612 0.0324287 -0.00137339
2.97769 0.0323473 -0.00132078
3.03928 0.032271 -0.00124027
3.10088 0.0322013 -0.00113047
3.16252 0.0321403 -0.000990421
3.22419 0.0320897 -0.000819551
3.2859 0.0320516 -0.000617835
3.34767 0.0320278 -0.00038572
3.40949 0.0320201 -0.000124237
3.47127 0.0320303 0.000164289
3.53299 0.0320597 0.000477165
3.59464 0.0321097 0.000811191
3.65623 0.0321813 0.00116263
3.71775 0.0322753 0.00152718
3.7792 0.032392 0.00189994
3.84058 0.0325317 0.0022755
3.90188 0.032694 0.00264796
3.96311 0.0328784 0.00301085
4.02426 0.0330837 0.0033573
4.08534 0.0333085 0.00368007
4.14636 0.0335508 0.00397163
4.2073 0.0338082 0.00422418
4.26818 0.0340779 0.00442989
4.32902 0.0343566 0.00458055
4.38981 0.0346404 0.0046684
4.45057 0.0349251 0.00468602
4.51132 0.0352062 0.00462625
4.57209 0.0354785 0.00448216
4.6329 0.0357368 0.00424785
4.69377 0.0359753 0.0039182
4.75474 0.036188 0.00348904
4.81584 0.0363688 0.00295751
4.87712 0.0365111 0.0023224
4.93862 0.0366085 0.00158402
5.00037 0.0366545 0.000744535
5.06198 0.0366431 -0.000184132
5.12344 0.0365698 -0.00119292
5.18474 0.0364306 -0.00227016
5.24589 0.0362225 -0.00340465
5.30686 0.035943 -0.00458366
5.36765 0.0355908 -0.00579348
5.42822 0.0351657 -0.00701801
5.48855 0.0346685 -0.00824134
5.5486 0.0341015 -0.00944269
5.60835 0.0334679 -0.0106042
5.66778 0.0327722 -0.011706
5.72688 0.03202 -0.0127273
5.78564 0.0312183 -0.0136439
5.84406 0.0303752 -0.0144314
5.90215 0.0295002 -0.0150643
5.95993 0.0286037 -0.015515
6.01744 0.0277299 -0.0151935
6.0747 0.0268609 -0.0151762
6.13177 0.0260127 -0.0148618
6.18883 0.0252007 -0.0142328
6.24604 0.0244415 -0.0132698
6.30362 0.0237531 -0.0119545
6.36176 0.0231985 -0.00954041
6.42069 0.0227575 -0.00748296
6.48079 0.022455 -0.00503401
6.54186 0.0223175 -0.00224985
6.60272 0.0224194 0.00167273
6.66342 0.0227704 0.00578352
6.72391 0.0233791 0.0100622
6.78425 0.0242538 0.0144986
6.84423 0.0253958 0.0190373
6.90348 0.0267963 0.0236383
6.96165 0.0284397 0.0282502
7.01844 0.0303035 0.0328195
7.07378 0.032367 0.0372881
7.1276 0.0346045 0.041577
7.17973 0.0369813 0.0455884
7.2301 0.0394598 0.0492118
7.27861 0.0419979 0.0523239
7.32515 0.0445471 0.054774
7.36973 0.0470606 0.0563758
7.41239 0.049484 0.0568107
7.45331 0.0517546 0.0554843
7.46925 0.0526203 0.0543304
7.4855 0.0534691 0.0522093
