t x vx
0.01 0.033 8.57663e-08
0.02 0.033 5.13471e-07
0.126506 0.0329999 -1.38104e-06
0.23295 0.0329992 -5.93134e-06
0.341335 0.0329983 -8.55875e-06
0.453554 0.0329975 -6.73728e-06
0.568713 0.0329976 2.39771e-07
0.686143 0.0329992 1.34829e-05
0.805875 0.0330034 3.54852e-05
0.926786 0.0330107 6.02465e-05
1.04714 0.0330206 8.2724e-05
1.16687 0.0330328 0.000101507
1.28603 0.0330456 0.000107211
1.40435 0.0330576 0.000101725
1.5222 0.0330683 9.02964e-05
1.63847 0.0330769 7.4222e-05
1.7537 0.0330828 5.11589e-05
1.86838 0.0330851 2.06712e-05
1.98268 0.0330831 -1.7837e-05
2.09682 0.0330759 -6.33882e-05
2.21091 0.0330628 -0.000114204
2.32497 0.0330439 -0.000166465
2.43897 0.0330195 -0.000213462
2.55287 0.0329911 -0.000249362
2.66662 0.0329605 -0.000268807
2.78022 0.0329303 -0.000266143
2.89362 0.0329038 -0.000234103
3.00675 0.032885 -0.000165585
3.11947 0.0328787 -5.64268e-05
3.23176 0.0328895 9.65841e-05
3.34356 0.0329218 0.000288779
3.45486 0.032979 0.000513868
3.56566 0.0330633 0.000761116
3.67596 0.0331751 0.00101291
3.78582 0.0333117 0.00124419
3.89531 0.0334676 0.00142395
4.00467 0.0336334 0.00151545
4.11347 0.0337944 0.00147956
4.22141 0.0339329 0.00128384
4.32909 0.03403 0.000901362
4.4369 0.034064 0.000315878
4.54478 0.0340125 -0.00047807
4.6527 0.0338539 -0.00146926
4.76123 0.033567 -0.00264319
4.86816 0.033148 -0.00391882
4.97259 0.0326053 -0.00519679
5.07484 0.031954 -0.00636999
5.17554 0.0312185 -0.00730388
5.2755 0.0304365 -0.00782247
5.37581 0.0296605 -0.00773638
5.47522 0.0289692 -0.0069532
5.57492 0.0284249 -0.00546031
5.67142 0.0281024 -0.00334165
5.76701 0.0280393 -0.000660322
5.86285 0.028291 0.00262676
5.95461 0.0288758 0.00637277
6.04501 0.0298314 0.0105716
6.1315 0.0311151 0.0148417
6.21571 0.0327171 0.0190239
6.29644 0.0345508 0.0227132
6.37356 0.0365356 0.025735
6.44658 0.0385741 0.0279191
6.52015 0.0407139 0.0290857
6.59141 0.0427759 0.0289352
6.66002 0.0446507 0.0273248
6.7264 0.0462519 0.0241214
6.79112 0.0474949 0.0192068
6.85613 0.0483184 0.0126682
6.92254 0.0486372 0.00479924
6.98566 0.0484444 -0.00305349
7.04634 0.0478026 -0.0105773
7.10562 0.0467454 -0.0178333
7.16225 0.0453725 -0.0242444
7.21676 0.0437403 -0.0299415
7.27143 0.0418216 -0.0350972
7.32878 0.0395256 -0.0400358
7.3934 0.0366283 -0.0448332
7.45669 0.03354 -0.0487983
7.51984 0.0302464 -0.0521516
7.58133 0.0268795 -0.0547591
7.64234 0.0234283 -0.0565708
7.70041 0.0200897 -0.0574933
7.75538 0.01693 -0.0574712
7.80634 0.0140617 -0.0562927
7.82486 0.0130021 -0.0572029
