t x vx
0.01 0.0329999 -5.55301e-06
0.02 0.0329999 -6.24939e-06
0.0800508 0.032999 -1.50075e-05
0.140175 0.0329977 -2.10723e-05
0.201503 0.0329964 -2.18121e-05
0.265138 0.0329957 -1.05055e-05
0.330222 0.0329962 8.19395e-06
0.396749 0.0329989 4.03722e-05
0.464847 0.0330055 9.64388e-05
0.53333 0.0330169 0.000166334
0.601641 0.0330337 0.000245957
0.669487 0.0330555 0.000322078
0.736599 0.0330803 0.000368329
0.803252 0.0331056 0.000380417
0.869319 0.0331307 0.000379094
0.933938 0.0331551 0.000378934
0.998672 0.0331795 0.00037581
1.06302 0.0332032 0.000368196
1.12718 0.0332257 0.000351501
1.19124 0.0332463 0.000320577
1.25526 0.0332637 0.000272955
1.31915 0.0332772 0.000211103
1.38273 0.0332862 0.00014158
1.44605 0.0332906 6.94327e-05
1.50916 0.0332904 -3.32208e-06
1.5721 0.0332855 -7.72835e-05
1.63487 0.033276 -0.000152222
1.69745 0.033262 -0.000222948
1.75982 0.0332444 -0.00028229
1.82195 0.0332245 -0.000320985
1.88381 0.0332036 -0.000337841
1.9454 0.0331836 -0.000324366
2.00668 0.0331671 -0.000268871
2.06766 0.033157 -0.000166426
2.12834 0.0331558 -1.89928e-05
2.18877 0.0331659 0.000167118
2.249 0.0331887 0.000377803
2.30911 0.0332244 0.000593675
2.36905 0.0332717 0.000789347
2.42875 0.0333274 0.0009334
2.48873 0.0333871 0.000994706
2.54883 0.033444 0.000948103
2.60892 0.0334909 0.000779712
2.66884 0.0335198 0.000481783
2.72891 0.0335234 5.95109e-05
2.78943 0.0334947 -0.000473002
2.84959 0.0334296 -0.00108267
2.90905 0.033327 -0.00172569
2.96798 0.0331878 -0.00236121
3.02662 0.0330152 -0.00294471
3.08528 0.0328146 -0.00341991
3.14386 0.0325957 -0.00373511
3.20252 0.0323707 -0.00383597
3.26039 0.0321574 -0.00368629
3.3179 0.0319685 -0.00328513
3.37582 0.0318163 -0.0026265
3.43379 0.0317167 -0.00171955
3.49012 0.0316814 -0.000625125
3.54625 0.031716 0.000615297
3.60305 0.031825 0.0019188
3.66011 0.0320069 0.00318877
3.71633 0.0322511 0.00434235
3.77154 0.0325439 0.00530344
3.82633 0.0328733 0.00601295
3.88132 0.033225 0.00639637
3.93601 0.0335767 0.00642969
3.98884 0.0339011 0.00614107
4.03968 0.0341838 0.00556191
4.08889 0.0344165 0.00472773
4.1379 0.0345956 0.0036544
4.18812 0.0347134 0.00234603
4.23827 0.0347578 0.000884278
4.28901 0.0347233 -0.000678776
4.34129 0.034605 -0.00226409
4.39578 0.0343962 -0.00383197
4.4497 0.0341132 -0.00524754
4.50228 0.0337792 -0.0063527
4.55062 0.0334383 -0.00705181
4.59452 0.0331141 -0.0073854
4.63466 0.0328168 -0.00740621
4.67215 0.0325475 -0.00718251
4.70817 0.0323046 -0.00674437
4.74287 0.032092 -0.00612513
4.77652 0.031912 -0.00534984
4.80913 0.0317672 -0.00444146
4.84106 0.0316581 -0.00341729
4.87237 0.0315859 -0.00230646
4.90325 0.0315507 -0.0011371
4.93381 0.0315528 6.88403e-05
4.96406 0.0315914 0.00127474
4.99401 0.0316645 0.00244199
5.02419 0.0317723 0.00357027
5.05485 0.0319137 0.004613
5.08664 0.0320902 0.00555137
5.12011 0.032303 0.00635841
5.15595 0.0325535 0.00698868
5.1949 0.0328403 0.00736472
5.23801 0.0331596 0.00740686
5.28104 0.033463 0.00705104
5.32499 0.0337391 0.00628141
5.37343 0.0339814 0.00500199
5.42379 0.0341443 0.00323406
5.47385 0.0342018 0.00114851
5.51809 0.0341614 -0.000911449
5.55975 0.03404 -0.00291598
5.60923 0.0337857 -0.0051382
5.65851 0.0334385 -0.00704659
5.71106 0.0329879 -0.00857494
5.76579 0.0324706 -0.009453
5.82228 0.0319321 -0.00953186
5.88137 0.0314199 -0.00866692
5.93348 0.0310501 -0.00709664
5.98688 0.0308025 -0.00463589
6.04189 0.0307234 -0.00143846
6.09448 0.0308372 0.00216301
6.14385 0.0311101 0.00552891
6.1997 0.0316233 0.00918802
6.25703 0.0323393 0.0124905
6.3146 0.0332043 0.0150244
6.37158 0.0341458 0.0165231
6.42754 0.0350916 0.0169022
6.48255 0.0359816 0.0161783
6.53659 0.036758 0.0143661
6.59016 0.0373758 0.0115327
6.64443 0.0377938 0.0077023
6.69736 0.0379679 0.00329009
6.75211 0.0378714 -0.00176283
6.80896 0.0374625 -0.00719173
6.86401 0.0367884 -0.012246
6.92134 0.035829 -0.016736
6.97507 0.0347521 -0.0200412
7.02887 0.0335525 -0.0222981
7.08177 0.0323164 -0.0233647
7.13425 0.0310936 -0.023303
7.18212 0.0300245 -0.0223351
7.23346 0.0289839 -0.0202661
7.28565 0.0280889 -0.0171506
7.33882 0.027393 -0.0130864
7.39676 0.0269371 -0.00786944
7.45523 0.0268088 -0.00219461
7.51222 0.0270028 0.00340424
7.56576 0.0274569 0.00848211
7.62011 0.0281685 0.0130928
7.675 0.0290986 0.0169478
7.72992 0.0301865 0.0198071
7.78141 0.0313132 0.0218805
7.83236 0.0324741 0.0227874
7.88325 0.0336386 0.0228824
7.93503 0.034784 0.0221211
7.98629 0.0358399 0.0205973
8.04058 0.0368286 0.018212
8.09701 0.0376722 0.014948
8.15704 0.0383281 0.0109273
8.21709 0.0387181 0.00649426
8.27459 0.0388435 0.00217994
8.33349 0.0387209 -0.00208115
8.39201 0.0383731 -0.0059435
8.45159 0.0378201 -0.00928046
8.50904 0.0371401 -0.0118368
8.56696 0.0363442 -0.0137399
8.62455 0.0354825 -0.0149632
8.67975 0.0346253 -0.0155308
8.73542 0.0337589 -0.0155611
8.78853 0.0329578 -0.0150859
8.84714 0.0321307 -0.0141114
8.90564 0.0313899 -0.0126625
8.96761 0.0307191 -0.0108245
9.02604 0.0301998 -0.00888807
9.09014 0.0297636 -0.00680595
9.15515 0.0294522 -0.00478815
9.21725 0.0292599 -0.00309719
9.28235 0.0291523 -0.00165259
9.34453 0.0291151 -0.000598511
9.40806 0.0291233 0.000128051
9.47055 0.0291566 0.000534179
9.53425 0.0292014 0.000703322
9.59718 0.0292483 0.000744002
9.65813 0.029295 0.000766536
9.72107 0.0293535 0.000929637
9.78324 0.0294382 0.00136325
9.84736 0.0295828 0.0022548
9.91092 0.0298142 0.00364089
9.97365 0.0301641 0.00557732
10.0359 0.0306651 0.00804943
10.0971 0.0313379 0.010983
10.1581 0.0322002 0.0141538
10.2174 0.0332146 0.0170869
10.2732 0.0342994 0.0194517
10.3275 0.035444 0.0210721
10.3813 0.0366129 0.0217377
10.4346 0.0377523 0.0213848
10.4885 0.0388244 0.0198777
10.5426 0.0397551 0.0172183
10.595 0.0404656 0.0135402
10.6486 0.040934 0.00875016
10.7039 0.0411015 0.00302731
10.7553 0.0409501 -0.00294527
10.8102 0.040417 -0.00970727
10.8623 0.0395834 -0.0159896
10.9157 0.0384138 -0.0219142
10.9662 0.0370606 -0.0267673
11.0161 0.0355296 -0.0307117
11.0642 0.0339125 -0.0336364
11.1117 0.0322169 -0.035706
11.1578 0.0305136 -0.0369107
11.2051 0.0287479 -0.0372933
11.2533 0.0269774 -0.0367511
11.3016 0.0252753 -0.0352678
11.3501 0.0236822 -0.0328109
11.3994 0.0222396 -0.0292832
11.4496 0.021004 -0.0246014
11.5017 0.0200331 -0.0186287
11.5572 0.0194043 -0.0113376
11.6126 0.0192082 -0.00353829
11.6674 0.0194363 0.00416265
11.7187 0.0200101 0.0111851
11.7712 0.020956 0.0180245
11.821 0.0221481 0.0239362
11.8689 0.0235622 0.0294968
11.914 0.0251054 0.0342162
11.9598 0.0268723 0.0386007
12.0048 0.0287805 0.0424379
12.0486 0.0307914 0.0458356
12.0923 0.0329203 0.0487455
12.1345 0.0350758 0.0511407
12.1768 0.0373261 0.0531039
12.2181 0.0395782 0.0545274
12.2604 0.0419106 0.0552462
12.3027 0.0442429 0.0550469
12.3441 0.0464731 0.0539638
12.3842 0.0485551 0.0518378
12.4234 0.0504542 0.0484259
12.4385 0.0511706 0.0475709
12.4529 0.0518471 0.046868
12.4654 0.0524205 0.046091
12.4775 0.052966 0.0450713
12.4893 0.0534824 0.0437958
12.5007 0.0539652 0.0421473
