t x vx
0.01 0.0329944 -0.000557452
0.02 0.032972 -0.00223983
0.0644216 0.0325899 -0.00860292
0.109339 0.0319794 -0.0135902
0.157323 0.0311284 -0.017736
0.206307 0.0301238 -0.0205092
0.256002 0.0290166 -0.0222783
0.306107 0.0278393 -0.0234975
0.356622 0.0266359 -0.0238226
0.407675 0.0254457 -0.023314
0.45947 0.0243308 -0.0215247
0.512308 0.0233289 -0.0189618
0.566506 0.0224801 -0.0156609
0.622592 0.0217889 -0.0123247
0.681178 0.0212922 -0.00847728
0.742879 0.0210273 -0.00429289
0.803864 0.0210119 -0.000252641
0.86431 0.0212252 0.00352818
0.924299 0.0216447 0.00699268
0.983961 0.0222519 0.0101773
1.04333 0.0230317 0.0131365
1.10242 0.0239733 0.0159345
1.16119 0.0250694 0.01865
1.21953 0.0263517 0.021979
1.27735 0.0278133 0.0252818
1.33462 0.0294506 0.0285887
1.39111 0.0312517 0.0318823
1.44665 0.0331853 0.0348121
1.50107 0.0352368 0.0377002
1.55407 0.0373794 0.040428
1.60564 0.039592 0.0429002
1.65572 0.0418467 0.0450184
1.70418 0.0441086 0.0466792
1.75104 0.0463471 0.0477653
1.79626 0.0485231 0.0481243
1.84007 0.0506045 0.047515
1.85722 0.0514185 0.0474505
1.87454 0.0522349 0.04713
1.89058 0.0529703 0.0458721
1.90794 0.0537271 0.0435888
