t x vx
0.01 0.0330006 5.55499e-05
0.02 0.0330025 0.000192085
0.154108 0.0332442 0.00180222
0.300508 0.0337058 0.00315338
0.464467 0.0343834 0.00413283
0.638576 0.0351609 0.0044654
0.817257 0.0358742 0.00399214
0.999087 0.0363734 0.00274519
1.17991 0.0365393 0.000917543
1.3577 0.0363257 -0.00120114
1.53137 0.03573 -0.00343007
1.70144 0.0347636 -0.00568232
1.86734 0.0334632 -0.0078392
2.03023 0.0318678 -0.00979417
2.19204 0.0300321 -0.0113448
2.35131 0.0280946 -0.0121641
2.50093 0.0263136 -0.0119039
2.64163 0.024892 -0.0101038
2.77421 0.0239902 -0.006802
2.90183 0.0236121 -0.00296298
3.02648 0.0237058 0.000751893
3.14569 0.0241943 0.00409784
3.25993 0.0250025 0.00707409
3.36822 0.0260518 0.00969015
3.47584 0.0273615 0.0121698
3.58533 0.0289553 0.0145567
3.69378 0.030774 0.016769
3.80603 0.0328926 0.0188744
3.91839 0.0352122 0.0206448
4.03605 0.037796 0.0219597
4.15973 0.0405618 0.0223631
4.27797 0.0431031 0.0214929
4.3901 0.0452312 0.018979
4.49373 0.0467367 0.0145278
4.59044 0.0475635 0.008549
4.68358 0.0477565 0.00207236
4.77327 0.0473878 -0.00411101
4.85688 0.0465996 -0.00942838
4.93873 0.0454551 -0.0139809
5.01908 0.044037 -0.017649
5.09881 0.042391 -0.0206454
5.18314 0.0404272 -0.023288
5.27436 0.0380933 -0.0255843
5.37378 0.0353614 -0.0274787
5.48486 0.0321567 -0.0288496
5.60226 0.0287021 -0.0294281
5.72401 0.0251621 -0.0290743
5.83876 0.0219813 -0.0277204
5.94572 0.0192832 -0.0252248
6.04338 0.0172158 -0.0211689
6.13152 0.0158851 -0.0150989
6.16365 0.0154857 -0.0124285
6.19407 0.0151945 -0.00957236
6.22144 0.0150086 -0.00679221
6.24732 0.0149063 -0.00395313
6.27148 0.0148785 -0.00114995
6.29425 0.0149155 0.00162492
6.31668 0.0150149 0.00442919
6.33895 0.0151735 0.00712419
6.36011 0.0153765 0.00959426
6.38153 0.0156337 0.0120073
6.40423 0.0159607 0.014404
6.46435 0.0171602 0.0199509
6.52304 0.0185818 0.0242213
6.59129 0.0205071 0.0282132
6.67073 0.0230321 0.0317848
6.76096 0.0261666 0.0347387
6.86171 0.0298762 0.0368187
6.97503 0.0341579 0.0377828
7.10056 0.0388252 0.0371824
7.21397 0.0428552 0.0355339
7.33246 0.0467413 0.0327956
7.43945 0.0498218 0.0287949
7.53398 0.0520003 0.0230442
7.56631 0.052674 0.0208434
