t x vx
0.01 0.0330002 2.47237e-05
0.02 0.0330005 2.37669e-05
0.0528086 0.0330007 7.07872e-06
0.0857339 0.0330007 -7.87779e-07
0.119583 0.0330009 5.3328e-06
0.154421 0.0330015 1.83613e-05
0.189911 0.0330027 3.31945e-05
0.225895 0.0330045 5.12676e-05
0.262151 0.0330071 7.17567e-05
0.2985 0.0330107 9.75914e-05
0.334829 0.0330155 0.000132655
0.371044 0.033022 0.000179098
0.407076 0.0330303 0.000231863
0.442991 0.0330407 0.000287227
0.478796 0.0330529 0.00034243
0.51448 0.033067 0.000395367
0.550051 0.0330828 0.000443979
0.585506 0.0331001 0.000486566
0.620832 0.0331185 0.000521594
0.656046 0.0331378 0.000548161
0.691173 0.0331577 0.000565406
0.726231 0.0331777 0.000572983
0.761234 0.0331977 0.000570905
0.796186 0.0332173 0.000559858
0.831101 0.0332362 0.000541416
0.865975 0.0332543 0.000517882
0.900815 0.0332714 0.000491608
0.93563 0.0332876 0.000465319
0.970425 0.033303 0.000441586
1.0052 0.0333177 0.000422602
1.03995 0.0333319 0.000409601
1.07469 0.0333459 0.000402483
1.10942 0.0333598 0.000399957
1.14416 0.0333736 0.000399418
1.17891 0.0333874 0.000397081
1.21368 0.0334009 0.000388164
1.24848 0.0334137 0.000367561
1.28332 0.0334252 0.000330208
1.31819 0.0334347 0.000271593
1.3531 0.0334413 0.000188448
1.38799 0.033444 7.95109e-05
1.42287 0.0334422 -5.43978e-05
1.45772 0.0334348 -0.00020998
1.49257 0.0334215 -0.000381426
1.52741 0.033402 -0.000560687
1.56226 0.0333763 -0.000737886
1.59713 0.0333448 -0.000902019
1.63203 0.0333085 -0.00104181
1.66699 0.0332684 -0.00114676
1.70199 0.0332261 -0.00120827
1.73695 0.0331834 -0.0012207
1.77186 0.0331421 -0.00118276
1.80674 0.0331039 -0.00109741
1.84159 0.03307 -0.000971904
1.87642 0.0330415 -0.000817386
1.91126 0.0330189 -0.000648108
1.94613 0.0330022 -0.00048034
1.98102 0.0329906 -0.000330929
2.01597 0.0329831 -0.000215531
2.05101 0.032978 -0.000147005
2.08604 0.0329733 -0.000133681
2.121 0.0329671 -0.000177762
2.15587 0.0329575 -0.000274747
2.19066 0.0329431 -0.000413419
2.22538 0.0329231 -0.000576494
2.26007 0.0328973 -0.000741753
2.29475 0.0328667 -0.000883887
2.32946 0.0328328 -0.000976762
2.36427 0.0327981 -0.000995664
2.39922 0.032766 -0.000920482
2.4341 0.0327402 -0.000739577
2.46887 0.0327244 -0.000452081
2.50354 0.0327221 -6.79355e-05
2.53812 0.0327356 0.000391661
2.57266 0.0327666 0.000895944
2.60714 0.0328151 0.00140635
2.64159 0.0328798 0.00187893
2.67606 0.032958 0.00226936
2.71063 0.0330457 0.002536
2.7454 0.0331376 0.00264367
2.78021 0.033227 0.00256836
2.81485 0.0333069 0.00230518
2.84935 0.0333713 0.00186668
2.8837 0.0334153 0.00128181
2.91787 0.0334357 0.000596476
2.9519 0.0334313 -0.000128322
2.98588 0.0334033 -0.000823579
3.01987 0.0333552 -0.00141704
3.05391 0.0332925 -0.00184064
3.08808 0.0332229 -0.00203794
3.12225 0.0331556 -0.0019681
3.15658 0.0331002 -0.0016132
3.19082 0.0330665 -0.000985149
3.22467 0.0330619 -0.000135894
3.25825 0.0330908 0.00086154
3.29196 0.0331557 0.00192279
3.32544 0.0332538 0.00293063
3.3589 0.0333804 0.00378461
3.39263 0.0335282 0.00438347
3.42608 0.0336833 0.00463363
3.45927 0.0338322 0.00448793
3.4923 0.033962 0.00392846
3.52502 0.034059 0.00296553
3.55816 0.0341124 0.00161228
3.59081 0.0341114 -3.0394e-05
3.62348 0.0340505 -0.0018641
3.65633 0.0339273 -0.00374997
3.68915 0.0337467 -0.00550351
3.72226 0.0335165 -0.00695425
3.75522 0.0332552 -0.00792779
3.78859 0.0329776 -0.00831548
3.82167 0.0327121 -0.00802839
3.85466 0.0324797 -0.00704554
3.88713 0.0323034 -0.00542852
3.91877 0.0321986 -0.0033132
3.95061 0.0321731 -0.000799537
3.98381 0.0322395 0.00199954
4.0173 0.0323986 0.00474975
4.05076 0.0326391 0.00718768
4.08422 0.0329428 0.00907806
4.11842 0.0332919 0.0102069
4.15249 0.0336453 0.0103739
4.18611 0.0339666 0.00955562
4.22011 0.0342304 0.00775891
4.25341 0.0344022 0.00516072
4.28725 0.0344654 0.00186702
4.32098 0.0344035 -0.00183427
4.35463 0.0342151 -0.0056003
4.38831 0.0339086 -0.00909812
4.42195 0.0335066 -0.0119529
4.45575 0.0330369 -0.0138963
4.48972 0.0325368 -0.0147207
4.52386 0.0320491 -0.0142844
4.55751 0.0316245 -0.0126208
4.59147 0.031291 -0.00981708
4.62522 0.0310853 -0.00609804
4.65799 0.0310246 -0.00185019
4.69183 0.03112 0.00281911
4.72543 0.0313675 0.00736552
4.75916 0.0317528 0.0114236
4.7928 0.0322428 0.0145678
4.82708 0.0328109 0.0165686
4.86112 0.0333965 0.0172037
4.89473 0.0339499 0.016468
4.92872 0.0344387 0.0143797
4.96147 0.0348066 0.0112326
4.99544 0.0350465 0.00706331
5.02939 0.0351244 0.00229294
5.06328 0.0350337 -0.00267359
5.09714 0.0347832 -0.00739948
5.13101 0.0343953 -0.0114521
5.16494 0.0339043 -0.0144725
5.19897 0.0333524 -0.0162168
5.23301 0.0327903 -0.0165145
5.26701 0.0322682 -0.0153556
5.30048 0.0318366 -0.0128968
5.33449 0.0315227 -0.00922903
5.36738 0.0313643 -0.00481385
5.40123 0.0313721 0.000229657
5.43516 0.0315547 0.00538064
5.46886 0.0318964 0.0101385
5.50281 0.0323752 0.0141011
5.53659 0.0329452 0.016874
5.57042 0.0335633 0.0182708
5.60411 0.0341756 0.0181773
5.63761 0.034732 0.0166103
5.67139 0.0351933 0.0136526
5.70378 0.0355075 0.00970127
5.7376 0.035669 0.00477517
5.77148 0.0356474 -0.000639213
5.80525 0.0354431 -0.00605062
5.83903 0.0350717 -0.0109923
5.8727 0.0345664 -0.0150069
5.90667 0.0339605 -0.0178365
5.94046 0.0333116 -0.0192044
5.97415 0.0326697 -0.019052
6.00746 0.0320879 -0.0174674
6.04145 0.0315952 -0.0144923
6.07523 0.0312443 -0.0103879
6.1085 0.03106 -0.00554266
6.1424 0.0310531 -0.000202745
6.17637 0.0312267 0.00511135
6.21014 0.0315609 0.0098958
6.24406 0.0320273 0.0137489
6.27786 0.0325792 0.0163276
6.31175 0.0331713 0.0174723
6.34556 0.0337494 0.0170985
6.37909 0.0342611 0.0152593
6.41241 0.0346653 0.0121323
6.44502 0.0349271 0.0080303
6.47897 0.0350301 0.00303162
6.51296 0.0349505 -0.00234157
6.54687 0.0346934 -0.00758282
6.58085 0.0342777 -0.0122336
6.61466 0.0337418 -0.015848
6.64864 0.033124 -0.0181827
6.68231 0.0324839 -0.0190088
6.71596 0.0318681 -0.0183003
6.74933 0.0313289 -0.0161573
6.78322 0.0309004 -0.012645
6.81671 0.0306295 -0.00808955
6.85021 0.030535 -0.00282011
6.88403 0.0306294 0.0027933
6.9177 0.0309057 0.00820365
6.95137 0.0313422 0.012962
6.98502 0.0319022 0.0166424
7.01896 0.0325469 0.018996
7.05265 0.0332152 0.0198432
7.08604 0.0338554 0.019168
7.11994 0.0344318 0.0170066
7.1524 0.0348771 0.0137136
7.18651 0.0351921 0.00923706
7.22053 0.0353306 0.00407088
7.25457 0.0352844 -0.00135662
7.28855 0.0350613 -0.00656446
7.32265 0.0346827 -0.0111047
7.35657 0.0341891 -0.0145491
7.39068 0.0336202 -0.016677
7.42461 0.0330337 -0.0172899
7.45855 0.0324777 -0.0163777
7.49191 0.0320077 -0.014093
7.52598 0.03165 -0.0104983
7.55906 0.0314504 -0.00603488
7.59298 0.0314212 -0.000859015
7.62699 0.0315749 0.00451685
7.6608 0.0318982 0.00956409
7.6947 0.0323679 0.0138542
7.72848 0.0329416 0.0169798
7.76227 0.033574 0.0187191
7.79585 0.0342103 0.018947
7.82947 0.0348034 0.0176409
7.86323 0.0353057 0.0148781
7.89569 0.0356636 0.0110267
7.92954 0.03587 0.00609801
7.96336 0.0358898 0.000587345
7.99713 0.0357196 -0.00504177
8.03086 0.0353727 -0.0102855
8.06455 0.034878 -0.0146834
8.09837 0.0342717 -0.0179275
8.13217 0.0336044 -0.0197439
8.16579 0.0329312 -0.0200233
8.19929 0.0323008 -0.0188168
8.23326 0.0317511 -0.0161831
8.26736 0.0313313 -0.0123096
8.3004 0.0310788 -0.00764422
8.33437 0.0309991 -0.00234366
8.36841 0.0311034 0.00306279
8.40225 0.0313761 0.00805809
8.43625 0.0317923 0.0122413
8.47007 0.0323066 0.0152079
8.50408 0.0328773 0.0167791
8.53797 0.0334479 0.0168394
8.57153 0.0339652 0.0154132
8.60524 0.0343903 0.0126111
8.63751 0.0346752 0.0088262
8.67155 0.0348124 0.00403033
8.70564 0.0347695 -0.0012588
8.73957 0.0345479 -0.00653032
8.77354 0.034163 -0.0113275
8.80742 0.0336486 -0.0151848
8.84149 0.0330414 -0.0178257
8.8752 0.0324013 -0.018986
8.90882 0.0317756 -0.0186094
8.94255 0.0312114 -0.0167299
8.9764 0.030756 -0.0134536
9.01026 0.030451 -0.00900672
9.04333 0.0303234 -0.00385752
9.07708 0.0303837 0.00178616
9.11081 0.0306319 0.0073597
9.14439 0.0310473 0.0123701
9.17809 0.0315999 0.0164
9.21195 0.0322483 0.0191485
9.24565 0.0329365 0.0204181
9.2792 0.0336126 0.0201551
9.31269 0.0342294 0.0184146
9.34558 0.0347369 0.0154341
9.37882 0.035114 0.0113437
9.41291 0.0353309 0.00636305
9.44705 0.0353649 0.000995842
9.48104 0.0352192 -0.00428475
9.51512 0.0349113 -0.00903616
9.54906 0.0344767 -0.012805
9.58327 0.0339518 -0.0153416
9.61735 0.0333927 -0.0164064
9.65139 0.0328499 -0.0159456
9.68491 0.032378 -0.0140775
9.71904 0.0320071 -0.0108675
9.75261 0.0317836 -0.00665753
9.78602 0.0317246 -0.00176749
9.82004 0.0318434 0.00349483
9.854 0.0321344 0.0085673
9.88791 0.0325747 0.0129864
9.92182 0.0331287 0.0163372
9.95567 0.0337499 0.0183489
9.98927 0.0343839 0.0188688
10.0229 0.0349839 0.0178596
10.0566 0.035502 0.0153579
10.0896 0.035886 0.0116291
10.1228 0.0361145 0.00688008
10.1566 0.0361617 0.00140012
10.1903 0.0360157 -0.00432597
10.224 0.0356869 -0.00976887
10.2577 0.0351991 -0.0144709
10.2914 0.0345907 -0.0180689
10.3252 0.0339039 -0.0202988
10.3588 0.0331985 -0.020999
10.3924 0.0325198 -0.0201915
10.426 0.0319162 -0.0179703
10.4601 0.0314235 -0.0144433
10.4931 0.0310919 -0.0100416
10.5272 0.0309257 -0.00487666
10.5613 0.0309432 0.000513903
10.5953 0.0311348 0.00563781
10.6293 0.0314771 0.0100677
10.6632 0.031931 0.0133917
10.6973 0.0324558 0.0153783
10.7314 0.0329966 0.0158823
10.7652 0.0335007 0.0148912
10.7992 0.0339249 0.0124822
10.8317 0.0342182 0.00903407
10.8658 0.0343728 0.00452831
10.8999 0.0343538 -0.000556098
10.934 0.0341588 -0.00573125
10.968 0.0337999 -0.0105384
11.0021 0.0333058 -0.0145069
11.0362 0.0327151 -0.0173059
11.07 0.0320847 -0.0186689
11.1036 0.0314624 -0.0185066
11.1373 0.0308956 -0.0168169
11.1709 0.0304346 -0.0137284
11.2047 0.0301172 -0.00939805
11.2377 0.0299758 -0.00427726
11.2714 0.0300236 0.00141833
11.305 0.030264 0.00714428
11.3385 0.0306787 0.0123923
11.3722 0.0312431 0.016747
11.406 0.0319136 0.0198589
11.4396 0.032638 0.021521
11.4731 0.0333637 0.0216529
11.5064 0.0340384 0.020306
11.5396 0.0346252 0.0176348
11.5724 0.0350811 0.0138949
11.6066 0.0353927 0.00912057
11.6408 0.0355245 0.00385106
11.6749 0.035475 -0.00145157
11.709 0.0352583 -0.00635282
11.7431 0.0349037 -0.010406
11.7773 0.0344485 -0.0132933
11.8116 0.0339424 -0.0147828
11.8455 0.0334403 -0.0147767
11.8795 0.032988 -0.0133289
11.9133 0.0326303 -0.0105745
11.9475 0.0324015 -0.00668586
11.9806 0.0323304 -0.00215379
12.0146 0.0324286 0.00288001
12.0488 0.0326966 0.00784226
12.0828 0.0331126 0.0122381
12.117 0.0336475 0.0156561
12.1509 0.0342499 0.0177677
12.1845 0.0348688 0.0184165
12.218 0.0354574 0.0175453
12.2517 0.0359675 0.0151637
12.2853 0.0363512 0.0114207
12.3179 0.0365709 0.00673897
12.3515 0.0366115 0.0012083
12.3851 0.0364552 -0.00465231
12.4186 0.0361096 -0.0103051
12.4522 0.0355953 -0.0152907
12.4857 0.034952 -0.0192054
12.5195 0.0342162 -0.021788
12.553 0.033452 -0.0228473
12.5864 0.0327032 -0.0224001
12.6199 0.0320151 -0.0205185
12.654 0.031425 -0.0173012
12.6872 0.0309891 -0.0131363
12.7214 0.0307119 -0.0081005
12.7556 0.030618 -0.00274992
12.7897 0.0307026 0.00247435
12.8238 0.0309444 0.00710503
12.8579 0.0313113 0.0107656
12.8918 0.0317579 0.0131426
12.9261 0.0322416 0.0140975
12.9604 0.0327057 0.0135654
12.9942 0.0330999 0.011634
13.0272 0.0333825 0.00858709
13.0603 0.0335351 0.00459847
13.0946 0.0335303 -0.000137621
13.1288 0.0333571 -0.00506625
13.163 0.0330241 -0.00972711
13.1974 0.0325553 -0.0136528
13.2315 0.0319934 -0.016444
13.2653 0.0313898 -0.0178623
13.2989 0.0307924 -0.0177751
13.3325 0.0302498 -0.0161479
13.3662 0.0298102 -0.0130743
13.3998 0.0295165 -0.00873919
13.4333 0.0294005 -0.00346137
13.4668 0.0294801 0.00237364
13.5003 0.0297576 0.00829258
13.5336 0.0302169 0.0137897
13.5672 0.0308377 0.0184535
13.601 0.031577 0.0218921
13.6344 0.0323766 0.0238842
13.6677 0.0331873 0.024359
13.7008 0.03396 0.0233485
13.7343 0.0346623 0.0209618
13.7672 0.0352362 0.0174835
13.8014 0.0356791 0.0129208
13.8357 0.0359439 0.00773554
13.8699 0.0360268 0.0024215
13.9041 0.0359378 -0.00260243
13.9383 0.0357011 -0.00691288
13.9726 0.0353535 -0.0101476
14.0069 0.0349396 -0.0120638
14.041 0.0345121 -0.0125393
14.0753 0.0341145 -0.0115771
14.1089 0.0338004 -0.009358
14.1432 0.0335948 -0.00598827
14.1762 0.0335306 -0.0019446
14.2105 0.033622 0.00266589
14.2449 0.0338724 0.00728388
14.2791 0.0342631 0.0114134
14.3135 0.0347665 0.0146333
14.3474 0.0353285 0.0165776
14.3809 0.0359024 0.0171023
14.4144 0.0364411 0.0161192
14.4478 0.0368967 0.0136325
14.4811 0.0372225 0.00977227
14.514 0.0373828 0.00487528
14.5473 0.0373539 -0.000864876
14.5806 0.0371221 -0.00696368
14.6139 0.0366933 -0.0128862
14.6472 0.0360875 -0.018168
14.6805 0.0353422 -0.0223853
14.714 0.0344978 -0.0252639
14.747 0.0336168 -0.0266324
14.78 0.0327421 -0.0265084
14.8132 0.0319145 -0.0249629
14.8468 0.0311724 -0.022097
14.8803 0.0305638 -0.0181612
14.9146 0.0301076 -0.0133026
14.9488 0.0298347 -0.00798143
14.983 0.0297432 -0.0026722
15.0171 0.0298181 0.0021959
15.0514 0.0300326 0.00625694
15.0854 0.030344 0.0091492
15.1199 0.0307131 0.0107051
15.1545 0.0310872 0.0108262
15.1883 0.0314117 0.00957864
15.2219 0.0316521 0.00716861
15.2543 0.0317791 0.00391206
15.2888 0.0317731 -0.00017354
15.3233 0.0316168 -0.00452992
15.3576 0.0313188 -0.00868245
15.3922 0.0308964 -0.012208
15.4266 0.0303935 -0.0146559
15.4604 0.029859 -0.0157956
15.4939 0.0293407 -0.0154774
15.5272 0.0288862 -0.0136389
15.5605 0.028542 -0.0103506
15.5937 0.0283493 -0.00580004
15.6269 0.0283407 -0.000259372
15.66 0.0285349 0.00586681
15.693 0.0289344 0.0120986
15.7262 0.0295287 0.0179483
15.7595 0.0302957 0.0229704
15.7927 0.0311837 0.02676
15.8257 0.0321436 0.0291476
15.8583 0.0331248 0.0300681
15.8909 0.0340887 0.0295588
15.9238 0.034999 0.0277101
15.9569 0.0358165 0.0246452
15.9909 0.0365125 0.0204854
16.0252 0.0370454 0.0155585
16.0595 0.0373981 0.0102803
16.0937 0.0375737 0.00512918
16.128 0.0375902 0.000478324
16.1623 0.0374773 -0.00329593
16.1966 0.037273 -0.00594456
16.231 0.0370234 -0.0072684
16.265 0.0367772 -0.00724021
16.2985 0.0365754 -0.00601617
16.3325 0.0364488 -0.00372577
16.3657 0.0364258 -0.000692586
16.3998 0.0365237 0.00287094
16.4345 0.0367506 0.00654967
16.4692 0.0370929 0.00985228
16.5034 0.0375145 0.0123155
16.5371 0.0379732 0.0136288
16.5704 0.0384261 0.0136136
16.6034 0.0388279 0.0121654
16.6362 0.0391321 0.00927941
16.6689 0.0392975 0.00505903
16.7016 0.0392875 -0.000307313
16.7342 0.0390756 -0.00649029
16.7669 0.0386507 -0.0130279
16.7994 0.0380177 -0.0194301
16.832 0.0371991 -0.0251747
16.8647 0.0362204 -0.0298938
16.8973 0.0351337 -0.0332805
