t x vx
0.01 0.0329847 -0.0015329
0.02 0.0329142 -0.00704517
0.0398869 0.0325799 -0.0168088
0.060824 0.0320498 -0.0253231
0.0835951 0.0313031 -0.0327882
0.106755 0.030415 -0.0383487
0.130999 0.0294065 -0.0415977
0.158471 0.0282482 -0.042164
0.18651 0.0271396 -0.0395366
0.215348 0.0261634 -0.0338514
0.241974 0.0254615 -0.0263621
0.267413 0.0250181 -0.0174285
0.29269 0.0248341 -0.00727888
0.317662 0.0249231 0.00356506
0.342608 0.0252976 0.015013
0.366748 0.0259264 0.0260433
0.391832 0.0268557 0.0370491
0.416722 0.0280295 0.0471593
0.441096 0.029404 0.0563929
0.465185 0.0309605 0.0646142
0.489519 0.0327042 0.071658
0.512954 0.0345181 0.0774001
0.536324 0.0364364 0.0820865
0.559365 0.0384117 0.085727
0.582156 0.0404238 0.0882855
0.604785 0.0424551 0.0897636
0.627682 0.0445144 0.0899388
0.650375 0.046529 0.0887767
0.672877 0.0484677 0.0861603
0.695163 0.0502912 0.0818168
0.703868 0.0509961 0.0809857
0.712211 0.0516698 0.0807467
0.719432 0.0522514 0.0805405
0.726467 0.0528153 0.0801562
0.733328 0.0533602 0.0794309
