t x vx
0.01 0.0329922 -0.000778129
0.02 0.0329747 -0.00174712
0.052195 0.0328276 -0.00457151
0.0845348 0.0325869 -0.00744181
0.117507 0.0322475 -0.0102949
0.151751 0.0318018 -0.0130126
0.186644 0.0312654 -0.0153743
0.222033 0.0306612 -0.0170745
0.257071 0.0300345 -0.0178845
0.292008 0.0294159 -0.0177078
0.326538 0.0288442 -0.0165556
0.360879 0.0283513 -0.0143534
0.393929 0.0279794 -0.0112513
0.427479 0.0277358 -0.0072605
0.459545 0.0276481 -0.0027365
0.490253 0.0277163 0.00222065
0.522012 0.0279639 0.00779857
0.551625 0.0283585 0.0133219
0.582742 0.0289446 0.0188373
0.613934 0.0296893 0.0238727
0.645495 0.0305777 0.0281511
0.676196 0.0315392 0.0313164
0.706413 0.0325435 0.0332359
0.736382 0.033558 0.0338529
0.766698 0.0345609 0.0330813
0.797231 0.0355036 0.0308744
0.828885 0.0363593 0.0270355
0.860038 0.0370393 0.0218269
0.890478 0.0375098 0.0154555
0.91989 0.0377596 0.00849431
0.950172 0.037787 0.000903835
0.978778 0.0376034 -0.0064176
1.00852 0.0372056 -0.0133747
1.03785 0.0366476 -0.0190276
1.06671 0.0359786 -0.0231843
1.09489 0.0352547 -0.0256815
1.1226 0.0345207 -0.0264931
1.14914 0.0338373 -0.0257468
1.17549 0.0332164 -0.0235641
1.202 0.0326867 -0.0199788
1.22948 0.0322776 -0.014888
1.25829 0.0320375 -0.00833383
1.28726 0.0320044 -0.00114347
1.31672 0.0321904 0.00631488
1.34585 0.032578 0.0133089
1.37652 0.0331729 0.0193934
1.40554 0.0338619 0.0237433
1.43621 0.0346686 0.0262998
1.46653 0.0354752 0.0266025
1.49616 0.0362104 0.024817
1.52571 0.0368263 0.0208422
1.55448 0.0372598 0.015067
1.58313 0.0374879 0.0079626
1.61056 0.0374927 0.000175842
1.63905 0.0372565 -0.00829145
1.66839 0.0367617 -0.0168681
1.69708 0.0360677 -0.0241901
1.72651 0.0351812 -0.0301145
1.75475 0.0342203 -0.034029
1.78389 0.0331696 -0.036066
1.81254 0.0321385 -0.0359803
1.84079 0.0311806 -0.0339082
1.86701 0.0303886 -0.0302052
1.89531 0.0296943 -0.0245317
1.92451 0.0291941 -0.017135
1.9541 0.0289411 -0.00854879
1.98522 0.0289659 0.000796533
2.01685 0.0292871 0.0101568
2.04753 0.0298473 0.0182617
2.07756 0.0305899 0.0247249
2.10791 0.0314811 0.0293599
2.13795 0.0324345 0.0317403
2.16746 0.0333774 0.0319557
2.19575 0.0342306 0.0301592
2.22402 0.0349799 0.0265029
2.25368 0.0355979 0.020833
2.28236 0.0359939 0.0138096
2.31185 0.0361645 0.00578377
2.34216 0.0360779 -0.00285691
2.37322 0.0357219 -0.0114597
2.4044 0.0351272 -0.0190775
2.43505 0.0343616 -0.0249752
2.46583 0.0334732 -0.0288698
2.49633 0.0325404 -0.0305757
2.5257 0.0316584 -0.0300312
2.55553 0.0308442 -0.0272974
2.58278 0.0302224 -0.0228225
2.6113 0.0297466 -0.0166799
2.64036 0.0294858 -0.0089737
2.66961 0.0294729 -0.000442527
2.69917 0.0297213 0.00840682
2.72654 0.0301699 0.0163872
2.75655 0.0308835 0.0237847
2.78532 0.0317279 0.0293434
2.81523 0.0327194 0.033148
2.84408 0.0337187 0.0346336
2.87305 0.0347045 0.0340379
2.90083 0.0355765 0.0313914
2.92875 0.0363265 0.0268553
2.95794 0.0369187 0.0202896
2.98668 0.0372738 0.0123575
3.0164 0.0373784 0.00351745
3.04551 0.0372197 -0.0054498
3.07576 0.0367853 -0.0143607
3.10414 0.0361721 -0.0216051
3.13509 0.0353183 -0.0275886
3.16388 0.0344187 -0.0312429
3.19326 0.0334532 -0.0328588
3.2222 0.0325215 -0.0321957
3.25014 0.0316941 -0.0296145
3.2767 0.0310192 -0.0254075
3.3042 0.0304827 -0.0195133
3.33245 0.0301385 -0.0121828
3.3616 0.0300296 -0.00373635
3.39047 0.0301681 0.00479686
3.41985 0.0305543 0.0131439
3.4502 0.0311771 0.0205201
3.47849 0.0319137 0.0260381
3.50933 0.0328398 0.0300332
3.53902 0.0337816 0.0317146
3.56898 0.0347173 0.0312315
3.59786 0.0355421 0.0285676
3.62664 0.036233 0.0240026
3.65662 0.036755 0.0174124
3.68551 0.0370346 0.00967882
3.7154 0.0370653 0.00102629
3.74373 0.0368526 -0.00751224
3.77527 0.0363358 -0.0163795
3.80355 0.0356773 -0.0232913
3.83415 0.0347933 -0.0288875
3.86279 0.0338692 -0.032261
3.89281 0.0328595 -0.0336389
3.92191 0.0319076 -0.0327128
3.94993 0.0310698 -0.0298984
3.97663 0.0303903 -0.0254508
4.00428 0.029856 -0.0193217
4.03289 0.0295214 -0.0116952
4.06229 0.0294318 -0.00304501
4.09152 0.0295989 0.00571437
4.11968 0.0299897 0.0138763
4.14996 0.0306355 0.0213339
4.17839 0.0314001 0.02689
4.20891 0.0323423 0.0308752
4.23839 0.0333028 0.0325799
4.26781 0.0342498 0.0321872
4.29621 0.035094 0.0297308
4.32476 0.0358187 0.0253824
4.35419 0.0363804 0.0190839
4.38294 0.0367113 0.0115102
4.41259 0.036801 0.00302525
4.4421 0.0366317 -0.0057356
4.47124 0.0362203 -0.0141231
4.50059 0.0355927 -0.0213798
4.53216 0.0347323 -0.0272502
4.56165 0.0338255 -0.0307514
4.59154 0.0328631 -0.0322004
4.62105 0.0319385 -0.0313326
4.64983 0.0311205 -0.028429
4.67663 0.0304808 -0.0238627
4.7045 0.029988 -0.0176846
4.73323 0.0297004 -0.0100089
4.76261 0.029659 -0.00140903
4.79243 0.0298805 0.00742898
4.81985 0.0302999 0.0152983
4.85038 0.0309922 0.0226754
4.87899 0.031795 0.0280596
4.9097 0.0327704 0.0317642
4.93897 0.0337403 0.0331324
4.96826 0.0346901 0.0324333
4.99651 0.0355282 0.029655
5.02505 0.0362407 0.0249711
5.0542 0.0367774 0.0184125
5.08281 0.0370818 0.0106396
5.11272 0.0371385 0.00189551
5.14143 0.0369433 -0.00679943
5.17303 0.0364465 -0.0157245
5.20132 0.0358055 -0.0226566
5.2322 0.0349313 -0.028309
5.26106 0.034017 -0.0316803
5.29102 0.0330281 -0.0330077
5.32021 0.0320931 -0.0320283
5.34821 0.0312769 -0.029153
5.37502 0.0306166 -0.02463
5.40268 0.0301055 -0.0184756
5.43114 0.0297953 -0.0109013
5.46058 0.0297272 -0.00231086
5.49015 0.0299171 0.00642042
5.5181 0.0303194 0.0143916
5.54843 0.0309774 0.0216968
5.57708 0.0317535 0.0270833
5.60804 0.0327076 0.0308223
5.63758 0.0336605 0.0322517
5.66713 0.0345936 0.0315804
5.69575 0.0354181 0.0288156
5.72449 0.0361121 0.0241363
5.75388 0.0366294 0.0176036
5.78263 0.0369143 0.00991023
5.81307 0.0369498 0.00116532
5.84139 0.0367422 -0.00732937
5.87302 0.0362325 -0.016115
5.90145 0.0355804 -0.02293
5.93232 0.0347029 -0.028429
5.96124 0.0337868 -0.0316826
5.99136 0.0327964 -0.0328733
6.02067 0.0318653 -0.0317678
6.04868 0.0310594 -0.0287742
6.07563 0.0304099 -0.0240967
6.10342 0.0299144 -0.0178323
6.13189 0.0296247 -0.010176
6.16145 0.0295796 -0.00152618
6.19141 0.0297993 0.0073346
6.21888 0.0302163 0.0151755
6.24959 0.0309077 0.0225187
6.27806 0.0316993 0.027802
6.30896 0.03267 0.031411
6.33841 0.0336327 0.0326994
6.3677 0.0345675 0.0319072
6.39603 0.0353907 0.0290627
6.4247 0.0360875 0.0242981
6.45366 0.0366018 0.0177593
6.48225 0.0368891 0.0100483
6.51267 0.0369275 0.00126511
6.54096 0.0367228 -0.00723969
6.57254 0.036217 -0.0160126
6.60095 0.0355692 -0.0228013
6.63183 0.0346963 -0.0282709
6.6608 0.0337839 -0.0314948
6.69089 0.0328018 -0.0326323
6.72023 0.0318781 -0.0314837
6.74814 0.0310841 -0.028454
6.77517 0.0304425 -0.0237311
6.80299 0.0299575 -0.0174386
6.83135 0.0296795 -0.00980176
6.86098 0.0296449 -0.00116638
6.89102 0.0298755 0.00767583
6.91851 0.0303005 0.0154583
6.94917 0.0309973 0.022727
6.97773 0.0317954 0.0279508
7.00847 0.0327628 0.0314633
7.03802 0.0337285 0.0326864
7.06737 0.0346622 0.0318086
7.0958 0.0354832 0.0288801
7.12456 0.0361737 0.0240112
7.15354 0.0366778 0.0173972
7.18216 0.036954 0.00964718
7.21316 0.0369763 0.000720581
7.24116 0.0367606 -0.00770255
7.27253 0.0362469 -0.0163745
7.30131 0.0355806 -0.0231551
7.33208 0.0347038 -0.0284985
7.36142 0.0337755 -0.0316355
7.39143 0.0327966 -0.0326222
7.42072 0.0318775 -0.0313764
7.4484 0.0310945 -0.0282922
7.47564 0.0304548 -0.0234825
7.5036 0.0299764 -0.0171077
7.53201 0.0297084 -0.00943268
7.56185 0.0296856 -0.000763564
7.59187 0.0299266 0.00802675
7.6195 0.0303619 0.0157579
7.65014 0.0310643 0.0229237
7.67876 0.0318671 0.0280473
7.70942 0.03283 0.0314133
7.73913 0.0337958 0.032502
7.76847 0.0347196 0.0314847
7.79698 0.0355301 0.0284267
7.82586 0.0362066 0.0234304
7.8547 0.0366894 0.0167384
7.88333 0.0369457 0.00895161
7.91385 0.0369493 0.000117211
7.94169 0.0367199 -0.00824113
7.97306 0.0361918 -0.0168297
8.00204 0.0355096 -0.0235442
8.03254 0.0346338 -0.0287137
8.06218 0.0336941 -0.0317037
8.09208 0.0327221 -0.0325087
8.12132 0.0318125 -0.0311056
8.14879 0.031046 -0.0279031
8.17622 0.0304165 -0.0229516
8.20432 0.0299545 -0.0164433
8.23281 0.0297072 -0.00867936
8.26289 0.0297085 4.52621e-05
8.29286 0.0299724 0.00880242
8.32106 0.0304427 0.0166819
8.3516 0.0311706 0.0238337
8.38082 0.0320189 0.0290282
8.4113 0.0330036 0.032312
8.44124 0.034003 0.033375
8.47041 0.0349465 0.0323501
8.49893 0.0357834 0.029338
8.52803 0.0364934 0.0243994
8.55659 0.0370049 0.017906
8.58528 0.0373009 0.0103193
8.61541 0.0373556 0.00181791
8.64306 0.0371836 -0.00622215
8.67469 0.0367246 -0.0145117
8.70339 0.0361255 -0.0208776
8.73418 0.035332 -0.0257695
8.76418 0.0344773 -0.0284933
8.79414 0.033607 -0.0290473
8.82372 0.032797 -0.0273854
8.85136 0.0321352 -0.023936
8.87909 0.0316144 -0.0187882
8.90737 0.0312709 -0.0121442
8.93598 0.0311473 -0.00432152
8.96645 0.0312809 0.00438535
8.99733 0.0316843 0.013064
9.02725 0.0323019 0.0206414
9.05796 0.0331298 0.0269576
9.08876 0.0340938 0.0312967
9.11905 0.0351057 0.0334102
9.14964 0.0361245 0.0333017
9.179 0.0370337 0.0309731
9.20806 0.0378084 0.0266528
9.23781 0.038412 0.0202938
9.26632 0.0387727 0.01265
9.2952 0.0388914 0.00411219
9.32373 0.0387576 -0.00469053
9.35489 0.0383228 -0.0139499
9.38263 0.0377299 -0.0213766
9.4125 0.0369081 -0.0275115
9.44141 0.035996 -0.0315479
9.47078 0.0350084 -0.0336305
9.49906 0.0340587 -0.0335774
9.52667 0.033184 -0.0316863
9.55283 0.0324453 -0.0282339
9.58036 0.0318107 -0.0230516
9.60916 0.0313435 -0.0162215
9.63852 0.0311031 -0.00818906
9.66922 0.0311219 0.000610095
9.69952 0.0313986 0.00913496
9.72847 0.0318807 0.0166481
9.75991 0.0326115 0.0232477
9.78877 0.0334102 0.0276671
9.81944 0.0343363 0.0301986
9.85034 0.035276 0.0304121
9.88041 0.03613 0.0284035
9.91021 0.0368549 0.0243264
9.9399 0.0374016 0.0184124
9.96865 0.037725 0.0112479
9.99707 0.0378197 0.00333334
10.0259 0.0376766 -0.0049726
10.0573 0.0372475 -0.0136576
10.0858 0.0366579 -0.0206762
10.1161 0.0358572 -0.0263943
10.1446 0.0350026 -0.0300047
10.1745 0.0340565 -0.0316762
10.2038 0.0331431 -0.0311402
10.2326 0.0323184 -0.0286463
10.2593 0.0316617 -0.0246021
10.2872 0.0311358 -0.0188272
10.3166 0.0308006 -0.0113994
10.3463 0.0307137 -0.00293232
10.3761 0.030884 0.00571449
10.4071 0.031328 0.014326
10.4376 0.0319889 0.0216629
10.4672 0.0327979 0.0273024
10.498 0.0337579 0.0311673
10.5283 0.0347523 0.0327715
10.5586 0.0357259 0.0322086
10.588 0.0365937 0.0294972
10.6172 0.0373181 0.0248039
10.6473 0.0378669 0.0182218
10.6763 0.0381719 0.0105328
10.7063 0.0382286 0.00188915
10.7338 0.0380526 -0.00640178
10.7648 0.0375838 -0.0151057
10.7935 0.0369527 -0.0220164
10.8236 0.0361269 -0.0273986
10.8533 0.035216 -0.0306679
10.8829 0.034274 -0.0318052
10.9117 0.0333892 -0.0307945
10.9389 0.0326245 -0.0280752
10.966 0.0319822 -0.0237037
10.9941 0.031487 -0.0176278
11.0228 0.0311941 -0.0102046
11.0528 0.0311441 -0.00166741
11.082 0.0313416 0.00674943
11.1117 0.0317828 0.0148781
11.1424 0.0324577 0.0219618
11.1716 0.0332524 0.0271973
11.2027 0.0342051 0.0306579
11.2334 0.0351835 0.0318339
11.2638 0.0361169 0.0307758
11.2935 0.0369373 0.0276359
11.3228 0.0375989 0.0225185
11.3529 0.038067 0.0155963
11.3817 0.0382912 0.0077658
11.4123 0.0382582 -0.00107645
11.4426 0.037956 -0.00997367
11.4727 0.0374125 -0.0180698
11.503 0.0366632 -0.0247255
11.5326 0.035794 -0.0293684
11.5626 0.0348361 -0.0319959
11.5919 0.033883 -0.0324776
11.6208 0.0329906 -0.030928
11.6474 0.0322494 -0.0278129
11.6757 0.031604 -0.0228344
11.7045 0.0311363 -0.0162376
11.7335 0.0308904 -0.00847028
11.7643 0.0308988 0.00027491
11.7948 0.0311693 0.00885388
11.8233 0.031637 0.016422
11.8543 0.0323554 0.0232023
11.883 0.0331569 0.0278933
11.9141 0.0341146 0.0307431
11.9451 0.0350807 0.0312513
11.9752 0.0359707 0.0295468
12.0049 0.036737 0.025784
12.0343 0.0373302 0.0201571
12.0634 0.0377108 0.0130768
12.0919 0.0378591 0.00520115
12.1226 0.0377514 -0.00351713
12.1518 0.0374041 -0.0118716
12.1812 0.0368375 -0.0192991
12.2129 0.0360295 -0.0254486
12.2423 0.0351699 -0.0292901
12.2719 0.0342458 -0.0311581
12.3014 0.0333355 -0.0308698
12.3307 0.0324997 -0.0285712
12.3575 0.0318365 -0.024733
12.3855 0.0312991 -0.0191614
12.415 0.0309483 -0.011905
12.4445 0.0308414 -0.00362183
12.4751 0.0309979 0.00511092
12.5069 0.0314369 0.0138192
12.5377 0.0320881 0.0211706
12.5678 0.0328976 0.0268477
12.5989 0.0338496 0.0306727
12.6297 0.0348427 0.0322336
12.6601 0.0358032 0.0315958
12.6898 0.0366584 0.0288077
12.7191 0.0373642 0.0240148
12.7494 0.0378895 0.0173472
12.7785 0.0381687 0.00960845
12.8085 0.0381983 0.000988805
12.8366 0.0379896 -0.00742851
12.8672 0.0375011 -0.0159377
12.8971 0.0368183 -0.0228785
12.9274 0.0359682 -0.0280334
12.9576 0.0350296 -0.0310898
12.9871 0.034083 -0.0320096
13.016 0.0331943 -0.0308161
13.043 0.0324375 -0.027968
13.0707 0.0317902 -0.0233772
13.0992 0.0313034 -0.01711
13.128 0.0310273 -0.00956836
13.1584 0.0309986 -0.000944935
13.1886 0.0312285 0.00760813
13.2177 0.0316771 0.0154446
13.2486 0.0323705 0.0224181
13.2775 0.0331616 0.0274173
13.3087 0.0341193 0.0306425
13.3398 0.035098 0.0315232
13.37 0.0360108 0.0301628
13.3997 0.0368071 0.026799
13.4291 0.0374388 0.0214965
13.4588 0.0378698 0.0145167
13.4876 0.0380625 0.00669247
13.5189 0.0379926 -0.00223242
13.5499 0.0376482 -0.011107
13.5798 0.0370857 -0.0188302
13.6112 0.0362922 -0.0252169
13.6409 0.035422 -0.0293476
13.6707 0.0344835 -0.0314763
13.7002 0.0335555 -0.031483
13.7295 0.0326916 -0.0294584
13.7562 0.032 -0.025915
13.7843 0.0314218 -0.0205885
13.8135 0.0310237 -0.0135972
13.8429 0.0308613 -0.0055351
13.8744 0.0309664 0.00333337
13.9055 0.0313376 0.0119482
13.9364 0.0319414 0.0195197
13.9682 0.0327559 0.0256649
13.9999 0.0336991 0.0297282
14.031 0.034678 0.0315035
14.0616 0.0356313 0.0310894
14.0915 0.0364828 0.0285442
14.121 0.037191 0.0239842
14.1515 0.037725 0.0175097
14.1803 0.0380133 0.00999155
14.2099 0.0380603 0.00159095
14.2378 0.0378733 -0.00669732
14.2689 0.0373964 -0.0153188
14.2976 0.03676 -0.0221741
14.3281 0.0359201 -0.0275793
14.3577 0.0350068 -0.0308354
14.3874 0.0340562 -0.031995
14.4164 0.033158 -0.0310045
14.4439 0.0323793 -0.0282651
14.4711 0.0317313 -0.0238805
14.4992 0.03123 -0.017812
14.528 0.0309314 -0.0103677
14.558 0.0308766 -0.00182736
14.5875 0.0310732 0.00666041
14.6169 0.0315058 0.0147337
14.6478 0.0321825 0.0218928
14.6768 0.0329695 0.0271514
14.7081 0.0339296 0.0306699
