t x vx
0.01 0.032983 -0.00170282
0.02 0.0329128 -0.00701624
0.0438941 0.0324961 -0.0174378
0.0683807 0.031866 -0.0257328
0.0945505 0.0310228 -0.03222
0.121497 0.0300401 -0.0364714
0.149031 0.0289931 -0.0380259
0.177042 0.0279362 -0.0377296
0.205447 0.0269483 -0.0347779
0.234391 0.0260713 -0.0303025
0.263774 0.0253814 -0.0234775
0.293569 0.0249099 -0.0158254
0.323672 0.0246925 -0.00722278
0.354039 0.0247485 0.00184527
0.384496 0.025079 0.0108506
0.415503 0.0256824 0.0194584
0.446595 0.0265262 0.0271403
0.477954 0.0275853 0.0337728
0.509592 0.028825 0.0391842
0.540837 0.0301786 0.0433218
0.571819 0.0316147 0.0463532
0.602639 0.0331069 0.0484169
0.63342 0.034635 0.0496438
0.664251 0.0361821 0.0501803
0.695171 0.0377337 0.0501814
0.726178 0.0392775 0.0497905
0.757201 0.040803 0.0491727
0.788218 0.0423065 0.0484728
0.819043 0.0437811 0.0478379
0.849602 0.0452289 0.0473758
0.879688 0.0466474 0.0471501
0.909155 0.0480368 0.0471475
0.937871 0.0493936 0.0472512
0.965721 0.0507087 0.047221
0.976435 0.05122 0.0477265
0.986805 0.0517226 0.0484672
0.996135 0.0521795 0.048965
1.00545 0.0526379 0.0491911
1.01479 0.0530957 0.0490221
1.0244 0.0535596 0.0482849
1.03458 0.0540322 0.0464418
