t x vx
0.01 0.0329838 -0.00161879
0.02 0.0329125 -0.00713583
0.0435318 0.0324915 -0.01789
0.0676939 0.0318478 -0.0266397
0.0938114 0.0309663 -0.0337499
0.120822 0.0299323 -0.0382812
0.148452 0.0288175 -0.0403491
0.176559 0.0276957 -0.0399099
0.205187 0.0266368 -0.036992
0.234342 0.0257113 -0.0317413
0.264073 0.0249863 -0.0243862
0.294045 0.0245246 -0.0154052
0.324061 0.0243601 -0.0054803
0.353949 0.0245037 0.00480574
0.383524 0.0249443 0.0148961
0.413488 0.0256797 0.0245435
0.443111 0.0266617 0.0331494
0.472441 0.0278505 0.0405338
0.50215 0.0292368 0.0466632
0.531424 0.0307415 0.0514003
0.561482 0.0323912 0.0548815
0.591191 0.034087 0.0570823
0.620798 0.0358102 0.0582017
0.650271 0.0375299 0.058349
0.679717 0.0392262 0.0576064
0.709207 0.0408791 0.0560499
0.738813 0.0424704 0.0537488
0.768536 0.0439794 0.0507707
0.79833 0.045386 0.0472075
0.828123 0.0466728 0.0431935
0.857921 0.0478308 0.038861
0.887796 0.0488567 0.0343389
0.917755 0.0497487 0.0297747
0.947978 0.0505121 0.0252575
0.96007 0.050799 0.0237298
0.972225 0.0510714 0.0224084
0.983596 0.0513126 0.0212145
0.995081 0.0515427 0.0200324
1.00651 0.0517583 0.0188563
1.01801 0.0519613 0.0176569
1.02959 0.0521512 0.0164155
1.04128 0.0523279 0.0151104
1.05312 0.0524904 0.0137224
1.06517 0.0526378 0.0122302
1.07749 0.0527686 0.0106122
1.09005 0.0528799 0.00886697
1.10253 0.0529677 0.00704027
1.11493 0.0530316 0.00514719
1.12726 0.0530711 0.00320755
1.13952 0.0530863 0.00124069
1.15172 0.0530774 -0.000735391
1.16389 0.0530445 -0.00270196
1.17605 0.0529881 -0.00464115
1.1882 0.0529085 -0.00654755
1.20037 0.0528061 -0.00841807
1.21252 0.0526816 -0.0102458
1.22467 0.0525354 -0.0120332
1.23684 0.0523671 -0.0138248
1.24905 0.0521773 -0.0155437
1.26131 0.051966 -0.0172355
1.27355 0.0517349 -0.0188924
1.28577 0.0514834 -0.0205731
1.29801 0.0512112 -0.0222343
1.31029 0.0509179 -0.0238836
1.32263 0.0506029 -0.0255268
1.33505 0.0502654 -0.0271703
1.3475 0.0499068 -0.0288099
1.37866 0.0488807 -0.0329351
1.4095 0.0477484 -0.0367054
1.44157 0.0464429 -0.040708
1.47351 0.0450121 -0.044796
1.50598 0.0434212 -0.0490002
1.53799 0.0417208 -0.0531288
1.56949 0.0399219 -0.0571102
1.60046 0.0380374 -0.0608354
1.63086 0.0360852 -0.0642236
1.66067 0.0340821 -0.0671979
1.68992 0.0320434 -0.0696997
1.71867 0.0299833 -0.0716461
1.74698 0.0279182 -0.0729576
1.77482 0.0258703 -0.073563
1.80221 0.02386 -0.0733721
1.82922 0.0219077 -0.0722834
1.85584 0.0200391 -0.0701935
1.88206 0.0182823 -0.0670009
1.90785 0.0166679 -0.0626029
1.93317 0.0152272 -0.0569018
1.94308 0.0146834 -0.0548712
1.95291 0.0141616 -0.0531081
1.96186 0.013703 -0.0512461
1.9708 0.0132643 -0.0490794
1.97973 0.0128492 -0.0464726
