t x vx
0.01 0.032987 -0.00130452
0.02 0.0329183 -0.00686691
0.0420635 0.0325407 -0.0171129
0.0649971 0.0319547 -0.0255535
0.0904745 0.0311268 -0.0324946
0.117322 0.0301339 -0.0369831
0.144928 0.0290669 -0.0386502
0.173268 0.0280184 -0.036997
0.20243 0.027064 -0.0327296
0.232224 0.0262983 -0.0256991
0.262307 0.0258019 -0.0165003
0.292472 0.025631 -0.00566749
0.322268 0.0258138 0.00613787
0.351476 0.0263516 0.0184104
0.379323 0.0271861 0.0299676
0.407653 0.0283509 0.0411167
0.435871 0.0297952 0.0511837
0.463915 0.0314712 0.0597624
0.491123 0.033287 0.0667371
0.517964 0.0352275 0.0722968
0.544019 0.0372205 0.076491
0.56951 0.0392458 0.0794547
0.594491 0.0412754 0.0812441
0.619189 0.043297 0.0818526
0.643648 0.0452824 0.0811732
0.667791 0.0471923 0.0791081
0.691619 0.0489915 0.0755069
0.715032 0.0506354 0.0702133
0.724164 0.0512624 0.0686551
0.733069 0.0518644 0.0676015
0.74095 0.0523884 0.0664976
0.748776 0.0528979 0.0651056
0.756401 0.0533814 0.0634007
0.76397 0.0538439 0.0611058
