t x vx
0.01 0.0329994 -5.77264e-05
0.02 0.0329975 -0.000188197
0.168589 0.0326916 -0.00205868
0.318647 0.0321928 -0.00332437
0.482422 0.0315142 -0.00414375
0.648765 0.0307842 -0.00438829
0.817263 0.0301031 -0.0040422
0.987553 0.0296439 -0.00269672
1.15952 0.029515 -0.000749249
1.33391 0.0298109 0.00169657
1.51156 0.0304854 0.00379711
1.69402 0.0316019 0.00611911
1.88306 0.0332108 0.00851074
2.06221 0.0350896 0.0104875
2.23226 0.0371118 0.0118914
2.39357 0.0391311 0.0125181
2.54658 0.0409885 0.0121391
2.69242 0.0425206 0.0105055
2.83232 0.0435756 0.00754151
2.96834 0.0440577 0.00354422
3.10363 0.0439166 -0.00104334
3.24049 0.0431302 -0.00574592
3.38315 0.0416608 -0.0102996
3.5362 0.0394302 -0.0145747
3.69769 0.0364708 -0.0183262
3.85194 0.033212 -0.0211259
3.99982 0.0297868 -0.0231628
4.13977 0.0264121 -0.0241133
4.27141 0.0232537 -0.0239938
4.39434 0.0204816 -0.0225482
4.50914 0.018255 -0.019396
4.61709 0.0167295 -0.0141313
4.72122 0.0160395 -0.00662681
4.82665 0.0163142 0.00260606
4.9391 0.0177019 0.0123402
5.06444 0.0203636 0.0212353
5.20722 0.0244253 0.0284475
5.37111 0.0299404 0.0336513
5.53005 0.0355835 0.0355036
5.67944 0.0409217 0.0357347
5.81594 0.0456537 0.0346671
5.93837 0.0496 0.0322316
6.04732 0.0526157 0.0276814
