t x vx
0.01 0.0329995 -4.79369e-05
0.02 0.0329978 -0.00017476
0.181296 0.0326373 -0.00223508
0.344029 0.0320369 -0.00368901
0.519672 0.031203 -0.00474767
0.697816 0.0302565 -0.00531316
0.878467 0.0292855 -0.00537529
1.0613 0.0283886 -0.00490552
1.24663 0.027668 -0.0038883
1.43479 0.0272262 -0.0023479
1.6275 0.0271587 -0.000350261
1.82662 0.0275588 0.00200939
2.02047 0.0284144 0.00441391
2.2076 0.0296687 0.00670243
2.3882 0.0312571 0.00879577
2.56301 0.0331186 0.0106483
2.73222 0.0351822 0.0121949
2.89654 0.0373741 0.0133398
3.05603 0.0395951 0.0139254
3.21175 0.0417347 0.0137398
3.36386 0.0436378 0.0125117
3.51441 0.0451392 0.00997264
3.66544 0.0460513 0.00603934
3.82122 0.0461926 0.000906738
3.9864 0.0453815 -0.00490981
4.16663 0.0434411 -0.010767
4.35083 0.0405529 -0.0156796
4.52844 0.0371004 -0.0194379
4.6976 0.0333198 -0.0223495
4.85747 0.0293965 -0.0245403
5.00818 0.0254878 -0.0259366
5.14979 0.0217676 -0.0262699
5.28315 0.018426 -0.0250574
5.40966 0.0157141 -0.021437
5.45922 0.0147813 -0.0188196
5.51075 0.0140071 -0.0150251
5.56105 0.0134957 -0.0101645
5.61761 0.0132885 -0.00366465
5.68083 0.0135394 0.00396984
5.75186 0.0143684 0.0116704
5.82924 0.0157819 0.0182666
5.90815 0.0176093 0.0231569
6.10941 0.024101 0.0322564
6.31191 0.031341 0.0357535
6.50244 0.0382716 0.0363742
6.66908 0.0441952 0.0355472
6.81648 0.0491864 0.0338621
6.94679 0.053114 0.0301411
