t x vx
0.01 0.0329995 -5.36338e-05
0.02 0.0329976 -0.000183017
0.178843 0.032653 -0.0021698
0.339553 0.0320764 -0.00358785
0.5144 0.0312696 -0.00461405
0.691368 0.0303661 -0.0051057
0.870173 0.0294653 -0.00503797
1.05016 0.0286748 -0.00439163
1.23156 0.0280978 -0.00318118
1.41467 0.0278285 -0.00147062
1.60072 0.027948 0.00064214
1.79149 0.0285329 0.00306642
1.98742 0.0297038 0.00597585
2.17464 0.0312972 0.00851076
2.35398 0.0331985 0.0106018
2.52544 0.0352859 0.0121741
2.68974 0.0374426 0.0131267
2.84745 0.0395404 0.0133014
2.99879 0.0414301 0.0124863
3.14505 0.0429595 0.0104565
3.28759 0.0439789 0.00715182
3.42878 0.0443747 0.00280394
3.57214 0.0440622 -0.00218029
3.72125 0.0429695 -0.00732799
3.88095 0.0410042 -0.0123061
4.05693 0.0380229 -0.0169407
4.2248 0.0346021 -0.0203781
4.3848 0.0309344 -0.0229233
4.53551 0.0272329 -0.0245607
4.67693 0.0236747 -0.0251602
4.80887 0.020452 -0.0244252
4.93209 0.0177544 -0.0218922
5.04846 0.0157929 -0.016856
5.09352 0.0151623 -0.0139962
5.13979 0.0146836 -0.010345
5.1842 0.0144073 -0.0062235
5.23177 0.0143425 -0.00136128
5.28309 0.0145503 0.00404813
5.33916 0.0150781 0.0094139
5.40013 0.0159848 0.014871
5.56671 0.0204441 0.0267696
5.74854 0.0264644 0.0331106
5.94105 0.0333328 0.0356778
6.11307 0.0394178 0.0353732
6.26848 0.0446737 0.0338199
6.40608 0.0489646 0.0311836
6.52776 0.0522004 0.0265932
