t x vx
0.01 0.0329995 -5.39588e-05
0.02 0.032998 -0.000150181
0.152198 0.0328289 -0.00127856
0.303677 0.032488 -0.0022508
0.477453 0.0319872 -0.00288185
0.661654 0.0314549 -0.00288953
0.850348 0.0310382 -0.00220849
1.04029 0.0308404 -0.00104116
1.22576 0.0308894 0.000263899
1.40593 0.0311687 0.00155022
1.58254 0.0316677 0.00282539
1.75607 0.0323809 0.00411039
1.92725 0.0333009 0.00537417
2.09308 0.0343775 0.00649186
2.25608 0.0355657 0.00728951
2.41792 0.0367632 0.00739933
2.57286 0.0377181 0.00616303
2.72017 0.0382567 0.00365632
2.86241 0.0384158 0.0011185
2.9995 0.0382947 -0.000883448
3.13055 0.0379611 -0.00254542
3.25776 0.0374326 -0.00415423
3.37886 0.0367314 -0.00579031
3.49709 0.0358462 -0.00748667
3.61533 0.0347511 -0.00926247
3.72878 0.0335084 -0.0109533
3.84335 0.0320679 -0.0125732
3.96156 0.0304177 -0.0139593
4.0794 0.0286747 -0.0147918
4.19811 0.0269283 -0.0147117
4.3212 0.0253297 -0.0129871
4.43601 0.0242695 -0.00923476
4.54403 0.0237605 -0.00471177
4.64904 0.0236949 -0.000624137
4.74914 0.0239525 0.00257301
4.84475 0.0244394 0.0050922
4.93667 0.025109 0.00728564
5.02268 0.0258991 0.00918546
5.10823 0.0268389 0.0109852
5.19457 0.0279361 0.0127079
5.28487 0.0292379 0.014417
5.37375 0.0306575 0.0159719
5.46535 0.0322601 0.0174949
5.56074 0.0340605 0.0188743
5.65881 0.0360175 0.0199554
5.76172 0.0381307 0.0205336
5.87346 0.040372 0.0200591
5.97991 0.0422979 0.0180919
6.08032 0.043714 0.0141029
6.17399 0.04451 0.00849837
6.2631 0.0447479 0.00267022
6.35033 0.0445206 -0.0026062
6.43308 0.0439462 -0.00694182
6.51123 0.0431266 -0.0104873
6.58622 0.0421218 -0.0133977
6.66074 0.0409347 -0.0159312
6.73799 0.0395213 -0.0182961
6.81568 0.0379383 -0.0203768
6.89696 0.036134 -0.0221995
6.97645 0.0342601 -0.0235729
7.06495 0.0320777 -0.0246598
7.15936 0.0297021 -0.025163
7.26267 0.0271185 -0.0250071
7.36704 0.0246222 -0.0239179
7.47462 0.022333 -0.0212795
7.57341 0.0206788 -0.0167443
7.66378 0.0197501 -0.0102764
7.74708 0.0194555 -0.00353732
7.82749 0.0196562 0.00249627
7.90409 0.0202333 0.00753391
7.97466 0.021045 0.0115021
8.04302 0.0220525 0.0147389
8.11099 0.0232356 0.0174044
8.17732 0.0245345 0.019585
8.25049 0.0261271 0.0217628
8.32832 0.0279659 0.0236263
8.41085 0.0300474 0.0252228
8.49177 0.0321766 0.0263102
8.58067 0.0345749 0.026977
8.67841 0.0372055 0.0269156
8.7815 0.0398907 0.0260484
8.88603 0.0424224 0.0242202
8.98978 0.0445932 0.020923
9.08531 0.0460848 0.0156136
9.17208 0.0468392 0.00869443
9.25315 0.0469755 0.00168044
9.33253 0.0466123 -0.00457521
9.4049 0.0459233 -0.00952009
9.47349 0.0449922 -0.0135746
9.54005 0.0438758 -0.0167747
9.60605 0.0425946 -0.0194124
9.67724 0.0410402 -0.0218322
9.75203 0.0392488 -0.0239541
9.82781 0.0372989 -0.025731
9.90636 0.0351557 -0.0272834
9.9917 0.0327307 -0.0284155
10.0856 0.0300254 -0.0288097
10.1852 0.0272052 -0.0283079
10.2942 0.0242912 -0.0267489
10.402 0.0217415 -0.023635
10.5019 0.0198687 -0.0187626
10.5911 0.0188054 -0.0119125
10.6721 0.0184627 -0.00423303
10.7494 0.0186901 0.00294101
10.8232 0.0193575 0.00904597
10.8902 0.0202782 0.0137367
10.9563 0.0214333 0.0174717
11.021 0.0227474 0.0203103
11.0837 0.0241601 0.0225309
11.1531 0.0258697 0.0246316
11.2295 0.0278881 0.0264216
11.3081 0.0300738 0.0278115
11.3929 0.0325263 0.0289061
11.4767 0.0349849 0.0293454
11.572 0.0377611 0.0291238
11.6757 0.0406485 0.0278494
11.7768 0.0432326 0.0255699
11.8806 0.0454701 0.0215489
11.9733 0.0469142 0.0155828
12.0565 0.0475942 0.00817152
12.1342 0.0476529 0.000755862
12.2105 0.0472055 -0.00586774
12.2794 0.0464442 -0.0110468
12.3449 0.0454503 -0.0151698
12.4077 0.0442996 -0.0183122
12.4712 0.0429751 -0.0208833
12.542 0.0413298 -0.0232327
12.6154 0.0394814 -0.0251758
12.6915 0.0374387 -0.0268453
12.7711 0.0351843 -0.0283095
12.8581 0.0326269 -0.0294138
12.9532 0.0297935 -0.029773
13.0527 0.0268923 -0.0291643
13.1631 0.023879 -0.0272942
13.2702 0.0213221 -0.0238849
13.3684 0.0194878 -0.018672
13.4561 0.0184805 -0.0114879
13.5356 0.0181918 -0.00362905
13.6116 0.0184673 0.00362743
13.6832 0.0191637 0.0097147
13.7492 0.0201138 0.0144032
13.8139 0.0212815 0.0180635
13.8781 0.0226201 0.0208458
13.9408 0.024061 0.0229833
14.0107 0.0258087 0.0249949
14.0882 0.0278794 0.0267182
14.1675 0.0301 0.0280132
14.2545 0.0326313 0.0290811
14.3384 0.0351013 0.0294511
14.4361 0.0379484 0.0291309
14.5425 0.0409012 0.0277459
14.6471 0.0435421 0.0252491
14.7492 0.0457016 0.0211452
14.8411 0.0470764 0.014965
14.9233 0.0476915 0.00748328
15.0013 0.0477012 0.000124448
15.0774 0.0472143 -0.00639768
15.1465 0.0464211 -0.0114822
15.2118 0.0454129 -0.0154299
15.2737 0.0442769 -0.0183626
15.3372 0.0429551 -0.0208142
15.4089 0.0413018 -0.023075
15.4835 0.0394398 -0.024957
15.56 0.0374092 -0.0265491
15.6402 0.0351652 -0.0279688
15.7282 0.0326107 -0.029034
15.8246 0.0297765 -0.0293842
15.9268 0.0268398 -0.0287437
16.038 0.0238476 -0.0268968
16.145 0.021331 -0.0235347
16.2429 0.0195358 -0.0183256
16.3303 0.0185585 -0.0111805
16.4105 0.0182698 -0.00359991
16.4871 0.0185082 0.00311503
16.559 0.0191341 0.00870315
16.6257 0.020004 0.0130392
16.6907 0.0210727 0.0164282
16.7555 0.0223062 0.0190583
16.8186 0.0236368 0.0210815
16.8894 0.0252749 0.0231275
16.9673 0.0272174 0.024929
17.0473 0.0293257 0.0263587
17.135 0.0317417 0.0275479
17.2188 0.0340931 0.0280742
17.3146 0.0367871 0.028114
17.4212 0.0396858 0.027205
17.5262 0.0423443 0.0252988
17.6316 0.044655 0.0219341
17.7274 0.0462522 0.0166716
17.8137 0.0470868 0.00966447
17.8938 0.0472876 0.00250953
17.9732 0.0469639 -0.00407345
18.0461 0.0462848 -0.00931982
18.1149 0.0453558 -0.0135151
18.1808 0.0442497 -0.0167657
18.2466 0.042972 -0.0194156
18.3174 0.0414305 -0.0217889
18.3926 0.0396371 -0.0238555
18.4681 0.0377096 -0.0255332
18.5478 0.0355519 -0.0270512
18.6344 0.0331138 -0.0281614
18.7295 0.0303926 -0.0286087
18.8295 0.0275739 -0.0281963
18.9411 0.0245969 -0.0266814
19.0504 0.0220023 -0.0237284
19.1514 0.0200809 -0.0190268
19.2419 0.0189659 -0.0123178
19.3244 0.0185658 -0.00484714
19.4034 0.0187089 0.001812
19.4787 0.0192759 0.00752439
19.5473 0.0200897 0.01186
19.6143 0.0211113 0.0152672
19.6795 0.0222773 0.0178845
19.7431 0.0235454 0.0199326
19.8123 0.0250645 0.0219335
19.8891 0.0268919 0.0238103
19.9684 0.0289016 0.0253337
20.0556 0.0312258 0.0266513
20.1378 0.0334724 0.0273296
20.2329 0.0360965 0.0275887
20.3375 0.038913 0.0269446
20.4412 0.0415488 0.0254113
20.5486 0.0439626 0.0224837
20.647 0.0457175 0.0178161
20.7365 0.0467183 0.0111859
20.8186 0.047049 0.00402826
20.8996 0.0468376 -0.0026109
20.9756 0.0462251 -0.00806073
21.0468 0.0453439 -0.0123837
21.1149 0.0442735 -0.0157224
21.1809 0.0430609 -0.0183645
21.2509 0.0416062 -0.0207637
21.3261 0.039882 -0.0229328
21.401 0.0380324 -0.0246903
21.4812 0.0359224 -0.0263125
21.5663 0.0335838 -0.0274766
21.6608 0.0309342 -0.0280468
21.7598 0.0281846 -0.0277746
21.8695 0.0252736 -0.0265337
21.9787 0.0226515 -0.0240199
22.0824 0.0205987 -0.0198018
22.1757 0.0193372 -0.0135193
22.2606 0.0188132 -0.00617257
22.341 0.0188549 0.000518331
22.4184 0.0193412 0.00627867
22.4889 0.0200948 0.0106991
22.5573 0.0210657 0.0141979
22.6222 0.0221589 0.0168333
22.6866 0.0233817 0.0189835
22.7532 0.0247719 0.0208936
22.8274 0.0264635 0.0227803
22.9056 0.0283677 0.0243551
22.9912 0.030573 0.02577
23.0715 0.0327081 0.0265926
23.1638 0.0352083 0.0270839
23.2665 0.0379556 0.026756
23.3688 0.0405782 0.0256233
23.4785 0.0431224 0.0231894
23.5802 0.0450716 0.019174
23.6731 0.0462918 0.0131307
23.7578 0.0468047 0.00605475
23.8406 0.0467473 -0.000693352
23.9205 0.0462234 -0.00655858
23.9946 0.0453935 -0.0111967
24.0643 0.0443687 -0.0147159
24.1304 0.0432174 -0.0174144
24.1987 0.0418663 -0.0197777
24.273 0.040235 -0.0219654
24.348 0.0384507 -0.0237813
24.4291 0.0363825 -0.0254884
24.5126 0.0341501 -0.0267369
24.6062 0.0315774 -0.0274945
24.7034 0.0289113 -0.0274213
24.8107 0.0260694 -0.0264846
24.9203 0.0233984 -0.0243843
25.0262 0.0212072 -0.0206816
25.1226 0.0197637 -0.0149701
25.2103 0.0190807 -0.00779163
25.2921 0.0189956 -0.00104154
25.3706 0.0193718 0.00479076
25.4435 0.0200582 0.00942161
25.513 0.0209675 0.0130802
25.5788 0.0220108 0.0158417
25.6442 0.0231938 0.0180969
25.7093 0.0244935 0.0199621
25.782 0.0260825 0.0218671
25.8602 0.0279215 0.0235224
25.9445 0.0300282 0.0249862
26.0241 0.0320898 0.0259016
26.1157 0.0345216 0.026545
26.2166 0.0371894 0.0264294
26.3185 0.0397963 0.0255823
26.4272 0.0423643 0.0236245
26.5314 0.0444635 0.0201477
26.6274 0.0458695 0.014643
26.7145 0.046545 0.00776069
26.798 0.0466279 0.00099296
26.8802 0.0462129 -0.00504736
26.956 0.0454676 -0.00983277
27.0272 0.0445039 -0.013534
27.0948 0.0433965 -0.0163681
27.1631 0.0421153 -0.018781
27.2369 0.0405641 -0.0210196
27.3118 0.038846 -0.0229207
27.3919 0.0368705 -0.0246799
27.4733 0.0347506 -0.0260385
27.565 0.0322746 -0.0269846
27.6604 0.0296872 -0.0271332
27.7653 0.0269072 -0.0264942
27.8749 0.0241908 -0.0247777
27.9832 0.0218543 -0.0215753
28.0831 0.0202101 -0.0164582
28.1737 0.0193473 -0.00952284
28.2572 0.019124 -0.00267563
28.3374 0.0193882 0.00329787
28.4133 0.0200114 0.00821059
28.4847 0.0208721 0.0120519
28.5533 0.0219025 0.0150106
28.6208 0.0230744 0.0173701
28.6854 0.0243163 0.0192173
28.7587 0.0258711 0.0212038
28.8379 0.0276885 0.0229645
28.9216 0.0297374 0.0244626
29.0017 0.0317764 0.0254526
29.0932 0.0341686 0.0261583
29.193 0.0367781 0.026136
29.2951 0.0393724 0.0254141
29.4017 0.0419017 0.023731
29.5076 0.0440784 0.0205436
29.6052 0.0455803 0.0154034
29.6943 0.0463508 0.00864445
29.7787 0.0465113 0.0019019
29.862 0.0461636 -0.00417419
29.9394 0.0454638 -0.00904091
30.0119 0.0445319 -0.0128419
30.0808 0.0434468 -0.0157578
30.15 0.0421854 -0.0182357
30.2237 0.0406733 -0.0205116
30.2991 0.0389777 -0.0224782
30.3791 0.0370379 -0.0242594
30.46 0.0349635 -0.0256487
30.5511 0.0325346 -0.026639
30.6464 0.0299773 -0.0268515
30.7508 0.0272315 -0.0262922
30.8618 0.0244936 -0.0246674
30.9712 0.0221297 -0.0216105
31.0728 0.0204359 -0.0166641
31.1648 0.0195284 -0.00987024
31.2492 0.0192696 -0.00306434
31.3305 0.0195061 0.00291066
31.4081 0.0201159 0.00786066
31.4804 0.0209615 0.0116873
31.55 0.0219802 0.0146446
31.6178 0.0231324 0.0169818
31.6828 0.0243557 0.0188202
31.757 0.0259006 0.0208234
31.8367 0.027701 0.0225906
31.9208 0.029727 0.0240882
32.0012 0.0317427 0.0250784
32.0925 0.0340972 0.0257874
32.1922 0.0366677 0.0257915
32.2939 0.0392226 0.0251182
32.4 0.0417201 0.0235229
32.5067 0.0438993 0.0204264
32.6047 0.0454099 0.015418
32.6949 0.0461972 0.00872985
32.7801 0.0463727 0.00205875
32.8641 0.0460402 -0.0039585
32.9427 0.0453471 -0.00881709
33.0163 0.0444193 -0.0126052
33.086 0.0433397 -0.0154971
33.156 0.0420828 -0.0179599
33.2303 0.0405804 -0.0202246
33.3062 0.0388958 -0.0221836
33.3863 0.0369777 -0.0239452
33.4673 0.0349261 -0.0253217
33.5587 0.0325243 -0.0262938
33.6538 0.030003 -0.0265016
33.7581 0.0272942 -0.025965
33.8685 0.0246012 -0.0243976
33.9781 0.0222562 -0.0213988
34.0803 0.0205702 -0.0165044
34.1729 0.0196652 -0.0097657
34.2579 0.0194061 -0.00304979
34.3399 0.0196403 0.00285862
34.4183 0.0202483 0.00774684
34.4915 0.0210916 0.01153
34.5618 0.0221083 0.014457
34.6303 0.0232575 0.0167776
34.6956 0.0244728 0.0186103
34.7699 0.0260028 0.0206021
34.85 0.0277956 0.0223666
34.9345 0.0298116 0.0238526
35.0148 0.0318031 0.0248093
35.1059 0.0341261 0.0254967
35.2058 0.0366724 0.0254976
35.3071 0.0391879 0.0248384
35.4133 0.0416596 0.0232727
35.52 0.043817 0.0202067
35.6185 0.045314 0.0152018
35.7096 0.0460892 0.00850924
35.7953 0.046254 0.00192376
35.8799 0.0459139 -0.00402246
35.9592 0.0452132 -0.00882984
36.0335 0.0442806 -0.0125621
36.1036 0.0432007 -0.0154012
36.174 0.041946 -0.0178273
36.249 0.0404387 -0.0200765
36.3255 0.0387566 -0.0220046
36.4063 0.0368385 -0.0237498
36.4877 0.034796 -0.0250874
36.5797 0.032402 -0.0260228
36.6751 0.0299017 -0.0262001
36.7798 0.0272173 -0.0256511
36.8899 0.0245656 -0.0240796
36.9995 0.022259 -0.0210421
37.1012 0.0206206 -0.0161084
37.1942 0.0197512 -0.00934928
37.2793 0.0195182 -0.0027376
37.3615 0.0197703 0.00306618
37.4402 0.0203867 0.00783674
37.5137 0.0212369 0.0115574
37.5846 0.0222608 0.0144418
37.6535 0.0234116 0.0167207
37.7188 0.0246226 0.0185324
37.7923 0.0261276 0.0204677
37.8727 0.0279129 0.0222175
37.9574 0.0299199 0.0236825
38.0374 0.0318883 0.0246074
38.1286 0.0341936 0.0252803
38.2286 0.0367199 0.0252761
38.3295 0.0392046 0.0246273
38.4362 0.0416653 0.0230485
38.5428 0.0437942 0.0199698
38.6412 0.0452783 0.0150879
38.7323 0.0460342 0.00829248
38.8184 0.0461098 0.00087884
38.9032 0.0456472 -0.00545304
38.9837 0.0447957 -0.0105701
39.059 0.0436926 -0.0146531
39.1302 0.0424345 -0.0176735
39.2017 0.0410319 -0.0196161
39.2785 0.0393604 -0.0217619
39.3561 0.0375457 -0.0233867
39.4394 0.0354714 -0.0249103
39.5242 0.0332754 -0.0259006
39.6201 0.030747 -0.026352
39.7186 0.0281887 -0.0259861
39.8275 0.0254931 -0.0247591
39.9406 0.0229857 -0.0221637
40.0474 0.0210796 -0.0178441
40.1447 0.0199623 -0.0114832
40.2327 0.0195571 -0.00460341
40.3169 0.0196778 0.00143329
40.3991 0.0202218 0.00661428
40.474 0.0210065 0.010478
40.5464 0.0219832 0.0134924
40.615 0.0230631 0.0157317
40.6815 0.0242273 0.0175122
40.7571 0.0256945 0.0194151
40.8382 0.0274094 0.0211332
40.9221 0.0293021 0.022568
41.0056 0.0312773 0.0236459
41.0969 0.0335097 0.0244589
41.1952 0.0359418 0.0247353
41.2996 0.0384838 0.0243595
41.4041 0.0409074 0.0231952
41.5119 0.0430693 0.0200587
41.6114 0.043683 0.00616305
41.7045 -0.0068483 -0.543064
