t x vx
0.01 0.0330024 0.000244164
0.02 0.033014 0.00116079
0.066054 0.0332407 0.00492152
0.113974 0.0336346 0.00821968
0.16871 0.0342461 0.0111711
0.223016 0.034967 0.0132755
0.28028 0.0358 0.0145467
0.342018 0.0367061 0.014677
0.407551 0.0375889 0.0134709
0.474505 0.0383235 0.0109715
0.542464 0.0388201 0.00730767
0.609021 0.0390072 0.00281038
0.671096 0.0388826 -0.00200665
0.735526 0.0383939 -0.00758563
0.795181 0.0376203 -0.0129668
0.856729 0.0364876 -0.0184039
0.915115 0.0351283 -0.0232807
0.974374 0.03349 -0.0276472
1.03207 0.031685 -0.0312826
1.08917 0.0297338 -0.0341753
1.14551 0.0276937 -0.0362121
1.20065 0.025636 -0.0373126
1.25457 0.0236182 -0.0374234
1.30707 0.0217051 -0.0364428
1.35861 0.0199447 -0.034156
1.40967 0.0183978 -0.0302952
1.46073 0.0171361 -0.0247061
1.51297 0.0162306 -0.0173368
1.56567 0.0157686 -0.00876735
1.58635 0.0156625 -0.00512768
1.60621 0.0156283 -0.00172224
1.62616 0.0156609 0.00163395
1.6452 0.0157521 0.0047926
1.66372 0.0158962 0.00777823
1.68161 0.0160856 0.0105904
1.72336 0.0168024 0.0171691
1.76621 0.0178189 0.0237212
1.80771 0.0190563 0.0298147
1.85747 0.0208753 0.0365558
1.90632 0.0229472 0.0424193
1.95479 0.0252616 0.0477474
2.00207 0.0277426 0.0524723
2.04815 0.0303524 0.0566291
2.09442 0.0331397 0.0602453
2.14009 0.036027 0.0632249
2.1854 0.0389979 0.0655656
2.23067 0.0420413 0.0672204
2.27599 0.0451248 0.0680501
2.32028 0.0481365 0.0679934
2.36242 0.0509612 0.0670411
2.37827 0.0520358 0.0677952
2.39271 0.0530285 0.0687186
2.40452 0.0538496 0.069557
