t x vx
0.01 0.0330047 0.000466927
0.02 0.0330145 0.000983882
0.0527701 0.0330978 0.00254305
0.0857454 0.0332359 0.0041861
0.119687 0.0334365 0.00591058
0.154296 0.0337019 0.00766827
0.189579 0.0340301 0.00930305
0.225433 0.0344119 0.0106491
0.261197 0.0348247 0.0115405
0.296982 0.0352518 0.0119348
0.331995 0.0356671 0.0118629
0.365095 0.0360425 0.0113408
0.39937 0.036396 0.0103122
0.433127 0.0366917 0.0087616
0.467067 0.0369204 0.00673699
0.499955 0.0370659 0.00442443
0.532912 0.0371217 0.00169244
0.565515 0.0370791 -0.00130382
0.597684 0.0369368 -0.00442346
0.629738 0.0366955 -0.0075299
0.661826 0.0363559 -0.0105834
0.694048 0.0359227 -0.0134443
0.726338 0.0354072 -0.0159633
0.758501 0.0348292 -0.0179733
0.790745 0.034207 -0.0192963
0.823378 0.0335617 -0.0197743
0.856103 0.0329317 -0.0192502
0.888009 0.0323641 -0.0177891
0.919135 0.0318823 -0.01548
0.950151 0.0314975 -0.0124065
0.981129 0.0312291 -0.00866342
1.01144 0.0310913 -0.00454798
1.04189 0.0310883 -9.81084e-05
1.0719 0.0312195 0.00437217
1.10124 0.0314699 0.00853592
1.13096 0.0318318 0.012173
1.16034 0.0322678 0.014843
1.1892 0.0327417 0.0164198
1.21819 0.0332274 0.0167551
1.24745 0.0336885 0.0157609
1.27672 0.0340825 0.0134576
1.30542 0.0343683 0.00995968
1.33301 0.034524 0.00564063
1.36055 0.0345408 0.000610505
1.38934 0.0343962 -0.00502012
1.41853 0.0340849 -0.0106685
1.44903 0.0336036 -0.0157773
1.48004 0.0329888 -0.0198312
1.51112 0.0322939 -0.0223579
1.54157 0.03159 -0.0231166
1.57123 0.0309344 -0.0220963
1.59988 0.0303762 -0.0194876
1.6284 0.0299389 -0.0153332
1.6575 0.0296589 -0.00962168
1.68583 0.0295741 -0.00299367
1.71284 0.0296838 0.00406236
1.74094 0.0300042 0.0114027
1.77058 0.0305522 0.0184849
1.79924 0.0312463 0.0242216
1.82959 0.0321159 0.0286487
1.85911 0.0330309 0.0309973
1.88866 0.0339557 0.0312984
1.91708 0.0347995 0.0296852
1.94472 0.0355282 0.0263624
1.97341 0.0361356 0.021175
2.00099 0.0365391 0.0146318
2.02902 0.0367392 0.00713545
2.05977 0.0366943 -0.00146076
2.09047 0.0363883 -0.00996548
2.12152 0.0358403 -0.0176525
2.15187 0.0351211 -0.0236977
2.18215 0.0342787 -0.0278197
2.21232 0.0333772 -0.0298773
2.24153 0.0325082 -0.0297545
2.27079 0.0317021 -0.027544
2.29749 0.0310704 -0.0236631
2.32558 0.0305624 -0.0180875
2.3542 0.0302479 -0.010985
2.38319 0.0301658 -0.00283434
2.41167 0.0303205 0.00543322
2.44066 0.0307144 0.0135878
2.47036 0.0313328 0.0208239
2.4987 0.0320816 0.0264151
2.52918 0.03301 0.030463
2.55873 0.0339634 0.0322554
2.58868 0.0349182 0.0318801
2.61733 0.035757 0.0292882
2.64567 0.0364613 0.0248491
2.67567 0.0370087 0.0182457
2.70416 0.0373086 0.0105269
2.73326 0.0373661 0.0019759
2.76146 0.0371792 -0.0066258
2.79275 0.0366913 -0.0155958
2.82068 0.0360611 -0.0225637
2.85069 0.0352141 -0.028221
2.8789 0.0343195 -0.031717
2.90859 0.0333317 -0.0332668
2.93724 0.0323997 -0.0325218
2.96511 0.031567 -0.0298866
2.9914 0.0308925 -0.0256501
3.01881 0.0303517 -0.0197372
3.04745 0.0300003 -0.0122655
3.07658 0.0298908 -0.00375958
3.10534 0.0300289 0.00480244
3.13448 0.0304117 0.0131349
3.16449 0.0310263 0.0204794
3.1925 0.0317543 0.025986
3.22324 0.0326776 0.0300351
3.25315 0.0336273 0.0317548
3.28292 0.0345591 0.0313018
3.31152 0.0353797 0.0286942
3.3401 0.0360722 0.0242292
3.37006 0.0366025 0.0177007
3.39899 0.036892 0.0100075
3.42875 0.0369352 0.00145236
3.45725 0.0367347 -0.00703719
3.48881 0.0362364 -0.0157902
3.51714 0.0355972 -0.0225564
3.54774 0.03474 -0.028012
3.57631 0.033847 -0.0312556
3.60615 0.032877 -0.0325138
3.63529 0.0319602 -0.0314539
3.66355 0.0311562 -0.0284582
3.69017 0.0305227 -0.0237948
3.71781 0.0300371 -0.0175656
3.74646 0.0297553 -0.0098368
3.77579 0.0297193 -0.00122773
3.80539 0.0299421 0.00752517
3.83262 0.0303583 0.0152829
3.86299 0.0310408 0.0224742
3.89155 0.0318313 0.0276734
3.92222 0.0327875 0.0311833
3.95165 0.0337406 0.0323776
3.98075 0.0346558 0.0314569
4.00887 0.0354562 0.02846
4.03737 0.0361277 0.0235669
4.06638 0.0366176 0.0168828
4.09494 0.0368778 0.00911405
4.12535 0.0368869 0.000296418
4.15294 0.0366662 -0.0079993
4.18394 0.0361532 -0.0165444
4.21245 0.0354925 -0.0231728
4.24276 0.0346329 -0.0283599
4.27182 0.0337206 -0.0314032
4.30163 0.0327563 -0.032344
4.33062 0.0318568 -0.0310347
4.35817 0.0310887 -0.0278723
4.38513 0.0304687 -0.0229961
4.41293 0.0300078 -0.0165832
4.44129 0.029758 -0.00880756
4.47082 0.0297541 -0.000132281
4.50048 0.0300105 0.00864522
4.52816 0.0304642 0.0163928
4.5583 0.0311687 0.0233741
4.58714 0.0319871 0.0283768
4.61788 0.0329573 0.0315647
4.64735 0.0339127 0.0324163
4.67629 0.0348141 0.0311497
4.70436 0.0355965 0.0278723
4.73297 0.0362446 0.022651
4.7617 0.0366966 0.0157342
4.79031 0.0369195 0.00779152
4.82076 0.0368853 -0.00112075
4.84911 0.0366142 -0.00956507
4.8798 0.0360676 -0.0178108
4.90971 0.0353385 -0.0243801
4.93994 0.0344592 -0.0290828
4.96992 0.0335106 -0.0316364
4.9993 0.0325711 -0.0319852
5.0282 0.0316987 -0.0301812
5.05505 0.0309828 -0.0266597
5.08301 0.0303878 -0.0212848
5.11145 0.0299788 -0.0143807
5.14001 0.0297973 -0.0063553
5.17074 0.0298771 0.00259955
5.20103 0.030221 0.0113513
5.23073 0.0307866 0.0190419
5.26032 0.0315361 0.025334
5.29099 0.0324525 0.0298813
5.32086 0.033412 0.0321179
5.35106 0.0343831 0.0321552
5.3798 0.0352452 0.0299972
5.40804 0.035979 0.025985
5.4377 0.0365674 0.0198404
5.466 0.0369192 0.0124314
5.49495 0.0370388 0.00413041
5.52418 0.0369039 -0.0046145
5.55292 0.0365286 -0.0130565
5.58195 0.0359331 -0.0205131
5.61308 0.0351055 -0.0265866
5.64242 0.0342147 -0.0303604
5.67203 0.0332646 -0.0320885
5.70127 0.0323422 -0.0315458
5.73028 0.0315029 -0.0289338
5.7568 0.0308478 -0.0246992
5.78443 0.0303276 -0.0188271
5.81338 0.0299989 -0.0113522
5.8424 0.0299134 -0.00294836
5.8711 0.0300722 0.00553202
5.9002 0.0304737 0.0137983
5.93022 0.0311062 0.021067
5.95849 0.0318561 0.0265253
5.9894 0.0327978 0.0304709
6.01905 0.0337495 0.032092
6.04895 0.034693 0.0315646
6.07762 0.0355217 0.0289013
6.10626 0.0362195 0.0243619
6.13639 0.0367545 0.0177598
6.16541 0.0370449 0.0100053
6.19534 0.0370864 0.00138629
6.22386 0.0368837 -0.0071084
6.25551 0.0363826 -0.0158372
6.28385 0.0357428 -0.0225727
6.31448 0.0348857 -0.027981
6.34314 0.0339926 -0.0311617
6.37325 0.0330187 -0.0323424
6.40247 0.0321071 -0.0312038
6.43058 0.0313147 -0.0281813
6.45738 0.0306853 -0.0234917
6.48511 0.0302068 -0.0172558
6.51377 0.029932 -0.00958609
6.54327 0.0299015 -0.00103412
6.5731 0.0301299 0.00765693
6.6005 0.0305497 0.0153187
6.63112 0.0312358 0.0224112
6.65974 0.032022 0.0274648
6.69083 0.0329801 0.0308237
6.72055 0.0339262 0.0318266
6.74988 0.0348268 0.030705
6.77832 0.0356102 0.0275464
6.80708 0.0362564 0.0224743
6.83614 0.0367119 0.0156732
6.86475 0.0369369 0.00786298
6.89556 0.0369052 -0.00102832
6.92353 0.036644 -0.0093363
6.95442 0.0360986 -0.0176555
6.98449 0.0353682 -0.0242874
7.01482 0.034487 -0.0290626
7.04505 0.0335294 -0.031677
7.07473 0.0325775 -0.0320677
7.10377 0.031698 -0.0302898
7.13089 0.0309717 -0.0267777
7.15865 0.0303758 -0.0214629
7.18706 0.0299608 -0.0146074
7.21574 0.0297719 -0.00659037
7.2462 0.0298412 0.00227616
7.27683 0.0301814 0.0111058
7.30673 0.0307449 0.018845
7.3367 0.0315002 0.0252066
7.36741 0.0324148 0.0297778
7.39736 0.0333744 0.0320411
7.42757 0.0343448 0.0321192
7.45635 0.0352093 0.030045
7.48468 0.0359483 0.0260845
7.51445 0.0365444 0.0200192
7.54277 0.0369039 0.0126936
7.57174 0.0370327 0.00444864
7.601 0.0369083 -0.00425264
7.63004 0.0365391 -0.0127148
7.65934 0.0359465 -0.0202226
7.6908 0.0351174 -0.026351
7.72047 0.0342232 -0.0301379
7.75045 0.0332687 -0.0318467
7.77982 0.0323499 -0.0312791
7.80895 0.0315156 -0.0286413
7.83555 0.0308665 -0.024402
7.86329 0.0303528 -0.0185185
7.89223 0.0300326 -0.0110633
7.92133 0.0299542 -0.00269236
7.94999 0.0301184 0.00572878
7.97888 0.0305196 0.0138894
8.00911 0.0311587 0.0211372
8.03737 0.0319081 0.0265207
8.06834 0.0328493 0.0303859
8.0981 0.0337985 0.0318989
8.12805 0.0347353 0.0312749
8.15679 0.0355554 0.028541
8.18551 0.0362418 0.0238993
8.2156 0.036761 0.0172579
8.24462 0.037037 0.00950769
8.27468 0.0370632 0.000869501
8.30297 0.0368498 -0.00754313
8.3345 0.0363399 -0.0161734
8.36286 0.0356922 -0.0228357
8.39342 0.034832 -0.0281417
8.42223 0.0339322 -0.0312357
8.45235 0.0329592 -0.0323081
8.48157 0.0320503 -0.0310999
8.50957 0.0312655 -0.0280302
8.53652 0.0306378 -0.023289
8.56436 0.0301644 -0.0170107
8.593 0.0298968 -0.00934227
8.62263 0.0298736 -0.000783795
8.65256 0.03011 0.00790057
8.68008 0.0305374 0.0155323
8.71079 0.0312312 0.0225843
8.73948 0.0320222 0.0275758
8.77038 0.032975 0.0308305
8.80035 0.0339267 0.0317586
8.82971 0.0348234 0.0305427
8.85821 0.0356026 0.0273361
8.88705 0.0362429 0.022202
8.91605 0.0366889 0.0153774
8.9447 0.0369053 0.00755561
8.9756 0.0368642 -0.00132888
9.0042 0.0365856 -0.00974126
9.03514 0.0360306 -0.0179406
9.06515 0.0352966 -0.0244543
9.09573 0.0344065 -0.0291139
9.12619 0.0334451 -0.0315543
9.15587 0.0325021 -0.0317736
9.18502 0.0316321 -0.0298433
9.21211 0.0309222 -0.0262105
9.24023 0.0303387 -0.0207493
9.26885 0.029945 -0.0137556
9.29761 0.0297819 -0.00566981
9.32854 0.0298826 0.00325568
9.35897 0.0302456 0.0119286
9.38886 0.0308288 0.0195093
9.41835 0.0315828 0.0255714
9.44912 0.0325045 0.0299565
9.47912 0.0334655 0.0320354
9.5093 0.0344307 0.0319762
9.53824 0.0352925 0.0297758
9.56689 0.0360275 0.025662
9.59726 0.0366169 0.0194055
9.62591 0.0369596 0.0119603
9.65524 0.0370655 0.00360991
9.68504 0.0369119 -0.00515028
9.7138 0.0365251 -0.0134528
9.74313 0.0359161 -0.0207627
9.77475 0.0350718 -0.0266988
9.80418 0.0341818 -0.0302451
9.83398 0.033235 -0.0317683
9.86345 0.0323208 -0.0310241
9.89237 0.0315041 -0.0282412
9.91916 0.0308653 -0.0238422
9.94707 0.030368 -0.0178228
9.97603 0.0300699 -0.0102914
10.0054 0.0300148 -0.00187366
10.0344 0.0302045 0.00654681
10.0626 0.0306108 0.0144073
10.0929 0.0312634 0.0215213
10.1216 0.0320294 0.0267365
10.1529 0.0329779 0.0303221
10.183 0.0339267 0.0315327
10.2127 0.0348386 0.0306099
10.2415 0.0356337 0.0276524
10.2704 0.0362915 0.0227681
10.3001 0.0367688 0.0160634
10.329 0.0370091 0.00831647
10.3596 0.036996 -0.000430278
10.3876 0.0367514 -0.00873563
10.419 0.0362113 -0.0172083
10.4481 0.0355182 -0.0238003
10.4786 0.0346391 -0.0287971
10.5083 0.033702 -0.0315759
10.5383 0.0327363 -0.0322327
10.5674 0.0318416 -0.0306796
10.595 0.0310874 -0.0273537
10.6224 0.030477 -0.0223105
10.6505 0.0300336 -0.0157276
10.6792 0.029807 -0.00790204
10.7093 0.0298306 0.000783154
10.7393 0.0301159 0.00948783
10.7688 0.0306249 0.0172915
10.7995 0.0313634 0.0240393
10.8298 0.0322369 0.0288285
10.8602 0.0331929 0.0314596
10.8904 0.0341573 0.0318965
10.9194 0.0350332 0.0302094
10.9479 0.0357917 0.0266259
10.9773 0.0364097 0.0210164
11.0057 0.0368073 0.0140069
11.0345 0.0369805 0.00601583
11.0657 0.0368877 -0.00297476
11.0965 0.0365248 -0.0117765
11.1271 0.0359267 -0.019554
11.1575 0.0351464 -0.0256573
11.1877 0.034249 -0.0296829
11.2182 0.0332881 -0.0315128
11.2477 0.0323697 -0.031109
11.2771 0.0315294 -0.0286153
11.3039 0.0308724 -0.0245281
11.3319 0.0303465 -0.0187479
11.3611 0.030015 -0.0113854
11.3903 0.0299249 -0.00308191
11.4192 0.0300795 0.00533726
11.4487 0.0304809 0.0136089
11.4789 0.0311108 0.0208778
11.5076 0.0318684 0.0263872
11.5386 0.0328072 0.0303054
11.5687 0.0337686 0.0318805
11.5988 0.0347112 0.0313191
11.6277 0.0355395 0.0286654
11.6566 0.0362339 0.0240759
11.6868 0.0367632 0.0174995
11.716 0.0370482 0.00978159
11.746 0.0370837 0.00118285
11.7745 0.0368773 -0.00724806
11.8062 0.0363728 -0.0159055
11.8346 0.0357313 -0.0225705
11.8652 0.0348778 -0.0278901
11.894 0.0339872 -0.0309698
11.9242 0.0330189 -0.0320365
11.9536 0.0321132 -0.030834
11.9817 0.0313328 -0.0277587
12.0087 0.0307104 -0.0230344
12.0366 0.0302427 -0.0167774
12.0652 0.02998 -0.00916445
12.095 0.0299604 -0.000660065
12.1251 0.0302012 0.00798886
12.1528 0.0306309 0.0155451
12.1838 0.0313311 0.0225596
12.2126 0.0321233 0.0274881
12.2436 0.0330716 0.0306447
12.2742 0.0340366 0.0314666
12.3037 0.0349256 0.0301237
12.3325 0.035698 0.026856
12.3616 0.0363268 0.0216231
12.3906 0.0367559 0.0147838
12.4193 0.0369562 0.00697677
12.4508 0.036894 -0.0019768
12.4813 0.0365669 -0.0107323
12.5122 0.0359882 -0.0187106
12.5423 0.0352353 -0.0249935
12.5729 0.0343375 -0.0293558
12.6035 0.0333741 -0.0314844
12.6331 0.0324447 -0.0314093
12.6625 0.0315865 -0.0292085
12.6896 0.0308992 -0.0253707
12.718 0.0303379 -0.0197354
12.747 0.0299739 -0.012556
12.7761 0.0298477 -0.00433476
12.8062 0.0299778 0.00432564
12.8368 0.0303717 0.0128717
12.8669 0.0309814 0.0202368
12.8962 0.0317417 0.0259678
12.9271 0.0326708 0.0300424
12.9575 0.033639 0.0318074
12.9877 0.0345867 0.0314297
13.0167 0.0354265 0.0289507
13.0456 0.0361361 0.0245412
13.076 0.0366864 0.0181039
13.1052 0.0369922 0.0104781
13.1351 0.0370512 0.00197037
13.1642 0.0368616 -0.00653354
13.1961 0.0363747 -0.015241
13.2248 0.0357448 -0.0219921
13.2558 0.0348918 -0.0274386
13.2847 0.0340088 -0.0305618
13.3149 0.033053 -0.0317041
13.3444 0.0321497 -0.0305706
13.3729 0.0313669 -0.0275128
13.3999 0.0307503 -0.022825
13.4278 0.0302868 -0.0166008
13.4566 0.0300276 -0.00901958
13.4862 0.0300103 -0.000584464
13.5164 0.0302528 0.00802563
13.5441 0.0306824 0.0155328
13.5753 0.0313844 0.0225199
13.6041 0.0321758 0.027412
13.6352 0.0331232 0.0305296
13.6659 0.0340874 0.0313127
13.6955 0.0349721 0.0299487
13.7243 0.0357412 0.0266724
13.7535 0.0363658 0.0214165
13.7825 0.0367891 0.014588
13.8112 0.0369843 0.00679523
13.8428 0.0369158 -0.00216461
13.8737 0.0365776 -0.0109731
13.9046 0.0359932 -0.0189086
13.9348 0.0352339 -0.0251588
13.9653 0.0343351 -0.0294504
13.9959 0.0333696 -0.0315341
14.0255 0.0324391 -0.0314168
14.0549 0.0315805 -0.0291801
14.082 0.0308947 -0.0253234
14.1104 0.030335 -0.0196931
14.1395 0.0299716 -0.0124975
14.1687 0.029847 -0.00427039
14.1987 0.0299776 0.00435042
14.2294 0.0303735 0.01289
14.2596 0.0309839 0.020225
14.2889 0.0317419 0.0259056
14.3199 0.0326697 0.0299307
14.3505 0.0336384 0.031636
14.3807 0.0345796 0.0311862
14.4097 0.0354121 0.0286527
14.4387 0.0361129 0.0241923
14.469 0.0366515 0.0177465
14.4982 0.0369472 0.0101357
14.5283 0.0369957 0.00161264
14.5572 0.0367984 -0.0068291
14.5891 0.0363048 -0.015462
14.6177 0.0356703 -0.0221414
14.6487 0.0348199 -0.0274927
14.6775 0.0339384 -0.0305586
14.7078 0.0329799 -0.0316476
14.7374 0.0320782 -0.0304483
