t x vx
0.01 0.0329997 -2.74998e-05
0.02 0.0329993 -3.99162e-05
0.052778 0.0329961 -9.71217e-05
0.0857163 0.032991 -0.000155192
0.119435 0.0329837 -0.000216729
0.153952 0.032974 -0.000281043
0.189037 0.0329617 -0.000350893
0.224466 0.0329466 -0.000427551
0.260056 0.0329284 -0.000509499
0.295668 0.0329072 -0.000594988
0.331241 0.0328828 -0.000687599
0.366754 0.0328547 -0.000791853
0.40219 0.0328225 -0.000908904
0.437552 0.0327858 -0.00103598
0.472841 0.0327446 -0.00116855
0.508046 0.0326988 -0.00130146
0.543179 0.0326485 -0.00143001
0.578252 0.0325942 -0.00154951
0.613272 0.0325362 -0.00165548
0.648249 0.0324752 -0.00174401
0.683191 0.0324119 -0.00181173
0.718107 0.0323471 -0.00185581
0.753005 0.0322817 -0.00187423
0.787891 0.0322166 -0.00186601
0.822772 0.0321527 -0.00183146
0.857656 0.0320909 -0.00177213
0.892547 0.0320319 -0.00169089
0.927447 0.0319763 -0.00159184
0.962361 0.0319247 -0.00147994
0.997294 0.0318771 -0.00136073
1.03225 0.0318338 -0.00123984
1.06723 0.0317945 -0.00112264
1.10223 0.031759 -0.00101367
1.13724 0.031727 -0.000916491
1.17223 0.0316978 -0.00083306
1.20722 0.0316711 -0.000763306
1.2422 0.0316464 -0.000705149
1.27719 0.0316235 -0.000654582
1.31219 0.0316023 -0.000605899
1.34719 0.031583 -0.000552222
1.3822 0.031566 -0.000486131
1.41718 0.031552 -0.000400272
1.45215 0.0315419 -0.000288095
1.4871 0.0315369 -0.000144538
1.52204 0.031538 3.32896e-05
1.55698 0.0315466 0.000245541
1.59192 0.0315637 0.000489199
1.62687 0.0315902 0.000758473
1.66183 0.0316267 0.00104482
1.69682 0.0316735 0.0013373
1.73184 0.0317304 0.0016235
1.76687 0.0317966 0.00188996
1.80185 0.0318709 0.0021239
1.8368 0.0319518 0.00231459
1.87171 0.0320374 0.00245401
1.90659 0.032126 0.0025377
1.94145 0.0322154 0.00256523
1.97631 0.0323039 0.00254049
2.01116 0.0323901 0.00247155
2.04604 0.0324727 0.00237009
2.08093 0.0325513 0.0022505
2.11587 0.0326256 0.00212872
2.15086 0.0326963 0.00202076
2.18588 0.0327643 0.00194119
2.22087 0.0328309 0.00190154
2.25581 0.0328975 0.00190871
2.29072 0.0329661 0.00196397
2.32561 0.0330381 0.00206265
2.36049 0.0331146 0.00219413
2.39537 0.0331963 0.00234252
2.43028 0.0332832 0.00248769
2.46523 0.0333743 0.0026068
2.50021 0.0334679 0.00267612
2.53513 0.0335612 0.0026739
2.56999 0.0336513 0.00258246
2.60479 0.0337345 0.00238987
2.63956 0.0338072 0.00209154
2.67431 0.0338659 0.00169118
2.70906 0.0339077 0.00120089
2.74383 0.03393 0.000641415
2.77863 0.0339314 4.0776e-05
2.8135 0.0339116 -0.000568219
2.84848 0.0338714 -0.00114981
2.88345 0.033813 -0.00166752
2.91832 0.0337402 -0.00208978
2.9531 0.0336569 -0.00239404
2.9878 0.0335678 -0.00256754
3.02245 0.0334774 -0.00260838
3.05705 0.03339 -0.00252649
3.09161 0.033309 -0.00234357
3.12618 0.0332367 -0.00209142
3.16079 0.0331741 -0.00180996
3.1955 0.0331205 -0.0015443
3.23033 0.0330738 -0.00134109
3.26527 0.0330303 -0.00124482
3.3001 0.0329853 -0.00129143
3.33483 0.0329331 -0.00150343
3.36949 0.0328676 -0.00188789
3.40409 0.0327834 -0.00243511
3.43862 0.0326757 -0.00311809
3.47317 0.0325412 -0.00389407
3.50775 0.0323784 -0.00470609
3.54243 0.0321882 -0.0054866
3.5772 0.031974 -0.0061614
3.6119 0.0317429 -0.00665802
3.64641 0.0315041 -0.00691817
3.68077 0.031267 -0.00690281
3.715 0.0310413 -0.00659221
3.74914 0.0308368 -0.00598875
3.78325 0.0306623 -0.00511803
3.81733 0.0305249 -0.00403063
3.85146 0.0304295 -0.0027955
3.88568 0.0303782 -0.0014994
3.92006 0.03037 -0.000239414
3.95472 0.0304006 0.000883457
3.98963 0.0304623 0.0017673
4.02434 0.030543 0.00232692
4.05883 0.03063 0.00252077
4.09315 0.0307103 0.00233905
4.12735 0.030772 0.00180556
4.16143 0.0308054 0.000979178
4.19544 0.0308037 -5.12543e-05
4.22947 0.0307637 -0.00117319
4.26352 0.030687 -0.00225313
4.29766 0.0305794 -0.00315236
4.33198 0.0304511 -0.00373673
4.36617 0.0303179 -0.00389632
4.40016 0.0301969 -0.0035607
4.43398 0.0301056 -0.00270044
4.46771 0.0300607 -0.0013307
4.50142 0.030077 0.000484883
4.53509 0.0301657 0.00263474
4.56887 0.030334 0.00498174
4.60276 0.0305831 0.00734924
4.637 0.0309335 0.0102339
4.67141 0.0313725 0.0127573
4.706 0.03186 0.0140925
4.74031 0.0323695 0.014852
4.77441 0.0328799 0.0149656
4.80838 0.0333697 0.0144223
4.84225 0.0338194 0.0132722
4.87607 0.0342121 0.0116151
4.90989 0.0345367 0.00959719
4.94376 0.0347873 0.0073979
4.97778 0.0349644 0.00520775
5.01194 0.0350748 0.00323144
5.04636 0.035132 0.00165959
5.08076 0.0351547 0.000660981
5.11505 0.0351663 0.00033746
5.14913 0.0351908 0.000718403
5.18309 0.0352503 0.00175428
5.21695 0.0353634 0.00333872
5.25074 0.0355429 0.00531109
5.28459 0.0357952 0.00745444
5.31849 0.0361179 0.00952022
5.35266 0.0365029 0.0112671
5.38653 0.0369246 0.0124482
5.42002 0.0373566 0.0129007
5.45321 0.0377723 0.0125229
5.48618 0.038144 0.0112753
5.51906 0.0384457 0.0091763
5.55201 0.0386535 0.00630749
5.58506 0.0387467 0.00281801
5.61827 0.0387104 -0.00109219
5.65178 0.038537 -0.00517405
5.68543 0.0382308 -0.00909904
5.7199 0.0377953 -0.0126346
5.75431 0.0372637 -0.0154486
5.78857 0.0366684 -0.0173737
5.82269 0.0360424 -0.018352
5.85673 0.0354159 -0.0184023
5.89075 0.0348171 -0.0176042
5.92475 0.0342698 -0.0160954
5.95879 0.0337913 -0.014059
5.99283 0.0333922 -0.0117223
6.02699 0.0330734 -0.0093349
6.06119 0.0328285 -0.00715693
6.09564 0.0326419 -0.00541744
6.13002 0.0324928 -0.00433824
6.16407 0.0323543 -0.00406672
6.19791 0.0321964 -0.00466743
6.23159 0.0319899 -0.00612929
6.26518 0.0317091 -0.00835922
6.29874 0.0313337 -0.011188
6.33232 0.0308506 -0.0143841
6.36597 0.030256 -0.0176729
6.39977 0.0295545 -0.0207532
6.43302 0.0287804 -0.0232772
6.4657 0.0279627 -0.0250289
6.49791 0.0271297 -0.02586
6.52979 0.0263112 -0.0256721
6.56147 0.0255373 -0.0244285
6.59312 0.024836 -0.0221598
6.62493 0.0242329 -0.0189596
6.65713 0.0237506 -0.0149787
6.6897 0.0234093 -0.0104795
6.72265 0.0232188 -0.00578205
6.75605 0.0231781 -0.00121658
6.79003 0.0232767 0.0029008
6.82412 0.0234889 0.00622583
6.85863 0.0238154 0.00946225
6.89301 0.0242176 0.011697
6.92731 0.0246649 0.0130406
6.96161 0.0251342 0.0136815
6.99596 0.0256095 0.0138362
7.03035 0.026082 0.0137419
7.06484 0.0265526 0.0136436
7.09945 0.0270297 0.0137864
7.13387 0.0275252 0.0143923
7.1679 0.028057 0.0156304
7.20168 0.0286524 0.0176246
7.23534 0.0293405 0.0204429
7.26895 0.0301504 0.024102
7.30254 0.0311094 0.0285478
7.33618 0.0322403 0.0336126
7.36949 0.033539 0.0389912
7.40191 0.0349759 0.04432
7.43342 0.0365297 0.0493136
7.46398 0.0381706 0.0537011
7.49363 0.0398702 0.0573064
7.5224 0.041596 0.0599825
7.55037 0.0433195 0.0616332
7.57761 0.0450135 0.062175
7.60419 0.0466488 0.0615346
7.63017 0.0481988 0.0596603
7.65566 0.0496388 0.056502
7.68073 0.0509433 0.0520332
7.69071 0.0514442 0.0501654
7.70089 0.0519378 0.0484826
7.71036 0.0523787 0.0465897
7.72014 0.0528138 0.0444831
7.73033 0.0532406 0.0418728
7.74132 0.0536647 0.0386028
7.75358 0.0540879 0.0345147
