t x vx
0.01 0.0330044 0.000440488
0.02 0.0330242 0.00197944
0.0554899 0.0332683 0.00687755
0.092974 0.0336905 0.0112643
0.134772 0.0343233 0.0151393
0.178039 0.0351033 0.0180271
0.221288 0.0359578 0.0197583
0.271655 0.0369691 0.0200791
0.322802 0.0379246 0.0186806
0.375477 0.0387499 0.0156687
0.429104 0.0393496 0.0111815
0.479485 0.0396492 0.00594721
0.527766 0.0396564 0.000149753
0.575343 0.0393652 -0.00612054
0.62315 0.0387488 -0.0128931
0.667708 0.0378927 -0.0192147
0.717448 0.0366056 -0.025875
0.7613 0.0352306 -0.031357
0.805733 0.0336152 -0.0363562
0.850924 0.0317785 -0.0406417
0.895574 0.0298113 -0.044059
0.940071 0.0277398 -0.0465542
0.984368 0.0256117 -0.0480407
1.02737 0.0235259 -0.0485072
1.06928 0.0215146 -0.0479834
1.11043 0.0196112 -0.0462555
1.15086 0.0178705 -0.0430603
1.19085 0.0163447 -0.0381514
1.23091 0.0150889 -0.031348
1.2472 0.0146296 -0.0281937
1.26383 0.0142197 -0.0246545
1.27948 0.0138929 -0.0208748
1.29522 0.0136291 -0.0167567
1.31118 0.0134322 -0.0123465
1.32711 0.0133073 -0.00783535
1.34251 0.0132535 -0.00349331
1.35753 0.0132627 0.000609411
1.37194 0.0133247 0.00430131
1.38565 0.0134284 0.00756127
1.39901 0.0135684 0.0104825
1.41189 0.0137374 0.0131304
1.42414 0.0139277 0.0155241
1.43582 0.0141343 0.0176891
1.44869 0.0143917 0.0200032
1.46152 0.0146772 0.0222482
1.47603 0.0150365 0.0247768
1.49089 0.015443 0.0273475
1.5053 0.015873 0.0298419
1.51951 0.0163323 0.0323248
1.55381 0.0176457 0.0382885
1.58734 0.01912 0.0439698
1.62563 0.0210468 0.0503145
1.66301 0.0231405 0.0560191
1.69983 0.0253974 0.0612977
1.73659 0.0278264 0.0660829
1.7718 0.0303016 0.0702879
1.80672 0.0328864 0.0740172
1.84149 0.0355709 0.0772056
1.87646 0.0383626 0.0798434
1.91147 0.0412284 0.0818541
1.94773 0.0442442 0.0831598
1.98356 0.0472405 0.0836372
2.01842 0.0501438 0.0832775
2.03165 0.051265 0.0847626
2.04391 0.0523244 0.086438
2.05412 0.0532237 0.0880597
