t x vx
0.01 0.0330007 6.94084e-05
0.02 0.0330035 0.000280933
0.117474 0.0332116 0.00213514
0.22037 0.0335954 0.00372984
0.340113 0.0342005 0.00505303
0.458963 0.0348878 0.00578272
0.591515 0.0356644 0.00585941
0.722081 0.0363344 0.00513139
0.859299 0.0368249 0.00357456
0.997115 0.0370076 0.00132533
1.13472 0.0368142 -0.00140483
1.27075 0.0362126 -0.00442296
1.40522 0.0351998 -0.00753163
1.53747 0.0338125 -0.0104904
1.66362 0.0321676 -0.0130384
1.78613 0.03032 -0.0150816
1.90567 0.0283548 -0.0164397
2.02113 0.0264016 -0.0169164
2.13039 0.0246177 -0.0163268
2.2341 0.0231269 -0.0143755
2.3334 0.0220158 -0.0111893
2.43155 0.0213188 -0.0071009
2.5292 0.0210869 -0.00237501
2.62552 0.0213335 0.00255959
2.7175 0.0220038 0.00728785
2.80494 0.0230251 0.0116798
2.8912 0.0243839 0.0157526
2.97492 0.0260061 0.0193769
3.0612 0.0279692 0.0227509
3.14786 0.0302005 0.0257484
3.24233 0.0328921 0.0284918
3.33672 0.0357734 0.0305255
3.43119 0.038781 0.0318368
3.52491 0.0418032 0.0322471
3.61399 0.0446225 0.0316473
3.698 0.0471357 0.0299187
3.77666 0.049238 0.0267234
3.8489 0.0508229 0.0219411
3.87585 0.0513586 0.0198804
3.9021 0.0518193 0.0175461
3.92475 0.0521629 0.0151741
3.94695 0.0524399 0.0124771
3.9681 0.0526434 0.00961857
3.98838 0.0527781 0.00664421
4.00773 0.0528495 0.00368625
4.02671 0.0528655 0.000844443
4.04564 0.0528288 -0.00193866
4.06374 0.0527486 -0.00443075
4.08209 0.052624 -0.00679106
4.09983 0.0524657 -0.00892377
4.11746 0.0522727 -0.010946
4.13579 0.0520345 -0.0129911
4.15323 0.0517745 -0.0149147
4.1725 0.051447 -0.0169912
4.19426 0.0510279 -0.0192624
4.2171 0.050536 -0.021539
4.24135 0.0499571 -0.0238706
4.30678 0.0480147 -0.029688
4.37917 0.0455125 -0.0345652
4.45626 0.0425383 -0.0385793
4.53737 0.0391532 -0.0417363
4.62598 0.0352412 -0.0441487
4.71099 0.0313689 -0.0455486
4.80526 0.0270189 -0.0461436
4.89921 0.0227369 -0.0455784
4.98853 0.0188037 -0.0440372
5.06998 0.0154175 -0.0415703
5.09907 0.0142187 -0.0412127
5.12411 0.0131841 -0.0413284
5.14411 0.0123568 -0.0413601
