t x vx
0.01 0.0330163 0.00163334
0.02 0.0330877 0.00713371
0.0433609 0.0335032 0.0177886
0.0675172 0.0341435 0.0265035
0.0936254 0.0350187 0.033524
0.120669 0.0360546 0.0383041
0.14837 0.0371806 0.0406487
0.176534 0.0383221 0.0405311
0.205152 0.039411 0.038049
0.234421 0.0403872 0.0333523
0.264127 0.0411809 0.0267199
0.294203 0.041739 0.0185539
0.324286 0.0420262 0.00954761
0.354405 0.0420336 0.000245823
0.384227 0.0417719 -0.00877575
0.414095 0.0412634 -0.0170234
0.443779 0.0405498 -0.02404
0.473585 0.0396668 -0.0296244
0.503544 0.0386599 -0.0336103
0.533467 0.0375851 -0.0359176
0.563961 0.0364707 -0.0365464
0.595646 0.0353471 -0.0354602
0.627662 0.0342988 -0.0327436
0.660302 0.0333691 -0.0284854
0.6938 0.0326054 -0.0227959
0.727929 0.0320598 -0.0159891
0.762021 0.0317674 -0.00857636
0.79597 0.0317299 -0.00110253
0.82981 0.0319309 0.00593962
0.86361 0.0323393 0.0120831
0.897284 0.0329072 0.0168623
0.930384 0.0335697 0.0200164
0.963557 0.0342829 0.0214995
0.996668 0.0349866 0.0212516
1.02965 0.0356259 0.0193853
1.0616 0.0361446 0.0162361
1.09417 0.036534 0.0119552
1.12764 0.0367632 0.00684638
1.16133 0.0368123 0.00145928
1.19502 0.0366875 -0.00370403
1.22886 0.0364125 -0.00812797
1.26261 0.0360287 -0.0113731
1.29667 0.0355799 -0.0131788
1.33085 0.0351238 -0.0133401
1.36503 0.0347193 -0.0118358
1.39844 0.0344232 -0.00886271
1.43244 0.0342696 -0.00451786
1.46628 0.0342983 0.000850015
1.50033 0.0345332 0.00689831
1.53431 0.0349773 0.0130717
1.56825 0.035614 0.0187527
1.6017 0.0363975 0.0234262
1.63431 0.0372685 0.0267123
1.6663 0.0381786 0.0284456
1.69792 0.039081 0.0285404
1.72946 0.0399315 0.0269695
1.76119 0.0406849 0.0237448
1.79304 0.0412906 0.0190144
1.82506 0.0417105 0.0131143
1.85711 0.0419206 0.00655574
1.88919 0.0419156 -0.000158565
1.92122 0.0417077 -0.00649013
1.95329 0.0413278 -0.0118446
1.9856 0.0408135 -0.0159192
2.01818 0.0402126 -0.0184413
2.05095 0.0395798 -0.0193103
2.08313 0.0389816 -0.018593
2.11649 0.0384347 -0.0163945
2.15079 0.0379955 -0.0128014
2.18495 0.0377178 -0.00813122
2.21967 0.0376249 -0.00267492
2.25433 0.0377301 0.00303335
2.28893 0.0380242 0.00850362
2.32273 0.0384703 0.0131962
2.35573 0.0390209 0.0166831
2.38812 0.0396277 0.0187358
2.4201 0.0402431 0.0192441
2.45183 0.040819 0.0181456
2.48344 0.0413078 0.0154653
2.51506 0.0416668 0.0113565
2.5468 0.0418599 0.00608014
2.57863 0.04186 3.35054e-06
2.61056 0.0416557 -0.00639681
2.64258 0.0412566 -0.0124643
2.6747 0.0406875 -0.0177222
2.70735 0.0399768 -0.0217684
2.74005 0.0391825 -0.0242846
2.77323 0.0383477 -0.0251635
2.80647 0.0375376 -0.0243687
2.84007 0.0367978 -0.022022
2.8742 0.0361741 -0.0182693
2.90888 0.035713 -0.0132976
2.94357 0.0354536 -0.00747728
2.97821 0.0354093 -0.00128026
3.01276 0.0355756 0.0048123
3.04723 0.0359319 0.0103411
3.08101 0.0364308 0.0147651
3.11418 0.0370205 0.0177781
3.14692 0.0376504 0.0192422
3.17945 0.0382714 0.0190886
3.21194 0.0388338 0.0173099
3.24435 0.0392883 0.0140258
3.27683 0.0395966 0.00949075
3.30894 0.0397294 0.00413676
3.34155 0.0396721 -0.00175648
3.37423 0.0394238 -0.00760006
3.40692 0.0390048 -0.0128179
3.43963 0.0384499 -0.0169646
3.47309 0.0377886 -0.0197664
3.50647 0.0370898 -0.0209291
3.54005 0.0364049 -0.0203995
3.57378 0.0357894 -0.0182462
3.60816 0.0352877 -0.0145925
3.64269 0.034953 -0.00969231
3.67725 0.0348185 -0.00389346
3.71166 0.0348986 0.00232755
3.74599 0.0351897 0.00847765
3.78038 0.0356728 0.0140497
3.81408 0.0362948 0.0184575
3.8471 0.0370032 0.0214522
3.87964 0.0377476 0.0228748
3.91192 0.0384787 0.0226526
3.9442 0.0391496 0.0207848
3.97649 0.0397093 0.0173319
4.00884 0.040116 0.0125706
4.04123 0.0403393 0.00689273
4.0737 0.0403628 0.000724919
4.10622 0.0401861 -0.00543294
4.1387 0.0398301 -0.0109598
4.1712 0.0393287 -0.0154301
4.20441 0.0387125 -0.0185565
4.2375 0.0380487 -0.0200576
4.27081 0.0373864 -0.0198848
4.30425 0.036781 -0.0181039
4.33863 0.0362718 -0.0148124
4.37325 0.0359172 -0.0102393
4.40788 0.0357534 -0.00473088
4.44243 0.0357966 0.00125032
4.47692 0.0360452 0.0072063
4.51145 0.0364825 0.0126651
4.54514 0.0370554 0.0170026
4.57813 0.0377136 0.0199567
4.61059 0.0384074 0.0213747
4.64277 0.0390888 0.0211737
4.67496 0.0397106 0.0193185
4.70707 0.0402212 0.0159
4.73923 0.0405803 0.0111655
4.77131 0.040757 0.0055083
4.80361 0.0407343 -0.000703395
4.83598 0.0405095 -0.00694545
4.86831 0.0401031 -0.0125718
4.90063 0.0395485 -0.0171532
4.93385 0.0388704 -0.0204187
4.96671 0.038146 -0.0220388
5.0002 0.0374098 -0.0219837
5.03386 0.0367272 -0.0202777
5.06801 0.0361441 -0.0170794
5.10261 0.0357092 -0.0125687
5.13727 0.0354642 -0.00706678
5.17191 0.0354286 -0.0010288
5.20646 0.0356032 0.00505284
5.24096 0.0359726 0.0107071
5.27492 0.0364941 0.015359
5.30816 0.0371143 0.0186584
5.34087 0.0377829 0.020436
5.37329 0.0384509 0.0206069
5.40567 0.0390705 0.0191335
5.438 0.0395904 0.0160838
5.47034 0.0399683 0.0116833
5.50244 0.0401716 0.00633324
5.53492 0.0401824 0.00033445
5.56745 0.0399945 -0.00577877
5.59995 0.0396244 -0.0113873
5.63249 0.0391021 -0.0160476
5.66549 0.0384616 -0.0194124
5.6987 0.037757 -0.0212163
5.73218 0.0370428 -0.0213321
5.76522 0.0363873 -0.0198381
5.79936 0.0358135 -0.0168061
5.83392 0.0353842 -0.01242
5.86856 0.035142 -0.00699336
5.90315 0.0351086 -0.000967501
5.93765 0.0352866 0.00516191
5.97211 0.0356628 0.0109171
6.00617 0.0361984 0.0157223
6.0395 0.0368382 0.0191971
6.07228 0.0375319 0.0211629
6.10473 0.03823 0.0215185
6.13709 0.038885 0.020235
6.16948 0.0394466 0.0173426
6.20185 0.0398692 0.0130536
6.23394 0.0401186 0.00777319
6.26646 0.040177 0.0017955
6.299 0.0400354 -0.00435237
6.33153 0.0397076 -0.0100765
6.36412 0.0392218 -0.0149066
6.39697 0.0386151 -0.0184659
6.43027 0.0379323 -0.0205071
6.46371 0.0372346 -0.020865
6.49651 0.0365911 -0.0196189
6.53048 0.0360191 -0.0168342
6.56504 0.0355816 -0.0126612
6.59966 0.0353251 -0.00741009
6.63428 0.0352731 -0.00150104
6.66879 0.0354308 0.00457118
6.70323 0.0357866 0.0103273
6.73738 0.0363059 0.0152063
6.77077 0.0369331 0.0187866
6.80358 0.0376181 0.0208764
6.83603 0.0383115 0.0213727
6.86837 0.0389659 0.0202324
6.90072 0.0395313 0.0174766
6.93304 0.0399611 0.0132972
6.96529 0.0402208 0.00805339
6.99775 0.0402888 0.00209408
7.03025 0.0401559 -0.00408783
7.06275 0.039834 -0.00990509
7.09532 0.0393496 -0.0148715
7.12808 0.0387407 -0.0185881
7.16138 0.0380476 -0.0208171
7.19489 0.0373316 -0.0213637
7.22767 0.0366666 -0.0202899
7.26156 0.0360675 -0.0176738
7.29611 0.0355961 -0.013645
7.33073 0.0353018 -0.00849975
7.36538 0.0352102 -0.00264418
7.3999 0.0353288 0.00343405
7.43436 0.0356476 0.00925422
7.46865 0.0361374 0.0142852
7.50217 0.0367425 0.0180502
7.5351 0.0374125 0.0203472
7.56764 0.038098 0.0210654
7.60005 0.0387511 0.0201516
7.63248 0.0393225 0.0176184
7.66486 0.039764 0.0136356
7.69725 0.0400402 0.00852908
7.72976 0.0401273 0.00267766
7.76231 0.0400148 -0.00345753
7.79489 0.0397115 -0.00930702
7.82757 0.0392421 -0.0143627
7.86031 0.0386464 -0.0181996
7.89364 0.0379601 -0.0205869
7.92705 0.0372485 -0.0213033
7.95989 0.0365788 -0.0203922
7.99378 0.0359714 -0.0179195
8.02831 0.0354876 -0.0140126
8.06287 0.0351776 -0.00896786
8.09753 0.0350683 -0.00315512
8.13204 0.0351694 0.00292953
8.16649 0.0354726 0.00880428
8.20089 0.0359528 0.013956
8.23452 0.0365536 0.0178677
8.26753 0.0372248 0.0203288
8.30014 0.0379165 0.0212179
8.33258 0.0385809 0.0204777
8.36507 0.0391694 0.018112
8.3975 0.039632 0.014268
8.42997 0.0399326 0.0092563
8.46252 0.0400455 0.00346885
8.49511 0.0399592 -0.00264845
8.52776 0.03968 -0.00854994
8.56052 0.0392311 -0.0137026
8.59324 0.0386533 -0.0176608
8.62654 0.0379806 -0.0202006
8.65989 0.0372774 -0.0210866
8.69281 0.0366078 -0.0203371
8.72672 0.0359971 -0.0180113
8.76124 0.0355056 -0.0142362
8.79574 0.0351844 -0.00931108
8.83042 0.0350606 -0.00356837
8.86494 0.0351465 0.00248813
8.89939 0.0354351 0.00837546
8.93388 0.035904 0.0135954
8.96758 0.0364971 0.0176006
9.00065 0.0371643 0.0201728
9.03329 0.0378557 0.0211828
9.06575 0.0385233 0.0205664
9.09827 0.0391191 0.018322
9.13071 0.0395921 0.0145808
9.16323 0.0399056 0.00963749
9.1958 0.0400323 0.00389239
9.2284 0.0399599 -0.00222056
9.26109 0.0396929 -0.00816982
9.29381 0.0392545 -0.0133961
9.32651 0.0386836 -0.0174611
9.35981 0.0380131 -0.0201317
9.39311 0.0373085 -0.0211583
9.42614 0.03663 -0.0205416
9.46007 0.0360078 -0.0183359
9.49458 0.0355016 -0.0146718
9.52911 0.035162 -0.00983226
9.56381 0.0350182 -0.00414535
9.59835 0.0350836 0.00189377
9.63282 0.0353525 0.00780026
9.66739 0.0358051 0.0130928
9.70117 0.0363861 0.0171944
9.73432 0.0370451 0.0198809
9.76703 0.0377324 0.021015
9.79953 0.0383996 0.0205263
9.8321 0.0389992 0.0184097
9.86458 0.0394794 0.0147832
9.89714 0.0398027 0.00993317
9.92974 0.0399414 0.0042525
9.96238 0.0398816 -0.00183008
9.99509 0.0396268 -0.00779059
10.0278 0.0391995 -0.0130605
10.0605 0.0386368 -0.0172034
10.0939 0.0379708 -0.0199746
10.1272 0.0372674 -0.0211114
10.1604 0.0365841 -0.0205964
10.1943 0.0359568 -0.018484
10.2288 0.0354429 -0.0149059
10.2633 0.0350926 -0.0101309
10.298 0.0349369 -0.00448831
10.3326 0.0349899 0.00153676
10.3671 0.0352472 0.00745963
10.4016 0.0356896 0.0128
10.4355 0.0362646 0.0169791
10.4687 0.0369208 0.0197567
10.5015 0.0376082 0.0209885
10.534 0.0382786 0.0206001
10.5666 0.0388847 0.0185865
10.5991 0.0393741 0.0150511
10.6317 0.039709 0.010274
10.6643 0.0398606 0.00464839
10.697 0.0398145 -0.00140948
10.7298 0.0395729 -0.00738023
10.7625 0.0391577 -0.0126862
10.7952 0.0386049 -0.0168943
10.8286 0.0379454 -0.0197494
10.8619 0.0372459 -0.0209787
10.8953 0.0365613 -0.0205508
10.9292 0.0359328 -0.0185201
10.9637 0.0354152 -0.0150176
10.9983 0.0350587 -0.0103059
11.033 0.0348953 -0.00470925
11.0675 0.0349399 0.00129201
11.102 0.0351888 0.00721452
11.1366 0.0356237 0.0125786
11.1705 0.0361937 0.0168055
11.2038 0.036847 0.0196419
11.2366 0.0375336 0.0209387
11.2691 0.0382053 0.0206188
11.3018 0.0388146 0.0186773
11.3343 0.0393095 0.0152058
11.3669 0.0396514 0.01048
11.3995 0.039811 0.00490233
11.4322 0.0397738 -0.00113693
11.4649 0.0395407 -0.00711666
11.4977 0.0391331 -0.0124518
11.5304 0.038586 -0.0167112
11.5638 0.0379297 -0.0196329
11.5972 0.0372312 -0.0209341
11.6306 0.0365436 -0.0205754
11.6645 0.0359127 -0.0186139
11.699 0.0353897 -0.0151757
11.7336 0.0350257 -0.0105152
11.7683 0.0348536 -0.00495751
11.8029 0.034889 0.00102312
11.8374 0.0351287 0.00694421
11.872 0.035555 0.012328
11.9059 0.0361188 0.016596
11.9393 0.0367677 0.0194833
11.9721 0.037452 0.020837
12.0047 0.038123 0.0205779
12.0373 0.0387335 0.0187001
12.0699 0.0392316 0.0152876
12.1026 0.0395781 0.0106114
12.1351 0.0397433 0.00508136
12.1678 0.0397128 -0.000933416
12.2006 0.0394863 -0.00691137
12.2334 0.0390846 -0.012263
12.2661 0.0385422 -0.0165581
12.2996 0.0378884 -0.0195286
12.333 0.0371909 -0.020883
12.3665 0.0365017 -0.0205763
12.4002 0.0358716 -0.0186773
12.4347 0.0353446 -0.0152939
12.4693 0.0349747 -0.0106737
12.5041 0.034796 -0.00514728
12.5386 0.0348243 0.000817767
12.5732 0.035057 0.0067395
12.6077 0.0354769 0.0121412
12.6418 0.0360364 0.0164459
12.6751 0.0366827 0.0193781
12.708 0.037366 0.0207813
12.7406 0.0380376 0.0205748
12.7733 0.0386503 0.0187521
12.8059 0.0391524 0.0153929
12.8386 0.039504 0.0107598
12.8711 0.0396753 0.00526961
12.9039 0.0396517 -0.000722352
12.9367 0.039432 -0.00669618
12.9695 0.0390368 -0.0120598
13.0022 0.0384997 -0.0163834
13.0357 0.0378509 -0.0193907
13.0691 0.0371556 -0.0207929
13.1026 0.0364683 -0.0205369
13.1362 0.0358399 -0.0186993
13.1707 0.0353103 -0.0153695
13.2053 0.0349362 -0.0107913
13.2401 0.0347522 -0.00529777
13.2746 0.0347747 0.000648664
13.3092 0.0350014 0.00656713
13.3438 0.0354159 0.011981
13.3778 0.0359716 0.016315
13.4112 0.0366156 0.0192845
13.4441 0.0372979 0.0207295
13.4768 0.0379698 0.0205674
13.5095 0.0385842 0.0187919
13.5422 0.0390895 0.0154782
13.5749 0.0394455 0.0108816
13.6074 0.0396217 0.00542368
13.6401 0.0396037 -0.000551285
13.673 0.0393896 -0.00652307
13.7058 0.0389994 -0.0118996
13.7386 0.0384663 -0.0162505
13.772 0.0378212 -0.0192923
13.8055 0.0371271 -0.0207393
13.8389 0.0364403 -0.0205302
13.8724 0.0358121 -0.0187474
13.9069 0.0352792 -0.0154667
13.9416 0.0349003 -0.0109295
13.9763 0.0347104 -0.005467
14.0109 0.0347264 0.000461647
14.0454 0.0349467 0.00637693
14.08 0.035355 0.0118022
14.1141 0.0359063 0.016165
14.1476 0.0365473 0.0191706
14.1805 0.0372279 0.0206561
14.2132 0.0378995 0.0205377
14.2459 0.0385149 0.018808
14.2786 0.0390227 0.015539
14.3113 0.0393821 0.0109782
14.3438 0.0395625 0.00555403
14.3766 0.0395493 -0.000401184
14.4095 0.0393402 -0.00636809
14.4423 0.0389545 -0.0117536
14.4751 0.0384251 -0.0161273
14.5085 0.0377834 -0.0191987
14.542 0.0370905 -0.0206853
14.5755 0.0364042 -0.0205177
14.6089 0.0357764 -0.0187833
14.6434 0.0352408 -0.0155465
14.678 0.0348578 -0.011046
14.7128 0.0346629 -0.00561131
14.7474 0.0346734 0.000301403
14.7819 0.0348881 0.00621374
14.8165 0.0352912 0.0116493
14.8507 0.0358388 0.0160383
14.8841 0.0364774 0.0190768
14.9171 0.0371569 0.0205992
14.9499 0.0378285 0.0205205
14.9826 0.0384452 0.0188327
15.0153 0.0389556 0.0156049
15.0481 0.0393186 0.0110781
15.0806 0.0395032 0.00568454
15.1134 0.039495 -0.000251158
15.1463 0.0392908 -0.00621295
15.1791 0.0389097 -0.011605
15.212 0.0383841 -0.0159978
15.2454 0.0377462 -0.0190948
15.2789 0.0370548 -0.0206162
15.3124 0.0363696 -0.0204852
15.3457 0.0357428 -0.018794
15.3802 0.0352056 -0.0155965
15.4148 0.0348196 -0.0111294
15.4496 0.0346209 -0.00572128
15.4842 0.0346269 0.000174924
15.5187 0.0348372 0.00608177
15.5533 0.0352359 0.0115229
15.5875 0.0357805 0.0159307
15.621 0.0364169 0.0189944
15.6541 0.0370953 0.0205454
15.6868 0.0377668 0.020498
15.7196 0.0383843 0.018844
15.7523 0.0388966 0.0156494
15.7851 0.0392623 0.0111513
15.8176 0.0394501 0.00578324
15.8505 0.0394457 -0.000135486
15.8833 0.0392453 -0.00609151
15.9162 0.0388679 -0.0114877
15.9491 0.0383453 -0.0158951
15.9825 0.0377101 -0.0190122
16.0161 0.03702 -0.0205611
16.0495 0.0363356 -0.0204599
16.0828 0.0357094 -0.0188031
16.1173 0.0351707 -0.0156378
16.1519 0.0347824 -0.0111987
16.1867 0.0345804 -0.00581345
16.2213 0.0345827 6.74719e-05
16.2559 0.034789 0.00596776
16.2905 0.035184 0.0114108
16.3247 0.0357257 0.0158318
16.3582 0.0363601 0.0189138
16.3913 0.0370371 0.0204861
16.4241 0.037708 0.0204627
16.4569 0.0383256 0.0188353
16.4896 0.038839 0.0156675
16.5224 0.0392063 0.0111934
