t x vx
0.01 0.033 2.27173e-07
0.02 0.033 7.05448e-07
0.126506 0.0329999 -9.57299e-07
0.23295 0.0329993 -5.25991e-06
0.341335 0.0329985 -7.81222e-06
0.453554 0.0329978 -6.19705e-06
0.568713 0.0329978 3.6199e-07
0.686143 0.0329994 1.28148e-05
0.805874 0.0330034 3.34498e-05
0.926785 0.0330102 5.66061e-05
1.04714 0.0330195 7.75587e-05
1.16686 0.0330309 9.49571e-05
1.28603 0.0330428 0.000100139
1.40435 0.0330541 9.51458e-05
1.5222 0.0330641 8.52532e-05
1.63847 0.0330725 7.20309e-05
1.75371 0.0330787 5.3662e-05
1.86839 0.0330821 3.00331e-05
1.9827 0.0330822 6.78379e-07
2.09682 0.0330784 -3.34466e-05
2.21088 0.0330703 -7.08316e-05
2.3249 0.033058 -0.000108467
2.43884 0.0330418 -0.000141579
2.55267 0.0330229 -0.000166068
2.66635 0.0330026 -0.0001788
2.77988 0.0329825 -0.000176714
2.89326 0.0329649 -0.000155403
3.00627 0.0329524 -0.000110739
3.11891 0.0329478 -4.05821e-05
3.23114 0.0329542 5.68703e-05
3.34296 0.0329742 0.00017833
3.45438 0.0330096 0.00031835
3.56539 0.0330618 0.000469766
3.676 0.0331305 0.000621696
3.78624 0.0332142 0.000758828
3.89619 0.0333089 0.000861771
4.00603 0.0334088 0.00090898
4.11566 0.033505 0.000877873
4.22433 0.0335865 0.000749687
4.33278 0.0336415 0.000507405
4.44119 0.0336569 0.000141915
4.54975 0.033619 -0.000349085
4.65836 0.033516 -0.000948557
4.76732 0.0333379 -0.00163421
4.87536 0.0330825 -0.00236411
4.98169 0.0327559 -0.00307192
5.08661 0.0323698 -0.00368028
5.19056 0.0319428 -0.00410673
5.29424 0.0314999 -0.0042719
5.39743 0.0310767 -0.00410158
5.50169 0.0307192 -0.00342862
5.60658 0.0304824 -0.00225831
5.70908 0.0304171 -0.000636741
5.81146 0.0305632 0.00142671
5.91378 0.0309588 0.00386673
6.01379 0.0316131 0.00654276
6.10996 0.0324886 0.00910296
6.20448 0.0335928 0.0116824
6.29584 0.0348687 0.0139644
6.38424 0.0362577 0.0157134
6.47028 0.0376928 0.0166805
6.55233 0.0390611 0.0166755
6.6342 0.0403342 0.0155513
6.71693 0.0414314 0.0132613
6.79779 0.0422422 0.0100278
6.88216 0.0427235 0.0057044
6.96619 0.0427771 0.000637568
7.0481 0.0423751 -0.00490775
7.1285 0.0414929 -0.0109721
7.20595 0.0401731 -0.0170424
7.27994 0.0385025 -0.0225789
7.35133 0.0365369 -0.0275333
7.41781 0.0344257 -0.0317574
7.48519 0.0320307 -0.0355459
7.55336 0.0293983 -0.0386108
7.62011 0.026673 -0.0408287
7.68604 0.0238964 -0.0421145
7.74881 0.021234 -0.0424146
7.80875 0.0187456 -0.0415197
7.8656 0.016509 -0.0393383
7.91933 0.0146036 -0.0354609
7.93946 0.0139156 -0.0341913
7.95846 0.0132947 -0.0326733
7.9743 0.0128027 -0.0310531
7.98939 0.0123647 -0.0290224
