t x vx
0.01 0.032997 -0.00030093
0.02 0.0329906 -0.000640396
0.0531004 0.0329346 -0.00169162
0.0863818 0.0328409 -0.00281509
0.120216 0.0327052 -0.00401081
0.155364 0.0325199 -0.00527329
0.191232 0.0322845 -0.00656097
0.227216 0.0320068 -0.00771687
0.26283 0.031698 -0.00867121
0.298894 0.0313603 -0.0093651
0.335019 0.0310078 -0.00975665
0.370739 0.0306586 -0.00977732
0.405843 0.0303283 -0.00940772
0.440563 0.0300247 -0.00874377
0.474719 0.0297584 -0.00779705
0.508611 0.0295367 -0.00654167
0.542081 0.0293678 -0.00504559
0.57537 0.029259 -0.00327078
0.608427 0.0292176 -0.00125116
0.641226 0.0292492 0.000964666
0.673645 0.029356 0.00329332
0.705823 0.0295387 0.00567663
0.737823 0.0297958 0.00803382
0.769692 0.0301234 0.0102823
0.80154 0.0305153 0.0123038
0.833518 0.030962 0.0139705
0.865753 0.0314508 0.0151635
0.898333 0.0319655 0.0157967
0.931324 0.0324869 0.0158057
0.964414 0.0329879 0.0151395
0.996966 0.0334373 0.0138065
1.02891 0.0338173 0.0118947
1.06032 0.0341144 0.00946011
1.09133 0.0343186 0.00658355
1.12195 0.0344226 0.00339539
1.15167 0.0344249 8.02205e-05
1.1814 0.0343288 -0.00323345
1.21117 0.0341377 -0.00641957
1.24081 0.0338616 -0.00931417
1.27065 0.0335139 -0.0116567
1.3002 0.0331242 -0.0131854
1.32968 0.0327161 -0.0138434
1.35932 0.032312 -0.0136344
1.38876 0.0319434 -0.0125197
1.41796 0.0316369 -0.0104979
1.44712 0.031414 -0.00764225
1.47566 0.0312994 -0.00401304
1.50474 0.0313113 0.000406306
1.53493 0.0314741 0.00539243
1.56443 0.031781 0.0104052
1.59409 0.0322271 0.0150409
1.623 0.0327729 0.0188778
1.65133 0.0333894 0.0217625
1.67961 0.0340546 0.0235196
1.70772 0.0347284 0.0239756
1.73521 0.0353624 0.0230577
1.76161 0.0359153 0.0209468
1.78744 0.0363739 0.017751
1.81322 0.0367244 0.0135972
1.84033 0.0369489 0.0082823
1.86773 0.0370095 0.00221236
1.89616 0.0368779 -0.0046283
1.92546 0.0365379 -0.0116046
1.95477 0.0360066 -0.0181287
1.98397 0.0353182 -0.0235736
2.01279 0.0345233 -0.0275854
2.04222 0.0336391 -0.0300409
2.07176 0.0327321 -0.0307057
2.09995 0.0318925 -0.0297794
2.12752 0.0311387 -0.0273449
2.1563 0.0304678 -0.0233095
2.18598 0.0299447 -0.017628
2.21352 0.029638 -0.0111359
2.24167 0.0295308 -0.00380817
2.27262 0.0296681 0.00443662
2.30249 0.0300344 0.0122624
2.33398 0.0306491 0.0195228
2.36349 0.0313875 0.0250212
2.39333 0.0322488 0.0288693
2.42324 0.0331701 0.0307956
2.45274 0.0340794 0.03082
2.48186 0.0349212 0.0289082
2.5107 0.0356548 0.0254398
2.53822 0.0362178 0.020458
2.56596 0.0366094 0.014114
2.59534 0.0368005 0.00650715
2.62559 0.0367421 -0.00192887
2.65708 0.0364075 -0.0106286
2.68739 0.0358492 -0.0184174
2.71791 0.0350862 -0.0249956
2.74898 0.0341587 -0.0298564
2.77809 0.0332088 -0.0326267
2.80842 0.0321938 -0.0334756
2.83811 0.031233 -0.0323606
2.86579 0.0304119 -0.0296605
2.89484 0.0296815 -0.0251376
2.92303 0.0291449 -0.019038
2.95308 0.0288088 -0.0111834
2.98454 0.0287394 -0.00220673
3.01653 0.028967 0.00711432
3.04612 0.0294294 0.0156276
3.07663 0.0301409 0.0233275
3.10686 0.0310317 0.0294641
3.13625 0.0320215 0.03367
3.16483 0.0330479 0.0359232
3.19348 0.0340895 0.0363469
3.22186 0.0350785 0.0348584
3.25107 0.0359951 0.0313739
3.27881 0.0367284 0.0264313
3.30711 0.037291 0.0198817
3.33746 0.037649 0.0117955
3.36849 0.0377384 0.00288119
3.39895 0.0375535 -0.00607099
3.43088 0.0370789 -0.0148612
3.46075 0.0364234 -0.021948
3.49131 0.0355816 -0.0275475
3.52124 0.0346472 -0.0312133
3.55056 0.0336829 -0.0328941
3.58024 0.0327139 -0.0326492
3.60771 0.0318684 -0.0307771
3.63639 0.031088 -0.0272039
3.66504 0.0304594 -0.0219487
3.69445 0.0300163 -0.0150633
3.72576 0.0298042 -0.0067743
3.75734 0.0298691 0.00205553
3.78701 0.0301755 0.0103247
3.81802 0.0307422 0.0182765
3.84867 0.0315048 0.0248816
3.8796 0.0324223 0.0296612
3.90934 0.0333842 0.0323486
3.93907 0.0343662 0.0330264
3.96851 0.0352978 0.0316496
3.99746 0.0361188 0.0283535
4.02668 0.0367987 0.0232702
4.055 0.0372718 0.0167029
4.08484 0.037535 0.00882035
4.11572 0.0375327 -7.23624e-05
4.14578 0.0372647 -0.00891713
4.17668 0.0367227 -0.0175387
4.20646 0.0359858 -0.0247485
4.23716 0.0350489 -0.0305144
4.26591 0.0340645 -0.0342478
4.29542 0.0329998 -0.0360696
4.32431 0.0319612 -0.0359564
4.35147 0.0310326 -0.0341897
4.38 0.0301563 -0.0307099
4.4088 0.0294229 -0.0254671
4.43805 0.0288789 -0.0185965
4.47051 0.0285596 -0.00983748
4.50005 0.0285242 -0.00119594
4.53026 0.0287539 0.00760173
4.56127 0.0292543 0.0161361
4.5923 0.0299821 0.023458
4.62296 0.0308706 0.028976
4.653 0.0318483 0.0325476
4.682 0.0328405 0.03422
4.71097 0.0338285 0.034094
4.73954 0.0347437 0.0320374
4.76864 0.0355656 0.0282444
4.79715 0.0362188 0.0229083
4.82691 0.0366925 0.0159153
4.85781 0.0369347 0.00783806
4.88856 0.0369127 -0.000713527
4.92092 0.036605 -0.00950885
4.95106 0.0360906 -0.0170704
4.98223 0.035361 -0.0234038
5.01347 0.0344895 -0.0278941
5.0432 0.0335875 -0.0303409
5.07376 0.0326448 -0.0308564
5.10322 0.0317748 -0.0295289
5.13103 0.031035 -0.0266031
5.15999 0.0303995 -0.0219416
5.18839 0.0299518 -0.0157647
5.2195 0.0297084 -0.00782219
5.25072 0.0297336 0.000804715
5.28164 0.0300248 0.00941857
5.31323 0.0305842 0.0177101
5.34412 0.031349 0.0247545
5.37513 0.0322802 0.0300329
5.40472 0.0332635 0.0332241
5.43449 0.0342884 0.0344288
5.46404 0.0352818 0.0336228
5.49307 0.0361746 0.0307566
5.52296 0.0369526 0.0260281
5.55116 0.0375117 0.0198215
5.58011 0.037867 0.0122713
5.61116 0.0379746 0.00346656
5.64164 0.0378044 -0.00558259
5.67347 0.0373368 -0.0146952
5.70318 0.0366742 -0.022302
5.73403 0.0357906 -0.028633
5.76358 0.0348156 -0.0330015
5.79311 0.0337691 -0.0354359
5.82215 0.032726 -0.035922
5.84959 0.0317721 -0.0347545
5.87744 0.030881 -0.0319979
5.90554 0.0301056 -0.027598
5.9341 0.0294876 -0.021637
5.96573 0.029053 -0.0137394
5.99766 0.028891 -0.00507607
6.0291 0.0290086 0.00373841
6.05887 0.0293609 0.0118364
6.09037 0.0299727 0.0194249
6.12077 0.0307427 0.0253217
6.15141 0.0316458 0.0294777
6.18128 0.0325924 0.031692
6.21121 0.0335524 0.0320746
6.24103 0.0344604 0.0304476
6.27091 0.0352696 0.0270866
6.29921 0.0359011 0.0223124
6.32796 0.0363612 0.0160031
6.35888 0.036617 0.00827371
6.39025 0.036612 -0.000158555
6.42218 0.0363319 -0.00877339
6.45319 0.035817 -0.0166064
6.48447 0.0350907 -0.0232184
6.5158 0.0342106 -0.0280913
6.54581 0.0332813 -0.0309659
6.57642 0.0323055 -0.0318793
6.60651 0.0313756 -0.0309044
6.63463 0.0305804 -0.0282752
6.66404 0.0298797 -0.0238293
6.69269 0.0293696 -0.0178022
6.72305 0.029063 -0.0100985
6.75391 0.0290165 -0.00150863
6.78645 0.0292662 0.0076755
6.8172 0.0297635 0.0161711
6.84858 0.0305102 0.0237998
6.8794 0.0314259 0.0297048
6.90932 0.0324305 0.0335733
6.93873 0.033474 0.0354824
6.96793 0.0345099 0.0354832
6.99649 0.035468 0.0335396
7.02604 0.0363464 0.0297258
7.05401 0.0370303 0.0244526
7.08275 0.0375348 0.0175576
7.11399 0.0378207 0.00914996
7.14501 0.0378271 0.000207868
7.17721 0.0375385 -0.0089615
7.20734 0.0370272 -0.0169695
7.23808 0.0362973 -0.0237443
7.26884 0.0354117 -0.0287979
7.29829 0.0344731 -0.0318673
7.32837 0.0334795 -0.0330278
7.35726 0.0325445 -0.032366
7.38464 0.0317173 -0.0302108
7.4131 0.0309642 -0.0264619
7.44127 0.030368 -0.0211659
7.47205 0.0299367 -0.0140151
7.50343 0.0297531 -0.00584753
7.53475 0.0298377 0.00269967
7.5649 0.0301615 0.0107372
7.59681 0.0307485 0.0183964
7.62687 0.0314841 0.0244709
7.65798 0.0323815 0.0288449
7.68802 0.0333186 0.0311968
7.71857 0.0342836 0.0315884
7.74868 0.0351834 0.0298889
7.77823 0.035964 0.0264137
7.80744 0.036585 0.0212569
7.83604 0.0370056 0.0147064
7.86707 0.0372126 0.00667123
7.89719 0.0371584 -0.00179937
7.92885 0.0368212 -0.0106486
7.95848 0.0362734 -0.0184865
7.98962 0.0354825 -0.025403
8.02079 0.0345298 -0.0305652
8.0508 0.0335191 -0.0336748
8.08086 0.0324729 -0.0348097
8.11022 0.031472 -0.0340799
8.13776 0.0305963 -0.0317997
8.16648 0.0297977 -0.027806
8.19486 0.0291669 -0.0222335
8.22542 0.0287151 -0.014779
8.25744 0.0285205 -0.00607834
8.28857 0.0286084 0.00282159
8.31794 0.0289348 0.0111143
8.35012 0.0295565 0.0193226
8.37961 0.0303155 0.0257358
8.41059 0.0312642 0.0306157
8.44013 0.0322522 0.0334508
8.46994 0.0332798 0.0344712
8.49908 0.0342601 0.0336419
8.528 0.0351574 0.0310247
8.55612 0.0359159 0.0269744
8.58435 0.0365213 0.0214492
8.61494 0.0369555 0.014195
8.64539 0.0371438 0.00618299
8.6761 0.037077 -0.00217598
8.70798 0.036737 -0.0106637
8.73709 0.0362206 -0.0177443
8.76882 0.0354621 -0.0239004
8.80058 0.0345691 -0.0281206
8.83119 0.0336425 -0.0302647
8.86212 0.0326995 -0.0304885
8.89118 0.0318556 -0.0290457
8.91949 0.031117 -0.0260918
8.94847 0.0304942 -0.0214882
8.97729 0.0300509 -0.0153806
9.00908 0.0298101 -0.00757669
9.04129 0.0298411 0.000964019
9.07177 0.0301179 0.0090827
9.10348 0.0306569 0.0169938
9.13498 0.0314034 0.0237003
9.16671 0.032312 0.028634
9.19692 0.0332631 0.0314866
9.22751 0.0342534 0.0323696
9.25765 0.0351941 0.0312124
9.28735 0.0360312 0.028186
9.31731 0.0367313 0.0233674
9.34617 0.0372238 0.0170696
9.37613 0.0375067 0.00944053
9.40706 0.0375333 0.000858907
9.43765 0.0372929 -0.00785834
9.46937 0.036772 -0.0164239
9.50001 0.0360488 -0.0235975
9.53084 0.0351472 -0.0292464
9.56054 0.0341676 -0.0329846
9.59057 0.0331229 -0.0347844
9.62042 0.0320888 -0.0346415
9.64802 0.0311806 -0.0329088
9.67694 0.0303271 -0.0295151
9.70565 0.0296234 -0.024509
9.7355 0.0290931 -0.017761
9.76784 0.0287886 -0.00941832
9.7984 0.0287613 -0.000893528
9.82851 0.0289873 0.00750374
9.85973 0.0294765 0.0156685
9.89118 0.0301915 0.0227376
9.92262 0.0310722 0.0280104
9.95324 0.0320295 0.031262
9.98349 0.0330159 0.0326088
10.013 0.0339641 0.0320996
10.0421 0.0348297 0.0297598
10.0713 0.0355832 0.025835
10.0998 0.0361659 0.0204513
10.1302 0.036577 0.0135024
10.1607 0.0367525 0.00576209
10.1914 0.0366807 -0.0023358
10.2237 0.0363365 -0.0106438
10.2538 0.0358065 -0.0176447
10.286 0.0350466 -0.0235979
10.318 0.0341625 -0.02757
10.3492 0.0332406 -0.0295222
10.3803 0.032321 -0.0295798
10.4098 0.0314976 -0.0279485
10.4386 0.0307848 -0.0247567
10.4681 0.0301972 -0.0199029
10.4973 0.0297993 -0.0136456
10.5291 0.0296148 -0.00579871
10.5604 0.029693 0.00249897
10.5906 0.0300107 0.0105129
10.6229 0.0306021 0.018314
10.6532 0.0313493 0.0246251
10.6853 0.0322927 0.0294086
10.7153 0.033257 0.0320935
10.7461 0.034267 0.0328647
10.7764 0.0352253 0.031621
10.8062 0.0360774 0.0285709
10.8361 0.0367877 0.0237708
10.8651 0.0372937 0.017454
10.8956 0.0375894 0.00967953
10.9269 0.0376212 0.00101748
10.9579 0.0373806 -0.00776806
10.9892 0.0368752 -0.0161656
11.0201 0.0361545 -0.0232826
11.051 0.0352642 -0.0288104
11.0811 0.0342901 -0.0324308
11.1113 0.0332571 -0.0341159
11.141 0.0322531 -0.0338789
11.1685 0.0313685 -0.032092
11.1974 0.0305412 -0.0286564
11.2259 0.0298662 -0.0236656
11.2562 0.0293559 -0.0168638
11.2884 0.0290781 -0.00862493
11.3199 0.0290774 -2.31074e-05
11.3501 0.0293249 0.00819179
11.3815 0.0298307 0.0161324
11.4127 0.0305446 0.0228751
11.4442 0.0314206 0.0278502
11.4747 0.0323624 0.0307985
11.5052 0.0333315 0.0318389
11.535 0.0342532 0.0309549
11.5642 0.035082 0.0282968
11.5934 0.0357833 0.0240541
11.6219 0.036306 0.0183672
11.6528 0.036651 0.011146
11.6838 0.0367507 0.00321814
11.7147 0.0365962 -0.00498658
11.7473 0.0361653 -0.0132217
11.7774 0.0355659 -0.0199703
11.8093 0.0347513 -0.0254862
11.8402 0.0338544 -0.0290023
11.8713 0.0329052 -0.030601
11.9023 0.0319663 -0.0302839
11.9313 0.031145 -0.0283075
11.9603 0.0304266 -0.0247137
11.9896 0.0298571 -0.0195
12.0191 0.0294793 -0.0127835
12.051 0.0293308 -0.00465379
12.0821 0.0294473 0.00374957
12.1109 0.02978 0.0115559
12.1429 0.0303995 0.0193421
12.1721 0.0311421 0.0254365
12.2032 0.032077 0.0301161
12.233 0.0330565 0.0327877
12.2633 0.0340743 0.0335748
12.2933 0.035044 0.0324018
12.3226 0.0359094 0.0294836
12.3518 0.0366373 0.0249358
12.3804 0.0371784 0.0189102
12.4115 0.0375268 0.0112253
12.4426 0.0376128 0.00275881
12.4736 0.0374305 -0.0058985
12.5059 0.0369617 -0.0145165
12.537 0.0362824 -0.0217772
12.5681 0.0354316 -0.0274006
12.5984 0.0344873 -0.0311448
12.6287 0.0334884 -0.0329689
12.6588 0.0324997 -0.0328852
12.6866 0.0316281 -0.0312811
12.7157 0.030813 -0.0280726
12.7444 0.0301432 -0.0232804
12.7743 0.0296416 -0.0167898
12.8064 0.0293581 -0.00883153
12.8384 0.029347 -0.000346102
12.8688 0.0295819 0.00773431
12.9003 0.0300705 0.0155366
12.9319 0.0307723 0.0222227
12.9636 0.0316359 0.0271656
12.9945 0.0325652 0.0301029
13.0252 0.0335184 0.0311108
13.0553 0.0344271 0.0301478
13.0849 0.0352404 0.0274483
13.1145 0.0359234 0.0231143
13.1432 0.0364211 0.0173529
13.174 0.0367336 0.0101186
13.2051 0.0368009 0.0021703
13.2362 0.0366127 -0.00604397
13.2688 0.036151 -0.0141742
13.3001 0.0354921 -0.0209986
13.332 0.0346558 -0.0262457
13.363 0.0337398 -0.0295428
13.3938 0.0327886 -0.0309043
13.4245 0.0318547 -0.0304081
13.4532 0.0310419 -0.0282879
13.4827 0.0303202 -0.0245062
13.5116 0.0297645 -0.0192122
13.5415 0.0293941 -0.012378
13.5733 0.0292589 -0.00425109
13.6048 0.0293902 0.00417771
13.6337 0.0297359 0.0119375
13.6661 0.0303712 0.0196409
13.6953 0.0311179 0.0255581
13.7268 0.0320652 0.0300359
13.7569 0.0330416 0.0324798
13.7873 0.0340467 0.0330924
13.8173 0.0349996 0.0317353
13.8467 0.0358448 0.0287098
13.8756 0.036542 0.0241403
13.9042 0.0370593 0.0180815
13.9362 0.0373871 0.010248
13.9675 0.0374456 0.00187017
13.9986 0.0372379 -0.00667371
14.0304 0.0367629 -0.0149478
14.0619 0.0360666 -0.0220557
14.0931 0.0352127 -0.0274037
14.124 0.0342603 -0.0308633
14.1545 0.0332713 -0.0323492
14.1845 0.0323137 -0.0319863
14.2125 0.0314702 -0.0301419
14.2416 0.0306919 -0.0266987
14.2702 0.0300705 -0.0217244
14.3007 0.0296141 -0.0149939
14.3326 0.02939 -0.00700471
14.3644 0.0294338 0.00137999
14.3952 0.0297211 0.00933923
14.4273 0.0302675 0.0170033
14.4577 0.0309707 0.0231685
14.4892 0.0318468 0.0277617
14.5199 0.0327796 0.0303776
14.5508 0.0337402 0.0310809
14.5814 0.0346509 0.0297802
14.6114 0.0354549 0.0268257
14.6407 0.0361105 0.0223451
14.6696 0.0365841 0.0164192
14.7016 0.0368675 0.00885932
14.7329 0.0368926 0.000801789
14.7645 0.0366544 -0.00751552
14.7962 0.0361703 -0.0152894
14.8285 0.0354584 -0.0220451
14.8601 0.0346066 -0.0269671
14.8916 0.0336617 -0.0299921
14.9226 0.0327011 -0.0310122
14.9529 0.0317847 -0.0302519
14.9813 0.0309897 -0.0279209
15.011 0.0302811 -0.0239203
15.0397 0.029751 -0.0184595
15.0707 0.0293997 -0.0113312
15.1026 0.029299 -0.00315609
