t x vx
0.01 0.0330002 1.63977e-05
0.02 0.0330004 2.05044e-05
0.0527255 0.0330014 3.25302e-05
0.0857296 0.0330026 3.46127e-05
0.119385 0.0330038 3.78459e-05
0.154209 0.0330053 4.24243e-05
0.189882 0.0330061 2.23769e-05
0.226337 0.0330058 -9.43979e-06
0.263483 0.0330049 -2.47301e-05
0.300718 0.0330043 -1.45315e-05
0.337773 0.0330058 3.91948e-05
0.37458 0.033009 8.68458e-05
0.410976 0.0330115 7.05661e-05
0.446479 0.0330103 -3.35085e-05
0.4815 0.0330046 -0.000165488
0.516576 0.0329944 -0.000289299
0.551457 0.0329805 -0.000398999
0.586072 0.0329638 -0.000480693
0.620493 0.032946 -0.000517253
0.654777 0.0329292 -0.000490097
0.688933 0.0329162 -0.000381519
0.722953 0.03291 -0.000183555
0.756838 0.032914 0.000120385
0.790603 0.0329315 0.000518102
0.824119 0.0329644 0.000979027
0.857409 0.0330136 0.00147921
0.890511 0.0330797 0.00199702
0.923459 0.0331629 0.0025244
0.956281 0.0332631 0.00305375
0.989001 0.03338 0.00357111
1.02165 0.033513 0.00407406
1.05426 0.0336607 0.00452945
1.08688 0.0338209 0.00491259
1.1195 0.0339906 0.00520165
1.15212 0.0341661 0.00537974
1.18473 0.0343432 0.00542994
1.21732 0.0345169 0.00533127
1.24987 0.0346816 0.00505989
1.28235 0.0348309 0.00459706
1.31478 0.0349591 0.00395195
1.34717 0.0350607 0.00313686
1.37932 0.0351304 0.00216837
1.41108 0.0351651 0.00109227
1.44223 0.0351631 -6.52299e-05
1.47295 0.0351245 -0.00125444
1.50393 0.0350491 -0.00243346
1.53502 0.0349384 -0.00356147
1.56608 0.0347954 -0.00460439
1.59727 0.0346235 -0.00551188
1.6284 0.0344297 -0.00622579
1.65959 0.0342208 -0.00669844
1.69112 0.0340039 -0.0068756
1.72271 0.0337907 -0.00675007
1.75343 0.0335958 -0.0063455
1.78469 0.0334179 -0.00569185
1.81597 0.0332666 -0.00483501
1.8476 0.0331444 -0.00386342
1.87989 0.0330523 -0.00285169
1.91129 0.0329927 -0.00190072
1.94242 0.0329595 -0.00106446
1.97279 0.0329449 -0.000480071
2.00269 0.0329389 -0.000201393
2.03417 0.0329316 -0.000233617
2.06571 0.0329141 -0.000552394
2.09789 0.0328753 -0.00120632
2.13011 0.0328058 -0.00215933
2.16131 0.0327021 -0.00332335
2.19167 0.0325628 -0.00458766
2.22202 0.0323853 -0.00584703
2.25212 0.0321754 -0.00697386
2.28235 0.0319367 -0.00789622
2.31314 0.0316747 -0.00850986
2.34427 0.031405 -0.008663
2.37494 0.0311522 -0.00824107
2.4051 0.0309341 -0.00723377
2.43534 0.0307729 -0.00533084
2.46536 0.0306876 -0.00284083
2.49496 0.0306927 0.000172279
2.52386 0.0307915 0.00341948
2.55232 0.0309878 0.00689515
2.58153 0.0312939 0.0104828
2.61046 0.031692 0.0137558
2.6389 0.0321631 0.0165681
2.66704 0.0326899 0.0187234
2.69667 0.0332873 0.0201611
2.72662 0.033906 0.0206575
2.75651 0.0345073 0.0201118
2.78608 0.0350567 0.0185838
2.81439 0.0355144 0.0161688
2.84189 0.0358731 0.0130428
2.8696 0.0361279 0.00919551
2.89845 0.036266 0.00478732
2.9286 0.0362641 -6.56099e-05
2.95855 0.0361171 -0.00490807
2.98924 0.0358365 -0.00913918
3.02026 0.0354541 -0.0123287
3.05173 0.0350075 -0.0141901
3.08314 0.034552 -0.0145022
3.11393 0.0341419 -0.013322
3.14405 0.0338166 -0.0107973
3.17435 0.0336045 -0.00700175
3.20427 0.03354 -0.00215706
3.23403 0.033645 0.00352821
3.26423 0.0339374 0.00968141
3.29481 0.0344135 0.0155693
3.32675 0.0350748 0.020703
3.35685 0.03581 0.0244292
3.38842 0.0366508 0.0266327
3.41946 0.0374847 0.0268614
3.45003 0.0382533 0.0251394
3.48075 0.0389087 0.0213405
3.51129 0.0393865 0.0156435
3.54157 0.0396442 0.00851155
3.57084 0.0396646 0.000696457
3.60017 0.039441 -0.00762474
3.6288 0.0389993 -0.0154284
3.65757 0.0383614 -0.0221707
3.68606 0.0375812 -0.027386
3.71375 0.0367278 -0.0308199
3.7421 0.0358087 -0.0324261
3.76971 0.0349218 -0.0321148
3.7961 0.0341234 -0.0302527
3.82276 0.0334107 -0.0267316
3.85046 0.0328161 -0.0214692
3.87938 0.0323901 -0.0147339
3.9089 0.0321862 -0.00690267
3.9399 0.0322327 0.00150073
3.97007 0.0325185 0.00947188
3.99933 0.0329968 0.0163434
4.03086 0.0336896 0.0219728
4.05995 0.0344301 0.0254554
4.09079 0.0352613 0.0269506
4.12138 0.0360582 0.0260583
4.15145 0.0367522 0.0230729
4.18134 0.0372886 0.0179517
4.21129 0.037624 0.0111978
4.23998 0.0377299 0.00368899
4.26847 0.0376053 -0.00437343
4.29916 0.0372104 -0.0128663
4.32805 0.0366305 -0.0200768
4.35809 0.0358533 -0.0258673
4.38677 0.0350012 -0.0297129
4.41565 0.0340883 -0.0316137
4.44463 0.0331786 -0.0313839
4.47332 0.0323439 -0.0290981
4.49994 0.0316682 -0.0253826
4.5283 0.0311066 -0.0197996
4.55707 0.0307399 -0.0127472
4.58622 0.0306047 -0.00463775
4.61716 0.0307348 0.0042036
4.64733 0.0311203 0.0127779
4.67691 0.0317152 0.0201127
4.70649 0.032485 0.0260215
4.73718 0.0334103 0.0301456
4.76737 0.0343749 0.0319617
4.7975 0.035325 0.0315262
4.82646 0.036163 0.0289332
4.85504 0.0368624 0.0244763
4.88494 0.0374017 0.0180379
4.9133 0.0377017 0.0105768
4.94218 0.0377694 0.00234391
4.96952 0.037613 -0.00571966
5.00029 0.0371792 -0.0140997
5.02837 0.0365992 -0.0206558
5.05821 0.03583 -0.0257725
5.08721 0.0349934 -0.0288525
5.11683 0.0341095 -0.0298365
5.14548 0.0332888 -0.0286546
5.17311 0.032581 -0.0256081
5.19963 0.0320264 -0.0209181
5.22732 0.0316204 -0.0146622
5.25589 0.0314197 -0.00702462
5.28465 0.031458 0.00133149
5.31389 0.0317417 0.009699
5.34169 0.0322219 0.0172766
5.37178 0.0329439 0.0239987
5.40049 0.0337733 0.0288875
5.43081 0.0347428 0.0319767
5.46061 0.0357176 0.0327012
5.49033 0.0366423 0.0311228
5.51912 0.0374373 0.027612
5.54788 0.0380716 0.0220523
5.57774 0.0385098 0.014679
5.60655 0.0386969 0.00649307
5.63436 0.0386424 -0.00196144
5.66442 0.0383133 -0.0109462
5.69245 0.0377898 -0.0186725
5.72251 0.0370367 -0.025061
5.75112 0.0361943 -0.0294356
5.77966 0.035287 -0.0318012
5.80812 0.034373 -0.0321046
5.83639 0.0335143 -0.0303753
5.86259 0.0328041 -0.0271097
5.89045 0.0321937 -0.0219154
5.91898 0.0317595 -0.0152161
5.94775 0.0315467 -0.00739715
5.97715 0.0315792 0.0011052
6.0071 0.0318655 0.00955921
6.03472 0.0323325 0.0169105
6.06527 0.0330499 0.0234841
6.09407 0.0338569 0.0280134
6.12486 0.0348013 0.030673
6.15533 0.035744 0.0309447
6.18513 0.0366063 0.0289308
6.21442 0.037336 0.024917
6.24346 0.0378868 0.018965
6.27294 0.0382243 0.0114481
6.30158 0.0383189 0.0033023
6.33037 0.0381683 -0.00523093
6.36134 0.0377347 -0.0140025
6.38942 0.0371446 -0.0210097
6.41907 0.0363571 -0.0265579
6.44748 0.0355024 -0.0300836
6.47684 0.0345743 -0.0316155
6.50525 0.0336951 -0.0309531
6.53333 0.0328978 -0.0283936
6.55951 0.0322619 -0.024283
6.5873 0.0317506 -0.0184027
6.61661 0.0314309 -0.0109068
6.64599 0.0313516 -0.00269887
6.67583 0.0315235 0.00576339
6.70622 0.0319488 0.0139946
6.73599 0.0325706 0.0208793
6.76558 0.0333448 0.0261706
6.79638 0.0342575 0.0296341
6.82666 0.0351891 0.0307625
6.85678 0.0360804 0.0295973
6.88614 0.0368557 0.0263981
6.91526 0.0374695 0.0210807
6.94559 0.0378889 0.0138273
6.97432 0.0380531 0.0057183
7.00255 0.0379696 -0.00295938
7.03269 0.037603 -0.012165
7.06199 0.0370059 -0.0203748
7.09224 0.0361844 -0.0271583
7.12116 0.0352627 -0.0318709
7.14995 0.0342674 -0.0345705
7.17873 0.033255 -0.0351852
7.20708 0.0322998 -0.0336874
7.23356 0.0314912 -0.0305397
7.26127 0.0307828 -0.0255641
7.28947 0.0302482 -0.0189575
7.31815 0.0299294 -0.0111112
7.3484 0.0298609 -0.00226566
7.3782 0.0300531 0.0064491
7.40616 0.0304498 0.0141889
7.43703 0.0311026 0.0211444
7.46517 0.0318324 0.0259359
7.49624 0.0327348 0.0290514
7.52671 0.0336426 0.0297859
7.55603 0.0344729 0.0283198
7.58475 0.0351912 0.0250128
7.61364 0.0357603 0.0196983
7.64242 0.0361312 0.012886
7.67088 0.0362799 0.00522363
7.70015 0.0361875 -0.00315603
7.73102 0.0358251 -0.0117372
7.76152 0.0352368 -0.0192957
7.79118 0.0344905 -0.0251554
7.82166 0.0336009 -0.0291848
7.85209 0.0326583 -0.0309849
7.88178 0.031753 -0.0304911
7.91116 0.0309371 -0.0277703
7.93832 0.0303033 -0.0233315
7.96675 0.0298134 -0.0172308
7.99555 0.029536 -0.00963507
8.02443 0.0295003 -0.00123523
8.05329 0.0297123 0.00734547
8.08078 0.0301312 0.0152384
8.11118 0.0308167 0.0225509
8.14003 0.0316225 0.0279274
8.17096 0.0326019 0.0316642
8.20047 0.0335755 0.0329925
8.22975 0.0345203 0.0322698
8.25773 0.0353461 0.029514
8.28604 0.036051 0.0249059
8.31569 0.0365932 0.0182811
8.3447 0.0368964 0.0104532
8.37461 0.0369505 0.00180802
8.40327 0.0367586 -0.00669483
8.43487 0.0362746 -0.0153165
8.4632 0.035654 -0.0219071
8.49403 0.034816 -0.0271814
8.52281 0.033947 -0.0301902
8.55292 0.0330091 -0.0311497
8.58222 0.0321361 -0.029803
8.61023 0.0313923 -0.0265447
8.63715 0.0308103 -0.0216294
8.66488 0.0303867 -0.0152716
8.69334 0.0301705 -0.0075978
8.7229 0.0301965 0.000879655
8.75286 0.0304789 0.00942548
8.78124 0.0309587 0.0169065
8.81174 0.0316746 0.023472
8.84102 0.0324959 0.0280426
8.87167 0.0334367 0.0306987
8.90178 0.0343723 0.0310734
8.93085 0.0352229 0.0292629
8.95931 0.0359513 0.0255924
8.98839 0.0365294 0.0198772
9.01708 0.0368938 0.0127019
9.04578 0.0370277 0.00466458
9.07455 0.0369157 -0.00389147
9.10496 0.0365306 -0.0126675
9.13453 0.0359318 -0.0202443
9.16531 0.0351213 -0.0263388
9.19488 0.034227 -0.0302427
9.22478 0.0332685 -0.0320528
9.25403 0.0323436 -0.0316235
9.28298 0.0315005 -0.0291198
9.30951 0.0308369 -0.0250189
9.33735 0.0303015 -0.0192295
9.36625 0.0299586 -0.0118628
9.39514 0.0298555 -0.00356872
9.42415 0.0299982 0.00491784
9.45398 0.0303943 0.0132802
9.48387 0.0310057 0.0204553
9.51247 0.0317467 0.0259037
9.54325 0.0326627 0.0297664
9.57335 0.0336054 0.0313153
9.6033 0.0345246 0.0306885
9.63203 0.0353274 0.0279458
9.66072 0.0359965 0.0233238
9.69099 0.0365015 0.0166811
9.7201 0.0367624 0.00896268
9.74999 0.0367756 0.000440622
9.7782 0.0365546 -0.00783485
9.80949 0.0360463 -0.0162441
9.8379 0.0354006 -0.0227244
9.86833 0.0345536 -0.0278316
9.89704 0.0336707 -0.0307535
9.92722 0.0327154 -0.0316606
9.95654 0.0318278 -0.0302701
9.98468 0.0310687 -0.0269814
10.0116 0.0304749 -0.0220179
10.0395 0.0300406 -0.0155925
10.0681 0.0298167 -0.00781841
10.0978 0.0298388 0.000746072
10.1277 0.0301199 0.00938631
10.1569 0.0306192 0.017103
10.1871 0.0313354 0.0236953
10.2172 0.0321892 0.0284069
10.2472 0.0331195 0.0310453
10.2771 0.0340629 0.0315044
10.3059 0.0349203 0.0298137
10.334 0.0356596 0.0262522
10.3631 0.0362605 0.0206557
10.3916 0.0366484 0.0136168
10.4203 0.0368102 0.00563235
10.4503 0.0367175 -0.00309622
10.4809 0.036356 -0.0118121
10.5113 0.0357644 -0.0194798
10.5411 0.0350042 -0.0254385
10.571 0.0341245 -0.0294176
10.6013 0.0331787 -0.0312264
10.6306 0.0322778 -0.0307699
10.6598 0.0314558 -0.0282037
10.6865 0.0308144 -0.0240189
10.7145 0.0303056 -0.0181738
10.7435 0.0299933 -0.0107601
10.7724 0.029921 -0.00249738
10.8009 0.0300875 0.00583977
10.8298 0.0304901 0.0139498
10.86 0.0311279 0.0211245
10.8884 0.0318807 0.0264747
10.9194 0.0328177 0.0302626
10.9494 0.033768 0.0317024
10.9794 0.0346979 0.0309821
11.0081 0.035506 0.0281716
11.0368 0.0361795 0.0234673
11.0671 0.0366877 0.0167352
11.0964 0.0369486 0.00891585
11.1264 0.0369581 0.000315089
11.1545 0.0367327 -0.00800559
11.1857 0.0362194 -0.0164436
11.2142 0.0355656 -0.0229554
11.2446 0.0347122 -0.0280442
11.2736 0.033816 -0.0309163
11.3037 0.0328626 -0.0317266
11.3328 0.0319798 -0.0302841
11.3607 0.0312276 -0.0269979
11.3877 0.0306321 -0.0220257
11.4156 0.0301969 -0.0155806
11.4443 0.0299727 -0.00783666
11.474 0.0299938 0.000707687
11.5039 0.0302725 0.00930332
11.5327 0.0307585 0.0168995
11.5633 0.031479 0.0235236
11.593 0.032316 0.0281644
11.6234 0.0332514 0.0307945
11.6535 0.0341905 0.0311919
11.6825 0.0350442 0.0294454
11.7109 0.0357776 0.0258102
11.7401 0.0363662 0.0201637
11.7687 0.0367401 0.0130863
11.7974 0.0368866 0.00509513
11.8274 0.0367782 -0.0036232
11.8579 0.0364021 -0.0123099
11.888 0.035803 -0.0198918
11.9185 0.0350151 -0.0258622
11.9484 0.0341263 -0.0297229
11.9787 0.0331752 -0.0314402
12.0081 0.0322643 -0.0309085
12.0373 0.0314383 -0.0282852
12.064 0.0307961 -0.0240674
12.092 0.0302872 -0.0182031
12.1211 0.0299738 -0.0107568
12.1502 0.0299017 -0.00248296
12.1788 0.030069 0.00584843
12.2075 0.0304682 0.0138803
12.2378 0.031103 0.0210024
12.2662 0.0318515 0.0262808
12.2974 0.0327846 0.0299927
12.3275 0.0337293 0.0313269
12.3575 0.034644 0.0304992
12.3862 0.0354373 0.0276201
12.415 0.0360941 0.0228406
12.4452 0.036581 0.0161245
12.4743 0.0368247 0.00836224
12.5045 0.0368178 -0.000230423
12.5326 0.0365797 -0.00847031
12.5637 0.0360567 -0.0167795
12.5925 0.0353896 -0.0231979
12.623 0.0345322 -0.0281294
12.6522 0.0336314 -0.0308475
12.6822 0.0326857 -0.0314773
12.7115 0.0318123 -0.0298784
12.7393 0.0310765 -0.026456
12.7665 0.0304952 -0.021358
12.7946 0.0300802 -0.0147846
12.8232 0.0298807 -0.00697729
12.853 0.0299282 0.00159134
12.8836 0.0302414 0.0102581
12.9136 0.0307798 0.0179209
12.9436 0.0315075 0.0242363
12.9741 0.0323843 0.0287527
13.004 0.0333115 0.0310546
13.0344 0.0342615 0.0312199
13.0633 0.0351055 0.029229
13.0917 0.0358273 0.0253628
13.1213 0.0364034 0.0194551
13.1498 0.0367524 0.0122466
13.1788 0.0368727 0.00414928
13.2088 0.0367365 -0.00454603
13.2384 0.0363542 -0.0129327
13.268 0.0357528 -0.0202636
13.2997 0.0349244 -0.0261572
13.3295 0.0340391 -0.02969
13.3597 0.0330988 -0.0311685
13.3892 0.0322008 -0.0303841
13.4185 0.0313944 -0.0275287
13.4453 0.0307765 -0.0230765
13.4732 0.0303003 -0.0170591
13.5023 0.0300233 -0.00952218
13.5316 0.029988 -0.00120585
13.5608 0.0301973 0.0071689
13.5889 0.030614 0.0148477
13.6196 0.0312836 0.0218186
13.6489 0.0320711 0.0268589
13.6802 0.0330138 0.0301247
13.7109 0.0339666 0.0310079
13.7407 0.034851 0.0297181
13.7694 0.0356123 0.0264793
13.7984 0.0362307 0.0213317
13.8281 0.0366592 0.0144285
13.8571 0.0368504 0.00660118
13.8879 0.0367837 -0.00216307
13.9176 0.0364675 -0.010658
13.9484 0.0358955 -0.0185556
13.9784 0.0351542 -0.024747
14.0093 0.0342537 -0.0290836
14.04 0.0333006 -0.0311228
14.0698 0.0323784 -0.0309346
14.0991 0.0315385 -0.0286086
14.1263 0.0308684 -0.0246289
14.1548 0.0303305 -0.0189034
14.1837 0.0299927 -0.0116873
14.2127 0.029891 -0.00350322
14.2419 0.0300345 0.0049074
14.272 0.0304321 0.0132366
14.302 0.0310442 0.0204124
14.331 0.0317956 0.0259252
14.3618 0.0327155 0.0298032
14.3921 0.0336668 0.0313749
14.4223 0.0345942 0.0307748
14.4512 0.0354069 0.0281057
14.4801 0.0360856 0.0235043
14.5105 0.0366004 0.0168969
14.5398 0.0368691 0.00917566
14.5698 0.0368886 0.000651467
14.5981 0.0366721 -0.00764877
14.6295 0.0361681 -0.0160681
14.658 0.0355249 -0.0225616
14.6884 0.0346822 -0.0276619
14.7172 0.0338035 -0.0305381
14.7474 0.0328549 -0.0313955
14.7768 0.0319742 -0.029974
14.805 0.0312235 -0.0266822
14.832 0.0306352 -0.0217426
14.8599 0.0302069 -0.0153352
