t x vx
0.01 0.0330037 0.00036965
0.02 0.0330203 0.00166478
0.0579842 0.0332508 0.00606751
0.0978232 0.0336484 0.00997934
0.143761 0.0342692 0.0135149
0.188383 0.0349853 0.0160474
0.236253 0.0358321 0.0176888
0.285947 0.0367296 0.0180617
0.340783 0.0376576 0.0169231
0.396801 0.0384589 0.0143036
0.453675 0.039049 0.010376
0.507718 0.0393553 0.00566874
0.559615 0.0393789 0.000454789
0.61066 0.0391129 -0.00521253
0.663026 0.0385169 -0.0113814
0.711509 0.0376936 -0.0169813
0.76483 0.036476 -0.0228346
0.813016 0.0351398 -0.0277306
0.861955 0.0335701 -0.0320753
0.910805 0.0318286 -0.0356483
0.958538 0.0299968 -0.0383768
1.00598 0.0280859 -0.0402769
1.05437 0.0260919 -0.0412091
1.10162 0.0241501 -0.0410936
1.14836 0.0222872 -0.0398617
1.19421 0.020573 -0.037382
1.24011 0.0190386 -0.0334326
1.28632 0.0177489 -0.0279056
1.33416 0.0167612 -0.0206482
1.38309 0.0161732 -0.0120177
1.43148 0.0160308 -0.00294339
1.4784 0.0162981 0.00569645
1.52357 0.0169177 0.0137157
1.56636 0.017815 0.0209718
1.60999 0.0190305 0.0278605
1.6501 0.0203873 0.0338232
1.69463 0.0221711 0.0400652
1.73666 0.0240836 0.0455011
1.77799 0.0261675 0.0504128
1.81927 0.0284316 0.0548564
1.85893 0.0307602 0.0587046
1.89791 0.0331797 0.0620798
1.93634 0.035674 0.0649064
1.97486 0.0382627 0.067203
2.01473 0.0410061 0.0688078
2.05446 0.0437709 0.069586
2.09451 0.0465526 0.0694612
2.13305 0.0491892 0.0684093
2.17032 0.051657 0.0662081
2.18415 0.0525751 0.0663872
2.19698 0.0534311 0.0667315
