t x vx
0.01 0.0220012 0.000124213
0.02 0.0220044 0.000316708
0.0864383 0.0221081 0.0015608
0.150448 0.0222773 0.00264286
0.223848 0.0225494 0.00370771
0.30048 0.0229016 0.0045953
0.379517 0.0233162 0.00524561
0.459937 0.0237669 0.00560488
0.541005 0.0242237 0.00563461
0.62221 0.0246548 0.00530912
0.702872 0.0250276 0.00462104
0.782516 0.0253133 0.00358756
0.860868 0.0254894 0.00224702
0.937847 0.0255378 0.000628891
1.0133 0.0254463 -0.0012128
1.08772 0.0252056 -0.00323398
1.1614 0.0248092 -0.00537984
1.23491 0.0242492 -0.00761897
1.3082 0.0235268 -0.00985474
1.37968 0.0226682 -0.0120136
1.4522 0.0216419 -0.0141505
1.52212 0.020515 -0.0161177
1.58847 0.0193292 -0.0178711
1.65078 0.0181212 -0.0193876
1.70954 0.016908 -0.0206471
1.76504 0.0157101 -0.0215866
1.81697 0.014561 -0.0221254
1.86495 0.0134981 -0.0221514
1.88243 0.0131074 -0.0223559
1.89802 0.0127577 -0.0224298
1.91098 0.0124674 -0.0224072
1.92306 0.0121983 -0.0222761
1.9343 0.0119507 -0.0220174
1.94485 0.0117228 -0.0216059
1.95475 0.0115147 -0.0210194
