t x vx
0.01 0.0220003 2.7269e-05
0.02 0.0220006 2.94246e-05
0.0500702 0.022002 4.71e-05
0.0802422 0.0220042 7.25276e-05
0.111743 0.0220076 0.000107757
0.144457 0.0220124 0.000148809
0.178297 0.0220189 0.000192148
0.212964 0.0220273 0.000240596
0.247968 0.0220379 0.000304136
0.283109 0.0220514 0.000383595
0.318127 0.0220688 0.000496282
0.352819 0.0220911 0.000642034
0.387106 0.022119 0.000815639
0.420887 0.0221526 0.000995219
0.454361 0.0221921 0.00117839
0.487725 0.0222379 0.00137324
0.520706 0.0222901 0.00158188
0.552989 0.0223476 0.00178138
0.584793 0.0224101 0.00196618
0.617487 0.0224801 0.00214173
0.650655 0.0225565 0.00230168
0.684048 0.0226381 0.00244283
0.717269 0.0227229 0.00255495
0.750308 0.02281 0.0026339
0.783163 0.0228976 0.00266829
0.815839 0.0229841 0.0026471
0.848349 0.0230675 0.00256541
0.88072 0.0231459 0.00242287
0.91296 0.0232176 0.0022212
0.944994 0.0232805 0.00196391
0.976891 0.0233332 0.00165414
1.00871 0.0233745 0.00129739
1.0405 0.0234032 0.00090115
1.0723 0.0234184 0.000478718
1.10416 0.0234198 4.44587e-05
1.13595 0.0234077 -0.000379159
1.16778 0.0233832 -0.000770836
1.19981 0.0233475 -0.00111444
1.23199 0.0233027 -0.00139228
1.26434 0.0232511 -0.00159464
1.29666 0.0231956 -0.00171703
1.32878 0.0231389 -0.0017646
1.3607 0.0230832 -0.00174696
1.39244 0.0230299 -0.00167767
1.42404 0.0229803 -0.00157033
1.45542 0.0229353 -0.00143535
1.48659 0.0228952 -0.00128445
1.51766 0.0228601 -0.00112973
1.54858 0.0228298 -0.000982304
1.5794 0.0228034 -0.000854362
1.61036 0.0227799 -0.000759217
1.64151 0.0227578 -0.000709542
1.6729 0.0227353 -0.000716762
1.70465 0.0227103 -0.000789139
1.73685 0.0226804 -0.000927869
1.76893 0.0226443 -0.00112375
1.80079 0.0226009 -0.001364
1.83237 0.0225496 -0.00162388
1.86368 0.0224908 -0.00187907
1.89471 0.0224253 -0.00211027
1.92549 0.0223544 -0.00230412
1.95604 0.0222796 -0.00244827
1.98646 0.0222026 -0.00253142
2.01685 0.0221253 -0.00254086
2.04738 0.02205 -0.00246694
2.07814 0.0219791 -0.00230743
2.10923 0.0219151 -0.00205793
2.14072 0.0218608 -0.00172345
2.17188 0.0218195 -0.00132487
2.2027 0.0217926 -0.000874636
2.23342 0.0217807 -0.000385906
2.2638 0.0217842 0.000116047
2.29416 0.021803 0.000617527
2.32431 0.0218361 0.00109677
2.35447 0.0218824 0.00153712
2.38473 0.0219407 0.00192478
2.41518 0.0220091 0.00224898
2.44573 0.0220854 0.00249602
2.47647 0.0221669 0.00265314
2.5075 0.0222511 0.00271135
2.53888 0.0223349 0.00267135
2.57061 0.0224158 0.00254897
2.60214 0.0224903 0.00236472
2.63304 0.0225564 0.00213888
2.66324 0.0226135 0.00189102
2.69281 0.022662 0.00163872
2.72199 0.0227027 0.00139573
2.75108 0.0227369 0.00117433
2.78041 0.0227657 0.000982874
2.81007 0.0227904 0.00083112
2.83976 0.022812 0.000727124
2.86975 0.0228321 0.000672125
2.9002 0.0228524 0.000665645
2.93124 0.0228742 0.000703314
2.96297 0.0228989 0.000776438
2.99444 0.0229262 0.000869191
3.02537 0.0229559 0.000961376
3.05591 0.0229864 0.000996731
3.08632 0.0230171 0.00101029
3.11674 0.0230473 0.000991738
3.14731 0.0230756 0.000925149
3.1782 0.0231 0.000791746
3.20917 0.023118 0.000580246
3.24034 0.0231268 0.000283793
3.27199 0.0231236 -0.000103487
3.30434 0.0231046 -0.000585208
3.33657 0.0230679 -0.00113836
3.36842 0.0230125 -0.00173937
3.39932 0.0229399 -0.00235146
3.42938 0.0228512 -0.0029501
3.45881 0.0227477 -0.00351542
3.48788 0.0226306 -0.00402871
3.51683 0.0225012 -0.00446919
3.54588 0.0223612 -0.00481902
3.57513 0.0222132 -0.00506023
3.60461 0.0220607 -0.00517346
3.63427 0.0219082 -0.00514274
3.66407 0.0217604 -0.00496051
3.69409 0.0216212 -0.00463624
3.72446 0.0214939 -0.00419075
3.75477 0.0213833 -0.00364921
3.78484 0.0212917 -0.00304447
3.81424 0.0212206 -0.00241877
3.84331 0.0211684 -0.00179659
3.87209 0.0211337 -0.00120689
3.90076 0.0211143 -0.000675175
3.92953 0.0211078 -0.0002271
3.95781 0.0211106 0.000100789
3.98568 0.0211194 0.000312654
4.01345 0.021131 0.000419471
4.04149 0.0211431 0.000430495
4.06989 0.0211533 0.000358183
4.09807 0.0211598 0.000233876
4.12646 0.0211621 7.93712e-05
4.15533 0.0211596 -8.62696e-05
4.18485 0.0211525 -0.000239977
4.21382 0.0211421 -0.000358147
4.24259 0.0211299 -0.000426545
4.27136 0.0211174 -0.000434426
4.30016 0.0211067 -0.000372349
4.32916 0.0210998 -0.000236247
4.3582 0.0210993 -1.55116e-05
4.38726 0.021108 0.000297091
4.41664 0.0211284 0.000695728
4.44611 0.0211624 0.00115172
4.47538 0.0212101 0.00162963
4.50508 0.021273 0.00211814
4.53455 0.0213493 0.00259057
4.56354 0.0214371 0.00302782
4.59242 0.0215358 0.00341724
4.62134 0.021644 0.00374157
4.6495 0.0217558 0.00397225
4.67693 0.0218684 0.00410279
4.70407 0.0219807 0.00413703
4.73128 0.0220916 0.00407871
4.75871 0.0221995 0.00393329
4.78647 0.0223025 0.0037102
4.81465 0.0223988 0.00341715
4.84339 0.0224867 0.003059
4.87259 0.022564 0.00264622
4.90104 0.0226271 0.00221701
4.92904 0.0226773 0.00179447
4.95703 0.0227165 0.0013993
4.98535 0.0227459 0.00103915
5.01391 0.0227665 0.000719902
5.04208 0.0227791 0.000449294
5.06986 0.0227854 0.000226322
5.09773 0.0227869 5.22499e-05
5.12606 0.0227849 -7.18597e-05
5.15509 0.0227806 -0.000147541
5.18428 0.0227754 -0.000178848
5.21372 0.02277 -0.000181807
5.24353 0.0227647 -0.000179149
5.27376 0.022759 -0.000188204
5.30348 0.0227524 -0.000220907
5.3323 0.0227442 -0.000286238
5.36087 0.022733 -0.000390858
5.38976 0.0227174 -0.000539759
5.41928 0.0226957 -0.000736247
5.44864 0.0226672 -0.000970481
5.47798 0.022631 -0.00123197
5.50734 0.0225867 -0.00150843
5.53675 0.0225341 -0.00178982
5.56622 0.0224732 -0.00206577
5.59586 0.0224043 -0.00232705
5.62573 0.0223277 -0.00256097
5.65577 0.022245 -0.00275291
5.68532 0.0221597 -0.0028897
5.71455 0.0220729 -0.00296986
5.74378 0.0219855 -0.00298959
5.77311 0.0218991 -0.0029442
5.80251 0.0218158 -0.00283489
5.8322 0.0217365 -0.00266796
5.86237 0.0216626 -0.00244948
5.89096 0.0215996 -0.00220491
5.9178 0.0215471 -0.00195827
5.94326 0.0215032 -0.00172155
5.96779 0.0214665 -0.00149851
5.99181 0.0214354 -0.00129149
6.0157 0.0214092 -0.00109767
6.03976 0.0213873 -0.000911581
6.06421 0.0213694 -0.000731095
6.0892 0.0213555 -0.000558641
6.11478 0.0213453 -0.000397582
6.14096 0.0213387 -0.00025232
6.16769 0.0213353 -0.000127407
6.19495 0.0213346 -2.27265e-05
6.22275 0.0213365 6.81227e-05
6.25139 0.021341 0.00015399
6.28153 0.0213484 0.00024688
6.31321 0.0213598 0.000359535
6.34504 0.0213753 0.000488107
6.37715 0.0213956 0.00063208
6.40963 0.0214234 0.000854734
6.4421 0.0214585 0.00108031
6.47399 0.0214997 0.00129406
6.50534 0.0215464 0.00148817
6.53661 0.0215985 0.00166536
6.56722 0.0216544 0.00182896
6.59751 0.0217147 0.00198933
6.62779 0.0217799 0.00215346
6.65704 0.0218476 0.00231343
6.68568 0.021917 0.00242511
6.71428 0.02199 0.00255128
6.74342 0.0220688 0.00270423
6.77353 0.0221573 0.00293833
6.80304 0.0222515 0.00319169
6.83208 0.0223516 0.00344928
6.86101 0.0224585 0.00369503
6.89019 0.0225728 0.00391496
6.91993 0.0226946 0.0040961
6.95031 0.0228228 0.00422211
6.98101 0.0229543 0.00428114
7.01198 0.0230861 0.0042578
7.04264 0.0232134 0.0041495
7.07319 0.0233342 0.00395755
7.1026 0.023443 0.003696
7.13055 0.0235374 0.0033788
7.15773 0.0236194 0.00301796
7.18467 0.0236897 0.00260863
7.21186 0.0237479 0.00214136
7.23991 0.0237931 0.00161146
7.26877 0.0238229 0.0010306
7.29741 0.0238353 0.000433374
7.32542 0.023831 -0.000151933
7.35349 0.023811 -0.000712078
7.38215 0.0237758 -0.0012308
7.41114 0.0237269 -0.00168422
7.44059 0.0236664 -0.00205459
7.47031 0.0235973 -0.00232591
7.5003 0.0235225 -0.00249493
7.53044 0.0234451 -0.00256549
7.5611 0.023367 -0.00254877
7.59255 0.0232899 -0.00245178
7.62401 0.0232177 -0.00229639
7.65496 0.0231521 -0.00211731
7.68548 0.0230927 -0.00194597
7.71557 0.0230383 -0.00180758
7.74529 0.0229871 -0.00172346
7.77478 0.0229368 -0.00170633
7.80411 0.022885 -0.00176547
7.83325 0.0228297 -0.00189873
7.86218 0.022769 -0.002099
7.89099 0.0227011 -0.00235506
7.91986 0.0226246 -0.00265085
7.94899 0.0225382 -0.00296597
7.97855 0.0224413 -0.00327714
8.00791 0.022337 -0.00355224
8.0371 0.022227 -0.00377117
8.06637 0.0221121 -0.003922
8.0959 0.0219943 -0.00398933
8.12582 0.021876 -0.00395392
8.15531 0.0217637 -0.00380833
8.18467 0.0216593 -0.00355592
8.21421 0.0215649 -0.00319821
8.24407 0.0214831 -0.00273702
8.27438 0.0214172 -0.0021755
8.30527 0.0213702 -0.00152036
8.33671 0.0213453 -0.000791793
8.36747 0.0213437 -5.44569e-05
8.39778 0.0213639 0.000668328
8.42755 0.0214038 0.00134159
8.45659 0.02146 0.00193391
8.48502 0.0215291 0.00242939
8.51315 0.0216084 0.00282123
8.54056 0.0216933 0.00309429
8.56719 0.0217798 0.0032502
8.59351 0.0218668 0.00330352
8.62009 0.0219536 0.00326813
8.64745 0.0220399 0.00315258
8.67474 0.0221212 0.00297887
8.70249 0.022198 0.00276903
8.73109 0.0222707 0.00254295
8.75907 0.0223361 0.00233592
8.78677 0.0223963 0.00217366
8.81473 0.0224543 0.00207357
8.84274 0.0225117 0.00205069
8.87034 0.0225698 0.00210406
8.89736 0.0226296 0.00221345
8.92435 0.0226933 0.00236078
8.95182 0.0227632 0.00254282
8.98007 0.0228407 0.00274284
9.00856 0.0229242 0.00293322
9.03639 0.0230105 0.00309937
9.06357 0.0230985 0.0032377
9.09007 0.0231868 0.00333368
9.11605 0.0232746 0.00338071
9.14158 0.0233608 0.00337452
9.16678 0.0234441 0.00330416
9.19172 0.0235229 0.00316192
9.21635 0.0235955 0.00294763
9.24048 0.0236599 0.0026684
9.26398 0.0237148 0.00233738
9.28683 0.0237598 0.00196861
9.30915 0.023795 0.00157557
9.33109 0.0238206 0.0011658
9.35279 0.0238367 0.000745166
9.37438 0.0238436 0.000319256
9.39592 0.0238414 -0.000104115
9.41749 0.0238303 -0.000516023
9.43915 0.0238106 -0.000906374
9.46104 0.0237828 -0.00127078
9.48338 0.023747 -0.00160526
9.50636 0.0237032 -0.0019046
9.53021 0.0236515 -0.00216634
9.55513 0.023592 -0.00238838
9.58136 0.0235247 -0.00256603
9.60876 0.0234509 -0.00269388
9.63569 0.0233765 -0.00276145
9.66357 0.023299 -0.00277892
9.6929 0.0232182 -0.00275449
9.72372 0.0231351 -0.00269635
9.75438 0.023055 -0.00261298
9.78525 0.0229773 -0.00251647
9.81585 0.0229033 -0.00242011
9.84656 0.0228314 -0.00234167
9.87765 0.0227602 -0.0022909
9.90857 0.0226898 -0.00227512
9.93933 0.0226191 -0.00229787
9.96995 0.0225468 -0.0023623
10.0008 0.0224708 -0.00246554
10.0323 0.0223885 -0.0026094
10.0632 0.0223027 -0.00277962
10.0947 0.0222094 -0.00296246
10.1259 0.0221114 -0.00313322
10.1568 0.0220106 -0.003266
10.1876 0.0219077 -0.00334088
10.2187 0.0218037 -0.00334215
10.2503 0.0217008 -0.00325794
10.2824 0.021602 -0.00307712
10.3149 0.0215111 -0.00280354
10.3473 0.0214316 -0.0024472
10.3795 0.0213665 -0.00202195
10.4116 0.0213172 -0.00153779
10.4427 0.0212857 -0.00101214
10.4733 0.0212718 -0.000453785
10.5038 0.0212756 0.000122877
10.5341 0.0212968 0.000699807
10.5638 0.0213341 0.00125653
10.593 0.0213861 0.00178175
10.6222 0.021452 0.0022587
10.6501 0.0215261 0.00265487
10.6774 0.0216074 0.00297362
10.7049 0.021696 0.00322216
10.7331 0.0217921 0.00340685
10.7614 0.0218918 0.00352616
10.7897 0.0219933 0.00358879
10.8185 0.0220971 0.00360619
10.8479 0.0222027 0.0035828
10.8784 0.0223098 0.00351664
10.9091 0.0224147 0.00341682
10.9393 0.0225145 0.00330311
10.9695 0.0226106 0.00318726
10.9998 0.0227039 0.00307621
11.0301 0.0227941 0.00297658
11.0607 0.0228824 0.00288858
11.0916 0.0229693 0.00280822
11.1228 0.0230545 0.00273434
11.1541 0.0231379 0.00266551
11.1853 0.0232191 0.00259592
11.2166 0.0232977 0.00251643
11.2477 0.023373 0.00241634
11.2789 0.0234442 0.00228668
11.31 0.02351 0.00211552
11.3409 0.0235685 0.00189514
11.3715 0.0236182 0.00162179
11.402 0.0236577 0.00129444
11.4314 0.0236851 0.000930156
11.4593 0.0237003 0.000546018
11.4857 0.0237042 0.000150429
11.511 0.0236979 -0.000250169
11.5355 0.023682 -0.000650279
11.5595 0.0236568 -0.00104695
11.5834 0.0236227 -0.00143383
11.6073 0.0235795 -0.00180269
11.6317 0.0235271 -0.00214785
11.6568 0.0234655 -0.00245981
11.6827 0.0233947 -0.00272707
11.71 0.0233142 -0.00294322
11.7397 0.0232223 -0.00309798
11.7698 0.0231269 -0.00316975
11.8004 0.0230302 -0.00316022
11.8315 0.0229347 -0.00307341
11.8629 0.0228429 -0.00292529
11.8943 0.0227566 -0.00274313
11.926 0.022676 -0.00254609
11.9575 0.022602 -0.00235173
11.9886 0.0225341 -0.00217746
12.0195 0.0224711 -0.00204013
12.0501 0.0224115 -0.00195002
12.0802 0.022354 -0.00191031
12.1102 0.0222966 -0.00191456
12.1401 0.0222381 -0.00195597
12.1695 0.0221784 -0.00203088
12.1986 0.0221164 -0.00212955
12.2275 0.0220519 -0.00223259
12.2566 0.0219844 -0.0023193
12.2861 0.0219145 -0.00236816
12.3162 0.0218436 -0.00235403
12.3468 0.0217744 -0.00226042
12.3777 0.0217101 -0.00208104
12.4089 0.0216537 -0.00181309
12.4402 0.0216077 -0.00146723
12.4714 0.0215749 -0.00105292
12.5028 0.021557 -0.000568103
12.5342 0.0215559 -3.57958e-05
12.5652 0.021572 0.00051924
12.5964 0.0216056 0.00108065
12.6269 0.0216547 0.00160866
12.6569 0.0217175 0.00209103
12.6863 0.0217914 0.00251289
12.7146 0.0218719 0.00285163
12.7421 0.0219576 0.00310937
12.7694 0.0220475 0.00329211
12.7969 0.022141 0.00340235
12.8248 0.0222371 0.0034413
12.8534 0.0223347 0.00341038
12.8824 0.0224307 0.00331573
12.9111 0.0225217 0.00317046
12.9398 0.0226075 0.00298972
12.9688 0.0226882 0.00278752
12.9983 0.0227643 0.00257576
13.028 0.0228348 0.00237372
13.0569 0.0228983 0.00219817
13.085 0.022956 0.00205418
13.1122 0.023009 0.0019433
13.1386 0.023058 0.00186244
13.164 0.023104 0.00180732
13.1886 0.0231476 0.00177301
13.2126 0.0231897 0.00175313
13.2362 0.0232307 0.00173983
13.2595 0.0232711 0.00172651
13.2829 0.0233109 0.00170637
13.3064 0.0233502 0.00167299
13.3301 0.0233887 0.00162008
13.3543 0.0234258 0.00153957
13.3789 0.0234609 0.00142064
13.4041 0.0234925 0.00125355
13.4299 0.0235192 0.00103737
13.4563 0.0235396 0.000772818
13.4833 0.0235521 0.000462336
13.5108 0.0235552 0.00011389
13.5389 0.0235477 -0.000265947
13.5666 0.0235297 -0.000652488
13.5941 0.0235011 -0.00103849
13.6217 0.0234619 -0.0014195
13.6495 0.0234123 -0.00178403
13.6777 0.0233525 -0.00212086
13.7064 0.0232832 -0.00241531
13.7355 0.0232062 -0.00264924
13.7646 0.0231243 -0.0028093
13.7936 0.0230404 -0.0028901
13.8227 0.0229564 -0.00289198
13.8515 0.0228751 -0.00282144
13.88 0.0227985 -0.00269424
13.9087 0.0227257 -0.00252934
13.9383 0.0226564 -0.00234032
13.9678 0.0225931 -0.00214937
13.9968 0.022536 -0.00196801
14.0255 0.0224843 -0.00180383
14.0534 0.0224375 -0.00167245
14.0807 0.0223945 -0.00157645
14.1076 0.0223538 -0.00151416
14.1343 0.0223142 -0.00148475
14.1613 0.0222741 -0.00148668
14.1883 0.0222332 -0.00151572
14.215 0.0221913 -0.00156602
14.2418 0.0221476 -0.0016283
14.2687 0.0221021 -0.00169204
14.2959 0.0220547 -0.0017429
14.3235 0.022006 -0.00176425
14.3517 0.021957 -0.00174077
14.3794 0.0219107 -0.00166664
14.4067 0.0218688 -0.00153986
14.4333 0.0218327 -0.00135913
14.4597 0.0218029 -0.00112416
14.4865 0.0217806 -0.000831702
14.5135 0.0217676 -0.000481877
14.5402 0.0217652 -8.88465e-05
14.5677 0.0217748 0.000348014
