t x vx
0.01 0.022011 0.00109756
0.02 0.0220444 0.00334428
0.0383495 0.0221771 0.00723143
0.0574785 0.0223869 0.0109661
0.0773271 0.0226742 0.0144754
0.0978593 0.0230379 0.0177118
0.119175 0.023477 0.0205992
0.141683 0.0239969 0.0231
0.164614 0.0245706 0.0250199
0.187763 0.0251796 0.0263092
0.210909 0.0258016 0.0268706
0.233998 0.0264166 0.0266371
0.257096 0.027006 0.025519
0.280382 0.027552 0.023446
0.303845 0.0280304 0.0203907
0.327271 0.0284154 0.0164348
0.350791 0.0286916 0.0117419
0.374018 0.0288457 0.00663334
0.396851 0.0288744 0.0012557
0.418317 0.0287903 -0.00391355
0.439351 0.0286009 -0.00900724
0.459536 0.0283206 -0.0138861
0.481122 0.0279112 -0.0189641
0.502258 0.0274077 -0.0238222
0.523838 0.026791 -0.0285814
0.546641 0.026028 -0.0334588
0.567475 0.0252368 -0.0379754
0.587182 0.0244051 -0.0422037
0.606844 0.0234939 -0.0463453
0.627007 0.0224756 -0.050501
0.646184 0.0214315 -0.0544439
0.665583 0.0203015 -0.058254
0.684128 0.019156 -0.0617664
0.702526 0.0179588 -0.065075
0.720757 0.0167172 -0.0681024
0.738554 0.0154566 -0.0708325
0.755689 0.0142024 -0.0731931
0.762062 0.0137225 -0.0753088
0.767889 0.0132725 -0.0772191
0.772753 0.0128885 -0.078956
0.777283 0.0125237 -0.0805249
0.781498 0.0121783 -0.0819513
0.78542 0.011852 -0.0831811
0.789082 0.0115439 -0.0841413
0.792473 0.0112569 -0.0846451
