t x vx
0.01 0.0220044 0.000440189
0.02 0.0220161 0.00116735
0.0543353 0.0221364 0.00350439
0.089506 0.0223365 0.00568859
0.128549 0.0226424 0.0078365
0.169176 0.0230392 0.00976712
0.211106 0.0235176 0.0114079
0.253524 0.0240556 0.0126842
0.296198 0.0246336 0.0135446
0.338865 0.0252283 0.013939
0.38151 0.0258172 0.0138091
0.424001 0.0263738 0.0130977
0.466268 0.026871 0.0117638
0.50831 0.0272834 0.00980918
0.550013 0.0275862 0.00726185
0.591278 0.0277621 0.00426142
0.632421 0.0277958 0.000818606
0.673073 0.0276765 -0.00293362
0.713088 0.0274 -0.00691069
0.75226 0.0269705 -0.0109623
0.790585 0.0263951 -0.0150151
0.82808 0.0256807 -0.0190539
0.865474 0.0248188 -0.0230475
0.90419 0.02377 -0.0270911
0.941185 0.0226277 -0.0308756
0.977182 0.0213855 -0.0345078
1.01213 0.0200579 -0.0379876
1.0455 0.0186801 -0.0412918
1.07757 0.0172554 -0.0444267
1.10868 0.0157819 -0.0473652
1.13762 0.0143331 -0.050049
1.16429 0.0129353 -0.0524278
1.17379 0.0124202 -0.0541929
1.18199 0.0119635 -0.0557175
1.18831 0.0116042 -0.0568493
