t x vx
0.01 0.0219807 -0.00192999
0.02 0.02193 -0.00506723
0.0314749 0.0218316 -0.00857685
0.04348 0.0216852 -0.012193
0.0561446 0.0214838 -0.0159012
0.0692263 0.0212279 -0.0195657
0.082611 0.0209211 -0.0229244
0.0961086 0.0205731 -0.0257791
0.109677 0.0201939 -0.0279454
0.123389 0.0197927 -0.0292635
0.137019 0.0193897 -0.0295674
0.150489 0.0190013 -0.0288297
0.163593 0.0186464 -0.0270855
0.176595 0.0183283 -0.024467
0.189499 0.0180569 -0.0210311
0.202376 0.0178391 -0.0169119
0.215355 0.0176818 -0.0121228
0.227966 0.0175929 -0.00704822
0.240714 0.0175723 -0.00161313
0.253465 0.0176238 0.00403775
0.265861 0.0177428 0.00959715
0.278552 0.017936 0.015227
0.291494 0.0182033 0.0206505
0.304344 0.0185322 0.025598
0.317375 0.0189245 0.0301031
0.330911 0.0193852 0.0340332
0.344437 0.0198863 0.037051
0.35825 0.0204268 0.0391273
0.371973 0.0209767 0.040076
0.385773 0.0215279 0.0399365
0.399629 0.022064 0.0386956
0.413471 0.0225679 0.0364059
0.427049 0.0230165 0.0330309
0.440774 0.0234092 0.0286177
0.454193 0.0237238 0.0234398
0.467448 0.0239588 0.0177272
0.48073 0.0241135 0.0116504
0.493482 0.0241857 0.00565884
0.506543 0.0241798 -0.000446471
0.519058 0.0241048 -0.00599602
0.531644 0.0239644 -0.0111523
0.544459 0.0237671 -0.0153958
0.556397 0.0235462 -0.0185068
0.568035 0.0233033 -0.0208662
0.580199 0.0230351 -0.0220551
0.592802 0.0227563 -0.02212
0.605688 0.0224862 -0.0209568
0.618478 0.022248 -0.0186242
0.631478 0.0220519 -0.0150891
0.644499 0.0219116 -0.010774
0.657381 0.0218395 -0.00559984
0.67039 0.0218473 0.000599896
0.683072 0.0219369 0.00706483
0.696108 0.0221164 0.0137767
0.708834 0.0223705 0.0199652
0.7215 0.0226965 0.0257392
0.734499 0.0230975 0.0308438
0.747308 0.0235423 0.034729
0.760271 0.0240278 0.0374513
0.773026 0.0245222 0.038763
0.78586 0.0250178 0.0386129
0.79864 0.0254893 0.0368926
0.811385 0.0259172 0.0335747
0.823778 0.0262754 0.0289027
0.836084 0.0265605 0.0231717
0.848241 0.026763 0.0166569
0.860271 0.0268792 0.00965574
0.872163 0.0269078 0.00240696
0.883744 0.0268544 -0.00461261
0.894792 0.0267329 -0.0109965
0.906464 0.0265324 -0.0171769
0.917503 0.0262861 -0.0223101
0.929441 0.0259639 -0.0269892
0.941735 0.025586 -0.0307389
0.954219 0.0251684 -0.0334513
0.967128 0.024717 -0.0349678
0.980649 0.0242438 -0.034997
0.99449 0.0237805 -0.0334773
1.00813 0.0233645 -0.0304967
1.02138 0.0230155 -0.0263321
1.03467 0.0227352 -0.0210965
1.04772 0.0225382 -0.0150953
1.06029 0.0224277 -0.00878686
1.07315 0.022402 -0.00200067
1.08611 0.0224652 0.00487328
1.09916 0.0226159 0.0115441
1.11217 0.0228451 0.0176244
1.1249 0.023136 0.0228517
1.13815 0.0234953 0.0271134
1.15098 0.0238791 0.029922
1.16375 0.0242799 0.0313812
1.17637 0.0246755 0.0313626
1.18943 0.0250647 0.0297876
1.20245 0.025412 0.0266701
1.21514 0.0256939 0.0222186
1.228 0.0259075 0.0166133
1.24079 0.0260364 0.0100736
1.25319 0.0260735 0.00299295
1.26504 0.0260263 -0.00398117
1.27735 0.0258896 -0.0111019
1.29017 0.0256568 -0.0181596
1.30238 0.0253602 -0.0242932
1.31452 0.0249999 -0.0296745
1.32667 0.0245848 -0.0341713
1.33971 0.0240916 -0.0378034
1.35294 0.0235609 -0.0401257
1.36606 0.0230228 -0.0410204
1.37944 0.0224814 -0.0404572
1.39288 0.0219654 -0.038379
1.40626 0.0214985 -0.0348975
1.41864 0.0211211 -0.0304841
1.4317 0.0207972 -0.0248054
1.44458 0.0205607 -0.0183653
1.4573 0.0204142 -0.0115164
1.46973 0.0203578 -0.00453242
1.48233 0.0203899 0.00254497
1.49449 0.0205006 0.0091003
1.50719 0.020696 0.0153843
1.51966 0.0209542 0.0207058
1.53236 0.0212731 0.0251161
1.54457 0.0216175 0.0282071
1.55675 0.0219839 0.0300735
1.56925 0.0223673 0.030674
1.58214 0.0227521 0.0298451
1.59496 0.0231054 0.0275616
1.60766 0.0234093 0.0239411
1.62063 0.0236571 0.0191063
1.63362 0.0238287 0.0131973
1.6464 0.0239149 0.00674717
1.65929 0.0239124 -0.00018724
1.6721 0.0238209 -0.00714651
1.68498 0.0236412 -0.0139551
1.69704 0.0234008 -0.0199368
1.70984 0.0230738 -0.0255392
1.72253 0.0226915 -0.0301359
1.73542 0.0222567 -0.0337281
1.74814 0.0217975 -0.0360903
1.7608 0.0213282 -0.037078
1.77411 0.0208422 -0.0365246
1.78756 0.0203808 -0.034306
1.80082 0.0199758 -0.0305171
1.81302 0.0196628 -0.0256648
1.82543 0.0194166 -0.0198468
1.83793 0.0192497 -0.0133502
1.85036 0.0191703 -0.00638548
1.86267 0.0191794 0.000736464
1.87521 0.0192774 0.00782139
1.88687 0.0194429 0.014193
1.89879 0.019683 0.0201449
1.91125 0.0200007 0.0254931
1.92426 0.0203915 0.0300285
1.93645 0.0207964 0.0332197
1.94912 0.0212443 0.0353565
1.96244 0.0217257 0.0361404
1.97599 0.0222048 0.0353656
1.98958 0.0226541 0.0330494
2.00321 0.0230526 0.0292325
2.01634 0.0233712 0.0242702
2.02941 0.0236095 0.0182258
2.04248 0.0237603 0.0115429
2.05461 0.0238203 0.00495128
2.06643 0.0238004 -0.00168009
2.07841 0.0237018 -0.00823703
2.09061 0.0235237 -0.0145975
2.10291 0.0232722 -0.02044
2.11546 0.0229518 -0.0255263
2.12845 0.0225661 -0.029709
2.14049 0.0221737 -0.0325857
2.15259 0.021758 -0.0343562
2.16567 0.0213025 -0.0348238
2.17911 0.02085 -0.0336689
2.1925 0.0204365 -0.0308853
2.20513 0.0200973 -0.0268335
2.21795 0.0198194 -0.0216821
2.23043 0.0196214 -0.0158699
2.24308 0.0195025 -0.00939514
2.25538 0.0194695 -0.00268558
2.2676 0.0195189 0.00404498
2.28005 0.0196517 0.0106619
2.29245 0.0198604 0.0168379
2.30473 0.0201341 0.0222747
2.31778 0.0204871 0.0270623
2.33077 0.020886 0.0307007
2.34366 0.0213127 0.033102
2.3566 0.0217544 0.0341478
2.37026 0.022215 0.0337158
2.38394 0.0226483 0.0316691
2.39769 0.0230344 0.0280773
2.41112 0.0233464 0.0232368
2.42443 0.0235769 0.0173196
2.43767 0.0237186 0.0107048
2.44983 0.0237695 0.00418017
2.46171 0.0237406 -0.00243055
2.47355 0.0236357 -0.00886184
2.48585 0.0234479 -0.0152593
2.49831 0.0231844 -0.0211582
2.51085 0.0228558 -0.0261967
2.52402 0.022456 -0.0303652
2.5363 0.0220481 -0.0332074
2.54841 0.0216262 -0.0348431
2.56129 0.0211734 -0.0351459
2.57473 0.0207186 -0.033838
2.58812 0.020305 -0.0309018
2.60071 0.0199691 -0.0266733
2.6135 0.0196961 -0.0213482
2.626 0.0195043 -0.0153381
2.63869 0.0193945 -0.00866022
2.65087 0.0193721 -0.00183747
2.66316 0.019434 0.00504069
2.67553 0.019579 0.0117141
2.68823 0.019808 0.0180452
2.70085 0.0201056 0.0235619
2.71394 0.0204759 0.0283048
2.72676 0.0208841 0.0318416
2.73957 0.0213225 0.0342097
2.75257 0.0217804 0.0352406
2.7662 0.0222548 0.0347969
2.77986 0.0227021 0.0327574
2.79358 0.0231025 0.0291827
2.807 0.0234292 0.024332
2.82029 0.0236737 0.0183965
2.8334 0.0238284 0.0118087
2.84557 0.0238927 0.00527989
2.85743 0.0238771 -0.0013151
2.86922 0.0237859 -0.00773668
2.88151 0.0236117 -0.0141707
2.89394 0.0233615 -0.0201231
2.90648 0.0230452 -0.0252387
2.91962 0.0226574 -0.0294868
2.93194 0.0222582 -0.0324166
2.94404 0.0218451 -0.0341435
2.95686 0.0214022 -0.0345561
2.97034 0.0209522 -0.0333617
2.98381 0.0205412 -0.0305316
2.99653 0.0202056 -0.0263804
3.00943 0.0199332 -0.0211095
3.02193 0.0197434 -0.0151889
3.03457 0.0196345 -0.00861475
3.04692 0.0196125 -0.00178098
3.05914 0.019674 0.00502807
3.07155 0.0198191 0.0116909
3.08393 0.0200408 0.0179075
3.09621 0.0203276 0.0233566
3.10922 0.0206938 0.0281535
3.12214 0.0211043 0.0317836
3.1351 0.0215481 0.0342223
3.14807 0.0220055 0.0352866
3.16165 0.0224795 0.0348815
3.17526 0.0229268 0.0328713
3.18896 0.0233282 0.0293141
3.20239 0.0236566 0.024438
3.21563 0.0239015 0.018506
3.22878 0.0240576 0.0118632
3.2409 0.0241222 0.00533637
3.2527 0.0241072 -0.0012735
3.26444 0.0240166 -0.00771552
3.27668 0.0238428 -0.0141955
3.28905 0.0235931 -0.020185
3.30154 0.0232766 -0.0253437
3.31464 0.0228882 -0.0296444
3.32709 0.0224821 -0.0326261
3.33918 0.0220667 -0.0343677
3.35199 0.0216206 -0.0348128
3.36551 0.021166 -0.0336332
3.37898 0.0207509 -0.0308072
3.39192 0.0204067 -0.0266073
3.4049 0.0201306 -0.0212748
3.41737 0.0199396 -0.0153125
3.43005 0.0198296 -0.00867697
3.44259 0.0198081 -0.00171085
3.45487 0.0198714 0.00515504
3.46721 0.0200172 0.0118129
3.47942 0.020237 0.0180032
3.49149 0.0205199 0.0234345
3.50441 0.0208851 0.0282732
3.5173 0.0212969 0.0319586
3.53021 0.0217419 0.0344504
3.54314 0.022202 0.0355844
3.55667 0.0226788 0.035244
3.57022 0.0231297 0.0332955
3.58387 0.0235363 0.0297847
3.59734 0.0238718 0.0249006
3.61048 0.0241213 0.0189868
3.62357 0.0242829 0.0123436
3.63565 0.0243531 0.00581095
3.64738 0.0243436 -0.000802813
3.65909 0.0242585 -0.00726882
3.67132 0.0240894 -0.0138215
3.68362 0.0238453 -0.0198557
3.69602 0.0235343 -0.0250812
3.70907 0.0231494 -0.0294797
3.72174 0.0227366 -0.0325896
3.73385 0.0223201 -0.0344101
3.74661 0.0218739 -0.0349673
3.76015 0.0214148 -0.0338985
3.77361 0.0209952 -0.0311796
3.787 0.0206341 -0.0269677
3.80001 0.0203526 -0.0216355
3.81256 0.0201566 -0.0156244
3.82497 0.0200434 -0.00911309
3.8378 0.0200176 -0.00200893
3.85028 0.0200795 0.00495839
3.86264 0.0202234 0.0116411
3.87472 0.0204388 0.0178232
3.88663 0.0207159 0.023268
3.89947 0.0210776 0.0281678
3.91244 0.0214921 0.0319542
3.92528 0.0219348 0.0344965
3.93817 0.0223951 0.0357014
3.95164 0.0228723 0.0354246
3.96513 0.0233246 0.0335398
3.97872 0.0237334 0.0300706
3.99225 0.024074 0.0251782
4.00534 0.0243261 0.0192605
4.01837 0.0244901 0.0125857
4.03044 0.0245626 0.00600678
4.04211 0.0245549 -0.000657929
4.0538 0.0244708 -0.00719751
4.06606 0.024301 -0.0138476
4.07829 0.0240575 -0.0199123
4.09058 0.0237481 -0.0251795
4.10363 0.0233613 -0.0296567
4.11656 0.0229361 -0.0328824
4.12871 0.0225136 -0.0347606
4.1415 0.0220611 -0.0353741
4.15506 0.0215952 -0.0343582
4.16857 0.0211674 -0.0316711
4.18209 0.020796 -0.0274747
4.19493 0.0205109 -0.0222051
4.20754 0.0203072 -0.0161504
4.21979 0.0201883 -0.00970416
4.23258 0.0201553 -0.0025819
4.24523 0.0202124 0.00451009
4.25783 0.0203554 0.0113548
4.26978 0.0205649 0.0175337
4.28154 0.0208358 0.0230209
4.29434 0.0211942 0.0280114
4.30739 0.021611 0.0319234
4.32016 0.0220521 0.0345398
4.33299 0.0225117 0.0358437
4.34642 0.0229906 0.0356643
4.35984 0.0234456 0.0338778
4.37339 0.0238585 0.0304903
4.38693 0.0242056 0.0256392
4.39991 0.0244626 0.0197896
4.4129 0.0246328 0.0130996
4.42505 0.0247109 0.00642857
4.43669 0.0247073 -0.000301342
4.44844 0.0246255 -0.0069727
4.46076 0.0244559 -0.0137532
4.47296 0.0242137 -0.0198691
4.48515 0.0239065 -0.0251817
4.49821 0.0235181 -0.0297459
4.51119 0.023089 -0.0330652
4.52341 0.0226607 -0.0350529
4.53627 0.0222007 -0.0357493
4.54983 0.0217286 -0.0348175
4.56335 0.021293 -0.03222
4.57687 0.0209131 -0.0281071
4.58942 0.0206244 -0.023013
4.60206 0.0204094 -0.0170045
4.61429 0.0202798 -0.0105997
4.62701 0.0202349 -0.00352568
4.63959 0.0202798 0.00356532
4.65232 0.0204139 0.0105295
4.66423 0.0206135 0.0167637
4.67604 0.0208779 0.0223801
4.68884 0.0212298 0.0274931
4.70188 0.0216411 0.0315406
4.71455 0.0220754 0.0342851
4.72729 0.0225312 0.0357715
4.7407 0.0230111 0.0357821
4.7541 0.0234691 0.0341951
4.76761 0.023888 0.0310059
4.78112 0.0242437 0.0263296
4.7939 0.0245084 0.0207093
4.80688 0.0246916 0.0141091
4.81937 0.0247826 0.0072922
4.83117 0.0247882 0.000475796
4.84312 0.0247119 -0.00638795
4.8556 0.0245459 -0.013305
4.86783 0.0243075 -0.0194847
4.88005 0.0240036 -0.0248659
4.89298 0.0236224 -0.0294736
4.90599 0.0231945 -0.032913
4.91827 0.0227641 -0.035032
4.93113 0.0223061 -0.0356153
4.94468 0.0218343 -0.034829
4.95822 0.0213959 -0.0323828
4.97172 0.021012 -0.0284211
4.98414 0.0207203 -0.0234912
4.99685 0.0204994 -0.0173791
5.00927 0.0203633 -0.010957
5.02193 0.0203152 -0.00380181
5.03437 0.0203568 0.00334211
5.04731 0.0204929 0.0105261
5.0593 0.020696 0.0169282
5.07137 0.0209709 0.0227888
5.08416 0.02133 0.0280605
5.09724 0.0217527 0.0323107
5.10984 0.0221966 0.0352382
5.12254 0.0226658 0.0369429
5.13595 0.0231642 0.0371808
5.14933 0.0236437 0.0358201
5.16283 0.0240875 0.0328815
5.17634 0.0244712 0.0284152
5.1889 0.024761 0.0230654
5.20182 0.0249764 0.0166698
5.21463 0.0251021 0.00981005
5.22684 0.0251381 0.00295244
5.23898 0.0250909 -0.00388775
5.25163 0.0249555 -0.0107014
5.26373 0.0247538 -0.0166757
5.27607 0.024483 -0.0219441
5.2887 0.0241508 -0.0262983
5.30177 0.0237641 -0.0295914
5.31412 0.0233743 -0.0315559
5.32687 0.0229636 -0.0322149
5.34058 0.022535 -0.0312595
5.35414 0.0221458 -0.0286982
5.36782 0.021809 -0.0246246
5.38072 0.0215569 -0.0195486
5.39361 0.0213819 -0.0135704
5.40611 0.0212934 -0.00708541
5.41895 0.021294 4.8083e-05
5.43111 0.021378 0.00690811
5.44422 0.0215636 0.0141541
5.45641 0.0218144 0.0205792
5.46876 0.0221416 0.0264835
5.48165 0.0225499 0.031681
5.49442 0.023007 0.0357899
5.50714 0.0234993 0.038717
5.5199 0.0240137 0.0403021
5.53294 0.0245407 0.0404247
5.54594 0.0250469 0.0389484
5.55903 0.0255159 0.0358038
5.57213 0.0259225 0.031057
5.58413 0.0262285 0.0255002
5.59644 0.0264632 0.0190597
5.60848 0.0266089 0.0121022
5.61971 0.0266677 0.00523577
5.63178 0.0266424 -0.00209759
5.64378 0.026534 -0.00903184
5.65554 0.0263533 -0.0153636
5.66714 0.0261116 -0.020848
5.67841 0.0258254 -0.0253853
5.69107 0.0254534 -0.0293841
5.70376 0.0250446 -0.0322166
5.71696 0.0245983 -0.0338249
5.73064 0.0241348 -0.0338802
5.74429 0.0236925 -0.0323973
5.75804 0.023288 -0.0294221
5.77121 0.0229551 -0.0252656
5.7848 0.0226844 -0.0199239
5.79805 0.0225023 -0.0137437
5.81073 0.0224108 -0.00721712
5.8235 0.0224075 -0.000261411
5.83633 0.0224943 0.00676294
5.84936 0.0226732 0.0137317
5.86234 0.022935 0.020171
5.87523 0.0232682 0.0258565
5.88844 0.0236729 0.0306189
5.90128 0.0241103 0.0340738
5.91407 0.0245737 0.0362231
5.92668 0.0250405 0.0370212
5.93955 0.0255076 0.0363072
5.95244 0.0259452 0.0339347
5.96516 0.0263278 0.0300883
5.97751 0.0266378 0.0250889
5.98995 0.0268749 0.0190747
6.00213 0.0270261 0.0124018
6.01453 0.0270894 0.00510827
6.02666 0.0270632 -0.00215993
6.03832 0.0269591 -0.00893398
6.05017 0.0267765 -0.0154008
6.06225 0.0265188 -0.0213376
6.07344 0.0262273 -0.0260439
6.08605 0.0258466 -0.0302139
6.09945 0.0254003 -0.0332893
6.11288 0.0249309 -0.0349561
6.12651 0.0244513 -0.0351771
6.14034 0.0239828 -0.0338931
6.1541 0.0235545 -0.0311274
6.16767 0.0231873 -0.0270633
6.18117 0.0228916 -0.0218926
6.19445 0.0226812 -0.0158417
6.20738 0.0225608 -0.00931457
6.22009 0.0225291 -0.00249315
6.23284 0.0225861 0.0044684
6.24616 0.0227392 0.0114986
6.259 0.0229683 0.0178428
6.27144 0.0232597 0.0234247
6.28447 0.0236279 0.0282638
6.29726 0.024035 0.031808
6.30995 0.0244666 0.0340275
6.3224 0.0249013 0.0349046
6.33528 0.025343 0.0342903
6.34806 0.0257528 0.0320833
6.3607 0.0261128 0.0284676
6.37317 0.0264077 0.0236582
