t x vx
0.01 0.0219865 -0.00135425
0.02 0.0219514 -0.00350756
0.0342665 0.0218591 -0.00646505
0.0487567 0.0217224 -0.00943499
0.0639542 0.0215327 -0.0124813
0.0795126 0.0212925 -0.0154447
0.0953243 0.0210045 -0.0182135
0.111164 0.0206789 -0.0205551
0.127026 0.020325 -0.0223103
0.142836 0.019956 -0.023341
0.158447 0.0195876 -0.0235953
0.173845 0.0192336 -0.0229923
0.188664 0.0189137 -0.0215885
0.203781 0.0186205 -0.0193938
0.218586 0.0183769 -0.016454
0.233451 0.0181853 -0.0128908
0.24832 0.0180555 -0.00873006
0.262569 0.0179939 -0.00431955
0.277071 0.0180012 0.000499098
0.291665 0.0180826 0.00558318
0.305914 0.0182339 0.0106188
0.320809 0.0184701 0.0158553
0.335349 0.0187721 0.0207733
0.349808 0.0191387 0.0253483
0.364344 0.0195673 0.0294847
0.378889 0.0200475 0.033019
0.393541 0.0205737 0.0359113
0.408528 0.0211435 0.0380215
0.423455 0.0217283 0.0391726
0.438219 0.0223094 0.0393607
0.453057 0.022882 0.038591
0.467723 0.0234232 0.036902
0.482343 0.0239238 0.0342424
0.496801 0.0243682 0.0307338
0.511443 0.0247538 0.0263376
0.525413 0.025054 0.0214887
0.539682 0.0252846 0.0161602
0.553387 0.0254324 0.0107828
0.567361 0.0255044 0.00515896
0.580563 0.0255036 -6.7797e-05
0.593935 0.0254368 -0.00498885
0.607559 0.0253076 -0.00948385
0.620371 0.0251394 -0.0131309
0.632759 0.0249408 -0.0160291
0.645989 0.0246987 -0.018298
0.659572 0.0244308 -0.0197281
0.673498 0.024149 -0.0202335
0.687534 0.0238718 -0.019752
0.701754 0.0236125 -0.0182351
0.716594 0.0233813 -0.0155799
0.731584 0.0232031 -0.0118848
0.74661 0.0230934 -0.00730255
0.761207 0.0230636 -0.00204096
0.775793 0.0231185 0.00376481
0.790255 0.0232595 0.00975171
0.804875 0.0234908 0.0158212
0.818882 0.0237893 0.021308
0.832914 0.0241576 0.0262436
0.847164 0.0245903 0.0303725
0.861308 0.0250621 0.0333493
0.875245 0.025551 0.0350813
0.889075 0.0260418 0.035494
0.902731 0.0265132 0.0345166
0.916365 0.0269517 0.032163
0.92992 0.0273368 0.0284114
0.94327 0.0276524 0.0236339
0.956301 0.0278886 0.0181299
0.968983 0.0280425 0.0121318
0.981632 0.0281149 0.00572374
0.993821 0.0281078 -0.00057812
1.00605 0.0280256 -0.00672334
1.01782 0.0278795 -0.0124068
1.0291 0.0276842 -0.0173288
1.04185 0.0274014 -0.0221841
1.05534 0.0270444 -0.026454
1.06948 0.0266218 -0.0298766
1.08399 0.0261531 -0.0323009
1.09897 0.0256508 -0.0335461
1.11393 0.0251491 -0.033524
1.12923 0.0246569 -0.0321904
1.1445 0.0242056 -0.0295498
1.15982 0.0238117 -0.0257144
1.17414 0.0235081 -0.0211898
1.18876 0.0232777 -0.0157587
1.20313 0.0231354 -0.00990822
1.21775 0.0230828 -0.00359217
1.2319 0.0231214 0.00272636
1.24622 0.0232489 0.00890038
1.2603 0.0234544 0.0146022
1.27437 0.0237314 0.0196819
1.28873 0.0240753 0.0239517
1.30294 0.0244598 0.0270617
1.3169 0.0248634 0.0289122
1.33068 0.0252692 0.0294462
1.34474 0.0256719 0.0286405
1.3586 0.0260387 0.0264551
1.3724 0.0263569 0.0230676
1.38595 0.0266099 0.0186696
1.39959 0.0267929 0.01341
1.41341 0.0268943 0.00734194
1.42717 0.0269047 0.000751564
1.44099 0.0268218 -0.00599291
1.45457 0.0266527 -0.0124594
1.46844 0.026394 -0.0186545
1.48081 0.0261022 -0.0235859
1.49474 0.0257074 -0.0283466
1.50891 0.0252497 -0.0322875
1.52313 0.0247488 -0.0352191
1.53762 0.0242125 -0.0370267
1.5522 0.023664 -0.0376135
1.56712 0.0231129 -0.0369306
1.58202 0.0225922 -0.0349609
1.59706 0.0221165 -0.0316253
1.6112 0.0217283 -0.027453
1.62576 0.0214045 -0.0222329
1.64014 0.0211702 -0.0162971
1.65474 0.0210273 -0.00979231
1.66878 0.0209821 -0.00321434
1.68294 0.0210304 0.0034068
1.69657 0.0211608 0.00956694
1.7106 0.021377 0.0154112
1.7247 0.0216661 0.0205103
1.73886 0.0220154 0.0246546
1.75254 0.0223931 0.0276203
1.76611 0.0227929 0.029454
1.77995 0.0232094 0.0301014
1.79407 0.0236253 0.0294483
1.80812 0.0240114 0.0274939
1.8223 0.0243556 0.0242675
1.83668 0.0246417 0.0198984
1.85099 0.024851 0.0146177
1.86528 0.0249751 0.00868894
1.87874 0.0250115 0.00270906
1.89216 0.024965 -0.00346962
1.90564 0.0248373 -0.00947349
1.91976 0.0246213 -0.0152948
1.93374 0.0243361 -0.0204138
1.94743 0.023999 -0.0246105
1.96228 0.0235822 -0.0280634
1.97695 0.023138 -0.0302936
1.99144 0.0226854 -0.0312309
2.00628 0.0222282 -0.0308012
2.02133 0.0217929 -0.0289209
2.03654 0.0214037 -0.0255937
2.05053 0.0211052 -0.0213321
2.0652 0.0208715 -0.0159356
2.07974 0.020729 -0.00979854
2.09409 0.0206842 -0.00312107
2.10768 0.0207318 0.00350036
2.12167 0.0208756 0.0102828
2.13538 0.021104 0.0166541
2.14935 0.0214196 0.0225973
2.16335 0.0218091 0.0278125
2.17762 0.0222688 0.0322288
2.19173 0.0227707 0.0355566
2.20573 0.0232982 0.0376953
2.22009 0.0238524 0.0385824
2.23443 0.0243984 0.0380709
2.24886 0.0249195 0.0361329
2.26302 0.0253842 0.0327975
2.27716 0.025782 0.0281395
2.29038 0.0260832 0.0227783
2.30407 0.0263108 0.0166328
2.31694 0.0264449 0.0104202
2.32914 0.0264959 0.00418157
2.34158 0.0264698 -0.00209767
2.35496 0.0263552 -0.00856634
2.36807 0.0261664 -0.0143977
2.38076 0.0259215 -0.0193114
2.39419 0.0256042 -0.0236098
2.40789 0.0252344 -0.0270107
2.42133 0.0248399 -0.0293472
2.4356 0.0244035 -0.0305824
2.45066 0.0239453 -0.0304131
2.466 0.0235037 -0.0287982
2.48127 0.0231099 -0.0257813
2.4959 0.0227924 -0.0217015
2.5108 0.0225452 -0.0165902
2.52515 0.0223896 -0.0108461
2.53942 0.0223248 -0.00454237
2.55384 0.0223559 0.00215384
2.56799 0.0224798 0.00875368
2.58188 0.0226888 0.0150506
2.59604 0.0229857 0.0209687
2.6101 0.023353 0.026121
2.6244 0.023787 0.0303612
2.63851 0.0242591 0.0334634
2.65249 0.0247527 0.0353028
2.66653 0.0252553 0.0357928
2.6805 0.025742 0.0348414
2.69461 0.0261986 0.032366
2.70876 0.0266007 0.0284132
2.72277 0.0269261 0.0232233
2.73624 0.0271597 0.0173352
2.74953 0.0273033 0.0108087
2.76314 0.0273538 0.00370752
2.77633 0.0273098 -0.00333491
2.7891 0.0271829 -0.00993384
2.80218 0.0269708 -0.0162206
2.81529 0.0266823 -0.0219947
2.82779 0.0263472 -0.0268128
2.84158 0.0259181 -0.0311081
2.85612 0.0254173 -0.0344527
2.87051 0.0248908 -0.0365798
2.88505 0.0243454 -0.037509
2.89993 0.0237924 -0.0371651
2.91492 0.0232606 -0.0354802
2.92987 0.022775 -0.0324756
2.94433 0.0223637 -0.0284489
2.95916 0.0220181 -0.0233109
2.97357 0.0217665 -0.0174573
2.98767 0.0216077 -0.0112601
3.00219 0.0215419 -0.00453859
3.0164 0.0215723 0.00214032
3.03069 0.0216952 0.00860884
3.0451 0.0219065 0.0146515
3.05927 0.0221886 0.0199117
3.07364 0.0225369 0.0242449
3.0876 0.0229198 0.0274135
3.1014 0.0233259 0.0294463
3.11519 0.0237429 0.0302328
3.12942 0.0241666 0.0297706
3.14349 0.0245602 0.0279775
3.15742 0.0249079 0.0249586
3.1719 0.025207 0.0206535
3.18619 0.0254281 0.0154719
3.20035 0.0255645 0.00963142
3.21356 0.0256137 0.00373307
3.22663 0.0255827 -0.00237781
3.24023 0.0254661 -0.00857032
3.2543 0.0252599 -0.01466
3.26828 0.0249796 -0.0200392
3.28214 0.0246401 -0.0245096
3.29631 0.0242419 -0.0280866
3.31093 0.0237936 -0.0306713
3.32576 0.0233189 -0.0320007
3.34051 0.0228473 -0.031978
3.35573 0.0223822 -0.0305536
3.37074 0.021966 -0.0277436
3.38543 0.0216176 -0.0237111
3.40024 0.0213413 -0.0186564
3.41466 0.021156 -0.0128545
3.42879 0.0210636 -0.00653516
3.4433 0.0210689 0.00035917
3.45771 0.0211728 0.00721154
3.47133 0.0213574 0.0135504
3.48511 0.0216271 0.019571
3.49863 0.0219631 0.0248574
3.51295 0.0223858 0.0295265
3.52676 0.022842 0.0330258
3.5404 0.0233251 0.0354125
3.55436 0.0238363 0.0366187
3.56871 0.0243594 0.0364626
3.58313 0.0248621 0.0348551
3.59742 0.0253162 0.0317862
3.61189 0.0257113 0.0273073
3.62512 0.0260043 0.0221428
3.63889 0.0262257 0.0160822
3.65219 0.0263549 0.00971461
3.66438 0.0263978 0.0035172
3.67728 0.0263594 -0.00298085
3.69037 0.0262367 -0.00937312
3.70348 0.0260369 -0.0152366
3.71641 0.0257748 -0.020276
3.72961 0.02545 -0.0245931
3.74349 0.0250593 -0.0281528
3.75731 0.0246359 -0.0306395
3.77179 0.0241727 -0.0319855
3.78668 0.0236972 -0.0319328
3.80194 0.0232324 -0.0304653
3.81707 0.0228145 -0.0276245
3.83186 0.0224655 -0.0235873
3.84659 0.0221918 -0.0185832
3.86093 0.0220073 -0.0128653
3.87494 0.0219139 -0.0066663
3.88949 0.0219158 0.00012641
3.90362 0.0220115 0.00678008
3.91767 0.0221972 0.0132175
3.93177 0.0224687 0.0192482
3.94588 0.0228156 0.0245827
3.96044 0.0232388 0.0290628
3.97451 0.0236938 0.0323453
3.98846 0.024174 0.034429
4.0024 0.0246652 0.035226
4.01663 0.0251573 0.0346035
4.03094 0.0256219 0.0324409
4.04505 0.0260292 0.0288785
4.05919 0.0263685 0.024002
4.07275 0.0266174 0.0183559
4.08642 0.0267807 0.0119434
4.09918 0.0268506 0.00547598
4.11277 0.0268289 -0.00159883
4.12598 0.0267193 -0.00829462
4.13934 0.026523 -0.0146984
4.15292 0.0262436 -0.0205735
4.16527 0.025931 -0.0253106
4.17918 0.0255188 -0.0296278
4.19391 0.0250332 -0.0329669
4.20841 0.0245242 -0.0350993
4.22303 0.0239977 -0.0360293
4.23798 0.0234647 -0.0356473
4.25301 0.022955 -0.0338977
4.2681 0.0224906 -0.0307871
4.2825 0.0221063 -0.0266838
4.29736 0.0217874 -0.0214556
4.31178 0.0215633 -0.0155491
4.32603 0.0214323 -0.00918834
4.34035 0.0213974 -0.00243915
4.35461 0.0214587 0.00430166
4.3684 0.0216052 0.0106163
4.38261 0.0218413 0.0166218
4.39669 0.0221485 0.0218151
4.41105 0.0225235 0.0261177
4.42488 0.0229273 0.0291923
4.43855 0.0233525 0.0311124
4.45232 0.0237904 0.0317876
4.46652 0.0242328 0.0311541
4.48056 0.0246417 0.0291351
4.49445 0.025001 0.0258711
4.50889 0.0253081 0.0212623
4.52324 0.0255339 0.0157363
4.53734 0.0256696 0.00962364
4.55043 0.0257156 0.00351403
4.56383 0.0256758 -0.00296736
4.57724 0.0255515 -0.00927187
4.59156 0.0253286 -0.0155663
4.60548 0.0250361 -0.0210108
4.61891 0.0246941 -0.0254706
4.63345 0.0242689 -0.0292275
4.64798 0.0238055 -0.0318929
4.66254 0.0233206 -0.0333166
4.67729 0.0228276 -0.0334242
4.69248 0.0223395 -0.032136
4.70747 0.0218978 -0.029447
4.72242 0.021518 -0.0254202
4.7369 0.0212211 -0.0204949
4.75117 0.0210105 -0.0147552
4.76496 0.0208919 -0.0086028
4.77945 0.0208673 -0.00170054
4.79356 0.0209392 0.00509427
4.80749 0.0211014 0.0116498
4.8212 0.0213451 0.0177709
4.83474 0.0216595 0.023222
4.849 0.0220596 0.0280581
4.86292 0.022502 0.0317773
4.8766 0.0229723 0.034385
4.89056 0.0234729 0.0358402
4.90504 0.0239935 0.0359477
4.91959 0.0244966 0.0345994
4.93403 0.0249556 0.0317837
4.94859 0.0253569 0.0275507
4.96209 0.0256609 0.0225344
4.97607 0.0258921 0.0165308
4.98987 0.0260313 0.0100822
5.00272 0.0260788 0.00369768
5.01591 0.0260405 -0.00289852
5.02932 0.0259148 -0.00937658
5.04247 0.0257148 -0.0152072
5.05563 0.0254475 -0.0203111
5.06889 0.0251211 -0.0246263
5.08286 0.0247272 -0.0281859
5.09674 0.0243018 -0.0306528
5.11101 0.0238458 -0.0319458
5.12593 0.0233705 -0.0318569
5.14124 0.0229061 -0.0303314
5.15639 0.0224907 -0.0274251
5.17105 0.0221483 -0.0233453
5.18586 0.0218783 -0.0182378
5.2003 0.0216992 -0.0124015
5.21446 0.0216133 -0.00606505
5.22895 0.0216245 0.000769471
5.24327 0.0217322 0.00752533
5.25701 0.0219225 0.0138476
5.27098 0.0221993 0.0198261
5.28479 0.0225457 0.0250776
5.29934 0.0229765 0.0296094
5.31335 0.0234378 0.0329218
5.32725 0.0239255 0.0350811
5.34133 0.0244318 0.035974
5.3556 0.0249377 0.0354439
5.36997 0.0254175 0.0333859
5.38428 0.0258449 0.0298675
5.39848 0.0262005 0.0250374
5.41209 0.0264646 0.0194096
5.42576 0.0266433 0.0130729
5.43848 0.0267285 0.00669343
5.45151 0.0267273 -8.83893e-05
5.46467 0.026638 -0.00678991
5.47821 0.0264575 -0.0133215
5.49152 0.026203 -0.0191268
5.50394 0.025906 -0.0239114
5.51767 0.0255182 -0.0282449
5.53226 0.0250557 -0.0316969
5.54685 0.02456 -0.0339746
5.56149 0.0240473 -0.0350055
5.57648 0.0235272 -0.0346989
5.59162 0.0230277 -0.0330013
5.60677 0.0225743 -0.029937
5.62126 0.0221997 -0.0258508
5.63618 0.0218916 -0.0206404
5.65062 0.0216785 -0.0147616
5.6649 0.0215585 -0.00840847
5.6793 0.0215349 -0.00163393
5.69363 0.0216082 0.00511764
5.70746 0.0217664 0.0114404
5.72166 0.0220141 0.0174393
5.73576 0.0223334 0.0226413
5.75017 0.0227216 0.0269387
5.76405 0.023138 0.030006
5.77776 0.0235754 0.0319104
5.79156 0.0240245 0.0325496
5.80581 0.0244783 0.0318474
5.8199 0.0248973 0.0297235
5.8338 0.0252633 0.0263299
5.84816 0.0255737 0.0216151
5.86242 0.0258015 0.0159822
5.87653 0.0259386 0.00970934
5.88964 0.0259837 0.00344383
5.90358 0.0259363 -0.0034013
5.91718 0.0258016 -0.00990586
5.93093 0.0255806 -0.0160648
5.94466 0.0252847 -0.0215523
5.95791 0.0249392 -0.0260916
5.97232 0.0245076 -0.0299493
5.98682 0.0240328 -0.0327252
6.00152 0.0235289 -0.0342853
6.01627 0.0230197 -0.0345205
6.03144 0.0225135 -0.0333766
6.04643 0.0220509 -0.0308528
6.06163 0.0216419 -0.0269114
6.07586 0.0213262 -0.022186
6.09016 0.0210897 -0.0165367
6.10408 0.020945 -0.010393
6.11846 0.0208931 -0.00360787
6.13255 0.0209378 0.00317274
6.14696 0.021081 0.00993123
6.16086 0.0213052 0.0161314
6.17462 0.0216036 0.02169
6.18898 0.0219851 0.0265684
6.20298 0.0224098 0.0303141
6.21671 0.0228619 0.032943
6.23058 0.0233392 0.0344078
6.24491 0.0238345 0.03456
6.25935 0.0243151 0.0332818
6.27359 0.0247505 0.0305859
6.28829 0.0251389 0.0264255
6.30187 0.0254305 0.021472
6.31589 0.0256487 0.0155535
6.32985 0.025776 0.00912057
6.34307 0.0258109 0.00264097
6.35632 0.0257587 -0.00393737
6.37008 0.0256143 -0.010494
6.38321 0.0254014 -0.0162212
6.39654 0.0251172 -0.0213175
6.40984 0.0247769 -0.0255802
6.42411 0.0243617 -0.0291118
6.4381 0.0239212 -0.0314828
6.45244 0.0234529 -0.032652
6.46737 0.0229685 -0.0324393
6.48263 0.0224988 -0.0307775
6.49779 0.0220785 -0.0277214
6.51231 0.0217369 -0.0235407
6.52707 0.0214667 -0.0182986
6.54168 0.0212874 -0.0122751
6.55616 0.021205 -0.00569035
6.57032 0.0212207 0.00111229
6.58455 0.0213333 0.00790677
6.59806 0.0215244 0.0141503
6.61197 0.0218042 0.0201116
6.62565 0.0221503 0.0253145
6.6401 0.0225817 0.0298377
6.65407 0.0230451 0.0331689
6.66785 0.0235323 0.0353548
6.68199 0.0240458 0.0363145
6.69638 0.0245616 0.0358639
6.71087 0.0250532 0.0339171
6.72534 0.0254943 0.0304756
6.73965 0.0258623 0.0257306
6.75314 0.0261353 0.0202375
6.76683 0.0263273 0.0140227
6.77966 0.0264263 0.00771235
6.79205 0.0264426 0.00131971
6.80496 0.0263752 -0.00522946
6.8188 0.0262104 -0.0119001
6.83228 0.025971 -0.0177581
6.84501 0.0256832 -0.0226123
6.85847 0.0253217 -0.0268651
6.87249 0.0248971 -0.0302891
6.8866 0.0244368 -0.0326185
6.90127 0.0239417 -0.033747
6.91628 0.0234392 -0.033471
6.93153 0.0229548 -0.0317652
6.9467 0.0225194 -0.0286915
6.96122 0.0221627 -0.0245821
6.97609 0.0218746 -0.0193778
6.99061 0.021679 -0.0134661
7.00498 0.0215777 -0.00705058
7.01931 0.0215735 -0.000292827
7.03367 0.0216663 0.00646448
7.04736 0.0218405 0.0127224
