t x vx
0.01 0.0219873 -0.00126749
0.02 0.0219548 -0.00325317
0.034469 0.0218675 -0.00603438
0.0491864 0.0217372 -0.00885093
0.0645724 0.0215563 -0.0117616
0.0802993 0.021326 -0.0146391
0.096184 0.0210504 -0.0173541
0.112039 0.0207378 -0.0197129
0.128033 0.0203899 -0.0217522
0.144002 0.0200209 -0.0231077
0.159835 0.019645 -0.0237395
0.175416 0.0192779 -0.0235605
0.190554 0.0189363 -0.0225691
0.205737 0.0186195 -0.0208671
0.220199 0.0183514 -0.0185397
0.235084 0.0181202 -0.0155267
0.250115 0.0179412 -0.0119118
0.265085 0.0178246 -0.00779041
0.279816 0.0177746 -0.00339162
0.294964 0.0177979 0.00154011
0.309401 0.0178901 0.0063848
0.324764 0.0180672 0.0115282
0.339246 0.0183034 0.0163061
0.354592 0.0186264 0.0210491
0.36947 0.0190016 0.025221
0.38428 0.0194292 0.0288748
0.399171 0.0199045 0.0319151
0.413999 0.020412 0.0342269
0.42903 0.0209493 0.0357459
0.444302 0.0215051 0.0363928
0.459511 0.0220549 0.0361505
0.474654 0.0225843 0.0349581
0.48938 0.0230682 0.0328629
0.504152 0.0235101 0.0299161
0.518816 0.0238936 0.0261477
0.533009 0.0242025 0.0217685
0.547417 0.0244438 0.0167473
0.561322 0.0246038 0.0115078
0.575415 0.0246861 0.00583968
0.589478 0.0246857 -2.94569e-05
0.602601 0.0246147 -0.00541195
0.616586 0.0244647 -0.0107242
0.630096 0.0242568 -0.0153884
0.642659 0.0240159 -0.0191812
0.655353 0.0237317 -0.0223809
0.668599 0.0234018 -0.0249139
0.682131 0.0230415 -0.0266228
0.696119 0.0226589 -0.0273517
0.709999 0.0222831 -0.0270764
0.724283 0.0219154 -0.0257366
0.739367 0.0215656 -0.0231959
0.753905 0.0212792 -0.0196984
0.768502 0.0210537 -0.0154481
0.783218 0.0209016 -0.0103369
0.797207 0.0208338 -0.00484318
0.811375 0.020851 0.00121158
0.82505 0.0209498 0.00722544
0.839036 0.0211344 0.0131981
0.853037 0.021398 0.0188306
0.867205 0.0217359 0.0238451
0.881291 0.0221307 0.0280283
0.895131 0.0225618 0.0311533
0.908851 0.0230157 0.0330808
0.922712 0.0234848 0.0338416
0.936855 0.0239568 0.033374
0.951297 0.0244117 0.0314987
0.965428 0.0248121 0.0283332
0.979586 0.0251495 0.0238364
0.993892 0.0254115 0.0183132
1.00783 0.0255819 0.0122264
1.02122 0.0256599 0.00582344
1.03404 0.0256527 -0.000561293
1.04706 0.0255614 -0.00701073
1.05988 0.025394 -0.013056
1.07288 0.0251523 -0.0185992
1.08616 0.0248397 -0.0235396
1.09902 0.0244859 -0.0275155
1.11156 0.024103 -0.0305235
1.12451 0.0236814 -0.0325664
1.13868 0.0232058 -0.0335538
1.15301 0.02273 -0.0332043
1.16794 0.0222614 -0.0313944
1.18285 0.021842 -0.0281192
1.19728 0.0214999 -0.0237146
1.21195 0.0212332 -0.0181708
1.22622 0.0210621 -0.011994
1.24055 0.0209882 -0.00515573
1.25438 0.0210135 0.00183166
1.26848 0.0211402 0.00898335
1.28183 0.0213486 0.015605
1.29567 0.0216529 0.0219872
1.3093 0.0220275 0.0274998
1.32338 0.0224836 0.0323876
1.33699 0.0229757 0.0361582
1.35032 0.0234932 0.0388259
1.36404 0.0240454 0.0402365
1.37815 0.0246141 0.0403134
1.39212 0.0251582 0.0389404
1.40579 0.0256528 0.0361851
1.41981 0.0261005 0.0319165
1.43329 0.0264582 0.0265481
1.4466 0.0267286 0.0203134
1.46014 0.0269086 0.0132991
1.47312 0.0269877 0.00609767
1.4859 0.0269721 -0.00122275
1.49873 0.0268634 -0.00848108
1.51108 0.0266768 -0.0151026
1.52361 0.0264116 -0.0211584
1.53578 0.0260901 -0.0264182
1.5493 0.025666 -0.0313777
1.56291 0.0251854 -0.0353165
1.57685 0.0246528 -0.0382011
1.59118 0.0240816 -0.0398617
1.60554 0.0235044 -0.0401963
1.62031 0.0229252 -0.0392032
1.63532 0.0223734 -0.036774
1.65044 0.0218752 -0.0329452
1.66472 0.0214724 -0.0282099
1.67902 0.0211507 -0.0224916
1.69304 0.0209245 -0.0161377
1.70737 0.0207918 -0.00925877
1.72103 0.0207591 -0.00239612
1.73498 0.0208231 0.00458304
1.74841 0.0209711 0.0110255
1.7618 0.0211987 0.0169945
1.77572 0.0215099 0.0223526
1.78968 0.0218819 0.0266598
1.80316 0.0222833 0.02976
1.81647 0.022705 0.0317016
1.83013 0.0231481 0.0324375
1.84401 0.0235903 0.0318449
1.85749 0.0239944 0.0299838
1.87137 0.0243661 0.0267828
1.88611 0.0246925 0.0221383
1.90052 0.0249295 0.0164446
1.91457 0.0250718 0.0101348
1.92787 0.025121 0.00369513
1.94079 0.0250827 -0.00295843
1.95396 0.0249555 -0.00966837
1.96762 0.0247316 -0.0163855
1.98128 0.0244247 -0.0224608
1.99493 0.0240463 -0.0277199
2.00885 0.0235982 -0.0322017
2.02302 0.0230918 -0.0357324
2.03727 0.0225502 -0.0380192
2.05171 0.021987 -0.0390016
2.06644 0.0214189 -0.0385759
2.08142 0.0208699 -0.036648
2.09647 0.02037 -0.0332009
2.11128 0.0199492 -0.0284127
2.12549 0.0196263 -0.0227287
2.13931 0.0193994 -0.0164134
2.15289 0.0192686 -0.00963159
2.16645 0.0192343 -0.00253114
2.1801 0.0192989 0.00473219
2.19346 0.0194529 0.0115322
2.20754 0.0197089 0.0181691
2.22123 0.020036 0.0239059
2.23519 0.0204403 0.0289427
2.24879 0.0208871 0.0328638
2.2623 0.0213701 0.0357533
2.27646 0.0219021 0.037563
2.29117 0.022462 0.0380603
2.30593 0.0230095 0.0371093
2.32074 0.0235239 0.0347302
2.33556 0.0239818 0.0308852
2.34991 0.0243537 0.0259305
2.36408 0.0246365 0.0199517
2.37813 0.0248256 0.0134637
2.39162 0.024919 0.0069169
2.40491 0.0249216 0.00019582
2.41857 0.0248313 -0.00660862
2.43188 0.024659 -0.012949
2.4454 0.0244045 -0.0188202
2.459 0.0240793 -0.0239159
2.47318 0.0236793 -0.0282103
2.48659 0.0232608 -0.031204
2.50001 0.0228172 -0.0330433
2.51472 0.0223221 -0.0336599
2.52952 0.0218368 -0.0327892
2.54456 0.0213799 -0.0303869
2.55962 0.0209807 -0.0265039
2.57343 0.020679 -0.0218418
2.58767 0.020449 -0.016152
2.6016 0.0203107 -0.00993061
2.61582 0.0202666 -0.00310448
2.62957 0.0203177 0.00371798
2.64408 0.0204747 0.0108211
2.65796 0.0207154 0.0173439
2.67165 0.0210338 0.0232463
2.68571 0.0214341 0.0284816
2.69991 0.0218999 0.0327971
2.71406 0.0224098 0.0360441
2.72809 0.0229447 0.0381083
2.74264 0.0235103 0.0388743
2.75715 0.0240644 0.0381942
2.77168 0.0245893 0.0361117
2.78624 0.0250632 0.0325575
2.80059 0.0254611 0.0277205
2.81451 0.0257657 0.021877
2.82844 0.0259794 0.0153559
2.84144 0.026094 0.00880701
2.85431 0.0261192 0.00196135
2.86739 0.0260538 -0.00499999
2.8809 0.0258935 -0.0118707
2.89423 0.0256517 -0.0181345
2.90697 0.0253535 -0.0234011
2.92072 0.0249656 -0.0282229
2.93456 0.0245228 -0.0319974
2.94806 0.0240563 -0.0345427
2.96248 0.0235383 -0.0359278
2.97727 0.023008 -0.0358669
2.99231 0.0224909 -0.0343571
3.00739 0.0220177 -0.0313936
3.0225 0.0216087 -0.0270677
3.03668 0.021298 -0.0219138
3.05112 0.0210696 -0.0158216
3.06498 0.0209387 -0.00944053
3.07959 0.0209042 -0.00235842
3.09392 0.0209724 0.00475578
3.10803 0.0211358 0.0115773
3.12221 0.0213902 0.0179549
3.13633 0.0217245 0.023659
3.15072 0.0221342 0.0284898
3.16464 0.022582 0.0321485
3.17829 0.0230553 0.034682
3.19204 0.0235502 0.0359984
3.2064 0.0240679 0.0360411
3.22061 0.0245603 0.0346466
3.23451 0.025004 0.0319282
3.24906 0.0254058 0.0276243
3.26252 0.025709 0.0225204
3.27657 0.0259378 0.0162893
3.29023 0.0260695 0.00963961
3.30328 0.0261068 0.00285356
3.31628 0.0260531 -0.00412841
3.33001 0.0258976 -0.0113327
3.34302 0.0256679 -0.017647
3.35613 0.0253626 -0.0232951
3.36918 0.0249951 -0.0281634
3.38313 0.0245424 -0.0324531
3.39725 0.0240389 -0.0356378
3.41163 0.0234986 -0.0375923
3.42601 0.022949 -0.0382015
3.44085 0.0223938 -0.0374286
3.45598 0.0218619 -0.0351516
3.47116 0.0213849 -0.0314181
3.48556 0.0210003 -0.0267015
3.50001 0.0206976 -0.0209532
3.51407 0.0204928 -0.014568
3.52842 0.0203833 -0.00763659
3.5421 0.0203737 -0.000701649
3.55606 0.0204625 0.00636307
3.56937 0.0206338 0.0128751
3.58293 0.020892 0.0190294
3.59675 0.021231 0.0245287
3.61081 0.0216409 0.0291525
3.62425 0.0220788 0.0325833
3.63761 0.0225456 0.0349516
3.65132 0.0230414 0.0361639
3.66534 0.0235478 0.0361117
3.67928 0.0240316 0.0347169
3.69319 0.0244767 0.0319995
3.70787 0.024883 0.0276797
3.72155 0.0251906 0.0224877
3.73572 0.0254205 0.0162226
3.74953 0.0255532 0.0096059
3.76291 0.0255904 0.00277981
3.77596 0.0255375 -0.00405185
3.78984 0.0253835 -0.0110998
3.80285 0.0251591 -0.0172451
3.81626 0.0248526 -0.022852
3.82979 0.0244779 -0.027692
3.844 0.0240266 -0.0317708
3.85833 0.02353 -0.0346427
3.87254 0.0230161 -0.0361776
3.88722 0.0224821 -0.0363794
3.90222 0.021955 -0.0351302
3.91743 0.0214631 -0.0323478
3.93261 0.0210363 -0.0281104
3.94657 0.0207134 -0.0231261
3.96083 0.0204688 -0.017154
3.97483 0.0203201 -0.0106217
3.98925 0.0202692 -0.00353252
4.00298 0.0203161 0.00342135
4.01712 0.0204641 0.0104648
4.03103 0.0207007 0.0170074
4.04457 0.02101 0.0228384
4.05884 0.0214109 0.0280924
4.07282 0.0218612 0.0322273
4.08637 0.0223395 0.0352729
4.10016 0.0228523 0.0371976
4.11447 0.0233944 0.0378871
4.12877 0.023926 0.0371696
4.1431 0.0244284 0.0350567
4.1577 0.0248869 0.0314183
4.1719 0.0252645 0.0265708
4.18579 0.0255522 0.0207214
4.1998 0.0257507 0.0141715
4.21291 0.0258504 0.00760244
4.22592 0.0258598 0.000722219
4.23914 0.0257773 -0.00623713
4.25274 0.0256005 -0.0130065
4.26622 0.0253426 -0.0191279
4.27913 0.0250292 -0.0242645
4.29305 0.0246269 -0.0289166
4.30695 0.0241755 -0.0324692
4.32071 0.0236966 -0.0347937
4.33533 0.0231721 -0.0358849
4.35008 0.0226482 -0.0355113
4.36526 0.0221371 -0.0336654
4.38036 0.0216787 -0.0303592
4.39516 0.0212964 -0.0258398
4.40976 0.021 -0.0203017
4.42405 0.0207989 -0.0140691
4.43802 0.0206941 -0.00750296
4.45215 0.0206868 -0.000514527
4.4663 0.0207795 0.00655243
4.47981 0.0209569 0.0131246
4.49394 0.0212318 0.0194598
4.50782 0.0215789 0.0250064
4.52218 0.0220066 0.029786
4.53598 0.0224675 0.0333941
4.5496 0.0229569 0.0359247
4.5635 0.0234745 0.0372488
4.57782 0.0240083 0.0372819
4.59223 0.0245254 0.0358681
4.60628 0.0249902 0.0330918
4.62081 0.025408 0.0287516
4.63429 0.0257258 0.0235853
4.64832 0.0259686 0.0173025
4.66192 0.0261136 0.010664
4.6749 0.0261641 0.00388808
4.68786 0.0261244 -0.00306382
4.70144 0.0259855 -0.0102281
4.71434 0.0257719 -0.0165549
4.72741 0.025481 -0.0222584
4.74055 0.0251235 -0.0272178
4.75453 0.0246819 -0.0315689
4.76825 0.0242056 -0.0347306
4.7827 0.0236741 -0.0367727
4.79724 0.0231298 -0.0374318
4.81216 0.0225828 -0.0366766
4.82739 0.0220587 -0.03441
4.84258 0.0215923 -0.0307064
4.85697 0.0212175 -0.0260352
4.87151 0.0209223 -0.0203106
4.88573 0.0207246 -0.013904
4.90015 0.0206236 -0.00700298
4.91394 0.0206226 -7.29815e-05
4.92796 0.0207201 0.00695396
4.94132 0.0208994 0.0134278
4.95502 0.0211675 0.0195707
4.96893 0.0215161 0.0250462
4.98309 0.0219354 0.0296232
4.99665 0.0223832 0.0330079
5.01008 0.0228573 0.0353062
5.02385 0.0233588 0.0364254
5.03788 0.0238678 0.0362652
5.05183 0.0243526 0.0347517
5.06581 0.0247982 0.0318842
5.08043 0.0251992 0.0274298
5.09407 0.0255005 0.0221
5.1082 0.0257231 0.0157469
5.12183 0.0258472 0.00910333
5.13477 0.0258777 0.00235858
5.14767 0.0258197 -0.00449362
5.16127 0.0256628 -0.0115383
5.17433 0.0254306 -0.0177792
5.18754 0.025122 -0.0233618
5.20097 0.0247431 -0.0282144
5.21517 0.0242836 -0.0323656
5.22914 0.0237908 -0.0352731
5.24355 0.0232582 -0.0369629
5.25823 0.0227111 -0.0372704
5.27323 0.0221692 -0.0361263
5.2885 0.0216584 -0.0334512
5.30379 0.0212102 -0.029305
5.31783 0.0208678 -0.0243809
5.33209 0.0206046 -0.0184638
5.34613 0.0204371 -0.0119275
5.36069 0.0203675 -0.00478313
5.37417 0.0203958 0.00210107
5.38838 0.020527 0.00923003
5.40237 0.0207488 0.0158584
5.41573 0.0210386 0.0217022
5.43 0.0214249 0.0270658
5.44394 0.0218613 0.0312959
5.45747 0.022327 0.0344298
5.47108 0.0228234 0.03646
5.48515 0.0233481 0.037293
5.49928 0.0238677 0.0367686
5.5133 0.0243568 0.0349034
5.52775 0.0248126 0.0315354
5.54226 0.025201 0.02678
5.55634 0.0254966 0.0209863
5.57042 0.0257003 0.0144746
5.5834 0.0258045 0.0080229
5.59608 0.0258217 0.0013561
5.60881 0.0257534 -0.00536123
5.62209 0.0255922 -0.0121424
5.63533 0.0253492 -0.0183497
5.64838 0.0250398 -0.023704
5.66225 0.0246441 -0.0285268
5.6765 0.0241826 -0.0324021
5.6905 0.0236929 -0.0349856
5.70488 0.0231708 -0.0362984
5.71972 0.0226336 -0.0361942
5.73489 0.0221089 -0.0346042
5.75015 0.0216282 -0.0314962
5.7653 0.0212189 -0.027017
5.7794 0.0209119 -0.021764
5.79382 0.0206875 -0.0155621
5.80763 0.0205628 -0.00903194
5.8222 0.0205361 -0.00183418
5.83626 0.0206103 0.00527243
5.85004 0.0207763 0.012054
5.86405 0.021035 0.0184658
5.87796 0.0213716 0.0241997
5.89234 0.0217916 0.0291877
5.90618 0.0222483 0.0330031
5.91974 0.0227329 0.0357428
5.93356 0.0232485 0.0373234
5.94797 0.0237911 0.0376392
5.96227 0.0243133 0.0365101
5.9763 0.0247909 0.0340416
5.99087 0.0252278 0.0299917
6.00462 0.025571 0.0249734
6.01843 0.0258325 0.0189218
6.03244 0.0260033 0.0121938
6.04621 0.0260741 0.00513966
6.05952 0.0260475 -0.00199427
6.07331 0.0259198 -0.00926367
6.08611 0.0257201 -0.0156053
6.09938 0.025435 -0.021478
6.11251 0.0250865 -0.0265385
6.1266 0.0246493 -0.0310352
6.14023 0.0241816 -0.0343132
6.15445 0.0236627 -0.0364837
6.16901 0.0231195 -0.0373187
6.18392 0.0225718 -0.0367221
6.19918 0.0220439 -0.0346051
6.21438 0.0215721 -0.0310314
6.229 0.0211863 -0.0263824
6.24369 0.020883 -0.0206573
6.25796 0.0206796 -0.0142555
6.27213 0.0205736 -0.00747981
6.28601 0.0205665 -0.000511834
6.30005 0.0206583 0.00654396
6.3134 0.0208325 0.0130519
6.32731 0.0211012 0.0193105
6.34124 0.0214472 0.0248384
6.35543 0.0218657 0.0294917
6.36904 0.0223143 0.0329721
6.3825 0.0227908 0.0353837
6.39629 0.0232955 0.0366147
6.41039 0.0238113 0.0365729
6.4245 0.0243071 0.0351477
6.43845 0.0247588 0.0323813
6.45309 0.0251688 0.0280005
6.46665 0.0254779 0.0227935
6.48077 0.0257107 0.0164874
6.49443 0.0258454 0.00985387
6.5076 0.0258851 0.0030205
6.52054 0.0258349 -0.0038748
6.53426 0.025684 -0.0110052
6.54718 0.0254612 -0.0172368
6.5604 0.0251586 -0.0228954
6.57374 0.0247876 -0.0278071
6.588 0.0243304 -0.0320714
6.602 0.023839 -0.0350903
6.61634 0.0233099 -0.0368951
6.63109 0.0227592 -0.037332
6.64612 0.0222136 -0.0363028
6.66144 0.021697 -0.0337343
6.67675 0.0212423 -0.0296953
6.69092 0.0208906 -0.0248161
6.70524 0.0206195 -0.0189263
6.71926 0.0204452 -0.0124316
6.73377 0.0203679 -0.00533095
6.74725 0.0203888 0.0015516
6.76139 0.0205114 0.00867122
6.77523 0.0207232 0.0153017
6.78865 0.021008 0.0212316
6.80273 0.0213831 0.0266273
6.81678 0.0218185 0.0310027
6.83031 0.0222819 0.0342491
6.84386 0.0227756 0.0364158
6.85786 0.0232989 0.037397
6.87199 0.0238227 0.0370526
6.88607 0.0243201 0.0353474
6.90038 0.0247808 0.0321875
6.91489 0.025181 0.0275706
6.92865 0.0254839 0.0220291
6.94275 0.0257039 0.0155906
6.95602 0.025824 0.00905756
6.96874 0.0258545 0.00239457
6.98155 0.0257985 -0.00437367
6.99492 0.0256478 -0.0112714
7.00818 0.0254146 -0.0175825
