t x vx
0.01 0.0220005 5.47104e-05
0.02 0.0220013 7.50507e-05
0.0464399 0.0220051 0.000143291
0.0730935 0.0220112 0.000230125
0.100856 0.0220208 0.000343515
0.129739 0.0220348 0.000485593
0.159574 0.0220542 0.000651825
0.190071 0.0220797 0.000833814
0.22083 0.0221114 0.00103202
0.251545 0.0221499 0.00125239
0.282066 0.0221956 0.00149744
0.312208 0.0222483 0.00175061
0.341933 0.0223083 0.00201712
0.37109 0.0223749 0.00228306
0.399654 0.0224468 0.00252006
0.42815 0.0225258 0.00276906
0.456343 0.0226112 0.00302901
0.483477 0.0227 0.00327554
0.511009 0.0227967 0.00351046
0.539162 0.0229018 0.00373337
0.567589 0.0230136 0.00393425
0.596176 0.0231308 0.00409874
0.62476 0.0232515 0.00422269
0.653171 0.0233734 0.00429081
0.681399 0.0234945 0.00429137
0.70943 0.0236127 0.00421448
0.73728 0.0237257 0.0040583
0.764988 0.0238316 0.00382263
0.792575 0.0239285 0.00351321
0.819983 0.0240145 0.00313528
0.847283 0.0240879 0.00269167
0.874531 0.0241475 0.0021866
0.901762 0.024192 0.00163277
0.928671 0.0242204 0.00105556
0.955709 0.0242329 0.000462254
0.982745 0.0242296 -0.000122256
1.00991 0.0242114 -0.000670555
1.03729 0.0241798 -0.00115463
1.06478 0.0241369 -0.00155985
1.09244 0.024085 -0.0018744
1.12029 0.0240265 -0.00210034
1.14833 0.0239604 -0.00235742
1.17633 0.0238896 -0.00252842
1.20417 0.0238165 -0.00262597
1.23175 0.0237431 -0.00266288
1.2591 0.0236705 -0.00265449
1.28628 0.0235993 -0.00261805
1.31338 0.0235295 -0.00257483
1.3405 0.0234604 -0.00254891
1.36771 0.0233907 -0.00256347
1.39495 0.0233188 -0.00263839
1.42217 0.023243 -0.00278601
1.44943 0.0231608 -0.00301392
1.4768 0.0230698 -0.00332484
1.50433 0.0229678 -0.00370503
1.53184 0.0228542 -0.00413197
1.55911 0.0227294 -0.00457533
1.58612 0.0225942 -0.00500467
1.61291 0.0224498 -0.00538887
1.63946 0.0222984 -0.00570149
1.66533 0.0221453 -0.0059188
1.69054 0.0219934 -0.00602949
1.71536 0.0218436 -0.0060306
1.74013 0.0216971 -0.0059182
1.76516 0.0215544 -0.00570049
1.79067 0.0214171 -0.00538095
1.81683 0.0212874 -0.00495806
1.84351 0.0211691 -0.00443278
1.86947 0.0210695 -0.00383828
1.89533 0.0209872 -0.00318125
1.92164 0.0209223 -0.00246577
1.94769 0.0208771 -0.00173861
1.97377 0.0208502 -0.00102903
1.99967 0.0208409 -0.000360128
2.02547 0.0208473 0.000249607
2.05128 0.0208677 0.000787748
2.07717 0.0209 0.00124935
2.1032 0.0209427 0.00163775
2.12912 0.0209932 0.00194918
2.15508 0.0210496 0.0021728
2.18132 0.0211095 0.00228488
2.20812 0.0211707 0.00228356
2.23532 0.0212302 0.00218605
2.26182 0.0212839 0.00202786
2.28783 0.0213318 0.00183889
2.31337 0.0213737 0.0016429
2.3385 0.0214104 0.0014612
2.36336 0.021443 0.0013102
2.38821 0.0214728 0.00120059
2.41332 0.0215017 0.00114748
2.43884 0.0215315 0.00116909
2.46445 0.0215639 0.0012654
2.49018 0.0216005 0.00142235
2.51617 0.0216428 0.00162915
2.54261 0.0216923 0.00186991
2.56902 0.0217483 0.00212156
2.5953 0.0218105 0.00236541
2.62156 0.0218784 0.00258514
2.648 0.0219516 0.00276856
2.67407 0.0220271 0.00289912
2.70028 0.022105 0.00297187
2.727 0.0221846 0.00297905
2.75421 0.0222638 0.00290823
2.78158 0.022339 0.00274934
2.80891 0.0224075 0.00250583
2.83636 0.0224675 0.00218621
2.86409 0.0225173 0.00179733
2.89178 0.022555 0.00135919
2.91943 0.0225797 0.000892617
2.9462 0.0225913 0.000435834
2.97214 0.0225916 1.21485e-05
2.99746 0.0225824 -0.00036618
3.02249 0.0225652 -0.000688214
3.04752 0.0225415 -0.00094489
3.07279 0.0225131 -0.00112414
3.09846 0.0224818 -0.00121878
3.12441 0.02245 -0.00122564
3.15072 0.0224198 -0.00114939
3.17748 0.022393 -0.000999133
3.20477 0.0223714 -0.000792242
3.23168 0.0223563 -0.000559875
3.25819 0.0223476 -0.000329863
3.28435 0.0223442 -0.000130079
3.31029 0.0223447 1.91248e-05
3.33598 0.0223473 0.000101058
3.36141 0.02235 0.000105197
3.38671 0.0223508 3.13632e-05
3.41202 0.0223479 -0.000113917
3.43752 0.0223398 -0.000317379
3.46305 0.0223254 -0.000561741
3.48829 0.0223046 -0.00082521
3.51355 0.0222771 -0.00109036
3.53902 0.0222429 -0.00134197
3.5645 0.0222031 -0.00155973
3.58932 0.0221604 -0.00172262
3.61375 0.0221159 -0.00182234
3.63811 0.0220708 -0.00185032
3.66258 0.0220267 -0.00180343
3.68702 0.0219856 -0.00167849
3.71153 0.0219494 -0.00147834
3.7362 0.0219197 -0.00120547
3.76143 0.0218976 -0.000874859
3.78648 0.0218847 -0.000515874
3.81166 0.0218808 -0.000152987
3.83733 0.021886 0.0002022
3.8629 0.0218992 0.000516476
3.8883 0.0219185 0.000756936
3.9137 0.0219413 0.000900573
3.93843 0.0219645 0.000937025
3.96278 0.0219859 0.000881222
3.98706 0.0220042 0.000751396
4.0116 0.022018 0.000562849
4.0367 0.0220263 0.00033105
4.0626 0.0220282 7.22191e-05
4.08945 0.0220229 -0.000197531
4.11637 0.0220108 -0.000449388
4.1433 0.0219929 -0.000664169
4.16988 0.0219711 -0.000821808
4.19629 0.021947 -0.000911336
4.22266 0.0219226 -0.000926863
4.24911 0.0218996 -0.000868025
4.27576 0.02188 -0.000735863
4.30267 0.0218656 -0.000533804
4.3295 0.0218583 -0.000273584
4.35645 0.021859 2.56424e-05
4.38325 0.021868 0.000336069
4.40946 0.0218845 0.000631404
4.43515 0.0219076 0.000899268
4.46061 0.0219362 0.00112388
4.48608 0.021969 0.00128483
4.51111 0.022003 0.00135831
4.53578 0.0220361 0.00134476
4.5604 0.022067 0.00125441
4.58532 0.0220943 0.00109428
4.61071 0.0221165 0.000874005
4.63631 0.022132 0.000606068
4.66198 0.0221399 0.000307042
4.6879 0.0221397 -5.81208e-06
4.71342 0.0221321 -0.000300461
4.73837 0.0221183 -0.000549369
4.76308 0.0221003 -0.00073049
4.78788 0.0220796 -0.000834212
4.81261 0.0220585 -0.000854173
4.83724 0.022039 -0.000790134
4.8614 0.0220233 -0.000652787
4.88563 0.0220123 -0.000451427
4.91038 0.0220076 -0.000192185
4.93589 0.0220105 0.000114598
4.96132 0.0220216 0.000435467
4.987 0.0220408 0.000748265
5.01268 0.0220668 0.00101371
5.03818 0.0220976 0.00120633
5.06373 0.022131 0.0013072
5.08895 0.0221639 0.00130682
5.11381 0.0221941 0.00121387
5.13788 0.0222192 0.00104464
5.16111 0.0222382 0.00081603
5.18356 0.0222504 0.000541677
5.20533 0.0222555 0.000238019
5.22656 0.0222538 -8.16684e-05
5.24743 0.0222453 -0.00040642
5.26809 0.0222304 -0.000720723
5.28863 0.0222098 -0.00100508
5.30917 0.0221843 -0.00124287
5.32974 0.022155 -0.00142104
5.35037 0.0221234 -0.00153322
5.37106 0.0220908 -0.00157586
5.39176 0.0220588 -0.00154779
5.41245 0.0220288 -0.00145044
5.43309 0.0220022 -0.0012876
5.45368 0.0219802 -0.00106747
5.47423 0.0219637 -0.000802487
5.49483 0.0219534 -0.000502344
5.51565 0.0219497 -0.000176888
5.53686 0.0219531 0.000159963
5.55863 0.0219638 0.000494684
5.58115 0.0219821 0.00081109
5.60456 0.0220075 0.00108312
5.62895 0.0220387 0.00128241
5.65438 0.022074 0.00138578
5.67987 0.0221088 0.00136791
5.70528 0.0221402 0.00123272
5.7307 0.0221655 0.000998152
5.75651 0.0221833 0.000686415
5.78269 0.0221917 0.000321141
5.80807 0.0221902 -5.72373e-05
5.83268 0.0221798 -0.000421643
5.85614 0.0221623 -0.000747698
5.87859 0.0221394 -0.00102047
5.90013 0.0221129 -0.00122847
5.92097 0.0220845 -0.00136263
5.94123 0.0220558 -0.00141721
5.96103 0.0220282 -0.00139312
5.98046 0.022003 -0.00129999
5.99961 0.021981 -0.00114738
6.01856 0.0219631 -0.000945873
6.03745 0.0219498 -0.000704128
6.05643 0.0219416 -0.000432311
6.07567 0.0219388 -0.000146016
6.09539 0.0219418 0.000153463
6.11587 0.0219512 0.000461941
6.13755 0.0219681 0.000775294
6.16097 0.0219936 0.00108927
6.18664 0.0220289 0.0013762
6.21288 0.0220705 0.00158588
6.2393 0.0221152 0.00169022
6.26596 0.0221598 0.00167611
6.29303 0.0222015 0.00153765
6.3204 0.0222367 0.00128763
6.34636 0.0222621 0.000976486
6.37305 0.0222786 0.000618702
6.40074 0.0222847 0.000222887
6.42828 0.02228 -0.000172575
6.45537 0.0222655 -0.0005352
6.48159 0.0222436 -0.000835343
6.50701 0.0222168 -0.00105327
6.53191 0.0221875 -0.00117834
6.55659 0.0221578 -0.00120422
6.58138 0.0221295 -0.00113788
6.60642 0.0221049 -0.000982375
6.63144 0.0220863 -0.000743599
6.65621 0.0220755 -0.00043679
6.68117 0.0220735 -8.18104e-05
6.70669 0.022081 0.000293318
6.73302 0.0220982 0.000653442
6.75872 0.0221227 0.000954955
6.78387 0.0221525 0.00118302
6.80879 0.0221855 0.00132595
6.83341 0.0222193 0.00137174
6.85737 0.0222506 0.00130696
6.88061 0.0222772 0.00114425
6.90292 0.0222975 0.000911432
6.92443 0.022311 0.0006256
6.94524 0.0223174 0.000307636
6.96549 0.0223169 -2.51426e-05
6.98537 0.0223096 -0.000367975
7.00508 0.0222955 -0.00071261
7.02476 0.0222749 -0.00104927
7.04458 0.0222478 -0.00136495
7.06466 0.0222149 -0.0016396
7.0851 0.022177 -0.00185449
7.10598 0.0221353 -0.00199469
7.1274 0.0220915 -0.00204522
7.14946 0.0220474 -0.00200192
7.17225 0.0220047 -0.00187011
7.19589 0.0219656 -0.00165421
7.22052 0.0219322 -0.00135731
7.24599 0.021907 -0.00099004
7.27155 0.0218924 -0.000570846
7.29685 0.0218892 -0.000125289
7.32199 0.0218972 0.000316701
7.34752 0.021916 0.000737493
7.37324 0.0219444 0.00110358
7.39912 0.0219801 0.00137974
7.42508 0.0220202 0.00154418
7.45113 0.0220617 0.00159176
7.47739 0.0221016 0.00151892
7.50357 0.0221363 0.00132824
7.52948 0.0221633 0.00104041
7.55441 0.0221806 0.00069391
7.57837 0.0221881 0.000314819
7.6013 0.0221867 -6.22134e-05
7.62335 0.0221776 -0.000411166
7.64468 0.0221622 -0.000722784
7.66546 0.0221416 -0.00099117
7.68589 0.022117 -0.0012049
7.70616 0.0220895 -0.00135644
7.72645 0.0220603 -0.00143797
7.74695 0.0220307 -0.0014444
7.76792 0.0220018 -0.00137817
7.78962 0.0219748 -0.00124274
7.81236 0.0219512 -0.001039
7.83643 0.0219328 -0.000767112
7.86163 0.0219221 -0.000423638
7.88717 0.0219209 -4.63478e-05
7.9117 0.0219288 0.000322774
7.93814 0.0219475 0.000708271
7.96455 0.0219753 0.00104925
7.99051 0.0220097 0.00132621
8.01639 0.0220492 0.00152843
8.04231 0.0220916 0.00163514
8.06849 0.0221344 0.00163369
8.09444 0.022174 0.00152477
8.12025 0.0222081 0.00132417
8.14636 0.0222353 0.00104121
8.17282 0.0222535 0.000688257
8.19895 0.0222611 0.000291085
8.22506 0.0222579 -0.00012529
8.25113 0.022244 -0.000532411
8.27622 0.0222217 -0.00088852
8.30067 0.022193 -0.00117184
8.32491 0.02216 -0.00136284
8.34925 0.0221248 -0.00144527
8.37404 0.0220899 -0.00141018
8.39855 0.0220591 -0.00125727
8.42245 0.022035 -0.00100789
8.44646 0.0220185 -0.000686203
8.47101 0.0220108 -0.000311998
8.49637 0.0220134 0.000100555
8.52175 0.0220265 0.000517902
8.54706 0.0220493 0.00090152
8.57253 0.0220803 0.00121707
8.59754 0.0221162 0.00143246
8.6224 0.0221544 0.00153722
8.64678 0.0221915 0.00152236
8.67003 0.0222239 0.00139278
8.69219 0.0222499 0.00117403
8.71325 0.0222687 0.000891973
8.73333 0.0222802 0.000575933
8.75272 0.0222849 0.00024133
8.77164 0.022283 -0.000101992
8.7903 0.0222747 -0.000445112
8.80886 0.0222602 -0.000780647
8.82741 0.0222399 -0.00109636
8.84602 0.0222142 -0.00137909
8.86468 0.0221841 -0.00161486
8.88335 0.0221506 -0.00178987
8.90197 0.0221153 -0.00189638
8.92048 0.0220796 -0.00193137
8.93884 0.0220447 -0.00189755
8.95704 0.022012 -0.00180079
8.97507 0.0219822 -0.00164915
8.99317 0.0219561 -0.00144432
9.01172 0.021934 -0.00118832
9.03114 0.0219169 -0.000881625
9.05198 0.021906 -0.000525575
9.07488 0.0219034 -0.00011039
9.09968 0.0219121 0.000348792
9.12509 0.0219327 0.000809315
9.15102 0.0219649 0.00124278
9.17712 0.0220068 0.00160621
9.20349 0.0220558 0.00185887
9.22983 0.0221075 0.00196366
9.25609 0.0221575 0.00190104
9.27997 0.0221981 0.00170237
9.30326 0.0222307 0.00139982
9.32673 0.0222546 0.00101937
9.35097 0.0222683 0.000564366
9.37561 0.0222699 6.46054e-05
9.40096 0.0222584 -0.000455908
9.42701 0.0222333 -0.00095988
9.45264 0.0221975 -0.00139833
9.47732 0.0221548 -0.00172929
9.50159 0.0221083 -0.0019195
9.52593 0.0220604 -0.00196612
9.55077 0.0220139 -0.00187389
9.5759 0.0219724 -0.0016479
9.60118 0.0219393 -0.00131199
9.62621 0.0219166 -0.000907624
9.65158 0.021905 -0.000453899
9.67781 0.0219062 4.56459e-05
9.70303 0.0219193 0.000518896
9.7291 0.0219449 0.000982363
9.75537 0.0219816 0.00139534
9.78085 0.0220253 0.00171482
9.80673 0.0220754 0.00193797
9.83277 0.0221282 0.00202758
9.858 0.0221781 0.00197669
9.8826 0.0222224 0.00180071
9.90712 0.0222596 0.00151804
9.93213 0.0222882 0.00114303
9.95798 0.022306 0.000689823
9.98324 0.022311 0.000197835
10.0084 0.0223035 -0.000301051
10.0339 0.0222839 -0.0007676
10.0594 0.0222541 -0.00116859
10.0842 0.0222174 -0.00148352
10.1086 0.0221756 -0.00171116
10.1328 0.0221311 -0.00183756
10.157 0.0220862 -0.00185567
10.1813 0.0220433 -0.00176168
10.2062 0.0220047 -0.00155096
10.2314 0.0219737 -0.00123146
10.2569 0.0219529 -0.000818276
10.2825 0.0219446 -0.000323966
10.3083 0.0219499 0.000206014
10.334 0.0219682 0.000712191
10.3587 0.0219969 0.00115844
10.3831 0.0220341 0.00152955
10.4073 0.0220778 0.00180287
10.4308 0.022124 0.00196762
10.454 0.022171 0.00202568
10.4772 0.0222165 0.0019681
10.5008 0.0222589 0.0017906
10.5243 0.0222943 0.00150316
10.5459 0.0223191 0.00115129
10.5664 0.0223346 0.000755531
10.5858 0.0223412 0.000341866
10.6047 0.0223398 -7.50643e-05
10.6233 0.0223307 -0.00048762
10.6418 0.0223143 -0.000887074
10.6603 0.0222909 -0.00126215
10.6789 0.0222612 -0.00160132
10.6975 0.0222259 -0.00189221
10.7163 0.0221861 -0.00212322
10.7352 0.022143 -0.00228044
10.7543 0.022098 -0.00235766
10.7737 0.0220523 -0.00235547
10.7935 0.0220073 -0.00227333
10.8138 0.0219643 -0.0021087
10.835 0.0219251 -0.00185565
10.8574 0.0218914 -0.00150173
10.8818 0.0218662 -0.00103476
10.9079 0.021854 -0.00046618
10.934 0.0218573 0.000123871
10.9596 0.0218749 0.000687866
10.9847 0.0219047 0.00118535
11.0093 0.0219439 0.0015957
11.0337 0.0219907 0.00191842
11.0576 0.0220418 0.00213576
11.0811 0.0220939 0.00222307
11.1043 0.0221443 0.00217081
11.1278 0.0221909 0.00198114
11.1519 0.022231 0.00166831
11.1768 0.0222623 0.00125746
11.2026 0.0222822 0.000768251
11.228 0.0222885 0.000249584
11.2535 0.0222816 -0.000269648
11.2792 0.022262 -0.000762982
11.3054 0.0222303 -0.00121023
11.3307 0.0221909 -0.00155613
11.3557 0.0221464 -0.00178419
11.3809 0.0220988 -0.00188957
11.4067 0.0220506 -0.00186776
11.4332 0.0220048 -0.00172531
11.4599 0.0219655 -0.00147368
11.4869 0.021935 -0.00112991
11.5137 0.0219156 -0.000723329
11.54 0.0219082 -0.000280948
11.5659 0.0219128 0.000175229
11.5911 0.0219276 0.000591545
11.6164 0.021952 0.000959337
11.6415 0.0219832 0.00124857
11.666 0.0220187 0.00144696
11.6907 0.022057 0.00154942
11.7144 0.0220935 0.00154159
11.7376 0.0221269 0.00143725
11.7608 0.0221558 0.00124966
11.7844 0.0221793 0.000991532
11.8091 0.022196 0.000678033
11.8349 0.0222044 0.000326428
11.861 0.0222035 -3.34562e-05
11.8869 0.0221937 -0.000380434
11.9119 0.0221765 -0.000686129
11.9361 0.0221539 -0.000933729
11.96 0.0221276 -0.00110356
11.984 0.0220991 -0.00118452
12.0079 0.022071 -0.00117326
12.032 0.0220453 -0.00106851
12.0558 0.0220243 -0.0008816
12.08 0.0220092 -0.000624998
12.1048 0.0220015 -0.000310484
12.1293 0.0220025 4.04227e-05
12.1541 0.0220128 0.000413123
12.1796 0.0220328 0.000784287
12.2052 0.0220612 0.00111185
12.2301 0.022095 0.001357
12.2548 0.0221322 0.0015086
12.2794 0.0221707 0.00156296
12.3042 0.0222084 0.00151859
