t x vx
0.01 0.0220037 0.000373481
0.02 0.0220138 0.0010084
0.0542808 0.0221183 0.00304692
0.0893478 0.0222916 0.00494177
0.128253 0.0225557 0.00678824
0.168742 0.0228968 0.00842569
0.210726 0.0233076 0.00978336
0.253458 0.0237687 0.0107925
0.296628 0.0242612 0.011408
0.339942 0.0247633 0.0115908
0.383196 0.0252519 0.0112981
0.426446 0.0257063 0.0105054
0.469628 0.0261046 0.00922352
0.512743 0.0264266 0.00746955
0.555795 0.0266554 0.00531394
0.598798 0.0267763 0.00281066
0.64144 0.0267787 5.69619e-05
0.683453 0.0266588 -0.00285543
0.724869 0.026416 -0.0058607
0.766698 0.0260397 -0.00899685
0.807458 0.0255466 -0.0120982
0.846251 0.0249647 -0.014999
0.888028 0.0242119 -0.0180211
0.929555 0.0233424 -0.0209361
0.969204 0.0224068 -0.0235982
1.00772 0.0214031 -0.0260574
1.04494 0.020351 -0.0282664
1.08121 0.0192559 -0.0301975
1.11642 0.0181352 -0.0318228
1.15088 0.0169958 -0.0330677
1.18377 0.0158804 -0.0339137
1.21507 0.0148063 -0.0343215
1.24456 0.0137968 -0.0342215
1.25557 0.0134169 -0.0345059
1.26578 0.0130629 -0.0346862
1.27445 0.0127613 -0.0347962
1.28271 0.0124735 -0.0348184
1.29048 0.0122037 -0.0347389
1.29783 0.01195 -0.0345315
1.30475 0.0117134 -0.0341673
1.31124 0.0114954 -0.0336146
