t x vx
0.01 0.0219874 -0.00126165
0.02 0.0219557 -0.00317324
0.0332731 0.0218805 -0.00566349
0.0468591 0.0217689 -0.00821641
0.0609015 0.0216167 -0.0108366
0.0753723 0.0214222 -0.013436
0.0900301 0.0211898 -0.0158576
0.104594 0.0209286 -0.0179372
0.119192 0.0206437 -0.019515
0.133848 0.0203437 -0.0204697
0.148052 0.0200496 -0.0207035
0.161805 0.0197704 -0.0203037
0.175265 0.0195114 -0.0192415
0.188547 0.0192786 -0.0175289
0.201644 0.0190783 -0.0152877
0.214669 0.0189143 -0.0125944
0.227758 0.0187915 -0.00937924
0.241104 0.0187139 -0.00581987
0.254772 0.0186888 -0.00183661
0.267689 0.0187166 0.00215469
0.280961 0.0187997 0.00626092
0.293889 0.0189332 0.010323
0.306774 0.0191179 0.0143403
0.319517 0.0193498 0.0181968
0.33227 0.0196281 0.0218222
0.345162 0.0199523 0.0251466
0.358322 0.0203218 0.0280778
0.371856 0.0207342 0.0304679
0.385323 0.0211671 0.0321473
0.399075 0.021622 0.0330777
0.412752 0.0220755 0.0331631
0.426411 0.0225184 0.0324237
0.439906 0.0229353 0.0308894
0.453323 0.023319 0.0285994
0.466337 0.0236549 0.0258102
0.479451 0.0239495 0.0224686
0.491736 0.0241814 0.0188784
0.5043 0.024368 0.0148473
0.516217 0.0244957 0.010719
0.528336 0.0245726 0.00633929
0.540509 0.0245953 0.00187139
0.552923 0.0245629 -0.00260932
0.565728 0.024475 -0.00686906
0.578389 0.0243414 -0.01055
0.590952 0.0241712 -0.0135472
0.603491 0.0239725 -0.0158472
0.616036 0.0237537 -0.0174421
0.62878 0.0235216 -0.0182153
0.641533 0.0232896 -0.0181912
0.654341 0.0230677 -0.0173248
0.667715 0.0228599 -0.0155391
0.681241 0.022685 -0.0129245
0.694484 0.0225584 -0.00956515
0.707583 0.0224863 -0.00550509
0.720814 0.0224764 -0.000741785
0.734181 0.0225376 0.00457432
0.747127 0.0226675 0.0100352
0.76014 0.0228705 0.0155994
0.772725 0.0231329 0.0208501
0.785314 0.0234551 0.0255941
0.797731 0.0238221 0.0295563
0.809925 0.0242188 0.0325371
0.822351 0.0246474 0.034486
0.834884 0.025089 0.0352369
0.847434 0.0255238 0.0346453
0.859947 0.0259335 0.0327384
0.872205 0.0262968 0.0296451
0.884341 0.0266063 0.0255003
0.896315 0.0268526 0.0205692
0.908135 0.0270292 0.0149441
0.919307 0.0271332 0.00930247
0.930623 0.0271709 0.00333543
0.941648 0.0271432 -0.00251302
0.952803 0.0270522 -0.0081577
0.963405 0.0269124 -0.0131886
0.974754 0.0267079 -0.0180157
0.986748 0.0264398 -0.0223585
0.999023 0.0261217 -0.0259105
1.01219 0.0257459 -0.0285445
1.02576 0.0253388 -0.029987
1.0395 0.0249242 -0.0301966
1.05324 0.0245244 -0.0290864
1.06723 0.0241509 -0.026707
1.08138 0.023825 -0.0230306
1.09536 0.0235694 -0.0182827
1.10877 0.0233971 -0.0128473
1.12159 0.0233053 -0.00715323
1.13442 0.0232915 -0.00107606
1.14731 0.0233577 0.00512684
1.16064 0.0235097 0.0114116
1.17333 0.0237276 0.0171665
1.18597 0.0240105 0.0223693
1.19829 0.0243394 0.0267029
1.21039 0.0247028 0.0300361
1.22268 0.0251 0.0323315
1.23504 0.0255124 0.0333611
1.24753 0.0259256 0.0330792
1.2602 0.0263229 0.0313437
1.27283 0.0266793 0.0282338
1.28555 0.0269843 0.0239829
1.29817 0.0272207 0.0187172
1.3105 0.0273811 0.0130187
1.32213 0.0274636 0.00708783
1.33434 0.0274723 0.000714935
1.34568 0.027415 -0.00504879
1.35765 0.0272859 -0.0107869
1.36979 0.0270899 -0.0161523
1.38155 0.0268461 -0.0207221
1.39414 0.0265345 -0.0247583
1.40704 0.026174 -0.0279397
1.42079 0.0257589 -0.0301853
1.43394 0.0253496 -0.0311261
1.44794 0.0249175 -0.0308677
1.46181 0.0245113 -0.0292812
1.47589 0.0241388 -0.0264559
1.48983 0.0238254 -0.022493
1.50355 0.0235841 -0.0175782
1.51689 0.0234236 -0.0120345
1.52958 0.0233439 -0.00627869
1.54245 0.0233429 -7.81874e-05
1.55507 0.0234193 0.00605042
1.56825 0.023582 0.0123397
1.58098 0.0238121 0.0180821
1.59349 0.0241015 0.0231388
1.60582 0.0244385 0.0273171
1.61799 0.0248091 0.0304512
1.63028 0.025208 0.0324594
1.64262 0.0256172 0.0331573
1.65517 0.0260249 0.0325036
1.66787 0.0264102 0.0303368
1.68056 0.0267504 0.0268088
1.69341 0.0270345 0.0221096
1.70616 0.0272439 0.0164219
1.71865 0.0273727 0.0103076
1.73032 0.0274202 0.00407394
1.74249 0.02739 -0.00248305
1.7543 0.0272884 -0.00860347
1.76612 0.0271184 -0.0143927
1.77812 0.0268815 -0.0197334
1.79056 0.026578 -0.0244036
1.80404 0.0261938 -0.0284925
1.81756 0.0257683 -0.0314768
1.83127 0.0253115 -0.0333129
1.84504 0.0248452 -0.0338523
1.85894 0.0243851 -0.0331164
1.87269 0.0239583 -0.0310373
1.88656 0.0235737 -0.0277241
1.9004 0.0232519 -0.0232534
1.91373 0.0230124 -0.0179653
1.9268 0.0228529 -0.0122077
1.93963 0.0227746 -0.00609837
1.95246 0.0227783 0.000284331
1.9653 0.0228631 0.00660883
1.97796 0.0230238 0.0126952
1.99098 0.0232647 0.0184965
2.0037 0.0235626 0.02343
2.01614 0.0239033 0.0273829
2.02857 0.0242789 0.0302207
2.04089 0.0246714 0.0318568
2.05339 0.0250738 0.0321771
2.06629 0.0254745 0.03108
2.07913 0.0258406 0.0285108
2.09216 0.0261623 0.0246784
2.10487 0.0264149 0.0198794
2.11754 0.0265963 0.0143181
2.13029 0.0266993 0.00808119
2.14275 0.0267191 0.00158697
2.1543 0.0266688 -0.0043474
2.16629 0.0265464 -0.0102141
2.17852 0.0263529 -0.0158174
2.19123 0.0260877 -0.0208761
2.20399 0.0257665 -0.0251682
2.21735 0.0253841 -0.0286096
2.23104 0.0249611 -0.0309164
2.24482 0.0245207 -0.0319467
2.25873 0.0240808 -0.031632
2.27252 0.0236676 -0.029959
2.28656 0.0232887 -0.0269961
2.30055 0.02297 -0.0227802
2.31423 0.0227289 -0.0176199
2.32739 0.0225721 -0.011917
2.34001 0.022497 -0.00594707
2.3528 0.0225028 0.00044763
2.36556 0.0225901 0.0068433
2.3784 0.0227597 0.0132074
2.39137 0.0230083 0.0191745
2.40375 0.0233086 0.0242566
2.41596 0.0236562 0.0284513
2.42807 0.0240391 0.0316276
2.44048 0.0244577 0.0337244
2.45282 0.0248835 0.0345097
2.46556 0.0253157 0.0339239
2.47849 0.0257265 0.0317754
2.49143 0.026091 0.0281703
2.50433 0.0263933 0.0234399
2.51687 0.026617 0.0178316
2.52953 0.0267639 0.0116132
2.5414 0.0268262 0.00524406
2.55368 0.0268094 -0.00136683
2.56508 0.0267261 -0.00730733
2.57705 0.0265685 -0.0131754
2.58929 0.0263407 -0.0186098
2.60079 0.0260756 -0.0230581
2.61267 0.0257561 -0.0268796
2.62605 0.0253535 -0.0300874
2.63795 0.0249735 -0.0319272
2.6516 0.0245264 -0.0327732
2.66537 0.0240822 -0.0322614
2.67907 0.0236649 -0.0304435
2.69304 0.0232834 -0.0273217
2.70691 0.0229645 -0.0229881
2.7205 0.0227234 -0.0177429
2.73348 0.0225675 -0.0120083
2.74596 0.0224922 -0.0060362
2.75874 0.0224969 0.000369851
2.77143 0.0225829 0.00677657
2.78423 0.0227508 0.0131213
2.79712 0.0229967 0.0190739
2.80951 0.0232961 0.0241703
2.82171 0.0236424 0.028378
2.83383 0.0240248 0.0315555
2.84621 0.0244412 0.0336474
2.85859 0.0248683 0.034481
2.87135 0.0253014 0.0339454
2.88431 0.0257142 0.0318589
2.89729 0.0260817 0.0283017
2.91028 0.0263877 0.0235531
2.92282 0.0266126 0.0179479
2.93557 0.0267617 0.0116914
2.94763 0.0268246 0.00521595
2.96009 0.0268055 -0.00153236
2.97204 0.0267124 -0.00778481
2.98418 0.0265458 -0.0137288
2.99703 0.0262973 -0.0193415
3.00854 0.0260244 -0.0237121
3.0208 0.025687 -0.027526
3.03434 0.0252731 -0.0305643
3.04796 0.0248329 -0.0323185
3.06165 0.0243848 -0.0327408
3.07556 0.0239419 -0.0318424
3.08935 0.0235336 -0.0295935
3.1033 0.0231697 -0.0260926
3.11718 0.0228729 -0.0213765
3.13039 0.0226621 -0.0159552
3.14337 0.0225316 -0.0100526
3.15609 0.0224833 -0.00380188
3.1689 0.0225181 0.00271722
3.18193 0.0226391 0.0092854
3.19449 0.0228329 0.0154353
3.20734 0.0231052 0.0211925
3.21965 0.0234252 0.0259817
3.23176 0.0237863 0.0298145
3.24412 0.0241894 0.032614
3.25641 0.0246094 0.0341878
3.26895 0.025041 0.03442
3.28176 0.0254663 0.0331871
3.29474 0.0258605 0.0303884
3.30769 0.0262004 0.0262353
3.32053 0.0264702 0.0210102
3.33321 0.0266607 0.0150319
3.34571 0.0267671 0.0085135
3.35779 0.0267894 0.00184286
3.36902 0.0267418 -0.00424064
3.38069 0.0266219 -0.0102763
3.39265 0.0264301 -0.0160294
3.40443 0.0261819 -0.0210694
3.41665 0.0258698 -0.0255554
3.42931 0.0254995 -0.0292289
3.4428 0.0250678 -0.032007
3.45551 0.0246428 -0.0334586
3.46922 0.0241804 -0.0337197
3.48309 0.0237277 -0.0326299
3.49688 0.0233112 -0.0302026
3.51072 0.0229436 -0.0265592
3.52461 0.0226423 -0.021692
3.53764 0.022431 -0.0162188
3.55054 0.0222983 -0.0102869
3.56325 0.0222473 -0.00400967
3.57576 0.0222771 0.00238071
3.58866 0.0223918 0.00889432
3.60114 0.0225788 0.0149716
3.61391 0.0228425 0.0206562
3.62639 0.0231602 0.0254562
3.63857 0.0235163 0.029228
3.65098 0.0239127 0.0319621
3.66327 0.0243245 0.0335004
3.67604 0.0247549 0.0337167
3.68903 0.0251766 0.0324447
3.70216 0.025566 0.0296497
3.71531 0.0259016 0.0255351
3.72824 0.0261652 0.0203755
3.74104 0.0263502 0.0144571
3.75376 0.0264513 0.00795221
3.76597 0.0264681 0.00137462
3.77733 0.0264152 -0.00465528
3.78913 0.0262897 -0.0106404
3.80117 0.0260933 -0.0163083
3.8127 0.0258501 -0.0211073
3.82488 0.0255402 -0.0254289
3.83753 0.025174 -0.0289517
3.85091 0.0247526 -0.0314838
3.86398 0.0243252 -0.0327091
3.87775 0.0238757 -0.0326573
3.89151 0.0234452 -0.0312684
3.90546 0.0230473 -0.0285223
3.91938 0.0227062 -0.0245158
3.93315 0.0224389 -0.0194016
3.94636 0.0222586 -0.0136579
3.95895 0.0221614 -0.00771872
3.97171 0.0221446 -0.00132005
3.98425 0.0222084 0.00509121
3.9969 0.022354 0.0115023
4.00976 0.0225806 0.0176271
4.02235 0.0228708 0.0230478
4.03461 0.0232085 0.0275382
4.0467 0.0235837 0.0310302
4.05915 0.0240005 0.0334883
4.07144 0.024427 0.0347153
4.08423 0.0248694 0.0345758
4.09722 0.0252969 0.032899
4.11029 0.0256849 0.0297006
4.12333 0.0260142 0.0252542
4.13609 0.0262678 0.0198675
4.14874 0.0264426 0.0138223
4.16117 0.0265337 0.00732593
4.17381 0.0265398 0.000486866
4.18581 0.026469 -0.00590785
4.1982 0.026319 -0.0120946
4.21074 0.0260961 -0.0177796
4.22178 0.0258509 -0.0222102
4.23324 0.0255514 -0.0261518
4.24573 0.0251827 -0.029504
4.25731 0.024816 -0.0316702
4.27084 0.0243708 -0.0329128
4.28447 0.0239238 -0.032781
4.29815 0.0234952 -0.0313369
4.31204 0.0230988 -0.0285447
4.32583 0.0227606 -0.0245209
4.33946 0.0224957 -0.0194359
4.35263 0.0223152 -0.0137023
4.3652 0.0222175 -0.0077774
4.37796 0.0221994 -0.00141287
4.39055 0.0222623 0.00499226
4.40324 0.0224066 0.0113798
4.4161 0.0226316 0.0174832
4.42873 0.0229206 0.0228845
4.44103 0.0232572 0.0273794
4.45316 0.0236318 0.0308692
4.46563 0.0240473 0.0333215
4.47796 0.0244735 0.0345587
4.49076 0.0249144 0.0344553
4.50374 0.0253408 0.0328411
4.51681 0.0257291 0.0297244
4.52987 0.0260603 0.0253587
4.54264 0.0263163 0.02005
4.55533 0.0264946 0.0140523
4.56789 0.0265894 0.00754547
4.58058 0.0265984 0.000707758
4.59247 0.0265316 -0.00562011
4.6049 0.0263847 -0.0118136
4.61753 0.0261635 -0.017517
4.62867 0.0259188 -0.0219694
4.64035 0.0256159 -0.025928
4.65323 0.0252386 -0.0292852
4.66524 0.0248616 -0.0313959
4.67885 0.0244195 -0.0324789
4.69258 0.0239777 -0.0321926
4.70626 0.0235593 -0.0305838
4.72022 0.0231733 -0.027632
4.73411 0.0228479 -0.0234339
4.74777 0.0225986 -0.0182483
4.76085 0.0224351 -0.0125074
4.77361 0.0223529 -0.00644021
4.78645 0.0223529 -3.23257e-07
4.79914 0.0224344 0.0064237
4.81193 0.0225983 0.012811
4.82484 0.0228411 0.0188159
4.83736 0.0231416 0.0239985
4.84964 0.0234887 0.0282724
4.86186 0.0238741 0.0315287
4.87425 0.0242913 0.033676
4.88662 0.0247192 0.0345895
4.89941 0.0251555 0.0341137
4.91238 0.0255717 0.0320794
4.92544 0.0259443 0.0285463
4.93843 0.0262537 0.023809
4.95101 0.0264829 0.0182218
4.96372 0.0266355 0.0120097
4.97588 0.0267023 0.00549085
4.98835 0.0266864 -0.00127514
5.00038 0.026595 -0.00759923
5.01246 0.0264312 -0.013557
5.02493 0.0261932 -0.0190966
5.03625 0.0259268 -0.0235159
5.04805 0.0256041 -0.0273525
5.06106 0.0252069 -0.0305331
5.0732 0.0248129 -0.0324635
5.08681 0.024359 -0.0333358
5.10058 0.0239069 -0.0328317
5.11426 0.0234828 -0.0310086
5.12822 0.0230938 -0.0278707
5.14209 0.0227678 -0.0234976
5.15564 0.0225209 -0.0182196
5.16859 0.0223597 -0.0124487
5.18139 0.022279 -0.00630349
5.19427 0.0222812 0.000170665
5.20701 0.0223656 0.00662539
5.21972 0.02253 0.0129345
5.23261 0.0227733 0.0188782
5.2452 0.0230755 0.0240007
5.25753 0.0234227 0.0281588
5.26986 0.0238084 0.0312771
5.28222 0.0242193 0.0332646
5.29469 0.0246436 0.0340184
5.30757 0.0250738 0.0333904
5.32068 0.0254826 0.0311951
5.33383 0.0258446 0.0275213
5.34686 0.0261405 0.0227112
5.35955 0.0263567 0.0170445
5.37239 0.0264944 0.0107153
5.38447 0.0265456 0.00424217
5.39696 0.0265149 -0.00246065
5.40867 0.0264151 -0.00852479
5.42085 0.0262395 -0.0144233
5.43308 0.0259981 -0.0197269
5.44469 0.0257184 -0.024101
5.4566 0.0253874 -0.0277905
5.46955 0.0249891 -0.0307461
5.48153 0.0246005 -0.0324456
5.49518 0.0241491 -0.0330727
5.50899 0.0237025 -0.0323255
5.52272 0.0232878 -0.0302116
5.53669 0.0229134 -0.0268031
5.5506 0.0226054 -0.0221401
5.56379 0.0223841 -0.0167831
5.57678 0.0222426 -0.0108936
5.58963 0.0221832 -0.00461728
5.60233 0.0222065 0.00183007
5.61521 0.0223138 0.00833685
5.62768 0.0224944 0.0144765
5.64049 0.0227541 0.0202767
5.65305 0.0230708 0.0252195
5.66529 0.0234277 0.0291501
5.67775 0.023827 0.0320629
5.69006 0.0242432 0.0337902
5.70276 0.024678 0.0342466
5.7157 0.0251084 0.0332641
5.72885 0.0255125 0.0307124
5.74195 0.0258629 0.0267642
5.75495 0.0261454 0.0217304
5.76782 0.0263492 0.0158287
5.78025 0.0264676 0.00952799
5.7922 0.0265038 0.00302825
5.8038 0.0264665 -0.00321642
5.81522 0.0263618 -0.00916357
5.82696 0.0261872 -0.0148795
5.83871 0.025952 -0.0200169
5.8507 0.0256577 -0.0245358
5.86291 0.0253125 -0.0282688
5.87633 0.0248936 -0.0312133
5.88903 0.0244769 -0.032829
5.90272 0.0240217 -0.0332433
5.91659 0.0235738 -0.0322979
5.93041 0.0231596 -0.0299791
5.94432 0.0227922 -0.0263987
5.95827 0.0224914 -0.0215658
5.97135 0.0222807 -0.0161135
5.98435 0.0221488 -0.0101449
5.9972 0.0221001 -0.0037879
6.00974 0.0221331 0.0026315
6.02268 0.022252 0.00918842
6.03516 0.0224431 0.0153133
6.04791 0.0227116 0.0210498
6.06046 0.0230367 0.0259142
6.07267 0.0234001 0.0297452
6.08517 0.0238071 0.0325674
6.09746 0.0242272 0.0341875
6.11025 0.0246683 0.034479
6.12322 0.0251002 0.0333039
6.13638 0.0255025 0.030563
6.14942 0.0258479 0.0264996
6.16239 0.0261246 0.0213228
6.17527 0.0263214 0.0152886
6.18778 0.026431 0.0087641
6.19972 0.0264564 0.00212071
6.21115 0.026409 -0.0041479
6.22257 0.0262925 -0.0101979
6.23418 0.0261077 -0.0159178
6.24563 0.0258675 -0.0209846
6.25748 0.0255648 -0.0255341
6.26977 0.0252043 -0.0293533
6.2831 0.0247731 -0.0323313
6.29632 0.0243233 -0.0340161
6.30994 0.0238549 -0.0343979
6.32375 0.0233934 -0.0334323
6.33753 0.022965 -0.0310868
6.35135 0.0225853 -0.0274798
6.36515 0.0222727 -0.0226477
6.3782 0.0220489 -0.0171492
6.39115 0.0219046 -0.0111452
