t x vx
0.01 0.0220002 1.94327e-05
0.02 0.0220004 2.45978e-05
0.0697632 0.0220012 1.61322e-05
0.119478 0.0220018 1.08039e-05
0.171294 0.0220059 7.9954e-05
0.224998 0.0220145 0.000160237
0.28065 0.0220236 0.000162175
0.337692 0.0220331 0.000167273
0.395323 0.0220433 0.000177631
0.453094 0.0220596 0.00028121
0.51078 0.0220823 0.000393557
0.568068 0.0221115 0.000509427
0.624784 0.0221472 0.00063021
0.680927 0.022189 0.000743907
0.73645 0.022236 0.000846243
0.791704 0.0222883 0.000947366
0.846427 0.0223457 0.00104862
0.90075 0.0224077 0.00114124
0.954694 0.0224732 0.00121429
1.00946 0.0225426 0.00126726
1.06447 0.0226137 0.00129333
1.11928 0.0226842 0.00128577
1.17383 0.022747 0.00115193
1.2281 0.0227999 0.000973533
1.28207 0.0228398 0.00074048
1.33569 0.0228636 0.000443332
1.38895 0.0228677 7.64397e-05
1.44186 0.0228483 -0.00036563
1.49447 0.0228019 -0.000881646
1.54687 0.0227252 -0.00146539
1.59903 0.0226152 -0.00210846
1.65093 0.0224702 -0.00279373
1.7026 0.0222893 -0.00350018
1.75413 0.0220727 -0.00420362
1.80557 0.021822 -0.00487383
1.85703 0.0215404 -0.00547334
1.90834 0.0212345 -0.00596089
1.95971 0.0209109 -0.00630051
2.01146 0.020577 -0.00645161
2.06325 0.0202469 -0.00637302
2.11448 0.0199376 -0.00603849
2.16498 0.0196628 -0.0054409
2.21476 0.0194346 -0.00458453
2.26382 0.0192636 -0.00348463
2.31217 0.0191588 -0.00216844
2.3597 0.0191272 -0.000663853
2.40658 0.0191746 0.00100937
2.45279 0.0193047 0.00281569
2.49805 0.0195175 0.00470147
2.54334 0.01982 0.00667923
2.58792 0.0202079 0.00870393
2.63206 0.0206822 0.0107447
2.67467 0.021224 0.0127127
2.71663 0.0218387 0.0146494
2.75939 0.0225468 0.0165622
2.8014 0.0233202 0.0184069
2.84398 0.0241754 0.0200865
2.88477 0.0250522 0.0214948
2.92402 0.0259383 0.0225796
2.96164 0.026816 0.0233304
2.99795 0.0276769 0.0237091
3.03291 0.0285022 0.0236031
3.06642 0.0292713 0.0229503
3.09884 0.0299731 0.0216513
3.11135 0.0302364 0.0210427
3.12352 0.0304851 0.0204377
3.13466 0.0307053 0.0197661
3.14549 0.0309108 0.0189742
3.15607 0.0311018 0.0180452
3.16645 0.0312778 0.0169678
3.17666 0.0314385 0.0157339
3.18678 0.0315834 0.0143281
3.19683 0.0317117 0.0127546
3.20686 0.0318223 0.0110314
3.2168 0.0319139 0.00921362
3.22643 0.0319851 0.00739213
3.23584 0.0320378 0.00560202
3.24509 0.0320737 0.00387547
3.25413 0.032094 0.00225015
3.26292 0.0321005 0.000741353
3.27151 0.0320948 -0.000661891
3.28014 0.0320775 -0.00200736
3.28783 0.0320531 -0.003168
3.29606 0.0320173 -0.00434917
3.30439 0.0319718 -0.00545928
3.31423 0.0319061 -0.00668698
3.32404 0.0318292 -0.00783826
3.33411 0.031739 -0.00896002
3.34362 0.0316443 -0.00995601
3.35374 0.0315332 -0.0109743
3.36463 0.0314023 -0.0120236
3.37608 0.0312524 -0.013085
3.38837 0.0310781 -0.0141919
3.40162 0.0308744 -0.0153679
3.4142 0.0306673 -0.0164566
3.42632 0.0304553 -0.0174957
3.43864 0.0302267 -0.0185616
3.45163 0.0299706 -0.0197081
3.46461 0.0296997 -0.0208684
3.49728 0.0289156 -0.0240082
3.52992 0.028032 -0.0270668
3.56512 0.0269621 -0.0303924
3.60094 0.0257533 -0.0337483
3.63712 0.0244097 -0.0371414
3.67169 0.0230114 -0.0404368
3.7061 0.0215059 -0.0437557
3.73842 0.0199891 -0.0469351
3.76985 0.0184154 -0.0500675
3.80025 0.0168013 -0.0530909
3.82975 0.0151504 -0.0559644
3.85697 0.0135562 -0.0585762
3.86683 0.0129607 -0.0604096
3.87538 0.0124286 -0.0621822
3.88209 0.0120016 -0.0636564
3.8881 0.0116121 -0.0648496
