t x vx
0.01 0.0220004 3.6651e-05
0.02 0.0220008 4.444e-05
0.0591172 0.0220043 8.80426e-05
0.0984113 0.0220098 0.000140225
0.139176 0.0220183 0.000210414
0.18158 0.022031 0.000298749
0.225422 0.0220446 0.000309471
0.27034 0.0220596 0.000334091
0.31572 0.0220765 0.000372598
0.361205 0.0220958 0.00042366
0.406438 0.022118 0.000492039
0.451312 0.0221436 0.000569581
0.495736 0.0221728 0.000656681
0.539537 0.022205 0.00073691
0.582986 0.0222396 0.000796663
0.626184 0.022276 0.000842065
0.668955 0.0223135 0.000876825
0.71101 0.022351 0.000890492
0.75296 0.0223877 0.000875317
0.795817 0.0224233 0.000829815
0.838766 0.0224554 0.000747836
0.881521 0.0224824 0.00063213
0.924082 0.0225031 0.000485409
0.966424 0.0225162 0.000310815
1.00856 0.0225209 0.000110824
1.05055 0.0225162 -0.000111917
1.09246 0.0225015 -0.000351582
1.13429 0.0224763 -0.000602228
1.17607 0.0224404 -0.000857281
1.21767 0.0223943 -0.00110876
1.25918 0.0223383 -0.00134962
1.30069 0.0222731 -0.00157161
1.34212 0.0222 -0.00176426
1.38354 0.0221205 -0.00191929
1.42485 0.0220368 -0.00202482
1.46572 0.0219523 -0.00206807
1.5064 0.0218693 -0.0020401
1.54678 0.0217913 -0.00193253
1.58717 0.0217209 -0.00174154
1.62777 0.0216613 -0.00146908
1.66865 0.0216155 -0.00111912
1.70946 0.0215868 -0.000704968
1.75011 0.0215802 -0.000160868
1.79055 0.0215965 0.000401288
1.83081 0.0216354 0.000968116
1.87081 0.0216965 0.0015256
1.91063 0.0217747 0.00196579
1.95044 0.0218691 0.00236936
1.99045 0.0219777 0.00271588
2.03042 0.0220971 0.00298632
2.07073 0.0222285 0.00325927
2.11166 0.022365 0.00333491
2.15305 0.0225056 0.00339786
2.19416 0.0226398 0.00326478
2.2351 0.022768 0.00313024
2.27592 0.0228869 0.00291358
2.31664 0.0229937 0.00262255
2.35741 0.0230826 0.00217936
2.3984 0.0231522 0.00169897
2.43944 0.0232014 0.00119967
2.48016 0.0232302 0.000707346
2.52079 0.0232398 0.000234699
2.56158 0.0232314 -0.000205351
2.60269 0.0232067 -0.000601971
2.64421 0.0231672 -0.000949467
2.68529 0.0231164 -0.00123848
2.72648 0.0230552 -0.00148427
2.76713 0.0229863 -0.00169414
2.80685 0.0229116 -0.00188168
2.84583 0.0228313 -0.00206097
2.88454 0.0227446 -0.00223917
2.92332 0.0226508 -0.00241871
2.96245 0.022549 -0.00260135
3.00185 0.0224393 -0.00278464
3.04144 0.0223221 -0.00296111
3.08095 0.0221989 -0.00311814
3.12109 0.0220682 -0.00325341
3.16185 0.0219315 -0.00335533
3.20333 0.0217901 -0.00340777
3.24447 0.0216504 -0.00339691
3.28399 0.0215191 -0.0033217
3.32237 0.0213971 -0.00317836
3.36018 0.0212851 -0.00296452
3.39791 0.0211841 -0.00267605
3.43611 0.021096 -0.00230558
3.47444 0.0210247 -0.00186127
3.51326 0.0209724 -0.00134673
3.55267 0.020942 -0.000770054
3.59253 0.0209359 -0.000153763
3.63235 0.0209545 0.000466689
3.67154 0.020996 0.00105822
3.71021 0.0210584 0.00161511
3.74876 0.0211407 0.00213531
3.78748 0.0212415 0.00260369
3.82548 0.0213554 0.00299634
3.86335 0.0214808 0.00331138
3.90175 0.0216171 0.00354873
3.94124 0.0217636 0.00370893
3.98035 0.0219116 0.00378462
4.02018 0.0220621 0.00377888
4.06091 0.0222123 0.00368713
4.10219 0.0223574 0.00351626
4.1427 0.0224906 0.00328698
4.18225 0.0226099 0.00301821
4.22103 0.0227155 0.0027226
4.25932 0.0228078 0.00241047
4.29749 0.0228875 0.0020887
4.33591 0.0229553 0.00176363
4.37488 0.0230115 0.00144127
4.4144 0.0230558 0.00112082
4.45388 0.0230878 0.000811028
4.49356 0.023108 0.000510566
4.53358 0.0231168 0.000217683
4.57403 0.0231138 -7.2598e-05
4.61481 0.0230991 -0.000361521
4.65559 0.0230727 -0.000647801
4.69625 0.0230347 -0.000934521
4.73673 0.022985 -0.00122674
4.77703 0.0229235 -0.00152549
4.81724 0.0228499 -0.00183192
4.85761 0.0227631 -0.00214962
4.89815 0.0226628 -0.00247276
4.93869 0.0225498 -0.00278813
4.97959 0.0224236 -0.003085
5.02115 0.0222845 -0.00334874
5.06345 0.0221338 -0.00356293
5.10436 0.0219823 -0.00370139
5.1441 0.021833 -0.00375673
5.18304 0.0216881 -0.00372186
5.22151 0.0215499 -0.00359251
5.25982 0.0214208 -0.00336912
5.29844 0.0213029 -0.00305471
5.3375 0.0211991 -0.00265664
5.37701 0.0211127 -0.00218675
5.41717 0.0210461 -0.0016572
5.45685 0.0210026 -0.00109756
5.49565 0.0209818 -0.000536476
5.53354 0.0209818 1.80211e-06
5.57083 0.0210005 0.000501733
5.60798 0.0210361 0.000957099
5.64412 0.0210849 0.00135032
5.67906 0.0211436 0.00167874
5.71358 0.0212109 0.00195063
5.7486 0.0212871 0.00217494
5.78485 0.0213725 0.00235807
5.82282 0.0214676 0.00250331
5.86171 0.0215689 0.00260407
5.902 0.0216761 0.00266135
5.9417 0.0217823 0.00267491
5.98055 0.0218855 0.00265815
6.01896 0.0219864 0.00262625
6.05725 0.0220856 0.00258977
6.09574 0.0221839 0.00255526
6.13465 0.0222821 0.00252334
6.17411 0.0223805 0.00249219
6.21417 0.022479 0.00245879
6.25471 0.022577 0.00241705
6.29585 0.0226739 0.00235707
6.33734 0.0227682 0.00227168
6.37915 0.0228582 0.0021521
6.42116 0.0229417 0.0019891
6.46313 0.0230161 0.00177261
6.50484 0.0230785 0.00149565
6.54618 0.0231263 0.00115642
6.58714 0.0231573 0.00075765
6.62781 0.0231698 0.000306487
6.6684 0.0231621 -0.000188517
6.70847 0.0231339 -0.000705069
6.74776 0.0230859 -0.00122028
6.78666 0.0230187 -0.00172768
6.82559 0.0229322 -0.00222196
6.86491 0.0228263 -0.00269415
6.90358 0.0227059 -0.0031147
6.94158 0.022574 -0.0034693
6.97925 0.0224328 -0.00375052
7.01699 0.0222836 -0.00395056
7.05504 0.0221294 -0.00405451
7.09338 0.021974 -0.00405155
7.13169 0.021823 -0.00394276
7.17042 0.0216784 -0.00373441
7.20918 0.0215453 -0.00343193
7.24957 0.0214229 -0.00303122
7.29032 0.0213184 -0.00256409
7.33043 0.0212353 -0.00207311
7.36764 0.0211753 -0.00161061
7.40254 0.0211337 -0.00119236
7.43592 0.0211065 -0.000816556
7.46858 0.0210909 -0.000476403
7.50134 0.0210855 -0.000163922
7.53494 0.0210898 0.00012721
7.57007 0.0211038 0.000397002
7.6064 0.0211267 0.000630888
7.64313 0.0211569 0.000822398
7.67929 0.0211922 0.000976992
7.71524 0.0212322 0.00111218
7.75165 0.0212775 0.00124443
7.78888 0.021329 0.00138336
7.82724 0.021388 0.00153802
7.86692 0.0214558 0.0017083
7.90626 0.0215301 0.00188987
7.94579 0.0216126 0.00208524
7.98579 0.0217043 0.0022936
8.02617 0.0218058 0.00251407
8.0659 0.0219147 0.00274087
8.10551 0.0220324 0.00297078
8.14523 0.0221594 0.00319739
8.18493 0.0222946 0.0034052
8.22506 0.022438 0.00357282
8.26449 0.0225829 0.00367688
8.30339 0.0227272 0.00370833
8.34215 0.0228689 0.00365724
8.38108 0.0230056 0.00351178
8.41999 0.0231326 0.00326235
8.45844 0.0232445 0.00291111
8.49673 0.0233389 0.00246343
8.53503 0.0234127 0.00192855
8.57343 0.0234633 0.00131659
8.61211 0.0234881 0.00064189
8.65064 0.0234856 -6.51894e-05
8.68836 0.0234568 -0.000763093
8.72557 0.0234036 -0.00143066
8.76248 0.0233278 -0.00205258
8.79915 0.0232319 -0.00261447
8.83562 0.0231186 -0.00310818
8.87204 0.02299 -0.0035301
8.90847 0.0228489 -0.0038744
8.94498 0.0226979 -0.0041345
8.98133 0.0225414 -0.00430492
9.01801 0.0223805 -0.00438849
9.05567 0.0222153 -0.00438648
9.09453 0.0220484 -0.00429462
9.13385 0.0218866 -0.00411479
9.17456 0.0217299 -0.00384893
9.21483 0.0215882 -0.00351968
9.25477 0.0214624 -0.00314858
9.29409 0.0213538 -0.00276236
9.33277 0.0212616 -0.00238206
9.37094 0.0211846 -0.0020193
9.40873 0.0211211 -0.00167848
9.44613 0.0210703 -0.0013584
9.48321 0.0210312 -0.00105523
9.52021 0.0210028 -0.000767876
9.55754 0.0209843 -0.000495573
9.59557 0.0209754 -0.000233447
9.63454 0.0209765 2.69093e-05
9.67291 0.0209871 0.000277671
9.71129 0.0210075 0.000530759
9.75027 0.0210385 0.000795752
9.79044 0.021082 0.00108145
9.83037 0.0211372 0.00138289
9.86972 0.0212041 0.00170206
9.90899 0.0212845 0.00204658
9.94856 0.0213801 0.00241636
9.98875 0.0214928 0.00280392
10.0289 0.0216207 0.00318519
10.0693 0.021764 0.00354549
10.11 0.0219215 0.0038675
10.1497 0.022085 0.00412641
10.1885 0.0222527 0.00431166
10.2259 0.0224176 0.00441025
10.2618 0.0225761 0.00442222
10.297 0.0227293 0.00435266
10.3325 0.0228784 0.00419827
10.3691 0.023023 0.00394836
10.4073 0.0231603 0.00359354
10.4475 0.0232859 0.00312963
10.4876 0.0233899 0.00258934
10.528 0.02347 0.00198221
10.569 0.0235238 0.00131329
10.6101 0.0235489 0.000610172
10.6512 0.0235445 -0.000107412
10.6924 0.0235108 -0.000818101
10.7335 0.0234493 -0.00149533
10.7746 0.023362 -0.00212484
10.8156 0.0232517 -0.0026901
10.8566 0.0231215 -0.00317741
10.8976 0.0229747 -0.00357941
10.9388 0.0228142 -0.00389207
10.9804 0.0226433 -0.00411593
11.0218 0.022467 -0.00425145
11.0626 0.0222915 -0.00430377
11.1028 0.0221194 -0.00428267
11.1423 0.0219536 -0.00419634
11.1813 0.0217953 -0.00405578
11.22 0.0216458 -0.00387107
11.2584 0.0215054 -0.00365023
11.2969 0.0213748 -0.00339841
11.3354 0.0212545 -0.00312181
11.3741 0.0211452 -0.00282556
11.4129 0.0210476 -0.00251477
11.4516 0.0209627 -0.00219122
11.4902 0.0208912 -0.00185245
11.529 0.0208334 -0.00149157
11.5679 0.0207904 -0.00110555
11.6069 0.0207633 -0.000693324
11.6458 0.0207533 -0.000258241
11.6849 0.0207611 0.000201756
11.7241 0.020788 0.000684557
11.7622 0.0208325 0.00116972
11.7997 0.0208945 0.00165522
11.837 0.0209744 0.00214006
11.8746 0.0210728 0.0026191
11.9127 0.0211906 0.00308777
11.9512 0.0213266 0.00353292
11.9891 0.0214754 0.00393233
12.0266 0.0216362 0.00428275
12.0642 0.0218083 0.00457853
12.1021 0.0219907 0.00481252
12.1404 0.0221809 0.00497393
12.179 0.0223759 0.00505256
12.2178 0.0225715 0.00503988
12.2567 0.0227634 0.00493056
12.2957 0.0229476 0.00472235
12.3348 0.0231205 0.00441483
12.3744 0.023279 0.00401278
12.4145 0.0234202 0.00351693
12.4555 0.0235402 0.00292626
12.4959 0.0236321 0.00227801
12.5355 0.0236952 0.00159032
12.5745 0.0237298 0.000887465
12.6131 0.0237369 0.000184729
12.6513 0.0237176 -0.000504146
12.6896 0.0236733 -0.00116
12.7278 0.0236058 -0.001765
12.7657 0.0235182 -0.00230695
12.804 0.0234115 -0.00279033
12.8429 0.0232865 -0.00321499
12.8822 0.0231459 -0.0035748
12.9225 0.0229896 -0.00387928
12.9625 0.0228248 -0.00411818
13.0021 0.0226548 -0.00429501
13.0418 0.0224795 -0.00441557
13.0818 0.0223002 -0.00448475
13.122 0.0221191 -0.0045072
13.1618 0.0219401 -0.00449061
13.2012 0.0217654 -0.00443821
13.2404 0.0215948 -0.0043489
13.2799 0.021428 -0.00421933
13.3202 0.0212653 -0.00403753
13.3616 0.0211086 -0.00378996
13.4021 0.0209673 -0.00348812
13.442 0.0208423 -0.00313509
13.4817 0.0207342 -0.00272446
13.5216 0.0206443 -0.0022484
13.5618 0.0205758 -0.00170537
13.602 0.0205315 -0.00109977
13.642 0.0205137 -0.000445695
13.682 0.0205235 0.00024494
13.7221 0.0205617 0.000950778
13.7616 0.0206263 0.00163518
13.8008 0.0207161 0.00229037
13.8399 0.0208297 0.00290718
13.8782 0.0209624 0.00346147
13.9156 0.0211097 0.00394265
13.9526 0.0212707 0.00435622
13.9898 0.0214459 0.00470447
14.0278 0.0216354 0.00498414
14.0665 0.0218358 0.00518536
14.105 0.0220399 0.00530052
14.144 0.022248 0.00533268
14.1839 0.0224586 0.00527949
14.2236 0.0226632 0.00514662
14.2631 0.0228582 0.00494473
14.3024 0.0230421 0.00468116
14.3417 0.0232134 0.00435686
14.3812 0.0233705 0.00397082
14.4212 0.0235112 0.00352485
14.4616 0.0236333 0.00302007
14.5025 0.0237341 0.00246301
14.5439 0.0238108 0.00185135
14.5857 0.0238604 0.00118842
14.6273 0.0238808 0.00049042
14.6679 0.023872 -0.000217839
14.7082 0.0238344 -0.000933732
14.7489 0.0237673 -0.00164997
14.7901 0.0236698 -0.00236269
14.831 0.0235456 -0.00304094
14.8716 0.0233966 -0.00367281
14.912 0.0232248 -0.00424628
14.9526 0.0230321 -0.00474869
14.9935 0.0228209 -0.00516505
15.0346 0.0225955 -0.00547794
15.0762 0.0223593 -0.00567863
15.1176 0.022121 -0.00575891
15.1591 0.0218833 -0.00572369
15.1987 0.0216624 -0.00558401
15.2353 0.021466 -0.00537236
15.2693 0.0212918 -0.00511045
15.3015 0.0211369 -0.00481094
15.3323 0.0209989 -0.00448357
15.362 0.020876 -0.00413508
15.391 0.0207666 -0.0037734
15.4195 0.0206695 -0.00340464
15.4477 0.0205842 -0.00303353
15.4756 0.0205098 -0.00266291
15.5035 0.0204459 -0.00229269
15.5315 0.0203921 -0.00192227
15.5599 0.0203481 -0.00154894
15.589 0.0203141 -0.00116895
15.6191 0.0202907 -0.000776237
15.6506 0.0202792 -0.000363476
15.684 0.0202818 7.83755e-05
15.7194 0.0203016 0.000558627
15.7573 0.0203429 0.0010889
15.7965 0.0204079 0.00165852
15.8358 0.0204967 0.00225615
15.8748 0.0206086 0.0028734
15.9133 0.0207438 0.00350842
15.9517 0.020903 0.00414898
15.9889 0.0210798 0.004757
16.0261 0.0212787 0.00533807
16.0658 0.0215125 0.00589975
16.1059 0.0217687 0.00638066
16.1463 0.0220421 0.00676244
16.1862 0.0223217 0.00702304
16.2253 0.0226018 0.00715005
16.264 0.0228773 0.00713064
16.3011 0.0231358 0.00696821
16.3378 0.0233806 0.00666839
16.3753 0.0236141 0.00621713
16.4139 0.0238302 0.0056062
16.4527 0.0240191 0.00486063
16.4928 0.0241785 0.00397895
16.532 0.0242969 0.00302378
16.5699 0.0243743 0.00204011
16.6068 0.0244131 0.00104983
16.6429 0.0244158 7.46324e-05
16.6785 0.0243849 -0.000867082
16.7141 0.0243224 -0.00175795
16.75 0.0242293 -0.0025932
16.7856 0.0241101 -0.003348
16.8211 0.0239673 -0.00402016
16.857 0.0238017 -0.00461597
16.8943 0.0236099 -0.00514526
16.9315 0.0234023 -0.00558013
16.9692 0.0231787 -0.00592822
17.0089 0.0229326 -0.00619343
17.05 0.0226718 -0.00635665
17.0914 0.022406 -0.00641714
17.1327 0.0221417 -0.0063893
17.1742 0.0218814 -0.00627839
17.2156 0.0216293 -0.00609226
17.2564 0.0213909 -0.00583837
17.2971 0.0211662 -0.00551881
17.338 0.0209563 -0.0051317
17.3793 0.0207632 -0.00467376
17.4213 0.0205895 -0.00414146
17.4633 0.0204405 -0.0035443
17.5052 0.020319 -0.00289997
17.5467 0.0202266 -0.0022279
17.5882 0.0201631 -0.00152953
17.6294 0.0201296 -0.000813072
17.6704 0.0201262 -8.46905e-05
17.7112 0.0201522 0.000638341
17.752 0.0202069 0.00133996
17.7922 0.0202875 0.00200579
17.832 0.0203924 0.00263911
17.8717 0.0205212 0.00324473
17.9115 0.0206737 0.00382411
17.9514 0.0208479 0.00436631
17.9911 0.0210405 0.00485681
18.0307 0.02125 0.00529198
18.0703 0.0214746 0.00567133
18.11 0.0217127 0.00599192
18.1499 0.0219621 0.00624811
18.1901 0.0222203 0.0064345
18.2305 0.0224846 0.00654198
18.2711 0.0227513 0.00655814
18.312 0.0230158 0.00647095
18.3531 0.0232733 0.00627083
18.3942 0.0235183 0.00595264
18.4354 0.0237451 0.00551318
18.4762 0.0239477 0.00495893
18.5168 0.0241219 0.00429681
18.5569 0.0242642 0.00354088
18.5967 0.0243717 0.00270616
18.636 0.0244427 0.00180488
18.6752 0.024476 0.000849543
18.7141 0.0244705 -0.000140513
18.753 0.0244262 -0.00114261
18.7914 0.0243449 -0.00211552
18.8293 0.0242298 -0.0030373
18.8667 0.0240843 -0.00388768
18.9039 0.0239109 -0.00466378
18.9411 0.0237114 -0.0053631
18.9776 0.0234935 -0.00596283
19.0136 0.0232611 -0.00646486
19.0491 0.0230169 -0.00687231
19.0851 0.0227582 -0.00719134
19.1203 0.0224975 -0.00740607
19.1532 0.0222496 -0.00752246
19.1845 0.0220129 -0.00756538
19.2147 0.0217854 -0.00754403
19.244 0.0215663 -0.0074639
19.2729 0.021355 -0.0073289
19.3016 0.0211499 -0.00714259
19.3306 0.0209496 -0.0069022
19.3602 0.0207538 -0.00660591
19.3908 0.0205626 -0.00625028
19.4202 0.0203905 -0.00586358
