t x vx
0.01 0.0220013 0.000129419
0.02 0.0220031 0.00017769
0.033995 0.0220069 0.000275681
0.0483035 0.0220126 0.000399707
0.0632187 0.0220207 0.00054185
0.0786528 0.0220315 0.000699472
0.0945361 0.0220452 0.000863003
0.110653 0.0220622 0.00105298
0.126653 0.0220826 0.00127656
0.14245 0.0221071 0.00154896
0.158089 0.0221365 0.00188091
0.173609 0.0221717 0.00226757
0.189005 0.0222134 0.0027078
0.204005 0.0222602 0.00312073
0.218648 0.0223113 0.00348818
0.23338 0.0223687 0.00389695
0.247899 0.0224312 0.00430342
0.261642 0.0224948 0.00462934
0.275829 0.0225617 0.00471319
0.290276 0.0226331 0.004944
0.304775 0.0227069 0.00508778
0.319165 0.0227815 0.00518554
0.333464 0.0228563 0.00523153
0.347673 0.0229306 0.00522869
0.361821 0.0230037 0.00516693
0.375936 0.0230748 0.00504005
0.390031 0.0231403 0.00464621
0.404132 0.0232024 0.00440258
0.418256 0.0232576 0.00391104
0.432408 0.0233084 0.00358924
0.446594 0.0233546 0.00325705
0.460812 0.0233963 0.00292814
0.475025 0.0234336 0.00262949
0.48921 0.0234674 0.00238093
0.503374 0.0234986 0.00220023
0.51755 0.0235286 0.00211512
0.531774 0.0235592 0.00215372
0.546019 0.0235923 0.00232127
0.56021 0.0236292 0.00260169
0.574363 0.0236686 0.00278811
0.588511 0.0237123 0.00308593
0.602562 0.0237608 0.00344969
0.616521 0.0238144 0.00384547
0.630406 0.0238733 0.00424203
0.644266 0.0239372 0.00460439
0.658153 0.0240051 0.00489202
0.67213 0.0240758 0.00505762
0.68609 0.0241465 0.00506382
0.700087 0.0242148 0.0048827
0.714173 0.024278 0.00448762
0.728407 0.0243334 0.00388654
0.742594 0.0243773 0.00309702
0.756745 0.0244077 0.00215056
0.770878 0.0244232 0.00109385
0.785013 0.0244231 -3.91939e-06
0.799151 0.0244079 -0.00107452
0.813302 0.0243789 -0.00204991
0.827496 0.0243379 -0.00289128
0.841819 0.0242869 -0.00355754
0.856028 0.0242302 -0.00399299
0.870042 0.0241716 -0.00418147
0.884056 0.0241134 -0.00414977
0.898247 0.0240575 -0.00394284
0.912469 0.0240065 -0.00358446
0.926643 0.0239618 -0.00315608
0.940827 0.0239233 -0.00271485
0.954981 0.0238915 -0.00224798
0.968894 0.023867 -0.00176061
0.982394 0.0238497 -0.00127563
0.995997 0.0238391 -0.000783498
1.00978 0.0238353 -0.000273312
1.02337 0.0238373 0.000149568
1.03689 0.023843 0.000416551
1.05043 0.0238516 0.000640285
1.0641 0.0238614 0.000711612
1.07779 0.0238703 0.000650151
1.09157 0.0238763 0.00044005
1.10551 0.0238782 0.00013491
1.11881 0.0238753 -0.000220406
1.13255 0.0238667 -0.000625164
1.14611 0.023853 -0.00101081
1.15941 0.0238358 -0.00129429
1.17231 0.0238144 -0.00165501
1.18467 0.0237917 -0.00184177
1.19683 0.0237691 -0.00185649
1.2091 0.0237474 -0.00176626
1.22179 0.023727 -0.00160814
1.23457 0.023712 -0.0011746
1.24747 0.0237049 -0.000550799
1.26094 0.023707 0.000155041
1.27496 0.0237193 0.000874474
1.28906 0.0237417 0.00159565
1.30314 0.0237739 0.00228645
1.31687 0.0238131 0.00285644
1.33061 0.0238582 0.00328235
1.34409 0.0239057 0.00351528
1.3574 0.0239526 0.00352611
1.37063 0.0239971 0.00336593
1.38377 0.0240375 0.00307702
1.39643 0.0240708 0.00262943
1.40892 0.0240967 0.00207305
1.42155 0.0241146 0.00141285
1.43459 0.0241229 0.000636976
1.44766 0.0241202 -0.000203298
1.46087 0.0241056 -0.00110358
1.47447 0.0240785 -0.00199071
1.48855 0.0240395 -0.00277475
1.50162 0.0239963 -0.00330118
1.5142 0.0239511 -0.00359753
1.52685 0.0239049 -0.00365089
1.53991 0.0238604 -0.00340504
1.55315 0.023823 -0.00282978
1.56608 0.0237972 -0.00199257
1.57941 0.0237851 -0.000906476
1.59361 0.0237909 0.000405954
1.60756 0.023817 0.00187265
1.62175 0.0238652 0.00339638
1.63503 0.0239294 0.00483068
1.64803 0.0240103 0.00623
1.66142 0.0241108 0.00750511
1.67471 0.0242239 0.00850559
1.68767 0.0243427 0.00916572
1.70046 0.0244643 0.00950749
1.71326 0.024586 0.00951369
1.72578 0.0247012 0.00919559
1.73822 0.0248082 0.00860476
1.75066 0.0249053 0.00780222
1.76329 0.0249914 0.00681477
1.77631 0.0250652 0.0056705
1.78956 0.0251239 0.00443017
1.80249 0.0251648 0.00316742
1.81571 0.0251899 0.00189797
1.82876 0.0251997 0.000746624
1.84105 0.0251974 -0.000189251
1.8532 0.0251864 -0.000897897
1.86571 0.0251697 -0.00134132
1.87895 0.0251502 -0.00147274
1.89282 0.0251321 -0.00130451
1.90666 0.0251205 -0.000834584
1.92078 0.0251198 -5.10822e-05
1.93508 0.025134 0.000995699
1.94946 0.0251659 0.00221839
1.96377 0.0252169 0.00355878
1.97796 0.0252871 0.00494804
1.99231 0.025378 0.00633776
2.00617 0.0254833 0.00759317
2.01951 0.0255988 0.00865629
2.03289 0.0257256 0.00948026
2.04657 0.0258621 0.00997454
2.06013 0.0259996 0.0101441
2.07364 0.0261342 0.00996586
2.08711 0.0262613 0.00943295
2.10028 0.0263752 0.00864845
2.11336 0.0264745 0.00759056
2.12619 0.0265553 0.00630167
2.13885 0.0266166 0.00484279
2.15132 0.0266577 0.0032912
2.16379 0.0266789 0.00170174
2.17653 0.0266805 0.000124235
2.1886 0.0266653 -0.00125333
2.20079 0.0266357 -0.00243465
2.21345 0.0265925 -0.00340872
2.22678 0.0265373 -0.00414484
2.24071 0.0264732 -0.0046008
2.25505 0.0264053 -0.00473041
2.26907 0.0263419 -0.00452226
2.28294 0.0262864 -0.0040059
2.29715 0.0262403 -0.00324093
2.31095 0.0262081 -0.00233223
2.32456 0.0261899 -0.00133892
2.33835 0.0261858 -0.000300469
2.35214 0.0261959 0.000737781
2.36585 0.0262196 0.00172203
2.37935 0.0262539 0.00254839
2.39269 0.0262963 0.00316933
2.40599 0.026345 0.0036698
2.4193 0.0263965 0.00386639
2.43259 0.0264476 0.00384372
2.44583 0.0264959 0.00364576
2.45905 0.0265375 0.00315317
2.47202 0.0265687 0.00240474
2.48504 0.0265874 0.00143215
2.49782 0.0265912 0.000300954
2.5111 0.0265784 -0.000967447
2.5243 0.0265488 -0.0022406
2.53735 0.0265038 -0.00344913
2.5504 0.0264437 -0.00460159
2.56349 0.0263698 -0.00564973
2.5762 0.0262869 -0.00651769
2.58892 0.0261959 -0.00715434
2.60159 0.0261008 -0.00750546
2.61421 0.0260056 -0.00753982
2.62693 0.0259137 -0.00723096
2.64004 0.0258276 -0.00656799
2.65382 0.0257512 -0.00554378
2.66756 0.0256931 -0.00422837
2.68184 0.0256553 -0.00264705
2.69533 0.0256414 -0.00102975
2.70881 0.0256494 0.000597241
2.7224 0.0256797 0.0022244
2.73609 0.0257326 0.00386969
2.74972 0.0258057 0.00536394
2.76322 0.025895 0.00660915
2.77654 0.0259958 0.00757211
2.7898 0.0261038 0.00814595
2.80313 0.0262136 0.00823051
2.81635 0.026317 0.00782487
2.8294 0.0264082 0.00698441
2.84213 0.0264819 0.00579437
2.85453 0.0265356 0.00432284
2.86608 0.0265668 0.00270488
2.87685 0.0265783 0.00107032
2.88702 0.026573 -0.000524988
2.89673 0.0265531 -0.00204512
2.90613 0.0265205 -0.00346594
2.91537 0.0264768 -0.00473603
2.92458 0.0264231 -0.00582996
2.93389 0.0263602 -0.00675723
2.94345 0.0262884 -0.00750392
2.95339 0.0262082 -0.00807129
2.96383 0.0261203 -0.0084225
2.97487 0.0260264 -0.0085013
2.98658 0.0259298 -0.00825211
2.999 0.0258354 -0.00760226
3.0121 0.0257498 -0.00652936
3.02471 0.0256845 -0.00517762
3.03781 0.0256382 -0.00353539
3.05116 0.025617 -0.00159317
3.06475 0.0256245 0.000557531
3.0785 0.0256615 0.00268509
3.09245 0.0257259 0.00462093
3.10622 0.0258129 0.00631328
3.1198 0.0259157 0.00757186
3.13285 0.0260244 0.00833302
3.14613 0.0261391 0.00863549
3.15929 0.0262496 0.00839808
3.17193 0.0263467 0.00768091
3.18428 0.0264282 0.00659715
3.19629 0.0264905 0.00518952
3.20808 0.0265335 0.00364435
3.21957 0.0265569 0.00204122
3.23123 0.0265604 0.000298611
3.2434 0.0265409 -0.00160644
3.25548 0.026499 -0.00346972
3.26804 0.0264329 -0.00526149
3.28046 0.0263475 -0.00686893
3.29304 0.0262445 -0.00819509
3.306 0.0261255 -0.00918092
3.31955 0.0259923 -0.0098256
3.33355 0.0258516 -0.0100494
3.34779 0.0257111 -0.0098659
3.36198 0.0255803 -0.00921475
3.3754 0.0254705 -0.00819142
3.3892 0.0253776 -0.00672515
3.40349 0.0253081 -0.00486419
3.41734 0.0252683 -0.0028742
3.43084 0.025258 -0.000765729
3.44495 0.0252802 0.00157712
3.45895 0.0253358 0.00396922
3.4731 0.0254273 0.00646927
3.48741 0.0255541 0.0088569
3.50149 0.0257081 0.0109403
3.51468 0.0258747 0.0126259
3.52824 0.026062 0.0138169
3.54201 0.0262603 0.0143988
3.55561 0.026456 0.0143906
3.56897 0.0266405 0.0138035
3.58195 0.0268043 0.0126291
3.59453 0.0269422 0.0109535
3.60686 0.0270524 0.00894255
3.61897 0.0271329 0.00664962
3.63097 0.0271828 0.00415563
3.64291 0.0272007 0.0014959
3.65499 0.0271855 -0.00125234
3.66727 0.027136 -0.00403296
3.67976 0.0270512 -0.00679335
3.69261 0.0269298 -0.00944311
3.7054 0.0267787 -0.0118131
3.71821 0.026602 -0.0138
3.73131 0.0264012 -0.0153283
3.74489 0.0261794 -0.016319
3.75853 0.0259521 -0.0166746
3.77145 0.0257402 -0.0164001
3.78351 0.0255516 -0.0156423
3.79464 0.0253894 -0.0145677
3.80505 0.0252516 -0.0132364
3.81493 0.0251365 -0.0116556
3.82439 0.0250435 -0.00982468
3.83355 0.0249724 -0.00775806
3.84249 0.0249232 -0.00550567
3.85127 0.0248962 -0.0030768
3.85993 0.0248922 -0.000458672
3.86852 0.0249119 0.0022909
3.87709 0.0249564 0.00519078
3.88571 0.0250273 0.00822405
3.89446 0.025127 0.0113913
3.90342 0.0252581 0.0146479
3.91268 0.0254241 0.0179127
3.92238 0.0256278 0.0209944
3.93265 0.0258712 0.0236977
3.94365 0.0261553 0.0258345
3.95555 0.0264781 0.0271324
3.96756 0.0268064 0.0273278
3.97956 0.027124 0.0264761
3.99111 0.0274104 0.0247956
4.00269 0.0276679 0.0222353
4.01461 0.0278919 0.0187839
4.02646 0.0280664 0.0147317
4.03804 0.0281848 0.0102248
4.04948 0.0282466 0.00539786
4.0614 0.0282482 0.000135788
4.07267 0.0281934 -0.00485781
4.0846 0.0280757 -0.00986916
4.09664 0.0279004 -0.0145545
4.10885 0.0276719 -0.0187147
4.12068 0.0274099 -0.0221548
4.13318 0.0270966 -0.0250684
4.14582 0.0267515 -0.0272875
4.15796 0.0264032 -0.0286839
4.16983 0.0260557 -0.029279
4.1814 0.0257189 -0.0291085
4.19281 0.0253976 -0.0281739
4.20418 0.0250961 -0.0265128
4.21562 0.0248199 -0.0241414
4.22725 0.0245758 -0.0209819
4.23917 0.0243728 -0.0170295
4.25144 0.0242206 -0.0124123
4.26409 0.0241306 -0.0071134
4.27713 0.024116 -0.00112327
4.2902 0.0241811 0.00498952
4.30367 0.0243311 0.0111336
4.31696 0.0245563 0.0169328
4.33034 0.0248527 0.0221602
4.34354 0.0252003 0.0263392
4.35644 0.0255784 0.0293079
4.36911 0.0259704 0.0309495
4.38162 0.0263627 0.0313523
4.39394 0.0267369 0.030372
4.40615 0.0270805 0.0281409
4.41832 0.0273817 0.0247437
4.43014 0.027624 0.0204946
4.44226 0.0278093 0.0152919
4.45404 0.0279218 0.00955123
4.46557 0.0279629 0.00356207
4.47738 0.027931 -0.00270382
4.48888 0.0278322 -0.00859133
4.49953 0.0276858 -0.0137438
4.51066 0.0274791 -0.0185707
4.52141 0.0272348 -0.022728
4.53142 0.0269737 -0.0260732
4.54101 0.0266982 -0.0287233
4.5503 0.0264125 -0.0307475
4.55941 0.0261199 -0.0321419
4.56839 0.0258238 -0.0329489
4.57731 0.0255279 -0.0331773
4.58618 0.0252369 -0.0328015
4.59501 0.0249562 -0.0318033
4.60379 0.0246909 -0.0302164
4.61251 0.0244455 -0.0281378
4.62118 0.0242237 -0.0256056
4.62982 0.0240285 -0.022564
4.63851 0.023863 -0.0190663
4.64727 0.0237296 -0.0152173
4.65615 0.0236323 -0.0109664
4.66517 0.0235755 -0.00629829
4.67438 0.0235637 -0.00127686
4.68386 0.0236013 0.00396148
4.69372 0.0236939 0.00939399
4.7041 0.0238497 0.0150096
4.71519 0.024079 0.0206691
4.72723 0.0243932 0.0261024
4.73989 0.0247816 0.0306868
4.75259 0.0252154 0.0341501
4.76517 0.0256714 0.0362584
4.77756 0.0261316 0.0371443
4.78987 0.0265828 0.036649
4.80213 0.0270107 0.0349068
4.81431 0.0273989 0.0318543
4.8265 0.0277364 0.0276997
4.83866 0.0280111 0.0225931
4.85056 0.028212 0.0168849
4.86172 0.0283363 0.0111259
4.87227 0.0283936 0.00543352
4.88206 0.0283947 0.000120858
4.89133 0.0283499 -0.00484173
4.90026 0.0282664 -0.00935667
4.909 0.0281495 -0.013366
4.91771 0.0280009 -0.0170675
4.9265 0.0278206 -0.020494
4.9355 0.0276092 -0.0235095
4.94477 0.0273667 -0.0261365
4.95439 0.0270944 -0.0283081
4.96437 0.0267957 -0.0299349
4.97477 0.0264735 -0.0309846
4.98564 0.0261331 -0.0313178
4.99696 0.0257843 -0.0308029
5.00867 0.0254405 -0.0293683
5.02061 0.0251175 -0.0270455
5.03265 0.0248307 -0.0238156
5.04471 0.0245923 -0.0197731
5.05676 0.02441 -0.0151366
5.06879 0.0242903 -0.00995417
5.0808 0.0242391 -0.00425648
5.0928 0.0242591 0.00166674
5.10476 0.0243493 0.00753742
5.11683 0.0245098 0.0133079
5.12908 0.0247406 0.0188333
5.14159 0.025038 0.0237737
5.1544 0.0253938 0.0277811
5.16716 0.0257842 0.0305846
5.17972 0.0261869 0.0320642
5.19214 0.0265871 0.032228
5.20446 0.0269705 0.031108
5.21668 0.0273211 0.028712
5.2289 0.027629 0.0251827
5.24113 0.0278802 0.0205489
5.2528 0.0280589 0.0153104
5.2637 0.0281673 0.00994667
5.27389 0.0282142 0.00460606
5.28351 0.0282091 -0.000539081
5.29274 0.0281587 -0.00545767
5.30172 0.0280696 -0.00992266
5.31059 0.0279456 -0.0139713
5.31948 0.0277873 -0.0178126
5.3285 0.0275945 -0.0213749
5.33776 0.0273672 -0.0245527
5.34736 0.0271047 -0.0273244
5.35742 0.0268071 -0.0295936
5.36801 0.0264762 -0.0312431
5.37917 0.0261169 -0.0321942
5.39101 0.0257344 -0.0322995
5.40357 0.0253404 -0.0313672
5.41675 0.0249543 -0.0293025
5.42971 0.024614 -0.0262622
5.44304 0.0243191 -0.0221162
5.4561 0.0240941 -0.0172263
5.46863 0.023944 -0.0119736
5.48071 0.0238669 -0.00638352
5.49243 0.0238598 -0.000606833
5.50385 0.0239173 0.00502894
5.51503 0.0240346 0.0104985
5.52604 0.0242079 0.0157383
5.53696 0.0244331 0.0206253
5.54785 0.0247045 0.0249321
5.55875 0.0250149 0.0284658
5.56971 0.0253561 0.0311401
5.58072 0.0257177 0.0328215
5.59176 0.026086 0.0333868
5.60272 0.0264472 0.0329412
5.61349 0.0267855 0.0314163
5.62397 0.0270897 0.0290154
5.6341 0.0273524 0.0259347
5.6438 0.0275691 0.0223484
5.65304 0.0277395 0.018429
5.66188 0.0278662 0.0143337
5.67036 0.0279517 0.0100909
5.67854 0.0279996 0.00585813
5.6865 0.0280129 0.00166194
5.69433 0.0279939 -0.00242357
5.70209 0.0279442 -0.00640567
5.70986 0.0278641 -0.0103009
5.71772 0.0277538 -0.0140425
5.72573 0.0276133 -0.017541
5.73395 0.0274426 -0.020772
5.74241 0.027242 -0.0237087
5.75114 0.0270124 -0.0263034
5.76021 0.026754 -0.0284805
5.76966 0.0264687 -0.0301871
5.7795 0.0261601 -0.0313756
5.78965 0.0258356 -0.0319479
5.8 0.0255066 -0.0317867
5.8104 0.025186 -0.0308399
5.82071 0.0248849 -0.0291959
5.83087 0.0246109 -0.0269781
5.84084 0.0243698 -0.0241951
5.85062 0.0241655 -0.0208846
5.86021 0.0240004 -0.0172018
5.86963 0.023876 -0.0132065
5.87889 0.0237938 -0.00888043
5.88798 0.0237552 -0.0042523
5.89694 0.0237598 0.000524164
5.9058 0.0238067 0.00528449
5.91462 0.0238955 0.0100771
5.92349 0.0240275 0.0148793
5.9325 0.0242047 0.0196757
5.94172 0.0244289 0.0243128
5.95121 0.0247002 0.0285756
5.96103 0.025017 0.0322665
5.97118 0.0253739 0.035152
5.98164 0.0257616 0.0370671
5.99234 0.0261661 0.0378069
6.00318 0.0265716 0.0373986
6.01406 0.0269605 0.0357598
6.02487 0.0273166 0.032946
6.0355 0.0276272 0.0292177
6.04585 0.0278833 0.0247451
6.05583 0.0280812 0.0198183
6.06541 0.0282219 0.0146916
6.07459 0.0283089 0.00947616
6.08341 0.0283472 0.00433877
