t x vx
0.01 0.0220003 3.08663e-05
0.02 0.0220008 4.45693e-05
0.0398995 0.0220024 8.40895e-05
0.0599859 0.0220052 0.000138836
0.0809501 0.0220096 0.0002112
0.102756 0.0220162 0.000302835
0.125233 0.0220253 0.000400945
0.148138 0.0220368 0.000505234
0.171192 0.022051 0.000613773
0.194229 0.0220678 0.000729742
0.217079 0.0220875 0.000862177
0.239649 0.0221107 0.00102975
0.261832 0.0221379 0.00122511
0.282902 0.0221673 0.00139559
0.303892 0.0222004 0.00157771
0.324975 0.0222386 0.00180906
0.346071 0.0222826 0.00208624
0.366262 0.0223298 0.00233669
0.386316 0.0223815 0.00258009
0.406945 0.0224397 0.00282295
0.427876 0.0225034 0.00303903
0.449197 0.0225724 0.00323735
0.470403 0.0226447 0.003409
0.491413 0.0227193 0.00355346
0.512215 0.0227955 0.00366107
0.53283 0.0228721 0.00371783
0.553314 0.0229483 0.00371911
0.573743 0.0230231 0.00366107
0.594182 0.0230956 0.00354666
0.614662 0.0231647 0.00337655
0.635195 0.0232294 0.00315008
0.655773 0.0232884 0.00286574
0.676382 0.0233405 0.00252983
0.696948 0.0233848 0.00215123
0.717465 0.0234206 0.00174481
0.737935 0.0234478 0.0013306
0.758376 0.0234668 0.000926792
0.778814 0.0234781 0.000556407
0.799279 0.0234831 0.000245123
0.819812 0.0234833 6.65748e-06
0.84046 0.0234801 -0.000151767
0.861265 0.0234754 -0.000227038
0.882026 0.0234707 -0.00022747
0.902744 0.0234673 -0.0001631
0.923409 0.0234664 -4.29981e-05
0.944044 0.0234689 0.000120166
0.964655 0.0234753 0.000308241
0.98524 0.0234856 0.000501309
1.0058 0.0234995 0.000676028
1.02635 0.0235161 0.000807446
1.04691 0.023534 0.000870918
1.06751 0.0235515 0.000849888
1.08821 0.0235667 0.000733838
1.10894 0.0235775 0.00052225
1.12974 0.0235822 0.000225833
1.15069 0.0235793 -0.000138869
1.17171 0.0235679 -0.000543652
1.19267 0.0235478 -0.000956227
1.21359 0.0235196 -0.00134693
1.23451 0.0234841 -0.00169726
1.25549 0.0234422 -0.00199894
1.27663 0.0233946 -0.00225196
1.29804 0.0233424 -0.00243756
1.31926 0.0232887 -0.00253268
1.34048 0.0232354 -0.00250974
1.36158 0.0231859 -0.00234499
1.38251 0.0231432 -0.00204157
1.40334 0.0231093 -0.00162761
1.42409 0.023086 -0.00112129
1.44478 0.0230746 -0.000553477
1.46536 0.0230755 4.4401e-05
1.48576 0.0230881 0.00061691
1.50593 0.0231107 0.00111978
1.52592 0.0231408 0.00150699
1.54582 0.0231758 0.0017576
1.56545 0.0232122 0.00185793
1.58483 0.0232473 0.00180719
1.60417 0.0232786 0.0016187
1.62343 0.0233035 0.00129372
1.64249 0.0233197 0.000849603
1.66143 0.0233258 0.000324716
1.68059 0.023321 -0.000251969
1.7003 0.0233041 -0.00085461
1.72025 0.0232754 -0.001443
1.73994 0.0232364 -0.00197571
1.75927 0.0231896 -0.00242567
1.77806 0.0231374 -0.00277664
1.79631 0.0230824 -0.00301557
1.81436 0.0230259 -0.00312729
1.8326 0.0229691 -0.00311529
1.85114 0.022914 -0.00297244
1.87017 0.0228628 -0.00269153
1.88958 0.0228189 -0.00225899
1.90958 0.0227858 -0.0016547
1.9305 0.0227672 -0.000889213
1.95133 0.0227667 -2.52277e-05
1.97188 0.0227847 0.000875242
1.99193 0.0228195 0.00173892
2.01163 0.0228689 0.00250494
2.03115 0.0229295 0.00310331
2.05033 0.0229963 0.00348309
2.06919 0.0230649 0.00364075
2.08801 0.0231324 0.00358479
2.10648 0.0231939 0.0033266
2.12451 0.0232459 0.00288759
2.14259 0.0232873 0.00228778
2.16119 0.023316 0.00154296
2.18059 0.0233293 0.000689039
2.20006 0.0233252 -0.00021414
2.21901 0.0233049 -0.00106794
2.2372 0.0232718 -0.00182346
2.2547 0.0232284 -0.00247941
2.27183 0.0231767 -0.00301766
2.28906 0.0231178 -0.00341644
2.30681 0.0230527 -0.00366832
2.32477 0.0229853 -0.00375332
2.34287 0.0229193 -0.00364768
2.36127 0.0228585 -0.00330241
2.38027 0.022807 -0.00270969
2.40004 0.0227695 -0.00189967
2.4205 0.0227516 -0.000875533
2.44137 0.0227587 0.000341738
2.46201 0.0227919 0.00160993
2.48211 0.0228485 0.00281406
2.502 0.0229258 0.00388631
2.52176 0.0230195 0.00474317
2.54144 0.0231242 0.00532182
2.56084 0.0232328 0.00559705
2.58022 0.0233409 0.00557485
2.59885 0.0234394 0.00528973
2.6169 0.0235258 0.00478684
2.63479 0.0235989 0.0040884
2.65297 0.0236574 0.00321472
2.67181 0.0236986 0.00218883
2.69068 0.0237191 0.00108369
2.70881 0.0237189 -7.65991e-06
2.72654 0.0237003 -0.00105065
2.74417 0.0236645 -0.00203419
2.76143 0.0236141 -0.00291659
2.7785 0.0235515 -0.00366766
2.79591 0.0234771 -0.00427241
2.81395 0.0233922 -0.00470657
2.83239 0.0233013 -0.00492889
2.85076 0.0232108 -0.00492544
2.86938 0.0231233 -0.00470296
2.88857 0.0230417 -0.00425251
2.9084 0.0229716 -0.00353131
2.92893 0.022919 -0.00256689
2.94917 0.0228892 -0.00146882
2.96902 0.0228824 -0.000341667
2.98786 0.0228958 0.000710447
3.0068 0.0229284 0.0017213
3.02548 0.0229774 0.00262098
3.04374 0.0230387 0.00336057
3.06187 0.0231099 0.00392481
3.0798 0.0231868 0.00428683
3.09716 0.0232637 0.00443058
3.11432 0.0233387 0.00436988
3.13095 0.0234073 0.00412941
3.14696 0.0234673 0.00374778
3.16267 0.0235185 0.00325256
3.17834 0.0235603 0.00267063
3.19425 0.0235924 0.00201565
3.21073 0.0236137 0.00129515
3.22811 0.0236229 0.000526728
3.24644 0.0236185 -0.000237951
3.26459 0.0236022 -0.000900244
3.28283 0.0235764 -0.00141023
3.30111 0.0235446 -0.00173992
3.31944 0.0235102 -0.00187929
3.33795 0.0234761 -0.0018402
3.35667 0.0234452 -0.00165337
3.37577 0.0234199 -0.00132134
3.39548 0.0234032 -0.00085078
3.41593 0.0233983 -0.000236389
3.43642 0.0234082 0.000481179
3.4566 0.0234325 0.00120371
3.47543 0.0234669 0.00182991
3.49305 0.0235079 0.00232625
3.50998 0.0235529 0.0026561
3.52651 0.0235993 0.00280564
3.54288 0.0236447 0.0027764
3.55928 0.0236869 0.0025728
3.57587 0.0237235 0.00220207
3.59283 0.0237518 0.00167229
3.61037 0.0237693 0.000993823
3.62869 0.0237728 0.000193509
3.64782 0.0237591 -0.000717274
3.66707 0.0237269 -0.00167079
3.68626 0.023677 -0.00260181
3.70492 0.0236128 -0.00344098
3.72248 0.0235404 -0.00412332
3.73959 0.023461 -0.00463649
3.75694 0.0233748 -0.00497285
3.77454 0.0232847 -0.0051187
3.79213 0.0231954 -0.00507279
3.81008 0.0231089 -0.00482057
3.82885 0.0230269 -0.00436927
3.84715 0.0229572 -0.00380895
3.86505 0.0229003 -0.00317641
3.88267 0.0228567 -0.00247789
3.90017 0.0228263 -0.00173553
3.91766 0.0228088 -0.00100241
3.93528 0.0228033 -0.000310232
3.95319 0.022809 0.000315049
3.97148 0.0228244 0.00084451
3.9903 0.0228482 0.00126358
4.00943 0.0228785 0.00158419
4.02832 0.022912 0.00177343
4.04631 0.0229446 0.00181001
4.06363 0.022974 0.00170108
4.08075 0.0229991 0.00146603
4.09794 0.0230185 0.00112851
4.11555 0.0230305 0.000683436
4.13389 0.0230329 0.000126096
4.15304 0.0230228 -0.000522589
4.17169 0.0230011 -0.00116811
4.18998 0.0229687 -0.00176998
4.20854 0.0229262 -0.00228989
4.2277 0.0228749 -0.0026742
4.24757 0.0228173 -0.00290255
4.26827 0.0227566 -0.00293116
4.28914 0.0226997 -0.0027281
4.31036 0.0226515 -0.00227133
4.33132 0.0226181 -0.00159186
4.35235 0.022604 -0.000668279
4.37283 0.0226123 0.000401914
4.39339 0.0226443 0.00155731
4.41273 0.0226958 0.00266122
4.43245 0.0227695 0.00373859
4.45146 0.0228581 0.00466315
4.46966 0.0229566 0.0054098
4.48727 0.0230616 0.00596491
4.5044 0.0231697 0.00630521
4.52111 0.023277 0.0064267
4.53742 0.0233803 0.00633046
4.55338 0.0234764 0.00602179
4.56906 0.023563 0.00552677
4.5846 0.0236387 0.0048702
4.60019 0.0237023 0.00407928
4.61609 0.0237527 0.00316406
4.63258 0.0237876 0.00211727
4.64994 0.023804 0.000945213
4.66839 0.023798 -0.000324732
4.68737 0.0237678 -0.00159023
4.7056 0.0237186 -0.00269989
4.72331 0.0236546 -0.00361217
4.74098 0.0235781 -0.00433067
4.75886 0.0234917 -0.00483001
4.7771 0.0233987 -0.00509775
4.7951 0.0233066 -0.00511983
4.81308 0.0232189 -0.00487842
4.83156 0.0231377 -0.00439335
4.84831 0.0230742 -0.00378816
4.8637 0.0230261 -0.00312761
4.87849 0.0229902 -0.00242674
4.89291 0.0229656 -0.00170484
4.90719 0.0229518 -0.000966127
4.92153 0.0229486 -0.00022177
4.93612 0.022956 0.000507153
4.9512 0.022974 0.00119414
4.96703 0.0230029 0.00182459
4.98388 0.0230432 0.00239204
5.00038 0.0230899 0.00282742
5.01629 0.0231395 0.00312021
5.03161 0.0231898 0.00328308
5.04637 0.0232389 0.00332659
5.06065 0.0232853 0.00324811
5.07457 0.0233279 0.00305913
5.0883 0.0233659 0.00277115
5.10199 0.0233986 0.00238658
5.1159 0.0234251 0.00190631
5.13026 0.0234443 0.00133574
5.14533 0.0234547 0.000687823
5.16141 0.0234542 -3.06205e-05
5.17855 0.0234406 -0.000791333
5.19656 0.023413 -0.00153435
5.21496 0.0233724 -0.00220789
5.2334 0.0233213 -0.00276948
5.25213 0.0232614 -0.00319541
5.27126 0.0231956 -0.00344143
5.29031 0.0231291 -0.00349214
5.30976 0.0230641 -0.00334362
5.32986 0.0230039 -0.00298948
5.35006 0.0229543 -0.00245993
5.37039 0.0229179 -0.00178863
5.39023 0.022897 -0.00105368
5.40996 0.0228908 -0.000314784
5.42935 0.0228982 0.000380783
5.44848 0.0229176 0.00101477
5.4674 0.0229469 0.0015515
5.4865 0.0229842 0.00195086
5.50447 0.0230231 0.00216694
5.52126 0.0230603 0.00221666
5.5366 0.0230931 0.00213772
5.55049 0.0231203 0.0019552
5.56317 0.0231418 0.0016941
5.57493 0.0231579 0.00137235
5.58596 0.0231691 0.00101048
5.59645 0.0231756 0.000623779
5.60649 0.0231778 0.000219332
5.6162 0.0231759 -0.000193305
5.62563 0.0231703 -0.00059973
5.63486 0.0231611 -0.00099056
5.64392 0.0231488 -0.00136093
5.65286 0.0231335 -0.0017092
5.6617 0.0231155 -0.00203233
5.67047 0.0230951 -0.00232772
5.67918 0.0230726 -0.00259181
5.68784 0.0230481 -0.00282158
5.69646 0.0230222 -0.00301122
5.70505 0.022995 -0.00315913
5.71362 0.022967 -0.0032689
5.7222 0.0229383 -0.00335197
5.73081 0.0229088 -0.00341772
5.73951 0.0228787 -0.00346322
5.74834 0.022848 -0.00348072
5.75735 0.0228167 -0.00346636
5.76661 0.0227851 -0.00341361
5.77618 0.0227534 -0.00331892
5.78616 0.0227215 -0.00318892
5.79664 0.0226897 -0.00303527
5.80774 0.0226582 -0.00283719
5.81968 0.0226273 -0.00259252
5.83274 0.0225973 -0.00229575
5.84742 0.0225692 -0.00191688
5.86444 0.0225446 -0.00144592
5.88302 0.0225279 -0.00089814
5.90258 0.0225224 -0.000279065
5.92269 0.0225294 0.000346367
5.94269 0.0225475 0.000905747
5.96217 0.0225745 0.00138661
5.98228 0.02261 0.00176703
6.00197 0.0226498 0.00202239
6.02165 0.0226923 0.0021579
6.04186 0.0227365 0.00218807
6.06233 0.02278 0.00212416
6.08279 0.0228197 0.0019383
6.1032 0.0228531 0.00163627
6.12375 0.0228785 0.00123966
6.14435 0.0228947 0.000784083
6.16496 0.0229011 0.000308188
6.18551 0.0228978 -0.000157034
6.20555 0.0228862 -0.000577935
6.2252 0.0228676 -0.000949323
6.24446 0.0228434 -0.00125671
6.26351 0.0228154 -0.00146898
6.28242 0.0227859 -0.00155937
6.30118 0.0227575 -0.0015159
6.31953 0.0227325 -0.00136118
6.33802 0.0227124 -0.00108858
6.35658 0.022699 -0.000722212
6.37552 0.0226936 -0.00028228
6.39551 0.0226982 0.000228366
6.41569 0.0227137 0.000769116
6.43553 0.0227393 0.00129249
6.45564 0.0227748 0.00176014
6.47539 0.0228166 0.00211876
6.49493 0.0228626 0.00235667
6.51448 0.0229107 0.00245641
6.53364 0.0229569 0.00241403
6.55216 0.0229985 0.0022451
6.57048 0.0230346 0.00196793
6.58905 0.023064 0.00158839
6.6083 0.0230855 0.00111327
6.62841 0.0230965 0.00054981
6.64822 0.0230954 -5.46097e-05
6.66779 0.0230829 -0.00063936
6.68711 0.0230609 -0.00114123
6.70613 0.0230322 -0.00150779
6.72488 0.0229998 -0.0017293
6.7434 0.0229659 -0.00182834
6.76199 0.0229325 -0.00180021
6.78042 0.0229027 -0.00161357
6.79871 0.0228796 -0.00126303
6.81726 0.0228655 -0.000762785
6.83625 0.022863 -0.000129925
6.85511 0.0228742 0.000591369
6.87452 0.0229013 0.00140014
6.89428 0.0229452 0.00222105
6.91368 0.0230025 0.00295172
6.9327 0.0230696 0.00352802
6.95164 0.0231443 0.00394243
6.9699 0.02322 0.00414865
6.98739 0.0232924 0.00413977
7.00441 0.0233592 0.00392378
7.02135 0.0234188 0.0035162
7.03857 0.0234694 0.00294267
7.05643 0.0235094 0.00223878
7.07461 0.0235358 0.00144842
7.09328 0.0235464 0.000571784
7.11131 0.0235403 -0.000339142
7.12946 0.0235179 -0.00123544
7.14839 0.0234786 -0.00207942
7.16714 0.0234266 -0.00276804
7.18532 0.0233678 -0.00323309
7.2035 0.0233045 -0.00348513
7.22203 0.0232387 -0.00355263
7.2408 0.0231741 -0.00343819
7.25921 0.0231163 -0.00314078
7.27761 0.0230674 -0.00265675
7.29658 0.0230294 -0.00200329
7.31636 0.0230056 -0.00120402
7.33681 0.0229991 -0.000318772
7.3566 0.0230092 0.000512314
7.37597 0.023034 0.00128068
7.39501 0.0230714 0.00196317
7.41356 0.0231179 0.00250428
7.43188 0.0231709 0.00289358
7.44992 0.0232266 0.00309077
7.46733 0.02328 0.00306482
7.48453 0.0233288 0.00283829
7.502 0.0233714 0.00243982
7.52012 0.0234058 0.00189469
7.53913 0.0234287 0.00120519
7.55812 0.0234367 0.000422899
7.57705 0.0234291 -0.000404089
7.59622 0.0234054 -0.00123239
7.6151 0.0233679 -0.00198567
7.63304 0.0233212 -0.0026079
7.6501 0.0232686 -0.00308212
7.66675 0.0232122 -0.00338629
7.68356 0.0231529 -0.00352631
7.7008 0.0230924 -0.00350706
7.71777 0.0230358 -0.00333865
7.73479 0.0229846 -0.00300897
7.75275 0.0229397 -0.0025004
7.77188 0.0229049 -0.00181498
7.7913 0.0228849 -0.00103015
7.81117 0.0228811 -0.000192714
7.83091 0.0228934 0.000623255
7.85029 0.0229203 0.00138469
7.86928 0.0229591 0.00204602
7.88796 0.0230068 0.00255133
7.90658 0.0230601 0.00286556
7.92466 0.0231135 0.00295137
7.94211 0.0231628 0.00282699
7.95938 0.0232063 0.00251703
7.97695 0.0232422 0.00204203
7.99523 0.0232679 0.00141021
8.01348 0.0232802 0.000669496
8.03212 0.0232774 -0.000148484
8.05157 0.0232575 -0.00102185
8.07184 0.0232194 -0.00188157
8.09173 0.0231667 -0.00264887
8.11121 0.0231033 -0.00325457
8.13002 0.0230346 -0.0036521
8.14845 0.022964 -0.00383126
8.16703 0.0228936 -0.00378884
8.18617 0.0228263 -0.00351366
8.20651 0.022766 -0.00296733
8.22745 0.0227208 -0.00215994
8.24821 0.022696 -0.0011925
8.2689 0.0226923 -0.000179957
8.28896 0.0227077 0.0007688
8.30851 0.0227393 0.00161456
8.32806 0.0227851 0.00234271
8.34746 0.0228416 0.00291381
8.36647 0.0229046 0.00331339
8.38539 0.0229715 0.00353577
8.40401 0.0230375 0.00354817
8.42209 0.0230983 0.00336125
8.44007 0.0231523 0.00300251
8.45848 0.0231981 0.00248755
8.47768 0.0232333 0.00183133
8.49766 0.0232544 0.00105728
8.51741 0.0232592 0.000245864
8.53681 0.0232484 -0.000556985
8.55583 0.0232237 -0.00130144
8.57441 0.0231874 -0.00195036
8.59249 0.023143 -0.00245861
8.61024 0.0230933 -0.00279535
8.62793 0.023041 -0.00296053
8.64584 0.0229881 -0.00295273
8.66399 0.0229377 -0.00277642
8.68231 0.022893 -0.0024402
8.7007 0.0228575 -0.00192843
8.71964 0.0228338 -0.00125183
8.73946 0.0228256 -0.000414857
8.75981 0.0228365 0.000533449
8.77983 0.022866 0.00147707
8.79955 0.0229125 0.00235663
8.81902 0.0229728 0.00309672
8.83814 0.0230419 0.00361496
8.85703 0.0231154 0.00388939
8.87531 0.023187 0.0039133
8.89299 0.0232527 0.00372046
8.91037 0.0233107 0.00333841
8.92787 0.0233595 0.00278591
8.94583 0.0233969 0.00208329
8.96446 0.0234205 0.00126721
8.98275 0.0234279 0.000405398
9.00133 0.0234189 -0.000484076
9.02049 0.0233922 -0.00139304
9.03985 0.0233481 -0.00228154
9.05953 0.0232876 -0.00307447
9.07825 0.0232189 -0.00366938
9.09648 0.0231451 -0.00404694
9.11461 0.0230689 -0.00420325
9.1329 0.0229931 -0.00414237
