t x vx
0.01 0.0220003 3.15923e-05
0.02 0.0220008 4.49613e-05
0.0398995 0.0220024 8.40945e-05
0.0599859 0.0220052 0.000138864
0.0809501 0.0220097 0.000211913
0.102756 0.0220163 0.000305038
0.125233 0.0220254 0.000404969
0.148137 0.0220371 0.000511437
0.171191 0.0220515 0.000623174
0.194228 0.0220686 0.000743708
0.217078 0.0220888 0.000882659
0.239648 0.0221127 0.00106015
0.261832 0.0221409 0.00126807
0.282907 0.0221715 0.00145124
0.303894 0.022206 0.00164731
0.324975 0.022246 0.00189771
0.346064 0.0222924 0.00219872
0.366241 0.0223423 0.00247352
0.386309 0.0223974 0.00274321
0.406934 0.0224595 0.00301528
0.427861 0.0225278 0.00326101
0.449183 0.0226022 0.00349058
0.470399 0.0226785 0.00359527
0.491419 0.0227558 0.00367749
0.512233 0.022833 0.00370944
0.532857 0.0229088 0.00367445
0.553347 0.0229818 0.0035632
0.573771 0.0230504 0.00335772
0.594181 0.0231126 0.00305131
0.614599 0.0231665 0.00263807
0.635021 0.0232098 0.00211727
0.655426 0.02324 0.00148247
0.675792 0.0232552 0.00074464
0.696109 0.0232535 -8.04119e-05
0.716401 0.023234 -0.000962428
0.73655 0.0231965 -0.00186073
0.75656 0.0231418 -0.00273291
0.776493 0.0230713 -0.00353726
0.796431 0.0229868 -0.00423896
0.816462 0.0228904 -0.00481039
0.836677 0.0227866 -0.00513624
0.856951 0.0226792 -0.00529684
0.877327 0.0225716 -0.00528204
0.897925 0.0224646 -0.00519357
0.918528 0.0223629 -0.00493522
0.939042 0.0222701 -0.00452642
0.959294 0.0221892 -0.00399328
0.979331 0.0221237 -0.00326962
0.999211 0.0220743 -0.00248257
1.01902 0.0220397 -0.00174858
1.03884 0.0220194 -0.00102588
1.05866 0.0220126 -0.000341358
1.07841 0.0220171 0.000225791
1.09818 0.022032 0.000752814
1.11801 0.0220547 0.00114833
1.138 0.0220807 0.00130037
1.15817 0.0221068 0.0012925
1.17843 0.0221306 0.0011763
1.19907 0.0221499 0.000934283
1.21972 0.022162 0.000588139
1.24048 0.0221656 0.00017152
1.26122 0.0221598 -0.000281228
1.28196 0.0221442 -0.000752664
1.30289 0.0221186 -0.00122331
1.32335 0.0220849 -0.00164546
1.34334 0.0220453 -0.00198361
1.36324 0.0220011 -0.00222047
1.38337 0.0219538 -0.0023465
1.40394 0.0219049 -0.00237926
1.42444 0.0218579 -0.00229419
1.44466 0.0218154 -0.0020981
1.46467 0.0217789 -0.00182645
1.48443 0.0217491 -0.00150508
1.50399 0.0217265 -0.00115865
1.52331 0.0217113 -0.000787994
1.5425 0.0217036 -0.000396552
1.56178 0.0217054 9.24233e-05
1.58131 0.0217168 0.000582066
1.60064 0.0217366 0.00102223
1.61988 0.0217634 0.00139314
1.63927 0.0217965 0.0017076
1.65911 0.0218357 0.00197683
1.67956 0.0218807 0.00220424
1.70041 0.0219304 0.00238313
1.72071 0.0219812 0.00250226
1.74053 0.0220321 0.00256619
1.76 0.0220823 0.00257887
1.7793 0.0221299 0.00246419
1.79857 0.0221746 0.00232215
1.81793 0.0222166 0.00216897
1.83739 0.0222557 0.00201028
1.85697 0.0222921 0.00185528
1.87668 0.0223255 0.00169895
1.89654 0.022356 0.00153102
1.91657 0.0223828 0.00134109
1.93656 0.0224053 0.00112427
1.95653 0.022423 0.000887287
1.97657 0.0224356 0.000630143
1.99663 0.0224444 0.000438484
2.0165 0.0224493 0.000243712
2.03629 0.0224497 2.17882e-05
2.0561 0.0224452 -0.000227968
2.07606 0.0224356 -0.000478864
2.09624 0.0224214 -0.000706082
2.11644 0.0224036 -0.000882271
2.13671 0.0223836 -0.000982982
2.15702 0.0223634 -0.000994844
2.17735 0.0223449 -0.000909376
2.19788 0.0223302 -0.000717843
2.21804 0.0223214 -0.000435145
2.23785 0.02232 -7.40654e-05
2.25755 0.0223268 0.000348867
2.2773 0.0223431 0.000823189
2.29728 0.0223698 0.00133703
2.31763 0.0224077 0.00186288
2.33783 0.0224555 0.00236456
2.35758 0.0225107 0.0027983
2.37689 0.0225715 0.003147
2.39596 0.0226364 0.00340414
2.41452 0.0227019 0.003527
2.43221 0.0227639 0.0035028
2.44941 0.0228216 0.00335678
2.46658 0.022875 0.00310988
2.48406 0.0229236 0.00278026
2.50215 0.0229664 0.00236821
2.52103 0.0230021 0.00188615
2.53996 0.0230275 0.00134715
2.55907 0.0230422 0.00076857
2.5784 0.0230456 0.00017517
2.5972 0.0230386 -0.000373777
2.61573 0.0230235 -0.000815897
2.63436 0.0230026 -0.00112319
2.65278 0.0229787 -0.00129289
2.67111 0.0229539 -0.00135597
2.68924 0.0229297 -0.00133602
2.70767 0.0229068 -0.00124208
2.72624 0.0228869 -0.00106736
2.74485 0.0228716 -0.000822676
2.76413 0.0228619 -0.00050255
2.7842 0.0228593 -0.000134419
2.80438 0.0228638 0.000227786
2.82474 0.0228751 0.000551006
2.84491 0.0228913 0.000805692
2.86519 0.0229114 0.000988417
2.88557 0.0229336 0.00109299
2.90567 0.0229562 0.00112237
2.92556 0.0229772 0.00105526
2.94538 0.0229951 0.000902476
2.96526 0.0230087 0.000683733
2.98484 0.0230171 0.000428731
3.00398 0.0230198 0.00014127
3.02291 0.0230164 -0.000177312
3.04197 0.0230067 -0.000509487
3.06145 0.0229899 -0.000861857
3.08163 0.0229652 -0.00122388
3.10221 0.0229332 -0.00155518
3.12288 0.0228959 -0.00180519
3.14314 0.0228563 -0.00195526
3.16295 0.0228163 -0.00201811
3.18253 0.0227774 -0.00198737
3.20224 0.0227413 -0.00182939
3.22195 0.0227108 -0.00154797
3.24152 0.0226881 -0.00116035
3.26124 0.0226748 -0.000675761
3.28119 0.0226725 -0.000114672
3.30116 0.0226819 0.000470474
3.32174 0.0227027 0.00101344
3.34223 0.0227326 0.00145541
3.36267 0.0227686 0.00176218
3.38287 0.0228075 0.00192556
3.40282 0.0228465 0.0019535
3.42263 0.0228831 0.00185
3.44249 0.0229156 0.00163443
3.46178 0.0229411 0.00132604
3.48065 0.0229588 0.000937172
3.49935 0.022968 0.000492449
3.51818 0.0229681 3.46601e-06
3.53739 0.0229584 -0.000506008
3.55651 0.0229392 -0.00100545
3.5755 0.0229112 -0.00147247
3.59469 0.0228754 -0.00186731
3.61417 0.0228336 -0.00214086
3.63385 0.0227886 -0.00228786
3.65326 0.0227437 -0.00231251
3.67246 0.0227012 -0.0022149
3.69172 0.0226624 -0.00201738
3.71115 0.022629 -0.0017175
3.73086 0.022604 -0.00126686
3.7509 0.0225908 -0.000660056
3.77067 0.0225915 3.69911e-05
3.79046 0.0226071 0.000786238
3.81051 0.022638 0.00154174
3.83084 0.022684 0.00226171
3.85092 0.0227415 0.00286674
3.87081 0.0228073 0.00330659
3.89024 0.0228767 0.00357193
3.90947 0.0229474 0.00367802
3.92861 0.0230167 0.00361585
3.94687 0.0230784 0.00337937
3.96473 0.0231319 0.00299717
3.98262 0.0231765 0.00249273
4.00092 0.0232113 0.00190115
4.01991 0.0232351 0.00125296
4.03968 0.0232464 0.000572914
4.05923 0.0232443 -0.000106273
4.07808 0.0232304 -0.000740112
4.09664 0.023206 -0.00131125
4.11521 0.0231724 -0.0018131
4.13406 0.0231308 -0.00220671
4.15306 0.0230838 -0.00247285
4.172 0.0230345 -0.00260248
4.19087 0.0229856 -0.00258891
4.21 0.0229388 -0.00245022
4.22946 0.0228958 -0.00220871
4.24895 0.0228602 -0.00182528
4.26861 0.0228343 -0.00131954
4.28856 0.0228202 -0.000702984
4.30858 0.0228193 -4.60241e-05
4.32865 0.022831 0.000580526
4.34725 0.0228509 0.00107292
4.36541 0.0228773 0.00145419
4.38376 0.0229091 0.00172891
4.40281 0.022945 0.00188445
4.42285 0.0229832 0.00190781
4.44294 0.023019 0.00178476
4.46289 0.0230496 0.00153003
4.48251 0.0230725 0.00116664
4.50179 0.0230871 0.000760886
4.52085 0.0230934 0.000329653
4.5399 0.023091 -0.000126913
4.5592 0.0230796 -0.000588708
4.57906 0.0230589 -0.00104462
4.59902 0.0230296 -0.00146689
4.61869 0.0229938 -0.00182136
4.63823 0.0229532 -0.00207783
4.65782 0.0229095 -0.00222859
4.67759 0.0228645 -0.00227783
4.6976 0.0228199 -0.00222853
4.71724 0.0227792 -0.00207016
4.73548 0.0227461 -0.00181497
4.75188 0.0227214 -0.00150659
4.76674 0.022704 -0.00117194
4.78037 0.0226927 -0.000832115
4.79313 0.0226863 -0.000495525
4.80526 0.0226844 -0.000164314
4.81694 0.0226861 0.000152795
4.8283 0.0226913 0.000456975
4.83944 0.0226996 0.000745276
4.85041 0.0227107 0.00101096
4.86124 0.0227243 0.00125142
4.87197 0.02274 0.00146345
4.88261 0.0227575 0.00164649
4.89318 0.0227765 0.00179769
4.90367 0.0227966 0.00191247
4.91411 0.0228173 0.00199052
4.92449 0.0228385 0.00203447
4.93482 0.0228597 0.00205033
4.94514 0.0228807 0.00204218
4.95544 0.0229014 0.00200698
4.96577 0.0229215 0.001945
4.97617 0.0229408 0.00185635
4.98669 0.0229591 0.00174204
4.99734 0.0229761 0.00159833
5.00814 0.0229915 0.00142719
5.01909 0.023005 0.0012316
5.03021 0.0230163 0.00101157
5.04147 0.0230249 0.000762076
5.05288 0.0230304 0.000484833
5.06442 0.0230326 0.000190169
5.0761 0.0230313 -0.000110254
5.08787 0.0230265 -0.000410543
5.09972 0.0230181 -0.000705544
5.11162 0.0230062 -0.000998221
5.12352 0.0229909 -0.00129188
5.13541 0.022972 -0.00158252
5.14725 0.02295 -0.00185858
5.15906 0.022925 -0.00211628
5.17086 0.0228973 -0.00235422
5.18269 0.0228668 -0.00257277
5.19463 0.0228339 -0.00276025
5.20673 0.0227988 -0.00290153
5.21907 0.0227619 -0.00298855
5.23177 0.0227235 -0.00302075
5.24496 0.022684 -0.00299356
5.25882 0.0226439 -0.00289507
5.27357 0.0226039 -0.00271467
5.28945 0.0225648 -0.00245873
5.30515 0.0225307 -0.00216983
5.3205 0.0225024 -0.00184862
5.33551 0.0224801 -0.00148298
5.35019 0.0224644 -0.00107095
5.36452 0.0224553 -0.000634633
5.37847 0.0224523 -0.000216007
5.39203 0.0224548 0.00018295
5.40517 0.0224622 0.000564231
5.41788 0.022474 0.00093058
5.43016 0.0224896 0.00127328
5.4421 0.0225086 0.00158849
5.45375 0.0225304 0.00187363
5.46518 0.0225548 0.00212691
5.47647 0.0225813 0.00235124
5.48769 0.0226099 0.00254984
5.49894 0.0226405 0.0027177
5.51029 0.0226728 0.00284643
5.52181 0.0227065 0.00292613
5.53357 0.0227412 0.00295174
5.54563 0.0227765 0.00292391
5.55806 0.0228118 0.00284516
5.57092 0.0228468 0.00271664
5.58428 0.0228805 0.00252575
5.59821 0.0229121 0.00226488
5.61287 0.0229403 0.00192709
5.62841 0.0229638 0.00151433
5.64501 0.0229799 0.00096799
5.66287 0.022988 0.000451952
5.68128 0.0229874 -3.36388e-05
5.69926 0.0229791 -0.000457354
5.71784 0.0229639 -0.000822006
5.7378 0.0229417 -0.00110984
5.75773 0.0229158 -0.00130312
5.77791 0.0228858 -0.00148455
5.79828 0.0228535 -0.00158338
5.81907 0.0228223 -0.00150488
5.84024 0.022792 -0.0014285
5.86136 0.0227643 -0.00131018
5.8823 0.0227402 -0.00115478
5.90247 0.02272 -0.000998245
5.92239 0.0227031 -0.000848277
5.94231 0.0226887 -0.000723873
5.96233 0.0226771 -0.000579885
5.98199 0.0226669 -0.000516832
6.0015 0.0226562 -0.000548333
6.02113 0.0226431 -0.000667409
6.04059 0.0226256 -0.000899771
6.05987 0.0226036 -0.00114389
6.07931 0.0225769 -0.00137264
6.09918 0.0225451 -0.00159697
6.11933 0.0225085 -0.00181962
6.13967 0.0224672 -0.00202854
6.16019 0.0224218 -0.00221536
6.18032 0.0223745 -0.00235036
6.20026 0.0223272 -0.00237101
6.21942 0.0222836 -0.00227465
6.23774 0.0222449 -0.002111
6.25585 0.0222106 -0.00189659
6.27427 0.0221807 -0.00162384
6.29318 0.022156 -0.00130265
6.31252 0.0221382 -0.000919267
6.33196 0.0221286 -0.000496728
6.35208 0.0221266 -9.73588e-05
6.37219 0.0221313 0.000231429
6.39259 0.0221407 0.00046206
6.41329 0.0221525 0.000567167
6.43396 0.0221637 0.000544925
6.4544 0.022171 0.000358734
6.4748 0.0221711 3.80603e-06
6.49536 0.0221606 -0.000512736
6.51589 0.0221371 -0.00114328
6.53599 0.0221002 -0.00183742
6.55581 0.0220497 -0.00254738
6.57573 0.0219849 -0.00325211
6.59566 0.0219063 -0.00394408
6.61539 0.0218146 -0.00464622
6.63439 0.0217139 -0.00530175
6.65284 0.0216063 -0.00583111
6.67109 0.0214937 -0.00617214
6.68943 0.0213778 -0.00631482
6.708 0.0212622 -0.00622788
6.72666 0.0211522 -0.0058938
6.74497 0.0210544 -0.00534223
6.76339 0.0209696 -0.00460313
6.78228 0.0208996 -0.00370811
6.80171 0.0208473 -0.00268955
6.82115 0.0208163 -0.00159304
6.84067 0.0208075 -0.000452239
6.85942 0.0208191 0.000618693
6.87841 0.0208503 0.00164382
6.89713 0.0208988 0.00259227
6.91554 0.0209625 0.00345681
6.93417 0.0210407 0.00419556
6.95271 0.0211286 0.0047427
6.97076 0.0212201 0.00506711
6.98857 0.0213124 0.00518572
7.00681 0.021406 0.00512908
7.0259 0.0214996 0.00490662
7.04593 0.0215897 0.00449685
7.06598 0.0216682 0.00391378
7.08588 0.0217317 0.00319599
7.10565 0.0217789 0.0023818
7.12485 0.0218083 0.00153153
7.14359 0.0218211 0.000688077
7.16197 0.021819 -0.000114334
7.18007 0.0218039 -0.00083947
7.19794 0.0217773 -0.00148271
7.21573 0.0217416 -0.00201015
7.23359 0.0216986 -0.00240832
7.2517 0.0216502 -0.00267095
7.26987 0.0215998 -0.00277604
7.28816 0.0215499 -0.00272781
7.30646 0.0215034 -0.00253845
7.32489 0.0214623 -0.00223272
7.34367 0.0214285 -0.00179745
7.36294 0.0214048 -0.00122806
7.38239 0.0213939 -0.000562773
7.40178 0.0213965 0.000135209
7.42085 0.021412 0.000810953
7.43955 0.0214387 0.00142998
7.45812 0.0214756 0.00198467
7.47685 0.0215216 0.00245428
7.49508 0.0215723 0.00278586
7.51287 0.021625 0.00296161
7.53052 0.021678 0.00299926
7.54847 0.0217304 0.00292162
7.56708 0.0217811 0.00272391
7.58668 0.0218282 0.00240097
7.60685 0.0218679 0.00196873
7.62644 0.0218969 0.00148083
7.64538 0.0219151 0.000959902
7.66402 0.0219227 0.000409179
7.68255 0.0219199 -0.000149121
7.70123 0.0219072 -0.000681731
7.72025 0.0218852 -0.00115849
7.73916 0.021856 -0.00154305
7.7581 0.0218216 -0.00181544
7.77683 0.0217846 -0.00197481
7.79524 0.0217472 -0.00202976
7.81344 0.0217111 -0.00198533
7.83157 0.0216776 -0.00184588
7.84973 0.0216484 -0.00161247
7.86801 0.0216246 -0.00129757
7.88648 0.0216075 -0.000926494
7.90517 0.0215977 -0.000524116
7.92407 0.0215956 -0.000114278
7.94318 0.0216011 0.000287422
7.96244 0.0216138 0.0006585
7.98182 0.0216326 0.000974307
8.00116 0.0216561 0.00121273
8.02059 0.0216826 0.00136407
8.03976 0.0217097 0.00141171
8.05867 0.0217355 0.00136501
8.0775 0.0217587 0.00123499
8.09649 0.0217784 0.00103454
8.11582 0.0217934 0.000779053
8.13542 0.0218029 0.000484971
8.15509 0.0218064 0.0001765
8.17471 0.0218042 -0.000111721
8.19446 0.0217974 -0.000345668
8.21421 0.021787 -0.000527824
8.23388 0.0217739 -0.000662636
8.25325 0.0217595 -0.000744995
8.27263 0.0217447 -0.000765348
8.29206 0.0217306 -0.000724467
8.31125 0.0217182 -0.000643163
8.33034 0.0217079 -0.000544015
8.34959 0.0216994 -0.000438885
8.36902 0.0216932 -0.000321659
8.38833 0.0216894 -0.000195916
8.40762 0.0216881 -6.80076e-05
8.42707 0.0216894 6.65548e-05
8.44633 0.0216932 0.000201907
8.46529 0.0216996 0.000332676
8.48423 0.0217081 0.000449605
8.50343 0.0217183 0.000532206
8.52307 0.0217293 0.000561732
8.54325 0.0217402 0.000541315
8.56399 0.0217501 0.00047707
8.58479 0.0217579 0.000372647
8.6053 0.0217624 0.000221684
8.6256 0.0217628 1.95147e-05
8.6457 0.0217582 -0.000230222
8.66568 0.0217481 -0.000504533
8.68557 0.0217328 -0.000770548
8.70549 0.021713 -0.000994837
8.72552 0.0216899 -0.00115327
8.74573 0.0216649 -0.00123636
8.76612 0.0216395 -0.00124647
8.78651 0.0216152 -0.00119321
8.807 0.021593 -0.00107933
8.82713 0.0215744 -0.000924908
8.84683 0.0215597 -0.000747907
8.86631 0.0215488 -0.000558925
8.88574 0.0215417 -0.000363727
8.90526 0.0215384 -0.000169964
8.92499 0.0215388 1.8988e-05
8.94481 0.0215427 0.00019695
8.96462 0.0215498 0.000357521
8.98452 0.0215597 0.000499155
9.0046 0.0215721 0.000618149
9.02474 0.0215863 0.000706272
9.04437 0.0216012 0.000755267
9.0635 0.0216159 0.000768044
9.08226 0.0216299 0.000749786
9.10087 0.0216431 0.000710096
9.11953 0.0216554 0.000659253
9.13842 0.0216669 0.00060643
9.1577 0.0216775 0.000550761
9.17701 0.0216869 0.000488182
9.196 0.0216951 0.000427315
9.2147 0.0217022 0.000383149
9.23318 0.0217087 0.00034986
