t x vx
0.01 0.0220007 7.03304e-05
0.02 0.0220018 0.000109624
0.0354923 0.0220051 0.000213325
0.0512827 0.0220087 0.000228774
0.0677725 0.0220147 0.000361466
0.0848578 0.0220215 0.000400935
0.102436 0.0220289 0.000419381
0.12035 0.0220369 0.000446755
0.138319 0.0220453 0.000467339
0.156195 0.0220542 0.000495705
0.173957 0.0220639 0.000548131
0.191469 0.0220755 0.000665367
0.208752 0.0220919 0.000944212
0.225448 0.0221117 0.00118731
0.241435 0.0221335 0.00136171
0.257585 0.0221586 0.00155921
0.273795 0.0221879 0.00180384
0.289353 0.0222198 0.00205078
0.304529 0.0222548 0.00230503
0.320361 0.0222957 0.00258606
0.336328 0.0223417 0.00287784
0.352471 0.0223934 0.00320678
0.368646 0.0224511 0.00356818
0.384865 0.0225151 0.00394445
0.401139 0.0225848 0.00428315
0.417456 0.0226595 0.00457517
0.433746 0.0227379 0.00481164
0.449931 0.0228185 0.00498185
0.465968 0.0229 0.0050833
0.481851 0.0229815 0.00513075
0.497601 0.0230624 0.00513633
0.513271 0.0231424 0.00510713
0.528921 0.0232215 0.0050524
0.544604 0.0232996 0.00498291
0.560308 0.0233767 0.00490356
0.57596 0.023452 0.00481665
0.591599 0.023526 0.00472736
0.607267 0.0235989 0.00465739
0.623001 0.0236718 0.00463331
0.638824 0.0237459 0.00467772
0.654756 0.0238225 0.00480888
0.670777 0.0239031 0.00503296
0.686834 0.0239888 0.00533466
0.702921 0.0240804 0.00569643
0.719036 0.0241787 0.00609936
0.735179 0.024284 0.00652046
0.751344 0.0243959 0.00692469
0.767524 0.0245137 0.00728204
0.78372 0.0246364 0.00757273
0.799934 0.0247625 0.00777767
0.816179 0.0248904 0.00787622
0.832472 0.0250184 0.00785427
0.848832 0.0251445 0.00770524
0.865077 0.0252652 0.00743478
0.88123 0.0253792 0.00705374
0.897374 0.0254852 0.00656926
0.913414 0.0255814 0.00599671
0.929269 0.0256664 0.00536094
0.945054 0.0257407 0.00470705
0.960928 0.0258053 0.00407026
0.976504 0.02586 0.00351129
0.991694 0.0259065 0.00305766
1.007 0.0259477 0.00269252
1.0227 0.0259856 0.00241608
1.03894 0.0260218 0.00222955
1.05508 0.0260565 0.00214632
1.0712 0.0260908 0.00213234
1.0872 0.0261256 0.00217232
1.10309 0.0261614 0.00225644
1.1189 0.0261986 0.00235456
1.13466 0.0262375 0.00246642
1.15026 0.0262778 0.0025791
1.16584 0.0263188 0.00263171
1.18152 0.0263596 0.00260122
1.19713 0.0263988 0.0025118
1.21272 0.0264359 0.00238075
1.22831 0.0264701 0.00219375
1.24396 0.0265001 0.00191691
1.25954 0.0265243 0.00155461
1.27494 0.0265417 0.00113308
1.29034 0.026552 0.000665575
1.30474 0.026555 0.000210656
1.31881 0.0265518 -0.000228846
1.33297 0.026543 -0.000621478
1.34749 0.0265291 -0.000960683
1.36219 0.026511 -0.00122886
1.37739 0.0264891 -0.00143971
1.39304 0.026464 -0.00160159
1.4092 0.0264363 -0.00171839
1.42536 0.0264076 -0.00177342
1.44155 0.0263789 -0.00177634
1.45774 0.0263507 -0.00173896
1.47383 0.0263238 -0.00167514
1.48988 0.0262981 -0.00159786
1.50583 0.0262737 -0.00153067
1.52171 0.0262496 -0.00151528
1.53756 0.0262247 -0.00157242
1.55346 0.0261976 -0.00170398
1.56946 0.0261672 -0.00190336
1.58559 0.0261325 -0.00214697
1.60173 0.0260938 -0.00240054
1.61781 0.0260516 -0.00262706
1.63372 0.0260071 -0.00279477
1.64915 0.0259625 -0.00288886
1.66417 0.0259189 -0.00290215
1.679 0.0258768 -0.00283779
1.6939 0.0258367 -0.00269469
1.70906 0.025799 -0.0024849
1.7245 0.0257648 -0.00221424
1.74014 0.0257354 -0.00188061
1.7562 0.0257115 -0.00149039
1.77246 0.0256942 -0.00106362
1.78858 0.0256839 -0.000634548
1.80454 0.0256801 -0.000243297
1.82039 0.0256813 7.61262e-05
1.8362 0.0256839 0.000167549
1.85204 0.0256861 0.000140295
1.86796 0.0256855 -3.7428e-05
1.88402 0.0256807 -0.000303843
1.90004 0.025669 -0.000726186
1.91597 0.0256492 -0.00124735
1.93175 0.0256206 -0.00180922
1.94734 0.0255839 -0.00235233
1.96269 0.0255383 -0.00297227
1.97769 0.0254855 -0.00352257
1.99222 0.0254277 -0.0039799
2.00634 0.0253663 -0.00434735
2.02036 0.0253016 -0.004615
2.03446 0.0252343 -0.00476853
2.04892 0.0251646 -0.00482195
2.0636 0.0250947 -0.00476096
2.07866 0.0250262 -0.00455118
2.09418 0.0249609 -0.00420752
2.10994 0.0249005 -0.00383256
2.12574 0.0248451 -0.00350762
2.14155 0.0247932 -0.00327861
2.15736 0.0247436 -0.00313609
2.17308 0.0246955 -0.0030602
2.18865 0.0246494 -0.00296045
2.20405 0.0246027 -0.00303231
2.21936 0.0245535 -0.00321658
2.23462 0.0245 -0.00350355
2.24995 0.0244414 -0.00382509
2.26535 0.024378 -0.00411508
2.28038 0.024312 -0.00439384
2.29526 0.0242427 -0.00465297
2.30978 0.0241721 -0.00486291
2.324 0.0241012 -0.00498844
2.33756 0.0240347 -0.0049056
2.35122 0.0239702 -0.00471979
2.36518 0.0239082 -0.00444498
2.37993 0.0238484 -0.00405332
2.39538 0.0237905 -0.00374556
2.41128 0.0237397 -0.00319705
2.42724 0.0236979 -0.00261572
2.44325 0.0236656 -0.00202016
2.45939 0.0236427 -0.00141952
2.47579 0.0236281 -0.00088664
2.49164 0.0236215 -0.000418834
2.50682 0.0236205 -6.74155e-05
2.52197 0.0236241 0.000242494
2.53749 0.0236321 0.000513562
2.55266 0.0236422 0.000664299
2.56769 0.0236532 0.000735746
2.58283 0.0236646 0.000748916
2.59774 0.0236742 0.000644253
2.61254 0.0236808 0.000447661
2.6275 0.0236826 0.000116402
2.6425 0.0236774 -0.000344534
2.65748 0.0236644 -0.000866542
2.67251 0.023644 -0.00135984
2.68704 0.0236185 -0.00175018
2.70087 0.02359 -0.0020632
2.71475 0.0235587 -0.00225513
2.72903 0.0235263 -0.00227191
2.74389 0.0234946 -0.00212753
2.75884 0.023467 -0.0018508
2.77428 0.0234453 -0.00140324
2.78969 0.0234324 -0.000835413
2.80533 0.0234306 -0.000120852
2.82142 0.0234427 0.000754166
2.83707 0.0234689 0.00167558
2.85239 0.0235089 0.00261015
2.86794 0.0235648 0.00359739
2.88317 0.0236347 0.00458868
2.89875 0.0237208 0.00552787
2.91403 0.0238167 0.00627113
2.92918 0.0239193 0.00677047
2.94431 0.0240251 0.00699575
2.95954 0.0241301 0.00689902
2.97462 0.024228 0.00649191
2.9898 0.0243161 0.00580156
3.005 0.0243904 0.00488503
3.02005 0.0244477 0.00380755
3.03513 0.024487 0.0026076
3.04958 0.0245072 0.00139636
3.06397 0.0245102 0.000211251
3.07856 0.024497 -0.000904347
3.09328 0.0244692 -0.00188591
3.1077 0.0244304 -0.00269318
3.12138 0.0243851 -0.00331258
3.13498 0.0243342 -0.00374429
3.14887 0.024279 -0.00397493
3.16314 0.0242225 -0.00395395
3.17784 0.0241693 -0.00362045
3.19285 0.0241245 -0.0029838
3.20787 0.0240931 -0.00209245
3.22307 0.0240786 -0.000957295
3.23851 0.0240842 0.000363828
3.25412 0.0241127 0.00183008
3.26965 0.0241652 0.00337477
3.28497 0.0242406 0.00492274
3.30022 0.0243381 0.00639109
3.3152 0.0244536 0.00771172
3.32995 0.0245837 0.00882365
3.34447 0.0247236 0.00963236
3.35886 0.0248684 0.0100689
3.37324 0.0250142 0.010138
3.38753 0.0251544 0.00980449
3.40158 0.0252821 0.00909008
3.41566 0.0253948 0.00801231
3.43002 0.0254902 0.00663872
3.44484 0.025565 0.00504724
3.45959 0.0256148 0.00337783
3.47423 0.0256401 0.00172764
3.48878 0.0256424 0.000158417
3.5034 0.0256244 -0.00123407
3.51783 0.0255906 -0.00234561
3.53182 0.0255466 -0.00314056
3.54568 0.0254962 -0.00363535
3.55988 0.025442 -0.00382147
3.57488 0.0253874 -0.00363839
3.59013 0.0253407 -0.0030627
3.60552 0.0253083 -0.00210205
3.62077 0.0252954 -0.000847379
3.63686 0.0253062 0.000671115
3.65291 0.0253454 0.00243981
3.66885 0.0254153 0.00438504
3.68465 0.0255148 0.00629614
3.7002 0.0256413 0.00813838
3.7151 0.0257866 0.00975318
3.72991 0.0259505 0.0110629
3.74471 0.0261273 0.01195
3.75921 0.0263065 0.0123552
3.77362 0.0264832 0.0122621
3.78794 0.0266503 0.0116721
3.80186 0.0267983 0.0106356
3.81559 0.0269251 0.00923683
3.82931 0.0270283 0.00751634
3.84324 0.0271044 0.00546705
3.85648 0.0271487 0.00334706
3.86977 0.0271637 0.0011228
3.88349 0.027147 -0.00121528
3.89711 0.0270997 -0.0034742
3.90996 0.02703 -0.00542123
3.92332 0.0269345 -0.00714844
3.93739 0.0268136 -0.00859501
3.95207 0.0266716 -0.00967511
3.9663 0.0265249 -0.0103058
3.98053 0.0263754 -0.0105095
3.9952 0.0262247 -0.0102702
4.01053 0.0260783 -0.00955394
4.02597 0.0259491 -0.0083626
4.04098 0.0258469 -0.00680691
4.05601 0.025772 -0.00498697
4.07118 0.0257274 -0.00293994
4.0865 0.0257163 -0.000721898
4.10194 0.0257393 0.00148621
4.11733 0.0257941 0.00356285
4.13279 0.0258784 0.00545226
4.14813 0.0259864 0.00704432
4.16306 0.0261101 0.00828096
4.17804 0.0262463 0.00909341
4.19278 0.0263853 0.00943569
4.20736 0.0265205 0.00926508
4.22189 0.0266444 0.00853037
4.23631 0.0267498 0.00730525
4.25053 0.0268308 0.00569689
4.26447 0.0268837 0.00379894
4.27824 0.0269071 0.00169568
4.29146 0.0269016 -0.00041373
4.30429 0.0268699 -0.00247192
4.31708 0.0268129 -0.00445375
4.33012 0.0267298 -0.00637532
4.34289 0.0266263 -0.00810145
4.35553 0.0265049 -0.00960389
4.3686 0.0263628 -0.0108768
4.38237 0.0261995 -0.0118579
4.39667 0.0260213 -0.0124687
4.41173 0.0258311 -0.0126254
4.42677 0.0256462 -0.0122914
4.4419 0.0254724 -0.011489
4.45704 0.0253174 -0.0102326
4.47214 0.0251874 -0.00861657
4.48647 0.0250901 -0.00678954
4.50095 0.0250219 -0.00471121
4.51559 0.0249865 -0.00241689
4.53045 0.0249865 9.97821e-07
4.54538 0.025022 0.00238214
4.56013 0.0250904 0.00463685
4.57483 0.0251901 0.00678123
4.58934 0.0253163 0.00869729
4.60377 0.0254653 0.0103223
4.61817 0.0256305 0.0114769
4.63264 0.0258053 0.0120795
4.647 0.0259786 0.0120709
4.66127 0.0261414 0.0114036
4.67557 0.0262863 0.0101307
4.68948 0.0264032 0.00840414
4.70312 0.0264896 0.00633531
4.71633 0.0265423 0.0039921
4.72939 0.0265613 0.00145427
4.74224 0.0265465 -0.00115215
4.75524 0.0264968 -0.00382054
4.76842 0.0264115 -0.00647645
4.78165 0.0262928 -0.00896879
4.79463 0.0261476 -0.011182
4.80788 0.025974 -0.0131042
4.82153 0.0257744 -0.014628
4.83581 0.0255508 -0.0156607
4.85057 0.0253134 -0.0160735
4.86617 0.0250669 -0.0158112
4.88164 0.0248369 -0.0148633
4.89704 0.0246322 -0.0132927
4.91235 0.0244622 -0.0111023
4.9279 0.0243335 -0.00827635
4.943 0.0242572 -0.00505234
4.95778 0.0242348 -0.00151644
4.97288 0.0242712 0.00241284
4.98818 0.0243715 0.00655306
5.00328 0.0245333 0.0107147
5.01799 0.0247477 0.0145748
5.03313 0.0250215 0.0180961
5.04786 0.0253287 0.0208435
5.06228 0.0256554 0.0226572
5.07655 0.0259909 0.02351
5.09076 0.0263232 0.0233951
5.10478 0.026635 0.0222248
5.11859 0.0269134 0.0201713
5.13209 0.0271478 0.0173664
5.14503 0.0273286 0.0139694
5.15863 0.027462 0.00980616
5.17213 0.0275317 0.00516318
5.18558 0.0275335 0.000133951
5.19825 0.0274734 -0.0047466
5.21121 0.027349 -0.0095933
5.22433 0.0271627 -0.0141958
5.23781 0.0269153 -0.0183671
5.25087 0.0266303 -0.0218211
5.26407 0.0263045 -0.0246761
5.27842 0.0259186 -0.0268911
5.29349 0.025493 -0.0282439
5.30896 0.0250504 -0.0285975
5.32434 0.0246216 -0.0278793
5.33988 0.0242163 -0.026094
5.35456 0.0238719 -0.0234641
5.3699 0.0235691 -0.0197386
5.3849 0.0233394 -0.0153092
5.39994 0.0231848 -0.0102798
5.41491 0.0231142 -0.00471737
5.4293 0.0231286 0.000999683
5.44386 0.0232258 0.00667978
5.45824 0.0234002 0.0121237
5.47271 0.0236487 0.01718
5.48731 0.0239624 0.0214843
5.50168 0.0243171 0.0246885
5.51575 0.0246936 0.0267593
5.52959 0.0250755 0.0275798
5.54355 0.0254548 0.0271754
5.55743 0.0258075 0.0254151
5.57129 0.0261194 0.0225067
5.58492 0.0263716 0.0184962
5.59843 0.0265566 0.0137016
5.61162 0.0266665 0.00832731
5.62494 0.0266991 0.00244975
5.63802 0.0266527 -0.00355399
5.65055 0.0265373 -0.00920631
5.66355 0.0263466 -0.0146641
5.67591 0.0261078 -0.0193259
5.68914 0.0257949 -0.0236468
5.70268 0.025426 -0.027247
5.71578 0.0250343 -0.0299115
5.72949 0.0245993 -0.0317092
5.74387 0.0241336 -0.032401
5.75893 0.0236544 -0.0318148
5.77431 0.0231945 -0.0299044
5.78957 0.0227872 -0.0266803
5.80385 0.0224643 -0.0226268
5.81855 0.0222054 -0.0176018
5.83321 0.0220311 -0.0118874
5.84765 0.0219479 -0.00576668
5.86178 0.0219551 0.000515613
5.87601 0.0220513 0.00675238
5.8896 0.022221 0.0124952
5.90386 0.0224773 0.0179713
5.91796 0.0227961 0.0226108
5.93232 0.0231741 0.0263121
5.94626 0.0235755 0.0288
5.96006 0.0239912 0.0301286
5.97403 0.0244136 0.030231
5.98834 0.0248281 0.0289684
6.00252 0.0252019 0.0263598
6.01663 0.0255194 0.0225054
6.03075 0.0257691 0.0176866
6.04459 0.0259371 0.0121386
6.05787 0.0260204 0.00626611
6.07054 0.0260249 0.000355101
6.08416 0.0259443 -0.00591578
6.09796 0.0257788 -0.0119892
6.11161 0.0255412 -0.0174093
6.12476 0.0252528 -0.0219338
6.13785 0.0249169 -0.0256494
6.15282 0.0244866 -0.0287448
6.16769 0.0240314 -0.0306187
6.18259 0.0235666 -0.0311914
6.19781 0.0231039 -0.030399
6.21287 0.022678 -0.0282746
6.22818 0.0222991 -0.0247514
6.24231 0.0220098 -0.0204745
6.25673 0.0217899 -0.0152573
6.27103 0.0216555 -0.00939169
6.28539 0.0216128 -0.00297562
6.29913 0.0216594 0.00339651
6.31333 0.0217996 0.00986459
6.32731 0.0220225 0.0159458
6.34134 0.022324 0.0214899
6.35536 0.0226915 0.0262114
6.36961 0.0231196 0.0300505
6.38355 0.0235756 0.0327034
6.3974 0.0240488 0.0341759
6.41156 0.0245353 0.0343532
6.42595 0.0250117 0.0330999
6.44024 0.0254462 0.0304239
6.45458 0.0258245 0.0263624
6.46782 0.0261095 0.0215366
6.48153 0.0263269 0.0158556
6.49497 0.026457 0.00968185
6.50751 0.0265015 0.00354752
6.52081 0.026462 -0.00297331
6.53432 0.0263364 -0.00929159
6.5476 0.0261376 -0.0149742
6.56049 0.0258817 -0.0198464
6.57288 0.0255865 -0.0238295
6.58774 0.0251787 -0.0274479
6.60261 0.0247343 -0.0298757
6.6176 0.0242691 -0.0310454
6.63278 0.0238009 -0.0308399
6.64805 0.0233539 -0.0292602
6.66338 0.0229508 -0.0263027
6.67787 0.0226268 -0.0223525
6.69292 0.0223661 -0.0173333
6.70749 0.0221964 -0.0116431
6.72195 0.0221182 -0.00540732
6.73632 0.0221346 0.00114463
6.7507 0.0222452 0.00768634
6.76454 0.0224364 0.013813
6.77869 0.0227134 0.019581
6.79275 0.0230592 0.0245924
6.80714 0.0234728 0.0287416
6.82114 0.0239167 0.0316937
6.83501 0.0243805 0.0334516
6.84895 0.0248538 0.033945
6.86318 0.025324 0.0330503
6.8775 0.0257628 0.0306399
6.89156 0.0261403 0.0268544
6.90502 0.0264381 0.0221251
6.91876 0.0266648 0.0164906
6.9322 0.0268035 0.0103169
6.9454 0.0268544 0.00385912
6.95879 0.0268168 -0.00280946
6.97194 0.0266968 -0.00912796
6.98511 0.0264994 -0.0149875
6.9986 0.0262241 -0.0203939
7.01085 0.0259226 -0.0246203
7.02516 0.0255161 -0.0284169
7.03998 0.0250546 -0.031135
7.05498 0.0245652 -0.0326235
7.06995 0.0240741 -0.0328151
7.08526 0.0235895 -0.0316347
7.1003 0.023151 -0.0291567
7.11526 0.0227703 -0.0254425
7.12985 0.0224662 -0.0208531
7.14436 0.0222424 -0.0154287
7.15852 0.0221079 -0.00949667
7.17301 0.0220642 -0.00301394
7.18709 0.0221126 0.003436
7.2017 0.0222575 0.00991601
7.21602 0.0224849 0.0158754
7.22975 0.0227739 0.0210509
7.24422 0.0231439 0.0255701
7.25836 0.0235525 0.0289023
7.27232 0.023986 0.0310428
7.28609 0.0244258 0.0319528
7.30032 0.0248749 0.031553
7.31451 0.0252968 0.0297376
7.32847 0.0256683 0.026616
7.34281 0.0259867 0.022193
7.35681 0.0262237 0.0169392
7.37077 0.0263767 0.0109482
7.38387 0.0264402 0.00485327
