t x vx
0.01 0.0219999 -9.91149e-06
0.02 0.0219995 -4.39863e-05
0.0477129 0.021996 -0.000125273
0.0756152 0.0219903 -0.000202801
0.104625 0.0219825 -0.000269793
0.134681 0.0219703 -0.000405855
0.165678 0.0219538 -0.000534014
0.197268 0.0219333 -0.000646494
0.2291 0.02191 -0.0007338
0.260949 0.0218843 -0.000805844
0.292617 0.0218574 -0.000848096
0.323986 0.0218314 -0.000831242
0.354965 0.0218076 -0.000767645
0.385492 0.0217875 -0.000656756
0.415692 0.0217719 -0.000516652
0.44572 0.0217612 -0.000357563
0.47515 0.0217565 -0.000160536
0.504004 0.0217581 5.65155e-05
0.533218 0.0217665 0.000286084
0.562022 0.0217812 0.00051219
0.591394 0.0218034 0.000753541
0.621068 0.0218329 0.000996001
0.650755 0.0218695 0.00123265
0.680472 0.0219126 0.00144867
0.710207 0.0219611 0.00163164
0.739983 0.0220141 0.00178242
0.769862 0.022071 0.00190199
0.799551 0.0221299 0.00198622
0.828937 0.0221898 0.0020353
0.857964 0.0222492 0.00204726
0.886668 0.0223073 0.00202434
0.915092 0.0223632 0.00196861
0.943257 0.0224163 0.00188396
0.971167 0.0224659 0.00177887
0.998833 0.0225119 0.00166175
1.02629 0.0225541 0.00153535
1.05359 0.0225923 0.0014001
1.0808 0.0226265 0.00125576
1.10797 0.0226565 0.00110611
1.13517 0.0226825 0.00095554
1.16245 0.0227046 0.000808899
1.18983 0.0227229 0.000669565
1.21734 0.0227378 0.000541804
1.24499 0.0227497 0.000431454
1.27279 0.0227593 0.000344989
1.30075 0.0227673 0.000283578
1.32886 0.0227741 0.000243295
1.35629 0.0227801 0.000218394
1.3833 0.0227856 0.000203199
1.41031 0.0227907 0.000188346
1.43759 0.0227952 0.000166199
1.46532 0.0227989 0.000131686
1.49352 0.0228011 7.97623e-05
1.52146 0.0228013 7.19406e-06
1.54907 0.022799 -8.43626e-05
1.57653 0.0227937 -0.000193161
1.6037 0.0227851 -0.000314089
1.63049 0.0227733 -0.000441548
1.65687 0.022758 -0.000579017
1.68289 0.0227391 -0.000726938
1.70869 0.0227164 -0.000881523
1.73445 0.0226895 -0.001043
1.76037 0.0226581 -0.00121127
1.78667 0.0226217 -0.00138533
1.81347 0.0225799 -0.00155949
1.84033 0.0225335 -0.00172682
1.8668 0.022484 -0.00186978
1.89304 0.022432 -0.00198223
1.9193 0.022378 -0.00205834
1.9458 0.0223225 -0.00209331
1.97238 0.0222671 -0.00208369
1.99887 0.0222131 -0.00203885
2.02596 0.0221601 -0.0019572
2.05347 0.0221095 -0.00183826
2.08089 0.0220633 -0.00168401
2.10871 0.0220217 -0.00149544
2.13651 0.0219861 -0.00128063
2.16434 0.021957 -0.00104563
2.19255 0.0219346 -0.000795678
2.22115 0.0219192 -0.000538312
2.24972 0.0219111 -0.000281339
2.27776 0.02191 -4.0144e-05
2.305 0.021915 0.000182108
2.33219 0.0219255 0.000388123
2.35949 0.0219407 0.000557441
2.38608 0.0219586 0.000672026
2.41224 0.0219778 0.000735658
2.4388 0.0219979 0.00075405
2.46601 0.0220177 0.000729173
2.4936 0.022036 0.000662961
2.52157 0.0220515 0.000555017
2.54916 0.0220631 0.00042105
2.57631 0.0220707 0.000278425
2.60309 0.0220746 0.000145698
2.62969 0.0220756 3.5936e-05
2.65632 0.0220746 -3.71646e-05
2.68323 0.0220727 -7.08951e-05
2.70968 0.0220709 -6.67129e-05
2.73534 0.0220702 -2.81911e-05
2.76045 0.0220713 4.61288e-05
2.78528 0.0220751 0.000153384
2.81019 0.0220824 0.000289847
2.83563 0.0220938 0.000449277
2.86202 0.0221103 0.000624227
2.88972 0.0221324 0.000799874
2.91892 0.0221602 0.000950193
2.94834 0.0221913 0.00105913
2.97708 0.0222237 0.00112615
3.00532 0.0222563 0.0011534
3.03332 0.0222883 0.00114499
3.06143 0.0223194 0.00110438
3.08906 0.0223476 0.00102208
3.11588 0.0223715 0.000890965
3.14253 0.0223905 0.000713058
3.16967 0.022404 0.000497326
3.19745 0.0224112 0.000258754
3.22551 0.0224115 1.04123e-05
3.25341 0.0224049 -0.000235833
3.28141 0.0223916 -0.000474195
3.3095 0.0223722 -0.000691275
3.3365 0.0223491 -0.000856594
3.36264 0.0223242 -0.00095144
3.38826 0.0222995 -0.000965318
3.41398 0.0222764 -0.000896412
3.4401 0.0222566 -0.000758464
3.46628 0.0222417 -0.000571389
3.49307 0.0222326 -0.0003384
3.52039 0.0222308 -6.56713e-05
3.54813 0.0222371 0.000227028
3.5764 0.0222519 0.000522088
3.60424 0.0222739 0.000792992
3.63161 0.0223018 0.00101614
3.65875 0.0223335 0.00116935
3.68591 0.0223669 0.00123142
3.71272 0.022399 0.00119554
3.73876 0.0224267 0.00106308
3.76533 0.0224488 0.000833915
3.79261 0.0224626 0.000506546
3.82023 0.0224654 9.99046e-05
3.84755 0.0224558 -0.000352112
3.87465 0.0224335 -0.000820665
3.90162 0.0223989 -0.00128438
3.92859 0.0223526 -0.00171822
3.95577 0.0222951 -0.00211278
3.98319 0.0222281 -0.00244608
4.01011 0.0221562 -0.00267042
4.03572 0.0220855 -0.0027586
4.06074 0.0220177 -0.00271106
4.08597 0.0219539 -0.00253027
4.11115 0.021898 -0.00221761
4.13586 0.0218535 -0.00180107
4.16091 0.0218214 -0.001283
4.18652 0.0218042 -0.000670348
4.21291 0.0218045 1.03821e-05
4.24037 0.0218243 0.000721969
4.26737 0.0218618 0.00138712
4.29394 0.0219142 0.0019744
4.3201 0.0219782 0.00244668
4.34596 0.0220505 0.00279386
4.37115 0.022126 0.00299649
4.39629 0.0222029 0.00305944
4.42205 0.0222796 0.00297881
4.44869 0.0223524 0.00273321
4.47568 0.0224157 0.00234432
4.50267 0.0224651 0.00182989
4.53013 0.0224976 0.0011851
4.55694 0.0225105 0.000479357
4.58338 0.0225037 -0.00025651
4.60971 0.0224776 -0.000991599
4.63618 0.0224328 -0.00168986
4.663 0.0223705 -0.00232452
4.68986 0.0222939 -0.00285119
4.71663 0.0222075 -0.00322873
4.74271 0.0221176 -0.00344517
4.76838 0.0220278 -0.00349888
4.79425 0.0219403 -0.0033817
4.81977 0.0218613 -0.00309564
4.84541 0.0217935 -0.0026451
4.87174 0.02174 -0.00203238
4.89909 0.0217051 -0.00127498
4.92703 0.0216931 -0.000430909
4.95438 0.0217047 0.000425165
4.98079 0.021737 0.00122078
5.00633 0.0217862 0.00192787
5.03135 0.0218499 0.00254494
5.0564 0.0219266 0.0030625
5.08091 0.022011 0.00344329
5.10539 0.022101 0.00367795
5.1305 0.0221953 0.00375601
5.15512 0.0222857 0.00367213
5.17753 0.0223629 0.00344159
5.19801 0.0224265 0.00310666
5.21691 0.0224774 0.00269338
5.23458 0.0225167 0.00222671
5.25137 0.0225456 0.00171996
5.26761 0.0225648 0.00118345
5.28354 0.0225748 0.000625383
5.29939 0.0225756 5.22614e-05
5.31538 0.0225671 -0.000533622
5.33169 0.0225487 -0.00112741
5.34851 0.0225198 -0.001721
5.366 0.0224796 -0.00229847
5.38433 0.0224275 -0.0028422
5.40364 0.0223632 -0.00332567
5.42411 0.0222872 -0.00371594
5.44587 0.0222007 -0.00397436
5.46907 0.0221062 -0.00407449
5.49331 0.0220092 -0.0039991
5.51787 0.0219175 -0.003737
5.5414 0.0218395 -0.00331314
5.56459 0.0217759 -0.0027434
5.58908 0.0217263 -0.00202372
5.61512 0.0216954 -0.00118907
5.64244 0.0216877 -0.000278896
5.66906 0.0217048 0.000640216
5.6954 0.0217458 0.00155818
5.72168 0.0218089 0.00240135
5.74751 0.0218896 0.00312522
5.77316 0.0219851 0.00372191
5.79849 0.0220903 0.00415493
5.82335 0.0221998 0.00440068
5.84839 0.0223112 0.00445046
5.87333 0.0224182 0.00428905
5.89905 0.0225186 0.00390339
5.92537 0.0226053 0.00329439
5.9524 0.022672 0.00246873
5.97995 0.0227113 0.00142655
6.00675 0.022718 0.000248209
6.03314 0.0226914 -0.0010083
6.05939 0.0226306 -0.00231652
6.08564 0.0225348 -0.00364553
6.1121 0.0224041 -0.0049418
6.13899 0.0222389 -0.00614502
6.1661 0.0220445 -0.00716979
6.19323 0.0218288 -0.00795025
6.21983 0.0216044 -0.008437
6.24627 0.0213767 -0.00861071
6.2729 0.0211523 -0.00842853
6.29993 0.0209395 -0.00787094
6.32665 0.020753 -0.0069807
6.35346 0.0205979 -0.0057829
6.37977 0.020484 -0.00433088
6.40607 0.0204152 -0.00261789
6.43168 0.0203966 -0.000726242
6.45764 0.0204306 0.00131259
6.48308 0.0205169 0.00339331
6.50823 0.0206544 0.00546469
6.53301 0.0208391 0.00745218
6.55784 0.0210699 0.00929459
6.58204 0.0213331 0.0108774
6.60629 0.0216286 0.012185
6.6313 0.0219583 0.013182
6.65708 0.0223138 0.013794
6.68249 0.0226687 0.0139641
6.70818 0.0230201 0.0136831
6.73493 0.0233649 0.0128872
6.76158 0.023674 0.0115982
6.78802 0.0239348 0.00986465
6.81406 0.0241362 0.00773384
6.83881 0.0242693 0.00537812
6.8636 0.0243373 0.00274369
6.88796 0.0243361 -4.9795e-05
6.91196 0.0242673 -0.00286779
6.93602 0.0241312 -0.00565494
6.96045 0.0239278 -0.00832818
6.98542 0.0236589 -0.010765
7.00957 0.0233504 -0.012778
7.03385 0.0230009 -0.0143947
7.0586 0.0226153 -0.0155768
7.08357 0.0222097 -0.016245
7.10937 0.0217874 -0.016371
7.13477 0.0213829 -0.0159247
7.16052 0.0210002 -0.0148637
7.1868 0.0206539 -0.013173
7.21223 0.0203735 -0.0110266
7.23782 0.0201575 -0.00843938
7.26332 0.0200173 -0.00549914
7.28769 0.0199582 -0.00242587
7.31246 0.0199793 0.000849687
7.33708 0.0200799 0.00408721
7.3612 0.0202521 0.00713753
7.38513 0.0204895 0.00992374
7.40867 0.0207801 0.0123475
7.43234 0.02112 0.0143567
7.45561 0.0214894 0.015873
7.47973 0.0218962 0.016867
7.50479 0.022328 0.0172335
7.52968 0.0227494 0.0169261
7.55519 0.0231561 0.015944
7.58092 0.0235228 0.0142508
7.60764 0.0238392 0.0118406
7.6339 0.0240742 0.0089494
7.65946 0.0242202 0.00571365
7.68472 0.0242775 0.00226908
7.70905 0.0242487 -0.00118307
7.73397 0.0241319 -0.00468911
7.75829 0.0239389 -0.00793484
7.78288 0.0236708 -0.010899
7.80739 0.02334 -0.0135002
7.83295 0.0229382 -0.0157213
7.85804 0.0225032 -0.0173373
7.88398 0.0220271 -0.0183513
7.9104 0.0215337 -0.0186765
7.937 0.021048 -0.0182557
7.96358 0.0205948 -0.0170527
7.99026 0.0201912 -0.0151266
8.01688 0.0198577 -0.0125325
8.04244 0.0196145 -0.00951191
8.06767 0.0194574 -0.00622515
8.09302 0.0193893 -0.00268699
8.11735 0.0194102 0.00085728
8.14189 0.019517 0.00435532
8.16679 0.0197094 0.00772592
8.19198 0.0199831 0.0108671
8.21764 0.0203329 0.0136314
8.24207 0.0207194 0.0158172
8.26736 0.0211633 0.0175558
8.29298 0.0216424 0.0186993
8.3195 0.0221506 0.0191575
8.3462 0.0226535 0.0188376
8.37296 0.0231293 0.017783
8.39987 0.0235597 0.0159901
8.42643 0.0239194 0.0135418
8.45307 0.0242008 0.0105674
8.47903 0.0243894 0.00726541
8.50488 0.0244848 0.00369023
8.53037 0.0244856 3.01097e-05
8.55557 0.0243952 -0.00358539
8.58023 0.0242236 -0.00696398
8.60515 0.0239728 -0.010065
8.63014 0.0236526 -0.0128087
8.6555 0.0232693 -0.0151142
8.68094 0.0228406 -0.0168542
8.70737 0.0223653 -0.0179787
8.73388 0.0218778 -0.0183923
8.76061 0.0213948 -0.0180729
8.78737 0.0209409 -0.0169613
8.8143 0.0205334 -0.0151299
8.84118 0.0201946 -0.0126057
8.86673 0.019947 -0.0096872
8.8918 0.0197841 -0.00649764
8.91752 0.0197077 -0.00297259
8.942 0.0197208 0.000535163
8.96667 0.0198196 0.00400725
8.99145 0.020001 0.00731954
9.01717 0.0202707 0.0104842
9.04297 0.020612 0.0132292
9.06793 0.0209967 0.0154127
9.09319 0.0214283 0.0170894
9.11872 0.0218921 0.0181672
9.14529 0.0223852 0.0185579
9.17196 0.0228698 0.0181667
9.19867 0.0233247 0.0170349
9.22553 0.0237319 0.0151594
9.25242 0.0240706 0.0125942
9.27905 0.0243246 0.00953907
9.30504 0.0244847 0.00616229
9.33074 0.0245504 0.00255385
9.35554 0.0245246 -0.00103991
9.38057 0.0244091 -0.00461452
9.40523 0.0242128 -0.0079625
9.43019 0.0239373 -0.0110336
9.45487 0.0235989 -0.0137125
9.48037 0.0231913 -0.0159809
9.50592 0.0227399 -0.0176683
9.53242 0.0222437 -0.0187284
9.5589 0.0217387 -0.0190694
9.58561 0.02124 -0.0186743
9.61236 0.0207723 -0.0174827
9.63924 0.0203536 -0.0155733
9.66604 0.0200057 -0.0129823
9.69154 0.0197508 -0.00999814
9.71648 0.0195824 -0.00675244
9.74201 0.019501 -0.00318761
9.76637 0.0195099 0.000365059
9.79086 0.0196046 0.0038704
9.81575 0.0197851 0.0072502
9.84121 0.0200509 0.0104357
9.86719 0.0203948 0.0132427
9.89177 0.0207744 0.0154409
9.91693 0.0212064 0.0171698
9.94232 0.021671 0.0183029
9.96883 0.0221683 0.0187599
9.99555 0.0226609 0.0184362
10.0223 0.0231261 0.0173764
10.0492 0.0235454 0.0155706
10.0761 0.0238965 0.0130761
10.1027 0.0241652 0.0100805
10.1288 0.0243411 0.00675048
10.1547 0.0244231 0.00316623
10.1801 0.0244107 -0.000488807
10.2059 0.024304 -0.00414493
10.2306 0.0241187 -0.0074949
10.2557 0.0238541 -0.0105609
10.2806 0.0235241 -0.0132489
10.3061 0.0231288 -0.0155061
10.3316 0.022689 -0.0171875
10.3582 0.0222048 -0.0182381
10.3848 0.0217116 -0.0185679
10.4115 0.0212256 -0.0181564
10.4383 0.0207717 -0.0169502
10.4652 0.0203674 -0.0150239
10.492 0.0200345 -0.0124302
10.5175 0.0197934 -0.0094405
10.5426 0.019638 -0.0061895
10.5682 0.0195705 -0.00264474
10.5926 0.0195924 0.000895112
10.6173 0.0197001 0.0043775
10.6426 0.0198968 0.00776363
10.6682 0.0201764 0.0109065
10.6944 0.0205342 0.0136622
10.7192 0.0209264 0.015801
10.7447 0.0213712 0.0174613
10.7703 0.0218456 0.0185041
10.7969 0.0223467 0.0188505
10.8236 0.0228388 0.0184181
10.8504 0.0233003 0.0172489
10.8773 0.0237131 0.0153359
10.9043 0.0240561 0.0127316
10.9309 0.0243129 0.00965282
10.9568 0.0244754 0.00625846
10.9825 0.0245433 0.00264275
11.0072 0.0245199 -0.000946567
11.0322 0.0244064 -0.00453186
11.0569 0.0242124 -0.00787835
11.0818 0.0239399 -0.010939
11.1065 0.0236038 -0.0136102
11.1321 0.0231962 -0.015874
11.1576 0.0227501 -0.0175328
11.1841 0.0222573 -0.0185701
11.2107 0.0217562 -0.0188849
11.2374 0.0212619 -0.0184553
11.2642 0.0208002 -0.0172311
11.2912 0.0203884 -0.0152871
11.318 0.0200485 -0.0126745
11.3435 0.0198015 -0.00966629
11.3686 0.019641 -0.00640767
11.3942 0.0195683 -0.0028446
11.4186 0.0195854 0.000701239
11.4432 0.0196886 0.00419441
11.4685 0.0198805 0.00758337
11.494 0.0201539 0.0107196
11.52 0.0205042 0.0134694
11.5447 0.0208896 0.0156123
11.5701 0.0213276 0.0172796
11.5955 0.0217953 0.0183673
11.6222 0.0222959 0.0187642
11.649 0.0227872 0.0183785
11.6757 0.0232495 0.0172615
11.7027 0.0236647 0.0154016
11.7297 0.0240118 0.012858
11.7563 0.0242743 0.00984872
11.7824 0.024443 0.00647659
11.8082 0.0245174 0.00288418
11.8331 0.0245 -0.000699104
11.8585 0.0243916 -0.00427815
11.8832 0.0242035 -0.00759559
11.9083 0.0239369 -0.010623
11.9331 0.0236085 -0.0132494
11.9588 0.0232111 -0.0154673
11.9845 0.0227727 -0.0170872
12.0111 0.0222907 -0.0180786
12.0378 0.0218011 -0.0183521
12.0647 0.0213229 -0.0177721
12.0916 0.0208809 -0.0164098
12.1187 0.020493 -0.0143338
12.1455 0.0201808 -0.0116299
12.1713 0.0199611 -0.00853294
12.1967 0.0198294 -0.00518536
12.2223 0.019789 -0.00157795
12.247 0.0198384 0.00200771
12.2718 0.019976 0.00553513
12.2971 0.0202017 0.00891927
12.3227 0.0205101 0.0120363
12.3487 0.0208931 0.0147433
12.3735 0.0213101 0.0168527
12.399 0.0217824 0.0184762
12.4246 0.0222804 0.0194601
12.4508 0.0227981 0.0197352
12.4774 0.0233084 0.0192338
12.5039 0.0237855 0.0179905
12.5306 0.0242121 0.0159975
12.5572 0.0245672 0.013321
12.5835 0.0248349 0.0101705
12.6091 0.0250072 0.00672984
12.6346 0.0250851 0.00305314
12.6586 0.0250733 -0.000489904
12.6836 0.0249708 -0.00410736
12.708 0.0247891 -0.00745622
12.7327 0.0245288 -0.0105306
12.757 0.0242084 -0.0131867
12.7821 0.0238206 -0.0154346
12.8074 0.0233876 -0.0171169
12.834 0.0229046 -0.018181
12.8606 0.0224117 -0.0185281
12.8875 0.0219239 -0.018139
12.9144 0.0214676 -0.0169549
12.9415 0.0210592 -0.015052
12.9686 0.0207216 -0.0124711
12.9943 0.020477 -0.00949297
