t x vx
0.01 0.0219976 -0.000239673
0.02 0.0219914 -0.000623346
0.0463977 0.0219492 -0.00159899
0.0729428 0.0218802 -0.00259659
0.100624 0.0217793 -0.00364504
0.129193 0.0216448 -0.00470762
0.158446 0.0214768 -0.0057447
0.188037 0.0212782 -0.00671097
0.217736 0.0210543 -0.00753891
0.247331 0.0208127 -0.00816361
0.276695 0.0205628 -0.00851127
0.305712 0.020315 -0.00854064
0.334443 0.0200767 -0.00829255
0.362768 0.0198588 -0.00769406
0.390641 0.0196688 -0.00681473
0.418205 0.019513 -0.00565136
0.445633 0.0193966 -0.00424527
0.472662 0.0193255 -0.00263091
0.500166 0.0193033 -0.000808888
0.527704 0.0193354 0.00116868
0.554594 0.0194211 0.0031855
0.581552 0.0195626 0.00524757
0.608573 0.0197606 0.00732797
0.634915 0.0200068 0.00934692
0.660897 0.0202999 0.0112828
0.686744 0.0206384 0.0130937
0.712749 0.0210226 0.0147761
0.73919 0.0214528 0.016269
0.766271 0.0219265 0.0174932
0.79342 0.0224245 0.0183413
0.820713 0.0229371 0.0187833
0.847894 0.0234483 0.0188063
0.874692 0.023941 0.0183862
0.90109 0.0244037 0.0175266
0.92725 0.02483 0.0162959
0.95284 0.0252074 0.0147491
0.978267 0.0255351 0.012886
1.00244 0.0257974 0.0108487
1.02662 0.0260056 0.00861411
1.05072 0.0261555 0.00622081
1.07415 0.0262441 0.00377843
1.09751 0.026273 0.00123967
1.12107 0.0262409 -0.00136323
1.14492 0.0261472 -0.00392751
1.16866 0.0259973 -0.00631584
1.19204 0.0258002 -0.00843284
1.21589 0.0255544 -0.0103028
1.24048 0.025262 -0.0118904
1.26577 0.0249298 -0.0131393
1.29173 0.0245664 -0.0139981
1.31796 0.0241884 -0.0144114
1.34475 0.0238039 -0.0143498
1.37178 0.0234304 -0.0138167
1.39898 0.0230819 -0.0128143
1.42599 0.0227745 -0.0113828
1.45276 0.0225186 -0.0095575
1.47862 0.0223258 -0.00745387
1.50456 0.0221941 -0.00507701
1.53053 0.0221292 -0.00249869
1.55574 0.0221315 9.04459e-05
1.58064 0.0221963 0.00260126
1.60519 0.0223176 0.00493969
1.62961 0.0224888 0.00701043
1.65402 0.0227019 0.00873144
1.67753 0.0229369 0.00999686
1.70098 0.0231902 0.0108
1.72483 0.0234551 0.0111102
1.74855 0.0237134 0.0108858
1.77238 0.0239552 0.0101499
1.79669 0.0241713 0.00888763
1.82102 0.0243441 0.0071028
1.84595 0.024464 0.0048101
1.87113 0.0245174 0.00211854
1.89573 0.0244964 -0.00085107
1.92057 0.0243965 -0.0040242
1.94513 0.024221 -0.00714438
1.96963 0.0239722 -0.0101547
1.99388 0.0236585 -0.0129361
2.01858 0.0232774 -0.0154323
2.04336 0.0228439 -0.017492
2.0682 0.0223711 -0.0190303
2.0941 0.0218533 -0.0199905
2.11982 0.0213312 -0.0203013
2.14614 0.0208071 -0.0199131
2.17241 0.0203137 -0.0187828
2.19871 0.0198677 -0.0169625
2.22499 0.0194876 -0.0144616
2.25036 0.0191965 -0.0114751
2.27503 0.0189937 -0.00821822
2.3001 0.0188776 -0.00462953
2.3239 0.0188536 -0.00101144
2.34781 0.0189165 0.00263387
2.37197 0.0190662 0.00619538
2.39619 0.0192983 0.00958138
2.42041 0.0196043 0.0126325
2.44345 0.0199542 0.0151884
2.46713 0.0203652 0.017358
2.4913 0.0208254 0.0190385
2.51615 0.0213259 0.0201395
2.54244 0.0218663 0.0205614
2.56897 0.0224025 0.0202057
2.59573 0.0229133 0.0190916
2.62263 0.0233775 0.0172504
2.64882 0.0237648 0.0147882
2.67541 0.0240788 0.0118123
2.70145 0.0243006 0.00851958
2.72726 0.0244298 0.0050045
2.75232 0.0244667 0.00147273
2.77697 0.0244169 -0.00201761
2.80117 0.0242893 -0.00527668
2.82573 0.0240859 -0.00827825
2.85055 0.0238148 -0.0109235
2.87608 0.0234791 -0.0131519
2.90083 0.0231134 -0.0147747
2.92652 0.0227069 -0.0158262
2.95333 0.0222718 -0.0162242
2.98024 0.0218442 -0.0158947
3.00714 0.0214457 -0.0148082
3.03425 0.0210933 -0.0130001
3.06133 0.020808 -0.0105363
3.08721 0.0206091 -0.00768716
3.11289 0.0204929 -0.00452505
3.13878 0.020465 -0.00107866
3.16361 0.0205234 0.00235368
3.18884 0.0206692 0.0057791
3.2139 0.020895 0.00901017
3.24021 0.0212131 0.0120897
3.26606 0.0215925 0.0146786
3.29185 0.0220247 0.0167571
3.31746 0.0224922 0.0182534
3.34321 0.0229843 0.0191116
3.36922 0.0234848 0.0192436
3.39548 0.0239732 0.0185979
3.42172 0.0244239 0.017181
3.44805 0.0248193 0.0150121
3.47432 0.0251399 0.0122025
3.49993 0.0253689 0.00894513
3.52505 0.0255046 0.00540032
3.54978 0.0255459 0.0016694
3.57275 0.0255034 -0.00184767
3.59636 0.025376 -0.00539521
3.61989 0.0251709 -0.00871649
3.64362 0.0248913 -0.0117849
3.66731 0.0245483 -0.0144816
3.69137 0.0241449 -0.016759
3.71674 0.0236742 -0.0185552
3.74332 0.0231499 -0.0197305
3.76976 0.0226163 -0.0201768
3.79642 0.0220858 -0.0199008
3.82333 0.0215789 -0.0188342
3.85037 0.0211188 -0.0170189
3.87711 0.0207298 -0.0145458
3.90328 0.0204272 -0.0115627
3.92865 0.0202173 -0.00827375
3.95379 0.0200976 -0.00475928
3.97871 0.0200697 -0.0011207
4.00387 0.0201341 0.00255932
4.02801 0.0202782 0.00596764
4.0532 0.0205115 0.00926627
4.07832 0.0208175 0.0121768
4.1026 0.021171 0.0145621
4.12674 0.0215679 0.0164419
4.15113 0.0220017 0.017781
4.17641 0.0224692 0.0184933
4.20284 0.022957 0.0184608
4.2293 0.0234243 0.0176599
4.25588 0.0238524 0.0161035
4.28241 0.0242195 0.0138378
4.30907 0.0245117 0.0109639
4.33499 0.0247119 0.0077217
4.35975 0.0248185 0.00430423
4.38524 0.0248349 0.000645199
4.4089 0.0247695 -0.00276571
4.43266 0.0246252 -0.00607115
4.4574 0.0243964 -0.00924918
4.48246 0.0240926 -0.0121245
4.50671 0.0237404 -0.0145257
4.53121 0.0233371 -0.0164631
4.55762 0.0228643 -0.0179008
4.58414 0.02237 -0.0186369
4.61076 0.0218732 -0.0186595
4.63761 0.021392 -0.0179284
4.66451 0.0209502 -0.0164192
4.69137 0.0205686 -0.0142064
4.71795 0.0202652 -0.0114142
4.74349 0.0200545 -0.00825065
4.76916 0.0199315 -0.00479155
4.79491 0.0199024 -0.00112961
4.8198 0.0199646 0.00249584
4.84509 0.0201178 0.00606049
4.87009 0.0203523 0.00938146
4.89546 0.0206671 0.0124059
4.92059 0.0210423 0.0149295
4.94502 0.0214554 0.0169076
4.97034 0.0219217 0.0184181
4.9959 0.0224142 0.0192723
5.02213 0.0229229 0.0193886
5.04854 0.0234176 0.0187333
5.07501 0.0238762 0.0173258
5.10164 0.0242803 0.0151722
5.12811 0.0246081 0.0123851
5.15398 0.0248455 0.00917944
5.17904 0.0249892 0.00573275
5.20423 0.0250415 0.0020735
5.22774 0.0250085 -0.00140323
5.25187 0.0248891 -0.00494824
5.27603 0.0246907 -0.00820848
5.30074 0.0244134 -0.0112239
5.32486 0.0240806 -0.0137967
5.34949 0.023686 -0.0160237
5.375 0.0232335 -0.0177394
5.40163 0.0227321 -0.0188246
5.42824 0.0222218 -0.0191849
5.4551 0.0217165 -0.018806
5.48199 0.0212425 -0.0176299
5.50908 0.0208161 -0.015742
5.53606 0.0204602 -0.0131901
5.56174 0.0201972 -0.0102399
5.58684 0.0200206 -0.00703767
5.61285 0.0199299 -0.00348619
5.63745 0.0199301 1.05005e-05
5.66235 0.0200169 0.00348684
5.68721 0.0201855 0.00677915
5.71275 0.0204379 0.00988413
5.73855 0.0207626 0.0125817
5.76327 0.0211257 0.0146931
5.78831 0.0215337 0.0162954
5.8134 0.0219677 0.017294
5.83978 0.0224323 0.0176086
5.86654 0.0228911 0.0171465
5.89335 0.0233182 0.0159363
5.92032 0.0236953 0.0139764
5.94735 0.024002 0.0113491
5.97394 0.0242217 0.00826155
5.9998 0.0243484 0.00489943
6.02593 0.0243812 0.00125663
6.05042 0.0243263 -0.00224269
6.07594 0.0241786 -0.00578717
6.1009 0.0239525 -0.00906047
6.12625 0.0236468 -0.0120549
6.15114 0.0232829 -0.0146202
6.17687 0.0228517 -0.0167578
6.20287 0.0223758 -0.0183087
6.22928 0.0218687 -0.0191963
6.25575 0.0213561 -0.0193715
6.28247 0.0208537 -0.0187963
6.30922 0.0203876 -0.017426
6.33605 0.0199762 -0.0153367
6.36271 0.0196403 -0.0126007
6.38825 0.0193986 -0.0094623
6.41344 0.0192459 -0.00606078
6.43871 0.0191842 -0.00244126
6.46322 0.0192137 0.00120262
6.48788 0.0193315 0.00477691
6.51266 0.0195341 0.0081751
6.53756 0.0198154 0.0113
6.56307 0.020174 0.0140559
6.58748 0.0205702 0.0162301
6.61302 0.0210291 0.0179642
6.63876 0.0215199 0.0190718
6.66539 0.0220387 0.0194782
6.69218 0.0225504 0.0191025
6.71904 0.0230335 0.0179894
6.74607 0.0234695 0.0161299
6.77271 0.0238319 0.0136054
6.79937 0.024114 0.0105778
6.82548 0.0243023 0.00721355
6.85145 0.0243958 0.00360276
6.87696 0.0243938 -8.17902e-05
6.90253 0.0242979 -0.00374902
6.92705 0.0241239 -0.00709626
6.95196 0.0238708 -0.0101624
6.97691 0.02355 -0.0128574
7.00269 0.0231598 -0.0151348
7.02802 0.0227344 -0.0167915
7.05451 0.022262 -0.0178367
7.08113 0.0217784 -0.0181662
7.10796 0.0213021 -0.0177487
7.13481 0.0208579 -0.0165456
7.16181 0.0204633 -0.014618
7.18867 0.0201401 -0.0120309
7.21437 0.0199078 -0.00903936
7.23971 0.0197611 -0.00578743
7.2654 0.0197033 -0.00225242
7.29003 0.0197344 0.00126451
7.31488 0.0198519 0.00472879
7.34043 0.0200585 0.00808299
7.36627 0.0203474 0.01118
7.3927 0.0207141 0.0138799
7.4178 0.0211148 0.015958
7.44355 0.0215663 0.0175367
7.46935 0.022043 0.0184774
7.49597 0.022541 0.0187078
7.52273 0.0230271 0.0181647
7.54951 0.0234791 0.0168768
7.57646 0.0238793 0.0148496
7.60342 0.0242069 0.0121531
7.62993 0.0244453 0.00899477
7.65561 0.0245882 0.00556507
7.68135 0.0246368 0.00188797
7.70549 0.0245969 -0.00165426
7.73065 0.0244646 -0.00526023
7.75522 0.0242537 -0.00858171
7.78008 0.0239647 -0.011623
7.80475 0.023613 -0.0142602
7.83011 0.0231954 -0.0164613
7.85551 0.0227362 -0.0180783
7.882 0.0222311 -0.0190712
7.90852 0.0217184 -0.019337
7.93531 0.0212134 -0.0188484
7.96213 0.0207424 -0.0175602
7.98908 0.0203233 -0.0155497
8.01592 0.0199777 -0.0128778
8.04146 0.0197271 -0.00981023
8.06649 0.0195643 -0.00650312
8.09199 0.0194902 -0.00290711
8.1164 0.0195064 0.00066461
8.14102 0.0196095 0.00418718
8.16614 0.0198 0.00758048
8.19144 0.0200712 0.0107169
8.21713 0.0204169 0.0134624
8.2416 0.0207992 0.015621
8.26689 0.0212372 0.0173192
8.29222 0.0217034 0.0184035
8.31892 0.0222055 0.018807
8.3457 0.022699 0.0184247
8.37254 0.0231636 0.0173123
8.39955 0.0235809 0.0154485
8.42656 0.0239291 0.0128927
8.45326 0.0241922 0.00985296
8.47946 0.0243618 0.00647442
8.50538 0.024436 0.00286309
8.53079 0.0244156 -0.000802265
8.55638 0.024302 -0.00443924
8.5811 0.0241097 -0.00777949
8.60619 0.0238378 -0.010837
8.63108 0.0235016 -0.0135038
8.65671 0.0230981 -0.0157434
8.68232 0.0226528 -0.0173907
8.70889 0.0221638 -0.0184035
8.73546 0.0216672 -0.0186934
8.76229 0.0211778 -0.0182346
8.78914 0.0207219 -0.0169816
8.81612 0.0203171 -0.015006
8.84298 0.0199849 -0.0123694
8.86858 0.0197458 -0.00933568
8.89379 0.0195935 -0.00604276
8.91933 0.0195302 -0.00247534
8.94387 0.0195569 0.0010849
8.96859 0.0196703 0.00458757
8.99392 0.0198721 0.0079707
9.01953 0.0201564 0.011099
9.04563 0.0205175 0.0138331
9.07043 0.0209132 0.0159577
9.09602 0.0213638 0.0176077
9.12168 0.0218418 0.0186306
9.14833 0.0223469 0.0189547
9.17513 0.0228427 0.0184981
9.20195 0.0233069 0.0173045
9.22895 0.0237217 0.0153629
9.25598 0.0240658 0.0127304
9.28263 0.0243223 0.00962699
9.30865 0.0244838 0.0062067
9.33441 0.0245499 0.00256467
9.35915 0.024524 -0.00104733
9.38424 0.0244073 -0.00464842
9.40889 0.02421 -0.00800255
9.43381 0.0239343 -0.011065
9.45854 0.0235947 -0.0137334
9.48433 0.0231822 -0.0159947
9.50975 0.0227339 -0.0176373
9.53632 0.0222381 -0.0186612
9.56289 0.0217344 -0.0189597
9.58973 0.0212375 -0.0185068
9.6166 0.0207739 -0.0172575
9.6436 0.0203611 -0.0152859
9.67053 0.0200206 -0.0126451
9.69613 0.0197746 -0.00960944
9.72125 0.0196158 -0.0063234
9.74686 0.0195456 -0.0027409
9.77136 0.0195657 0.00081983
9.79605 0.0196726 0.00432925
9.82137 0.0198681 0.00772056
9.84689 0.020145 0.0108534
9.87288 0.0204983 0.0135953
9.89757 0.0208868 0.015734
9.92301 0.0213294 0.0173998
9.9485 0.0217996 0.0184465
9.97523 0.0223022 0.0188041
10.002 0.022795 0.0183762
10.0289 0.0232571 0.0172145
10.0559 0.0236707 0.0153018
10.083 0.0240144 0.0126951
10.1097 0.0242711 0.00961498
10.1358 0.0244332 0.0062067
10.1617 0.0244997 0.00257026
10.1868 0.0244728 -0.00107424
10.212 0.0243545 -0.00468187
10.2368 0.0241558 -0.00803203
10.2618 0.0238782 -0.0110923
10.2866 0.0235369 -0.0137561
10.3123 0.0231255 -0.0160013
10.3378 0.0226751 -0.0176412
10.3644 0.0221793 -0.0186534
10.391 0.0216759 -0.0189405
10.4179 0.0211797 -0.0184756
10.4447 0.0207171 -0.017214
10.4717 0.0203059 -0.0152293
10.4987 0.0199673 -0.0125783
10.5243 0.0197232 -0.00953189
10.5494 0.0195665 -0.00623227
10.575 0.0194988 -0.00264696
10.5995 0.0195214 0.000922767
10.6242 0.019631 0.0044387
10.6495 0.0198292 0.00783309
10.675 0.0201092 0.0109698
10.701 0.0204658 0.0137154
10.7257 0.0208573 0.0158564
10.7512 0.0213043 0.0175287
10.7767 0.0217792 0.0185793
10.8035 0.0222851 0.0189385
10.8303 0.0227818 0.018513
10.8572 0.0232479 0.0173516
10.8842 0.0236655 0.0154396
10.9113 0.0240128 0.0128337
10.9379 0.024273 0.00975391
10.9641 0.0244389 0.00633509
10.99 0.0245086 0.00269388
11.0152 0.024484 -0.000972505
11.0405 0.0243677 -0.00459598
11.0652 0.0241713 -0.00795148
11.0902 0.023896 -0.0110158
11.115 0.0235565 -0.0136867
11.1408 0.0231459 -0.0159425
11.1662 0.0226979 -0.0175861
11.1928 0.0222031 -0.0186071
11.2194 0.0217002 -0.0189019
11.2463 0.0212046 -0.018444
11.2732 0.0207424 -0.0171897
11.3002 0.0203313 -0.015212
11.3272 0.0199926 -0.0125655
11.3528 0.0197485 -0.00952416
11.378 0.0195918 -0.00622955
11.4036 0.0195241 -0.00264492
11.4281 0.0195467 0.000920876
11.4528 0.0196563 0.00443426
11.4782 0.0198547 0.00782656
11.5037 0.0201348 0.0109592
11.5298 0.0204916 0.0137003
11.5545 0.0208832 0.0158354
11.58 0.0213298 0.0174984
11.6056 0.0218037 0.0185385
11.6323 0.0223087 0.0188867
11.6592 0.022804 0.0184498
11.6861 0.0232683 0.0172766
11.7131 0.0236837 0.015352
11.7402 0.0240287 0.012733
11.7669 0.0242862 0.00964227
11.7931 0.0244488 0.00621999
11.8189 0.0245153 0.00257349
11.844 0.0244882 -0.0010805
11.8693 0.0243696 -0.00469601
11.894 0.0241706 -0.00805159
11.919 0.0238928 -0.0111152
11.9438 0.0235507 -0.0137836
11.9696 0.0231376 -0.0160359
11.995 0.0226872 -0.0176751
12.0217 0.0221898 -0.0186905
12.0483 0.0216847 -0.0189786
12.0752 0.0211872 -0.0185116
12.1021 0.0207232 -0.0172467
12.1291 0.0203107 -0.0152575
12.1561 0.0199709 -0.0125991
12.1817 0.0197262 -0.00954664
12.2068 0.0195692 -0.00624184
12.2324 0.0195014 -0.00264886
12.257 0.019524 0.000924127
12.2817 0.0196339 0.00444478
12.307 0.0198324 0.00784058
12.3325 0.0201127 0.0109757
12.3585 0.0204693 0.0137194
12.3832 0.0208609 0.0158593
12.4088 0.0213083 0.0175316
12.4343 0.021783 0.0185811
12.461 0.0222896 0.0189399
12.4879 0.0227868 0.0185131
12.5148 0.0232533 0.0173499
12.5419 0.0236711 0.0154348
12.5689 0.0240181 0.012828
12.5956 0.0242784 0.00974461
12.6218 0.0244441 0.00631942
12.6477 0.0245133 0.00267153
12.673 0.0244878 -0.00100918
12.6984 0.0243702 -0.00463918
12.7231 0.0241725 -0.00799867
12.7481 0.0238957 -0.0110672
12.7729 0.0235545 -0.0137415
12.7987 0.0231425 -0.0159985
12.8242 0.0226929 -0.017644
12.8508 0.0221959 -0.0186659
