t x vx
0.01 0.0219848 -0.00152298
0.02 0.0219458 -0.00389879
0.0343353 0.021843 -0.00717035
0.0483646 0.0216975 -0.010373
0.0636072 0.0214871 -0.0137984
0.078919 0.0212247 -0.0171381
0.0943087 0.0209103 -0.0204335
0.109613 0.020552 -0.0234075
0.125243 0.0201467 -0.0259343
0.140884 0.0197112 -0.0278419
0.156339 0.0192643 -0.0289182
0.171735 0.0188163 -0.0290929
0.186983 0.0183851 -0.0282866
0.201818 0.017991 -0.02656
0.216671 0.017635 -0.0239662
0.230546 0.0173481 -0.020681
0.244725 0.0171098 -0.0168038
0.259357 0.0169323 -0.0121344
0.273073 0.0168325 -0.00727754
0.287169 0.0168057 -0.00189605
0.301314 0.0168608 0.00389498
0.315156 0.0169952 0.00970734
0.329752 0.0172261 0.0158157
0.34438 0.0175447 0.0217824
0.358486 0.0179285 0.0272071
0.372276 0.018371 0.0320944
0.386094 0.0188738 0.0363831
0.400201 0.0194383 0.0400158
0.41478 0.0200627 0.0428296
0.428612 0.0206794 0.0445829
0.442071 0.021291 0.0454426
0.455448 0.0218986 0.0454185
0.469021 0.0225025 0.0444991
0.48279 0.0230899 0.0426581
0.49692 0.0236511 0.0397191
0.510958 0.0241527 0.0357286
0.52517 0.0245902 0.030783
0.538778 0.0249327 0.0251737
0.552488 0.0251919 0.0189
0.565467 0.0253553 0.0125947
0.579005 0.0254335 0.00577651
0.592583 0.0254181 -0.00113353
0.605043 0.0253272 -0.00729782
0.618303 0.0251493 -0.0134138
0.631523 0.0248992 -0.0189225
0.643521 0.024619 -0.0233576
0.65592 0.0242811 -0.0272459
0.669011 0.0238825 -0.0304529
0.682278 0.023448 -0.0327471
0.696037 0.0229795 -0.0340525
0.709597 0.0225161 -0.0341752
0.723541 0.0220544 -0.0331097
0.73837 0.0215995 -0.0306779
0.75318 0.0212007 -0.026926
0.76778 0.0208791 -0.0220252
0.782227 0.0206437 -0.0162927
0.796582 0.0205013 -0.00992033
0.810567 0.0204573 -0.00314834
0.824336 0.0205101 0.00383322
0.838355 0.020662 0.0108388
0.852779 0.0209164 0.0176356
0.867182 0.021261 0.0239269
0.881021 0.0216646 0.0291641
0.895452 0.022146 0.0333559
0.909392 0.0226504 0.0361874
0.922753 0.0231545 0.0377298
0.936306 0.0236705 0.0380692
0.949918 0.024176 0.0371397
0.963864 0.0246602 0.0347214
0.978323 0.0251049 0.0307503
0.99233 0.0254628 0.0255523
1.0061 0.0257294 0.0193595
1.01955 0.0258991 0.0126126
1.03346 0.0259697 0.00507464
1.0465 0.0259386 -0.0023838
1.06002 0.025801 -0.0101767
1.07249 0.0255872 -0.017145
1.08556 0.0252762 -0.0237953
1.09865 0.0248874 -0.0297018
1.11205 0.0244205 -0.0348594
1.12487 0.0239213 -0.0389113
1.13795 0.0233717 -0.0420275
1.15185 0.0227577 -0.044155
1.16542 0.0221476 -0.0449627
1.17922 0.0215333 -0.0445216
1.19316 0.0209371 -0.0427674
1.20756 0.0203685 -0.0394918
1.22193 0.0198675 -0.0348615
1.23589 0.0194608 -0.0291371
1.24967 0.0191519 -0.0224183
1.26325 0.0189461 -0.0151542
1.27712 0.0188454 -0.00725366
1.29048 0.0188543 0.000666876
1.30322 0.0189587 0.00819593
1.31654 0.0191676 0.01568
1.32948 0.0194568 0.0223538
1.34283 0.0198369 0.028471
1.35585 0.0202737 0.0335353
1.36861 0.0207529 0.037578
1.38185 0.0212921 0.0407061
1.39567 0.0218829 0.042742
1.40928 0.0224743 0.0434648
1.42286 0.0230561 0.0428439
1.43667 0.0236209 0.0408974
1.45079 0.0241496 0.0374486
1.46505 0.024615 0.0326275
1.47861 0.0249786 0.0268204
1.49225 0.0252532 0.0201276
1.50555 0.0254266 0.0130375
1.51957 0.0254992 0.00518278
1.5329 0.0254658 -0.00250653
1.54657 0.0253257 -0.0102482
1.55955 0.0251018 -0.0172498
1.57293 0.0247837 -0.0237696
1.58625 0.0243922 -0.0293958
1.59986 0.0239277 -0.0341259
1.6128 0.0234412 -0.0376205
1.62595 0.022914 -0.0400634
1.64005 0.022331 -0.0413479
1.65398 0.0217559 -0.0413027
1.66825 0.0211866 -0.0398873
1.68281 0.0206494 -0.0369053
1.69755 0.0201715 -0.032424
1.71161 0.0197927 -0.0269308
1.72562 0.019507 -0.0203958
1.73921 0.0193247 -0.0134097
1.75333 0.0192446 -0.00567685
1.76663 0.0192708 0.00196899
1.78027 0.0194038 0.00975305
1.79407 0.0196409 0.0171803
1.80723 0.0199529 0.0237044
1.82084 0.0203565 0.0296473
1.8343 0.0208218 0.0345724
1.84773 0.0213389 0.038508
1.86134 0.0219019 0.0413687
1.87477 0.0224794 0.0430121
1.88815 0.0230603 0.043419
1.90167 0.0236353 0.042523
1.9156 0.0241959 0.0402528
1.92965 0.0247087 0.0364971
1.94391 0.0251555 0.0313268
1.9573 0.0254938 0.025258
1.97093 0.0257435 0.0183262
1.98447 0.0258917 0.0109397
1.99772 0.0259348 0.00325606
2.01059 0.0258788 -0.00435167
2.02343 0.0257285 -0.0117075
2.03628 0.0254883 -0.0186889
2.04928 0.0251628 -0.0250491
2.06253 0.0247565 -0.0306633
2.07612 0.0242755 -0.0353741
2.08928 0.0237639 -0.0388851
2.10287 0.0232019 -0.0413471
2.11679 0.0226095 -0.0425575
2.1306 0.0220228 -0.0424876
2.14472 0.0214425 -0.0410976
2.15924 0.0208882 -0.0381753
2.1739 0.0203927 -0.0337977
2.18834 0.0199849 -0.0282362
2.20237 0.0196807 -0.0216912
2.21579 0.0194818 -0.0148154
2.2299 0.0193816 -0.00709764
2.24313 0.0193884 0.000513348
2.25711 0.0195072 0.00849856
2.27085 0.0197261 0.0159269
2.2838 0.0200169 0.0224591
2.29756 0.0204096 0.0285455
2.31103 0.0208614 0.0335352
2.32416 0.0213533 0.0374579
2.33757 0.0218942 0.0403399
2.35112 0.022464 0.0420551
2.36461 0.0230374 0.0424995
2.37825 0.0236045 0.0415936
2.39228 0.024156 0.0393003
2.40644 0.0246587 0.035499
2.42075 0.0250923 0.0302991
2.43424 0.0254186 0.024197
2.44802 0.0256558 0.0172063
2.46162 0.0257893 0.00981096
2.47496 0.0258171 0.00209012
2.48794 0.0257453 -0.00553433
2.50091 0.0255779 -0.0129009
2.51393 0.0253195 -0.0198492
2.52701 0.0249778 -0.0261322
2.54034 0.0245559 -0.0316426
2.55413 0.0240557 -0.0362764
2.56745 0.0235271 -0.0396703
2.58114 0.0229523 -0.0419872
2.5949 0.0223607 -0.0430043
2.60873 0.0217696 -0.0427597
2.62295 0.0211843 -0.0411577
2.63746 0.020633 -0.0379925
2.652 0.0201468 -0.0334324
2.66614 0.0197539 -0.0277749
2.68009 0.0194597 -0.0211023
2.6936 0.0192698 -0.0140518
2.70767 0.019182 -0.00623741
2.72106 0.0192027 0.00154295
2.73444 0.0193269 0.00928101
2.74813 0.0195561 0.0167416
2.76149 0.0198689 0.0234087
2.77522 0.0202727 0.0294171
2.78874 0.0207371 0.0343478
2.8018 0.021236 0.0381886
2.81533 0.0217908 0.0410197
2.82881 0.0223659 0.0426575
2.8423 0.0229465 0.0430441
2.85595 0.0235211 0.0420919
2.87004 0.024081 0.0397305
2.88426 0.0245906 0.0358566
2.89857 0.0250286 0.0305943
2.91205 0.0253579 0.0244379
2.92581 0.0255977 0.0174232
2.93945 0.0257338 0.00998071
2.95286 0.0257634 0.00220658
2.96582 0.0256931 -0.005425
2.97878 0.0255273 -0.0127917
2.99178 0.0252708 -0.0197357
3.00492 0.0249285 -0.0260469
3.0183 0.0245061 -0.0315659
3.03202 0.0240098 -0.036163
3.04525 0.0234872 -0.0395218
3.05901 0.0229116 -0.0418316
3.0728 0.0223212 -0.0428205
3.0867 0.0217296 -0.0425434
3.10098 0.0211456 -0.0408959
3.11561 0.020595 -0.0376456
3.1302 0.0201131 -0.0330178
3.14419 0.0197301 -0.0273734
3.15823 0.0194404 -0.0206411
3.17196 0.0192555 -0.0134703
3.18605 0.0191761 -0.00562959
3.1996 0.0192062 0.0022205
3.21281 0.0193363 0.00984382
3.2265 0.0195727 0.0172665
3.2398 0.0198898 0.023841
3.25354 0.0202989 0.0297849
3.26705 0.0207669 0.0346403
3.28016 0.0212708 0.0384214
3.29379 0.0218318 0.0411818
3.30728 0.0224081 0.0427228
3.32079 0.0229893 0.0430071
3.33451 0.0235649 0.0419577
3.34865 0.0241231 0.0394801
3.36298 0.0246314 0.0354605
3.37735 0.0250637 0.0300804
3.39085 0.0253852 0.0238115
3.4048 0.0256174 0.0166521
3.41832 0.0257422 0.00923381
3.43166 0.0257617 0.00146026
3.44467 0.0256809 -0.00621197
3.45761 0.0255054 -0.013563
3.47062 0.0252392 -0.0204625
3.48378 0.0248877 -0.0267136
3.49722 0.0244552 -0.0321709
3.51083 0.0239565 -0.0366398
3.524 0.023431 -0.0398989
3.538 0.0228412 -0.0421314
3.55177 0.0222495 -0.0429802
3.56579 0.0216527 -0.042562
3.58005 0.0210713 -0.0407612
3.59483 0.02052 -0.037302
3.60962 0.0200401 -0.0324518
3.62348 0.01967 -0.0267035
3.63767 0.0193892 -0.0197904
3.65129 0.0192179 -0.0125856
3.66533 0.0191517 -0.00471166
3.67886 0.0191945 0.00316649
3.69177 0.0193314 0.0106045
3.70545 0.0195774 0.0179903
3.71866 0.0199006 0.0244601
3.7324 0.0203175 0.0303282
3.74578 0.0207865 0.0350576
3.75891 0.0212951 0.0387537
3.7726 0.0218624 0.0414202
3.78612 0.0224417 0.0428465
3.79968 0.0230246 0.0429955
3.81349 0.0236021 0.041811
3.82772 0.0241591 0.039159
3.8422 0.0246653 0.034953
3.85665 0.0250902 0.0294121
3.87039 0.0254052 0.0229168
3.88458 0.0256256 0.0155368
3.89804 0.0257344 0.0080846
3.91144 0.0257377 0.000240191
3.92482 0.0256355 -0.00763409
3.93783 0.0254405 -0.014986
3.95097 0.0251537 -0.0218272
3.96415 0.024786 -0.0279103
3.97771 0.0243353 -0.0332211
3.9911 0.0238341 -0.0374314
4.00422 0.0233029 -0.0405007
4.01822 0.0227077 -0.0425217
4.03197 0.0221137 -0.043172
4.04613 0.0215116 -0.0425339
4.06044 0.0209323 -0.04048
4.07543 0.020382 -0.0367061
4.09039 0.0199101 -0.0315435
4.10411 0.0195589 -0.0255977
4.1182 0.0192971 -0.018579
4.1317 0.0191445 -0.0113061
4.14531 0.019096 -0.00356145
4.15875 0.019154 0.00430937
4.17139 0.0193001 0.011562
4.18502 0.0195572 0.0188688
4.19839 0.0198958 0.0253137
4.21215 0.0203231 0.0310592
4.22549 0.0207984 0.0356406
4.23867 0.0213151 0.0391936
4.25244 0.0218894 0.0416953
4.26601 0.0224718 0.0429331
4.27964 0.023056 0.0428572
4.29358 0.0236341 0.0414533
4.3079 0.0241856 0.0385251
4.32237 0.0246791 0.0340999
4.33679 0.0250882 0.0283816
4.35071 0.0253901 0.0216752
4.36469 0.0255899 0.0143041
4.37818 0.0256813 0.00677718
4.39157 0.0256673 -0.00105085
4.40523 0.0255443 -0.00900412
4.41844 0.0253279 -0.0163738
4.43196 0.0250139 -0.0232191
4.44533 0.0246246 -0.0291308
4.45914 0.0241514 -0.0342597
4.47225 0.0236517 -0.0381277
4.48542 0.0231122 -0.0409529
4.49931 0.0225196 -0.0426741
4.51312 0.0219246 -0.0430733
4.52741 0.0213223 -0.0421441
4.54191 0.0207465 -0.0397276
4.55664 0.0202201 -0.0357178
4.57141 0.0197715 -0.030386
4.58538 0.0194347 -0.0241058
4.59922 0.0191985 -0.0170652
4.61305 0.0190671 -0.00950175
4.62623 0.0190421 -0.00189574
4.63991 0.0191253 0.00608627
4.65316 0.0193049 0.0135472
4.66617 0.0195709 0.020445
4.67985 0.0199383 0.0268545
4.69351 0.0203799 0.032333
4.7068 0.0208677 0.0366946
4.72017 0.0214027 0.0400281
4.73384 0.0219804 0.0422543
4.74738 0.0225658 0.0432257
4.76109 0.023153 0.0428527
4.7752 0.0237335 0.041122
4.78958 0.0242775 0.0378458
4.80394 0.024754 0.033181
4.81798 0.0251379 0.0273486
4.83184 0.0254231 0.0205691
4.84521 0.0256028 0.0134399
4.85916 0.0256813 0.00562194
4.87237 0.0256538 -0.00207651
4.88619 0.0255154 -0.0100164
4.8993 0.0252896 -0.01722
4.9128 0.0249671 -0.0238954
4.92631 0.024566 -0.0296905
4.94016 0.0240865 -0.0346177
4.95316 0.0235892 -0.0382601
4.96636 0.0230492 -0.0408896
4.98026 0.0224601 -0.0423725
4.99417 0.0218686 -0.042553
5.00855 0.0212734 -0.0413857
5.02323 0.0207057 -0.0386753
5.03784 0.0202016 -0.0344883
5.05261 0.0197736 -0.028972
5.06691 0.0194534 -0.0223923
5.08068 0.0192424 -0.0153233
5.09467 0.0191355 -0.00764228
5.10768 0.0191339 -0.000125545
5.12163 0.0192444 0.00792673
5.13522 0.019454 0.0154161
5.14823 0.0197415 0.0220992
5.16219 0.0201377 0.0283831
5.17592 0.020599 0.0335849
5.18922 0.0210998 0.0376566
5.20272 0.0216493 0.0407005
5.21633 0.0222285 0.0425822
5.22988 0.0228141 0.0432036
5.24373 0.0234024 0.0424728
5.25799 0.0239772 0.040312
5.27241 0.0245047 0.0365929
5.28675 0.0249571 0.0315283
5.30032 0.025303 0.02549
5.31404 0.025558 0.0185888
5.3276 0.0257103 0.01123
5.34144 0.0257556 0.00327536
5.35457 0.0256974 -0.00443091
5.36781 0.0255383 -0.0120141
5.38082 0.0252909 -0.0190273
5.39402 0.024955 -0.0254407
5.40757 0.0245335 -0.031119
5.42125 0.0240433 -0.0358223
5.43439 0.0235265 -0.0393183
5.44794 0.0229604 -0.0417807
5.46177 0.0223661 -0.0429893
5.47578 0.0217648 -0.0429153
5.49014 0.0211692 -0.0414625
5.50502 0.020598 -0.0383901
5.5195 0.0201062 -0.0339616
5.53384 0.0196996 -0.028359
5.54788 0.019395 -0.021706
5.5613 0.0191975 -0.0147082
5.57532 0.0191002 -0.00693465
5.58845 0.0191093 0.000691868
5.60221 0.0192284 0.00865403
5.61591 0.01945 0.0161757
5.62897 0.0197478 0.0227956
5.64283 0.0201492 0.0289538
5.6566 0.0206178 0.0340564
5.6698 0.0211196 0.0380026
5.68335 0.0216741 0.0409367
5.69698 0.0222562 0.0426912
5.71059 0.022844 0.0431741
5.72457 0.023435 0.0422918
5.73891 0.0240082 0.0399559
5.75346 0.0245323 0.0360376
5.76789 0.0249765 0.0307801
5.78146 0.0253102 0.0245915
5.79533 0.0255533 0.0175253
5.80926 0.0256915 0.00992269
5.82294 0.0257185 0.00197845
5.83604 0.0256435 -0.00572656
5.84912 0.0254712 -0.0131758
5.86221 0.0252078 -0.0201264
5.87541 0.024859 -0.0264243
5.88904 0.0244225 -0.0320079
5.90261 0.023927 -0.0365236
5.9158 0.0234013 -0.0398724
5.92973 0.0228135 -0.0421897
5.94355 0.0222168 -0.0431609
5.95777 0.0216077 -0.0428367
5.97222 0.0210142 -0.0410929
5.98731 0.020446 -0.0376465
6.00171 0.0199711 -0.0329808
6.01559 0.0195919 -0.0273089
6.02962 0.0193044 -0.0204936
6.04342 0.0191222 -0.0132102
6.05753 0.0190474 -0.00529921
6.07104 0.0190824 0.00258595
6.08412 0.0192151 0.0101519
6.09772 0.0194538 0.0175563
6.11083 0.0197693 0.0240566
6.12459 0.0201821 0.0300117
6.13808 0.0206524 0.0348646
6.15124 0.021161 0.0386487
6.1649 0.0217271 0.0414201
6.17853 0.0223127 0.0429618
6.19225 0.0229055 0.0432101
6.20639 0.0235004 0.0420777
6.22089 0.0240724 0.0394436
6.2356 0.0245901 0.0352125
6.25012 0.0250211 0.0296723
6.26374 0.0253375 0.023231
6.27783 0.0255618 0.0159188
6.29143 0.0256763 0.00841485
6.3049 0.0256834 0.000532835
6.31807 0.0255883 -0.00722653
6.33111 0.0253978 -0.0146103
6.34422 0.0251162 -0.021472
6.35746 0.0247503 -0.0276288
6.37124 0.0242949 -0.0330699
6.38459 0.0237966 -0.0373283
6.39771 0.0232652 -0.0404782
6.41168 0.0226703 -0.0425845
6.42554 0.02207 -0.0433295
6.43982 0.0214595 -0.0427552
6.45441 0.0208653 -0.0407099
6.46946 0.0203091 -0.0369627
6.48427 0.0198366 -0.0318992
6.49798 0.0194801 -0.0260092
6.51208 0.0192125 -0.0189821
6.52559 0.0190544 -0.0116994
6.53939 0.019001 -0.00386759
6.55296 0.0190565 0.00409036
6.56564 0.0192012 0.0114024
6.57947 0.0194615 0.0188259
6.59278 0.0197978 0.0252695
6.60657 0.0202265 0.0310685
6.61999 0.0207058 0.0357162
6.63325 0.0212271 0.039332
6.64709 0.0218068 0.0418972
6.6607 0.0223947 0.0431908
6.67457 0.0229934 0.0431683
6.68876 0.0235862 0.0417674
6.70341 0.0241549 0.0388096
6.718 0.0246562 0.0343504
6.73264 0.0250739 0.0285488
6.74668 0.0253795 0.0217636
6.76089 0.0255819 0.0142401
6.77442 0.025672 0.00666578
6.78788 0.0256555 -0.00122569
6.80162 0.0255288 -0.00922844
6.81486 0.0253087 -0.0166199
6.8284 0.0249912 -0.0234541
6.84181 0.0245971 -0.0293785
6.85587 0.0241112 -0.0345552
6.86891 0.023611 -0.0383848
