t x vx
0.01 0.022002 0.000202239
0.02 0.0220056 0.000361097
0.035479 0.0220152 0.000616973
0.0512442 0.0220292 0.000890977
0.0676963 0.0220486 0.00117595
0.0847687 0.0220737 0.00147213
0.102291 0.0221047 0.00176983
0.120061 0.0221411 0.0020492
0.137872 0.022182 0.00229176
0.155612 0.0222263 0.00249916
0.173138 0.0222723 0.00262429
0.190446 0.0223199 0.00275331
0.207421 0.0223686 0.00286943
0.223803 0.0224163 0.00290711
0.239744 0.0224624 0.00289223
0.255732 0.0225085 0.00288799
0.271622 0.0225544 0.0028857
0.287387 0.0225993 0.00284788
0.303059 0.0226425 0.00275937
0.319119 0.0226847 0.00262664
0.335223 0.0227239 0.00242972
0.351242 0.0227589 0.00218556
0.367187 0.0227889 0.00188575
0.383057 0.0228133 0.00153762
0.398873 0.0228315 0.00114649
0.414664 0.0228428 0.000719437
0.430457 0.022847 0.000267099
0.446268 0.022844 -0.000190099
0.462109 0.0228339 -0.000637687
0.477977 0.0228167 -0.00108457
0.493871 0.0227926 -0.0015193
0.509787 0.0227619 -0.00192499
0.52571 0.0227255 -0.00228627
0.541602 0.0226842 -0.00260019
0.557397 0.0226388 -0.00287704
0.573117 0.0225898 -0.00311804
0.588624 0.0225386 -0.00329788
0.604119 0.0224864 -0.00337107
0.619681 0.0224347 -0.00332024
0.635325 0.0223852 -0.00316445
0.650807 0.02234 -0.00292252
0.666412 0.0222995 -0.00259229
0.68217 0.022265 -0.00219175
0.698019 0.0222377 -0.00172165
0.713935 0.0222187 -0.00119298
0.729887 0.0222087 -0.000624026
0.745781 0.0222078 -6.11362e-05
0.761547 0.0222144 0.000422496
0.777361 0.0222272 0.000807977
0.793145 0.022244 0.00106236
0.808965 0.0222625 0.00117312
0.824872 0.0222805 0.0011319
0.840798 0.0222957 0.00095181
0.856826 0.0223063 0.000663979
0.87287 0.0223109 0.00028159
0.888913 0.0223082 -0.000166563
0.90501 0.0222981 -0.00062765
0.921208 0.0222807 -0.0010727
0.937546 0.0222564 -0.00148733
0.953962 0.0222263 -0.00183206
0.970506 0.022192 -0.00207822
0.986895 0.0221564 -0.00217233
1.00307 0.0221222 -0.00211124
1.01909 0.0220913 -0.00192705
1.035 0.0220652 -0.00164396
1.05062 0.0220451 -0.00128542
1.06608 0.0220318 -0.000859863
1.08153 0.0220257 -0.000394523
1.09689 0.0220267 6.4067e-05
1.11212 0.0220342 0.000492178
1.12705 0.0220471 0.00086736
1.14194 0.0220647 0.001179
1.15687 0.0220858 0.00141555
1.17198 0.0221093 0.00155371
1.18698 0.0221329 0.00157583
1.20205 0.0221553 0.00148333
1.2174 0.0221748 0.00127216
1.23317 0.0221895 0.000933612
1.24869 0.0221973 0.000500497
1.26386 0.0221974 6.00096e-06
1.27862 0.0221899 -0.000510231
1.29301 0.0221752 -0.00101971
1.3073 0.0221538 -0.00149872
1.32178 0.022126 -0.00191916
1.33666 0.0220922 -0.00227068
1.35212 0.0220531 -0.00253195
1.36767 0.0220118 -0.00265395
1.38327 0.0219711 -0.00261005
1.39895 0.0219332 -0.00241281
1.41469 0.0219003 -0.00209474
1.43054 0.0218737 -0.00167888
1.44617 0.0218545 -0.00122448
1.46215 0.0218425 -0.00075334
1.47802 0.0218379 -0.000290476
1.49373 0.0218398 0.000125108
1.50933 0.021847 0.000459813
1.52492 0.0218578 0.000691324
1.54039 0.0218704 0.000813981
1.55573 0.0218827 0.000804581
1.57111 0.0218931 0.000671842
1.5863 0.0218996 0.000433242
1.60104 0.0219013 0.000113589
1.61573 0.0218975 -0.000258576
1.63079 0.0218872 -0.000682468
1.64619 0.0218694 -0.0011584
1.66112 0.0218448 -0.00164775
1.67565 0.0218145 -0.00208806
1.68996 0.0217796 -0.00243767
1.70416 0.0217416 -0.00267159
1.71848 0.0217022 -0.00275278
1.73272 0.0216643 -0.0026636
1.74706 0.0216295 -0.00242625
1.76166 0.0215994 -0.00206174
1.77636 0.021576 -0.00158913
1.79133 0.0215607 -0.00102464
1.80671 0.0215549 -0.000376992
1.82205 0.0215596 0.000306645
1.83742 0.0215745 0.000966125
1.85272 0.0215984 0.00156273
1.86795 0.0216297 0.00205552
1.88307 0.0216657 0.00238475
1.89808 0.0217035 0.00251355
1.91294 0.0217396 0.0024305
1.92757 0.0217711 0.00215332
1.94185 0.0217955 0.00170856
1.95585 0.0218112 0.00112353
1.96982 0.021817 0.000411484
1.98397 0.0218115 -0.000388086
1.9985 0.0217939 -0.0012084
2.01331 0.0217643 -0.00199705
2.02754 0.0217266 -0.00265032
2.04131 0.021683 -0.00316368
2.05489 0.0216355 -0.00350177
2.06846 0.021586 -0.00364594
2.08232 0.0215363 -0.00358508
2.09611 0.0214902 -0.00334195
2.11007 0.0214494 -0.00292336
2.12394 0.0214167 -0.0023585
2.13807 0.0213932 -0.00166358
2.15265 0.0213809 -0.000843767
2.16773 0.0213819 6.49871e-05
2.18307 0.0213971 0.000988542
2.19811 0.0214247 0.00183843
2.21308 0.0214635 0.00259021
2.22785 0.0215106 0.00319127
2.24246 0.0215631 0.00358919
2.25706 0.0216177 0.00374354
2.27139 0.0216698 0.0036322
2.28531 0.0217152 0.00326226
2.29894 0.0217516 0.00267627
2.31249 0.0217774 0.00190146
2.32617 0.0217908 0.000979029
2.34015 0.0217903 -3.7626e-05
2.35459 0.0217746 -0.00108655
2.36914 0.0217439 -0.00210761
2.38371 0.0216994 -0.00305403
2.39771 0.0216457 -0.00383821
2.41134 0.0215853 -0.00443301
2.42482 0.0215205 -0.00480402
2.43832 0.0214543 -0.00490863
2.45203 0.0213894 -0.00473108
2.46601 0.0213298 -0.00426238
2.47975 0.0212809 -0.00355579
2.49329 0.0212448 -0.00266999
2.50695 0.0212224 -0.00163502
2.52095 0.0212159 -0.000471303
2.53543 0.0212274 0.000796325
2.54963 0.0212561 0.00202499
2.56393 0.0213016 0.00317937
2.578 0.0213608 0.00420543
2.59191 0.0214316 0.00508864
2.60567 0.0215113 0.00579406
2.61893 0.0215941 0.00624511
2.63176 0.0216763 0.00640428
2.6444 0.0217555 0.00627006
2.65731 0.0218309 0.0058377
2.67083 0.0219 0.00511113
2.68499 0.0219581 0.00410209
2.69983 0.0220002 0.00283673
2.71476 0.0220209 0.00138732
2.72977 0.0220189 -0.00013247
2.7445 0.021995 -0.00162341
2.75886 0.0219514 -0.0030356
2.77313 0.0218896 -0.00433246
2.78697 0.0218143 -0.00543859
2.80067 0.0217274 -0.00634902
2.81445 0.0216304 -0.00703213
2.82844 0.0215266 -0.00742124
2.84274 0.0214194 -0.00750187
2.85673 0.0213173 -0.00729174
2.87064 0.0212224 -0.00682269
2.88473 0.0211364 -0.00610767
2.89916 0.021062 -0.00515425
2.91333 0.0210054 -0.00399061
2.92754 0.0209681 -0.0026296
2.94145 0.0209512 -0.00121426
2.95556 0.0209541 0.000204795
2.96953 0.0209757 0.00155275
2.98343 0.021014 0.00275133
2.99747 0.0210669 0.00376839
3.0116 0.021131 0.00453559
3.02553 0.0212006 0.0049953
3.03956 0.0212724 0.00512128
3.05378 0.0213421 0.00489608
3.06811 0.0214044 0.00434816
3.08273 0.0214557 0.00351344
3.09776 0.0214924 0.00244135
3.11251 0.02151 0.0011936
3.12697 0.021508 -0.000137411
3.14123 0.0214868 -0.00149026
3.15542 0.0214465 -0.00283977
3.16946 0.021389 -0.00409397
3.18317 0.0213184 -0.00515071
3.19677 0.0212376 -0.00594107
3.21046 0.0211495 -0.00642866
3.22433 0.0210579 -0.00660786
3.23851 0.0209664 -0.00645274
3.25265 0.0208819 -0.0059745
3.26665 0.0208095 -0.00517078
3.28074 0.0207518 -0.00410145
3.2951 0.0207115 -0.00280532
3.30939 0.0206924 -0.0013322
3.32385 0.0206955 0.000209305
3.33759 0.0207181 0.00164974
3.35138 0.0207595 0.00300145
3.36496 0.0208165 0.00419538
3.37826 0.0208855 0.00518836
3.39165 0.0209654 0.00596629
3.40471 0.02105 0.00647434
3.41767 0.0211368 0.00669801
3.4311 0.0212255 0.00660661
3.44464 0.0213092 0.00618158
3.45854 0.0213847 0.00543599
3.47278 0.0214475 0.00440543
3.48744 0.0214928 0.00309479
3.50253 0.0215164 0.0015642
3.51781 0.0215159 -3.37195e-05
3.53288 0.0214923 -0.00156976
3.54783 0.0214474 -0.00299785
3.56262 0.0213848 -0.00423788
3.57711 0.0213097 -0.00518076
3.59155 0.0212256 -0.00582536
3.60614 0.0211358 -0.00615577
3.62108 0.0210441 -0.00613927
3.63596 0.0209576 -0.00580911
3.65058 0.0208815 -0.00520343
3.66515 0.0208183 -0.00433879
3.67997 0.0207704 -0.00323247
3.69402 0.0207425 -0.00198545
3.70824 0.0207336 -0.000628807
3.72206 0.0207432 0.000695634
3.73593 0.0207706 0.00197618
3.74967 0.0208143 0.00317964
3.76316 0.0208718 0.00426706
3.77663 0.0209417 0.00518517
3.79009 0.0210209 0.00588135
3.80328 0.0211044 0.00633235
3.81692 0.0211935 0.00653385
3.83092 0.0212832 0.00640859
3.84548 0.0213698 0.00594911
3.8603 0.0214469 0.00519538
3.87499 0.0215086 0.00420605
3.88962 0.0215525 0.00299784
3.90451 0.0215769 0.00163862
3.91921 0.0215806 0.00025221
3.93362 0.0215647 -0.00110257
3.948 0.0215304 -0.0023826
3.96218 0.0214809 -0.00349252
3.97636 0.0214191 -0.00435771
3.99062 0.0213484 -0.00495784
4.00495 0.0212728 -0.00527803
4.01941 0.0211964 -0.00528197
4.03408 0.0211237 -0.0049524
4.04877 0.0210607 -0.00429539
4.06331 0.0210115 -0.00337876
4.07795 0.0209782 -0.00227339
4.0921 0.0209635 -0.001043
4.10667 0.0209677 0.000290387
4.12044 0.020989 0.00154847
4.13413 0.0210265 0.0027359
4.14763 0.0210777 0.00379295
4.16088 0.02114 0.00470063
4.17412 0.0212117 0.00541709
4.18735 0.0212897 0.00589221
4.20029 0.0213687 0.00611377
4.21359 0.021449 0.00603676
4.22739 0.0215265 0.00561059
4.24147 0.0215951 0.00487752
4.25573 0.0216503 0.00387244
4.27038 0.021688 0.00256913
4.28542 0.021704 0.00106404
4.29981 0.0216972 -0.000471399
4.31414 0.0216684 -0.00200842
4.32835 0.0216193 -0.00346132
4.34232 0.0215535 -0.00470729
4.35637 0.0214734 -0.00569793
4.37059 0.0213823 -0.00640853
4.38505 0.0212838 -0.00680933
4.39962 0.0211836 -0.0068796
4.41413 0.0210876 -0.00661905
4.42851 0.0210007 -0.0060424
4.44295 0.0209255 -0.00520843
4.45759 0.0208649 -0.00413566
4.47184 0.0208241 -0.00286532
4.48626 0.0208036 -0.0014234
4.50016 0.0208038 1.40578e-05
4.51409 0.0208238 0.00143842
4.52807 0.020863 0.00280344
4.54202 0.0209196 0.00405337
4.55593 0.0209908 0.00512239
4.57008 0.021075 0.00595416
4.58421 0.0211671 0.00650994
4.59803 0.0212604 0.00675326
4.61168 0.0213513 0.00666471
4.62551 0.0214377 0.00624943
4.63973 0.0215163 0.00552212
4.6545 0.0215827 0.00450018
4.66977 0.0216322 0.00323681
4.68515 0.0216602 0.00182367
4.70052 0.0216657 0.000358731
4.7159 0.0216488 -0.00109785
4.73134 0.0216107 -0.00247036
4.74639 0.0215556 -0.00366127
4.76109 0.0214874 -0.00464103
4.7756 0.0214094 -0.00537371
4.79007 0.0213251 -0.00582738
4.80465 0.0212384 -0.00594797
4.81946 0.0211538 -0.00571039
4.83456 0.0210767 -0.00510493
4.84922 0.0210148 -0.004222
4.86377 0.0209693 -0.0031275
4.87787 0.020943 -0.0018687
4.89222 0.020936 -0.000484548
4.90577 0.0209472 0.00082873
4.9195 0.0209758 0.00207872
4.93288 0.0210187 0.00320581
4.94608 0.0210737 0.00416828
4.9594 0.0211392 0.00492507
4.97235 0.0212091 0.00539032
4.98506 0.0212799 0.00557062
4.99825 0.0213523 0.0054872
5.01213 0.0214232 0.00511125
5.02624 0.0214859 0.00444263
5.04052 0.0215364 0.00353807
5.05519 0.0215719 0.00242128
5.07014 0.021589 0.00114342
5.0849 0.0215866 -0.000161245
5.09896 0.0215676 -0.00135701
5.11262 0.0215341 -0.00244827
5.12596 0.0214888 -0.00339317
5.13933 0.0214333 -0.00415194
5.15305 0.021369 -0.00468877
5.16679 0.0213009 -0.0049614
5.18024 0.0212343 -0.00494852
5.19379 0.0211711 -0.00466437
5.20759 0.0211143 -0.00411561
5.22177 0.021067 -0.00333553
5.23609 0.0210327 -0.00239362
5.25073 0.0210136 -0.00130529
5.26517 0.021012 -0.000111128
5.27952 0.0210278 0.00109983
5.29386 0.0210594 0.00220448
5.30788 0.0211035 0.00314673
5.32175 0.0211577 0.00390574
5.33555 0.021219 0.00444161
5.3496 0.021285 0.004698
5.36304 0.0213473 0.00463876
5.37626 0.0214041 0.00429601
5.38957 0.0214528 0.00365992
5.40355 0.0214909 0.00272449
5.41833 0.0215133 0.00151486
5.43348 0.0215153 0.000128269
5.44852 0.021496 -0.00128346
5.46305 0.0214579 -0.00261646
5.47722 0.0214041 -0.00379925
5.49101 0.0213385 -0.00475848
5.50469 0.0212641 -0.00543893
5.51857 0.0211831 -0.00582955
5.53283 0.0210988 -0.00591716
5.54714 0.0210173 -0.00569055
5.56118 0.0209447 -0.00517649
5.57525 0.0208832 -0.00436661
5.58956 0.0208362 -0.00329034
5.60424 0.0208073 -0.00196719
5.61876 0.0208002 -0.000489374
5.6335 0.0208158 0.00106113
5.64749 0.0208508 0.00249854
5.66162 0.0209051 0.00384645
5.67557 0.0209756 0.00505218
5.68929 0.0210589 0.00607305
5.70311 0.0211537 0.00685622
5.71701 0.0212556 0.00733229
5.73056 0.0213569 0.00747961
5.74388 0.0214541 0.00729409
5.75749 0.0215463 0.00677522
5.77162 0.0216304 0.00595605
5.78626 0.0217018 0.00487061
5.8013 0.0217549 0.00353419
5.81622 0.0217858 0.00206805
5.83073 0.0217946 0.000611191
5.84492 0.0217836 -0.000777477
5.8588 0.0217552 -0.00204664
5.87239 0.0217123 -0.0031588
5.88595 0.0216574 -0.00404522
5.89967 0.0215933 -0.004671
5.91369 0.021523 -0.0050133
5.92754 0.0214536 -0.00501571
5.94129 0.0213893 -0.00467682
5.95512 0.0213337 -0.00401806
5.96915 0.0212906 -0.00306976
5.98353 0.0212635 -0.00188957
5.99803 0.0212558 -0.000525557
6.01242 0.021269 0.000915082
6.02574 0.0212987 0.00223309
6.03824 0.021341 0.00338345
6.05016 0.0213929 0.00434986
6.06172 0.0214523 0.00514128
6.073 0.0215172 0.00575279
6.08407 0.0215856 0.00617309
6.09503 0.0216555 0.00638755
6.10602 0.0217257 0.00637905
6.11729 0.0217945 0.00611267
6.1291 0.0218602 0.00555892
6.14175 0.0219198 0.00471145
6.15552 0.0219687 0.00354946
6.16886 0.0219983 0.00222306
6.18223 0.0220087 0.000777672
6.1954 0.0219996 -0.000695183
6.20851 0.0219712 -0.00216435
6.2216 0.0219245 -0.00356723
6.23483 0.0218604 -0.00484126
6.24831 0.0217806 -0.00592367
6.26195 0.0216886 -0.00674658
6.27578 0.0215882 -0.00725843
6.28983 0.0214853 -0.00732874
6.30391 0.0213868 -0.0069884
6.31784 0.0212997 -0.006256
6.33192 0.0212266 -0.00519467
6.34633 0.021171 -0.00385626
6.36054 0.0211384 -0.00229134
6.37482 0.0211303 -0.00056772
6.38891 0.0211462 0.00112563
6.40281 0.0211835 0.00268753
6.41645 0.0212398 0.00412408
6.42987 0.0213117 0.00536095
6.44293 0.0213939 0.00629121
6.45554 0.0214814 0.00693878
6.46803 0.021573 0.00733444
6.4804 0.0216648 0.00741871
6.49296 0.0217547 0.00716099
6.50611 0.0218406 0.00652912
6.52005 0.0219177 0.00553145
6.5349 0.0219797 0.004177
6.54927 0.0220173 0.00261466
6.56358 0.02203 0.000886109
6.57745 0.0220183 -0.000845007
6.59059 0.0219859 -0.00246514
6.60337 0.0219354 -0.00394637
6.61611 0.0218682 -0.00527541
6.62909 0.021785 -0.00640719
6.64263 0.0216865 -0.00727958
6.65625 0.0215799 -0.007822
6.67002 0.0214693 -0.00803844
6.68408 0.0213584 -0.00788475
6.69835 0.0212539 -0.00732013
6.7124 0.0211645 -0.00636431
6.72643 0.0210928 -0.00510942
6.74078 0.0210412 -0.00359438
6.7549 0.0210139 -0.00193673
6.76864 0.0210103 -0.000260513
6.78275 0.0210302 0.00140975
6.79707 0.0210726 0.00296339
6.81128 0.0211346 0.0043598
6.8257 0.0212144 0.00553563
6.84025 0.0213074 0.00639033
6.85511 0.0214102 0.00691898
6.86967 0.021514 0.00712887
6.88357 0.0216112 0.00699524
6.89724 0.0217 0.00649092
6.91133 0.0217787 0.00559065
6.92611 0.0218429 0.00433801
6.94107 0.0218864 0.00291054
6.95619 0.0219076 0.00140327
6.97147 0.0219058 -0.000117029
6.98671 0.0218819 -0.00157292
7.00179 0.0218377 -0.00292498
7.01687 0.0217755 -0.00412483
7.03194 0.0216989 -0.00508282
7.04658 0.021615 -0.00573081
7.06103 0.0215278 -0.00603549
7.07554 0.0214406 -0.00601338
7.09025 0.0213574 -0.00565275
7.1049 0.0212847 -0.00496623
7.11901 0.0212275 -0.00405017
7.13361 0.0211854 -0.00288367
7.14747 0.0211633 -0.00159329
7.16152 0.0211613 -0.000147984
7.17531 0.0211804 0.00138488
7.18942 0.021222 0.00295489
7.20348 0.0212852 0.00449558
