t x vx
0.01 0.0220019 0.000186146
0.02 0.0220065 0.000463558
0.0731483 0.0221053 0.00185886
0.125802 0.0222692 0.00311233
0.183323 0.0225167 0.00430296
0.243879 0.0228403 0.00534353
0.306542 0.0232265 0.00616342
0.370623 0.0236569 0.00671695
0.435361 0.0241077 0.00696261
0.500378 0.0245547 0.00687609
0.565365 0.0249727 0.00643221
0.629739 0.025335 0.00562717
0.6936 0.0256208 0.00447543
0.757 0.025811 0.00300007
0.82017 0.0258891 0.00123732
0.883118 0.0258411 -0.000762734
0.945929 0.0256544 -0.00297214
1.0079 0.0253246 -0.00532322
1.06876 0.0248527 -0.00775311
1.12778 0.0242528 -0.010165
1.18866 0.0234834 -0.0126371
1.25104 0.0225413 -0.0151012
1.30936 0.0215322 -0.0173045
1.36751 0.0204057 -0.0193733
1.4229 0.0192328 -0.0211735
1.4759 0.0180305 -0.022688
1.52622 0.0168292 -0.0238736
1.57371 0.0156567 -0.0246861
1.61811 0.0145435 -0.0250765
1.65921 0.0135174 -0.0249592
1.67423 0.01314 -0.0251388
1.68777 0.0127988 -0.0252019
1.6992 0.0125108 -0.0251871
1.70978 0.0122456 -0.0250734
1.71971 0.0119986 -0.0248581
1.72908 0.0117689 -0.0245234
1.73795 0.0115556 -0.0240443
1.74641 0.0113578 -0.0233741
