t x vx
0.01 0.0220007 7.03096e-05
0.02 0.0220018 0.000109645
0.0354923 0.0220051 0.000213392
0.0512827 0.0220105 0.00033954
0.0677725 0.0220186 0.000490881
0.0848653 0.02203 0.000667037
0.102449 0.0220451 0.000862446
0.120372 0.0220645 0.0010823
0.138357 0.0220882 0.00131736
0.156248 0.0221168 0.0015973
0.174012 0.0221512 0.00193682
0.191522 0.0221927 0.00236846
0.208822 0.022242 0.00285281
0.225766 0.0222989 0.00335519
0.242346 0.0223625 0.00383513
0.258784 0.0224343 0.00436742
0.274985 0.0225142 0.00493187
0.290165 0.0225964 0.0054201
0.305795 0.022688 0.00585761
0.321955 0.0227887 0.00623323
0.338232 0.0228947 0.00650945
0.354431 0.0230035 0.00671648
0.370206 0.0231114 0.00684225
0.385764 0.0232188 0.00690567
0.401403 0.0233269 0.00690844
0.417022 0.0234337 0.00684038
0.432622 0.0235385 0.00671827
0.448258 0.0236409 0.00654769
0.46397 0.0237406 0.0063446
0.479786 0.0238375 0.00612396
0.495648 0.023931 0.00589719
0.511481 0.0240209 0.00567673
0.527327 0.0241078 0.00548475
0.543215 0.0241926 0.0053388
0.559157 0.0242764 0.00525309
0.575155 0.0243603 0.00524451
0.591226 0.0244459 0.00533105
0.607346 0.0245349 0.00552211
0.623435 0.0246284 0.00580568
0.639465 0.0247272 0.00616556
0.655416 0.0248322 0.00658458
0.671304 0.024944 0.00703523
0.687139 0.0250626 0.00748746
0.702927 0.0251874 0.00790729
0.718677 0.0253174 0.00825643
0.734404 0.0254511 0.00850048
0.750138 0.0255865 0.00860321
0.765916 0.0257209 0.00852176
0.781756 0.0258513 0.00822621
0.797456 0.0259723 0.00771288
0.812994 0.0260811 0.00700005
0.82839 0.0261753 0.00611545
0.843678 0.0262533 0.00510324
0.858881 0.0263142 0.00400543
0.874041 0.0263578 0.00287855
0.889213 0.026385 0.00179301
0.904261 0.0263971 0.000802312
0.919025 0.0263963 -5.5561e-05
0.933609 0.0263851 -0.000765199
0.948132 0.026366 -0.00131247
0.962815 0.0263411 -0.00169977
0.977806 0.026312 -0.00194244
0.993183 0.0262804 -0.00205005
1.00898 0.0262486 -0.0020154
1.02503 0.0262189 -0.00184912
1.04102 0.026194 -0.00156214
1.05696 0.0261755 -0.00115744
1.07271 0.0261652 -0.000653455
1.08837 0.0261643 -6.06736e-05
1.10399 0.0261735 0.000592664
1.11961 0.0261931 0.00125626
1.13523 0.0262224 0.00187409
1.15079 0.0262596 0.00239234
1.1663 0.0263023 0.00274823
1.18178 0.0263477 0.00293464
1.19724 0.0263934 0.00295761
1.2127 0.0264363 0.00277323
1.22807 0.0264729 0.00238068
1.24344 0.0265009 0.00182151
1.25858 0.0265186 0.00116997
1.27397 0.0265253 0.000435669
1.28854 0.0265209 -0.000300866
1.30305 0.0265057 -0.00104401
1.31755 0.0264805 -0.00174086
1.33177 0.0264467 -0.00237916
1.34543 0.0264072 -0.00289388
1.35948 0.0263609 -0.00328891
1.37412 0.0263091 -0.00353748
1.38903 0.0262551 -0.00362542
1.40445 0.0262004 -0.0035453
1.42035 0.0261478 -0.00331021
1.43629 0.0261011 -0.00292649
1.4523 0.0260632 -0.00236822
1.4684 0.0260358 -0.00170274
1.48431 0.0260193 -0.00104132
1.49995 0.0260131 -0.000392314
1.51541 0.026016 0.00018702
1.53074 0.0260262 0.000666697
1.5459 0.0260421 0.00104948
1.56099 0.0260616 0.00128826
1.57613 0.0260817 0.00132673
1.59139 0.0261004 0.00123014
1.60673 0.026116 0.00101753
1.62213 0.0261263 0.000666284
1.63763 0.0261307 0.000285703
1.65319 0.026128 -0.000176288
1.66814 0.0261175 -0.000705473
1.68326 0.026098 -0.00128497
1.69817 0.0260703 -0.00185738
1.71319 0.0260344 -0.0023931
1.72788 0.0259924 -0.00285784
1.74257 0.0259449 -0.00323094
1.75768 0.0258917 -0.00352375
1.77313 0.0258345 -0.00370349
1.78882 0.0257757 -0.00374439
1.8047 0.0257187 -0.00359124
1.82056 0.0256673 -0.00324245
1.83636 0.0256237 -0.00276051
1.85249 0.0255891 -0.00214104
1.86873 0.0255657 -0.00144295
1.88495 0.025554 -0.000718841
1.90089 0.0255538 -1.69348e-05
1.91656 0.0255641 0.00065817
1.93204 0.0255828 0.00121097
1.9474 0.0256077 0.00162113
1.96257 0.0256381 0.00199949
1.97763 0.0256733 0.0023405
1.99264 0.0257113 0.00253054
2.00754 0.0257503 0.00261667
2.02232 0.0257884 0.00257919
2.03702 0.025823 0.0023541
2.05174 0.0258519 0.0019644
2.06661 0.0258732 0.00142862
2.08179 0.0258847 0.000763727
2.09709 0.0258849 1.24392e-05
2.11236 0.0258732 -0.000769845
2.12737 0.0258506 -0.00150337
2.14253 0.0258183 -0.00213043
2.15795 0.0257773 -0.0026589
2.17303 0.0257312 -0.00305751
2.1879 0.0256819 -0.00331504
2.20274 0.0256307 -0.0034526
2.21697 0.0255813 -0.00347148
2.2312 0.0255335 -0.00335732
2.24596 0.025488 -0.00308269
2.26132 0.025447 -0.00267221
2.2766 0.0254137 -0.00217812
2.29249 0.0253882 -0.00160652
2.30855 0.0253727 -0.000962087
2.32457 0.0253683 -0.000275631
2.34051 0.0253747 0.000401184
2.35634 0.0253903 0.000989491
2.37203 0.0254125 0.00141252
2.38756 0.0254384 0.00166912
2.40295 0.0254658 0.00177516
2.41825 0.0254924 0.00174156
2.43342 0.0255157 0.00153479
2.44842 0.0255328 0.00113928
2.46328 0.0255417 0.000599692
2.4781 0.0255415 -1.45374e-05
2.49287 0.0255322 -0.000630542
2.50725 0.0255142 -0.00124754
2.5214 0.0254879 -0.00185685
2.53546 0.0254537 -0.0024344
2.54954 0.0254121 -0.0029573
2.56379 0.0253642 -0.00336181
2.57772 0.0253145 -0.00356436
2.59164 0.0252648 -0.0035684
2.60633 0.0252152 -0.00338101
2.62161 0.0251686 -0.00304664
2.63674 0.0251294 -0.00259087
2.65192 0.0250989 -0.00201209
2.66737 0.0250792 -0.00127077
2.68294 0.0250718 -0.000477056
2.69869 0.0250761 0.000271678
2.71439 0.025091 0.000951658
2.73019 0.0251156 0.00155491
2.74613 0.0251485 0.00206572
2.76192 0.0251874 0.0024612
2.77759 0.025231 0.00278184
2.79321 0.0252775 0.00297537
2.80845 0.0253234 0.00301633
2.8239 0.025368 0.00288613
2.8396 0.0254082 0.00256068
2.85534 0.0254405 0.00205379
2.87109 0.0254627 0.00140482
2.88653 0.0254725 0.000639238
2.90171 0.0254698 -0.000179769
2.91685 0.0254542 -0.00103238
2.93168 0.0254268 -0.00184444
2.94565 0.0253913 -0.00254013
2.95929 0.0253488 -0.00312106
2.97292 0.0253002 -0.00356444
2.98687 0.0252465 -0.00384983
3.00098 0.0251908 -0.0039476
3.01544 0.0251354 -0.00383083
3.03017 0.0250848 -0.0034374
3.04511 0.025043 -0.00279722
3.06044 0.0250139 -0.00189841
3.07605 0.0250015 -0.000792031
3.09175 0.0250083 0.000434008
3.10752 0.0250351 0.00169872
3.1233 0.0250816 0.00294602
3.13857 0.0251449 0.00414649
3.15318 0.0252211 0.00521767
3.1672 0.0253076 0.00617002
3.18081 0.0254028 0.0069933
3.19422 0.0255047 0.00760376
3.20764 0.0256114 0.00794249
3.22126 0.0257199 0.0079644
3.23523 0.0258266 0.00763717
3.24908 0.0259232 0.00697971
3.26265 0.0260051 0.00603458
3.27616 0.0260705 0.00484104
3.28983 0.0261167 0.00337523
3.30388 0.0261403 0.00168001
3.3178 0.0261386 -0.000121215
3.33172 0.026111 -0.00197695
3.34577 0.0260583 -0.00375676
3.35988 0.025983 -0.00533798
3.37324 0.025895 -0.00658516
3.3867 0.0257935 -0.0075396
3.40078 0.025678 -0.00820247
3.41566 0.0255511 -0.00852494
3.43061 0.0254252 -0.00842411
3.44597 0.0253044 -0.00786725
3.46176 0.0251964 -0.00683824
3.4763 0.0251158 -0.00554259
3.49058 0.0250585 -0.00401146
3.50475 0.0250262 -0.0022811
3.51911 0.0250208 -0.000375556
3.53358 0.0250439 0.00159327
3.54823 0.0250958 0.00354787
3.56316 0.0251775 0.00546844
3.57776 0.0252835 0.0072633
3.59227 0.0254116 0.00882285
3.60653 0.0255541 0.00999336
3.62084 0.0257069 0.0106851
3.63449 0.0258563 0.0109328
3.64844 0.0260056 0.0107062
3.66218 0.0261427 0.00998374
3.67589 0.0262641 0.00884896
3.6894 0.0263626 0.0072952
3.70286 0.026435 0.0053775
3.71631 0.0264783 0.00322252
3.73001 0.02649 0.000850947
3.74352 0.0264688 -0.00157062
3.75688 0.0264164 -0.00391853
3.76941 0.0263411 -0.0060148
3.78202 0.0262409 -0.00794221
3.79462 0.0261201 -0.00958624
3.8079 0.025975 -0.0109324
3.82153 0.0258133 -0.0118553
3.83588 0.0256372 -0.0122753
3.85067 0.0254578 -0.0121269
3.86593 0.0252838 -0.0113993
3.88098 0.0251309 -0.0101695
3.89609 0.0250033 -0.00844062
3.91167 0.0249067 -0.0062028
3.92662 0.024851 -0.00372143
3.94142 0.0248353 -0.00105946
3.95667 0.0248617 0.00173176
3.97184 0.0249298 0.00448998
3.98759 0.0250451 0.00732051
4.00267 0.0251964 0.0100239
4.01768 0.0253832 0.0124436
4.03217 0.0255917 0.0143931
4.04685 0.0258234 0.0157813
4.06166 0.0260674 0.0164776
4.07633 0.0263081 0.0164099
4.0908 0.0265342 0.015629
4.10492 0.0267347 0.0141944
4.11863 0.026902 0.0122018
4.13201 0.0270327 0.00976669
4.14499 0.0271231 0.00697413
4.15784 0.0271734 0.00390492
4.17048 0.0271822 0.000696338
4.18304 0.0271497 -0.0025859
4.19609 0.0270716 -0.0059858
4.20898 0.0269526 -0.00922839
4.22172 0.0267972 -0.0121973
4.2348 0.0266025 -0.0148914
4.24844 0.0263681 -0.0171867
4.26274 0.0260971 -0.0189423
4.27722 0.0258072 -0.0200276
4.29189 0.0255079 -0.0204013
4.30675 0.0252107 -0.0199962
4.32201 0.0249241 -0.0187772
4.33722 0.024668 -0.0168438
4.35222 0.0244532 -0.0143134
4.36732 0.0242844 -0.0111818
4.38268 0.02417 -0.00744416
4.39706 0.0241196 -0.0035096
4.41175 0.0241313 0.000801537
4.42681 0.0242115 0.00532352
4.44196 0.0243618 0.00991951
4.45667 0.0245697 0.0141298
4.47191 0.0248436 0.0179776
4.48689 0.0251581 0.0209896
4.50151 0.0254938 0.0229529
4.51579 0.0258341 0.0238483
4.52981 0.0261668 0.0237179
4.54367 0.026479 0.0225256
4.55733 0.0267583 0.020444
4.57074 0.0269942 0.0175928
4.58339 0.0271739 0.0142041
4.5964 0.0273062 0.0101716
4.6087 0.0273782 0.00585196
4.62039 0.0273948 0.0014225
4.6316 0.0273617 -0.00295378
4.64247 0.0272838 -0.00716707
4.65315 0.0271643 -0.0111934
4.66377 0.027005 -0.0149995
4.67443 0.0268075 -0.018519
4.68524 0.0265736 -0.0216491
4.69624 0.0263058 -0.0243368
4.70749 0.0260071 -0.0265611
4.719 0.0256814 -0.0282808
4.73085 0.0253329 -0.0294255
4.74308 0.024967 -0.0299209
4.75576 0.0245906 -0.0296656
4.76899 0.0242135 -0.028511
4.78284 0.0238474 -0.0264278
4.79742 0.0235079 -0.0232866
4.81238 0.0232221 -0.0191032
4.82715 0.0230107 -0.0143156
4.84188 0.0228781 -0.00900083
4.85661 0.0228309 -0.003207
4.87076 0.0228666 0.00252531
4.88569 0.0229909 0.0083266
4.90007 0.0231875 0.0136735
4.91441 0.023452 0.0184433
4.92906 0.023779 0.0223174
4.94337 0.0241373 0.0250371
4.95737 0.0245097 0.0265979
4.97137 0.0248872 0.026973
4.98544 0.0252547 0.0261294
4.99933 0.0255888 0.024045
5.0134 0.0258824 0.020865
5.02733 0.0261145 0.0166583
5.04082 0.0262741 0.011836
5.05375 0.0263598 0.00662377
5.06621 0.0263748 0.00120266
5.07833 0.0263247 -0.0041354
5.09023 0.026214 -0.00929994
5.10209 0.0260464 -0.0141302
5.11408 0.0258249 -0.0184738
5.12648 0.0255476 -0.0223614
5.13958 0.0252105 -0.0257259
5.15376 0.0248094 -0.028304
5.16807 0.0243829 -0.0298013
5.18264 0.0239445 -0.0300825
5.198 0.0234982 -0.0290608
5.2133 0.0230896 -0.0267012
5.22849 0.0227383 -0.0231224
5.24284 0.0224686 -0.0188001
5.25733 0.0222714 -0.0136064
5.27156 0.0221596 -0.00786218
5.28606 0.0221365 -0.00158661
5.3 0.0222002 0.00457158
5.31459 0.0223582 0.0108225
5.32882 0.022594 0.0165663
5.34251 0.0228892 0.0215656
5.3568 0.023259 0.0258922
5.37093 0.0236704 0.0291038
5.38486 0.0241042 0.0311334
5.39861 0.0245431 0.031922
5.41276 0.0249874 0.0314094
5.42704 0.0254078 0.0294395
5.44067 0.0257655 0.0262341
5.45433 0.026065 0.0219302
5.46825 0.0262968 0.016655
5.4819 0.0264439 0.010778
5.4955 0.0265047 0.00447044
5.50898 0.0264778 -0.00199625
5.52221 0.0263695 -0.0081799
5.53526 0.0261885 -0.0138775
5.54843 0.0259371 -0.0190931
5.56071 0.0256511 -0.0232893
5.57495 0.0252652 -0.0271047
5.5898 0.0248206 -0.0299232
5.60485 0.0243458 -0.0315622
5.61979 0.0238693 -0.0318969
5.63511 0.023396 -0.030878
5.6502 0.0229655 -0.0285381
5.66546 0.022586 -0.0248605
5.67983 0.0222925 -0.0204332
5.69428 0.0220738 -0.0151345
5.70848 0.0219421 -0.00927895
5.72282 0.0219005 -0.00289648
5.73673 0.0219488 0.00347155
5.75121 0.0220924 0.00991819
5.76543 0.0223189 0.0159254
5.77931 0.0226137 0.0212344
5.79358 0.0229821 0.0258212
5.80779 0.023399 0.0293398
5.82173 0.0238405 0.0316555
5.83553 0.0242927 0.0327839
5.84969 0.0247546 0.0326167
5.86398 0.0251979 0.0310209
5.87802 0.0255919 0.0280734
5.89235 0.0259327 0.0237731
5.90623 0.0261911 0.0186099
5.92007 0.026367 0.0127179
5.93316 0.0264538 0.0066273
5.94581 0.0264601 0.000497798
5.95931 0.0263806 -0.00589062
5.97342 0.0262083 -0.0122055
5.98723 0.0259636 -0.0177224
6.00017 0.0256763 -0.0222102
6.01345 0.0253315 -0.0259595
6.02835 0.0248996 -0.0289867
6.04327 0.0244402 -0.0307919
6.05825 0.0239715 -0.0312914
6.07353 0.0235065 -0.0304201
6.08862 0.0230805 -0.0282322
6.10389 0.0227034 -0.0246885
6.11819 0.0224121 -0.0203817
6.13262 0.0221931 -0.0151762
6.14694 0.0220596 -0.0093235
6.16134 0.022017 -0.00295255
6.17516 0.0220637 0.0033752
6.18949 0.0222039 0.00978243
6.20347 0.0224242 0.0157632
6.21739 0.0227189 0.0211644
6.2315 0.023083 0.0258026
6.24577 0.0235036 0.0294634
6.25973 0.0239486 0.0318965
6.2735 0.0244052 0.0331396
6.28761 0.0248719 0.0330818
6.3019 0.0253234 0.0315925
6.31602 0.0257288 0.0287141
6.33038 0.0260801 0.0244664
6.34397 0.0263437 0.0193926
6.35772 0.0265297 0.013535
6.3711 0.0266268 0.00725441
6.38348 0.0266413 0.0011687
6.39648 0.0265746 -0.00512996
6.41033 0.0264159 -0.0114644
6.4238 0.0261858 -0.0170763
6.43675 0.0259036 -0.0217937
6.4495 0.0255762 -0.0256816
6.4644 0.0251438 -0.0290244
6.47926 0.0246807 -0.0311455
6.49422 0.0242021 -0.0320048
6.50943 0.0237229 -0.031502
6.52455 0.0232742 -0.0296792
6.53986 0.0228687 -0.0264872
6.55412 0.0225485 -0.0224534
6.56881 0.0222925 -0.017427
6.58344 0.0221219 -0.0116621
6.59788 0.0220434 -0.0054365
6.61209 0.0220578 0.00101679
6.62638 0.0221641 0.00744219
6.64006 0.0223474 0.013397
6.65432 0.0226197 0.0190841
6.66844 0.0229579 0.0239528
6.68288 0.0233609 0.0279149
6.69687 0.0237898 0.0306542
6.7107 0.0242355 0.0322222
6.72471 0.0246911 0.0325245
6.73907 0.0251426 0.0314534
6.75327 0.025554 0.028961
6.76744 0.0259102 0.0251521
6.78077 0.0261836 0.0204956
6.79451 0.0263893 0.0149807
6.80806 0.0265099 0.00889392
6.82108 0.0265447 0.0026725
6.83483 0.0264905 -0.00394499
6.8483 0.0263533 -0.0101755
6.86172 0.0261409 -0.0158308
6.87523 0.0258591 -0.0208632
6.88779 0.0255472 -0.0248343
6.90277 0.0251222 -0.0283576
6.91765 0.0246667 -0.0306299
6.93264 0.0241919 -0.0316549
6.94783 0.023716 -0.0313299
6.96302 0.0232652 -0.0296776
6.97838 0.0228561 -0.0266396
6.99274 0.0225303 -0.0226888
7.00765 0.0222667 -0.017684
7.02236 0.0220909 -0.0119464
7.0369 0.0220078 -0.00571733
7.05119 0.0220188 0.000769926
7.06555 0.0221229 0.00724941
7.07934 0.022306 0.0132771
7.09355 0.0225757 0.0189847
7.10763 0.0229122 0.0239022
7.12213 0.0233175 0.0279538
7.13613 0.0237484 0.0307676
7.14999 0.0241975 0.0324055
7.16396 0.0246552 0.0327734
7.17834 0.0251121 0.0317585
7.19265 0.0255313 0.0292905
7.20676 0.0258911 0.0255081
7.22013 0.0261697 0.0208427
7.23388 0.0263802 0.0153017
7.24742 0.0265047 0.00919523
7.26047 0.026543 0.00293233
7.2741 0.0264928 -0.00367945
