t x vx
0.01 0.0220011 0.00010787
0.02 0.0220038 0.000274927
0.0869072 0.0220956 0.00137186
0.150686 0.0222433 0.00231571
0.223671 0.0224797 0.00323921
0.300185 0.0227866 0.00401029
0.379332 0.0231488 0.00457628
0.459973 0.0235433 0.00489217
0.541603 0.0239458 0.00493078
0.62315 0.024327 0.00467506
0.704319 0.0246613 0.00411813
0.784952 0.0249249 0.00326995
0.864977 0.0250966 0.00214492
0.944105 0.0251578 0.000773886
1.02261 0.0250939 -0.000814299
1.10089 0.0248919 -0.00258039
1.17891 0.0245416 -0.0044898
1.25632 0.0240405 -0.00647407
1.33353 0.0233858 -0.00847935
1.41027 0.0225836 -0.0104531
1.48358 0.0216833 -0.01228
1.5555 0.0206794 -0.0139593
1.62369 0.0196291 -0.0154022
1.68863 0.0185511 -0.0166
1.75021 0.0174728 -0.0175105
1.80911 0.0164082 -0.0180756
1.86511 0.0153877 -0.0182234
1.9178 0.0144465 -0.0178601
1.96723 0.0136108 -0.016908
1.98559 0.0133065 -0.0165731
2.00252 0.0130329 -0.0161679
2.01723 0.0128015 -0.0157309
2.03113 0.0125898 -0.0152221
2.04425 0.0123979 -0.0146314
2.05677 0.0122233 -0.0139453
2.06881 0.0120649 -0.0131542
2.0805 0.0119217 -0.0122521
2.09193 0.0117932 -0.0112346
2.10336 0.0116779 -0.0100917
2.1148 0.011577 -0.00882953
2.12645 0.0114901 -0.00744851
