t x vx
0.01 0.0220001 1.07e-05
0.02 0.0220003 2.16437e-05
0.0500474 0.0220026 7.46322e-05
0.0802945 0.0220069 0.000143748
0.111792 0.0220141 0.000228628
0.14445 0.0220248 0.000325909
0.178291 0.0220395 0.00043418
0.212928 0.0220587 0.000557015
0.247928 0.0220834 0.000704702
0.283023 0.0221143 0.000880186
0.317987 0.0221527 0.0010982
0.352593 0.0221995 0.00135242
0.386741 0.0222555 0.00164082
0.420389 0.022321 0.00194444
0.453796 0.022396 0.00224542
0.486937 0.0224806 0.00255436
0.51976 0.0225747 0.00286535
0.551587 0.0226752 0.00315856
0.583893 0.0227863 0.00344022
0.617034 0.0229092 0.00370618
0.650471 0.0230408 0.00393686
0.683708 0.0231777 0.00411801
0.716724 0.0233178 0.00424353
0.749519 0.0234588 0.00430118
0.782105 0.0235984 0.0042835
0.814422 0.0237336 0.00418321
0.846496 0.0238618 0.0039964
0.878391 0.0239805 0.00372321
0.910166 0.0240874 0.00336405
0.941759 0.0241799 0.00292571
0.973237 0.0242558 0.0024134
1.00468 0.0243135 0.00183553
1.03615 0.0243515 0.00120623
1.06737 0.0243688 0.000552826
1.09878 0.0243653 -0.000111702
1.1303 0.0243413 -0.000760052
1.16197 0.0242982 -0.00136022
1.19368 0.0242384 -0.0018864
1.22535 0.0241648 -0.00232485
1.25711 0.0240799 -0.00267247
1.28897 0.0239866 -0.0029294
1.32096 0.0238876 -0.00309289
1.35277 0.0237871 -0.00316095
1.38458 0.0236869 -0.00314792
1.41623 0.02359 -0.00306295
1.44781 0.0234978 -0.00292107
1.47921 0.0234117 -0.00273992
1.5105 0.0233323 -0.00253894
1.54173 0.0232593 -0.00233661
1.57297 0.0231921 -0.00215032
1.60421 0.0231298 -0.00199589
1.63529 0.0230712 -0.00188594
1.66629 0.0230144 -0.00183078
1.69728 0.0229575 -0.0018349
1.72833 0.0228987 -0.00189603
1.75938 0.0228364 -0.0020067
1.78997 0.0227706 -0.00215047
1.82012 0.0227008 -0.00231395
1.84982 0.0226271 -0.00248262
1.87905 0.0225499 -0.00264003
1.90779 0.0224703 -0.0027692
1.93611 0.0223895 -0.00285514
1.9642 0.0223084 -0.00288716
1.9923 0.0222281 -0.00285574
2.02069 0.02215 -0.0027504
2.04965 0.022076 -0.00255835
2.07926 0.0220087 -0.00227217
2.10951 0.0219516 -0.00188775
2.14028 0.0219083 -0.0014059
2.17061 0.0218824 -0.000855396
2.20084 0.0218747 -0.000254057
2.23058 0.0218857 0.000371284
2.26009 0.0219154 0.00100682
2.28959 0.0219639 0.00164402
2.31923 0.0220311 0.00226761
2.34871 0.0221153 0.00285429
2.37813 0.0222149 0.0033857
2.40762 0.0223281 0.00384075
2.43732 0.022453 0.00420349
2.46715 0.022586 0.00445857
2.49702 0.0227233 0.00459718
2.52696 0.0228615 0.00461515
2.55721 0.022998 0.00451439
2.58801 0.0231303 0.00429399
2.61885 0.0232528 0.00397088
2.64934 0.0233616 0.00357035
2.67918 0.0234549 0.00312502
2.70859 0.0235331 0.00266025
2.73784 0.0235974 0.00219728
2.76718 0.0236488 0.00175191
2.79677 0.0236886 0.00134544
2.82665 0.0237185 0.000999255
2.85656 0.0237402 0.0007267
2.88657 0.0237561 0.000531295
2.91673 0.0237686 0.000413162
2.94714 0.0237798 0.000368788
2.97791 0.0237918 0.00038849
3.00874 0.0238059 0.000458148
3.03913 0.0238228 0.000555188
3.06899 0.0238424 0.000657216
3.09864 0.0238645 0.000746799
3.12821 0.0238885 0.000810997
3.15776 0.0239131 0.000831615
3.18749 0.0239365 0.000788155
3.21711 0.0239561 0.000660932
3.24668 0.0239691 0.000438953
3.27652 0.0239726 0.000118722
3.30708 0.0239633 -0.000306158
3.33856 0.0239372 -0.000828142
3.36974 0.0238937 -0.00139514
3.40088 0.0238321 -0.0019784
3.43139 0.0237545 -0.00254228
3.4605 0.0236657 -0.0030509
3.48892 0.0235662 -0.00350275
3.51706 0.0234569 -0.00388351
3.54524 0.0233391 -0.00417948
3.57379 0.0232142 -0.00437535
3.60296 0.0230841 -0.00445838
3.63242 0.0229538 -0.00442278
3.6622 0.0228266 -0.00427211
3.69228 0.0227059 -0.00401169
3.72225 0.0225965 -0.00365095
3.75279 0.0224989 -0.00319523
3.78388 0.0224161 -0.0026643
3.81449 0.0223518 -0.00210057
3.84464 0.0223054 -0.00153842
3.87447 0.0222756 -0.00100096
3.9042 0.0222605 -0.000508326
3.93401 0.0222581 -7.93587e-05
3.96406 0.0222662 0.00026814
3.99417 0.022282 0.000526662
4.02415 0.0223029 0.00069815
4.05424 0.0223269 0.000795698
4.0848 0.0223521 0.000825935
4.11566 0.0223764 0.0007857
4.14581 0.0223971 0.000687081
4.17584 0.0224137 0.0005543
4.20607 0.0224263 0.000415771
4.23554 0.0224353 0.000305304
4.26468 0.0224423 0.000240247
4.29388 0.0224489 0.000226893
4.32337 0.0224572 0.000281583
4.35334 0.0224696 0.000411934
4.38365 0.0224882 0.000615246
4.41385 0.022515 0.00088761
4.44427 0.0225526 0.00123354
4.47467 0.0226024 0.00163856
4.50508 0.0226655 0.00207639
4.53566 0.0227427 0.00252557
4.56596 0.0228324 0.00295855
4.59555 0.0229314 0.00334674
4.62502 0.0230394 0.00366553
4.65405 0.0231525 0.00389584
4.68283 0.0232686 0.00403326
4.71171 0.0233861 0.00406832
4.7411 0.0235034 0.00399038
4.77135 0.0236178 0.00378139
4.80266 0.0237252 0.00343028
4.83379 0.0238175 0.00296466
4.86506 0.0238926 0.00240225
4.89657 0.0239482 0.00176517
4.92732 0.0239823 0.00111053
4.95694 0.0239965 0.000477024
4.98563 0.0239933 -0.000111961
5.01365 0.0239753 -0.000640885
5.04141 0.0239447 -0.00110052
5.06939 0.0239034 -0.00147858
5.09736 0.023854 -0.00176609
5.12565 0.0237986 -0.00195879
5.15417 0.0237402 -0.00204576
5.1831 0.0236813 -0.00203601
5.21299 0.0236232 -0.00194337
5.24276 0.0235704 -0.00177318
5.27296 0.023524 -0.00153651
5.3039 0.0234854 -0.00124823
5.33614 0.0234553 -0.000933657
5.36814 0.0234348 -0.000640596
5.39983 0.0234221 -0.000400961
5.43119 0.0234146 -0.000240568
5.46237 0.0234091 -0.000176002
5.49335 0.0234024 -0.000217253
5.52418 0.0233911 -0.000364141
5.55485 0.0233726 -0.0006052
5.5851 0.0233444 -0.000930009
5.61518 0.0233048 -0.0013191
5.64534 0.023252 -0.00174809
5.67436 0.0231887 -0.00218192
5.70264 0.0231152 -0.00259875
5.73058 0.0230319 -0.00298423
5.75838 0.0229396 -0.00331996
5.78635 0.0228392 -0.00358855
5.81469 0.0227322 -0.00377551
5.8426 0.0226245 -0.00385656
5.8703 0.0225189 -0.00381505
5.89825 0.0224171 -0.00363994
5.92662 0.0223226 -0.00333316
5.95556 0.0222383 -0.00291028
5.9848 0.0221687 -0.00238254
6.01393 0.0221169 -0.00177632
6.04341 0.022084 -0.0011186
6.07347 0.022071 -0.000431553
6.10427 0.022079 0.000261113
6.13441 0.022107 0.000926702
6.16501 0.0221546 0.00155829
6.19498 0.0222177 0.00210389
6.22438 0.0222931 0.00256364
6.2536 0.0223788 0.00293313
6.28183 0.0224689 0.00319271
6.30912 0.0225601 0.00334279
6.33602 0.0226514 0.00339416
6.36313 0.0227424 0.00335523
6.39107 0.0228327 0.00323114
6.42032 0.0229213 0.00302974
6.45113 0.0230062 0.0027548
6.48142 0.02308 0.00243721
6.51094 0.0231421 0.00210591
6.53977 0.0231936 0.00178438
6.56822 0.023236 0.00149128
6.59649 0.0232711 0.0012395
6.62467 0.0233006 0.00104721
6.65293 0.0233268 0.000929199
6.68148 0.0233524 0.000896067
6.71068 0.0233802 0.000953147
6.7402 0.0234126 0.00109441
6.7699 0.0234513 0.00130386
6.7993 0.023497 0.00155356
6.82884 0.0235507 0.00181804
6.8589 0.0236127 0.00206297
6.88908 0.0236808 0.00225583
6.91858 0.0237507 0.00237257
6.94746 0.0238198 0.00238933
6.97579 0.0238846 0.00228984
7.00359 0.0239423 0.00207648
7.03102 0.0239905 0.00175558
7.05838 0.0240271 0.00133839
7.08596 0.0240503 0.000841462
7.11406 0.0240581 0.000277532
7.14299 0.0240482 -0.000344327
7.17099 0.0240214 -0.000957395
7.19824 0.0239795 -0.00153543
7.22553 0.0239232 -0.00206513
7.25312 0.0238533 -0.00253236
7.28072 0.0237727 -0.00291877
7.30897 0.0236821 -0.00320753
7.33746 0.0235858 -0.00338064
7.36559 0.023489 -0.00344216
7.39369 0.0233932 -0.00340682
7.42259 0.0232982 -0.0032872
7.45279 0.0232048 -0.00309374
7.48386 0.0231164 -0.0028452
7.5153 0.0230359 -0.00256267
7.54681 0.0229644 -0.00226639
7.57887 0.0229016 -0.0019595
7.61056 0.0228487 -0.00166899
7.64153 0.0228048 -0.00141777
7.67254 0.0227672 -0.00121172
7.70327 0.0227348 -0.00105669
7.73374 0.0227057 -0.000953896
7.7642 0.0226781 -0.000905024
7.79423 0.0226509 -0.000906761
7.82383 0.0226228 -0.000948051
7.85356 0.0225925 -0.00101973
7.88388 0.0225589 -0.0011079
7.91312 0.0225243 -0.00118464
7.94173 0.022489 -0.00123223
7.97019 0.0224538 -0.00123812
7.99875 0.0224198 -0.00118941
8.02761 0.0223888 -0.00107644
8.05663 0.0223628 -0.000893716
8.08615 0.022344 -0.000636543
8.1162 0.0223348 -0.000307332
8.14699 0.0223376 9.24226e-05
8.17874 0.0223553 0.00055525
8.2111 0.0223896 0.00106091
8.24312 0.0224396 0.00156072
8.27459 0.0225032 0.00202295
8.30553 0.0225784 0.00242806
8.33652 0.022664 0.00276331
8.36723 0.0227566 0.00301464
8.39786 0.0228539 0.00317757
8.42809 0.0229522 0.00325197
8.45787 0.0230487 0.00323854
8.48749 0.0231416 0.00313748
8.51735 0.0232299 0.00295676
8.54779 0.0233122 0.00270578
8.57827 0.0233854 0.00239855
8.60815 0.0234468 0.00205639
8.63767 0.0234968 0.00169485
8.66701 0.0235361 0.00133791
8.6964 0.0235657 0.00100694
8.72607 0.023587 0.000717083
8.75572 0.0236015 0.000489429
8.78546 0.0236112 0.000328188
8.81529 0.0236181 0.000230016
8.84536 0.0236238 0.000191492
8.87598 0.0236302 0.000205898
8.90732 0.0236383 0.000258739
8.9392 0.0236488 0.000330135
8.97096 0.0236615 0.000400643
9.0024 0.0236755 0.000446058
9.03348 0.0236896 0.000452057
9.06424 0.0237022 0.00041048
9.0945 0.0237115 0.000308212
9.12443 0.0237156 0.000135707
9.15384 0.0237127 -0.000100143
9.18245 0.0237017 -0.000384581
9.21048 0.0236817 -0.000712617
9.23835 0.0236515 -0.00108398
9.26647 0.0236095 -0.00149189
9.29524 0.0235542 -0.00192336
9.32434 0.0234859 -0.00234533
9.35267 0.023409 -0.00271607
9.38063 0.0233249 -0.00300823
9.40847 0.0232355 -0.00321109
9.43641 0.0231423 -0.00333548
9.46418 0.0230485 -0.00337591
9.49162 0.0229572 -0.00333074
9.51953 0.0228675 -0.00321074
9.54849 0.0227802 -0.00301437
9.57756 0.0227004 -0.00274588
9.60718 0.0226294 -0.00239702
9.63842 0.0225683 -0.00195706
9.67033 0.0225217 -0.00146014
9.70175 0.0224917 -0.000955618
9.73253 0.0224771 -0.000474616
9.76315 0.0224757 -4.26375e-05
9.79323 0.0224853 0.000318114
9.82302 0.0225035 0.000608824
9.85179 0.0225271 0.000822943
9.87978 0.022554 0.000961566
9.90751 0.0225826 0.00102869
9.9355 0.0226114 0.00103073
9.96423 0.0226395 0.000975876
9.99417 0.0226655 0.000868932
10.0253 0.022688 0.000721737
10.0564 0.0227052 0.000555219
10.0874 0.0227171 0.000382953
10.1184 0.0227242 0.000230023
10.1494 0.0227279 0.000118459
10.1806 0.02273 6.72154e-05
10.2122 0.022733 9.4663e-05
10.2441 0.0227395 0.000205307
10.2763 0.0227523 0.000395388
10.3086 0.0227735 0.000656654
10.341 0.0228049 0.000967946
10.3726 0.0228459 0.00129715
10.4036 0.0228962 0.00162646
10.4344 0.0229561 0.00194111
10.4646 0.023023 0.00221616
10.4942 0.0230949 0.00243043
10.5232 0.0231696 0.00257253
10.5522 0.0232459 0.00263222
10.5806 0.0233199 0.00260411
10.6085 0.0233893 0.00248928
10.6362 0.0234528 0.00229347
10.6641 0.0235093 0.00202495
10.6927 0.0235575 0.00168883
10.7222 0.0235958 0.00129214
10.7528 0.0236219 0.000855414
10.7827 0.0236345 0.00042352
10.8122 0.0236352 2.12027e-05
10.8409 0.0236258 -0.000323599
10.8692 0.023609 -0.000595038
10.8974 0.0235869 -0.00078522
10.9255 0.0235618 -0.000893264
10.9538 0.0235354 -0.000930347
10.9819 0.0235101 -0.000903396
11.0104 0.0234867 -0.000819332
11.0391 0.0234671 -0.000684149
11.068 0.0234523 -0.000511761
11.0985 0.0234425 -0.000320147
11.1299 0.0234383 -0.000134882
11.1606 0.023439 2.44698e-05
11.1911 0.0234422 0.000102933
11.2211 0.0234458 0.000119402
11.2507 0.0234492 0.000116389
11.2801 0.02345 2.76686e-05
11.3087 0.0234461 -0.000135722
11.3367 0.0234357 -0.000374022
11.3647 0.0234155 -0.000721248
11.3921 0.0233862 -0.00107124
11.4185 0.0233481 -0.00144252
11.444 0.0233016 -0.00181927
11.4689 0.0232473 -0.00218193
11.4932 0.0231863 -0.00250745
11.5171 0.0231202 -0.00277671
11.5405 0.0230499 -0.00299023
11.5638 0.0229768 -0.00314324
11.5869 0.0229022 -0.00322554
11.6101 0.0228273 -0.00323706
11.6333 0.0227535 -0.00317808
11.6567 0.022682 -0.00305022
11.6805 0.0226144 -0.00284856
11.7046 0.0225526 -0.00256337
11.7291 0.0224989 -0.00219014
11.754 0.0224558 -0.00172666
11.7794 0.0224257 -0.0011879
11.8053 0.0224106 -0.000583165
11.8316 0.0224123 6.47133e-05
11.8586 0.0224321 0.000733744
11.8866 0.0224713 0.00139841
11.916 0.0225313 0.00204172
11.9453 0.0226077 0.00260852
11.9747 0.0226984 0.00307688
12.0033 0.0227957 0.00341158
12.0314 0.0228972 0.00361252
12.0592 0.0229994 0.00367478
12.087 0.0230993 0.00359383
12.115 0.0231939 0.00337428
12.1434 0.0232799 0.0030289
12.1721 0.0233538 0.00256944
12.2013 0.0234126 0.00201666
12.231 0.023454 0.00139576
12.261 0.0234762 0.000738649
12.2907 0.023479 9.40586e-05
12.3193 0.0234649 -0.00049327
12.3473 0.0234366 -0.00101081
12.3748 0.0233972 -0.0014372
12.4019 0.0233495 -0.00175532
12.429 0.0232966 -0.00195011
12.4565 0.0232413 -0.002012
12.4844 0.023187 -0.00194288
12.5121 0.0231388 -0.00174863
12.5399 0.0230989 -0.00143094
12.5685 0.0230702 -0.00100412
12.5983 0.0230564 -0.000461485
12.629 0.0230618 0.000175677
12.6598 0.0230881 0.000853747
12.6903 0.0231347 0.00152643
12.7207 0.0231999 0.00214591
12.7508 0.0232802 0.00266719
12.7808 0.0233712 0.00303939
12.8104 0.0234669 0.00322494
12.8394 0.0235599 0.00320719
12.8678 0.0236448 0.00299299
12.8958 0.0237164 0.0025593
12.9236 0.0237724 0.00201053
12.9516 0.0238092 0.00131239
12.9801 0.0238231 0.000487786
13.0094 0.0238102 -0.000438841
13.0385 0.0237697 -0.00139364
13.0673 0.0237024 -0.00233528
13.0948 0.0236145 -0.0031958
13.1216 0.0235084 -0.00395903
13.148 0.0233869 -0.00459941
13.1746 0.0232521 -0.00508166
13.2016 0.0231067 -0.00537932
13.2295 0.0229539 -0.00547322
13.2572 0.0228046 -0.00539588
13.2848 0.0226633 -0.00511747
13.3131 0.0225334 -0.00458945
13.3425 0.0224194 -0.00388061
13.3728 0.0223279 -0.00301543
13.4026 0.0222664 -0.00206209
13.4329 0.0222353 -0.001028
13.4615 0.0222345 -3.13404e-05
13.4902 0.0222611 0.000928191
13.5195 0.0223146 0.00182749
13.5489 0.0223918 0.0026255
13.5779 0.022485 0.0032163
13.607 0.0225907 0.00363126
13.6358 0.0227021 0.00385638
13.6641 0.0228118 0.00388194
13.6921 0.0229156 0.00370422
13.7203 0.0230089 0.00331122
13.7488 0.0230862 0.00270917
13.7779 0.0231418 0.00191166
13.8075 0.0231704 0.000967635
13.8372 0.0231684 -6.76378e-05
13.8664 0.0231358 -0.00111603
13.8954 0.0230735 -0.00214729
13.9237 0.0229852 -0.0031199
13.9512 0.0228757 -0.00398784
13.9781 0.0227485 -0.00472232
14.0049 0.0226064 -0.00530181
14.0318 0.0224528 -0.0057068
14.0592 0.0222933 -0.00583296
14.0866 0.022136 -0.00572886
14.1139 0.0219871 -0.00545041
14.1414 0.0218516 -0.00493949
14.1693 0.0217346 -0.00419774
14.1979 0.0216422 -0.00322057
14.2278 0.0215824 -0.0020002
14.2575 0.0215659 -0.000558327
14.2863 0.0215929 0.0009361
14.3153 0.0216647 0.00247922
14.3438 0.0217778 0.00396903
14.372 0.0219273 0.00530807
14.3997 0.022108 0.00651081
14.4272 0.0223149 0.00752524
14.4542 0.0225381 0.00827511
14.4801 0.0227643 0.00874349
14.5056 0.0229924 0.00893968
14.5313 0.0232197 0.00884467
14.5576 0.0234419 0.00842966
14.585 0.0236513 0.007665
14.6136 0.0238394 0.0065592
14.6427 0.0239868 0.00507235
14.671 0.0240824 0.00337016
14.6996 0.0241242 0.00146206
