t x vx
0.01 0.0220001 1.363e-05
0.02 0.0220003 1.87799e-05
0.0474719 0.0220017 5.02116e-05
0.0752037 0.0220041 8.74369e-05
0.104014 0.0220081 0.000139517
0.1339 0.0220142 0.000202716
0.164798 0.0220228 0.000279633
0.1964 0.0220346 0.000371013
0.228292 0.0220498 0.000477001
0.260281 0.0220688 0.00059541
0.292088 0.0220922 0.000736007
0.323568 0.022121 0.000914087
0.354711 0.0221558 0.00111698
0.385483 0.0221972 0.00134376
0.415936 0.0222457 0.00159302
0.445861 0.0223013 0.00186027
0.475086 0.0223638 0.0021361
0.504359 0.0224346 0.00242078
0.533396 0.0225131 0.00270202
0.562975 0.022601 0.00297253
0.592714 0.0226969 0.00322566
0.622442 0.0227996 0.00345485
0.652187 0.0229079 0.00363962
0.681956 0.0230198 0.00375922
0.711674 0.0231328 0.00380072
0.741213 0.0232439 0.00376263
0.770533 0.0233507 0.00364273
0.799415 0.0234502 0.0034447
0.827892 0.0235405 0.00317183
0.856004 0.0236202 0.00283337
0.883728 0.0236879 0.0024443
0.911133 0.0237431 0.00201444
0.938283 0.0237852 0.00155051
0.96525 0.0238138 0.0010591
0.992086 0.0238285 0.000548019
1.01886 0.0238292 2.54413e-05
1.04564 0.0238158 -0.000498624
1.07248 0.0237886 -0.00101469
1.09942 0.0237477 -0.00151733
1.1265 0.0236933 -0.00200832
1.1537 0.0236257 -0.00248515
1.18106 0.0235455 -0.00293403
1.2086 0.0234535 -0.00333987
1.23635 0.0233513 -0.00368334
1.26433 0.0232407 -0.00395023
1.29254 0.0231242 -0.00413205
1.32094 0.0230042 -0.00422436
1.34939 0.0228841 -0.00422219
1.37763 0.0227677 -0.00412111
1.40571 0.0226576 -0.00392119
1.43362 0.0225562 -0.00363181
1.46116 0.0224663 -0.00326566
1.4882 0.0223894 -0.00284449
1.51494 0.0223252 -0.00239906
1.54116 0.0222739 -0.0019594
1.56689 0.022234 -0.00154983
1.59236 0.0222041 -0.00117281
1.61795 0.0221829 -0.000828999
1.64355 0.0221695 -0.000523179
1.6691 0.0221627 -0.000264835
1.69498 0.0221611 -6.17342e-05
1.72105 0.0221632 7.83561e-05
1.7473 0.0221675 0.000162632
1.77367 0.0221727 0.000198705
1.80027 0.0221778 0.000190962
1.82724 0.0221819 0.000153184
1.8542 0.0221847 0.00010286
1.8809 0.0221861 5.23199e-05
1.90735 0.0221863 9.49325e-06
1.93365 0.0221859 -1.42486e-05
1.95996 0.0221857 -7.93456e-06
1.98646 0.0221869 4.51822e-05
2.01337 0.0221915 0.000169506
2.04084 0.0222016 0.000366465
2.06884 0.0222191 0.000624597
2.09725 0.0222455 0.000930034
2.126 0.0222821 0.00127365
2.15477 0.022329 0.00163205
2.18323 0.0223854 0.00198149
2.21141 0.0224504 0.00230355
2.23937 0.0225225 0.00257961
2.26709 0.0225999 0.00279208
2.29461 0.0226804 0.00292713
2.32205 0.0227621 0.00297442
2.34948 0.0228424 0.00292849
2.37634 0.0229174 0.00279323
2.40281 0.0229857 0.00257922
2.42922 0.0230464 0.0022986
2.45587 0.0230988 0.00196766
2.48293 0.023142 0.0015955
2.51017 0.0231745 0.00119444
2.537 0.0231956 0.000786026
2.56347 0.0232057 0.000382132
2.58984 0.0232054 -1.23131e-05
2.61626 0.0231949 -0.00039631
2.64277 0.0231746 -0.000765074
2.66927 0.0231454 -0.00110393
2.69593 0.0231085 -0.00138561
2.72292 0.0230651 -0.00160632
2.75008 0.0230172 -0.00176541
2.7774 0.0229661 -0.00187039
2.80514 0.0229126 -0.00192649
2.83351 0.0228578 -0.00193318
2.8624 0.022803 -0.00189459
2.8913 0.0227507 -0.00180929
2.91976 0.0227031 -0.00167606
2.94799 0.0226607 -0.00150176
2.97618 0.022624 -0.00129911
3.00446 0.0225937 -0.0010742
3.03289 0.0225701 -0.000829959
3.06137 0.0225537 -0.000575573
3.08904 0.0225444 -0.000333206
3.11623 0.0225414 -0.000112491
3.14336 0.0225436 8.23422e-05
3.1706 0.0225504 0.00024794
3.1981 0.0225609 0.000382777
3.22589 0.0225743 0.000482434
3.25415 0.0225896 0.000542236
3.28238 0.0226055 0.000560596
3.31036 0.0226205 0.00053867
3.33748 0.0226336 0.000482475
3.36388 0.0226441 0.00039786
3.38978 0.0226516 0.00029035
3.41547 0.0226559 0.000163971
3.44118 0.0226565 2.36516e-05
3.46714 0.0226532 -0.00012489
3.49338 0.022646 -0.000275279
3.51958 0.022635 -0.000417798
3.54597 0.0226207 -0.000542366
3.57272 0.0226036 -0.000642322
3.59994 0.0225842 -0.00070925
3.62768 0.0225639 -0.000732733
3.65578 0.0225441 -0.000705135
3.68383 0.0225265 -0.000626729
3.71179 0.0225125 -0.000502452
3.73911 0.022503 -0.000348319
3.76623 0.0224983 -0.000171732
3.79314 0.022499 2.68002e-05
3.81982 0.0225035 0.000166811
3.84691 0.022514 0.000390227
3.87427 0.0225284 0.000523215
3.9013 0.0225451 0.000619986
3.92812 0.0225631 0.000670203
3.95474 0.0225809 0.000667453
3.98135 0.022597 0.000605489
4.00828 0.02261 0.000485419
4.0347 0.0226186 0.000322279
4.06083 0.0226221 0.000135661
4.08664 0.0226204 -6.48279e-05
4.11255 0.0226131 -0.000281717
4.13867 0.0226015 -0.000445735
4.16508 0.0225835 -0.000679911
4.19191 0.0225592 -0.000906561
4.21863 0.0225292 -0.00112248
4.2453 0.0224938 -0.00132923
4.27197 0.0224531 -0.00152347
4.29867 0.0224078 -0.00169781
4.3254 0.0223588 -0.00183304
4.35223 0.0223076 -0.00190864
4.37925 0.0222558 -0.00191768
4.40662 0.0222047 -0.00186734
4.43437 0.0221559 -0.00175608
4.46179 0.0221123 -0.00159222
4.48897 0.0220763 -0.00132238
4.51608 0.0220465 -0.00109942
4.54337 0.0220232 -0.000856314
4.57107 0.0220064 -0.000603486
4.59919 0.0219966 -0.00035159
4.62737 0.0219935 -0.000108971
4.65567 0.021997 0.000125106
4.68364 0.0220068 0.000350149
4.71148 0.0220227 0.000568478
4.73883 0.0220435 0.000762615
4.7654 0.0220677 0.000909203
4.79172 0.0220943 0.00101257
4.81839 0.022123 0.00107401
4.8458 0.0221526 0.00107931
4.87324 0.0221805 0.00101921
4.90122 0.0222053 0.000886582
4.92906 0.0222245 0.000690029
4.95629 0.0222367 0.00044507
4.98321 0.0222432 0.000241368
5.01 0.0222437 2.0967e-05
5.03682 0.0222389 -0.000179719
5.06377 0.02223 -0.000330496
5.09089 0.0222184 -0.000428976
5.11821 0.0222055 -0.000470954
5.14571 0.0221933 -0.000443598
5.17329 0.022184 -0.000338465
5.20075 0.0221798 -0.000152383
5.22859 0.0221829 0.000111428
5.25712 0.0221956 0.000446518
5.28608 0.0222198 0.000834927
5.31485 0.0222557 0.00124677
5.34299 0.0223022 0.00165256
5.37053 0.0223582 0.00203576
5.39773 0.0224232 0.00239002
5.42501 0.022497 0.00270449
5.45203 0.0225768 0.00295207
5.47872 0.0226598 0.00310961
5.50561 0.0227449 0.00316595
5.53195 0.0228273 0.00312848
5.55731 0.0229037 0.00301359
5.582 0.0229737 0.00283405
5.6064 0.0230371 0.00259672
5.63086 0.0230935 0.00230824
5.6557 0.0231426 0.00197733
5.68117 0.0231838 0.00161496
5.7075 0.0232163 0.00123557
5.73492 0.0232397 0.000853056
5.76287 0.0232533 0.000486119
5.79051 0.0232574 0.000149959
5.81795 0.0232529 -0.000164155
5.84536 0.0232402 -0.000464695
5.87307 0.0232194 -0.000749569
5.90129 0.0231907 -0.00101814
5.93017 0.0231541 -0.00126599
5.95981 0.0231103 -0.00147958
5.98951 0.0230615 -0.00164138
6.01906 0.0230097 -0.00175424
6.04845 0.0229562 -0.00182068
6.07772 0.0229025 -0.00183318
6.10642 0.0228512 -0.00178771
6.13453 0.0228034 -0.00169973
6.16264 0.0227589 -0.00158524
6.19094 0.0227179 -0.00144755
6.21882 0.0226819 -0.00129198
6.24648 0.0226506 -0.00113186
6.27277 0.0226247 -0.00098357
6.29815 0.022603 -0.000854597
6.32363 0.022584 -0.000747931
6.34954 0.0225666 -0.000670219
6.37544 0.0225506 -0.000618146
6.4016 0.0225356 -0.000572055
6.42803 0.022522 -0.000517225
6.45456 0.022508 -0.000525178
6.48096 0.022494 -0.000532815
6.50713 0.0224797 -0.000543023
6.53309 0.0224671 -0.000486424
6.55895 0.022456 -0.000431679
6.58483 0.022446 -0.00038397
6.61084 0.0224372 -0.000339486
6.63708 0.0224294 -0.000297823
6.66364 0.0224226 -0.000256812
6.69064 0.0224169 -0.000209819
6.7181 0.0224129 -0.000144961
6.74538 0.0224113 -5.74387e-05
6.77247 0.0224108 -1.88689e-05
6.79931 0.0224119 4.16969e-05
6.82604 0.022415 0.000114379
6.85344 0.0224202 0.000191397
6.88099 0.0224273 0.000257215
6.9085 0.0224357 0.000304099
6.93553 0.0224446 0.00032934
6.96248 0.0224533 0.000322025
6.99017 0.0224607 0.000268712
7.0179 0.0224654 0.000169226
7.04569 0.0224661 2.38904e-05
7.07338 0.0224616 -0.00016172
7.10092 0.0224511 -0.00038026
7.12829 0.0224341 -0.000623169
7.15553 0.02241 -0.000884067
7.1827 0.0223786 -0.0011548
7.20987 0.0223399 -0.00142498
7.23715 0.0222941 -0.00167793
7.26462 0.022242 -0.00189688
7.29231 0.0221848 -0.00206606
7.32022 0.0221241 -0.00217387
7.34832 0.0220641 -0.0021354
7.37656 0.0220071 -0.00201959
7.4049 0.0219557 -0.00181417
7.43335 0.0219126 -0.00151492
7.46194 0.0218803 -0.00113071
7.49019 0.021861 -0.000683038
7.51788 0.0218556 -0.000192994
7.5456 0.0218648 0.00033263
7.5736 0.0218895 0.000881361
7.60155 0.0219296 0.00143607
7.62931 0.0219847 0.00198247
7.65682 0.0220534 0.00249856
7.6842 0.0221346 0.00296663
7.71157 0.0222269 0.00337154
7.73898 0.0223282 0.00369402
7.7661 0.0224343 0.00391217
7.7931 0.0225428 0.00401958
7.82021 0.0226515 0.00401063
7.8477 0.0227581 0.0038779
7.87559 0.0228593 0.00362577
7.90324 0.0229498 0.00327546
7.93086 0.0230283 0.00284135
7.95872 0.0230937 0.00234875
7.98653 0.0231446 0.00182742
8.01405 0.0231803 0.00129816
8.04156 0.0232014 0.000768601
8.06937 0.0232087 0.000260506
8.09694 0.0232035 -0.000189311
8.1236 0.023189 -0.000542784
8.14923 0.0231685 -0.000799688
8.17381 0.0231447 -0.000969713
8.19761 0.0231193 -0.0010646
8.22105 0.0230935 -0.00110202
8.24461 0.0230674 -0.00110495
8.26879 0.0230412 -0.00108595
8.29406 0.0230147 -0.00104663
8.32082 0.0229884 -0.000983059
8.3488 0.0229635 -0.000892843
8.37672 0.0229416 -0.000783409
8.40461 0.0229228 -0.000673958
8.43267 0.0229066 -0.000577137
8.4608 0.0228926 -0.000497288
8.48891 0.0228803 -0.000436354
8.51692 0.0228689 -0.000409419
8.54489 0.0228567 -0.000433441
8.57292 0.0228424 -0.000511203
8.6011 0.0228243 -0.000641273
8.62907 0.0228015 -0.000817578
8.65704 0.0227725 -0.00103602
8.68467 0.0227371 -0.00128184
8.7121 0.0226948 -0.00154089
8.73953 0.0226451 -0.00181111
8.76663 0.022589 -0.00206974
8.79335 0.0225283 -0.00227519
8.81979 0.0224647 -0.00240411
8.84614 0.0224003 -0.00244545
8.87253 0.0223368 -0.00240296
8.89914 0.0222764 -0.00227306
8.92603 0.0222209 -0.00206348
8.95323 0.0221723 -0.00178569
8.98096 0.0221319 -0.00145524
9.00898 0.0221014 -0.00109199
9.03538 0.0220822 -0.000725642
9.06024 0.0220731 -0.000367258
9.08409 0.0220728 -1.27151e-05
9.10757 0.022081 0.000350621
9.13126 0.0220983 0.000731249
9.15579 0.022126 0.00112669
9.18188 0.0221659 0.00153155
9.20763 0.022215 0.00190775
9.2331 0.0222721 0.00224036
9.2576 0.0223337 0.00251334
9.28155 0.0223974 0.00265993
9.30524 0.0224627 0.00275597
9.32909 0.0225312 0.00287249
9.35328 0.0226022 0.00293698
9.37803 0.0226751 0.00294503
9.40342 0.0227485 0.00288957
9.42945 0.0228205 0.00276527
9.45608 0.0228887 0.00256428
9.48322 0.0229507 0.00228201
9.51086 0.0230038 0.00192215
9.53905 0.0230457 0.00148752
9.56708 0.0230738 0.00100176
9.59497 0.0230873 0.000483253
9.62279 0.0230858 -5.30089e-05
9.65063 0.0230693 -0.000593009
9.67862 0.0230379 -0.00112239
9.70675 0.0229923 -0.00161996
9.73404 0.0229364 -0.00204951
9.76093 0.0228717 -0.00240592
9.78742 0.0228008 -0.00267418
9.81376 0.0227259 -0.00284676
9.84031 0.0226484 -0.00292015
9.86753 0.0225697 -0.00288837
9.89492 0.0224943 -0.00275233
9.92273 0.0224242 -0.002522
9.95114 0.0223614 -0.00220919
9.97948 0.0223094 -0.00183695
10.0075 0.0222694 -0.00142864
10.0353 0.0222417 -0.000995689
10.0627 0.0222265 -0.000555592
10.0898 0.0222233 -0.000116102
10.117 0.0222319 0.000315101
10.1445 0.022252 0.000730211
10.1719 0.0222824 0.00110957
10.1992 0.0223215 0.00143747
10.2265 0.0223682 0.00170484
10.2542 0.0224209 0.00190424
10.2823 0.0224758 0.00195401
10.3105 0.0225306 0.00194395
10.3383 0.0225829 0.00188259
10.3657 0.0226315 0.0017728
10.3927 0.0226772 0.00169103
10.4193 0.0227188 0.00156198
10.4457 0.0227555 0.00139134
10.472 0.0227866 0.00118343
10.4984 0.0228115 0.000941987
10.5251 0.0228293 0.000666242
10.5522 0.022839 0.000358222
10.5796 0.0228398 2.94909e-05
10.6074 0.0228312 -0.000308466
10.6352 0.0228137 -0.000630313
10.6629 0.0227886 -0.000906097
10.6904 0.0227579 -0.00111824
10.7174 0.0227241 -0.00124945
10.744 0.0226895 -0.00129833
10.7705 0.0226558 -0.00127551
10.797 0.0226244 -0.00118385
10.8236 0.022597 -0.00102735
10.8506 0.0225748 -0.000823124
10.8769 0.0225591 -0.000597875
10.9027 0.0225496 -0.000366401
10.9284 0.0225463 -0.000130453
10.9542 0.0225491 0.000110232
10.9804 0.0225584 0.000353887
11.0072 0.0225743 0.000593285
11.0344 0.0225966 0.000822588
11.0616 0.022623 0.00096499
11.0895 0.0226552 0.001155
11.117 0.0226906 0.00128883
11.1442 0.0227275 0.00135783
11.1714 0.0227646 0.0013616
11.1983 0.0227994 0.00129582
11.2251 0.0228303 0.00115346
11.2518 0.0228554 0.000937567
11.2783 0.0228728 0.000659271
11.3042 0.0228814 0.000332108
11.3296 0.022879 -9.64602e-05
11.3544 0.0228656 -0.000537021
11.3792 0.0228418 -0.00096424
11.4041 0.0228096 -0.00128673
11.4291 0.0227709 -0.00155083
11.4538 0.0227276 -0.00175233
11.4788 0.0226804 -0.00189278
11.5028 0.0226332 -0.00196656
11.5258 0.0225875 -0.00198288
11.5485 0.0225433 -0.00194975
11.5712 0.0225009 -0.00186808
11.5937 0.0224616 -0.00174474
11.6153 0.0224272 -0.00159476
11.6363 0.0223974 -0.00141965
11.6575 0.0223717 -0.00121195
11.6793 0.0223494 -0.00102287
11.7026 0.0223308 -0.000795979
11.7284 0.022317 -0.000535597
11.7553 0.0223101 -0.000258102
11.7821 0.0223105 1.6836e-05
11.8068 0.022317 0.000261671
11.8312 0.0223286 0.000475308
11.8564 0.0223449 0.000647352
11.8819 0.0223645 0.000765363
11.9069 0.0223849 0.000818524
11.9315 0.0224047 0.00080268
11.9554 0.022422 0.000726383
11.9787 0.0224361 0.000604904
12.0018 0.0224465 0.000451441
12.0251 0.0224529 0.00027347
12.0487 0.0224544 6.55461e-05
12.0728 0.0224502 -0.000176532
12.0977 0.0224393 -0.000439091
12.1232 0.0224209 -0.000716784
12.1496 0.0223961 -0.000941749
12.1768 0.0223644 -0.00116806
12.2046 0.0223259 -0.00138149
12.2331 0.022281 -0.00157512
12.2617 0.022232 -0.00171818
12.2903 0.0221815 -0.00176441
12.3194 0.0221326 -0.00168085
12.3473 0.0220908 -0.00149612
12.3733 0.0220585 -0.00124384
12.3987 0.0220351 -0.00092174
12.4245 0.0220217 -0.00051664
12.4517 0.0220213 -1.70539e-05
12.4792 0.0220361 0.000540715
12.5073 0.0220663 0.00107521
12.5364 0.0221143 0.00164614
12.5649 0.0221762 0.00217233
12.5926 0.0222509 0.00269673
12.6196 0.0223355 0.00312818
12.6465 0.0224286 0.00346884
12.6736 0.0225292 0.00370939
12.7001 0.0226305 0.00383035
12.7263 0.0227311 0.00382779
12.7531 0.0228301 0.00369814
12.78 0.0229228 0.00344529
12.8072 0.0230066 0.00308328
12.835 0.0230797 0.00263125
12.8624 0.0231381 0.00212943
12.8894 0.0231814 0.00160184
12.9163 0.02321 0.00106629
12.9432 0.0232246 0.000540387
12.9697 0.0232263 6.4887e-05
12.9951 0.0232182 -0.000320053
13.0197 0.0232032 -0.000608409
13.0444 0.0231833 -0.00080583
13.0698 0.02316 -0.000916185
13.0957 0.0231352 -0.000956984
13.1224 0.0231098 -0.00095442
13.1494 0.0230847 -0.00093167
13.1769 0.0230596 -0.000909849
13.2038 0.0230355 -0.000895632
13.2304 0.0230118 -0.000891965
13.2573 0.0229875 -0.000905708
13.2836 0.0229629 -0.000931349
13.3099 0.0229373 -0.000974078
13.3365 0.0229096 -0.00104167
13.3637 0.022879 -0.00112134
13.3918 0.0228453 -0.00119941
13.4184 0.0228115 -0.00127672
13.4441 0.0227767 -0.00135313
13.4695 0.0227404 -0.00142668
