t x vx
0.01 0.0219887 -0.00112765
0.02 0.0219585 -0.00301887
0.035708 0.0218668 -0.00584009
0.052373 0.0217212 -0.00873608
0.0692263 0.0215257 -0.0115997
0.0868301 0.0212718 -0.0144258
0.104813 0.0209655 -0.0170286
0.122814 0.0206192 -0.0192413
0.140636 0.0202432 -0.0210965
0.158562 0.0198432 -0.0223111
0.176402 0.0194375 -0.022745
0.19404 0.0190429 -0.0223689
0.211565 0.0186719 -0.0211744
0.229098 0.0183342 -0.0192614
0.246221 0.0180475 -0.0167382
0.263177 0.0178146 -0.013736
0.28006 0.0176413 -0.0102678
0.296577 0.0175332 -0.00654298
0.313328 0.0174912 -0.00250636
0.330132 0.0175201 0.00172012
0.346532 0.0176162 0.00585848
0.364333 0.0177987 0.0102505
0.382029 0.0180528 0.0143624
0.399489 0.018368 0.0180499
0.41719 0.0187455 0.021324
0.435414 0.0191847 0.0241038
0.453896 0.0196702 0.0262682
0.472169 0.0201748 0.0276145
0.490471 0.0206893 0.0281129
0.508646 0.0211935 0.0277406
0.526803 0.021676 0.0265726
0.54476 0.0221179 0.0246075
0.562474 0.0225052 0.0218677
0.580231 0.0228326 0.018435
0.597278 0.0230808 0.0145619
0.614594 0.0232576 0.0102106
0.631332 0.023353 0.00570023
0.648178 0.0233699 0.00100263
0.665378 0.0233049 -0.00377807
0.681894 0.0231705 -0.00813748
0.699189 0.0229591 -0.0122243
0.716011 0.0226978 -0.015535
0.731772 0.0224145 -0.017977
0.747402 0.0221063 -0.0197142
0.763492 0.0217735 -0.0206833
0.780099 0.0214292 -0.0207347
0.797275 0.0210891 -0.0198026
0.814795 0.0207764 -0.0178437
0.832129 0.0205174 -0.0149425
0.849532 0.0203217 -0.0112446
0.866786 0.0202029 -0.00688541
0.883131 0.0201664 -0.00223655
0.899899 0.0202132 0.00279404
0.916208 0.0203382 0.00766253
0.933063 0.0205476 0.0124236
0.949454 0.0208207 0.0166645
0.966738 0.0211741 0.0204429
0.984335 0.0215854 0.0233763
1.00119 0.0220108 0.0252318
1.01827 0.0224553 0.0260298
1.03571 0.0229033 0.0256853
1.05318 0.0233246 0.024113
1.07066 0.0236983 0.0213897
1.08746 0.023997 0.0177696
1.10463 0.0242242 0.013234
1.12141 0.024363 0.00827417
1.13785 0.0244123 0.00300029
1.15373 0.0243761 -0.00228202
1.17024 0.0242494 -0.00767478
1.18586 0.0240535 -0.012542
1.20185 0.023782 -0.0169707
1.21817 0.0234421 -0.0208287
1.23423 0.0230591 -0.0238473
1.24942 0.0226657 -0.0259115
1.26521 0.0222369 -0.0271596
1.28207 0.0217748 -0.0274025
1.29956 0.0213122 -0.0264429
1.31708 0.0208876 -0.0242379
1.33381 0.0205362 -0.0210063
1.35092 0.0202478 -0.0168566
1.3678 0.0200436 -0.0120963
1.38462 0.0199279 -0.00687808
1.40084 0.0199033 -0.00151382
1.41707 0.0199662 0.00387715
1.43327 0.0201128 0.00904448
1.44981 0.0203433 0.013932
1.46618 0.0206401 0.0181362
1.48332 0.0210127 0.0217285
1.4999 0.0214155 0.0243095
1.51693 0.0218585 0.0260064
1.53422 0.0223174 0.0265444
1.55177 0.0227712 0.025859
1.56941 0.0231939 0.0239572
1.5871 0.0235637 0.0209079
1.60394 0.0238508 0.017041
1.62078 0.0240592 0.0123825
1.63771 0.024181 0.00719479
1.65421 0.0242109 0.00181218
1.67063 0.0241509 -0.00365957
1.68722 0.0240008 -0.00904265
1.70295 0.0237826 -0.0138746
1.7193 0.023483 -0.0183237
1.73581 0.023118 -0.0221018
1.75296 0.0226874 -0.0251163
1.76926 0.0222462 -0.027068
1.78585 0.021781 -0.0280314
1.80338 0.0212928 -0.0278532
1.82102 0.0208271 -0.0264033
1.83861 0.0204095 -0.023731
1.85503 0.0200786 -0.0201553
1.87196 0.0198126 -0.0157176
1.8886 0.0196334 -0.0107652
1.90523 0.019544 -0.00537759
1.9212 0.0195445 2.97931e-05
1.93813 0.0196403 0.00565809
1.95404 0.019811 0.0107299
1.97034 0.0200632 0.0154737
1.98725 0.0203959 0.0196749
2.00457 0.0207963 0.0231173
2.02093 0.0212133 0.0254869
2.03801 0.0216739 0.0269726
2.05561 0.0221545 0.0272988
2.07319 0.0226184 0.0263791
2.09087 0.0230474 0.0242687
2.10858 0.0234195 0.0210121
2.12539 0.0237052 0.0169981
2.14247 0.023912 0.0121123
2.15931 0.024028 0.00688386
2.17584 0.0240522 0.00146305
2.19176 0.0239913 -0.00382702
2.20853 0.0238369 -0.00920353
2.22443 0.0236147 -0.0139741
2.24063 0.0233186 -0.0182782
2.2576 0.0229452 -0.0220016
2.27457 0.0225241 -0.0248124
2.29058 0.0220988 -0.0265771
2.30737 0.0216383 -0.0274177
2.32493 0.021163 -0.027069
2.34252 0.0207154 -0.0254433
2.36007 0.0203184 -0.0226264
2.37655 0.0200058 -0.018969
2.39314 0.0197642 -0.0145601
2.40946 0.0196056 -0.00971876
2.42605 0.019533 -0.00437877
2.44262 0.0195514 0.00111507
2.45945 0.0196623 0.00658919
2.47512 0.019842 0.0114661
2.49106 0.0200968 0.0159863
2.50805 0.0204377 0.0200603
2.52559 0.0208471 0.0233418
2.54206 0.0212675 0.0255292
2.5592 0.0217266 0.0267824
2.57684 0.0222006 0.0268666
2.5945 0.0226544 0.0256996
2.61226 0.0230689 0.0233354
2.63005 0.0234218 0.0198452
2.64702 0.0236864 0.0155926
2.66432 0.023869 0.010551
2.68077 0.0239575 0.00537957
2.69679 0.0239591 0.000101624
2.71263 0.0238786 -0.00507956
2.72905 0.0237099 -0.0102763
2.74519 0.0234679 -0.0149957
2.76129 0.0231603 -0.019103
2.77847 0.0227713 -0.0226412
2.79504 0.0223543 -0.0251704
2.81105 0.0219265 -0.0267083
2.82791 0.0214665 -0.0272892
2.8455 0.0209976 -0.0266617
2.86312 0.0205613 -0.0247525
2.88076 0.0201793 -0.0216619
2.89789 0.0198767 -0.0176604
2.91455 0.0196593 -0.0130547
2.93102 0.0195272 -0.0080186
2.9478 0.0194847 -0.00253232
2.96407 0.0195318 0.00289202
2.98047 0.0196663 0.00820018
2.99635 0.0198735 0.0130551
3.01201 0.0201452 0.0173488
3.02921 0.0205113 0.0212838
3.04705 0.0209459 0.0243545
3.06364 0.0213823 0.026309
3.08089 0.0218525 0.0272664
3.09853 0.0223294 0.027032
3.11623 0.0227818 0.0255628
3.13401 0.0231891 0.0228992
3.15154 0.0235258 0.019216
3.16875 0.0237789 0.0147027
3.18603 0.0239438 0.0095417
3.20199 0.0240143 0.00441573
3.21755 0.024002 -0.000788424
3.23302 0.0239113 -0.00586699
3.24903 0.0237365 -0.0109197
3.26518 0.0234848 -0.015581
3.28124 0.0231702 -0.0195856
3.29843 0.022775 -0.0229903
3.31471 0.0223624 -0.0253449
3.33077 0.0219331 -0.0267397
3.34763 0.0214756 -0.0271379
3.36525 0.0210118 -0.0263142
3.38294 0.0205834 -0.0242128
3.40021 0.0202207 -0.0209987
3.41735 0.0199313 -0.0168907
3.43426 0.0197257 -0.0121538
3.45119 0.0196089 -0.00689918
3.4677 0.0195853 -0.00143465
3.48395 0.0196501 0.00399185
3.50017 0.0197998 0.00922757
3.51639 0.0200286 0.0141055
3.53218 0.0203176 0.018304
3.54945 0.0206991 0.0220931
3.56673 0.0211295 0.0249173
3.58351 0.0215784 0.0267414
3.60074 0.0220521 0.0274973
3.61833 0.0225281 0.0270551
3.63601 0.0229769 0.0253811
3.65374 0.0233762 0.0225281
3.67095 0.0236988 0.0187463
3.688 0.0239398 0.014137
3.70517 0.0240931 0.00892428
3.72091 0.0241527 0.00378882
3.73634 0.0241306 -0.00143591
3.75195 0.0240279 -0.00658093
3.76787 0.0238431 -0.0116003
3.78397 0.0235825 -0.0161932
3.80004 0.0232589 -0.0201345
3.81735 0.0228528 -0.023457
3.83359 0.0224359 -0.0256774
3.84974 0.0220008 -0.0269337
3.86689 0.0215352 -0.0271542
3.88457 0.0210732 -0.0261238
3.90233 0.02065 -0.0238296
3.91934 0.0203018 -0.0204728
3.93654 0.0200229 -0.0162206
3.9535 0.01983 -0.011374
3.97051 0.0197276 -0.00602065
3.98685 0.0197184 -0.000559942
4.00318 0.0197984 0.00490037
4.01955 0.0199647 0.0101529
4.03609 0.0202132 0.0150289
4.05247 0.0205282 0.0192286
4.06984 0.0209248 0.0228379
4.08655 0.0213494 0.0254005
4.10379 0.021816 0.0270635
4.12115 0.0222944 0.0275565
4.13871 0.0227654 0.0268304
4.15636 0.0232047 0.0248823
4.17404 0.0235897 0.0217768
4.19091 0.0238908 0.0178529
4.20784 0.0241126 0.0131
4.22472 0.0242453 0.00786019
4.24125 0.0242853 0.00241804
4.25756 0.0242352 -0.00306755
4.27419 0.024094 -0.00849267
4.29 0.0238828 -0.0133566
4.30629 0.0235928 -0.0177997
4.32286 0.0232352 -0.0215822
4.33971 0.0228219 -0.0245313
4.35571 0.0223988 -0.0264402
4.37221 0.0219467 -0.0274056
4.38981 0.0214677 -0.0272162
4.40749 0.0210124 -0.0257453
4.42514 0.0206055 -0.0230598
4.44154 0.0202857 -0.0194975
4.45847 0.0200304 -0.0150819
4.47541 0.0198597 -0.0100755
4.49206 0.0197812 -0.00471512
4.50807 0.0197916 0.000650232
4.52507 0.0198976 0.00623471
4.54106 0.0200775 0.0112531
4.55746 0.0203388 0.0159276
4.57444 0.0206789 0.0200307
4.59185 0.0210853 0.0233481
4.60833 0.0215072 0.0255938
4.62531 0.0219641 0.0269104
4.6429 0.0224404 0.0270734
4.6605 0.0228975 0.0259821
4.67821 0.0233172 0.0236871
4.69594 0.0236763 0.0202545
4.71272 0.0239463 0.0160954
4.72995 0.0241369 0.0110585
4.74657 0.0242335 0.00581189
4.7626 0.0242409 0.000464906
4.77847 0.0241641 -0.00483717
4.79504 0.0239952 -0.0101949
4.81102 0.0237564 -0.0149525
4.82706 0.0234491 -0.0191538
4.84418 0.0230582 -0.0228257
4.8613 0.0226214 -0.0255218
4.87745 0.0221832 -0.0271352
4.8945 0.0217095 -0.0277768
4.91217 0.0212293 -0.0271813
4.92989 0.020781 -0.0252985
4.94759 0.0203878 -0.0222137
4.96426 0.0200827 -0.0183036
4.98091 0.0198549 -0.0136801
4.99717 0.0197138 -0.00867791
5.01387 0.0196608 -0.00317498
5.03052 0.0197009 0.00240897
5.04712 0.0198312 0.00784989
5.0628 0.020031 0.0127391
5.07836 0.0202971 0.0171098
5.09545 0.0206583 0.0211315
5.11311 0.0210876 0.0243156
5.12977 0.0215276 0.026405
5.14683 0.0219967 0.0275007
5.1644 0.0224789 0.027433
5.18202 0.022939 0.0261236
5.19977 0.0233583 0.0236195
5.21752 0.0237132 0.0199846
5.23452 0.0239779 0.0155726
5.25176 0.0241576 0.0104287
5.26788 0.0242424 0.00525772
5.28352 0.0242424 1.66872e-06
5.29904 0.0241624 -0.00515445
5.31524 0.0239945 -0.0103668
5.33147 0.0237486 -0.0151503
5.34748 0.0234405 -0.0192486
5.36469 0.0230476 -0.0228176
5.38149 0.0226217 -0.025355
5.39762 0.0221886 -0.0268548
5.41462 0.0217231 -0.0273752
5.43233 0.021251 -0.0266618
5.45009 0.0208132 -0.0246584
5.46784 0.0204322 -0.0214619
5.48497 0.0201343 -0.0173864
5.50167 0.0199223 -0.0127
5.51803 0.0197974 -0.00763065
5.53487 0.0197624 -0.00207847
5.55135 0.0198188 0.00342252
5.56773 0.019962 0.00874354
5.58364 0.0201786 0.0136157
5.59918 0.0204562 0.0178648
5.6163 0.0208288 0.0217581
5.63366 0.0212583 0.0247392
5.65057 0.0217099 0.0267031
5.66766 0.0221813 0.0275935
5.68521 0.0226607 0.0273108
5.70283 0.0231152 0.0257926
5.72055 0.0235244 0.0230875
5.73798 0.0238615 0.0193473
5.75508 0.0241144 0.014785
5.77221 0.0242786 0.00958693
5.788 0.0243489 0.00445184
5.80342 0.0243368 -0.000783759
5.81881 0.0242456 -0.00592214
5.83476 0.0240693 -0.0110509
5.8509 0.0238149 -0.0157688
5.86686 0.0234989 -0.0197971
5.88404 0.023099 -0.0232748
5.90074 0.0226698 -0.025703
5.91688 0.0222324 -0.0270975
5.93398 0.0217624 -0.027495
5.95172 0.0212896 -0.0266477
5.96952 0.0208532 -0.0245116
5.98728 0.020477 -0.0211849
6.00448 0.0201847 -0.0169973
6.02124 0.01998 -0.0122164
6.03772 0.0198639 -0.00704501
6.05461 0.0198397 -0.00143333
6.07102 0.0199064 0.0040666
6.0872 0.0200574 0.00933198
6.10328 0.0202861 0.0142194
6.11887 0.0205733 0.018423
6.13599 0.020954 0.0222365
6.15306 0.0213822 0.025091
6.17024 0.0218457 0.0269838
6.18735 0.0223204 0.0277396
6.20487 0.022799 0.027317
6.22247 0.0232507 0.0256657
6.24015 0.0236545 0.0228334
6.25738 0.0239823 0.0190223
6.27447 0.0242279 0.0143742
6.29157 0.0243839 0.0091229
6.30725 0.024446 0.00395692
6.32268 0.0244255 -0.0013264
6.33827 0.0243234 -0.00654672
6.3543 0.0241364 -0.0116729
6.37052 0.0238711 -0.016358
6.38646 0.023547 -0.0203201
6.40373 0.0231373 -0.0237305
6.42048 0.0227006 -0.0260673
6.43677 0.022255 -0.0273569
6.45413 0.0217755 -0.0276186
6.47191 0.0213023 -0.0266134
6.48979 0.0208676 -0.0243197
6.50731 0.020505 -0.0206925
6.52448 0.0202259 -0.0162561
6.54149 0.0200356 -0.0111876
6.55827 0.0199372 -0.00586285
6.5749 0.0199327 -0.000273927
6.59126 0.0200185 0.00524482
6.60732 0.020187 0.0104954
6.62372 0.0204404 0.0154518
6.63964 0.020754 0.0196927
6.6568 0.0211562 0.0234383
6.67351 0.0215935 0.0261719
6.69057 0.022071 0.0279885
6.70778 0.0225641 0.0286568
6.72519 0.023054 0.0281258
6.7427 0.0235174 0.0264701
6.76027 0.0239308 0.0235285
6.77729 0.0242664 0.0197228
6.79417 0.0245197 0.0150056
6.81116 0.024686 0.00978994
6.82684 0.0247573 0.00454644
6.84246 0.024744 -0.000849419
6.85837 0.0246454 -0.0062029
6.87463 0.0244606 -0.0113638
6.89093 0.0241999 -0.015996
6.9068 0.0238846 -0.0198664
6.9241 0.0234837 -0.0231726
6.9408 0.0230596 -0.0253878
6.95722 0.0226237 -0.026558
6.97486 0.0221534 -0.0266617
6.9928 0.021696 -0.0254956
7.01082 0.0212803 -0.0230653
7.02801 0.0209433 -0.019604
7.04534 0.0206786 -0.0152766
7.06279 0.0205023 -0.0101016
7.08006 0.0204215 -0.00467912
7.09651 0.0204342 0.000770278
7.11302 0.0205368 0.00621232
7.12926 0.0207206 0.0113206
7.14616 0.0209939 0.0161704
7.16289 0.0213333 0.0202859
7.18001 0.0217382 0.023651
7.19698 0.0221799 0.0260245
7.21389 0.0226426 0.0273684
7.23128 0.0231216 0.0275518
7.24865 0.023582 0.026495
7.26618 0.0240064 0.0242183
7.2837 0.024372 0.0208576
7.30024 0.0246489 0.0167487
7.31712 0.0248482 0.0118023
7.33369 0.0249544 0.0064082
7.34936 0.0249695 0.00096706
7.36509 0.0249003 -0.00439683
7.38149 0.0247377 -0.00992246
7.39736 0.0245026 -0.0148152
7.41312 0.0242018 -0.0190766
7.42957 0.0238269 -0.0227986
7.44654 0.0233906 -0.0257059
7.46313 0.022933 -0.0275785
7.48036 0.0224435 -0.028412
7.49812 0.0219455 -0.0280483
7.516 0.0214733 -0.026412
7.53383 0.0210569 -0.0233472
7.55038 0.0207335 -0.0195348
7.56765 0.0204782 -0.0147925
7.58455 0.0203137 -0.00972588
7.60148 0.0202419 -0.00424486
7.61761 0.0202609 0.00117441
7.63462 0.0203765 0.00680108
7.65088 0.0205699 0.0118936
7.66736 0.0208429 0.0165639
7.68416 0.0211888 0.0205961
7.70161 0.0216055 0.0238746
7.71836 0.0220421 0.026064
7.73511 0.0224982 0.0272311
7.75255 0.0229737 0.0272556
7.77002 0.0234288 0.0260554
7.78764 0.0238451 0.0236285
7.80527 0.0241983 0.0200363
7.82206 0.0244617 0.0156915
7.83905 0.0246412 0.0105593
7.85525 0.0247268 0.00528227
7.87075 0.0247257 -6.84293e-05
7.88651 0.0246395 -0.0054725
7.90285 0.0244616 -0.0108896
7.919 0.0242074 -0.0157327
7.93482 0.023893 -0.0198797
7.95177 0.023494 -0.023532
7.96898 0.0230426 -0.0262435
7.98567 0.0225773 -0.0278742
8.00315 0.0220802 -0.0284381
8.02093 0.0215863 -0.0277695
8.03883 0.0211244 -0.0258068
8.05666 0.0207206 -0.0226458
8.07324 0.02041 -0.0187368
8.09012 0.0201732 -0.0140325
8.10646 0.0200267 -0.00895986
8.12319 0.0199694 -0.00342272
8.13981 0.0200052 0.00215207
8.15672 0.0201355 0.00770256
8.1726 0.0203363 0.0126433
8.18829 0.0206032 0.0170194
8.20534 0.0209611 0.0209794
8.2227 0.0213787 0.0240619
8.23945 0.0218156 0.0260934
8.25637 0.022274 0.0270787
8.2739 0.0227458 0.0269128
8.29149 0.0231945 0.0255199
8.30924 0.0236014 0.0229251
8.32681 0.0239393 0.0192266
8.34392 0.024191 0.0147079
8.3611 0.0243544 0.00951378
8.37701 0.0244237 0.00435618
8.3925 0.0244097 -0.000903299
8.40798 0.0243156 -0.00607847
