t x vx
0.01 0.021999 -0.000101406
0.02 0.0219964 -0.000262032
0.0472019 0.0219775 -0.000692397
0.0745284 0.0219464 -0.00114074
0.10302 0.0219007 -0.00160103
0.132485 0.0218399 -0.00206629
0.162848 0.021763 -0.00253233
0.193904 0.0216704 -0.00298224
0.225099 0.0215615 -0.00348915
0.256236 0.0214432 -0.00379943
0.287146 0.0213196 -0.00399984
0.317697 0.021195 -0.00407887
0.347905 0.0210707 -0.00411426
0.377611 0.0209519 -0.00399987
0.40692 0.020842 -0.00374773
0.436118 0.0207438 -0.00336214
0.465064 0.0206613 -0.00285215
0.493464 0.0205977 -0.00223958
0.521924 0.020554 -0.00153608
0.550032 0.0205326 -0.000759551
0.578812 0.0205356 0.000102047
0.6073 0.0205641 0.00100076
0.635719 0.0206186 0.00191885
0.664501 0.0207006 0.00285003
0.693409 0.0208096 0.00377079
0.722384 0.0209448 0.00466653
0.750965 0.0211025 0.00551442
0.779187 0.0212803 0.00630008
0.807131 0.0214757 0.00699295
0.834912 0.0216858 0.00756402
0.862647 0.0219073 0.00798542
0.890444 0.0221358 0.00822291
0.918342 0.0223658 0.00824257
0.94643 0.0225911 0.00802229
0.97472 0.0228048 0.00755208
1.00195 0.0229916 0.00685976
1.02839 0.0231496 0.00597829
1.0553 0.0232815 0.00490009
1.08169 0.0233787 0.0036836
1.10744 0.0234401 0.00238417
1.13273 0.0234663 0.00103666
1.15778 0.0234579 -0.000336462
1.1828 0.0234149 -0.00171921
1.20795 0.0233376 -0.00307384
1.23336 0.0232266 -0.0043657
1.2591 0.0230835 -0.00556068
1.28501 0.0229123 -0.00660868
1.31074 0.0227201 -0.00746928
1.33627 0.0225131 -0.00810406
1.36176 0.0222968 -0.00849101
1.38738 0.0220761 -0.00861224
1.41305 0.0218588 -0.00846579
1.43928 0.0216476 -0.00805145
1.46649 0.0214473 -0.00736079
1.49392 0.0212714 -0.00641076
1.52067 0.0211307 -0.00526247
1.54663 0.0210271 -0.00398907
1.57207 0.0209595 -0.00265648
1.59715 0.0209267 -0.00130876
1.6221 0.020927 1.14568e-05
1.64664 0.0209577 0.00125072
1.67097 0.0210161 0.00239953
1.69534 0.0210997 0.00342981
1.71963 0.0212045 0.00431446
1.74366 0.0213261 0.00505933
1.7679 0.0214631 0.0056537
1.79281 0.0216142 0.00606842
1.81797 0.0217723 0.00628218
1.84384 0.0219352 0.00629721
1.87082 0.0220996 0.00609146
1.89785 0.0222528 0.00566855
1.92502 0.0223899 0.0050462
1.95206 0.0225045 0.00423875
1.97904 0.0225928 0.00327189
2.00588 0.0226517 0.00219588
2.03269 0.02268 0.00105668
2.05959 0.0226777 -8.55044e-05
2.08679 0.0226452 -0.0011974
2.11385 0.0225854 -0.00220748
2.1408 0.022503 -0.00306089
2.16747 0.0224031 -0.0037456
2.1936 0.0222919 -0.00425468
2.21894 0.022176 -0.00457362
2.24345 0.0220607 -0.00470311
2.26778 0.0219477 -0.00464454
2.29269 0.0218385 -0.00438498
2.31882 0.0217368 -0.00389247
2.34633 0.0216499 -0.00315798
2.37331 0.0215895 -0.00224056
2.4 0.0215581 -0.00117666
2.42614 0.0215573 -2.978e-05
2.45224 0.0215881 0.00118066
2.47826 0.0216512 0.00242754
2.50432 0.021747 0.00367296
2.53027 0.0218731 0.00486216
2.55639 0.0220295 0.00598383
2.58281 0.0222141 0.00698848
2.60926 0.0224204 0.0077996
2.63518 0.0226372 0.00836539
2.65878 0.0228417 0.0086665
2.68063 0.0230327 0.00874064
2.70124 0.0232103 0.00861564
2.72107 0.0233751 0.0083105
2.74058 0.0235277 0.00782155
2.76016 0.0236676 0.00714337
2.78023 0.0237932 0.00626261
2.80122 0.0239026 0.00520879
2.82362 0.0239901 0.00390738
2.84802 0.0240464 0.00230852
2.87425 0.0240575 0.00042118
2.90016 0.0240144 -0.00166291
2.92572 0.0239184 -0.00375513
2.9513 0.0237681 -0.00587512
2.97717 0.023562 -0.00796669
3.0035 0.0233011 -0.00991068
3.02985 0.0229956 -0.0115898
3.05586 0.0226598 -0.0129128
3.0818 0.0223006 -0.0138486
3.10833 0.021919 -0.0143823
3.13546 0.0215271 -0.01445
3.16197 0.0211546 -0.0140443
3.18911 0.0207979 -0.0131469
3.21616 0.0204796 -0.0117649
3.24287 0.0202138 -0.00995229
3.26951 0.0200066 -0.00777677
3.29547 0.0198688 -0.00530901
3.32167 0.0198038 -0.00248237
3.34642 0.0198148 0.000444637
3.37139 0.0199031 0.00353873
3.39596 0.0200668 0.00666218
3.41994 0.0202991 0.00968633
3.44404 0.0206018 0.0125595
3.46733 0.0209532 0.0150905
3.49078 0.021359 0.0173007
3.51523 0.0218275 0.0191647
3.5394 0.0223239 0.0205402
3.56382 0.0228465 0.0213977
3.58855 0.0233826 0.0216791
3.61374 0.0239198 0.0213271
3.63991 0.0244515 0.0203112
3.66637 0.0249447 0.0186446
3.69282 0.0253766 0.0163267
3.71879 0.0257278 0.0135231
3.7445 0.0259936 0.0103369
3.76972 0.0261666 0.00685973
3.79385 0.026245 0.00325191
3.81737 0.0262355 -0.000405624
3.84113 0.026137 -0.00414667
3.86534 0.0259489 -0.00776771
3.88957 0.0256773 -0.0112117
3.91408 0.0253243 -0.0143993
3.93803 0.0249144 -0.0171163
3.96275 0.0244343 -0.0194221
3.9882 0.023893 -0.0212681
4.01353 0.0233213 -0.022574
4.03829 0.0227441 -0.023311
4.06243 0.0221764 -0.0235114
4.08661 0.0216155 -0.0232032
4.11112 0.0210677 -0.0223519
4.13632 0.0205406 -0.0209112
4.1625 0.0200482 -0.0188081
4.18932 0.0196176 -0.0160541
4.21588 0.0192792 -0.0127429
4.2422 0.0190415 -0.00902954
4.26788 0.0189089 -0.00516247
4.29342 0.0188802 -0.00112381
4.31763 0.0189471 0.00276075
4.34203 0.0191064 0.00653101
4.36642 0.0193509 0.0100222
4.39036 0.0196649 0.0131124
4.41389 0.0200355 0.015753
4.43697 0.0204486 0.0178955
4.46086 0.0209167 0.0196034
4.48496 0.0214175 0.0207722
4.50954 0.0219431 0.0213856
4.53484 0.0224837 0.0213733
4.5609 0.0230218 0.0206499
4.58787 0.0235388 0.0191632
4.61534 0.0240046 0.0169553
4.64209 0.0243828 0.0141393
4.669 0.0246723 0.0107607
4.6956 0.02486 0.00705403
4.72174 0.0249417 0.00312725
4.74606 0.0249251 -0.000683562
4.77019 0.0248193 -0.00438401
4.79458 0.0246262 -0.00791925
4.81983 0.0243428 -0.0112195
4.84469 0.0239927 -0.014083
4.87003 0.0235769 -0.0164139
4.89495 0.0231249 -0.0181332
4.92132 0.0226168 -0.0192728
4.94759 0.0220989 -0.0197111
4.97472 0.0215721 -0.0194212
5.00164 0.0210775 -0.0183689
5.02904 0.020624 -0.0165546
5.05694 0.0202349 -0.0139461
5.08464 0.0199396 -0.01066
5.1121 0.0197501 -0.00690285
5.13885 0.0196739 -0.00284663
5.16437 0.0197053 0.0012326
5.19033 0.0198468 0.00544887
5.21549 0.020084 0.00942692
5.24135 0.0204261 0.0132334
5.26627 0.0208379 0.01652
5.29111 0.0213186 0.0193511
5.31583 0.0218541 0.0216634
5.34036 0.0224278 0.0233909
5.36524 0.0230367 0.0244694
5.38961 0.0236418 0.0248349
5.41415 0.0242425 0.024479
5.43903 0.0248233 0.0233431
5.46445 0.0253672 0.021397
5.49042 0.0258489 0.0185434
5.51572 0.0262301 0.0150716
5.54085 0.0265083 0.0110687
5.56522 0.0266731 0.00676565
5.58977 0.0267264 0.00216804
5.61253 0.0266749 -0.00226052
5.63439 0.0265331 -0.00648552
5.65836 0.0262727 -0.0108658
5.68129 0.025933 -0.0148125
5.70433 0.025509 -0.0184048
5.72708 0.0250199 -0.0214992
5.75137 0.0244312 -0.0242376
5.77634 0.02377 -0.0264808
5.79921 0.0231281 -0.0280688
5.8219 0.0224668 -0.0291446
5.84437 0.0217995 -0.0296979
5.86764 0.0211083 -0.0297024
5.89207 0.0203994 -0.0290055
5.91684 0.0197171 -0.0275539
5.94191 0.0190822 -0.0253255
5.96806 0.0185005 -0.0222453
5.99424 0.0180183 -0.0184154
6.02006 0.0176565 -0.0140141
6.04453 0.0174252 -0.00945232
6.06893 0.0173112 -0.0046732
6.09322 0.0173164 0.00021657
6.11602 0.0174249 0.00475652
6.13976 0.0176444 0.00924572
6.16269 0.0179474 0.0132155
6.18487 0.0183174 0.0166797
6.2079 0.018774 0.0198319
6.2307 0.019287 0.0224953
6.25443 0.0198739 0.0247332
6.27839 0.0205077 0.0264511
6.30274 0.0211806 0.0276331
6.32661 0.0218548 0.0282456
6.35009 0.0225192 0.0282933
6.37381 0.0231768 0.0277311
6.39792 0.0238167 0.0265393
6.42242 0.0244216 0.02469
6.44773 0.0249808 0.0220906
6.47409 0.025475 0.0187497
6.50074 0.0258686 0.0147679
6.52588 0.0261358 0.0106285
6.55074 0.0262917 0.00627294
6.57526 0.0263368 0.00183922
6.59981 0.0262749 -0.00252287
6.62384 0.0261172 -0.00656311
6.64829 0.0258651 -0.0103122
6.67197 0.0255434 -0.013584
6.69616 0.0251468 -0.0163949
6.72038 0.0246951 -0.018654
6.74612 0.0241688 -0.0204447
6.77266 0.0235944 -0.0216379
6.79891 0.023012 -0.0221932
6.82423 0.0224515 -0.0221311
6.84957 0.0219078 -0.0214563
6.87523 0.0213908 -0.0201487
6.9017 0.0209101 -0.018158
6.92916 0.0204866 -0.0154287
6.9571 0.0201502 -0.0120405
6.98442 0.0199235 -0.00829419
7.01164 0.0198072 -0.00427177
7.03836 0.0198038 -0.000130994
7.0648 0.0199089 0.00397751
7.09083 0.0201147 0.00790437
7.11731 0.0204204 0.0115457
7.14356 0.0208061 0.0146936
7.16956 0.0212558 0.0172971
7.19568 0.021761 0.0193405
7.22118 0.0222886 0.0206918
7.24722 0.0228446 0.0213497
7.2732 0.0233972 0.0212764
7.29937 0.0239325 0.0204464
7.32592 0.0244314 0.0187963
7.35302 0.0248731 0.0162925
7.37961 0.0252224 0.0131428
7.40644 0.0254741 0.00937963
7.43262 0.0256122 0.00527512
7.45812 0.0256381 0.00101418
7.4821 0.0255624 -0.0031554
7.506 0.0253897 -0.00722878
7.53043 0.0251169 -0.0111695
7.55527 0.0247475 -0.0148672
7.57934 0.0243129 -0.018053
7.60445 0.0237901 -0.020821
7.62951 0.0232137 -0.0230033
7.65402 0.0226114 -0.0245734
7.67784 0.0220036 -0.0255151
7.70175 0.0213857 -0.0258441
7.72618 0.0207624 -0.0255155
7.75184 0.0201358 -0.02442
7.77797 0.0195478 -0.0225004
7.80466 0.019021 -0.0197379
7.8314 0.0185875 -0.0162081
7.85753 0.0182704 -0.0121391
7.88278 0.0180744 -0.00776296
7.90837 0.0179968 -0.00303152
7.9328 0.0180371 0.00165256
7.95686 0.0181875 0.0062474
7.98066 0.0184396 0.0105928
8.00412 0.0187809 0.0145509
8.02718 0.0191969 0.0180391
8.05011 0.0196808 0.0211047
8.07371 0.0202422 0.0237865
8.09756 0.0208604 0.0259218
8.12177 0.0215259 0.0274846
8.14539 0.0221977 0.0284368
8.16873 0.02287 0.0288105
8.19226 0.0235421 0.0285662
8.21572 0.0241906 0.0276438
8.23962 0.0248137 0.0260639
8.26437 0.0254001 0.0236933
8.29036 0.0259325 0.0204852
8.31625 0.0263622 0.0165995
8.34145 0.0266711 0.0122569
8.3662 0.0268618 0.00770578
8.39058 0.0269349 0.00299693
8.41458 0.0268943 -0.00169174
8.43791 0.0267524 -0.00607998
8.46146 0.026512 -0.0102062
8.48425 0.0261949 -0.0139166
8.5079 0.0257856 -0.0173086
8.53135 0.0253134 -0.0201386
8.55642 0.0247472 -0.0225861
8.58227 0.0241133 -0.024519
8.6064 0.0234905 -0.0258061
8.63011 0.0228607 -0.0265677
8.65362 0.0222303 -0.0268072
8.6777 0.021593 -0.0264702
8.70269 0.0209568 -0.0254581
8.72896 0.0203347 -0.0236844
8.75588 0.0197657 -0.0211384
8.7833 0.0192766 -0.017836
8.8104 0.0188981 -0.0139631
8.83704 0.0186388 -0.00973783
8.8632 0.0184996 -0.00531943
8.88831 0.0184762 -0.000929097
8.91478 0.0185736 0.00367842
8.93961 0.0187672 0.00779646
8.96426 0.0190513 0.0115235
8.989 0.0194176 0.0148079
9.0134 0.0198467 0.0175844
9.03737 0.020322 0.0198324
9.06193 0.020852 0.0215788
9.08771 0.0214388 0.0227606
9.11365 0.0220422 0.0232659
9.13954 0.0226403 0.0230952
9.16551 0.0232184 0.0222625
9.19207 0.0237681 0.020695
9.21946 0.0242699 0.0183164
9.24741 0.0246949 0.0152084
9.27457 0.02501 0.0116028
9.30076 0.0252125 0.00773458
9.32693 0.0253071 0.00361181
9.35237 0.0252929 -0.000557563
9.37823 0.0251709 -0.00471822
9.40312 0.0249594 -0.00849624
9.42853 0.0246548 -0.0119855
9.45384 0.0242739 -0.0150482
9.4795 0.0238237 -0.0175449
9.50483 0.0233323 -0.0194048
9.53163 0.0227776 -0.0206919
9.55795 0.0222176 -0.0212815
9.58388 0.0216681 -0.0211888
9.60999 0.0211358 -0.0203921
9.63678 0.0206314 -0.0188247
9.66448 0.0201754 -0.0164603
9.6923 0.0198042 -0.0133418
9.7195 0.0195399 -0.00971926
9.74657 0.019386 -0.00568514
9.7737 0.0193501 -0.00132466
9.79986 0.0194285 0.00300032
9.82645 0.0196239 0.00734962
9.85171 0.0199092 0.0112928
9.87678 0.0202818 0.014864
9.90203 0.0207366 0.018006
9.92704 0.0212525 0.0206333
9.95218 0.0218234 0.0227085
9.97725 0.0224288 0.0241435
10.0021 0.0230467 0.0249007
10.0268 0.0236631 0.0249511
10.0519 0.0242728 0.0242547
10.0774 0.0248528 0.0227903
10.1034 0.0253852 0.0204772
10.1298 0.0258433 0.01733
10.1557 0.0261952 0.0135837
10.1809 0.0264327 0.00941619
10.2064 0.0265573 0.00489388
10.2312 0.0265642 0.000274147
10.2563 0.0264519 -0.00447837
10.2799 0.026245 -0.00877422
10.3037 0.0259379 -0.0128683
10.3266 0.0255616 -0.0164853
10.3505 0.0250876 -0.0198056
10.3745 0.0245441 -0.0226075
10.4 0.0239084 -0.0249776
10.4236 0.0232793 -0.0266788
10.447 0.0226257 -0.0278526
10.4704 0.0219607 -0.0284772
10.4948 0.0212647 -0.0285178
10.5199 0.0205655 -0.0278459
10.5449 0.0199048 -0.0264478
10.5707 0.0192786 -0.0242503
10.5972 0.0187154 -0.0212493
10.6238 0.018249 -0.0175014
10.6502 0.017901 -0.0131817
10.6752 0.0176835 -0.008711
10.7002 0.017583 -0.00402782
10.7251 0.0176023 0.000775263
10.7483 0.0177227 0.0051935
10.7723 0.0179518 0.00951698
10.7959 0.0182676 0.013386
10.8187 0.018648 0.0167268
10.842 0.0191074 0.0197155
10.8651 0.0196211 0.0222274
10.8898 0.0202225 0.024331
10.9146 0.0208629 0.0258547
10.9394 0.0215289 0.0268169
10.9635 0.0221851 0.0272042
10.988 0.0228446 0.0269948
11.0124 0.0234828 0.0261562
11.0371 0.0240939 0.0246884
11.0626 0.024667 0.0224937
11.0892 0.0251873 0.0195474
11.1163 0.0256181 0.0158973
11.1433 0.0259349 0.0117356
11.1686 0.0261251 0.00753251
11.1947 0.0262028 0.00296487
11.2194 0.0261686 -0.00138604
11.2425 0.0260455 -0.00533098
11.2673 0.0258168 -0.00920556
11.2921 0.0255025 -0.0127007
11.3168 0.025115 -0.0156826
11.341 0.0246783 -0.0180565
11.3664 0.0241704 -0.0199701
11.393 0.0236038 -0.0213203
11.4193 0.0230246 -0.0220379
11.4449 0.0224572 -0.0221337
11.4706 0.0219014 -0.0216035
11.4968 0.0213654 -0.0204426
11.524 0.0208617 -0.0185623
11.5519 0.0204163 -0.015945
11.5802 0.0200581 -0.0126607
11.608 0.0198086 -0.00897794
11.6352 0.0196707 -0.00506379
11.6625 0.0196443 -0.00096971
11.6893 0.0197278 0.0031058
11.716 0.0199155 0.00703465
11.7425 0.0201966 0.010609
11.7688 0.0205574 0.0137189
11.7951 0.020986 0.0163029
11.8213 0.0214663 0.0183154
11.8467 0.0219642 0.0196326
11.8729 0.0224955 0.0202892
11.8993 0.0230296 0.0202236
11.9259 0.0235462 0.0194013
11.953 0.0240274 0.0177536
11.9806 0.0244481 0.0152657
12.0075 0.0247751 0.012148
12.035 0.0250058 0.00839413
12.0618 0.0251207 0.00428382
12.0877 0.0251222 5.56e-05
12.1119 0.0250238 -0.0040656
12.1364 0.0248241 -0.00814611
12.161 0.0245282 -0.0120215
12.186 0.0241373 -0.0156307
12.2106 0.0236769 -0.0187673
12.2361 0.0231286 -0.0214761
12.2613 0.0225352 -0.0235475
12.2857 0.0219258 -0.0249762
12.3104 0.0212901 -0.0257723
12.3357 0.0206348 -0.0258614
12.3612 0.0199935 -0.025188
12.387 0.0193806 -0.0237218
12.4133 0.0188188 -0.0213847
12.44 0.0183326 -0.0182042
12.4666 0.0179529 -0.0142757
12.4929 0.0176939 -0.00985453
12.5185 0.0175612 -0.00518079
12.5428 0.0175486 -0.000518238
12.5675 0.0176539 0.00426228
12.5906 0.0178539 0.00863492
12.6139 0.0181529 0.0128227
12.638 0.0185559 0.0167229
12.6609 0.0190147 0.0200624
12.6851 0.0195736 0.0231241
12.7093 0.0201953 0.0256347
