t x vx
0.01 0.0220024 0.000244353
0.02 0.0220098 0.00073847
0.0571892 0.0221025 0.00249071
0.0953473 0.0222605 0.00414143
0.137277 0.0225019 0.00575753
0.180693 0.0228145 0.00720124
0.226007 0.0231963 0.00842537
0.272409 0.0236307 0.0093605
0.319624 0.0241009 0.00995965
0.367158 0.0245851 0.0101865
0.41478 0.0250615 0.0100022
0.462044 0.0255054 0.00939202
0.509171 0.0258989 0.00835051
0.556275 0.0262236 0.00689263
0.603202 0.0264614 0.00506899
0.650252 0.0265987 0.00291636
0.696968 0.0266232 0.000526212
0.743574 0.0265269 -0.00206735
0.789312 0.026309 -0.00476431
0.834732 0.0259655 -0.00756215
0.878899 0.0255092 -0.0103321
0.924627 0.0249069 -0.013171
0.971551 0.0241533 -0.0160593
1.01644 0.0233102 -0.0187808
1.05892 0.0224058 -0.0212935
1.10265 0.0213678 -0.0237361
1.14371 0.0203052 -0.0258796
1.18486 0.0191607 -0.0278101
1.22433 0.0179993 -0.0294244
1.26226 0.0168345 -0.0307087
1.29849 0.0156885 -0.0316301
1.3327 0.0145893 -0.0321328
1.36454 0.0135652 -0.0321648
1.3763 0.0131829 -0.0325036
1.38697 0.0128337 -0.0327236
1.39602 0.0125364 -0.0328594
1.40441 0.0122603 -0.0329044
1.4123 0.0120014 -0.032837
1.41971 0.0117594 -0.0326398
1.4267 0.0115339 -0.0322808
1.4333 0.0113243 -0.031709
