t x vx
0.01 0.0219825 -0.0017511
0.02 0.0219356 -0.00469312
0.0333037 0.0218237 -0.0084113
0.046304 0.0216681 -0.0119663
0.060815 0.0214397 -0.0157377
0.0753545 0.0211593 -0.019284
0.0903815 0.0208198 -0.0225965
0.105606 0.0204335 -0.0253706
0.120788 0.0200172 -0.027424
0.135884 0.0195844 -0.0286664
0.150875 0.0191512 -0.0289018
0.165652 0.0187353 -0.0281437
0.180291 0.0183503 -0.0263002
0.195003 0.0180051 -0.0234609
0.209056 0.0177254 -0.0199083
0.22333 0.0175022 -0.0156309
0.23765 0.017349 -0.0107043
0.25158 0.0172721 -0.00551732
0.266179 0.0172747 0.000178026
0.280119 0.0173549 0.00575699
0.294327 0.017517 0.0114035
0.308944 0.017765 0.0169722
0.323753 0.0180944 0.0222422
0.338501 0.0184916 0.02693
0.353255 0.0189484 0.0309627
0.367742 0.0194433 0.0341634
0.382395 0.0199793 0.0365808
0.397414 0.020551 0.0380608
0.412739 0.0211405 0.0384654
0.428046 0.0217193 0.0378118
0.443415 0.0222739 0.0360908
0.458793 0.0227869 0.033353
0.473577 0.0232262 0.0297206
0.488609 0.0236055 0.0252338
0.503158 0.0239006 0.0202832
0.517709 0.0241179 0.0149273
0.531881 0.0242528 0.00951986
0.545969 0.0243112 0.00414491
0.560454 0.0242936 -0.00121524
0.57418 0.0242126 -0.00590092
0.588671 0.0240629 -0.0103288
0.603019 0.023863 -0.0139349
0.616117 0.0236496 -0.0162852
0.629497 0.023412 -0.0177635
0.643384 0.0231586 -0.0182473
0.657538 0.022909 -0.0176338
0.672108 0.0226778 -0.0158696
0.686335 0.0224922 -0.0130408
0.701232 0.0223544 -0.00924975
0.715851 0.0222884 -0.00451419
0.73102 0.022306 0.00115874
0.745205 0.0224046 0.00694606
0.759867 0.0225965 0.0130893
0.774097 0.0228661 0.0189486
0.788047 0.0232049 0.0242844
0.802245 0.0236177 0.0290767
0.816347 0.024083 0.0329931
0.830455 0.0245884 0.0358254
0.844423 0.0251122 0.0374997
0.858272 0.0256365 0.0378606
0.871982 0.0261422 0.0368866
0.885689 0.0266155 0.0345227
0.89948 0.027039 0.0307154
0.912364 0.0273743 0.0260188
0.925583 0.0276446 0.0204483
0.938438 0.0278288 0.0143302
0.95012 0.0279257 0.008297
0.963056 0.0279465 0.00161051
0.976113 0.0278813 -0.00499422
0.988877 0.0277393 -0.0111241
1.00081 0.0275443 -0.016352
1.01281 0.0272923 -0.020999
1.02668 0.0269385 -0.0254967
1.04077 0.0265293 -0.0290387
1.05529 0.0260703 -0.031622
1.07034 0.0255732 -0.0330313
1.08549 0.0250705 -0.0331739
1.10089 0.0245778 -0.0319935
1.11617 0.024127 -0.0295138
1.13113 0.0237386 -0.0259571
1.14565 0.0234253 -0.0215773
1.16036 0.0231853 -0.0163162
1.17477 0.0230308 -0.0107192
1.18964 0.0229617 -0.00465019
1.20386 0.0229798 0.00127766
1.21865 0.0230849 0.00710968
1.23276 0.0232579 0.0122502
1.24669 0.0234904 0.0166964
1.26127 0.023788 0.0204146
1.27562 0.0241168 0.0229033
1.28976 0.0244581 0.0241416
1.30383 0.0247979 0.0241576
1.31829 0.0251277 0.0228015
1.33254 0.0254161 0.0202378
1.34679 0.0256512 0.0165067
1.36103 0.0258194 0.0118063
1.37523 0.0259077 0.00622035
1.38903 0.0259093 0.00011927
1.40314 0.025821 -0.00625869
1.41708 0.025647 -0.0124797
1.43118 0.0253865 -0.01848
1.44397 0.0250878 -0.023354
1.45812 0.0246899 -0.0281205
1.47258 0.0242255 -0.0321114
1.48697 0.023721 -0.0350545
1.50158 0.0231823 -0.0368822
1.51624 0.0226333 -0.0374586
1.53124 0.0220817 -0.0367568
1.54615 0.0215633 -0.0347654
1.56136 0.0210863 -0.031377
1.57552 0.0207019 -0.0271486
1.58991 0.0203857 -0.0219682
1.6042 0.0201546 -0.0161771
1.61875 0.0200109 -0.0098713
1.63245 0.019959 -0.0037893
1.64678 0.0199947 0.00249146
1.66083 0.0201113 0.00830082
1.67448 0.0202948 0.0134493
1.68879 0.020552 0.0179657
1.70279 0.020852 0.0214306
1.71646 0.0211765 0.0237351
1.73018 0.0215183 0.0249108
1.74428 0.0218696 0.0249116
1.75852 0.0222064 0.0236594
1.77266 0.0225062 0.0212027
1.78724 0.0227617 0.0175273
1.80177 0.0229478 0.0128052
1.81612 0.0230525 0.00729873
1.83015 0.0230728 0.00144509
1.84409 0.0230078 -0.00466067
1.85748 0.0228665 -0.0105478
1.87212 0.0226227 -0.0166592
1.88598 0.0223187 -0.02194
1.90037 0.0219349 -0.0266571
1.91471 0.0214978 -0.0304842
1.92921 0.0210152 -0.0332811
1.94315 0.02053 -0.0348148
1.95732 0.0200328 -0.0350937
1.97191 0.0195383 -0.0338976
1.98648 0.0190838 -0.0311729
2.00072 0.0186976 -0.027122
2.01485 0.0183881 -0.0219111
2.029 0.0181633 -0.0158911
2.04297 0.0180322 -0.00938755
2.05593 0.0179931 -0.00300876
2.06985 0.0180465 0.00383545
2.08292 0.0181785 0.0100947
2.09635 0.0183939 0.0160509
2.11029 0.0186942 0.0215421
2.12412 0.0190559 0.0261494
2.13839 0.0194827 0.0298959
2.152 0.0199247 0.0324747
2.16661 0.0204218 0.0340402
2.18169 0.0209388 0.0342742
2.19676 0.0214377 0.033118
2.21195 0.0219021 0.0305641
2.2272 0.0223093 0.0266939
2.24165 0.0226259 0.0219152
2.25623 0.0228629 0.0162538
2.27059 0.0230098 0.0102282
2.28466 0.0230663 0.00401876
2.2983 0.023038 -0.00207791
2.31251 0.0229217 -0.0081777
2.32608 0.0227359 -0.0136997
2.33972 0.0224812 -0.0186641
2.35409 0.0221502 -0.0230489
2.36782 0.0217893 -0.0262827
2.38081 0.02142 -0.0284248
2.39445 0.0210168 -0.0295574
2.40902 0.020589 -0.0293721
2.42378 0.0201801 -0.0276971
2.43857 0.0198157 -0.0246422
2.45308 0.0195188 -0.0204503
2.46723 0.0193003 -0.0154491
2.48088 0.0191628 -0.0100686
2.49507 0.0191056 -0.00402985
2.50885 0.0191343 0.0020826
2.52295 0.0192496 0.00817306
2.53617 0.0194301 0.0136548
2.54998 0.019691 0.0188923
2.56458 0.020035 0.0235509
2.57942 0.02044 0.0272903
2.59401 0.0208761 0.0298901
2.60925 0.0213537 0.0313368
2.62448 0.0218312 0.0313604
2.63969 0.0222872 0.0299886
2.655 0.0227038 0.0272077
2.67034 0.0230587 0.0231322
2.68494 0.023324 0.0181715
2.69962 0.0235065 0.0124287
2.71401 0.0235981 0.00637206
2.72813 0.0236001 0.000141267
2.74186 0.0235197 -0.00585919
2.75619 0.0233496 -0.0118603
2.77004 0.0231108 -0.0172452
2.7841 0.0228018 -0.0219776
2.79867 0.022424 -0.0259422
2.81243 0.0220286 -0.0287352
2.82579 0.0216216 -0.030456
2.83971 0.0211898 -0.0310272
2.85458 0.0207399 -0.0302607
2.86944 0.0203228 -0.0280557
2.88378 0.0199702 -0.0245922
2.8984 0.0196777 -0.0200111
2.91312 0.0194639 -0.0145249
2.92732 0.0193414 -0.00862252
2.94111 0.0193072 -0.00248169
2.95484 0.0193578 0.00368374
2.96862 0.0194912 0.00968024
2.98254 0.0197049 0.0153515
2.99601 0.019977 0.0202022
3.01069 0.0203375 0.0245506
3.02534 0.0207451 0.0278297
3.03961 0.021172 0.0299224
3.05412 0.0216198 0.0308371
3.06914 0.0220763 0.0303981
3.08432 0.0225091 0.028519
3.09959 0.0228942 0.0252232
3.11439 0.0232031 0.0208586
3.12904 0.0234304 0.0155204
3.14329 0.0235686 0.00970075
3.15689 0.0236198 0.00376422
3.17018 0.0235898 -0.00225835
3.18338 0.023483 -0.0080917
3.19708 0.0232935 -0.0138269
3.21082 0.0230317 -0.019068
3.22475 0.0227026 -0.0236248
3.23944 0.0222999 -0.0274125
3.25301 0.0218933 -0.0299575
3.26649 0.0214693 -0.0314484
3.28083 0.0210146 -0.0317188
3.29566 0.020561 -0.0305759
3.31055 0.0201444 -0.0279807
3.32465 0.0198032 -0.0242039
3.33896 0.0195254 -0.0193999
3.35356 0.0193251 -0.0137231
3.3677 0.019217 -0.00764614
3.38122 0.019197 -0.00147936
3.39527 0.0192654 0.0048697
3.40883 0.0194119 0.0108039
3.42269 0.0196393 0.0164052
3.43709 0.0199482 0.0214376
3.45184 0.0203262 0.0256406
3.46601 0.0207327 0.0286901
3.48039 0.0211744 0.0307076
3.49508 0.0216373 0.0315108
3.5102 0.0221048 0.0309195
3.52538 0.0225436 0.0289056
3.54063 0.0229328 0.0255172
3.55528 0.023242 0.0211159
3.56983 0.0234714 0.0157618
3.58422 0.0236136 0.00988273
3.59777 0.0236675 0.00397634
3.61104 0.0236409 -0.00199994
3.62434 0.0235366 -0.00784819
3.63801 0.0233515 -0.013537
3.65172 0.0230948 -0.0187278
3.66572 0.022769 -0.0232583
3.68048 0.0223706 -0.0270094
3.69402 0.0219714 -0.0294822
3.70755 0.021553 -0.0309202
3.72205 0.0211019 -0.0311142
3.73693 0.0206571 -0.0298855
3.75188 0.0202502 -0.0272198
3.76588 0.0199217 -0.0234567
3.78014 0.0196553 -0.0186886
3.79457 0.0194659 -0.0131268
3.80869 0.0193653 -0.00711825
3.82221 0.0193515 -0.00102561
3.83647 0.0194275 0.0053299
3.85002 0.019579 0.0111804
3.86404 0.0198139 0.0167559
3.87855 0.0201288 0.0216996
3.89334 0.0205099 0.0257699
3.90747 0.0209148 0.0286561
3.92211 0.0213612 0.0304946
3.93685 0.0218191 0.0310634
3.95196 0.0222758 0.0302311
3.96715 0.0227007 0.0279681
3.98239 0.0230717 0.0243356
3.99687 0.0233582 0.0197901
4.01139 0.0235658 0.0142974
4.02572 0.0236856 0.00835695
4.03969 0.0237168 0.00223201
4.05328 0.0236644 -0.00385391
4.06759 0.0235209 -0.0100267
4.08135 0.023306 -0.0156193
4.0953 0.0230176 -0.0206732
4.10948 0.0226635 -0.0249614
4.1239 0.0222551 -0.0283224
4.13723 0.0218495 -0.03044
4.1509 0.0214186 -0.0315167
4.16578 0.0209534 -0.0312753
4.18063 0.0205142 -0.0295628
4.19551 0.0201205 -0.0264589
4.20976 0.0198026 -0.0223141
4.22374 0.0195606 -0.0173069
4.23751 0.0193983 -0.0117916
4.2516 0.0193184 -0.00566649
4.26574 0.0193277 0.000658082
4.27996 0.0194259 0.00690092
4.2932 0.0195914 0.0125006
4.30664 0.0198296 0.0177186
4.32101 0.0201518 0.0224317
4.33586 0.0205424 0.0262923
4.34988 0.0209476 0.0289008
4.36427 0.0213856 0.030435
4.37925 0.0218457 0.0307223
4.39441 0.0222938 0.0295593
4.40966 0.0227054 0.0269831
4.42494 0.0230581 0.0230783
4.4394 0.0233227 0.0183085
4.45415 0.0235088 0.0126163
4.46847 0.0236038 0.00663589
4.48274 0.0236092 0.000380574
4.49627 0.0235339 -0.00557111
4.51077 0.0233645 -0.0116827
4.5246 0.0231276 -0.0171272
4.53875 0.0228167 -0.0219687
4.55335 0.0224365 -0.0260362
4.56736 0.0220305 -0.0289839
4.58075 0.0216179 -0.0308052
4.59473 0.0211775 -0.031512
4.60964 0.0207173 -0.0308554
4.62453 0.0202896 -0.0287331
4.63922 0.0199181 -0.0252813
4.65375 0.0196165 -0.0207655
4.66825 0.0193935 -0.0153767
4.68267 0.019258 -0.00939892
4.6966 0.0192134 -0.00319855
4.71035 0.0192548 0.00300944
4.72413 0.0193795 0.00904329
4.73774 0.019579 0.0146667
4.75105 0.0198398 0.019586
4.76564 0.0201909 0.0240739
4.78051 0.0206009 0.027567
4.79466 0.0210231 0.0298314
4.80915 0.0214715 0.0309633
4.8241 0.0219317 0.0307808
4.83929 0.0223747 0.0291634
4.85459 0.0227745 0.0261196
4.86969 0.023105 0.0218839
4.8846 0.0233529 0.0166286
4.89919 0.02351 0.0107715
4.91301 0.0235767 0.00482918
4.92661 0.0235595 -0.00126419
4.93993 0.0234646 -0.00712772
4.95387 0.0232841 -0.012951
4.9678 0.0230294 -0.0182856
4.98177 0.0227094 -0.0228944
4.99638 0.0223186 -0.026745
5.01004 0.0219171 -0.029405
5.02348 0.0215003 -0.0310013
5.0376 0.021057 -0.0314105
5.05248 0.020604 -0.0304322
5.0674 0.0201864 -0.0279982
5.08169 0.0198388 -0.0243228
5.09619 0.0195548 -0.0195786
5.11091 0.0193496 -0.0139467
5.12511 0.0192372 -0.00790855
5.13877 0.0192136 -0.00173008
5.15252 0.0192753 0.00448429
5.16626 0.0194194 0.0104919
5.18032 0.0196468 0.0161712
5.19422 0.0199401 0.0210952
5.20897 0.0203145 0.0253886
5.22336 0.0207256 0.0285593
5.23766 0.0211637 0.0306404
5.25227 0.0216244 0.0315315
5.2674 0.0220942 0.0310522
5.28259 0.0225367 0.0291409
5.29786 0.0229312 0.0258293
5.31263 0.0232479 0.0214507
5.32724 0.0234835 0.0161166
5.34171 0.0236314 0.0102208
5.3553 0.0236899 0.00430668
5.36861 0.0236673 -0.00169602
5.38186 0.0235675 -0.00753312
5.39559 0.0233854 -0.0132612
5.40935 0.023131 -0.0184894
5.42334 0.0228086 -0.0230435
5.43811 0.0224125 -0.0268307
5.45167 0.0220142 -0.0293546
5.4652 0.0215971 -0.0308342
5.47961 0.0211493 -0.0310871
5.49453 0.0207026 -0.0299259
5.50952 0.0202933 -0.0273159
5.52362 0.019961 -0.0235652
5.53801 0.0196906 -0.0187816
5.55263 0.0194984 -0.0131485
5.56683 0.0193976 -0.00709806
5.58039 0.0193844 -0.00097675
5.59441 0.0194589 0.00531056
5.60802 0.0196115 0.0112113
5.62198 0.0198458 0.016789
5.6363 0.0201568 0.0217217
5.65107 0.0205386 0.02585
5.66526 0.0209474 0.0288048
5.67986 0.0213959 0.0307133
5.69456 0.021857 0.0313603
5.70968 0.0223196 0.0306101
5.72486 0.0227512 0.0284245
5.74011 0.0231304 0.024867
5.75462 0.0234259 0.0203597
5.76911 0.0236419 0.0149091
5.78345 0.0237706 0.00897915
5.79719 0.023811 0.00293991
5.8106 0.0237694 -0.003107
5.82443 0.023643 -0.00914258
5.83811 0.0234409 -0.0147684
5.85191 0.0231668 -0.0198708
5.86599 0.0228251 -0.0242595
5.88058 0.0224195 -0.0277935
5.89403 0.0220152 -0.0300621
5.90764 0.0215894 -0.0312874
5.92253 0.0211249 -0.0312087
5.93746 0.020682 -0.0296622
5.95248 0.0202812 -0.0266895
5.96649 0.0199631 -0.0226996
5.98064 0.0197118 -0.0177543
5.99457 0.0195413 -0.01224
6.00864 0.0194545 -0.00616812
6.02227 0.0194542 -2.20358e-05
6.03673 0.0195463 0.00636662
6.05022 0.0197098 0.0121199
6.06409 0.019953 0.0175354
6.0785 0.0202748 0.0223298
6.09333 0.0206644 0.0262718
6.10735 0.0210708 0.0289806
6.12175 0.0215116 0.030633
6.13667 0.0219752 0.0310513
6.1518 0.0224292 0.0300177
6.16702 0.0228486 0.027561
6.18228 0.0232111 0.0237521
6.19668 0.0234859 0.019083
6.21125 0.0236823 0.0134823
6.22568 0.02379 0.00746172
6.24008 0.0238066 0.0011515
6.25371 0.0237397 -0.00490044
6.26812 0.0235808 -0.0110366
6.28194 0.0233519 -0.0165517
6.29615 0.0230461 -0.0215181
6.31063 0.0226747 -0.0256559
6.32482 0.0222666 -0.0287537
6.33822 0.0218558 -0.0306715
6.35216 0.0214166 -0.0314992
6.36716 0.0209522 -0.0309575
6.38212 0.0205193 -0.028939
6.39696 0.0201401 -0.0255611
6.41153 0.0198323 -0.0211089
6.42568 0.0196078 -0.0158745
6.43961 0.0194666 -0.0101371
6.45386 0.0194116 -0.00385836
6.46777 0.019445 0.00239853
6.48185 0.0195655 0.00855485
6.49525 0.0197549 0.0141356
6.50847 0.0200074 0.0191075
6.523 0.0203513 0.0236738
6.53795 0.0207592 0.0272815
6.55216 0.0211806 0.0296528
6.56655 0.0216249 0.0308743
6.58141 0.0220831 0.0308226
6.59657 0.0225277 0.0293252
6.61185 0.0229312 0.0264093
6.62701 0.0232684 0.0222435
6.64182 0.0235215 0.0170943
6.65655 0.0236867 0.01122
6.67043 0.02376 0.00527679
6.68406 0.0237489 -0.000813547
6.69745 0.023659 -0.00671441
6.71147 0.023482 -0.0126243
6.72539 0.0232311 -0.0180173
6.73939 0.0229135 -0.0226836
6.75402 0.0225243 -0.0266115
6.76789 0.022117 -0.0293729
6.78137 0.0216988 -0.0310238
6.79545 0.0212552 -0.0315022
6.81043 0.020797 -0.0305903
6.82542 0.0203741 -0.0282061
6.84002 0.0200162 -0.02451
6.85459 0.0197283 -0.0197704
6.86933 0.0195199 -0.0141364
6.88365 0.0194045 -0.00805741
6.89746 0.0193795 -0.00181153
6.91125 0.0194407 0.00443654
6.92507 0.0195858 0.0105003
6.93909 0.0198126 0.0161874
6.95275 0.0201005 0.0210757
6.96739 0.0204724 0.025404
6.98174 0.0208831 0.0286211
6.99616 0.0213271 0.030778
7.0107 0.021788 0.0317124
7.02579 0.0222605 0.0313006
7.04093 0.0227063 0.0294399
7.05618 0.0231056 0.0261868
7.07094 0.0234278 0.021831
7.08553 0.0236688 0.0165144
7.10011 0.0238228 0.0105663
7.11365 0.0238859 0.00465756
7.12691 0.023868 -0.00134847
