t x vx
0.01 0.0220001 1.04753e-05
0.02 0.0220002 1.19655e-05
0.115212 0.0220037 3.67415e-05
0.210283 0.0220099 6.53174e-05
0.30871 0.0220195 9.75798e-05
0.410638 0.022033 0.000132526
0.515707 0.0220508 0.000168812
0.623113 0.0220727 0.00020421
0.731805 0.0220985 0.000237092
0.840776 0.0221275 0.000265837
0.949717 0.0221589 0.000289077
1.05822 0.022192 0.000304277
1.16604 0.0222252 0.000308566
1.27306 0.0222571 0.00029805
1.37931 0.0222858 0.000269514
1.48493 0.0223093 0.00022258
1.58994 0.0223256 0.000155348
1.69458 0.0223323 6.44501e-05
1.7989 0.022327 -5.15209e-05
1.90262 0.0223071 -0.000191025
2.00578 0.022271 -0.000350427
2.10843 0.0222172 -0.000524347
2.21062 0.022145 -0.000705829
2.31243 0.0220548 -0.000886472
2.41385 0.0219477 -0.00105583
2.51506 0.021826 -0.00120211
2.6162 0.0216897 -0.00134825
2.71703 0.0215442 -0.00144284
2.81754 0.0213963 -0.00147157
2.91815 0.0212536 -0.00141866
3.01874 0.0211259 -0.00126872
3.11805 0.0210252 -0.00101461
3.21598 0.0209611 -0.00065379
3.31247 0.020943 -0.000188063
3.40754 0.0209787 0.00037535
3.50119 0.0210743 0.00102124
3.59352 0.0212344 0.0017335
3.68481 0.0214619 0.00249182
3.77499 0.0217565 0.00326721
3.86481 0.0221187 0.00403211
3.95447 0.0225436 0.00473974
4.04462 0.0230257 0.00534686
4.13372 0.0235411 0.00578532
4.22091 0.024064 0.00599744
4.30582 0.0245689 0.00594572
4.38866 0.0250335 0.00560829
4.4702 0.0254388 0.0049708
4.5499 0.0257609 0.00404165
4.62692 0.0259811 0.00285885
4.70114 0.0260897 0.00146256
4.77302 0.026082 -0.000106727
4.84276 0.0259563 -0.00180279
4.91064 0.025713 -0.00358387
4.97657 0.0253564 -0.00540782
5.04072 0.0248915 -0.007247
5.10402 0.024317 -0.00907738
5.16327 0.0236774 -0.0107933
5.22971 0.0228323 -0.0127205
5.29722 0.0218483 -0.0145753
5.36478 0.0207467 -0.0163066
5.42945 0.0195951 -0.0178056
5.49089 0.018425 -0.0190464
5.54948 0.0172535 -0.0199961
5.60501 0.0161093 -0.0206038
5.65779 0.0150114 -0.0207991
5.70714 0.0140003 -0.0204908
5.72546 0.0136252 -0.020478
5.74218 0.013284 -0.0203945
5.75651 0.0129938 -0.0202555
5.7701 0.0127215 -0.0200401
5.7829 0.0124688 -0.0197424
5.79504 0.0122339 -0.0193493
5.80656 0.0120167 -0.0188462
5.81752 0.0118172 -0.0182194
5.82797 0.0116348 -0.0174536
5.838 0.011469 -0.0165222
