t x vx
0.01 0.0219845 -0.00155463
0.02 0.0219441 -0.00403823
0.0341109 0.0218395 -0.00740957
0.0483359 0.0216862 -0.0107807
0.0633723 0.0214715 -0.0142792
0.0786888 0.0212003 -0.0177005
0.0939705 0.0208811 -0.0208881
0.109258 0.0205186 -0.0237175
0.124892 0.0201117 -0.0260242
0.140454 0.0196815 -0.0276434
0.155985 0.0192412 -0.0283483
0.171316 0.0188106 -0.0280896
0.186444 0.0184051 -0.0268055
0.200943 0.018048 -0.024628
0.215742 0.0177295 -0.021518
0.229961 0.0174787 -0.0176393
0.24454 0.017289 -0.013014
0.258935 0.0171767 -0.00780248
0.273276 0.017146 -0.00213656
0.287828 0.0172051 0.00405848
0.301612 0.0173452 0.0101647
0.316191 0.0175884 0.0166797
0.33022 0.0179085 0.0228135
0.343957 0.0183008 0.0285604
0.357708 0.0187665 0.0338686
0.371806 0.0193124 0.0387249
0.385905 0.0199168 0.0428641
0.399475 0.0205428 0.046132
0.412528 0.0211757 0.0484889
0.425461 0.0218219 0.0499638
0.438523 0.0224826 0.0505777
0.451902 0.0231546 0.0502303
0.465279 0.0238086 0.0488937
0.47894 0.024445 0.0465841
0.493132 0.0250557 0.0430299
0.506896 0.0255853 0.0384731
0.52103 0.02605 0.0328806
0.534554 0.0264112 0.0267108
0.547613 0.0266758 0.0202582
0.560617 0.0268538 0.0136919
0.574026 0.0269448 0.00678304
0.586609 0.0269491 0.000345462
0.599351 0.0268743 -0.00586939
0.612353 0.0267219 -0.0117243
0.624682 0.0265164 -0.0166685
0.636574 0.02627 -0.020717
0.649428 0.0259579 -0.0242862
0.662698 0.0255991 -0.0270336
0.676406 0.0252034 -0.0288668
0.690317 0.0247909 -0.0296498
0.704223 0.0243827 -0.0293538
0.718788 0.0239769 -0.0278667
0.73416 0.0235925 -0.0250057
0.749256 0.0232763 -0.020944
0.764487 0.0230362 -0.0157644
0.77919 0.0228898 -0.00995693
0.794101 0.0228394 -0.00337954
0.808643 0.0228908 0.00353646
0.822789 0.0230372 0.010348
0.83745 0.0232891 0.0171811
0.851321 0.0236107 0.0231839
0.865251 0.0240073 0.0284707
0.87955 0.0244765 0.0328109
0.893271 0.0249674 0.0357777
0.907009 0.0254825 0.0374963
0.920781 0.0260023 0.0377407
0.934577 0.0265054 0.0364716
0.948253 0.0269653 0.0336255
0.961994 0.0273668 0.0292162
0.975103 0.0276775 0.0237062
0.988555 0.0279085 0.0171713
1.00138 0.0280387 0.0101517
1.01392 0.0280733 0.00275688
1.02638 0.0280139 -0.00476028
1.03916 0.0278569 -0.0122909
1.05154 0.0276199 -0.0191475
1.06307 0.0273316 -0.0249979
1.07561 0.0269476 -0.0306106
1.08851 0.0264889 -0.0355824
1.10207 0.0259485 -0.0398466
1.11585 0.0253542 -0.0431319
1.12992 0.0247161 -0.0453402
1.14398 0.0240642 -0.0463811
1.15777 0.0234268 -0.0462055
1.17169 0.0228022 -0.0448736
1.18591 0.0222011 -0.0422739
1.2005 0.0216433 -0.0382237
1.21558 0.0211485 -0.0328127
1.22992 0.0207682 -0.0265217
1.24364 0.0204978 -0.0197114
1.2576 0.0203265 -0.0122695
1.27081 0.0202631 -0.00479837
1.28383 0.0202981 0.00268467
1.29712 0.0204325 0.0101158
1.31077 0.020668 0.0172599
1.32443 0.0209914 0.0236598
1.33807 0.0213877 0.0290643
1.35121 0.0218258 0.0333423
1.36415 0.0222985 0.0365103
1.37731 0.0228053 0.038524
1.3908 0.0233353 0.0393022
1.40407 0.0238486 0.0386734
1.41747 0.0243413 0.0367773
1.43198 0.0248232 0.0331938
1.44587 0.0252184 0.0284678
1.45984 0.025534 0.0225891
1.47399 0.0257571 0.0157636
1.48774 0.0258764 0.00867258
1.50134 0.0258932 0.001238
1.51449 0.0258137 -0.00604307
1.52798 0.0256358 -0.0131895
1.54105 0.02538 -0.0195813
1.55445 0.0250403 -0.025339
1.56799 0.0246303 -0.0302771
1.58204 0.0241477 -0.0343709
1.5962 0.0236194 -0.0372936
1.61027 0.023071 -0.0389837
1.62492 0.0224945 -0.0393525
1.63948 0.0219362 -0.0383385
1.6544 0.0214019 -0.0358043
1.66968 0.0209176 -0.0317031
1.68443 0.0205269 -0.0264867
1.6989 0.0202337 -0.0202625
1.71283 0.0200474 -0.0133792
1.72702 0.0199641 -0.00586154
1.74049 0.0199867 0.00167383
1.75438 0.0201181 0.00945905
1.76792 0.0203455 0.0167976
1.78142 0.0206639 0.0235932
1.7951 0.0210703 0.0296935
1.80908 0.0215602 0.0350465
1.8227 0.0220951 0.0392761
1.8362 0.0226669 0.0423745
1.84954 0.023257 0.0442135
1.86322 0.0238701 0.0448109
1.87655 0.0244562 0.0439817
1.89025 0.0250296 0.0418413
1.90374 0.025546 0.0383051
1.91726 0.025999 0.0335016
1.93073 0.0263699 0.0275329
1.94433 0.0266513 0.020689
1.95764 0.0268311 0.0135073
1.9705 0.0269089 0.00605093
1.9832 0.0268913 -0.00137912
1.996 0.0267798 -0.0087145
2.00884 0.0265791 -0.0156331
2.02151 0.0263033 -0.0217671
2.03494 0.0259338 -0.0275166
2.04842 0.0254981 -0.0323182
2.06182 0.0250153 -0.0360163
2.07552 0.0244859 -0.038648
2.08981 0.0239128 -0.0401024
2.10414 0.0233358 -0.040267
2.11884 0.0227611 -0.0391033
2.13363 0.0222206 -0.0365532
2.14884 0.021726 -0.0325028
2.16343 0.0213255 -0.027446
2.17781 0.0210183 -0.0213775
2.19178 0.0208107 -0.0148531
2.20611 0.0207004 -0.00770106
2.21974 0.0206931 -0.000533858
2.23373 0.0207878 0.00676726
2.24717 0.0209696 0.0135391
2.2605 0.0212336 0.0197984
2.27454 0.0215924 0.0255546
2.28845 0.0220127 0.0302193
2.30209 0.0224728 0.0337267
2.31555 0.0229575 0.0360122
2.32927 0.0234664 0.0370915
2.34324 0.0239798 0.0367381
2.3571 0.0244654 0.0350486
2.37114 0.0249128 0.0318749
2.38578 0.0253107 0.0271613
2.39967 0.0256081 0.0214193
2.41377 0.0258154 0.0146956
2.42729 0.0259193 0.00769
2.44058 0.0259233 0.00030442
2.45339 0.0258334 -0.00701869
2.46696 0.0256356 -0.0145729
2.47989 0.0253606 -0.0212734
2.4931 0.0249993 -0.0273507
2.50646 0.0245627 -0.0326751
2.52038 0.0240434 -0.037295
2.5344 0.0234719 -0.0407709
2.54856 0.0228621 -0.0430734
2.56234 0.0222553 -0.044031
2.57633 0.0216444 -0.0436722
2.59044 0.0210523 -0.0419476
2.60508 0.0204865 -0.0386546
2.61949 0.0199975 -0.0339478
2.63338 0.0196057 -0.0282012
2.64718 0.0193094 -0.0214697
2.66078 0.0191177 -0.0140983
2.6747 0.0190324 -0.0061233
2.68811 0.0190574 0.00185701
2.70102 0.0191796 0.00947355
2.71438 0.0194064 0.0169689
2.72729 0.019711 0.0236115
2.74071 0.0201102 0.0297269
2.75378 0.020565 0.0348185
2.76659 0.0210635 0.0389142
2.77985 0.0216215 0.0420799
2.79337 0.0222182 0.0441183
2.80703 0.0228311 0.0448788
2.821 0.0234475 0.0441079
2.83486 0.0240307 0.0420993
2.8488 0.0245686 0.0385696
2.86292 0.0250446 0.0337117
2.87693 0.0254331 0.0277348
2.89095 0.0257238 0.0207371
2.90401 0.0259022 0.0136569
2.91804 0.0259825 0.00572381
2.93158 0.0259542 -0.00208638
2.94518 0.0258213 -0.00977863
2.95787 0.0256116 -0.0165176
2.97107 0.0253108 -0.0227863
2.98458 0.0249286 -0.0282919
2.99836 0.0244747 -0.0329484
3.01143 0.0239997 -0.0363348
3.02484 0.0234808 -0.0386821
3.03921 0.0229082 -0.0398457
3.05382 0.022329 -0.0396592
3.0686 0.021767 -0.0380175
3.08374 0.0212401 -0.0347994
3.09888 0.0207833 -0.0301808
3.11284 0.0204372 -0.0247919
3.1273 0.0201734 -0.0182363
3.14113 0.0200157 -0.0114032
3.15555 0.0199599 -0.00386808
3.16947 0.0200109 0.00366083
3.18321 0.0201616 0.0109768
3.19732 0.020415 0.0179495
3.21124 0.020751 0.024147
3.22523 0.0211631 0.0294555
3.23927 0.0216368 0.0337308
3.25285 0.0221365 0.0367924
3.26686 0.0226781 0.0386748
3.28077 0.0232234 0.0392074
3.29483 0.0237625 0.0383356
3.30929 0.0242834 0.0360121
3.32388 0.0247515 0.0321043
3.33832 0.0251398 0.0268764
3.35215 0.0254257 0.0206665
3.3665 0.0256197 0.0135193
3.37978 0.0257049 0.00642534
3.39284 0.0256917 -0.00101586
3.40605 0.0255806 -0.00841283
3.41924 0.0253764 -0.0154767
3.43244 0.0250857 -0.0220208
3.44546 0.0247237 -0.0278086
3.4591 0.0242752 -0.0328698
3.47307 0.0237591 -0.0369448
3.48658 0.0232219 -0.0397809
3.50084 0.0226312 -0.0414283
3.51488 0.0220457 -0.0416913
3.52932 0.02146 -0.0405695
3.54368 0.0209134 -0.0380478
3.5585 0.0204103 -0.0339514
3.5732 0.0199917 -0.0284808
3.58751 0.019677 -0.0219916
3.60128 0.0194724 -0.014854
3.61526 0.0193727 -0.00713303
3.6282 0.0193775 0.000366698
3.64209 0.019494 0.00838962
3.65556 0.0197077 0.0158654
3.66856 0.0200012 0.0225874
3.68239 0.0204009 0.0288871
3.69623 0.0208752 0.0342815
3.70936 0.0213809 0.0385073
3.72272 0.0219388 0.04175
3.73617 0.0225278 0.0438133
3.74987 0.0231384 0.0445459
3.76353 0.0237389 0.0439675
3.77735 0.0243193 0.0419946
3.7914 0.0248605 0.0385376
3.80569 0.0253425 0.033717
3.82002 0.0257383 0.0276272
3.83389 0.0260241 0.020602
3.84687 0.0261997 0.0135295
3.86081 0.0262776 0.00558824
3.87394 0.0262501 -0.00209306
3.88741 0.0261195 -0.00970279
3.90002 0.0259118 -0.0164735
3.91302 0.0256166 -0.0227093
3.92653 0.0252344 -0.0282837
3.94025 0.0247829 -0.032903
3.95339 0.0243059 -0.0362923
3.96674 0.0237906 -0.0386095
3.98112 0.0232191 -0.0397375
3.99576 0.0226409 -0.0395076
4.01059 0.0220797 -0.0378392
4.02577 0.0215543 -0.0345949
4.04104 0.0210977 -0.0299062
4.05504 0.0207537 -0.0245799
4.06944 0.020493 -0.0180941
4.08348 0.0203358 -0.0112027
4.09796 0.0202834 -0.00361935
4.11176 0.0203369 0.00388246
4.12585 0.0204975 0.0113883
4.13998 0.0207577 0.0184181
4.15374 0.0210965 0.0246272
4.16769 0.0215147 0.0299903
4.18159 0.0219915 0.034297
4.19509 0.0224969 0.0374329
4.20886 0.0230393 0.0393859
4.22259 0.0235889 0.0400397
4.23663 0.0241398 0.039225
4.2508 0.0246641 0.0370163
4.26539 0.0251477 0.033136
4.27986 0.0255511 0.027884
4.2935 0.0258475 0.0217271
4.30727 0.0260512 0.0147946
4.32043 0.0261518 0.00764656
4.33323 0.0261553 0.000268842
4.34604 0.0260634 -0.00716788
4.35917 0.0258729 -0.0145195
4.37215 0.0255965 -0.0212791
4.38496 0.0252482 -0.0272016
4.39844 0.0248092 -0.0325633
4.41226 0.0242974 -0.0370474
4.42604 0.023741 -0.0403748
4.44008 0.0231436 -0.0425468
4.45399 0.0225401 -0.0433707
4.46811 0.0219351 -0.0428678
4.4825 0.021345 -0.0409838
4.49732 0.0207892 -0.0375164
4.51177 0.0203152 -0.0327941
4.5256 0.0199401 -0.0271231
4.53958 0.0196551 -0.020385
4.55332 0.0194739 -0.0131914
4.56751 0.0193982 -0.00533647
4.58111 0.0194317 0.00246115
4.59426 0.0195619 0.009902
4.60797 0.019797 0.0171547
4.62134 0.020112 0.0235624
4.6351 0.0205151 0.0292887
4.64831 0.0209623 0.033847
4.6613 0.0214479 0.0373891
4.67469 0.0219824 0.0399198
4.68876 0.0225634 0.041308
4.70275 0.0231406 0.0412521
4.71641 0.0236856 0.0399053
4.73107 0.0242282 0.0370079
4.74555 0.0247008 0.0326213
4.75978 0.0250861 0.0270728
4.77376 0.0253724 0.0204893
4.78759 0.0255576 0.0133909
4.80112 0.0256393 0.00603708
4.81456 0.0256176 -0.00161425
4.82846 0.0254869 -0.00940344
4.84207 0.0252607 -0.0166177
4.85575 0.0249442 -0.0231508
4.86912 0.0245605 -0.0286842
4.88313 0.0240913 -0.0334864
4.89666 0.0235901 -0.0370476
4.91002 0.0230631 -0.0394383
4.9243 0.022483 -0.0406433
4.9385 0.0219085 -0.0404634
4.95312 0.0213401 -0.0388743
4.96788 0.0208128 -0.0357115
4.98274 0.0203504 -0.031124
4.9965 0.0199964 -0.0257247
5.01079 0.0197229 -0.01914
5.02452 0.0195559 -0.0121653
5.03884 0.0194918 -0.00447832
5.05255 0.019535 0.00315638
5.06596 0.0196764 0.0105388
5.07974 0.0199195 0.0176469
5.0932 0.0202419 0.023962
5.10716 0.020656 0.0296517
5.12085 0.0211251 0.0342633
5.13411 0.0216261 0.0377889
5.14783 0.0221784 0.0402691
5.16168 0.022754 0.0415394
5.17566 0.0233331 0.0414352
5.19003 0.0239072 0.0399403
5.20461 0.024445 0.0368983
5.21888 0.0249087 0.0324817
5.23299 0.0252882 0.0268957
5.24684 0.0255698 0.0203347
5.26038 0.0257508 0.0133699
5.2743 0.0258312 0.00577597
5.2875 0.0258082 -0.00174102
5.3013 0.0256771 -0.00949962
5.31426 0.0254639 -0.0164605
5.32771 0.0251549 -0.0229642
5.34124 0.0247676 -0.0286218
5.35521 0.0243002 -0.0334538
5.36855 0.0238063 -0.0370255
5.3819 0.0232794 -0.0394734
5.39621 0.0226963 -0.0407517
5.41042 0.0221187 -0.0406466
5.42508 0.0215448 -0.0391612
5.43982 0.0210121 -0.0361366
5.45459 0.0205435 -0.0317083
5.46855 0.0201755 -0.0263723
5.48277 0.0198923 -0.0199161
5.49651 0.0197131 -0.0130451
5.51076 0.0196349 -0.00548217
5.52423 0.0196618 0.0019936
5.53809 0.0197945 0.00957829
5.55203 0.0200279 0.0167418
5.56548 0.0203387 0.0231023
5.57958 0.020746 0.028881
5.59334 0.0212075 0.0335406
5.60664 0.0217009 0.037098
5.62025 0.0222397 0.0395932
5.63418 0.0228095 0.0409077
5.6482 0.0233819 0.0408193
5.66235 0.0239389 0.0393724
5.67702 0.0244724 0.0363549
5.6914 0.0249313 0.0319268
5.70558 0.0253046 0.0263203
5.71946 0.0255787 0.0197536
5.73304 0.0257523 0.0127826
5.74699 0.0258245 0.00517625
5.76019 0.0257936 -0.00234227
5.77404 0.0256537 -0.0101
5.78701 0.0254339 -0.0169537
5.80049 0.025119 -0.0233603
5.814 0.0247286 -0.0288904
5.82805 0.0242562 -0.0336175
5.84149 0.0237576 -0.037098
5.85487 0.0232301 -0.0394318
5.86918 0.0226498 -0.0405523
5.88345 0.0220747 -0.0403032
5.89811 0.0215083 -0.0386448
5.91296 0.0209823 -0.0354061
5.92783 0.0205252 -0.0307569
5.9416 0.0201765 -0.0253215
5.95591 0.0199096 -0.0186467
5.96972 0.0197503 -0.0115326
5.98406 0.0196975 -0.00368014
5.99782 0.0197544 0.00412967
6.01129 0.0199116 0.0116739
6.02509 0.0201729 0.0189432
6.03857 0.0205155 0.025416
6.05253 0.0209522 0.0312718
6.06608 0.0214387 0.0359173
6.07926 0.0219593 0.0394853
6.09266 0.022522 0.0419983
6.10611 0.0231051 0.0433472
6.11994 0.0237051 0.0433904
6.13408 0.0242981 0.0419368
6.14868 0.0248678 0.0390031
6.16301 0.0253628 0.0345507
6.17743 0.0257774 0.0287525
6.1912 0.0260809 0.0220372
6.20504 0.0262835 0.0146323
6.21856 0.0263782 0.00700678
6.23185 0.0263679 -0.000773841
6.2454 0.0262508 -0.00864069
6.25796 0.0260556 -0.0155467
6.271 0.0257679 -0.0220501
6.28428 0.0253985 -0.0278214
6.29798 0.024949 -0.0328043
6.31128 0.0244621 -0.0366121
6.32466 0.0239359 -0.0393341
6.3392 0.0233406 -0.0409512
6.35353 0.0227506 -0.0411525
6.36822 0.0221629 -0.0400079
6.38297 0.0216112 -0.0374033
6.3978 0.0211163 -0.0333789
6.41258 0.0207 -0.0281622
6.42709 0.0203828 -0.0218658
6.44098 0.0201727 -0.015121
6.4553 0.0200624 -0.00770324
6.46895 0.0200589 -0.000258956
6.48307 0.0201633 0.00738787
6.49636 0.0203534 0.0143157
6.50951 0.0206257 0.0207031
6.52349 0.0209981 0.0266413
6.53755 0.0214421 0.0315685
6.55099 0.0219164 0.0352816
6.56439 0.0224238 0.0378836
6.57823 0.0229684 0.039341
6.59224 0.0235204 0.0394053
6.60623 0.0240532 0.0380953
6.62043 0.0245552 0.0353529
6.635 0.0250072 0.0310287
6.6493 0.025372 0.0255028
6.66329 0.0256372 0.0189506
6.67724 0.0258022 0.0118283
6.69082 0.0258622 0.00441928
6.7043 0.0258174 -0.00331774
6.71829 0.0256613 -0.011167
6.73151 0.0254209 -0.018179
6.74511 0.0250854 -0.0246753
6.75838 0.0246847 -0.0301942
6.77261 0.0241849 -0.0351148
6.78668 0.0236385 -0.0388242
6.80026 0.0230781 -0.0412774
6.81432 0.0224804 -0.042523
6.82847 0.0218803 -0.0424003
6.84304 0.0212846 -0.0408748
6.85808 0.0207175 -0.037714
6.87257 0.0202357 -0.0332585
6.88669 0.0198443 -0.027705
6.90076 0.0195476 -0.0210924
6.91433 0.0193571 -0.0140361
