t x vx
0.01 0.0164798 -0.0020236
0.02 0.0164169 -0.00628586
0.0266582 0.0163555 -0.00922877
0.0337601 0.0162678 -0.0123367
0.0410493 0.0161551 -0.015465
0.0484143 0.0160187 -0.0185228
0.0558314 0.01586 -0.0214026
0.0632396 0.0156817 -0.0240579
0.0706031 0.0154876 -0.0263664
0.0779409 0.0152807 -0.0281962
0.085255 0.0150651 -0.0294756
0.0925511 0.0148442 -0.030271
0.0998524 0.0146234 -0.0302482
0.10713 0.0144078 -0.0296212
0.11422 0.0142069 -0.028334
0.121373 0.0140185 -0.0263367
0.128392 0.0138513 -0.0238327
0.135512 0.0137034 -0.0207643
0.142564 0.0135806 -0.017421
0.149721 0.0134813 -0.013871
0.156492 0.0134123 -0.0101881
0.159307 0.0133881 -0.00860116
0.16214 0.0133682 -0.00701154
0.165095 0.0133523 -0.00538335
0.16809 0.0133412 -0.00372426
0.170975 0.0133351 -0.00210058
0.17389 0.0133339 -0.000426329
0.176692 0.0133372 0.0011828
0.179535 0.0133451 0.00278791
0.182269 0.0133568 0.00428427
0.185105 0.0133733 0.00581151
0.187838 0.0133931 0.0072627
0.19068 0.013418 0.00875048
0.193407 0.0134456 0.0101089
0.196233 0.013478 0.0114703
0.203036 0.0135758 0.0143783
0.210054 0.0136948 0.0169509
0.217426 0.013837 0.0192864
0.224782 0.0139935 0.0212838
0.232008 0.0141586 0.0228461
0.239219 0.0143317 0.0240127
0.246369 0.0145086 0.0247367
0.253537 0.0146881 0.0250343
0.260757 0.014868 0.024918
0.26788 0.015042 0.0244254
0.275029 0.0152105 0.0235807
0.282317 0.0153738 0.0224035
0.289608 0.0155265 0.0209363
0.296991 0.0156671 0.0190448
0.304364 0.0157905 0.0167373
0.311592 0.015893 0.0141792
0.318672 0.0159734 0.0113675
0.325844 0.0160327 0.00825936
0.332991 0.0160683 0.00497982
0.339985 0.0160796 0.00161967
0.346842 0.0160677 -0.00172769
0.353603 0.0160333 -0.00509317
0.360301 0.0159771 -0.00838944
0.367024 0.0158998 -0.0114971
0.37371 0.0158038 -0.0143582
0.380348 0.0156919 -0.0168586
0.387048 0.0155651 -0.0189249
0.393879 0.0154254 -0.0204573
0.400936 0.0152752 -0.0212741
0.407733 0.0151302 -0.0213376
0.414355 0.0149924 -0.0208083
0.421015 0.014861 -0.0197361
0.427535 0.014742 -0.0182492
0.433964 0.0146366 -0.0163911
0.440107 0.0145481 -0.0144024
0.44622 0.0144733 -0.0122404
0.452296 0.0144134 -0.00985923
0.458341 0.014369 -0.00734666
0.46425 0.0143407 -0.00478335
0.469961 0.0143276 -0.00230498
0.475732 0.0143282 0.000107092
0.482076 0.0143455 0.00272545
0.488734 0.0143818 0.00545989
0.495603 0.0144384 0.00823467
0.502681 0.0145152 0.010845
0.509804 0.0146086 0.0131123
0.516925 0.014716 0.015085
0.524134 0.014836 0.0166468
0.531293 0.0149629 0.0177236
0.538611 0.0150969 0.0183103
0.545754 0.0152281 0.0183724
0.552794 0.0153549 0.0180201
0.560038 0.0154801 0.0172733
0.567187 0.0155953 0.0161208
0.574131 0.0156972 0.0146718
0.581093 0.0157875 0.0129724
0.588178 0.0158655 0.0110105
0.59527 0.0159284 0.00886788
0.602342 0.0159745 0.00651971
0.609393 0.0160033 0.00407489
0.616193 0.0160144 0.00163687
0.622892 0.0160095 -0.000724626
0.629562 0.0159892 -0.00304764
0.636311 0.0159528 -0.00539998
0.643251 0.0158994 -0.00768303
0.650523 0.0158276 -0.00987855
0.65816 0.0157367 -0.0119059
0.665622 0.0156352 -0.0136025
0.67291 0.0155265 -0.0149065
0.680111 0.0154128 -0.0157953
0.687351 0.015295 -0.0162644
0.694471 0.015179 -0.0162983
0.701592 0.0150662 -0.015839
0.708572 0.0149609 -0.0150813
0.715454 0.0148642 -0.0140651
0.722269 0.0147766 -0.0128465
0.728945 0.0146998 -0.0115001
0.735427 0.0146347 -0.0100434
0.741855 0.0145803 -0.00847463
0.748263 0.0145365 -0.00683559
0.754344 0.014505 -0.00516965
0.760638 0.0144839 -0.00335768
0.76739 0.014475 -0.00132026
0.774312 0.0144802 0.000752297
0.781388 0.0145004 0.002853
0.788383 0.0145347 0.00490156
0.795607 0.0145848 0.00694315
0.802833 0.0146486 0.00882221
0.810159 0.0147258 0.0105394
0.81749 0.0148141 0.0120482
0.824844 0.014912 0.0133142
0.832045 0.0150145 0.0142394
0.839516 0.0151256 0.0148691
0.847106 0.0152407 0.0151632
0.854631 0.0153551 0.0151936
0.862104 0.0154671 0.014991
0.869547 0.0155753 0.0145369
0.876659 0.0156737 0.0138453
0.883809 0.0157666 0.0129864
0.890699 0.0158496 0.0120413
0.897571 0.0159251 0.0109963
0.904565 0.0159939 0.00983244
0.911723 0.0160551 0.00854548
0.918682 0.0161054 0.00722775
0.92548 0.0161448 0.00580109
0.932208 0.0161741 0.00435438
0.938986 0.0161942 0.00297307
0.945928 0.0162053 0.00158926
0.953088 0.0162077 0.000337758
0.960437 0.0162012 -0.000885792
0.967855 0.0161863 -0.00200362
0.975101 0.016165 -0.00294563
0.982143 0.0161389 -0.00370054
0.989055 0.0161097 -0.00423198
0.995909 0.0160786 -0.00453198
1.00283 0.0160473 -0.00452802
1.00988 0.0160173 -0.00425882
1.01712 0.0159899 -0.00377695
1.02454 0.0159669 -0.00310103
1.03184 0.0159502 -0.00227959
1.03914 0.0159404 -0.00134554
1.04628 0.0159376 -0.000391025
1.05346 0.0159422 0.000632817
1.06045 0.0159542 0.00172347
1.06743 0.0159745 0.00289847
1.074 0.016001 0.00404575
1.08034 0.0160336 0.00514009
1.087 0.0160751 0.0062355
1.09412 0.0161278 0.00739415
1.10172 0.0161937 0.00867133
1.1092 0.0162678 0.009909
1.11687 0.016353 0.0111084
1.12449 0.016446 0.0121945
1.132 0.0165446 0.0131369
1.13957 0.0166506 0.0139971
1.14708 0.016761 0.0147071
1.15418 0.0168689 0.0152025
1.16104 0.0169753 0.0155025
1.16778 0.0170802 0.0155667
1.17449 0.0171837 0.0154135
1.18124 0.0172853 0.0150529
1.1881 0.0173841 0.0144177
1.19511 0.0174787 0.0134928
1.20235 0.0175679 0.012321
1.20967 0.0176481 0.0109594
1.21689 0.0177168 0.00951605
1.22413 0.0177754 0.00808918
1.23126 0.0178226 0.0066217
1.23854 0.0178599 0.00512332
1.24556 0.0178863 0.00375542
1.25258 0.0179038 0.00249997
1.25963 0.0179136 0.00139165
1.2666 0.0179166 0.000421735
1.27354 0.0179135 -0.000440567
1.28073 0.0179049 -0.00120485
1.28817 0.0178914 -0.00180724
1.29589 0.0178745 -0.00218752
1.30362 0.0178566 -0.00232376
1.31135 0.0178392 -0.00225104
1.31896 0.0178244 -0.00194364
1.32639 0.0178137 -0.00143353
1.3337 0.0178083 -0.000736706
1.34092 0.0178091 0.000102867
1.34809 0.0178166 0.0010503
1.35523 0.0178313 0.00205162
1.36232 0.0178529 0.00306022
1.36934 0.0178814 0.00405881
1.37632 0.0179163 0.00499794
1.38336 0.0179577 0.00586703
1.39044 0.0180048 0.00665895
1.39752 0.0180569 0.00736299
1.40461 0.0181133 0.00796279
1.4117 0.0181732 0.0084362
1.41889 0.018236 0.00874118
1.426 0.0182987 0.00881498
1.43296 0.018359 0.00865841
1.4399 0.0184166 0.00830755
1.44698 0.0184719 0.0078081
1.45423 0.018524 0.0071854
1.46165 0.018572 0.00646761
1.46916 0.0186147 0.00568394
1.47658 0.0186509 0.0048803
1.48388 0.0186808 0.00410204
1.49103 0.0187051 0.0033894
1.49809 0.0187244 0.00273922
1.50521 0.0187398 0.00216248
1.51245 0.0187519 0.00166896
1.5199 0.0187613 0.00126107
1.52764 0.0187684 0.000923028
1.53546 0.0187736 0.000668604
1.54332 0.0187776 0.000499483
1.55121 0.0187809 0.00041502
1.5591 0.0187842 0.000419065
1.56697 0.0187882 0.000514943
1.57473 0.0187936 0.000693945
1.58186 0.0188002 0.000930828
1.58857 0.0188083 0.00120624
1.595 0.018818 0.00149703
1.60133 0.0188294 0.00180815
1.60767 0.018843 0.00214805
1.61414 0.0188594 0.00252636
1.62085 0.0188794 0.00298496
1.62794 0.018904 0.0034683
1.63533 0.0189326 0.00387375
1.64279 0.0189631 0.00409535
1.65024 0.0189945 0.00421014
1.65771 0.0190266 0.00428767
1.66518 0.0190584 0.0042686
1.67272 0.0190895 0.00412001
1.6804 0.0191191 0.00385865
1.68827 0.0191467 0.00350322
1.69613 0.0191707 0.00304876
1.70398 0.0191904 0.00250931
1.71154 0.0192051 0.00195454
1.71885 0.0192155 0.0014122
1.72628 0.0192221 0.000899431
1.73404 0.0192255 0.000426934
1.742 0.0192253 -1.8277e-05
1.74995 0.019222 -0.000419508
1.75789 0.0192163 -0.000711653
1.76576 0.0192095 -0.000865082
1.77324 0.0192028 -0.000899274
1.78062 0.0191966 -0.000844538
1.78824 0.0191909 -0.000742124
1.79563 0.0191866 -0.000576387
1.80253 0.0191845 -0.000309623
1.8091 0.0191846 1.50791e-05
1.81537 0.019187 0.000384451
1.82139 0.0191915 0.000748164
1.82721 0.019198 0.00111798
1.83285 0.0192064 0.00147941
1.83833 0.0192164 0.00183191
1.84367 0.0192282 0.00219798
1.84888 0.0192415 0.00256402
1.85399 0.0192564 0.00290751
1.85902 0.0192725 0.00321297
1.86403 0.01929 0.00348394
1.86905 0.0193087 0.00371991
1.87412 0.0193287 0.00395059
1.87928 0.0193502 0.0041778
1.88456 0.0193733 0.00437325
1.89 0.0193981 0.00455473
1.89563 0.0194248 0.00473342
1.90149 0.0194535 0.00490435
1.90763 0.0194844 0.00502901
1.91411 0.0195171 0.00505018
1.92074 0.0195496 0.0048999
1.92333 0.019562 0.00478881
1.92593 0.0195741 0.00465703
1.9284 0.0195853 0.00450617
1.93078 0.0195956 0.0043604
1.9331 0.0196054 0.00423272
1.93539 0.0196149 0.00412426
1.93768 0.0196241 0.00402568
1.93999 0.0196332 0.00392962
1.94236 0.0196422 0.00382552
1.94481 0.0196514 0.00372249
1.94739 0.0196607 0.0036331
1.95014 0.0196705 0.00356639
1.95303 0.0196807 0.00352097
1.9559 0.0196907 0.00348805
1.95874 0.0197006 0.00346875
1.96157 0.0197104 0.00347026
1.96439 0.0197203 0.00351746
1.96722 0.0197306 0.00362894
1.97006 0.0197414 0.00381156
1.97294 0.0197531 0.00405557
1.97584 0.0197657 0.00433537
1.97872 0.0197791 0.00465532
1.98156 0.0197933 0.00503038
1.98435 0.0198086 0.00544647
1.98712 0.0198248 0.00588351
1.98992 0.0198426 0.00635213
1.99266 0.0198614 0.00683992
1.99534 0.019881 0.00733342
1.99798 0.0199017 0.0078184
2.00058 0.0199233 0.00831253
2.00315 0.019946 0.00882459
2.00569 0.0199698 0.00937144
2.00821 0.0199948 0.00994589
2.01071 0.0200212 0.0105302
2.01319 0.0200487 0.0111102
2.01565 0.0200774 0.0116811
2.01809 0.0201073 0.0122555
2.02051 0.0201385 0.0128411
2.02292 0.0201707 0.0134309
2.0253 0.0202042 0.0140135
2.02767 0.0202387 0.0145737
2.03003 0.0202743 0.0150801
2.03239 0.0203109 0.0155244
2.03475 0.0203484 0.0159078
2.03712 0.0203869 0.0162484
2.03951 0.0204265 0.0165523
2.04194 0.0204675 0.0168263
2.04438 0.0205091 0.0170829
2.0468 0.0205511 0.0173196
2.04922 0.0205933 0.0175023
2.05162 0.0206357 0.0175965
2.05402 0.0206778 0.0175856
2.05641 0.0207197 0.0174871
2.0588 0.0207611 0.0173394
2.06119 0.020802 0.0171272
2.06358 0.0208423 0.0168423
2.06598 0.0208818 0.016483
2.06838 0.0209204 0.0160672
2.07079 0.020958 0.0156274
2.0732 0.0209946 0.0151558
2.07563 0.0210301 0.0146538
2.07806 0.0210645 0.0141212
2.08047 0.0210971 0.0135566
2.0828 0.0211273 0.0129863
2.08505 0.0211553 0.0124048
2.08725 0.0211813 0.0118229
2.08941 0.0212056 0.0112471
2.09154 0.0212283 0.0106604
2.09364 0.0212494 0.0100486
2.09574 0.0212691 0.00940876
2.09775 0.0212868 0.0087736
2.09956 0.0213016 0.00820955
2.10118 0.0213142 0.00770264
2.10268 0.021325 0.00724186
2.10406 0.0213344 0.00681364
2.10536 0.0213428 0.0064106
2.10659 0.0213502 0.00602605
2.10776 0.0213568 0.00565813
2.10888 0.0213627 0.00530809
2.10995 0.0213681 0.00497583
2.11099 0.0213729 0.00465871
2.112 0.0213773 0.00435511
2.11299 0.0213813 0.00406367
2.11395 0.021385 0.00378259
2.1149 0.0213883 0.00351043
2.11584 0.0213913 0.00324475
2.11677 0.0213941 0.00298411
2.11769 0.0213966 0.00272789
2.11861 0.0213989 0.00247561
2.11954 0.021401 0.00222867
2.12047 0.0214028 0.00198791
2.1214 0.0214045 0.00175343
2.12236 0.0214059 0.00152253
2.12332 0.0214072 0.00129441
2.12431 0.0214082 0.0010677
2.12532 0.0214091 0.000841456
2.12637 0.0214097 0.000614336
2.12744 0.0214101 0.000384513
2.12856 0.0214103 0.000150221
2.12971 0.0214102 -9.03155e-05
2.13092 0.0214098 -0.000339458
2.13213 0.0214091 -0.000579814
2.13326 0.0214082 -0.000799188
2.13433 0.0214071 -0.00100122
2.13534 0.0214059 -0.00118993
2.13629 0.0214046 -0.00137174
2.1372 0.0214032 -0.00154719
2.13807 0.0214017 -0.00171573
2.13891 0.0214001 -0.00187565
2.13972 0.0213985 -0.00202706
2.1405 0.0213968 -0.00217071
2.14126 0.021395 -0.00230706
2.142 0.0213932 -0.00243652
2.14273 0.0213914 -0.00255886
2.14344 0.0213895 -0.00267364
2.14415 0.0213875 -0.00278071
2.14484 0.0213855 -0.00288078
2.14553 0.0213834 -0.00297448
2.14622 0.0213813 -0.00306174
2.14691 0.0213792 -0.00314301
2.1476 0.021377 -0.0032184
2.14829 0.0213747 -0.00328752
2.14899 0.0213723 -0.0033503
2.14971 0.0213699 -0.00340692
2.15043 0.0213674 -0.003459
2.15118 0.0213648 -0.00350731
2.15195 0.021362 -0.00355539
2.15275 0.0213591 -0.00360586
2.15358 0.0213561 -0.00366094
2.15445 0.0213528 -0.00371788
2.15538 0.0213493 -0.00377768
2.15638 0.0213455 -0.00384519
2.15746 0.0213413 -0.00392382
2.15863 0.0213366 -0.00402627
2.15977 0.0213318 -0.00416693
2.16088 0.021327 -0.00433655
2.162 0.0213219 -0.00452796
2.16311 0.0213167 -0.00473458
2.16424 0.0213111 -0.00494532
2.16541 0.0213051 -0.00516267
2.16662 0.0212986 -0.00537468
2.16788 0.0212915 -0.00557591
2.16907 0.0212846 -0.00576412
2.1702 0.0212779 -0.0059244
2.17128 0.0212714 -0.00605338
2.17231 0.021265 -0.00616489
2.17331 0.0212588 -0.00626427
2.17428 0.0212526 -0.00635296
2.17522 0.0212466 -0.00643526
2.17614 0.0212406 -0.00651288
2.17704 0.0212347 -0.00658513
2.17792 0.0212288 -0.00665054
2.17879 0.021223 -0.00670327
2.17964 0.0212172 -0.00673761
2.18049 0.0212115 -0.00674847
2.18132 0.0212059 -0.00674017
2.18214 0.0212004 -0.00672012
2.18296 0.0211949 -0.00669027
2.18377 0.0211896 -0.00665065
2.18457 0.0211843 -0.00660163
2.18536 0.0211791 -0.00654403
2.18615 0.021174 -0.00647901
2.18693 0.021169 -0.00640802
2.1877 0.0211641 -0.00633099
2.18847 0.0211593 -0.00625051
2.18923 0.0211546 -0.00617055
2.18999 0.02115 -0.00609266
2.19073 0.0211455 -0.00601821
2.19148 0.0211411 -0.00594742
2.19221 0.0211367 -0.00587859
2.19294 0.0211325 -0.00581163
2.19366 0.0211284 -0.00574469
2.19438 0.0211243 -0.00567607
2.19508 0.0211203 -0.00560528
2.19578 0.0211165 -0.0055336
2.19648 0.0211127 -0.00546165
2.19716 0.021109 -0.00538962
2.19784 0.0211054 -0.00531622
2.19851 0.0211019 -0.00523824
2.19917 0.0210985 -0.00515407
2.19983 0.0210952 -0.0050624
2.20048 0.0210919 -0.00496433
2.20112 0.0210888 -0.00486036
2.20175 0.0210858 -0.00475066
2.20238 0.0210829 -0.004636
2.203 0.0210801 -0.00451858
2.20361 0.0210774 -0.00440091
2.20422 0.0210748 -0.00428694
2.20481 0.0210723 -0.00417844
2.2054 0.0210699 -0.00407538
2.20599 0.0210676 -0.00397735
2.20656 0.0210654 -0.00388289
2.20713 0.0210632 -0.00378974
2.20768 0.0210611 -0.00369862
2.20823 0.0210592 -0.00361207
2.20878 0.0210573 -0.00352941
2.20931 0.0210554 -0.00344944
2.20983 0.0210536 -0.00337018
2.21035 0.0210519 -0.00329214
2.21086 0.0210503 -0.00321566
2.21136 0.0210487 -0.003141
2.21185 0.0210472 -0.00306807
2.21233 0.0210458 -0.00299612
2.21282 0.0210444 -0.00292445
2.2133 0.021043 -0.00285161
2.21378 0.0210417 -0.00277579
2.21426 0.0210404 -0.00269587
2.21474 0.0210391 -0.00261165
2.21523 0.0210379 -0.00252287
2.21573 0.0210367 -0.00242821
2.21623 0.0210355 -0.00233025
2.21675 0.0210343 -0.0022348
2.21729 0.0210332 -0.00214189
2.21783 0.0210321 -0.00205016
2.2184 0.0210309 -0.00195966
2.219 0.0210298 -0.00186227
2.21961 0.0210288 -0.00175706
2.22027 0.0210277 -0.00164553
