t x vx
0.01 0.0164988 -0.000117851
0.02 0.0164951 -0.00036813
0.0560282 0.016451 -0.00122448
0.0920348 0.0163788 -0.00200696
0.129892 0.0162746 -0.00275173
0.168881 0.0161408 -0.00343027
0.208891 0.0159795 -0.00403297
0.249418 0.0157955 -0.00454097
0.290193 0.0155941 -0.00493723
0.330979 0.0153807 -0.00523198
0.371667 0.0151615 -0.00538899
0.412136 0.0149445 -0.00536256
0.452383 0.0147364 -0.00516978
0.492349 0.0145433 -0.00483205
0.532208 0.0143735 -0.00425838
0.572074 0.0142344 -0.00349077
0.612143 0.0141333 -0.00252196
0.652234 0.0140783 -0.00137187
0.692712 0.0140763 -5.09615e-05
0.734053 0.0141353 0.00142693
0.775279 0.0142583 0.00298379
0.817217 0.0144528 0.0046395
0.856737 0.0146995 0.00624212
0.897194 0.0150189 0.00789367
0.936584 0.0153936 0.00951199
0.975703 0.0158283 0.0111134
1.01373 0.0163103 0.0126752
1.05051 0.0168322 0.0141903
1.08533 0.0173761 0.0156203
1.11832 0.0179356 0.0169596
1.14952 0.0185029 0.0181817
1.17886 0.0190682 0.019268
1.20631 0.0196229 0.0202033
1.21654 0.0198337 0.0206222
1.226 0.0200326 0.0210185
1.23446 0.0202133 0.0213647
1.24256 0.0203889 0.021683
1.25033 0.0205596 0.0219676
1.25779 0.0207254 0.0222141
1.26496 0.0208861 0.0224147
1.27183 0.0210411 0.0225607
1.27842 0.0211902 0.0226419
1.28473 0.0213331 0.0226458
1.29078 0.0214696 0.0225555
1.29661 0.0215999 0.0223495
1.30225 0.0217241 0.0219953
1.30781 0.0218431 0.0214356
1.31341 0.0219582 0.0205355
