t x vx
0.01 0.0164998 -1.9056e-05
0.02 0.0165012 0.000136566
0.0276939 0.0165031 0.00024873
0.0359144 0.0165061 0.000365522
0.0443335 0.0165101 0.000480108
0.0529213 0.0165154 0.000608592
0.0615875 0.0165221 0.000782932
0.0702746 0.0165306 0.00097286
0.0789241 0.0165402 0.00111104
0.087547 0.0165509 0.00123763
0.0958982 0.0165622 0.00135468
0.104368 0.0165741 0.0014035
0.112374 0.0165871 0.00162764
0.120249 0.0166015 0.00182122
0.128236 0.0166171 0.00195624
0.136329 0.0166353 0.00224848
0.144129 0.016655 0.00252657
0.15207 0.0166766 0.00272777
0.16012 0.0167021 0.00316241
0.168529 0.0167332 0.00370202
0.176921 0.0167677 0.00410859
0.185269 0.0168058 0.00455679
0.19358 0.0168477 0.00504834
0.201876 0.016894 0.00558224
0.210162 0.0169447 0.00612135
0.218305 0.0169981 0.00655746
0.226326 0.0170527 0.00680247
0.234188 0.0171068 0.00688616
0.241962 0.0171602 0.00686138
0.249574 0.0172115 0.00674806
0.257379 0.0172615 0.00640174
0.265102 0.0173074 0.0059413
0.27297 0.0173497 0.00537604
0.280834 0.0173871 0.00475757
0.288772 0.0174193 0.00405999
0.296624 0.0174454 0.00331369
0.304442 0.017465 0.00250782
0.31227 0.0174776 0.00161547
0.320051 0.0174826 0.00064513
0.32782 0.0174798 -0.000359205
0.335679 0.0174691 -0.00137078
0.343628 0.0174502 -0.00237683
0.351512 0.0174238 -0.00334371
0.359236 0.0173911 -0.00423185
0.366914 0.0173525 -0.00503291
0.374623 0.0173084 -0.00572193
0.382434 0.0172591 -0.00631186
0.390125 0.0172068 -0.00679879
0.397679 0.0171526 -0.00716954
0.405147 0.0170974 -0.00739834
0.412783 0.0170404 -0.00746356
0.420568 0.0169834 -0.00732479
0.428417 0.0169285 -0.00698581
0.43628 0.0168777 -0.00646086
0.444147 0.0168323 -0.00577518
0.452006 0.0167932 -0.00497213
0.459726 0.0167614 -0.00412177
0.467234 0.0167367 -0.00329056
0.474564 0.0167183 -0.00250229
0.481753 0.0167057 -0.0017576
0.488849 0.0166982 -0.00105779
0.495961 0.0166953 -0.000410017
0.503279 0.0166966 0.00017954
0.510758 0.016702 0.000717183
0.51822 0.0167109 0.0012022
0.525819 0.0167236 0.00167131
0.533225 0.0167387 0.00203427
0.540461 0.0167552 0.00227411
0.547541 0.0167721 0.00239371
0.554632 0.0167894 0.0024345
0.561746 0.0168062 0.00236193
0.568935 0.0168216 0.00214409
0.576492 0.0168349 0.00176066
0.584361 0.016845 0.00128592
0.592005 0.0168506 0.000731853
0.599271 0.0168515 0.000123199
0.606443 0.0168475 -0.000553215
0.613633 0.0168389 -0.00120248
0.620679 0.0168266 -0.00174816
0.62761 0.0168109 -0.00225327
0.634596 0.016792 -0.00271196
0.641607 0.0167698 -0.00316684
0.64855 0.0167452 -0.00353979
0.655474 0.016719 -0.00379383
0.662408 0.0166912 -0.00399567
0.669468 0.0166615 -0.00421495
0.676604 0.01663 -0.00441224
0.683863 0.016597 -0.00454036
0.691359 0.0165627 -0.00457646
0.698992 0.0165284 -0.00450455
0.706551 0.0164956 -0.00433693
0.714105 0.0164651 -0.00402952
0.721698 0.0164374 -0.00364857
0.729067 0.0164138 -0.00320547
0.736325 0.0163942 -0.00270115
0.74366 0.0163785 -0.00214562
0.750869 0.016367 -0.00159312
0.758146 0.0163593 -0.00105031
0.765496 0.0163556 -0.000510036
0.772899 0.0163553 -4.22361e-05
0.780417 0.016358 0.000361015
0.787985 0.0163633 0.000697877
0.795545 0.016371 0.00102474
0.802804 0.0163801 0.00124911
0.81017 0.0163903 0.00138398
0.817313 0.0164003 0.0014041
0.824419 0.0164098 0.00133878
0.83168 0.0164185 0.00119036
0.838862 0.0164251 0.000918086
0.846229 0.0164288 0.000510462
0.853713 0.0164292 5.19205e-05
0.861297 0.0164253 -0.000510311
0.869055 0.0164167 -0.00112028
0.87676 0.0164036 -0.0017
0.884464 0.0163869 -0.0021561
0.89206 0.0163677 -0.00253524
0.899529 0.0163463 -0.00286112
0.906711 0.0163239 -0.00312374
0.913937 0.0163001 -0.00328837
0.921057 0.0162767 -0.00328802
0.928113 0.0162543 -0.00317529
0.93544 0.0162324 -0.00298944
0.942967 0.0162123 -0.00267429
0.95046 0.0161955 -0.00223981
0.957776 0.0161829 -0.00172449
0.965032 0.0161745 -0.00114825
0.972256 0.0161706 -0.000548516
0.979446 0.0161711 6.73776e-05
0.986604 0.016176 0.000684801
0.993746 0.0161851 0.00127902
1.00087 0.0161979 0.00179794
1.00799 0.0162137 0.00221054
1.0152 0.0162316 0.00249663
1.0225 0.0162509 0.00263317
1.02985 0.0162704 0.00265551
1.0373 0.0162897 0.00259429
1.04491 0.0163081 0.00241695
1.05267 0.0163239 0.00203743
1.06055 0.0163358 0.00150672
1.0683 0.0163429 0.000918798
1.07587 0.0163451 0.000285186
1.08351 0.0163425 -0.000341494
1.09101 0.0163352 -0.000970024
1.09844 0.0163231 -0.00162487
1.10588 0.0163059 -0.00231274
1.11328 0.0162839 -0.00296812
1.12058 0.0162582 -0.00352387
1.12799 0.0162292 -0.00391307
1.13534 0.016199 -0.004114
1.14269 0.0161684 -0.00416281
1.15018 0.0161377 -0.00409189
1.15787 0.0161078 -0.00388856
1.16553 0.0160808 -0.00353498
1.17325 0.0160573 -0.00304225
1.18088 0.0160386 -0.00245349
1.1884 0.0160252 -0.00178097
1.19569 0.0160178 -0.0010045
1.20305 0.0160173 -7.53162e-05
1.2103 0.0160235 0.000859421
1.21725 0.0160355 0.0017238
1.22422 0.0160524 0.00241829
1.23125 0.0160729 0.00291757
1.2384 0.0160963 0.00327115
1.24573 0.0161223 0.00355043
1.25325 0.0161507 0.00377663
1.26076 0.0161795 0.00383325
1.2684 0.0162078 0.00370771
1.27609 0.0162339 0.00339008
1.28384 0.0162564 0.00290484
1.29162 0.0162743 0.00230028
1.29933 0.0162864 0.00157681
1.30688 0.0162926 0.000812653
1.31437 0.0162927 2.11992e-05
1.32167 0.016287 -0.000784958
1.32888 0.0162753 -0.00162527
1.33602 0.0162579 -0.00242625
1.34302 0.0162357 -0.00317507
1.35003 0.0162086 -0.00386556
1.35697 0.0161777 -0.00445477
1.36397 0.0161435 -0.00488407
1.37117 0.0161063 -0.00516456
1.37863 0.0160667 -0.00530581
1.38638 0.0160257 -0.00529036
1.39412 0.0159862 -0.00510158
1.4018 0.0159503 -0.00468571
1.40943 0.0159195 -0.00403481
1.41674 0.0158956 -0.00326894
1.42396 0.015878 -0.00244121
1.4314 0.0158668 -0.00149703
1.4387 0.0158635 -0.000458336
1.44582 0.015868 0.000628705
1.45269 0.0158792 0.00162979
1.45934 0.0158959 0.0025206
1.46628 0.0159188 0.00329982
1.47325 0.0159456 0.00384604
1.48046 0.0159763 0.00424563
1.48768 0.0160085 0.00447276
1.49514 0.0160421 0.00449941
1.5028 0.0160752 0.00432167
1.51059 0.0161062 0.00397974
1.51834 0.0161332 0.00348593
1.52603 0.0161554 0.00288734
1.53365 0.016172 0.00218198
1.54121 0.0161827 0.00140618
1.54864 0.0161874 0.000635325
1.55587 0.0161867 -0.000104961
1.56301 0.0161806 -0.000842283
1.57011 0.0161691 -0.0016306
1.57704 0.0161524 -0.00240057
1.58398 0.0161308 -0.00311824
1.59094 0.016105 -0.00370521
1.59801 0.0160758 -0.0041292
1.60535 0.0160434 -0.00440856
1.61307 0.0160082 -0.00456705
1.62109 0.0159714 -0.00459199
1.62898 0.0159362 -0.00445661
1.63681 0.0159037 -0.00414232
1.64455 0.0158759 -0.00360389
1.65222 0.0158537 -0.00288725
1.6596 0.0158379 -0.00214378
1.66702 0.0158278 -0.00136328
1.67456 0.0158241 -0.000484392
1.68186 0.0158272 0.000414381
1.6891 0.0158366 0.00131156
1.69613 0.0158516 0.00212074
1.70298 0.0158708 0.00280568
1.71013 0.0158951 0.00339869
1.71737 0.0159233 0.00390252
1.72475 0.0159551 0.00430276
1.73221 0.0159889 0.0045349
1.73976 0.016023 0.00451817
1.74731 0.0160557 0.00433583
1.7547 0.0160858 0.00407298
1.76211 0.0161138 0.00376687
1.76941 0.0161387 0.0034127
1.77663 0.0161603 0.00300098
1.78401 0.0161787 0.00249317
1.79174 0.0161934 0.00189616
1.79958 0.0162028 0.00120182
1.80728 0.0162061 0.000419301
1.81489 0.0162027 -0.00044163
1.82246 0.0161927 -0.00132513
1.82985 0.0161767 -0.00216466
1.83712 0.0161554 -0.00292923
1.84434 0.0161296 -0.00356699
1.85139 0.0161011 -0.00404295
1.85827 0.016071 -0.0043764
1.86514 0.0160397 -0.00455804
1.87216 0.0160079 -0.00453515
1.87944 0.0159765 -0.00430374
1.88693 0.0159477 -0.00385232
1.89454 0.0159236 -0.00316755
1.90211 0.0159058 -0.00234675
1.9097 0.0158946 -0.00147642
1.91718 0.0158901 -0.00059492
1.9244 0.0158917 0.000210634
1.93153 0.0158984 0.000946709
1.93843 0.0159096 0.00161976
1.94512 0.0159245 0.00223118
1.95198 0.0159436 0.00277769
1.95913 0.0159667 0.00322907
1.96629 0.0159918 0.00350424
1.97367 0.0160181 0.00356334
1.98116 0.0160435 0.00340062
1.98881 0.0160672 0.00309007
1.99643 0.0160878 0.0027113
2.00424 0.016106 0.00232416
2.01226 0.0161201 0.00176178
2.02018 0.0161285 0.00105659
2.02822 0.0161306 0.000268529
2.03616 0.0161265 -0.000515211
2.04395 0.016117 -0.00122304
2.05157 0.0161028 -0.00186848
2.0591 0.0160843 -0.00245495
2.06648 0.0160622 -0.00299975
2.07377 0.0160368 -0.0034734
2.08101 0.0160091 -0.00382807
2.0881 0.0159803 -0.00405587
2.09517 0.015951 -0.00415817
2.1022 0.0159218 -0.00415488
2.10925 0.0158933 -0.00403205
2.11646 0.0158662 -0.00376792
2.12391 0.0158411 -0.0033669
2.13163 0.0158195 -0.00279519
2.13922 0.0158034 -0.0021175
2.14685 0.0157934 -0.00131536
2.15428 0.0157902 -0.000433904
2.1616 0.0157935 0.00045031
2.16893 0.0158028 0.00127943
2.17583 0.0158161 0.00192147
2.18274 0.015833 0.00245088
2.18993 0.0158537 0.00287637
2.19738 0.0158776 0.00320578
2.20481 0.0159035 0.00348387
2.21237 0.0159312 0.00366126
2.22002 0.0159597 0.00372863
2.22756 0.0159876 0.00369932
2.23494 0.0160144 0.00362606
2.24238 0.0160402 0.00347834
2.24997 0.0160646 0.00320809
2.25743 0.0160855 0.00280842
2.26506 0.0161029 0.00228144
2.27306 0.0161161 0.00164461
2.28109 0.0161234 0.000910752
2.28902 0.0161241 8.78227e-05
2.29677 0.0161184 -0.00073775
2.30429 0.0161058 -0.0016677
2.31175 0.0160861 -0.00264823
2.31906 0.0160598 -0.00360209
2.32622 0.0160277 -0.00447785
2.33337 0.0159903 -0.00522239
2.34033 0.0159501 -0.00578434
2.34725 0.0159074 -0.00616666
2.35434 0.0158626 -0.00632155
2.36148 0.0158176 -0.00630729
2.36871 0.0157733 -0.00611983
2.37623 0.0157309 -0.00564027
2.38368 0.0156946 -0.00486595
2.39094 0.0156659 -0.00396035
2.39822 0.0156441 -0.0029943
2.40558 0.0156297 -0.00195308
2.41294 0.0156231 -0.000898705
2.42021 0.0156245 0.000188655
2.42745 0.0156342 0.00135021
2.43435 0.0156512 0.00245879
2.44114 0.0156746 0.00345291
2.44817 0.0157046 0.00426243
2.45561 0.0157405 0.00481646
2.46332 0.0157797 0.00509144
2.47099 0.0158189 0.00511087
2.47853 0.0158561 0.00493574
2.48579 0.0158897 0.00462612
2.49342 0.0159214 0.00414758
2.50127 0.015949 0.00352537
2.50887 0.0159698 0.00273284
2.51641 0.0159832 0.00178135
2.52398 0.0159887 0.000722456
2.53134 0.0159859 -0.000384934
2.5385 0.0159754 -0.00146323
2.54551 0.0159578 -0.00250983
2.55239 0.0159343 -0.00342032
2.55907 0.0159065 -0.00415013
2.56568 0.0158753 -0.00473512
2.57246 0.0158403 -0.00515787
2.57942 0.0158029 -0.00536512
2.58661 0.0157649 -0.00529414
2.59418 0.0157275 -0.00494384
2.60163 0.0156948 -0.00437738
2.60885 0.015668 -0.00371711
2.61603 0.0156462 -0.00303972
2.62327 0.0156292 -0.00235045
2.6307 0.0156172 -0.00161596
2.63802 0.015611 -0.00084056
2.64512 0.0156108 -2.33216e-05
2.65234 0.015617 0.000851307
2.65935 0.0156287 0.00167024
2.66637 0.0156459 0.00244661
2.67355 0.0156678 0.00304966
2.68091 0.0156931 0.00344414
2.68846 0.0157208 0.00366521
2.69619 0.0157496 0.00373061
2.70387 0.0157778 0.00366393
2.71111 0.0158029 0.00347297
2.71844 0.0158263 0.0031966
2.72601 0.0158479 0.00285129
2.7335 0.0158661 0.0024198
2.74085 0.0158804 0.00194801
2.74818 0.0158912 0.00147112
2.75552 0.0158983 0.000973004
2.76282 0.0159019 0.000492868
2.77006 0.0159024 6.31335e-05
2.77732 0.0159008 -0.000213342
2.78461 0.0158991 -0.000240084
2.79194 0.015899 -8.7163e-06
2.79922 0.0159023 0.000459199
2.80649 0.0159107 0.0011443
2.81388 0.0159255 0.00201115
2.82138 0.0159481 0.00301391
2.82891 0.0159789 0.00408629
2.83632 0.0160174 0.00520431
2.84341 0.0160617 0.00623146
2.85043 0.0161124 0.00723325
2.85748 0.0161699 0.00815116
2.86407 0.0162283 0.00887643
2.87078 0.0162918 0.00946225
2.87799 0.0163633 0.00991633
2.8856 0.016441 0.0102097
2.89344 0.0165224 0.0103737
2.90132 0.0166042 0.0103738
2.90897 0.0166817 0.0101417
2.91635 0.0167538 0.00976456
2.9238 0.0168227 0.00924676
2.93105 0.0168848 0.00857107
2.9384 0.0169413 0.00768847
2.94557 0.0169888 0.00662867
2.95278 0.017028 0.00543348
2.95998 0.017058 0.00415844
2.96709 0.0170776 0.00276672
2.97431 0.0170873 0.00134234
2.98157 0.0170869 -6.06918e-05
2.98895 0.0170765 -0.00140817
2.99658 0.0170567 -0.00259571
3.00455 0.0170283 -0.00356542
3.01241 0.0169952 -0.00420895
3.02025 0.0169599 -0.00449876
3.02794 0.0169258 -0.00443709
3.0354 0.016895 -0.00412707
3.04281 0.016869 -0.003504
3.05027 0.01685 -0.00255261
3.05769 0.0168395 -0.00141195
3.06464 0.0168385 -0.000153255
3.07168 0.0168478 0.00132259
3.07869 0.0168684 0.00294772
3.08581 0.0169024 0.00477292
3.09294 0.0169498 0.00663796
3.10003 0.0170105 0.00856687
3.10667 0.017079 0.0103048
3.1133 0.0171581 0.011927
3.12023 0.0172516 0.0135104
3.12741 0.0173591 0.014965
3.13468 0.0174766 0.0161698
3.14203 0.0176021 0.0170568
3.14951 0.0177332 0.0175339
3.15705 0.0178651 0.0175111
3.16461 0.0179936 0.0169862
3.17222 0.0181153 0.0159937
3.17965 0.0182238 0.0146043
3.18683 0.0183163 0.0128874
3.19381 0.0183929 0.010968
3.20075 0.0184556 0.00902341
3.20754 0.018504 0.00713613
3.21428 0.0185398 0.00531411
3.22068 0.0185631 0.00363891
3.22695 0.0185762 0.0020955
3.23342 0.0185806 0.000678981
3.23982 0.0185774 -0.000511423
3.24665 0.0185667 -0.00156258
3.25448 0.0185471 -0.00249432
3.26221 0.0185224 -0.00320395
3.26985 0.0184942 -0.00368799
3.27743 0.0184647 -0.00389495
3.28491 0.0184363 -0.00379094
3.29211 0.0184117 -0.00342693
3.29927 0.018391 -0.00288402
3.3066 0.0183751 -0.00216338
3.31389 0.0183657 -0.0012927
3.32124 0.0183638 -0.000257411
3.32854 0.0183704 0.000900161
3.33571 0.0183853 0.00207523
3.3428 0.0184084 0.00325996
3.3495 0.0184375 0.00434581
3.35595 0.0184723 0.00539703
3.36234 0.018513 0.00637545
3.36881 0.01856 0.00725783
3.37533 0.0186125 0.00804684
3.38193 0.01867 0.00871286
3.38862 0.0187316 0.00921604
3.39539 0.0187962 0.00953284
3.40224 0.0188625 0.00967537
3.40906 0.0189279 0.00959584
3.41544 0.0189873 0.00931366
3.42138 0.0190402 0.00888965
3.42725 0.0190894 0.00838093
3.43325 0.0191361 0.00779785
3.43914 0.0191784 0.00717297
3.44506 0.0192171 0.00654341
3.45087 0.0192516 0.00592813
3.45634 0.0192808 0.00534058
3.46183 0.0193066 0.0047038
3.46755 0.0193296 0.00401464
3.47325 0.0193485 0.00332473
3.47888 0.0193635 0.0026669
3.48476 0.0193754 0.00201745
3.49104 0.019384 0.00137637
3.49787 0.0193891 0.00073898
3.50436 0.0193909 0.000283747
3.51088 0.0193902 -0.000106403
3.51775 0.0193875 -0.000402548
3.5247 0.0193837 -0.000538024
3.53165 0.0193796 -0.000585103
3.53847 0.0193761 -0.000520344
3.54519 0.0193739 -0.000327116
3.55186 0.0193736 -4.49781e-05
3.5585 0.0193756 0.000294221
3.56464 0.0193794 0.000633595
3.57062 0.0193853 0.000986918
3.5766 0.0193934 0.00134304
3.58268 0.0194037 0.00169343
3.58874 0.0194158 0.00199831
3.59489 0.0194294 0.00221977
3.60113 0.0194437 0.00229248
3.60687 0.0194566 0.00224751
3.61249 0.0194685 0.00210454
3.6182 0.0194794 0.00191316
3.62412 0.0194894 0.00168465
3.63029 0.0194981 0.00142295
3.63673 0.0195055 0.00113972
3.6434 0.0195112 0.000856418
3.65023 0.0195151 0.000565457
3.65716 0.019517 0.000287873
