t x vx
0.01 0.0165049 0.000493224
0.02 0.0165219 0.00169344
0.0285225 0.0165452 0.00274324
0.0374574 0.0165798 0.00386241
0.0465905 0.0166257 0.00503584
0.0558823 0.0166838 0.00624225
0.0652621 0.0167536 0.00744985
0.0746852 0.0168346 0.00859682
0.0841179 0.0169254 0.00962275
0.0935659 0.0170242 0.0104614
0.103029 0.0171282 0.01099
0.112461 0.0172338 0.0111877
0.121514 0.0173342 0.0110919
0.130704 0.0174323 0.0106816
0.139478 0.0175207 0.0100655
0.148128 0.0176017 0.00937103
0.156856 0.0176763 0.0085443
0.164922 0.0177382 0.00768149
0.172824 0.0177918 0.00677108
0.180784 0.0178383 0.00584157
0.18882 0.0178781 0.00496369
0.197138 0.0179129 0.00418285
0.206151 0.0179439 0.00344038
0.215536 0.0179694 0.00271042
0.224733 0.0179891 0.0021418
0.23407 0.018004 0.00159353
0.243317 0.0180142 0.00110301
0.252471 0.0180208 0.000724414
0.261636 0.0180255 0.000515239
0.270648 0.0180302 0.000516213
0.27984 0.0180366 0.000696212
0.289246 0.0180463 0.00103503
0.298651 0.0180603 0.00148402
0.308058 0.018079 0.00198759
0.3174 0.0181032 0.00259835
0.326444 0.018132 0.00318054
0.33539 0.0181647 0.00366065
0.344447 0.0182007 0.00396809
0.353264 0.0182366 0.0040714
0.36227 0.0182728 0.00401856
0.371071 0.0183064 0.00382391
0.379588 0.0183365 0.00352611
0.388123 0.0183626 0.00306243
0.396599 0.0183832 0.00242709
0.404949 0.0183963 0.00157527
0.413066 0.0184011 0.000587697
0.421814 0.0183955 -0.000641449
0.430961 0.0183764 -0.00208866
0.440392 0.018342 -0.0036412
0.449822 0.0182932 -0.00518326
0.45915 0.018231 -0.00665911
0.468484 0.018156 -0.00803773
0.477913 0.0180686 -0.0092755
0.48747 0.0179698 -0.0103374
0.496885 0.0178645 -0.0111795
0.506118 0.0177553 -0.0118276
0.515213 0.0176434 -0.0123008
0.524177 0.0175304 -0.0126105
0.532987 0.0174176 -0.0128029
0.541668 0.017306 -0.0128577
0.550298 0.0171961 -0.012734
0.558825 0.0170902 -0.0124215
0.567364 0.0169881 -0.0119529
0.576028 0.0168898 -0.0113401
0.584682 0.0167982 -0.0105847
0.593318 0.0167148 -0.00966216
0.601855 0.0166416 -0.00857125
0.610379 0.0165789 -0.00735799
0.618917 0.0165271 -0.00607386
0.627089 0.0164877 -0.00481357
0.635018 0.0164594 -0.00356995
0.643087 0.0164406 -0.00233596
0.651256 0.0164313 -0.00113372
0.659319 0.0164308 -6.4838e-05
0.667371 0.0164379 0.000882044
0.675506 0.016452 0.00173802
0.683735 0.0164722 0.00245019
0.692087 0.0164975 0.00303183
0.700567 0.0165259 0.00334407
0.709108 0.0165552 0.00343354
0.717754 0.0165843 0.00336659
0.726491 0.0166113 0.00309619
0.735056 0.0166337 0.00261394
0.743633 0.0166502 0.00192419
0.752227 0.0166592 0.00104531
0.760762 0.01666 8.80871e-05
0.769241 0.0166525 -0.000876099
0.777645 0.0166375 -0.00178872
0.785851 0.016616 -0.00262635
0.793828 0.016589 -0.00338065
0.801752 0.0165571 -0.00402481
0.809511 0.0165221 -0.00451293
0.817212 0.0164847 -0.00484803
0.825186 0.0164447 -0.00501943
0.833579 0.0164025 -0.00502783
0.842597 0.0163588 -0.00484999
0.851452 0.016319 -0.0044926
0.860151 0.0162845 -0.00397136
0.868743 0.016256 -0.00331015
0.877108 0.0162344 -0.00258595
0.885281 0.0162195 -0.0018229
0.893517 0.0162108 -0.00105043
0.901755 0.0162084 -0.000297287
0.909789 0.0162114 0.000380216
0.917729 0.016219 0.000946248
0.92578 0.01623 0.00137194
0.933898 0.0162432 0.0016301
0.942185 0.0162575 0.0017222
0.950727 0.0162718 0.00167813
0.959484 0.016285 0.00150298
0.968482 0.0162956 0.0011736
0.977696 0.016302 0.000700073
0.987087 0.0163025 5.2308e-05
0.996295 0.016296 -0.000706555
1.00542 0.0162823 -0.00150101
1.01415 0.0162624 -0.00227525
1.02279 0.0162363 -0.00302086
1.03109 0.0162054 -0.00373096
1.03922 0.0161698 -0.00437125
1.04728 0.0161302 -0.0049167
1.0551 0.0160882 -0.0053696
1.06288 0.0160438 -0.00570563
1.07089 0.0159961 -0.0059551
1.07907 0.0159461 -0.00611314
1.08735 0.0158957 -0.00609101
1.0959 0.0158454 -0.0058777
1.10475 0.015797 -0.00547545
1.11364 0.0157541 -0.00482824
1.12258 0.0157185 -0.00397338
1.13123 0.0156923 -0.00303524
1.13967 0.0156747 -0.0020761
1.14843 0.0156655 -0.00105403
1.15713 0.0156657 1.81877e-05
1.16558 0.0156748 0.00107542
1.17393 0.0156922 0.00208715
1.18233 0.0157173 0.00298987
1.19033 0.0157464 0.0036396
1.19846 0.0157795 0.0040673
1.20692 0.015816 0.0043121
1.21567 0.0158542 0.00436379
1.22471 0.0158923 0.00422225
1.23403 0.0159283 0.00386148
1.24332 0.0159587 0.00327784
1.25225 0.0159812 0.00251741
1.26145 0.0159961 0.00161268
1.27044 0.0160016 0.000611887
1.27923 0.0159975 -0.000459434
1.28782 0.0159843 -0.00153455
1.2963 0.0159624 -0.00259091
1.30467 0.0159327 -0.00354834
1.3129 0.0158964 -0.00441318
1.32097 0.0158543 -0.00521318
1.329 0.0158069 -0.00590467
1.33716 0.015755 -0.00635289
1.34537 0.0157011 -0.00657566
1.3538 0.0156453 -0.00661025
1.36255 0.0155897 -0.00635778
1.3716 0.0155374 -0.0057808
1.3807 0.0154914 -0.00505509
1.38966 0.0154551 -0.00404283
1.39847 0.0154306 -0.00278753
1.40716 0.0154182 -0.00142978
1.41572 0.0154173 -9.96042e-05
1.42372 0.0154258 0.00106011
1.43211 0.015444 0.0021713
1.44044 0.0154704 0.0031689
1.44872 0.0155035 0.00400212
1.45683 0.0155412 0.00464866
1.46461 0.0155809 0.0050869
1.47264 0.0156235 0.00530734
1.48136 0.01567 0.00534121
1.4905 0.0157171 0.00515358
1.49974 0.0157606 0.00470058
1.50897 0.0157975 0.00399723
1.51806 0.0158254 0.00306945
1.52698 0.0158429 0.00196979
1.5356 0.0158499 0.00080461
1.54398 0.0158462 -0.000433259
1.55211 0.0158325 -0.00169037
1.56011 0.0158087 -0.00297933
1.56814 0.0157751 -0.004179
1.57597 0.0157341 -0.00522883
1.58378 0.0156859 -0.00616987
1.59168 0.015631 -0.00696246
1.59969 0.0155702 -0.00758438
1.60803 0.0155037 -0.00797515
1.61675 0.0154328 -0.00812734
1.62555 0.0153622 -0.00802551
1.63443 0.0152949 -0.00757392
1.64324 0.0152345 -0.00685977
1.65199 0.0151827 -0.005916
1.66056 0.015142 -0.00474686
1.669 0.0151131 -0.00342949
1.67725 0.0150958 -0.00210331
1.68527 0.0150892 -0.000821321
1.69348 0.0150931 0.000479566
1.70169 0.0151073 0.00173224
1.70987 0.0151309 0.0028764
1.71799 0.0151624 0.00387719
1.72582 0.0151988 0.00465974
1.7338 0.0152408 0.00525304
1.74225 0.0152886 0.00566262
1.75119 0.0153407 0.00582935
1.7605 0.0153945 0.00578053
1.7697 0.0154455 0.00553556
1.77879 0.0154917 0.00509234
1.78771 0.0155314 0.00444994
1.79643 0.0155633 0.00364825
1.80496 0.0155864 0.00271607
1.81328 0.0156006 0.00169917
1.82136 0.015606 0.000678315
1.82926 0.0156033 -0.000342881
1.83719 0.0155929 -0.00131365
1.84525 0.0155744 -0.0022964
1.85324 0.0155486 -0.00323413
1.86134 0.0155154 -0.00409562
1.86936 0.0154766 -0.00483821
1.87745 0.0154323 -0.00547389
1.88584 0.0153819 -0.00601266
1.89461 0.0153258 -0.00639258
1.90383 0.0152659 -0.00649542
1.91297 0.0152085 -0.00627983
1.92203 0.0151567 -0.00572534
1.93092 0.0151133 -0.00487533
1.9396 0.0150802 -0.00381551
1.94808 0.0150581 -0.00260138
1.95604 0.015047 -0.001391
1.96393 0.0150457 -0.000176363
1.97194 0.015054 0.00104493
1.97996 0.0150718 0.00221935
1.98789 0.0150978 0.00327261
1.99563 0.0151302 0.00418411
2.00317 0.0151672 0.00490864
2.01076 0.0152088 0.00549074
2.01888 0.0152569 0.00592022
2.02777 0.0153114 0.0061262
2.03715 0.0153689 0.00613142
2.04645 0.0154236 0.0058859
2.05564 0.0154738 0.00546093
2.06466 0.0155172 0.00481184
2.07336 0.0155519 0.00399237
2.082 0.0155783 0.0030521
2.09033 0.0155955 0.00206694
2.09852 0.0156042 0.00106291
2.10657 0.0156044 2.33278e-05
2.11456 0.0155968 -0.000952791
2.12268 0.0155814 -0.00189122
2.13069 0.01556 -0.00268166
2.13871 0.0155336 -0.0032897
2.14696 0.0155024 -0.00378247
2.15533 0.0154681 -0.00409277
2.16405 0.015431 -0.0042598
2.1731 0.015392 -0.0043095
2.18206 0.0153546 -0.00417588
2.19112 0.0153198 -0.00384038
2.20004 0.0152908 -0.00324683
2.20908 0.0152689 -0.00241727
2.21807 0.0152563 -0.00141136
2.22699 0.0152535 -0.000308241
2.23582 0.0152608 0.000825402
2.24432 0.0152773 0.00194004
2.25253 0.0153016 0.00296208
2.26069 0.0153328 0.00381793
2.26868 0.0153685 0.00447494
2.27643 0.0154066 0.00490834
2.28439 0.0154474 0.00513013
2.29273 0.0154905 0.00516462
2.30153 0.0155347 0.00502032
2.31036 0.0155762 0.00470619
2.31945 0.0156143 0.00419105
2.32851 0.0156463 0.0035292
2.33734 0.0156704 0.00273343
2.3461 0.0156867 0.00185654
2.35449 0.0156949 0.000976541
2.3628 0.0156956 8.6187e-05
2.37099 0.0156892 -0.000775761
2.37924 0.0156764 -0.0015523
2.38763 0.0156577 -0.00223448
2.39602 0.0156347 -0.00273999
2.40445 0.0156089 -0.00305489
2.41303 0.0155813 -0.00321883
2.42171 0.0155533 -0.00323193
2.43048 0.0155262 -0.00308747
2.43921 0.0155019 -0.00278378
2.44766 0.0154817 -0.00238822
2.45563 0.015466 -0.00197481
2.46384 0.0154536 -0.0015114
2.47209 0.0154455 -0.000983601
2.48044 0.015442 -0.000410235
2.48856 0.0154434 0.000169245
2.4963 0.0154487 0.000679853
2.50421 0.0154573 0.00109698
2.51289 0.0154697 0.00142028
2.52208 0.0154846 0.00162427
2.53153 0.0155004 0.00167413
2.54103 0.0155157 0.00160513
2.54965 0.0155276 0.00138081
2.55816 0.0155365 0.0010535
2.56736 0.0155424 0.000633994
2.57653 0.0155437 0.000143995
2.58559 0.0155402 -0.000388676
2.59431 0.0155327 -0.000861651
2.60301 0.0155215 -0.00127743
2.61183 0.015507 -0.0016463
2.62059 0.0154898 -0.0019677
2.62933 0.0154702 -0.00223803
2.6381 0.015449 -0.00241574
2.64693 0.0154274 -0.00245388
2.65584 0.0154065 -0.0023429
2.66473 0.0153884 -0.0020391
2.67353 0.0153745 -0.00157198
2.68226 0.0153662 -0.000958174
2.69101 0.0153644 -0.000204565
2.69992 0.0153704 0.000679357
2.70868 0.0153846 0.00161252
2.71739 0.0154066 0.00252689
2.72604 0.0154353 0.003327
2.73429 0.0154681 0.00397293
2.74249 0.0155049 0.00448355
2.75083 0.0155454 0.00486429
2.75937 0.0155889 0.00508377
2.76808 0.0156336 0.00512994
2.77697 0.015678 0.00499907
2.78577 0.0157195 0.00470888
2.79455 0.015757 0.00427224
2.80337 0.0157894 0.00367944
2.81213 0.015815 0.00292037
2.82075 0.0158326 0.00204058
2.82922 0.0158419 0.00110241
2.83767 0.0158436 0.000201165
2.84606 0.0158382 -0.000645555
2.85453 0.0158259 -0.00145326
2.86315 0.0158074 -0.00214147
2.87199 0.0157835 -0.00270892
2.88092 0.0157563 -0.00304458
2.89 0.0157277 -0.00315321
2.89923 0.0156993 -0.00307593
2.9083 0.0156733 -0.00286513
2.91719 0.0156509 -0.00251049
2.9259 0.0156332 -0.00203695
2.93451 0.0156208 -0.00143637
2.94341 0.0156148 -0.000679374
2.95228 0.0156161 0.000145923
2.96095 0.0156246 0.000984546
2.96956 0.0156402 0.00180486
2.97813 0.0156619 0.0025399
2.98635 0.0156877 0.00313069
2.99474 0.0157177 0.00358167
3.00337 0.0157511 0.00387025
3.0121 0.0157859 0.00398368
3.02078 0.0158199 0.00391279
3.02942 0.0158519 0.00370706
3.03801 0.0158808 0.00335966
3.0466 0.0159056 0.00288821
3.0553 0.0159258 0.00232313
3.06412 0.0159405 0.00167094
3.07306 0.0159488 0.000932048
3.08188 0.0159502 0.00015577
3.0906 0.015945 -0.000592126
3.09927 0.0159339 -0.00128321
3.10792 0.0159176 -0.00189168
3.11659 0.015897 -0.00237657
3.1253 0.0158736 -0.00268088
3.13396 0.0158495 -0.00277864
3.14264 0.0158266 -0.00264206
3.15141 0.0158069 -0.0022476
3.15988 0.0157928 -0.00166406
3.16828 0.0157849 -0.000937486
3.17686 0.015784 -0.000111428
3.18551 0.0157906 0.000766681
3.19388 0.0158042 0.00162725
3.20209 0.0158244 0.00245187
3.20982 0.0158484 0.00310446
3.21739 0.0158756 0.0036024
3.22529 0.0159072 0.00399679
3.23347 0.0159423 0.00428626
3.24167 0.0159783 0.00440354
3.25005 0.0160144 0.00430499
3.25869 0.0160488 0.00397459
3.26764 0.0160795 0.00343324
3.27635 0.0161034 0.00274838
3.2849 0.0161204 0.00198128
3.2935 0.0161304 0.00116305
3.30225 0.0161327 0.000261351
3.31114 0.0161266 -0.000687139
3.31993 0.0161127 -0.00158208
3.32857 0.016092 -0.0023922
3.33711 0.0160656 -0.00309529
3.34558 0.0160347 -0.0036451
3.35389 0.0160009 -0.0040729
3.36208 0.015965 -0.00437997
3.37024 0.0159277 -0.0045692
3.37858 0.0158891 -0.00462218
3.38724 0.0158507 -0.00444073
3.39627 0.0158144 -0.00401419
3.40525 0.0157837 -0.00341702
3.4142 0.0157607 -0.00258068
3.42279 0.0157468 -0.00161498
3.4313 0.0157418 -0.000582664
3.44009 0.0157464 0.000517271
3.44889 0.0157605 0.0016063
3.45739 0.0157826 0.00260342
3.46574 0.0158117 0.00348164
3.47405 0.0158466 0.00419557
3.48195 0.0158835 0.00467163
3.48993 0.015923 0.00494937
3.49826 0.0159649 0.00504055
3.50685 0.0160076 0.00496468
3.51557 0.0160484 0.00467342
3.52425 0.0160844 0.00414883
3.53303 0.0161145 0.00343269
3.54173 0.0161369 0.0025703
3.55053 0.016151 0.00161175
3.55918 0.0161567 0.000649655
3.56776 0.0161537 -0.000342499
3.57646 0.0161419 -0.00135612
3.58526 0.0161211 -0.00236561
3.59428 0.0160915 -0.00328951
3.6035 0.0160537 -0.00409388
3.61292 0.0160099 -0.00465366
3.62238 0.015963 -0.00495312
3.63155 0.0159168 -0.00503583
3.64093 0.0158704 -0.00494192
3.65022 0.0158267 -0.00470551
3.65945 0.0157869 -0.00431532
3.66852 0.0157521 -0.00383952
3.67761 0.0157224 -0.00326961
3.6866 0.0156993 -0.00256595
3.69548 0.0156834 -0.00179635
3.70412 0.0156744 -0.00103937
3.71303 0.0156715 -0.000326229
3.72165 0.0156743 0.000323172
3.7302 0.0156822 0.000924823
3.73863 0.0156946 0.0014771
3.74706 0.0157109 0.00192877
3.75517 0.015729 0.00223582
3.76312 0.0157483 0.002428
3.77149 0.0157697 0.00255004
3.78039 0.0157925 0.00256527
3.78931 0.0158141 0.00242696
3.79849 0.0158336 0.00211823
3.8075 0.0158487 0.00167801
3.81627 0.015859 0.00117079
3.82488 0.0158645 0.000640333
3.83347 0.0158654 0.000103518
3.84214 0.015861 -0.000501265
3.85088 0.0158514 -0.00110482
3.85972 0.0158366 -0.00166556
3.86856 0.0158181 -0.00210222
3.87746 0.0157959 -0.0024945
3.88631 0.015771 -0.00280981
3.89532 0.0157433 -0.00306765
3.90442 0.0157137 -0.0032598
3.91368 0.0156824 -0.00338271
3.92294 0.0156513 -0.00334988
3.93222 0.0156225 -0.00310868
3.94151 0.015598 -0.00264112
3.95069 0.01558 -0.00195522
3.95969 0.0155701 -0.00110453
3.96838 0.015568 -0.000232359
3.97727 0.0155738 0.000645302
3.98619 0.0155866 0.00143951
3.99487 0.0156047 0.00208808
4.00337 0.0156266 0.00257502
4.01145 0.0156499 0.00287383
4.01926 0.0156736 0.00303362
4.02725 0.0156983 0.00310083
4.03562 0.0157242 0.0030943
4.04445 0.0157508 0.00300522
4.05317 0.0157753 0.00280789
4.06193 0.0157967 0.00245376
4.07058 0.0158138 0.00196756
4.07907 0.0158255 0.00138204
4.08773 0.0158315 0.000693452
4.09648 0.0158314 -1.2001e-05
4.10499 0.0158251 -0.00074223
4.11357 0.0158124 -0.00147783
4.12201 0.0157943 -0.00215035
4.13029 0.0157723 -0.00265057
4.13852 0.0157478 -0.00297747
4.14686 0.0157218 -0.00312014
4.15541 0.0156949 -0.00313959
4.16422 0.0156676 -0.00310674
4.17316 0.015641 -0.00297159
4.1822 0.0156169 -0.002667
4.19148 0.0155965 -0.0021979
4.20058 0.015582 -0.00159621
4.20931 0.015574 -0.000909612
4.21776 0.0155724 -0.000197235
4.2261 0.0155766 0.000503139
4.23445 0.0155861 0.00114726
4.2429 0.0156008 0.00173712
4.25152 0.0156198 0.00219637
4.26036 0.0156421 0.00252255
4.26931 0.015666 0.00266866
4.27825 0.0156895 0.00263691
4.28723 0.0157116 0.00245697
4.2964 0.0157312 0.00213956
4.3054 0.0157464 0.00168938
4.31414 0.0157566 0.00116202
