t x vx
0.01 0.0164998 -1.92891e-05
0.02 0.0165011 0.000133083
0.0276939 0.016503 0.000243369
0.0359144 0.016506 0.000358047
0.0443335 0.0165099 0.000470256
0.052921 0.016515 0.000595261
0.061587 0.0165216 0.000763763
0.0702748 0.0165299 0.00094659
0.0789253 0.0165392 0.0010795
0.0875495 0.0165496 0.00120073
0.0959001 0.0165605 0.0013124
0.104368 0.016572 0.00135771
0.112377 0.0165846 0.00157287
0.120251 0.0165985 0.00175813
0.128241 0.0166135 0.00188705
0.136334 0.0166311 0.00216713
0.144137 0.0166501 0.00243413
0.152079 0.0166709 0.00262717
0.160126 0.0166954 0.00304504
0.16854 0.0167254 0.00356299
0.176937 0.0167586 0.0039496
0.185275 0.016795 0.00437278
0.193577 0.0168352 0.00483572
0.201864 0.0168794 0.0053367
0.21015 0.0169278 0.00584146
0.218293 0.0169787 0.00625042
0.226315 0.0170307 0.0064785
0.234175 0.0170822 0.00655344
0.241977 0.0171331 0.00652568
0.249565 0.0171817 0.00640831
0.257392 0.01723 0.00616367
0.265123 0.0172748 0.00579854
0.273 0.0173169 0.00534126
0.280867 0.017355 0.00485174
0.288798 0.0173892 0.00430459
0.296661 0.0174185 0.00372728
0.304475 0.0174429 0.00312311
0.312295 0.0174622 0.00247209
0.320075 0.0174762 0.00179234
0.327837 0.0174849 0.00112827
0.335683 0.017489 0.000523358
0.343618 0.0174892 1.55141e-05
0.351495 0.0174864 -0.000356318
0.359214 0.017482 -0.00056442
0.366888 0.0174772 -0.000620471
0.374561 0.017473 -0.000549157
0.382351 0.0174701 -0.000376805
0.39024 0.0174693 -0.000101218
0.398147 0.0174714 0.00026599
0.406017 0.0174771 0.000724579
0.413888 0.0174872 0.00128031
0.421583 0.0175019 0.00190858
0.429127 0.0175213 0.00257913
0.436616 0.0175457 0.00325688
0.444113 0.0175751 0.00391869
0.451692 0.0176097 0.00456558
0.459356 0.0176492 0.00516006
0.467044 0.0176929 0.00567748
0.474665 0.0177397 0.00614945
0.482165 0.017789 0.00656636
0.489602 0.0178406 0.00694149
0.497072 0.0178949 0.00727056
0.504625 0.0179519 0.0075378
0.512201 0.0180106 0.00775171
0.519826 0.018071 0.00791634
0.527554 0.0181329 0.00801807
0.53512 0.0181937 0.00803952
0.542509 0.0182526 0.00796555
0.549836 0.0183101 0.00785335
0.55718 0.0183668 0.00771296
0.564388 0.0184211 0.0075309
0.571742 0.0184745 0.00726463
0.579342 0.0185271 0.00691612
0.587089 0.0185777 0.00654124
0.594956 0.0186264 0.00618693
0.602719 0.0186716 0.00582501
0.610546 0.0187137 0.0053733
0.617863 0.0187491 0.0048473
0.624869 0.0187789 0.00424803
0.632051 0.0188042 0.00352798
0.639325 0.0188244 0.00277394
0.646538 0.018839 0.00202506
0.654017 0.0188484 0.00125328
0.661559 0.0188523 0.000515177
0.669167 0.0188509 -0.000175947
0.676832 0.0188451 -0.000768652
0.684559 0.0188352 -0.00127095
0.692089 0.0188231 -0.00161181
0.69942 0.0188099 -0.00179737
0.706871 0.018796 -0.00186638
0.714706 0.0187818 -0.00181248
0.72251 0.018769 -0.00164689
0.730312 0.0187582 -0.0013761
0.738026 0.0187506 -0.000994304
0.745633 0.0187466 -0.000525391
0.75318 0.0187466 8.49411e-08
0.760698 0.0187507 0.000549819
0.768183 0.0187591 0.0011296
0.775604 0.0187719 0.00171245
0.782946 0.0187884 0.00225612
0.790199 0.0188082 0.00273004
0.797373 0.0188305 0.00310003
0.804467 0.0188542 0.00334529
0.811561 0.0188787 0.00345079
0.818688 0.0189031 0.00343084
0.825793 0.0189267 0.0033147
0.832937 0.0189489 0.00311239
0.840183 0.0189692 0.00280488
0.847559 0.018987 0.00241243
0.854871 0.0190016 0.00199527
0.861648 0.0190127 0.00164013
0.868305 0.0190214 0.00130407
0.875327 0.0190283 0.000976369
0.882825 0.0190335 0.000699603
0.890381 0.0190372 0.000491158
0.898125 0.0190399 0.000344074
0.905547 0.0190418 0.000253739
0.912644 0.0190435 0.000245657
0.919764 0.0190454 0.000264965
0.926983 0.0190476 0.000301941
0.93433 0.0190508 0.000438337
0.941633 0.0190558 0.000684469
0.948755 0.0190628 0.000981545
0.955836 0.0190721 0.00130955
0.96294 0.0190839 0.00166472
0.970064 0.0190983 0.00202453
0.977194 0.0191152 0.00236552
0.984316 0.019134 0.00264708
0.991492 0.0191546 0.00286496
0.998769 0.0191759 0.00292688
1.00607 0.019197 0.00289649
1.01343 0.0192175 0.0027817
1.02089 0.0192368 0.00258191
1.02843 0.0192544 0.0023422
1.03608 0.0192704 0.00208238
1.04377 0.0192843 0.00181263
1.0512 0.0192958 0.00154182
1.05827 0.0193046 0.00125165
1.06534 0.0193116 0.000984369
1.07284 0.0193172 0.000753552
1.08029 0.0193211 0.000518128
1.08761 0.0193235 0.000332923
1.09491 0.0193248 0.000179737
1.10223 0.0193252 4.55318e-05
1.10953 0.0193245 -8.71864e-05
1.11681 0.0193228 -0.000234441
1.12412 0.0193203 -0.000350546
1.13142 0.0193173 -0.000406626
1.13866 0.0193143 -0.000417635
1.14619 0.0193111 -0.000423431
1.15396 0.019308 -0.0003979
1.1617 0.0193052 -0.000361452
1.16945 0.0193027 -0.000322234
1.17719 0.0193008 -0.00023826
1.18488 0.0192997 -0.000151775
1.19238 0.0192989 -0.000107113
1.19989 0.0192984 -6.35066e-05
1.20722 0.0192988 5.59392e-05
1.21439 0.0193006 0.000248289
1.22148 0.0193038 0.000453624
1.22858 0.0193082 0.0006222
1.23565 0.0193133 0.000716933
1.24263 0.0193183 0.00071297
1.24964 0.0193226 0.000615222
1.25676 0.019326 0.000484014
1.26404 0.0193286 0.000352061
1.27145 0.0193299 0.000179149
1.27874 0.0193299 -6.92403e-06
1.28592 0.019329 -0.00011686
1.29309 0.0193281 -0.000135767
1.30033 0.0193274 -9.36443e-05
1.30776 0.0193275 1.0507e-05
1.31508 0.0193287 0.000167583
1.3219 0.019331 0.000346606
1.32882 0.0193346 0.000519585
1.33599 0.0193399 0.000737674
1.34326 0.0193472 0.0010072
1.35026 0.0193559 0.00123183
1.35724 0.0193657 0.00140626
1.36437 0.0193765 0.0015145
1.37173 0.019388 0.00155797
1.37916 0.0193997 0.00157637
1.38669 0.0194116 0.00158345
1.39431 0.0194234 0.00155252
1.4019 0.0194346 0.00147929
1.40968 0.0194454 0.00138266
1.41747 0.0194557 0.00132186
1.42529 0.0194656 0.00126113
1.43311 0.0194748 0.00118203
1.44092 0.019483 0.00105426
1.44874 0.0194899 0.000871912
1.45657 0.0194948 0.000630611
1.46441 0.0194978 0.000386484
1.47227 0.0194991 0.000156908
1.47991 0.0194983 -0.000100418
1.48734 0.0194953 -0.000406859
1.49475 0.0194897 -0.000751782
1.5023 0.0194816 -0.00107428
1.50973 0.0194719 -0.0013055
1.51711 0.0194613 -0.00143299
1.52451 0.0194509 -0.00141166
1.53188 0.0194416 -0.00125324
1.53921 0.0194346 -0.00096247
1.54657 0.0194307 -0.000526697
1.55394 0.0194315 0.000113703
1.56122 0.0194383 0.000927404
1.56835 0.019452 0.00191792
1.57469 0.0194703 0.00289482
1.5815 0.0194973 0.00396332
1.58861 0.0195328 0.00499532
1.59152 0.0195486 0.00539921
1.59445 0.0195655 0.00578625
1.59729 0.0195829 0.00613776
1.60005 0.0196007 0.00642363
1.60277 0.0196188 0.00667247
1.60544 0.0196372 0.00690994
1.60808 0.0196561 0.00712073
1.61071 0.0196753 0.00732681
1.61334 0.019695 0.00749903
1.61597 0.0197151 0.00761944
1.6185 0.0197347 0.00775444
1.62101 0.0197545 0.00790748
1.62345 0.0197743 0.00808332
1.62585 0.019794 0.00824367
1.6282 0.0198138 0.00839722
1.63051 0.0198336 0.00855352
1.63279 0.0198535 0.00870902
1.63508 0.0198736 0.00884372
1.63735 0.019894 0.00896215
1.63962 0.0199146 0.00907502
1.6419 0.0199356 0.00918083
1.6442 0.0199569 0.00927919
1.64651 0.0199786 0.00936967
1.64886 0.0200007 0.00944287
1.65123 0.0200232 0.00948492
1.65363 0.020046 0.00949845
1.65608 0.0200692 0.00949511
1.65856 0.0200928 0.00947595
1.66109 0.0201166 0.00944607
1.66366 0.0201408 0.00940839
1.66628 0.0201654 0.00935943
1.66895 0.0201902 0.00930092
1.67161 0.0202148 0.00923741
1.67428 0.0202392 0.00917068
1.67694 0.0202635 0.00909603
1.6796 0.0202874 0.00900219
1.68227 0.0203112 0.00891582
1.68493 0.0203346 0.00880342
1.68763 0.020358 0.00865663
1.69035 0.0203812 0.00851999
1.693 0.0204035 0.00840618
1.69566 0.0204255 0.00826402
1.69831 0.0204469 0.00811234
1.70092 0.0204677 0.00796971
1.70352 0.0204881 0.00783884
1.70592 0.0205066 0.00770143
1.70823 0.0205241 0.00756063
1.71049 0.0205408 0.00741985
1.71275 0.0205573 0.0072836
1.71504 0.0205736 0.00714529
1.7174 0.0205901 0.00698812
1.71988 0.020607 0.00679924
1.72252 0.0206244 0.00657802
1.72521 0.0206415 0.00635762
1.7279 0.020658 0.00615626
1.73058 0.020674 0.00595544
1.73327 0.0206896 0.00580027
1.73588 0.0207045 0.00568686
1.7385 0.0207191 0.00559416
1.74112 0.0207335 0.00550881
1.74372 0.0207476 0.00542505
1.74632 0.0207615 0.00534587
1.74892 0.0207752 0.00526652
1.7515 0.0207886 0.00518073
1.75409 0.0208018 0.00509201
1.75666 0.0208146 0.00499633
1.75924 0.0208272 0.00489858
1.76181 0.0208396 0.00479824
1.76437 0.0208516 0.00469075
1.76692 0.0208633 0.00458252
1.76942 0.0208745 0.00447094
1.77187 0.0208851 0.00434642
1.77428 0.0208953 0.00421215
1.77664 0.0209049 0.0040745
1.77895 0.020914 0.00394273
1.78106 0.0209221 0.00382889
1.78303 0.0209294 0.00373036
1.78491 0.0209362 0.00363812
1.78673 0.0209427 0.0035517
1.78854 0.020949 0.00347104
1.79037 0.0209552 0.00339549
1.79224 0.0209614 0.00332297
1.79416 0.0209677 0.0032453
1.79603 0.0209736 0.00316403
1.79786 0.0209792 0.00308396
1.79964 0.0209846 0.00300688
1.80139 0.0209897 0.00293199
1.80311 0.0209946 0.00286062
1.80481 0.0209994 0.00279326
1.80649 0.021004 0.00272999
1.80816 0.0210084 0.00267202
1.80982 0.0210128 0.00262053
1.81148 0.021017 0.00257405
1.81313 0.0210212 0.0025329
1.81479 0.0210254 0.0024995
1.81644 0.0210295 0.00247618
1.8181 0.0210335 0.00246444
1.81975 0.0210376 0.00246133
1.8214 0.0210417 0.00246353
1.82304 0.0210457 0.00246764
1.82467 0.0210497 0.00247017
1.82629 0.0210537 0.00247102
1.82789 0.0210577 0.00246924
1.82947 0.0210616 0.0024632
1.83103 0.0210654 0.00245429
1.83257 0.0210692 0.00244139
1.83408 0.0210728 0.00242609
1.83558 0.0210764 0.00241183
1.83705 0.02108 0.0024004
1.83849 0.0210834 0.00239363
1.83992 0.0210868 0.00239518
1.84132 0.0210902 0.0024077
1.8427 0.0210936 0.00243319
1.84405 0.0210969 0.00247323
1.84539 0.0211003 0.00252793
1.84671 0.0211037 0.0025968
1.84801 0.0211072 0.00267849
1.84928 0.0211107 0.00277089
1.85054 0.0211144 0.00287207
1.85178 0.0211181 0.00297874
1.853 0.0211218 0.00308701
1.8542 0.0211257 0.00319259
1.85538 0.0211296 0.00329316
1.85655 0.0211335 0.00338155
1.8577 0.0211375 0.00345672
1.85883 0.0211414 0.00351299
1.85995 0.0211454 0.00355208
1.86105 0.0211494 0.0035693
1.86214 0.0211532 0.00356881
1.86322 0.0211571 0.00355305
1.86428 0.0211608 0.00352381
1.86533 0.0211645 0.00348413
1.86637 0.021168 0.00344182
1.86739 0.0211715 0.00339479
1.86841 0.0211749 0.00333793
1.86942 0.0211782 0.0032705
1.87043 0.0211814 0.00319726
1.87142 0.0211845 0.00312259
1.87241 0.0211876 0.00305013
1.87339 0.0211905 0.0029789
1.87437 0.0211933 0.00290748
1.87535 0.0211961 0.00283745
1.87632 0.0211988 0.00277019
1.87729 0.0212014 0.00270919
1.87825 0.021204 0.00265709
1.87921 0.0212065 0.0026075
1.88017 0.0212089 0.00255504
1.88113 0.0212113 0.00249711
1.88208 0.0212136 0.00243176
1.88304 0.0212159 0.00235973
1.88399 0.0212181 0.00228844
1.88495 0.0212202 0.00222497
1.88591 0.0212223 0.00217258
1.88688 0.0212244 0.00213348
1.88788 0.0212265 0.00210808
1.88891 0.0212286 0.00209162
1.89 0.0212309 0.00207678
1.89109 0.0212331 0.00205065
1.89217 0.0212353 0.00201029
1.89325 0.0212374 0.0019584
1.89434 0.0212395 0.00189974
1.89547 0.0212416 0.00183461
1.89667 0.0212437 0.00176421
1.89798 0.0212459 0.00169215
1.89944 0.0212482 0.0015949
1.90099 0.0212505 0.00149776
1.90256 0.0212528 0.00142825
1.90413 0.0212549 0.00134229
1.90567 0.0212568 0.00122641
1.90714 0.0212584 0.00110369
1.90837 0.0212596 0.000978923
1.90944 0.0212605 0.000855345
1.9104 0.0212612 0.00074033
1.91129 0.0212618 0.000636677
1.91213 0.0212622 0.000540664
1.91292 0.0212626 0.000448985
1.91367 0.0212629 0.000361519
1.91439 0.0212631 0.000278319
1.9151 0.0212632 0.000198145
1.91578 0.0212633 0.000120714
1.91646 0.0212633 4.5053e-05
1.91712 0.0212633 -3.13352e-05
1.91778 0.0212632 -0.000108499
1.91844 0.0212631 -0.000186742
1.9191 0.0212629 -0.000264872
1.91977 0.0212627 -0.000343177
1.92046 0.0212624 -0.000420424
1.92118 0.0212621 -0.000496838
1.92193 0.0212616 -0.000573772
1.92272 0.0212611 -0.000641577
1.92358 0.0212605 -0.000684016
1.92454 0.0212599 -0.0007035
1.92562 0.0212591 -0.000700856
1.92674 0.0212583 -0.000724035
1.92775 0.0212575 -0.000798639
1.92868 0.0212567 -0.000881211
1.92957 0.0212558 -0.000954327
1.93044 0.0212549 -0.00101304
1.93131 0.021254 -0.00105137
1.93221 0.0212531 -0.00106535
1.93318 0.021252 -0.00106494
1.93422 0.0212509 -0.00109009
1.93523 0.0212497 -0.00119402
1.93625 0.0212483 -0.00133711
1.93727 0.0212468 -0.0015088
1.93832 0.021245 -0.00169853
1.93942 0.0212429 -0.00191075
1.94059 0.0212404 -0.00215796
1.94186 0.0212373 -0.00242378
1.94306 0.0212341 -0.00267215
1.9442 0.0212308 -0.00286038
1.94532 0.0212275 -0.00298811
1.94641 0.0212241 -0.00306719
1.94749 0.0212208 -0.00310196
1.94856 0.0212175 -0.00309406
1.94964 0.0212142 -0.00305891
1.95074 0.0212109 -0.00299394
1.95185 0.0212076 -0.00290868
1.953 0.0212044 -0.00280918
1.95422 0.0212011 -0.00269819
1.95551 0.0211978 -0.00255531
1.95677 0.0211948 -0.00244107
1.9579 0.0211921 -0.00236109
1.95893 0.0211897 -0.00230379
1.95987 0.0211876 -0.00224903
1.96074 0.0211857 -0.00219308
1.96156 0.0211839 -0.00213392
1.96234 0.0211823 -0.00207182
1.96308 0.0211808 -0.00200988
1.96378 0.0211795 -0.0019501
1.96445 0.0211782 -0.00189375
1.9651 0.021177 -0.00183997
1.96573 0.0211759 -0.0017881
1.96633 0.0211748 -0.00173769
1.96692 0.0211738 -0.00168804
1.96749 0.0211729 -0.00163922
1.96805 0.021172 -0.00159059
1.9686 0.0211712 -0.00154401
1.96914 0.0211704 -0.00150078
1.96966 0.0211696 -0.00146155
1.97018 0.0211689 -0.00142676
1.9707 0.0211681 -0.00139713
1.97121 0.0211674 -0.00137227
1.97171 0.0211668 -0.00135186
1.97221 0.0211661 -0.00133572
1.97271 0.0211654 -0.00132333
1.97321 0.0211648 -0.00131181
1.97371 0.0211641 -0.00130411
1.97421 0.0211635 -0.00129894
1.97472 0.0211628 -0.00129595
1.97523 0.0211621 -0.00129107
1.97575 0.0211615 -0.00128275
1.97628 0.0211608 -0.00127316
1.97682 0.0211601 -0.00126187
1.97738 0.0211594 -0.00125234
1.97796 0.0211587 -0.0012263
1.97856 0.021158 -0.0011695
1.97919 0.0211573 -0.00109689
1.97986 0.0211566 -0.00101909
1.98057 0.021156 -0.000951306
1.98135 0.0211553 -0.000891056
1.98221 0.0211545 -0.000841842
1.98304 0.0211538 -0.000837093
1.98384 0.0211532 -0.000856985
1.9846 0.0211525 -0.000887978
1.98534 0.0211518 -0.00092825
1.98606 0.0211511 -0.000977914
1.98676 0.0211504 -0.00102983
1.98746 0.0211496 -0.00108526
1.98815 0.0211488 -0.00112761
1.98879 0.0211481 -0.00118231
1.98939 0.0211473 -0.00124887
1.98996 0.0211466 -0.00132148
1.9905 0.0211458 -0.00139572
1.99102 0.0211451 -0.00146936
1.99153 0.0211443 -0.00154015
1.99203 0.0211435 -0.00160695
1.99254 0.0211426 -0.00166902
1.99304 0.0211418 -0.00172447
1.99355 0.0211409 -0.00176908
1.99408 0.0211399 -0.00180425
1.99463 0.0211389 -0.00181722
1.9952 0.0211379 -0.00180325
1.99579 0.0211368 -0.00178602
1.99639 0.0211358 -0.00177098
1.99699 0.0211347 -0.00175828
1.99755 0.0211337 -0.00178068
1.99809 0.0211327 -0.00182393
1.99862 0.0211317 -0.00187585
1.99914 0.0211307 -0.00192635
