t x vx
0.01 0.0164974 -0.000264913
0.02 0.0164895 -0.000781299
0.0310929 0.0164745 -0.00135633
0.0426251 0.016452 -0.00194851
0.0545235 0.0164215 -0.00256354
0.0666307 0.0163827 -0.0032041
0.0788819 0.0163354 -0.00386048
0.0912119 0.0162798 -0.00451143
0.103578 0.0162164 -0.00512902
0.115949 0.0161461 -0.005683
0.128314 0.0160703 -0.0061304
0.140681 0.0159908 -0.0064298
0.15295 0.0159101 -0.00657742
0.165133 0.0158297 -0.00659621
0.17698 0.0157533 -0.0064494
0.18851 0.0156823 -0.006156
0.199743 0.0156167 -0.00584152
0.211372 0.015553 -0.00547965
0.222799 0.0154954 -0.00504011
0.234242 0.0154426 -0.00460846
0.246096 0.0153928 -0.0042042
0.258046 0.0153479 -0.00375771
0.27022 0.0153075 -0.00331999
0.282943 0.01527 -0.00294483
0.295317 0.0152378 -0.00260177
0.307572 0.0152103 -0.0022467
0.31982 0.0151872 -0.00188192
0.331664 0.015169 -0.00154381
0.343718 0.0151543 -0.00121902
0.355399 0.0151433 -0.000935662
0.367334 0.0151349 -0.000703842
0.379295 0.0151284 -0.000542789
0.391237 0.0151235 -0.000413731
0.403201 0.0151194 -0.000338424
0.415156 0.0151156 -0.000318676
0.427056 0.0151115 -0.000350021
0.438835 0.0151066 -0.000417008
0.450344 0.015101 -0.000485326
0.461721 0.0150953 -0.000500401
0.473048 0.0150903 -0.000442097
0.484333 0.0150869 -0.000302279
0.495951 0.0150861 -6.35993e-05
0.507569 0.0150894 0.000284017
0.519389 0.0150982 0.000740931
0.531404 0.0151137 0.00129171
0.543288 0.0151365 0.00192017
0.554826 0.0151667 0.00261487
0.56597 0.0152041 0.00335856
0.577047 0.0152501 0.00414732
0.588352 0.0153064 0.00498116
0.599773 0.0153729 0.0058229
0.611179 0.0154479 0.00658
0.623043 0.0155349 0.0073341
0.63524 0.0156331 0.00804582
0.64761 0.0157414 0.0087545
0.659828 0.0158561 0.00938734
0.671823 0.0159751 0.00992373
0.683732 0.0160984 0.0103577
0.695515 0.0162241 0.0106682
0.707271 0.0163515 0.0108305
0.718972 0.016478 0.0108109
0.730579 0.0166012 0.0106128
0.74223 0.0167207 0.0102618
0.753784 0.0168338 0.00978717
0.765163 0.0169386 0.0092126
0.776476 0.0170357 0.00857861
0.787812 0.0171252 0.00789763
0.799209 0.017207 0.00718017
0.810659 0.0172807 0.00643517
0.822145 0.0173462 0.00570181
0.833643 0.0174039 0.00501757
0.845169 0.0174548 0.00441753
0.856735 0.0175003 0.00393003
0.868296 0.0175416 0.00357897
0.879898 0.0175805 0.00334957
0.891338 0.0176178 0.00326067
0.902875 0.0176557 0.00328778
0.914263 0.0176944 0.00339732
0.92522 0.0177334 0.00355509
0.936202 0.0177745 0.00374068
0.947689 0.0178198 0.00394439
0.959133 0.017867 0.00412296
0.970129 0.0179137 0.00425542
0.980958 0.0179608 0.00434719
0.992161 0.0180098 0.00436964
1.00274 0.0180553 0.00430346
1.01304 0.0180982 0.00416105
1.02364 0.0181399 0.00393401
1.03434 0.0181786 0.00361814
1.04533 0.0182138 0.00320826
1.05651 0.0182444 0.00273042
1.06736 0.0182685 0.00222346
1.07791 0.0182865 0.00170454
1.08846 0.0182989 0.00117364
1.09901 0.0183057 0.000646788
1.10957 0.0183072 0.000139873
1.12018 0.0183036 -0.00033211
1.13106 0.0182955 -0.000746924
1.142 0.0182836 -0.00108823
1.1528 0.0182689 -0.00136065
1.16371 0.0182517 -0.00157931
1.1745 0.0182329 -0.00174091
1.18539 0.0182127 -0.00185701
1.19648 0.0181913 -0.00192638
1.20782 0.0181692 -0.00194749
1.21941 0.018147 -0.00191912
1.23098 0.0181257 -0.00183996
1.24256 0.0181058 -0.00171624
1.25414 0.0180878 -0.00155794
1.26547 0.0180722 -0.00137544
1.27648 0.0180592 -0.00117963
1.2869 0.018049 -0.000976808
1.29691 0.0180414 -0.000764195
1.30689 0.0180359 -0.000548344
1.31717 0.0180323 -0.000346532
1.32746 0.0180305 -0.000174502
1.33787 0.0180303 -2.50981e-05
1.34855 0.0180312 8.80121e-05
1.35943 0.0180328 0.000148369
1.37043 0.0180345 0.000149782
1.38152 0.0180355 8.93521e-05
1.39291 0.0180349 -5.32532e-05
1.40376 0.0180322 -0.000246082
1.41414 0.0180274 -0.000461297
1.42425 0.0180205 -0.00068455
1.4342 0.0180115 -0.000898493
1.444 0.0180009 -0.00109181
1.45362 0.0179887 -0.00125888
1.46307 0.0179755 -0.00139874
1.47237 0.0179614 -0.00152097
1.48155 0.0179466 -0.0016116
1.49069 0.0179314 -0.00166066
1.49986 0.0179161 -0.00167263
1.50913 0.0179008 -0.0016497
1.51857 0.0178858 -0.00158797
1.52826 0.0178715 -0.00147962
1.53826 0.0178584 -0.00130891
1.54863 0.0178472 -0.00107534
1.55942 0.0178386 -0.000796972
1.57076 0.0178331 -0.000484012
1.58192 0.0178312 -0.000173311
1.59271 0.0178323 0.000105008
1.60322 0.0178359 0.000337927
1.61356 0.0178412 0.000514789
1.62387 0.0178476 0.000619753
1.63435 0.0178544 0.000646099
1.645 0.0178607 0.000598871
1.65578 0.017866 0.000485211
1.66672 0.0178695 0.000319862
1.67783 0.0178707 0.000115575
1.68909 0.0178693 -0.00013162
1.70047 0.0178643 -0.000438462
1.71126 0.0178557 -0.000790498
1.72172 0.0178437 -0.00115207
1.73241 0.0178275 -0.00151881
1.74321 0.0178074 -0.00185597
1.75382 0.0177848 -0.00212877
1.76478 0.0177592 -0.00234325
1.77609 0.0177309 -0.00250048
1.78797 0.0177003 -0.00257659
1.79995 0.0176701 -0.0025201
1.81173 0.0176424 -0.00235189
1.82355 0.0176175 -0.00209925
1.8353 0.0175963 -0.00181212
1.84683 0.0175789 -0.00150236
1.85788 0.0175658 -0.00118496
1.86829 0.0175567 -0.000873815
1.87844 0.017551 -0.000563939
1.88867 0.0175483 -0.000268219
1.89909 0.0175482 -1.14768e-05
1.9096 0.01755 0.000171509
1.9203 0.0175529 0.000278579
1.93099 0.0175563 0.000311186
1.9419 0.0175592 0.000270467
1.95318 0.0175611 0.000165669
1.96467 0.0175612 1.30288e-05
1.97594 0.0175591 -0.000190559
1.98732 0.0175541 -0.000441058
1.99819 0.0175462 -0.00072055
2.00898 0.0175355 -0.00099492
2.02016 0.0175215 -0.00125555
2.03098 0.0175054 -0.00148661
2.04186 0.0174869 -0.00169451
2.05319 0.0174657 -0.00187518
2.06505 0.017442 -0.00200102
2.07712 0.0174173 -0.00204348
2.08929 0.017393 -0.00199693
2.10149 0.0173702 -0.00186933
2.1133 0.01735 -0.00171042
2.1248 0.0173326 -0.00151144
2.13639 0.017318 -0.00126393
2.14763 0.017307 -0.000977849
2.15847 0.0172997 -0.000671313
2.16908 0.0172957 -0.000373798
2.17963 0.0172946 -0.000108319
2.19027 0.0172959 0.000124522
2.20114 0.0172995 0.000330165
2.21224 0.0173051 0.000502461
2.22349 0.0173123 0.000644928
2.23492 0.0173207 0.000731655
2.24612 0.017329 0.000746361
2.25713 0.0173368 0.000707894
2.2684 0.0173438 0.000613253
2.27933 0.017349 0.000476596
2.29054 0.0173523 0.000294625
2.30177 0.0173531 7.28429e-05
2.31315 0.0173511 -0.000176417
2.32425 0.0173461 -0.000446364
2.33565 0.0173378 -0.000727666
2.34679 0.0173271 -0.00096605
2.35806 0.0173142 -0.00114175
2.36966 0.0172997 -0.00124666
2.38122 0.0172847 -0.00130035
2.3929 0.0172697 -0.00128716
2.40397 0.0172561 -0.0012308
2.41471 0.0172441 -0.0011118
2.42583 0.017234 -0.000913538
2.43696 0.0172269 -0.000636787
2.44791 0.0172234 -0.000319894
2.45874 0.0172233 -7.67527e-06
2.46953 0.0172266 0.000303537
2.48027 0.0172331 0.00060763
2.49103 0.0172425 0.000873043
2.50176 0.0172544 0.0011092
2.51242 0.017268 0.00127544
2.52305 0.0172828 0.00139574
2.53366 0.0172984 0.00147438
2.54428 0.0173144 0.00150453
2.55493 0.0173302 0.00148407
2.5656 0.0173451 0.0013962
2.57631 0.0173582 0.00121798
2.58706 0.0173685 0.000959369
2.59794 0.0173756 0.000654633
2.60895 0.0173793 0.000339483
2.62008 0.0173798 4.08748e-05
2.6312 0.0173771 -0.00024033
2.6423 0.0173716 -0.000500608
2.65336 0.0173635 -0.000727832
2.66417 0.0173538 -0.000899906
2.67495 0.0173432 -0.000986132
2.68587 0.0173324 -0.000985807
2.69673 0.0173225 -0.000913263
2.70791 0.0173136 -0.000796129
2.71952 0.0173059 -0.000662227
2.73111 0.0173001 -0.000503538
2.74284 0.0172962 -0.000329785
2.75418 0.0172945 -0.000149459
2.76513 0.0172949 3.62734e-05
2.77588 0.0172973 0.00022762
2.78652 0.0173017 0.000412054
2.79727 0.0173078 0.000561213
2.80801 0.0173151 0.000679506
2.81884 0.0173232 0.000755184
2.82984 0.0173317 0.000770481
2.84098 0.0173395 0.000703735
2.85215 0.0173458 0.00055829
2.86348 0.0173499 0.000361396
2.87473 0.0173514 0.000137554
2.88575 0.0173503 -0.000102766
2.89679 0.0173464 -0.000352109
2.90805 0.0173396 -0.000604608
2.91919 0.0173303 -0.000837688
2.93028 0.0173185 -0.00106083
2.94096 0.0173052 -0.00124442
2.95193 0.0172902 -0.00136514
2.96301 0.0172747 -0.00140681
2.97381 0.0172597 -0.00138232
2.98484 0.0172452 -0.0013163
2.99646 0.0172313 -0.00119356
3.00789 0.0172198 -0.00100477
3.01896 0.0172113 -0.000767902
3.02981 0.0172058 -0.000514143
3.04056 0.017203 -0.000257444
3.05128 0.017203 1.58291e-06
3.06213 0.0172056 0.000233841
3.07314 0.0172105 0.000444886
3.08427 0.0172173 0.000611291
3.09552 0.0172252 0.000702753
3.10685 0.017233 0.000692321
3.11824 0.0172397 0.000590177
3.12965 0.0172447 0.000435548
3.14108 0.0172476 0.000250992
3.15251 0.0172481 4.55319e-05
3.16394 0.0172463 -0.000157654
3.17537 0.0172423 -0.000346017
3.18654 0.0172366 -0.000510871
3.19769 0.0172291 -0.000673184
3.20836 0.0172206 -0.000798549
3.21912 0.0172112 -0.000871558
3.22987 0.0172017 -0.000881273
3.24032 0.0171929 -0.000845308
3.25111 0.0171846 -0.000773399
3.26254 0.0171771 -0.00065146
3.2741 0.0171718 -0.00046267
3.28558 0.0171692 -0.000226285
3.29695 0.0171695 2.84627e-05
3.30813 0.0171726 0.000278715
3.31917 0.0171783 0.000510778
3.33015 0.0171859 0.000698034
3.34119 0.0171953 0.000852235
3.35237 0.0172063 0.000980809
3.36365 0.0172181 0.001046
3.37503 0.0172295 0.00100637
3.38649 0.0172396 0.000873892
3.39801 0.0172474 0.000683279
3.4095 0.0172528 0.000469704
3.42108 0.0172559 0.000263877
3.43269 0.0172565 5.61398e-05
3.44428 0.017255 -0.000133858
3.45566 0.0172516 -0.000295238
3.46712 0.0172467 -0.000432475
3.478 0.0172408 -0.000540164
3.48854 0.0172346 -0.000584843
3.49942 0.0172285 -0.000564823
3.50992 0.0172235 -0.00047617
3.52053 0.0172199 -0.000337605
3.53173 0.0172183 -0.0001426
3.54325 0.0172195 0.000105926
3.55472 0.0172238 0.000374082
3.56601 0.0172311 0.000641087
3.57713 0.0172408 0.000877543
3.58814 0.0172527 0.00107639
3.59911 0.0172662 0.00123177
3.61019 0.017281 0.0013388
3.62143 0.0172968 0.00140111
3.63274 0.0173124 0.00138708
3.64419 0.017327 0.0012712
3.65582 0.0173391 0.00104477
3.66766 0.017348 0.000750554
3.67932 0.017353 0.000429174
3.69088 0.0173543 0.000104371
3.70256 0.0173517 -0.000217459
3.71431 0.0173456 -0.000520832
3.72585 0.0173366 -0.000781467
3.73714 0.0173253 -0.000996081
3.74812 0.0173129 -0.0011276
3.7591 0.0173002 -0.00115691
3.76991 0.0172884 -0.00109165
3.78079 0.0172782 -0.000943901
3.7919 0.0172699 -0.000749139
3.80342 0.017264 -0.000508089
3.81512 0.0172613 -0.000234444
3.82698 0.0172618 4.93721e-05
3.83854 0.0172656 0.000326236
3.84969 0.0172721 0.000581299
3.86053 0.0172809 0.000813466
3.87113 0.0172918 0.00102595
3.88162 0.0173044 0.0012038
3.89235 0.0173188 0.00134549
3.90332 0.0173344 0.00141555
3.91455 0.0173498 0.0013704
3.92604 0.0173634 0.00119049
3.93776 0.0173741 0.000911511
3.94952 0.0173808 0.000567866
3.96131 0.0173832 0.000200764
3.97296 0.0173812 -0.000167439
3.98447 0.0173754 -0.000508932
3.99582 0.0173661 -0.000816209
4.00704 0.0173539 -0.00108391
4.01774 0.0173403 -0.00127711
4.02846 0.0173255 -0.00137517
4.03958 0.0173103 -0.00136639
4.05047 0.0172967 -0.0012521
4.06173 0.0172848 -0.00105403
4.07356 0.0172756 -0.000784592
4.08555 0.0172701 -0.000459313
4.09735 0.0172688 -0.000106015
4.10893 0.0172718 0.000263213
4.1198 0.0172784 0.00059889
4.1303 0.0172879 0.000905061
4.14068 0.0173002 0.00118381
4.15123 0.0173151 0.00141301
4.16179 0.0173319 0.00159236
4.1725 0.01735 0.00169211
4.18343 0.0173681 0.00165743
4.19463 0.0173843 0.0014487
4.2062 0.0173968 0.0010794
4.21801 0.0174041 0.000619122
4.22997 0.0174058 0.00013633
4.24162 0.0174017 -0.000348032
4.25298 0.0173926 -0.000803552
4.26432 0.0173787 -0.00122816
4.2759 0.01736 -0.00161348
4.28661 0.0173396 -0.00190541
4.29728 0.0173172 -0.00209841
4.30824 0.0172933 -0.00217995
4.31891 0.0172705 -0.00213253
4.32978 0.0172491 -0.00196801
4.34124 0.0172297 -0.0016997
4.35308 0.0172139 -0.00133171
4.36482 0.0172036 -0.000877807
4.37594 0.0171993 -0.000381984
4.38627 0.0172004 9.91136e-05
4.39625 0.017206 0.000560412
4.40622 0.017216 0.00100739
4.41651 0.0172308 0.00143476
4.42696 0.0172497 0.00181373
4.43769 0.0172727 0.00213668
4.44849 0.0172984 0.00238161
4.45949 0.0173259 0.00250141
4.47076 0.0173535 0.0024531
4.48235 0.0173797 0.00225338
4.49429 0.0174028 0.00193913
4.50595 0.0174212 0.00157419
4.51745 0.0174346 0.00116734
4.52852 0.0174431 0.00076721
4.53943 0.017447 0.000363248
4.55013 0.0174465 -4.87125e-05
4.56031 0.0174423 -0.000412976
4.57058 0.0174349 -0.000723968
4.58068 0.0174253 -0.000953009
4.59085 0.017414 -0.00110539
4.60164 0.0174012 -0.00118618
4.61279 0.0173878 -0.00120288
4.62491 0.0173737 -0.00116297
4.63704 0.017361 -0.00104815
4.64907 0.0173506 -0.000859696
4.66091 0.0173434 -0.000616009
4.67259 0.0173395 -0.000333687
4.68403 0.0173391 -3.09841e-05
4.69492 0.0173417 0.000241213
4.70542 0.0173469 0.000489083
4.71573 0.0173542 0.000706629
4.72629 0.0173635 0.000882955
4.73714 0.0173741 0.000983169
4.74811 0.0173849 0.0009835
4.75912 0.0173949 0.000902384
4.7703 0.0174035 0.000774197
4.78169 0.0174105 0.000610205
4.79303 0.017415 0.000401004
4.80426 0.0174167 0.000154275
4.81542 0.0174155 -0.00010926
4.8263 0.0174112 -0.000399363
4.83691 0.017404 -0.000676118
4.84774 0.0173939 -0.000933552
4.85829 0.0173817 -0.00115192
4.86874 0.0173677 -0.00134001
4.87962 0.0173515 -0.00149537
4.89091 0.0173335 -0.00158805
4.90284 0.0173145 -0.00159972
4.91503 0.0172959 -0.00152043
4.92704 0.0172795 -0.00136641
4.93887 0.0172658 -0.00115999
4.95016 0.0172553 -0.000924883
4.961 0.017248 -0.000676212
4.97164 0.0172436 -0.00041777
4.9822 0.0172418 -0.000167395
4.99276 0.0172422 3.8313e-05
5.00343 0.0172442 0.000184165
5.0142 0.017247 0.000265315
5.0251 0.0172502 0.000295133
5.03613 0.0172534 0.000283779
5.0473 0.0172559 0.000226748
5.05858 0.0172575 0.00014232
5.06994 0.0172581 4.76662e-05
5.08118 0.0172574 -5.79322e-05
5.09253 0.0172553 -0.000186317
5.10335 0.0172519 -0.000314599
5.11412 0.0172473 -0.000422411
5.12486 0.017242 -0.000493118
5.13545 0.0172364 -0.000536805
5.14633 0.0172301 -0.000571358
5.15764 0.0172235 -0.000584781
5.1694 0.017217 -0.000556666
5.18097 0.0172115 -0.000478206
5.19225 0.0172072 -0.000377503
5.20324 0.0172044 -0.000250563
5.21403 0.0172033 -0.000102601
5.22467 0.0172039 4.97036e-05
5.23526 0.017206 0.000201591
5.24592 0.0172098 0.000356122
5.2567 0.017215 0.000484837
5.2676 0.0172211 0.000554326
5.27865 0.0172272 0.000555731
5.2898 0.0172327 0.000496676
5.30103 0.0172372 0.000399777
5.31231 0.0172406 0.000295298
5.32365 0.0172426 0.000181289
5.33507 0.0172432 5.36937e-05
5.34654 0.0172425 -6.66084e-05
5.35775 0.0172407 -0.000161575
5.36914 0.0172378 -0.000253405
5.37983 0.0172344 -0.000313067
5.39047 0.0172309 -0.000329859
5.40142 0.0172278 -0.000287306
5.41209 0.0172257 -0.000197631
5.42292 0.0172247 -8.81808e-05
5.43379 0.0172253 5.14097e-05
5.4446 0.0172275 0.000202759
5.45543 0.0172313 0.000358411
5.46627 0.017237 0.000519247
5.4771 0.017244 0.000646682
5.48793 0.0172522 0.000761645
5.49877 0.0172615 0.000854645
5.50963 0.0172714 0.000916349
5.52051 0.0172816 0.000935509
5.53143 0.0172913 0.000892349
5.54238 0.0172998 0.000776206
5.55336 0.0173064 0.000595636
5.56436 0.0173105 0.000374377
