t x vx
0.01 0.0165 -4.69466e-06
0.02 0.0165 7.42415e-06
0.0444076 0.0165007 2.84041e-05
0.0689844 0.016502 5.15506e-05
0.0945959 0.0165039 7.65275e-05
0.12102 0.0165067 0.00010336
0.148007 0.0165103 0.000132427
0.175365 0.0165148 0.00016634
0.20294 0.0165204 0.000202214
0.230618 0.0165271 0.000241506
0.258363 0.0165349 0.000284148
0.286111 0.0165441 0.000329868
0.313832 0.0165545 0.000376683
0.341542 0.0165662 0.000421379
0.369101 0.0165791 0.000467551
0.396375 0.0165932 0.000516734
0.423351 0.0166084 0.000563425
0.450762 0.016625 0.000607253
0.47835 0.0166427 0.000639415
0.50561 0.0166608 0.000665942
0.533232 0.0166799 0.000689528
0.560596 0.0166986 0.000683673
0.588169 0.0167167 0.000656751
0.61574 0.0167338 0.000619995
0.643285 0.0167497 0.000578099
0.670825 0.0167643 0.000530187
0.698269 0.0167775 0.000481405
0.725463 0.0167895 0.000438961
0.752348 0.0168007 0.000416737
0.779027 0.0168119 0.000420106
0.804909 0.0168234 0.000444959
0.830275 0.0168358 0.000487693
0.855549 0.0168497 0.000552973
0.881052 0.0168662 0.000644907
0.906889 0.0168858 0.000759026
0.933058 0.0169088 0.000878993
0.959511 0.0169351 0.000995017
0.986121 0.0169644 0.00110145
1.01265 0.0169959 0.00118759
1.03903 0.017029 0.00125465
1.06504 0.017063 0.00130567
1.09077 0.0170975 0.00133943
1.11634 0.0171321 0.00135597
1.14176 0.0171664 0.00134926
1.16702 0.0171997 0.00131796
1.19214 0.0172316 0.00126894
1.21731 0.017262 0.00120845
1.24267 0.0172909 0.00113955
1.26816 0.0173181 0.00106578
1.29349 0.0173431 0.000986494
1.31869 0.0173659 0.000906233
1.34373 0.0173867 0.000828448
1.36853 0.0174053 0.000753251
1.39343 0.0174222 0.00067634
1.41878 0.0174372 0.000592331
1.44472 0.0174501 0.000496167
1.47098 0.0174602 0.000386735
1.49743 0.0174671 0.000261846
1.52385 0.0174704 0.000121737
1.55021 0.0174695 -3.16617e-05
1.5765 0.0174643 -0.000197472
1.60273 0.0174545 -0.000374819
1.62887 0.0174397 -0.000564529
1.65503 0.0174196 -0.000768756
1.6809 0.0173942 -0.000984387
1.7065 0.0173632 -0.00121045
1.73208 0.0173261 -0.00144894
1.75791 0.0172822 -0.00169869
1.78409 0.0172311 -0.00195493
1.81057 0.0171726 -0.00220712
1.837 0.017108 -0.00244293
1.86339 0.017038 -0.00265374
1.88978 0.0169633 -0.00283139
1.91619 0.0168849 -0.00296861
1.94261 0.016804 -0.0030619
1.96903 0.0167219 -0.00310854
1.99543 0.0166398 -0.00310741
2.02174 0.0165593 -0.00305987
2.04792 0.0164816 -0.00296776
2.07394 0.0164079 -0.00283358
2.09978 0.0163391 -0.00266064
2.12546 0.0162761 -0.00245398
2.15101 0.0162194 -0.00221982
2.17651 0.0161693 -0.00196399
2.20205 0.0161261 -0.00169212
2.22773 0.0160899 -0.00141071
2.25368 0.0160607 -0.00112517
2.27952 0.0160388 -0.000845596
2.30538 0.0160239 -0.000575637
2.33122 0.0160157 -0.000319586
2.35711 0.0160136 -7.97127e-05
2.38296 0.0160173 0.000141004
2.40877 0.0160261 0.000340921
2.43456 0.0160395 0.000519946
2.46037 0.016057 0.000679278
2.48621 0.0160782 0.000821233
2.5121 0.0161028 0.000948369
2.53798 0.0161303 0.00106205
2.56386 0.0161604 0.00116401
2.58975 0.0161929 0.00125569
2.61562 0.0162275 0.00133814
2.64141 0.016264 0.00141245
2.66707 0.0163019 0.00147994
2.69258 0.0163413 0.0015422
2.71799 0.0163819 0.00159991
2.74339 0.0164239 0.00165386
2.76889 0.0164674 0.00170458
2.79458 0.0165124 0.0017522
2.82053 0.016559 0.00179594
2.84675 0.0166071 0.00183418
2.87324 0.0166565 0.00186388
2.89987 0.0167066 0.00188128
2.92661 0.0167569 0.00188254
2.95308 0.0168063 0.00186463
2.97932 0.0168542 0.00182471
3.00542 0.0169001 0.00176054
3.03141 0.0169436 0.00167136
3.05734 0.0169839 0.00155841
3.08321 0.0170208 0.00142595
3.10906 0.0170539 0.00128016
3.13486 0.017083 0.00112709
3.1606 0.017108 0.000971669
3.18599 0.0171288 0.000819362
3.2112 0.0171457 0.000671161
3.23638 0.017159 0.000526671
3.26173 0.0171687 0.000383842
3.28745 0.0171749 0.000240599
3.31325 0.0171775 9.80194e-05
3.33914 0.0171763 -4.29792e-05
3.36505 0.0171717 -0.00018111
3.39085 0.0171636 -0.000313523
3.41647 0.0171524 -0.000436453
3.44195 0.0171384 -0.000546898
3.46732 0.0171221 -0.000643193
3.49259 0.0171038 -0.000725982
3.51783 0.0170837 -0.000797429
3.54311 0.0170619 -0.000860858
3.56829 0.0170387 -0.000919924
3.59188 0.0170158 -0.000973156
3.61434 0.0169928 -0.00102244
3.6361 0.0169696 -0.00106784
3.65754 0.0169458 -0.00110978
3.67897 0.0169212 -0.00114681
3.70068 0.0168958 -0.00116988
3.7211 0.0168717 -0.00117823
3.74013 0.0168493 -0.00117914
3.75969 0.0168267 -0.00115547
3.7797 0.0168046 -0.00110638
3.80095 0.0167826 -0.00103435
3.82424 0.0167606 -0.000945518
3.84923 0.0167393 -0.000853104
3.87468 0.0167196 -0.000773935
3.90052 0.0167011 -0.000712885
3.92687 0.0166834 -0.000672083
3.95372 0.016666 -0.000647404
3.98054 0.0166489 -0.000637922
4.00743 0.0166318 -0.000635783
4.03441 0.0166146 -0.000637742
4.06145 0.0165973 -0.000639462
4.08846 0.0165802 -0.000636102
4.11538 0.0165634 -0.000623535
4.14205 0.0165473 -0.000601557
4.16852 0.0165322 -0.000571815
4.19483 0.0165181 -0.000535831
4.22103 0.0165051 -0.000494552
4.24711 0.0164935 -0.000445662
4.27302 0.0164835 -0.000387162
4.29857 0.0164753 -0.000319965
4.32202 0.0164693 -0.000255312
4.34445 0.016465 -0.000192857
4.36611 0.0164622 -0.000131227
4.38704 0.0164607 -6.82171e-05
4.40728 0.0164607 -1.07997e-06
4.42706 0.0164622 7.47342e-05
4.44685 0.0164654 0.000164726
4.46702 0.016471 0.000274393
4.4879 0.0164793 0.000397589
4.50973 0.0164909 0.000532167
4.5329 0.0165065 0.000674268
4.55771 0.0165271 0.000830906
4.58396 0.016553 0.000986466
4.61076 0.0165831 0.00112177
4.63806 0.0166165 0.00122467
4.66529 0.0166515 0.00128611
4.69216 0.0166866 0.00130426
4.71924 0.0167215 0.00128877
4.74553 0.0167542 0.00124323
4.7706 0.0167835 0.00117086
4.7949 0.0168097 0.00107613
4.81878 0.0168328 0.000967347
4.84261 0.016853 0.000847895
4.86672 0.0168703 0.00071749
4.89141 0.0168845 0.000577183
4.91702 0.0168955 0.00042778
4.94319 0.0169026 0.000273253
4.96945 0.0169058 0.000120762
4.99604 0.016905 -2.9992e-05
5.02325 0.0169002 -0.000176577
5.05067 0.0168917 -0.000310382
5.07797 0.0168801 -0.000424689
5.1052 0.016866 -0.000519508
5.13237 0.0168498 -0.00059591
5.15949 0.0168319 -0.000657715
5.18664 0.0168127 -0.000707544
5.21385 0.0167924 -0.0007469
5.241 0.0167713 -0.000777669
5.26802 0.0167496 -0.000801166
5.29474 0.0167277 -0.000819072
5.32104 0.0167058 -0.000834011
5.34718 0.0166837 -0.000847993
5.37333 0.0166611 -0.000862043
5.39954 0.0166381 -0.000876124
5.42558 0.016615 -0.000888941
5.45152 0.0165917 -0.000898212
5.47743 0.0165683 -0.000901666
5.50334 0.0165451 -0.000896153
5.52929 0.0165223 -0.00087863
5.55529 0.0165003 -0.00084595
5.58136 0.0164796 -0.000795038
5.60732 0.0164608 -0.00072362
5.63313 0.0164445 -0.000631068
5.65886 0.0164312 -0.00051842
5.68458 0.0164212 -0.000387226
5.71041 0.016415 -0.000239458
5.73647 0.016413 -7.70195e-05
5.76286 0.0164156 9.69267e-05
5.78964 0.016423 0.000278354
5.81638 0.0164353 0.000458419
5.84296 0.016452 0.000629689
5.86943 0.0164729 0.000786814
5.89584 0.0164973 0.000926351
5.9222 0.0165249 0.00104418
5.94853 0.0165548 0.0011362
5.97484 0.0165863 0.00120011
6.00115 0.0166189 0.00123597
6.0275 0.0166517 0.00124607
6.0537 0.016684 0.00123367
6.07959 0.0167152 0.00120357
6.10535 0.0167451 0.00116022
6.13106 0.0167735 0.00110731
6.15677 0.0168005 0.00104811
6.18242 0.0168258 0.000985918
6.20793 0.0168493 0.000923896
6.2332 0.0168712 0.000864149
6.25821 0.0168914 0.000807529
6.28303 0.0169101 0.000753404
6.30781 0.0169275 0.000701473
6.33272 0.0169437 0.000651838
6.35793 0.0169589 0.000604537
6.38356 0.0169733 0.00055933
6.40961 0.0169867 0.000515068
6.43606 0.0169991 0.000469519
6.4625 0.0170102 0.000420671
6.4889 0.0170199 0.000365984
6.51526 0.0170279 0.000302694
6.54162 0.0170339 0.000228416
6.56746 0.0170376 0.000143793
6.59273 0.0170389 5.02015e-05
6.61762 0.0170376 -4.95879e-05
6.64235 0.0170339 -0.000152956
6.6672 0.0170275 -0.000256873
6.6923 0.0170185 -0.000358741
6.7177 0.0170069 -0.000455358
6.74282 0.0169932 -0.000544082
6.76765 0.0169777 -0.000624197
6.79226 0.0169606 -0.000695006
6.81667 0.0169422 -0.000756425
6.84091 0.0169226 -0.000808434
6.86502 0.016902 -0.000851465
6.88898 0.0168808 -0.000885945
6.91281 0.0168591 -0.000911637
6.93648 0.0168372 -0.000926675
6.96 0.0168153 -0.000928979
6.98339 0.0167938 -0.000918944
7.00667 0.0167728 -0.000900897
7.02986 0.0167527 -0.000869162
7.05297 0.0167336 -0.000824582
7.07604 0.0167159 -0.000769605
7.09911 0.0166995 -0.000708628
7.12222 0.0166846 -0.000647122
7.14539 0.0166709 -0.000591734
7.16865 0.0166581 -0.00054786
7.192 0.0166461 -0.000516092
7.21536 0.0166345 -0.00049382
7.2388 0.0166233 -0.000477248
7.26248 0.0166124 -0.000462998
7.28635 0.0166017 -0.000448217
7.31033 0.0165913 -0.000432095
7.33446 0.0165813 -0.000413305
7.35877 0.0165719 -0.000390475
7.38328 0.016563 -0.000363039
7.40805 0.0165546 -0.000335659
7.43314 0.0165468 -0.000310768
7.45855 0.0165396 -0.000286707
7.48378 0.016533 -0.000260909
7.50856 0.0165272 -0.000234787
7.53334 0.016522 -0.000208323
7.55832 0.0165176 -0.000175431
7.58342 0.0165143 -0.000132916
7.60901 0.0165123 -7.88463e-05
7.63436 0.0165118 -1.74581e-05
7.65907 0.0165131 5.09889e-05
7.68327 0.0165162 0.00012738
7.70725 0.0165213 0.000214148
7.73124 0.0165287 0.000309373
7.75542 0.0165385 0.000404812
7.77985 0.0165506 0.000496725
7.80454 0.0165651 0.000584113
7.82945 0.0165816 0.000664784
7.85444 0.0166001 0.000737575
7.87943 0.0166201 0.00080236
7.9044 0.0166415 0.000858282
7.92937 0.0166641 0.000903968
7.9544 0.0166876 0.000939478
7.97938 0.0167117 0.000963999
8.00472 0.0167364 0.000976572
8.0301 0.0167611 0.000972914
8.05474 0.0167846 0.000950243
8.07871 0.0168064 0.000911869
8.10227 0.0168267 0.000862426
8.12563 0.0168455 0.000803319
8.14915 0.0168628 0.00073498
8.17311 0.0168785 0.000658016
8.19736 0.0168925 0.000574995
8.22182 0.0169045 0.00048887
8.24641 0.0169143 0.000401357
8.27101 0.016922 0.000311552
8.29553 0.0169273 0.000217953
8.3199 0.0169303 0.000121473
8.34414 0.0169309 2.3324e-05
8.36834 0.0169291 -7.35424e-05
8.3926 0.016925 -0.000167925
8.41713 0.0169186 -0.000260275
8.44207 0.0169099 -0.000351044
8.4675 0.0168987 -0.000439783
8.49333 0.0168851 -0.000523908
8.51943 0.0168694 -0.000601663
8.54522 0.0168521 -0.000671407
8.5705 0.0168336 -0.000731519
8.59536 0.0168142 -0.000781827
8.61994 0.016794 -0.000822415
8.64442 0.0167731 -0.000852999
8.66893 0.0167517 -0.000872915
8.69357 0.01673 -0.00088077
8.71839 0.0167083 -0.000875823
8.74335 0.0166869 -0.000858079
8.76835 0.0166662 -0.000827915
8.79326 0.0166465 -0.000787095
8.81795 0.0166283 -0.000737427
8.84239 0.0166117 -0.000680617
8.8666 0.0165968 -0.000617643
8.89059 0.0165836 -0.000547646
8.91443 0.0165724 -0.000471801
8.93817 0.016563 -0.000392474
8.96188 0.0165557 -0.000310803
8.98566 0.0165503 -0.000227851
9.00957 0.0165467 -0.000146975
9.03362 0.016545 -7.12191e-05
9.05779 0.0165449 -3.37266e-06
9.08208 0.0165463 5.56678e-05
9.1065 0.0165489 0.000105806
9.13107 0.0165525 0.000147129
9.15578 0.0165569 0.000179176
9.18035 0.0165619 0.000201516
9.20472 0.0165671 0.00021451
9.22901 0.0165725 0.000222772
9.25336 0.0165781 0.000230482
9.2779 0.0165841 0.000242551
9.3028 0.0165906 0.000262646
9.32789 0.016598 0.000292474
9.35309 0.0166063 0.000332338
9.37845 0.0166161 0.000383063
9.40384 0.0166273 0.000443193
9.42904 0.0166401 0.000509843
9.45419 0.0166548 0.000582128
9.47933 0.0166712 0.000654432
9.50459 0.0166895 0.000720984
9.53012 0.0167094 0.000779453
9.55538 0.0167303 0.000829363
9.58045 0.0167522 0.000871615
9.60559 0.0167749 0.000906311
9.63099 0.0167987 0.000933394
9.65687 0.0168233 0.000950688
9.6834 0.0168486 0.000954719
9.71 0.0168736 0.000942438
9.73657 0.0168979 0.000912926
9.76314 0.0169209 0.000865632
9.78974 0.0169421 0.000798451
9.81586 0.0169608 0.000712843
9.84114 0.0169763 0.0006147
9.86581 0.0169889 0.000509649
9.89019 0.0169987 0.000403677
9.91453 0.017006 0.000299957
9.93917 0.017011 0.00020029
9.96428 0.0170136 0.000107004
9.98987 0.0170142 2.27687e-05
10.0155 0.0170129 -4.99758e-05
10.041 0.0170101 -0.000111089
10.0664 0.017006 -0.000162684
10.0917 0.0170007 -0.000208622
10.117 0.0169943 -0.000251667
10.1421 0.016987 -0.000293985
10.167 0.0169785 -0.000337392
10.1918 0.0169691 -0.000383452
10.2163 0.0169584 -0.000432603
10.2407 0.0169467 -0.000482144
10.2649 0.0169339 -0.000528219
10.289 0.0169202 -0.000567902
10.313 0.0169058 -0.000600424
10.3372 0.0168905 -0.000634292
10.3614 0.0168741 -0.000677731
10.3856 0.0168568 -0.000713057
10.4099 0.0168387 -0.00074566
10.4341 0.0168199 -0.0007751
10.4583 0.0168005 -0.000802762
10.4823 0.0167806 -0.000829614
10.5063 0.01676 -0.000855211
10.5303 0.016739 -0.000878464
10.5543 0.0167174 -0.000896637
10.5784 0.0166956 -0.000906338
10.6027 0.0166736 -0.000905005
10.6272 0.0166518 -0.000891638
10.6519 0.0166304 -0.00086587
10.6769 0.0166096 -0.000830132
10.7023 0.0165896 -0.000788622
10.7281 0.0165704 -0.000744685
10.7544 0.016552 -0.000699904
10.7806 0.0165348 -0.000654888
10.8067 0.0165189 -0.000608194
10.8326 0.0165045 -0.000557113
10.8583 0.0164917 -0.000499296
10.884 0.0164805 -0.000435343
10.9097 0.0164711 -0.000366529
10.9356 0.0164635 -0.00029325
10.9613 0.0164579 -0.000217139
10.9865 0.0164543 -0.000142073
11.0116 0.0164526 -6.83081e-05
11.0368 0.0164527 4.51246e-06
11.0621 0.0164546 7.50105e-05
11.0877 0.0164583 0.000143341
11.1135 0.0164637 0.000210334
11.1395 0.0164709 0.000275811
11.1656 0.0164797 0.000337415
11.1918 0.01649 0.000394068
11.2182 0.0165018 0.00044695
11.2446 0.0165149 0.000497194
11.2708 0.0165292 0.000543529
11.2969 0.0165445 0.000585493
11.3231 0.0165608 0.000622819
11.3493 0.0165779 0.000653491
11.3755 0.0165956 0.000676095
11.4017 0.0166137 0.000689473
11.4275 0.0166316 0.000692319
11.4531 0.0166491 0.000685594
11.4786 0.0166662 0.000670439
11.5042 0.0166828 0.00064835
11.5299 0.0166987 0.000620646
11.5557 0.0167139 0.000588663
11.5816 0.0167283 0.000554494
11.6077 0.0167419 0.000519882
11.6339 0.0167546 0.000485902
11.6601 0.0167665 0.000453144
11.6864 0.0167776 0.000421235
11.713 0.0167879 0.000389126
11.7396 0.0167973 0.000355723
11.7661 0.0168059 0.000320508
11.7927 0.0168134 0.000283451
11.8193 0.0168199 0.000245525
11.8458 0.0168254 0.00020821
11.8722 0.01683 0.000172581
11.8982 0.0168336 0.00014008
11.9237 0.0168365 0.000111816
11.949 0.0168387 8.83152e-05
11.9741 0.0168405 6.99023e-05
11.9992 0.0168419 5.59034e-05
12.0244 0.016843 4.54558e-05
12.0498 0.016844 3.72097e-05
12.0753 0.0168447 2.94996e-05
12.1007 0.0168453 2.12741e-05
12.126 0.0168455 1.13741e-05
12.1514 0.0168455 -9.13033e-07
12.1767 0.0168451 -1.53847e-05
12.2016 0.0168444 -3.05792e-05
12.2263 0.0168433 -4.46649e-05
12.251 0.0168419 -5.63342e-05
12.2758 0.0168403 -6.44884e-05
12.3007 0.0168386 -6.80008e-05
12.326 0.0168369 -6.70705e-05
12.3516 0.0168353 -6.14932e-05
12.3772 0.016834 -5.12008e-05
12.4029 0.0168331 -3.59361e-05
12.4287 0.0168326 -1.72215e-05
12.4543 0.0168327 1.95953e-06
12.4796 0.0168332 1.84587e-05
12.5045 0.016834 3.25919e-05
12.5292 0.0168351 4.56606e-05
12.5538 0.0168365 5.83338e-05
12.5786 0.0168383 7.08367e-05
12.6036 0.0168404 8.3146e-05
12.6287 0.0168427 9.46579e-05
