t x vx
0.01 0.016508 0.000801699
0.02 0.0165357 0.00277041
0.0272445 0.0165667 0.00427325
0.0349423 0.0166121 0.00590088
0.0427178 0.016671 0.00757573
0.0506057 0.016744 0.00924896
0.0585185 0.0168301 0.0108801
0.0664172 0.0169278 0.0123739
0.0743024 0.0170354 0.0136469
0.0821929 0.0171504 0.0145715
0.0901146 0.0172703 0.0151332
0.0980527 0.0173914 0.0152566
0.105925 0.017509 0.014948
0.113593 0.0176187 0.0143055
0.120987 0.0177176 0.0133676
0.128375 0.0178084 0.0122909
0.1357 0.0178896 0.0110824
0.142466 0.017956 0.00982323
0.149037 0.0180118 0.00849072
0.155631 0.0180587 0.00711211
0.162283 0.0180976 0.00585253
0.169048 0.0181298 0.00475329
0.176346 0.0181571 0.00373448
0.184169 0.0181789 0.00278864
0.191845 0.0181949 0.00208546
0.199605 0.0182069 0.00155074
0.20742 0.018216 0.00115891
0.21514 0.0182229 0.000895544
0.222858 0.0182292 0.000823579
0.230242 0.0182363 0.00095911
0.2379 0.018246 0.00126827
0.245642 0.0182595 0.00174447
0.253344 0.018278 0.00239094
0.260987 0.0183021 0.00315575
0.268566 0.018332 0.00395244
0.276103 0.0183675 0.00470673
0.283642 0.0184077 0.00533434
0.291114 0.018451 0.00578546
0.298318 0.0184945 0.00605002
0.30526 0.0185371 0.00613923
0.312186 0.0185786 0.00598229
0.319222 0.0186177 0.00555779
0.326289 0.0186526 0.00494127
0.33344 0.0186819 0.00409075
0.340491 0.0187028 0.00296443
0.347267 0.0187138 0.00163107
0.35388 0.0187149 0.000162841
0.360547 0.0187054 -0.00143091
0.367377 0.0186845 -0.00305905
0.374504 0.0186514 -0.0046446
0.381956 0.0186057 -0.00612504
0.389535 0.0185492 -0.00745308
0.397187 0.0184834 -0.00859681
0.404888 0.0184101 -0.00952278
0.4126 0.0183314 -0.0102105
0.42033 0.0182493 -0.0106212
0.428027 0.0181666 -0.0107393
0.435619 0.0180862 -0.0105904
0.443119 0.0180097 -0.0101988
0.450545 0.0179385 -0.00958754
0.457893 0.0178738 -0.0088077
0.465056 0.017817 -0.00793095
0.472142 0.0177676 -0.00696718
0.479256 0.017725 -0.0059906
0.486319 0.0176893 -0.00505074
0.493078 0.0176611 -0.00417332
0.49955 0.0176392 -0.00338039
0.506009 0.0176214 -0.00275951
0.512614 0.0176063 -0.00228942
0.519402 0.0175936 -0.00186363
0.526376 0.0175835 -0.00145745
0.533437 0.017576 -0.00106257
0.540586 0.017571 -0.000690563
0.547841 0.0175684 -0.000364125
0.554964 0.0175674 -0.000133552
0.561946 0.0175676 2.60025e-05
0.568688 0.0175683 9.99011e-05
0.575549 0.0175688 7.36953e-05
0.582554 0.0175686 -3.32832e-05
0.589671 0.0175669 -0.000228207
0.597141 0.0175628 -0.000555514
0.604676 0.0175557 -0.000945313
0.612341 0.0175453 -0.00135317
0.619702 0.0175328 -0.00169961
0.626829 0.0175186 -0.00198792
0.634167 0.0175025 -0.00220207
0.641507 0.0174851 -0.00236871
0.648718 0.0174674 -0.00245026
0.6556 0.0174503 -0.00248899
0.662611 0.017433 -0.00246153
0.669928 0.0174159 -0.0023429
0.677266 0.0173999 -0.0021747
0.684845 0.017385 -0.0019662
0.69222 0.0173717 -0.00179972
0.699309 0.0173596 -0.00171953
0.706258 0.0173478 -0.00169359
0.713178 0.0173362 -0.00167789
0.720123 0.0173248 -0.00163732
0.727159 0.0173139 -0.00154909
0.734348 0.0173034 -0.00145618
0.741657 0.017293 -0.00143244
0.748724 0.0172826 -0.00146617
0.755613 0.017272 -0.00153421
0.762589 0.0172607 -0.00163262
0.769602 0.0172482 -0.00177394
0.776764 0.0172343 -0.00194653
0.784374 0.0172174 -0.00221897
0.791904 0.0171986 -0.00249599
0.799715 0.0171768 -0.00278702
0.80759 0.017153 -0.00302091
0.815241 0.0171284 -0.00321504
0.822693 0.0171032 -0.00338688
0.830251 0.0170765 -0.00353492
0.837739 0.017049 -0.0036733
0.845107 0.017021 -0.00379743
0.852464 0.0169922 -0.00391319
0.859883 0.0169626 -0.00398857
0.867161 0.0169332 -0.00403922
0.874593 0.0169029 -0.00407986
0.882294 0.0168714 -0.00409161
0.890042 0.0168398 -0.00406973
0.89781 0.0168088 -0.00399062
0.905676 0.0167787 -0.00383258
0.913298 0.0167512 -0.00361159
0.920804 0.0167262 -0.00332978
0.92832 0.0167034 -0.00303071
0.935829 0.0166829 -0.00272439
0.943341 0.0166649 -0.0023962
0.950601 0.0166499 -0.00207664
0.957801 0.0166369 -0.00179793
0.965199 0.0166255 -0.00155006
0.972862 0.0166157 -0.001269
0.980416 0.0166079 -0.00103843
0.987845 0.0166017 -0.000839048
0.995182 0.0165964 -0.000712781
1.00249 0.0165918 -0.000638322
1.00982 0.0165875 -0.000580125
1.01713 0.0165835 -0.000549725
1.02441 0.0165794 -0.000556458
1.03167 0.0165748 -0.000634794
1.0389 0.0165691 -0.000793516
1.04604 0.0165617 -0.0010385
1.05307 0.0165523 -0.00133824
1.06001 0.0165408 -0.00165619
1.06687 0.0165273 -0.00196059
1.07368 0.0165123 -0.00220872
1.08045 0.0164958 -0.00243151
1.08719 0.0164783 -0.00259995
1.09392 0.0164603 -0.00267625
1.10065 0.0164422 -0.00269213
1.10741 0.0164242 -0.00265894
1.11419 0.0164067 -0.00257513
1.12101 0.0163901 -0.00243538
1.12789 0.0163747 -0.0022401
1.13482 0.0163605 -0.00205368
1.14182 0.0163476 -0.00184323
1.14887 0.0163366 -0.00155204
1.15598 0.016328 -0.00121272
1.16318 0.016322 -0.000829822
1.17052 0.0163188 -0.000447455
1.17803 0.0163172 -0.000202373
1.18575 0.0163171 -1.36536e-05
1.19348 0.0163184 0.000165557
1.20125 0.0163209 0.000321369
1.20892 0.0163237 0.000367675
1.21662 0.0163255 0.000231869
1.22457 0.0163254 -8.82601e-06
1.23252 0.0163229 -0.000317403
1.24048 0.0163183 -0.000580414
1.24835 0.0163119 -0.000817007
1.25623 0.0163033 -0.00108846
1.26394 0.0162927 -0.00136962
1.27141 0.0162805 -0.00163959
1.27878 0.0162666 -0.00188191
1.28615 0.0162515 -0.00205546
1.29333 0.016236 -0.00215073
1.30052 0.0162203 -0.00219093
1.30785 0.0162045 -0.00214789
1.31526 0.01619 -0.00196336
1.32272 0.0161775 -0.00166545
1.33028 0.0161678 -0.00129366
1.3376 0.016161 -0.000923721
1.34478 0.0161571 -0.000544306
1.35199 0.016156 -0.000153403
1.35928 0.0161575 0.000210875
1.3667 0.0161613 0.00050901
1.37427 0.0161669 0.000732257
1.38199 0.0161733 0.000833049
1.38963 0.0161799 0.000866096
1.39727 0.0161862 0.000827971
1.40507 0.0161919 0.000732346
1.41308 0.0161963 0.000543751
1.42111 0.0161981 0.000230012
1.42899 0.0161965 -0.000206465
1.43667 0.0161911 -0.000710613
1.44422 0.0161818 -0.00122264
1.45187 0.0161686 -0.00172514
1.45938 0.0161523 -0.00217165
1.46682 0.0161334 -0.00254057
1.47413 0.0161125 -0.00285609
1.48139 0.0160901 -0.00309054
1.48857 0.016067 -0.00322621
1.49559 0.016044 -0.0032603
1.50269 0.0160215 -0.00317464
1.50983 0.0160004 -0.00296461
1.51703 0.0159815 -0.0026144
1.52447 0.0159658 -0.00211516
1.53219 0.0159541 -0.00151052
1.53987 0.0159473 -0.000888772
1.54757 0.0159455 -0.000233792
1.55511 0.0159489 0.000446759
1.56234 0.0159565 0.00106156
1.56919 0.0159672 0.00155482
1.57594 0.01598 0.0018948
1.58275 0.0159941 0.00206818
1.5896 0.0160086 0.00212947
1.59682 0.016024 0.0021236
1.60434 0.016039 0.00198884
1.61187 0.0160516 0.00167771
1.61944 0.0160609 0.00123258
1.62698 0.0160661 0.000695315
1.63454 0.0160672 0.000143356
1.64208 0.0160639 -0.000439881
1.64966 0.0160557 -0.00108648
1.65717 0.0160426 -0.00174459
1.66461 0.0160249 -0.00237927
1.67202 0.0160032 -0.00292344
1.67951 0.0159784 -0.00331525
1.68688 0.0159522 -0.00355415
1.69422 0.0159255 -0.00364065
1.70165 0.0158994 -0.00351054
1.7093 0.0158753 -0.00314907
1.71678 0.0158554 -0.00265698
1.72425 0.0158397 -0.00210436
1.73174 0.0158283 -0.00151643
1.73928 0.0158217 -0.000886632
1.74689 0.0158201 -0.000203241
1.75451 0.015824 0.000509644
1.76201 0.0158329 0.00119229
1.76944 0.0158465 0.00182255
1.77671 0.0158634 0.00232549
1.78387 0.0158824 0.00265567
1.79114 0.0159027 0.00278714
1.79832 0.015922 0.0026978
1.80566 0.0159396 0.00240086
1.81331 0.0159544 0.00192593
1.82104 0.0159645 0.0013056
1.82881 0.0159688 0.000561363
1.83667 0.0159669 -0.000251253
1.84439 0.0159588 -0.00104972
1.85211 0.0159447 -0.00181739
1.85974 0.0159257 -0.00248741
1.86735 0.0159026 -0.00303894
1.87482 0.0158768 -0.00345231
1.88224 0.0158491 -0.00373796
1.88958 0.0158207 -0.00387377
1.89678 0.0157926 -0.00389999
1.90398 0.0157654 -0.00377152
1.91126 0.0157403 -0.00344814
1.91861 0.0157187 -0.00295104
1.92603 0.0157015 -0.00231315
1.93359 0.0156889 -0.0016651
1.94125 0.015681 -0.00102993
1.94898 0.0156777 -0.000431666
1.95677 0.0156791 0.000180043
1.96428 0.0156853 0.000827974
1.97165 0.0156959 0.00144668
1.97907 0.0157108 0.00200123
1.98636 0.0157283 0.00240045
1.9935 0.0157469 0.00261208
2.00086 0.0157665 0.00265467
2.00853 0.015786 0.00254146
2.01626 0.0158035 0.00226834
2.02402 0.0158179 0.00185019
2.03186 0.0158283 0.00133413
2.03961 0.0158339 0.000719995
2.04723 0.0158342 4.05528e-05
2.05473 0.0158294 -0.000643019
2.06213 0.0158198 -0.00130144
2.06943 0.0158058 -0.00191424
2.07662 0.0157879 -0.00249404
2.08375 0.0157666 -0.00298397
2.09082 0.0157428 -0.00336375
2.09773 0.0157181 -0.003578
2.10461 0.0156931 -0.00362541
2.11163 0.0156684 -0.00352337
2.11886 0.0156449 -0.00324555
2.12641 0.0156239 -0.00278818
2.13393 0.0156074 -0.00218704
2.14137 0.0155962 -0.00151043
2.14891 0.0155902 -0.000787921
2.15614 0.0155894 -0.000118529
2.16304 0.0155925 0.000446444
2.17034 0.0155994 0.000952669
2.17774 0.0156093 0.00133641
2.18477 0.0156202 0.00155438
2.19155 0.0156309 0.00157221
2.19851 0.0156405 0.00137275
2.20554 0.0156471 0.000951179
2.21278 0.0156495 0.0003317
2.22021 0.0156468 -0.000374434
2.22763 0.0156388 -0.00107781
2.235 0.0156253 -0.00182097
2.24235 0.0156064 -0.00257867
2.24974 0.0155827 -0.00321246
2.25706 0.0155556 -0.00368953
2.26445 0.015526 -0.00401072
2.272 0.0154943 -0.00419993
2.2798 0.0154605 -0.00432761
2.28746 0.0154271 -0.0043655
2.29493 0.0153954 -0.00424357
2.3024 0.0153663 -0.00389411
2.30993 0.0153411 -0.00334206
2.31754 0.015321 -0.00265204
2.32517 0.0153067 -0.001878
2.33276 0.0152985 -0.00107616
2.34029 0.0152959 -0.000349077
2.34775 0.0152978 0.000261975
2.35516 0.0153031 0.000708312
2.36241 0.0153097 0.000922578
2.36979 0.0153171 0.00100177
2.37724 0.0153243 0.000965726
2.38481 0.0153309 0.000863262
2.39255 0.0153359 0.00064831
2.4004 0.0153387 0.000356656
2.40841 0.0153386 -8.98796e-06
2.41644 0.0153354 -0.000402607
2.42444 0.0153291 -0.000782767
2.43199 0.0153207 -0.00111466
2.43854 0.0153121 -0.00132009
2.44445 0.0153034 -0.00145854
2.45009 0.0152946 -0.00156257
2.45576 0.0152855 -0.00161731
2.46154 0.0152764 -0.00156797
2.46756 0.0152677 -0.00143612
2.47387 0.0152597 -0.00127241
2.48054 0.0152527 -0.0010484
2.4876 0.0152473 -0.000770786
2.49466 0.0152436 -0.000519926
2.50205 0.0152413 -0.000317892
2.50912 0.0152395 -0.000250749
2.51642 0.0152373 -0.000299031
2.52376 0.0152341 -0.000438796
2.53116 0.0152293 -0.000646038
2.53835 0.0152226 -0.000937624
2.54523 0.0152143 -0.00119294
2.55241 0.0152035 -0.00151278
2.55991 0.0151894 -0.00188034
2.56761 0.0151724 -0.00220419
2.57509 0.0151536 -0.0025224
2.58238 0.0151329 -0.00283074
2.58958 0.0151104 -0.00312558
2.59676 0.0150862 -0.00337425
2.60394 0.0150604 -0.00359122
2.61122 0.0150328 -0.00378267
2.61823 0.0150054 -0.00391628
2.62529 0.0149779 -0.00389254
2.63251 0.0149514 -0.00366597
2.6399 0.0149277 -0.0032125
2.64749 0.0149077 -0.00263334
2.65511 0.0148924 -0.0020172
2.66265 0.0148814 -0.00144699
2.66997 0.014875 -0.000879538
2.6773 0.0148726 -0.000323102
2.6847 0.014874 0.000179068
2.69198 0.0148784 0.000609549
2.6993 0.0148856 0.000980691
2.70661 0.014895 0.00129318
2.71388 0.0149066 0.00159012
2.72119 0.0149199 0.00182389
2.72878 0.0149348 0.00195733
2.7367 0.0149503 0.00196123
2.74453 0.0149653 0.00190873
2.75227 0.0149788 0.00175204
2.75984 0.0149904 0.00153573
2.76724 0.0149998 0.00126008
2.77449 0.0150064 0.000920358
2.78162 0.0150103 0.000540002
2.78867 0.0150114 0.000160284
2.79567 0.0150099 -0.000213125
2.80271 0.015006 -0.000553965
2.80976 0.0149998 -0.000877482
2.81661 0.0149926 -0.00106071
2.82335 0.014985 -0.00112693
2.83009 0.0149774 -0.00112346
2.83697 0.0149699 -0.00109055
2.84407 0.0149626 -0.00102146
2.85119 0.0149563 -0.000891951
2.85847 0.0149514 -0.000680106
2.86566 0.0149484 -0.000409392
2.87271 0.0149473 -0.000159881
2.87985 0.0149478 7.17401e-05
2.88721 0.0149499 0.000288247
2.89412 0.0149532 0.000473013
2.90062 0.0149576 0.00067783
2.90695 0.0149629 0.000833453
2.9132 0.0149687 0.000932217
2.91945 0.0149748 0.000981738
2.92577 0.0149811 0.000995911
2.93228 0.0149873 0.000942396
2.93909 0.0149925 0.000766936
2.94635 0.0149964 0.000541493
2.95397 0.0149985 0.000267963
2.96165 0.0149985 7.59475e-06
2.96936 0.0149966 -0.000249187
2.97677 0.014993 -0.000485725
2.98398 0.0149885 -0.000618126
2.9915 0.0149839 -0.000617132
2.99923 0.0149804 -0.000450409
3.00696 0.0149789 -0.000199976
3.01467 0.0149792 3.76675e-05
3.02232 0.0149809 0.000227804
3.02987 0.0149839 0.000395145
3.03733 0.0149878 0.000530774
3.04457 0.0149924 0.000628575
3.05165 0.0149971 0.000661834
3.05896 0.0150021 0.000684942
3.06628 0.015007 0.000676947
3.07365 0.0150119 0.000662105
3.08092 0.0150169 0.000690784
3.08797 0.0150222 0.000749876
3.09473 0.0150277 0.000801429
3.10145 0.0150334 0.00085689
3.10822 0.0150394 0.000879342
3.11509 0.015045 0.000815864
3.12219 0.0150501 0.000717513
3.12964 0.0150545 0.000592874
3.13729 0.0150579 0.000453051
3.14486 0.01506 0.000267439
3.1522 0.0150606 8.45048e-05
3.1594 0.01506 -8.26059e-05
3.16676 0.0150588 -0.000154764
3.17429 0.0150574 -0.000191786
3.18175 0.0150561 -0.000178042
3.18919 0.0150551 -0.00013755
3.19654 0.015054 -0.000138171
3.20393 0.0150524 -0.000224453
3.21143 0.01505 -0.000318806
3.21887 0.0150471 -0.000392274
3.2263 0.0150438 -0.000446417
3.23375 0.0150402 -0.000472336
3.24111 0.0150374 -0.000380094
3.24874 0.015036 -0.000194531
3.25643 0.0150367 9.41437e-05
3.26416 0.0150398 0.000406939
3.27188 0.0150454 0.000727932
3.27957 0.0150531 0.0009959
3.2872 0.0150621 0.00118495
3.2946 0.0150716 0.00128026
3.30207 0.0150813 0.00129091
3.3093 0.0150899 0.00120208
3.31609 0.0150971 0.00105623
3.32272 0.0151028 0.000852124
3.32936 0.015107 0.000642355
3.33597 0.0151103 0.000489482
3.34247 0.0151122 0.000291044
3.34898 0.0151129 0.000112198
3.35557 0.0151124 -7.43225e-05
3.36231 0.0151107 -0.000257655
3.36929 0.0151072 -0.000500058
3.37655 0.0151013 -0.000810895
3.38413 0.0150928 -0.00111531
3.39171 0.0150833 -0.00126209
3.39927 0.0150727 -0.00139586
3.40657 0.0150621 -0.00146003
3.41383 0.0150519 -0.00140066
3.42144 0.015043 -0.00116499
3.42912 0.0150368 -0.000813192
3.43686 0.0150334 -0.000433014
3.44447 0.0150328 -8.50817e-05
3.45211 0.0150347 0.000252445
3.45916 0.0150382 0.000502119
3.46649 0.0150433 0.000687783
3.47382 0.0150489 0.000772199
3.48121 0.0150549 0.000801468
3.48847 0.0150602 0.000731811
3.49558 0.0150652 0.000699153
3.50269 0.0150699 0.000666395
3.50984 0.0150741 0.000583325
3.51702 0.0150774 0.000460435
3.52429 0.0150794 0.000275583
3.53172 0.0150796 2.81136e-05
3.5392 0.0150776 -0.000262888
3.54647 0.0150734 -0.000583342
3.55373 0.0150671 -0.00086641
3.56109 0.0150588 -0.00112498
3.56837 0.0150491 -0.00134017
3.57555 0.0150388 -0.00142958
3.58304 0.0150286 -0.00136484
3.59093 0.01502 -0.00108912
3.59887 0.0150142 -0.000731896
3.60673 0.0150114 -0.000348997
3.61446 0.0150113 -1.06885e-05
3.62221 0.0150138 0.000312525
3.62949 0.0150178 0.000560149
3.63673 0.0150233 0.000760058
3.64413 0.0150301 0.000917131
3.65154 0.0150377 0.00101761
3.65891 0.0150457 0.00108482
3.66632 0.0150544 0.00117714
