t x vx
0.01 0.0164681 -0.00319449
0.02 0.0163696 -0.0098432
0.026024 0.0162865 -0.0138029
0.0322419 0.0161757 -0.0178092
0.0382974 0.0160455 -0.0215096
0.0450563 0.0158747 -0.0252678
0.0518792 0.0156794 -0.0286233
0.0587816 0.0154615 -0.0315749
0.0656666 0.015227 -0.0340503
0.0725419 0.0149797 -0.0359783
0.0793892 0.0147245 -0.0372636
0.0862119 0.0144668 -0.0377781
0.0930105 0.0142125 -0.0373986
0.099832 0.0139667 -0.0360316
0.10671 0.0137343 -0.0337996
0.113319 0.0135298 -0.0309379
0.120068 0.0133456 -0.02729
0.122684 0.0132783 -0.0257312
0.125305 0.0132152 -0.0240532
0.127819 0.0131591 -0.022335
0.130294 0.0131082 -0.020574
0.132804 0.0130611 -0.0187672
0.135396 0.0130174 -0.0168503
0.137946 0.0129794 -0.0148939
0.14051 0.0129464 -0.0128571
0.143111 0.0129186 -0.0107213
0.145809 0.0128957 -0.0084799
0.148573 0.0128784 -0.00624527
0.151344 0.0128674 -0.00395918
0.154076 0.0128628 -0.00169874
0.156782 0.0128643 0.000540127
0.159408 0.0128713 0.00266643
0.162016 0.0128837 0.00476648
0.164615 0.0129015 0.00684391
0.16725 0.0129251 0.0089816
0.169882 0.0129544 0.0110959
0.172525 0.0129892 0.0131953
0.175148 0.0130291 0.0152067
0.17779 0.0130746 0.0172144
0.180426 0.0131252 0.0191838
0.183078 0.0131814 0.0211866
0.185726 0.0132427 0.0231565
0.188381 0.0133093 0.0251134
0.191036 0.0133812 0.0270571
0.193709 0.0134587 0.0290011
0.196382 0.0135414 0.030923
0.203101 0.0137783 0.03526
0.20982 0.0140421 0.0392643
0.216906 0.0143476 0.0431168
0.22404 0.0146795 0.0465256
0.231172 0.0150322 0.0494539
0.238263 0.0154004 0.0519248
0.245323 0.0157801 0.0537803
0.252397 0.0161697 0.0550758
0.259361 0.0165578 0.0557305
0.266288 0.0169433 0.0556543
0.273076 0.0173157 0.0548468
0.279844 0.0176765 0.0533074
0.286559 0.0180194 0.0510727
0.293254 0.0183413 0.0480779
0.299865 0.0186348 0.0443993
0.306428 0.0188989 0.0402353
0.312959 0.0191316 0.0356382
0.319197 0.0193239 0.0308298
0.325497 0.0194862 0.0257525
0.331623 0.0196124 0.0206076
0.33419 0.0196595 0.0183537
0.336632 0.019699 0.0161794
0.339105 0.0197336 0.0139722
0.341526 0.0197622 0.0118065
0.344014 0.019786 0.00958743
0.346461 0.0198042 0.00741228
0.348905 0.019817 0.00525787
0.351335 0.0198247 0.00314009
0.353775 0.0198272 0.00104525
0.356222 0.0198247 -0.00101771
0.3587 0.0198171 -0.00306089
0.361221 0.0198043 -0.00508526
0.363797 0.019786 -0.00709517
0.366447 0.0197619 -0.00909948
0.369167 0.0197317 -0.0110901
0.371899 0.0196962 -0.0130275
0.374641 0.0196553 -0.0149128
0.377393 0.0196092 -0.0167442
0.380164 0.0195579 -0.0185171
0.382973 0.019501 -0.0202356
0.390141 0.0193291 -0.0239865
0.397345 0.0191341 -0.027067
0.404414 0.0189253 -0.0295404
0.41137 0.0187066 -0.0314358
0.418505 0.0184726 -0.0327999
0.425642 0.0182335 -0.0335012
0.432935 0.017989 -0.0335228
0.44009 0.0177537 -0.0328851
0.446972 0.0175356 -0.031691
0.453661 0.0173349 -0.030014
0.460271 0.0171506 -0.0278732
0.466941 0.0169823 -0.0252408
0.47321 0.0168416 -0.0224423
0.479538 0.0167189 -0.0193836
0.486121 0.0166136 -0.0159944
0.492617 0.0165328 -0.0124411
0.498813 0.0164775 -0.00892723
0.504878 0.0164451 -0.00534594
0.510943 0.0164348 -0.00169149
0.516968 0.0164465 0.00193514
0.523062 0.0164802 0.00553389
0.529244 0.0165357 0.00898081
0.535453 0.0166121 0.0123021
0.541655 0.016708 0.0154632
0.547911 0.0168232 0.0184161
0.554264 0.0169573 0.0211111
0.560625 0.017106 0.0233747
0.567103 0.0172688 0.0251241
0.573761 0.0174442 0.0263502
0.580657 0.0176302 0.0269685
0.587649 0.0178185 0.0269278
0.594585 0.018001 0.0263196
0.601428 0.0181731 0.0251508
0.608314 0.0183342 0.0233986
0.614721 0.018471 0.0213479
0.621374 0.0185962 0.0188236
0.627715 0.018698 0.0160509
0.634314 0.0187825 0.0128059
0.641013 0.0188445 0.00924862
0.647838 0.0188817 0.00544848
0.654437 0.0188927 0.00167456
0.660806 0.0188801 -0.00197953
0.66692 0.0188467 -0.00546415
0.673104 0.0187912 -0.0089756
0.679664 0.0187085 -0.0126062
0.686564 0.0185965 -0.0162367
0.693993 0.0184491 -0.0198416
0.701503 0.0182749 -0.0231883
0.709092 0.0180761 -0.0262006
0.716723 0.0178565 -0.0287704
0.724373 0.0176214 -0.0307404
0.731935 0.0173799 -0.0319379
0.73936 0.0171399 -0.0323157
0.746586 0.0169096 -0.031867
0.753643 0.0166935 -0.0306314
0.760503 0.0164962 -0.0287544
0.767237 0.0163191 -0.0263005
0.77386 0.0161649 -0.0232867
0.780359 0.0160359 -0.0198442
0.786649 0.0159343 -0.0161558
0.79318 0.0158558 -0.0120148
0.799605 0.0158066 -0.00767106
0.805772 0.0157861 -0.00331677
0.812123 0.0157941 0.00126338
0.818306 0.0158292 0.0056806
0.824408 0.01589 0.00994948
0.830668 0.0159788 0.0141872
0.837018 0.0160949 0.0182949
0.843407 0.0162367 0.0221836
0.849857 0.0164029 0.0257716
0.856501 0.0165961 0.0290848
0.863325 0.0168149 0.0320651
0.870262 0.0170547 0.0345676
0.877369 0.0173142 0.0365101
0.884455 0.0175818 0.0377574
0.891453 0.0178491 0.038199
0.898373 0.0181107 0.0378116
0.905246 0.0183628 0.0366793
0.912017 0.0185995 0.0349564
0.918652 0.0188169 0.0327618
0.925284 0.0190163 0.0300653
0.931798 0.0191923 0.0270119
0.938412 0.0193486 0.0236318
0.944836 0.0194774 0.0200507
0.95147 0.0195845 0.016142
0.954188 0.0196237 0.0144499
0.95684 0.0196575 0.0127439
0.959572 0.0196875 0.0109702
0.9623 0.0197126 0.00920051
0.965055 0.019733 0.00742356
0.967931 0.0197491 0.00558485
0.970808 0.0197599 0.00375923
0.973566 0.0197655 0.00201618
0.976196 0.0197664 0.000364318
0.978723 0.0197634 -0.00122079
0.981166 0.0197567 -0.00274206
0.983544 0.0197467 -0.00419337
0.985876 0.0197337 -0.00558344
0.988187 0.0197177 -0.00692054
0.990499 0.0196987 -0.00820403
0.992831 0.0196767 -0.00943916
0.995207 0.0196514 -0.0106404
0.997652 0.0196225 -0.0118257
1.00019 0.0195894 -0.0130195
1.00285 0.0195515 -0.0142449
1.00567 0.0195078 -0.0155084
1.01232 0.019387 -0.0181728
1.01894 0.0192522 -0.0203512
1.02673 0.0190782 -0.0223407
1.03416 0.0189024 -0.0236726
1.04155 0.0187216 -0.0244773
1.04894 0.0185386 -0.0247319
1.05637 0.0183572 -0.0244281
1.06352 0.0181879 -0.023675
1.07048 0.0180307 -0.0225844
1.07729 0.0178862 -0.0212399
1.08426 0.0177499 -0.0195544
1.09115 0.0176286 -0.0175984
1.09775 0.0175258 -0.0155698
1.10467 0.0174341 -0.0132577
1.1118 0.0173581 -0.0106504
1.11898 0.0173019 -0.00781792
1.12613 0.017267 -0.00488602
1.13296 0.0172535 -0.00198585
1.13975 0.0172598 0.000932342
1.14673 0.0172869 0.00388058
1.15371 0.0173335 0.00668285
1.16064 0.0173977 0.00925587
1.16753 0.0174769 0.0115031
1.17443 0.0175699 0.0134831
1.18139 0.0176756 0.0151735
1.18844 0.0177923 0.0165734
1.19556 0.0179179 0.0176231
1.20228 0.0180404 0.0182451
1.20933 0.018171 0.0185315
1.21608 0.0182958 0.0184589
1.22301 0.0184203 0.017979
1.22999 0.0185393 0.0170365
1.23698 0.0186485 0.0156363
1.24402 0.0187457 0.0137988
1.25129 0.0188301 0.0116157
1.25855 0.0188963 0.0091144
1.26545 0.0189418 0.00660227
1.27225 0.0189696 0.00408547
1.279 0.0189803 0.00158287
1.28525 0.0189764 -0.000630343
1.29108 0.0189613 -0.00258264
1.29703 0.0189347 -0.00447313
1.30334 0.0188951 -0.00626901
1.31 0.0188423 -0.0079361
1.31705 0.0187758 -0.00943199
1.3246 0.018695 -0.0107049
1.33205 0.0186081 -0.0116513
1.33947 0.0185169 -0.0122907
1.34683 0.018424 -0.0126141
1.35417 0.0183317 -0.012584
1.36142 0.0182434 -0.0121842
1.36844 0.0181628 -0.0114966
1.37546 0.0180887 -0.0105349
1.38236 0.0180247 -0.00928952
1.38906 0.0179724 -0.00779938
1.39563 0.0179321 -0.00612609
1.4022 0.0179041 -0.00427419
1.40887 0.0178889 -0.00226533
1.41551 0.0178875 -0.000219577
1.42217 0.0178993 0.00178029
1.42894 0.0179245 0.00372125
1.43574 0.0179628 0.0056254
1.44254 0.0180124 0.00730445
1.44932 0.0180726 0.00886751
1.45612 0.0181421 0.0102242
1.46298 0.0182199 0.0113319
1.46993 0.0183055 0.0123269
1.47695 0.0183968 0.0130064
1.48405 0.0184915 0.0133401
1.49128 0.0185887 0.0134333
1.49866 0.0186855 0.0131275
1.50621 0.0187798 0.01249
1.51362 0.018865 0.0114934
1.52086 0.0189387 0.0101848
1.52818 0.0190014 0.00855366
1.53548 0.019051 0.00680141
1.54267 0.0190873 0.00504374
1.54961 0.0191108 0.0033878
1.5561 0.0191233 0.00193263
1.56231 0.0191277 0.000697926
1.56864 0.019125 -0.000415267
1.5753 0.0191158 -0.00138877
1.5821 0.019101 -0.00217174
1.58945 0.0190806 -0.00277826
1.59716 0.0190562 -0.00316096
1.6048 0.019031 -0.00329715
1.6124 0.0190068 -0.00319252
1.61996 0.0189851 -0.00286514
1.6275 0.0189671 -0.00239289
1.63493 0.0189536 -0.00181628
1.64228 0.0189451 -0.00115226
1.64954 0.0189421 -0.000407572
1.65662 0.0189447 0.000367471
1.66357 0.0189528 0.00115841
1.67042 0.0189663 0.00197114
1.67723 0.0189849 0.00273349
1.68411 0.0190087 0.00346099
1.69089 0.019036 0.00402436
1.69772 0.0190656 0.00433043
1.70469 0.0190966 0.00444552
1.71178 0.0191278 0.00440581
1.71902 0.0191581 0.00418187
1.72645 0.0191866 0.00383738
1.73405 0.0192121 0.003359
1.74177 0.0192335 0.00276158
1.74953 0.0192493 0.00204609
1.7573 0.0192593 0.00128329
1.76479 0.0192635 0.000562378
1.77204 0.0192628 -0.000100029
1.77928 0.0192578 -0.000693524
1.78672 0.0192488 -0.00120818
1.79432 0.0192363 -0.00164635
1.80207 0.0192205 -0.00203944
1.80975 0.019202 -0.00240301
1.8174 0.0191813 -0.00270688
1.82502 0.0191591 -0.0029164
1.8326 0.0191361 -0.00302502
1.84015 0.0191135 -0.00300533
1.84773 0.0190914 -0.00291515
1.85531 0.0190706 -0.00273315
1.86291 0.0190521 -0.00243515
1.87056 0.0190367 -0.00202393
1.87828 0.0190246 -0.00155639
1.88592 0.0190168 -0.00102019
1.89337 0.0190133 -0.000470445
1.90076 0.019014 8.74729e-05
1.90812 0.0190189 0.000667727
1.91519 0.0190278 0.00125985
1.92205 0.0190405 0.0018544
1.92878 0.0190568 0.00242205
1.93552 0.0190765 0.00292543
1.94209 0.0190981 0.00328179
1.94865 0.019121 0.00348236
1.9554 0.0191448 0.00352537
1.96229 0.019168 0.00338054
1.96934 0.0191898 0.00308442
1.97647 0.0192094 0.00274416
1.98361 0.0192265 0.00239547
1.99082 0.0192406 0.00196437
1.99808 0.0192517 0.00152912
2.00536 0.0192598 0.00110699
2.01243 0.0192649 0.000725711
2.0194 0.0192679 0.000421887
2.0263 0.0192691 0.000185551
2.03317 0.0192692 6.93864e-06
2.04003 0.0192687 -7.01248e-05
2.04692 0.019268 -9.57825e-05
2.0539 0.0192673 -0.000110052
2.06103 0.0192667 -8.09614e-05
2.06813 0.0192666 -9.15557e-06
2.0752 0.0192673 8.86906e-05
2.08235 0.0192689 0.000232529
2.08944 0.0192714 0.000356283
2.09655 0.0192744 0.000408984
2.10378 0.0192776 0.0004448
2.11112 0.0192812 0.000495199
2.11863 0.019285 0.000506332
2.12638 0.0192885 0.000446261
2.13421 0.0192907 0.000287831
2.14209 0.0192913 7.1927e-05
2.14994 0.0192902 -0.000132185
2.15771 0.0192882 -0.000269268
2.16532 0.0192857 -0.000317679
2.17272 0.0192835 -0.000300242
2.18009 0.0192817 -0.000248473
2.18759 0.0192803 -0.000178829
2.19495 0.0192794 -0.000125973
2.2021 0.0192787 -9.5105e-05
2.20916 0.0192783 -5.57542e-05
2.21623 0.0192782 -2.59389e-05
2.22339 0.0192781 -1.05713e-05
2.23043 0.0192778 -3.81878e-05
2.23754 0.0192772 -8.64609e-05
2.24479 0.0192763 -0.000126166
2.25222 0.0192751 -0.000154491
2.25986 0.019274 -0.000142344
2.26769 0.0192733 -0.000101585
2.27559 0.0192728 -5.4716e-05
2.28345 0.0192729 1.1593e-05
2.29127 0.0192736 9.23742e-05
2.29908 0.0192749 0.000156812
2.30687 0.0192765 0.000213987
2.31449 0.0192786 0.000271304
2.32201 0.019281 0.000317293
2.32951 0.0192835 0.00033235
2.33679 0.0192857 0.000312266
2.3439 0.019288 0.000314588
2.35091 0.0192904 0.000338868
2.35785 0.0192927 0.00034231
2.36464 0.0192948 0.000300524
2.37136 0.0192963 0.000232803
2.37806 0.0192975 0.000168037
2.38476 0.0192981 9.71455e-05
2.39157 0.0192982 8.90614e-06
2.39845 0.0192976 -7.92387e-05
2.40542 0.0192965 -0.000159547
2.41226 0.0192954 -0.000168264
2.41881 0.0192948 -9.01487e-05
2.42524 0.0192949 2.34415e-05
2.43185 0.0192961 0.000179121
2.43889 0.0192988 0.000378664
2.44627 0.0193032 0.000602472
2.45327 0.0193089 0.000805324
2.46035 0.0193156 0.000952436
2.46756 0.0193235 0.00108781
2.4745 0.0193317 0.00119184
2.48121 0.01934 0.0012261
2.48791 0.0193479 0.00118563
2.4948 0.0193554 0.00109395
2.50154 0.0193618 0.000938433
2.50836 0.0193666 0.000707036
2.51527 0.0193694 0.000409261
2.52236 0.0193698 5.977e-05
2.5297 0.0193674 -0.000333418
2.5369 0.0193621 -0.00073924
2.54398 0.0193542 -0.00111395
2.55105 0.0193439 -0.00144786
2.55825 0.0193312 -0.0017678
2.56565 0.019316 -0.00205395
2.57336 0.0192982 -0.00230623
2.58105 0.019279 -0.00249354
2.58874 0.0192594 -0.00255097
2.59623 0.0192408 -0.00248504
2.60349 0.019224 -0.00232071
2.61077 0.0192089 -0.00207407
2.61786 0.0191965 -0.00173757
2.62476 0.0191874 -0.0013212
2.63156 0.0191818 -0.00083567
2.63839 0.0191797 -0.000299772
2.6453 0.0191814 0.000251754
2.65211 0.019187 0.000808403
2.65902 0.0191962 0.00133165
2.66611 0.0192092 0.00183755
2.67332 0.0192263 0.00237431
2.68066 0.0192473 0.00285419
2.68797 0.0192715 0.00332046
2.69529 0.0192987 0.00371109
2.70267 0.0193281 0.00398683
2.71013 0.019359 0.00414351
2.71763 0.0193904 0.00418305
2.72518 0.0194209 0.00404092
2.73277 0.0194487 0.00365761
2.74013 0.0194716 0.00311132
2.74729 0.019489 0.0024427
2.75436 0.0195009 0.00167758
2.76151 0.0195069 0.000832699
2.7685 0.0195063 -8.47379e-05
2.77542 0.019499 -0.00104359
2.7824 0.0194851 -0.00199146
2.78936 0.0194652 -0.00286857
2.79647 0.0194389 -0.00369469
2.80335 0.0194086 -0.00441352
2.81011 0.0193745 -0.00503692
2.81685 0.0193369 -0.00557515
2.82371 0.0192954 -0.00605072
2.83076 0.0192499 -0.00645374
2.83803 0.0192008 -0.00675454
2.84546 0.0191498 -0.00686732
2.85299 0.0190994 -0.00669493
2.86048 0.0190532 -0.00616934
2.86794 0.0190133 -0.00534972
2.87536 0.0189817 -0.00425885
2.88272 0.0189602 -0.00291688
2.89004 0.0189498 -0.00142184
2.89731 0.0189509 0.000154019
2.90463 0.0189642 0.00181493
2.91207 0.0189903 0.00351615
2.91947 0.0190281 0.00510056
2.92693 0.0190766 0.006509
2.93443 0.0191334 0.00756898
2.9419 0.0191966 0.00845747
2.94928 0.0192622 0.00889272
2.95656 0.0193286 0.00911482
2.9636 0.0193922 0.00904381
2.97067 0.0194531 0.00861273
2.97774 0.0195102 0.00807243
2.98453 0.0195596 0.0072762
2.98731 0.0195787 0.00689649
2.99003 0.0195965 0.00650894
2.99276 0.0196131 0.00608967
2.99556 0.019629 0.00565917
2.99837 0.0196436 0.00522182
3.00118 0.019657 0.00476518
3.00396 0.0196689 0.00428945
3.00668 0.0196793 0.00379616
3.00937 0.0196881 0.00329031
3.01204 0.0196956 0.0027952
3.01478 0.0197019 0.00230922
3.0175 0.0197069 0.00184561
3.02017 0.0197106 0.00139808
3.02279 0.0197132 0.00096182
3.0254 0.0197146 0.000555794
3.028 0.0197152 0.000209742
3.03064 0.019715 -7.57966e-05
3.03329 0.0197141 -0.000305451
3.03595 0.0197129 -0.000472472
3.0386 0.0197113 -0.000586327
3.04125 0.0197096 -0.000641358
3.04389 0.019708 -0.000621418
3.04652 0.0197066 -0.000531382
3.04914 0.0197056 -0.000389091
3.05173 0.019705 -0.000208307
3.05432 0.0197051 1.68655e-05
3.05693 0.0197058 0.000288453
3.05958 0.0197074 0.000594355
3.06226 0.0197099 0.000911673
3.06494 0.0197132 0.00123445
3.06745 0.0197171 0.00156577
