t x vx
0.01 0.0165076 0.00075869
0.02 0.0165344 0.00268355
0.0273051 0.0165649 0.00416544
0.0350621 0.0166097 0.00577641
0.0428964 0.016668 0.00744537
0.0508515 0.0167408 0.00915628
0.0588171 0.0168272 0.0108383
0.0667551 0.0169258 0.0124213
0.0746578 0.0170351 0.0138309
0.0825298 0.0171526 0.0149334
0.0903975 0.017276 0.0156785
0.0983008 0.0174027 0.0160335
0.106234 0.0175292 0.015947
0.113975 0.0176495 0.015538
0.121587 0.017762 0.0147759
0.129099 0.0178663 0.0138852
0.136466 0.0179614 0.0129189
0.143233 0.0180417 0.0118548
0.14987 0.0181124 0.0106594
0.156511 0.0181745 0.00935747
0.163372 0.01823 0.00808229
0.170076 0.0182768 0.00698129
0.177257 0.0183195 0.00595163
0.185285 0.0183583 0.00483145
0.193144 0.0183889 0.0038903
0.200977 0.0184119 0.00293674
0.208743 0.0184281 0.00209104
0.216469 0.0184391 0.00141534
0.224132 0.0184461 0.000922094
0.232087 0.0184505 0.000547793
0.240142 0.0184528 0.000287192
0.24823 0.0184539 0.000132161
0.256306 0.0184549 0.000125358
0.264312 0.0184567 0.000224341
0.272011 0.0184599 0.000422195
0.279755 0.018465 0.000652834
0.287405 0.0184716 0.000869654
0.295119 0.0184792 0.000981501
0.302845 0.0184866 0.000953387
0.310275 0.0184928 0.000835106
0.318004 0.018497 0.000544721
0.325811 0.0184978 0.000104268
0.333475 0.0184937 -0.000538949
0.341011 0.0184832 -0.00139688
0.348359 0.0184651 -0.00245211
0.355528 0.0184388 -0.00367119
0.362629 0.018403 -0.00505139
0.370068 0.0183541 -0.00656364
0.377688 0.0182926 -0.00806852
0.385443 0.0182189 -0.00951054
0.393322 0.0181331 -0.0108902
0.401328 0.0180358 -0.0121551
0.409268 0.0179308 -0.0132251
0.417085 0.0178201 -0.0141567
0.424908 0.0177031 -0.0149557
0.432796 0.0175799 -0.0156167
0.440602 0.0174541 -0.0161187
0.448329 0.0173272 -0.0164279
0.455959 0.0172013 -0.0164922
0.463499 0.0170784 -0.0163022
0.470954 0.0169602 -0.0158575
0.478337 0.0168481 -0.0151802
0.485674 0.0167433 -0.014289
0.493001 0.0166463 -0.0132299
0.500155 0.0165598 -0.0120902
0.50737 0.0164818 -0.0108207
0.514686 0.016413 -0.00940026
0.521882 0.0163561 -0.00790439
0.528896 0.0163112 -0.00640402
0.535829 0.016277 -0.0049271
0.54282 0.0162529 -0.00345761
0.550032 0.0162385 -0.00198948
0.557217 0.016234 -0.000633906
0.564366 0.016238 0.00056277
0.571572 0.0162496 0.00161499
0.578812 0.0162677 0.00249921
0.586108 0.0162911 0.00320291
0.5934 0.016318 0.00368965
0.600767 0.0163473 0.00398018
0.608163 0.0163771 0.00403058
0.615477 0.0164054 0.00386333
0.622788 0.016431 0.00350812
0.629857 0.0164526 0.00305142
0.63685 0.01647 0.00249516
0.643947 0.0164833 0.00186821
0.65128 0.0164918 0.00115188
0.658514 0.0164945 0.000373187
0.665598 0.0164915 -0.00041735
0.672641 0.0164831 -0.00119041
0.679461 0.0164703 -0.00188494
0.686238 0.0164534 -0.00249126
0.693121 0.0164329 -0.00297829
0.700237 0.0164093 -0.00330803
0.707656 0.0163838 -0.00344637
0.7153 0.0163578 -0.00340158
0.723179 0.0163329 -0.00315624
0.730967 0.0163115 -0.00274348
0.738557 0.0162949 -0.00219392
0.745842 0.0162831 -0.00161021
0.753025 0.016276 -0.00099139
0.760349 0.0162735 -0.000343937
0.767583 0.0162756 0.000294047
0.774754 0.0162824 0.000942974
0.781872 0.0162937 0.00159295
0.788983 0.0163096 0.00223674
0.796128 0.0163296 0.00279293
0.803318 0.0163527 0.00320972
0.810665 0.0163791 0.00359372
0.818225 0.0164084 0.00388347
0.825953 0.0164395 0.00402333
0.833678 0.0164704 0.00399489
0.841502 0.0164993 0.0036997
0.849337 0.016525 0.00326975
0.857088 0.0165466 0.00279219
0.864848 0.0165642 0.00226354
0.872442 0.0165764 0.00161725
0.879802 0.0165829 0.000878249
0.887253 0.0165835 7.64077e-05
0.894878 0.0165775 -0.000788095
0.902241 0.0165654 -0.00164226
0.909405 0.0165479 -0.002441
0.916609 0.0165252 -0.00315539
0.923649 0.0164988 -0.00374787
0.930666 0.0164691 -0.00423029
0.93788 0.0164362 -0.00456422
0.945202 0.0164017 -0.00470461
0.952574 0.0163675 -0.00463847
0.96014 0.0163344 -0.00437583
0.967662 0.0163049 -0.0039215
0.975029 0.0162803 -0.00334195
0.982421 0.0162609 -0.0026292
0.989389 0.016248 -0.00184271
0.996454 0.0162409 -0.00100238
1.0032 0.0162395 -0.000219531
1.00987 0.0162429 0.000515686
1.01666 0.0162514 0.00125715
1.02371 0.0162658 0.00204241
1.03093 0.0162861 0.00280367
1.03832 0.0163117 0.00346465
1.04593 0.0163411 0.00387299
1.0537 0.0163724 0.00402429
1.06143 0.0164032 0.00398589
1.06909 0.016432 0.00375229
1.07678 0.0164571 0.00326255
1.08454 0.0164767 0.00252739
1.09219 0.0164892 0.00163022
1.09972 0.016494 0.00064612
1.10718 0.0164915 -0.000342948
1.1145 0.016482 -0.00129059
1.12162 0.0164664 -0.0021864
1.12857 0.0164456 -0.00299472
1.13549 0.01642 -0.00369978
1.1422 0.0163915 -0.00425808
1.14895 0.0163597 -0.00469808
1.15567 0.0163261 -0.00499911
1.16254 0.0162907 -0.00516013
1.16984 0.0162531 -0.00515788
1.17759 0.0162147 -0.00495302
1.18523 0.0161797 -0.00457126
1.19287 0.0161491 -0.00401399
1.20033 0.0161243 -0.00332247
1.20755 0.016106 -0.00253096
1.2148 0.0160942 -0.00163601
1.22209 0.0160893 -0.000672347
1.22928 0.0160912 0.000270646
1.23612 0.0160986 0.00107959
1.2428 0.0161104 0.00176085
1.24961 0.0161263 0.00233582
1.25645 0.0161453 0.00279027
1.2635 0.0161672 0.00310162
1.2706 0.0161903 0.00325776
1.27799 0.0162142 0.00323273
1.28577 0.0162378 0.00302695
1.29373 0.0162591 0.00267248
1.30159 0.0162762 0.00218625
1.30922 0.0162883 0.00157754
1.31681 0.0162946 0.000837167
1.32419 0.0162951 6.85657e-05
1.33148 0.0162905 -0.000639492
1.33871 0.0162811 -0.0013012
1.34586 0.0162671 -0.00195522
1.35292 0.0162486 -0.00261776
1.35991 0.0162257 -0.00327234
1.36684 0.016199 -0.00385361
1.37366 0.0161696 -0.00431387
1.38047 0.0161378 -0.004666
1.38737 0.0161038 -0.00492991
1.39451 0.0160678 -0.00504793
1.40197 0.0160307 -0.00496592
1.40972 0.0159943 -0.00470136
1.41746 0.0159609 -0.00430949
1.42515 0.0159319 -0.00377656
1.43281 0.015908 -0.00311453
1.4401 0.0158909 -0.00235374
1.44734 0.01588 -0.00150717
1.45479 0.0158759 -0.000544183
1.46224 0.0158793 0.000454585
1.46953 0.0158896 0.00140951
1.47679 0.0159064 0.00231712
1.48369 0.0159275 0.00305604
1.49057 0.0159525 0.00363349
1.49765 0.0159811 0.00404416
1.50497 0.0160122 0.00425085
1.51252 0.0160445 0.0042786
1.52033 0.0160769 0.00414026
1.52828 0.0161072 0.00380979
1.53611 0.0161328 0.00327323
1.54402 0.0161529 0.00253894
1.55178 0.0161659 0.00168512
1.55932 0.016172 0.000798086
1.56661 0.0161714 -7.45842e-05
1.57376 0.0161647 -0.000938856
1.58079 0.0161524 -0.00174903
1.58783 0.0161349 -0.00248308
1.59466 0.0161139 -0.00308119
1.60142 0.01609 -0.00353897
1.60832 0.0160633 -0.0038632
1.61522 0.0160357 -0.00399971
1.62237 0.0160077 -0.0039149
1.6299 0.0159806 -0.00360642
1.63762 0.0159562 -0.00315857
1.64525 0.0159363 -0.00260105
1.65289 0.0159213 -0.00196906
1.66052 0.0159115 -0.00128398
1.66803 0.0159072 -0.000573089
1.67539 0.0159083 0.000152071
1.68269 0.0159146 0.000861839
1.68967 0.0159249 0.00147973
1.69651 0.0159385 0.00198914
1.70342 0.0159548 0.00235107
1.71033 0.0159722 0.00252166
1.71754 0.0159901 0.00248526
1.72493 0.016007 0.00228328
1.73275 0.0160223 0.00195452
1.74052 0.0160339 0.00150177
1.74822 0.0160417 0.00100649
1.75586 0.0160452 0.000456015
1.76349 0.0160441 -0.000144415
1.77106 0.016038 -0.000804866
1.7785 0.016027 -0.00147237
1.78582 0.0160121 -0.00203897
1.79311 0.0159943 -0.00244072
1.80039 0.0159749 -0.00266687
1.80752 0.0159553 -0.0027435
1.81458 0.0159356 -0.00278872
1.82154 0.015916 -0.00281778
1.82851 0.0158967 -0.00277555
1.83576 0.0158779 -0.00258939
1.84337 0.0158604 -0.00230006
1.85122 0.015845 -0.00196068
1.85905 0.0158326 -0.0015868
1.86687 0.0158231 -0.00121073
1.8745 0.0158166 -0.000850979
1.88224 0.0158132 -0.000438265
1.89005 0.0158135 3.24615e-05
1.89769 0.0158176 0.000542813
1.90519 0.0158252 0.00100785
1.91245 0.015835 0.0013497
1.91952 0.015846 0.00155294
1.92661 0.0158577 0.00164854
1.93389 0.0158698 0.00166728
1.94136 0.015882 0.00163762
1.94893 0.0158939 0.00156453
1.95662 0.0159047 0.001407
1.96433 0.0159138 0.00118198
1.97221 0.0159208 0.000888329
1.98012 0.015925 0.000525592
1.9879 0.0159258 0.000105755
1.99556 0.0159231 -0.000347918
2.00316 0.0159172 -0.000777381
2.01077 0.0159087 -0.00111877
2.01842 0.0158981 -0.00138329
2.02609 0.0158854 -0.00165956
2.03351 0.0158707 -0.00197752
2.04106 0.0158534 -0.00229811
2.04881 0.0158335 -0.00256575
2.05655 0.0158121 -0.00275996
2.06431 0.0157899 -0.00286688
2.07211 0.0157676 -0.00285847
2.07998 0.0157461 -0.00272708
2.08781 0.0157266 -0.00249147
2.0956 0.0157097 -0.00217713
2.10333 0.0156958 -0.00178958
2.11097 0.0156859 -0.00129844
2.1186 0.0156808 -0.000675347
2.12615 0.0156814 9.22264e-05
2.13362 0.0156884 0.000931814
2.14103 0.0157012 0.00173305
2.1481 0.0157179 0.00235904
2.1552 0.0157379 0.00281895
2.1625 0.0157608 0.0031298
2.17005 0.0157859 0.0033263
2.17787 0.0158126 0.00341314
2.18582 0.0158396 0.00339434
2.19357 0.0158647 0.00323649
2.20131 0.0158873 0.00292492
2.2089 0.0159065 0.00252261
2.21638 0.0159215 0.00200644
2.22372 0.0159313 0.00134008
2.23094 0.0159353 0.000559685
2.23813 0.0159331 -0.000309184
2.24534 0.0159246 -0.00118416
2.25261 0.0159098 -0.0020278
2.25977 0.0158902 -0.00274137
2.26687 0.0158664 -0.00335395
2.27403 0.0158388 -0.00385495
2.28131 0.0158082 -0.0042048
2.28882 0.0157751 -0.0044061
2.29658 0.0157408 -0.00441798
2.3044 0.0157079 -0.00420888
2.31209 0.0156789 -0.00376308
2.31981 0.0156547 -0.0031442
2.3275 0.0156358 -0.00246016
2.33513 0.0156228 -0.00169558
2.34275 0.0156164 -0.000838188
2.35033 0.0156168 5.18288e-05
2.35775 0.0156233 0.000866476
2.36503 0.0156345 0.00155018
2.37225 0.0156495 0.00207556
2.37947 0.0156674 0.00247449
2.38677 0.0156874 0.00273772
2.39414 0.015708 0.0027925
2.40146 0.0157276 0.00268012
2.40888 0.0157457 0.00244238
2.41647 0.0157613 0.00205187
2.42417 0.0157731 0.00153535
2.43182 0.0157801 0.000919375
2.43941 0.0157812 0.000145076
2.44694 0.0157759 -0.000708732
2.45439 0.0157645 -0.00153327
2.46175 0.015748 -0.00224273
2.46905 0.0157274 -0.00282271
2.47634 0.0157035 -0.00327321
2.48357 0.0156776 -0.00358485
2.49074 0.015651 -0.00371002
2.49788 0.0156248 -0.00366589
2.50509 0.0156003 -0.00339643
2.51246 0.0155786 -0.00294911
2.52008 0.0155604 -0.00238701
2.52761 0.0155476 -0.00170239
2.53492 0.0155405 -0.000969609
2.54235 0.0155386 -0.000255003
2.54991 0.0155416 0.000399463
2.55757 0.0155491 0.000980799
2.56522 0.0155604 0.00147001
2.57288 0.0155747 0.00186727
2.58039 0.0155905 0.00210906
2.58785 0.0156067 0.00217252
2.59542 0.0156223 0.00205417
2.60287 0.0156356 0.00178333
2.61025 0.015646 0.00140972
2.61768 0.015653 0.000953121
2.62509 0.0156563 0.000440955
2.63248 0.0156557 -8.02036e-05
2.63983 0.0156511 -0.000632057
2.64714 0.0156423 -0.00120326
2.65429 0.0156296 -0.00177827
2.66143 0.015613 -0.00231273
2.66863 0.0155931 -0.00276896
2.67588 0.0155707 -0.00308817
2.68322 0.0155465 -0.003298
2.69066 0.0155217 -0.00333175
2.69824 0.0154978 -0.0031581
2.70562 0.0154765 -0.00288855
2.71272 0.0154578 -0.00263076
2.71983 0.0154409 -0.00237809
2.72717 0.0154255 -0.00209728
2.73476 0.015412 -0.00178066
2.74261 0.0154011 -0.00138584
2.75052 0.0153933 -0.000989551
2.75847 0.0153883 -0.00061969
2.76649 0.0153861 -0.000276039
2.77446 0.0153864 3.7245e-05
2.78229 0.015389 0.000332838
2.78996 0.0153936 0.000597577
2.7975 0.0153994 0.000766328
2.80493 0.0154053 0.000797797
2.81235 0.0154107 0.000718514
2.8198 0.0154149 0.000571927
2.82731 0.0154179 0.000399804
2.8348 0.0154196 0.000225588
2.84208 0.01542 4.79048e-05
2.84927 0.0154192 -9.85103e-05
2.8565 0.0154177 -0.000214424
2.8639 0.0154154 -0.000313314
2.87151 0.0154122 -0.000412473
2.87919 0.0154083 -0.000514466
2.8869 0.0154036 -0.000603762
2.89462 0.0153986 -0.000647995
2.90227 0.0153936 -0.00065943
2.90991 0.0153886 -0.000657855
2.91753 0.015384 -0.000601354
2.92513 0.0153801 -0.000515729
2.93272 0.0153766 -0.000458928
2.9403 0.015373 -0.000478019
2.9478 0.0153687 -0.000564819
2.95528 0.0153636 -0.000688049
2.96261 0.0153577 -0.000806082
2.96974 0.0153516 -0.000846542
2.97672 0.0153459 -0.000820804
2.98369 0.0153406 -0.000757983
2.99074 0.0153363 -0.000605876
2.99798 0.0153338 -0.000354021
3.00545 0.0153334 -5.64844e-05
3.01277 0.0153347 0.00018403
3.01985 0.0153367 0.000281512
3.02722 0.0153385 0.000246598
3.03505 0.0153399 0.000176791
3.0428 0.0153414 0.000200265
3.05057 0.0153432 0.0002285
3.05847 0.015345 0.000220028
3.06632 0.0153469 0.00025223
3.07413 0.0153492 0.000287709
3.08188 0.0153512 0.000264357
3.08946 0.0153523 0.000144935
3.09696 0.0153519 -5.58667e-05
3.10443 0.0153495 -0.000318363
3.11193 0.0153453 -0.00055846
3.11933 0.0153397 -0.000766063
3.12663 0.0153327 -0.000952108
3.13386 0.0153249 -0.00107865
3.14112 0.0153164 -0.00117829
3.14846 0.0153069 -0.00129006
3.15588 0.0152966 -0.00139615
3.16334 0.0152849 -0.00156749
3.17085 0.0152719 -0.0017307
3.17839 0.0152582 -0.00180488
3.18595 0.0152442 -0.00185303
3.19352 0.0152305 -0.00181399
3.20113 0.0152181 -0.00163018
3.20882 0.015208 -0.00130716
3.21662 0.0152013 -0.000864125
3.22444 0.0151987 -0.000332065
3.23193 0.0152002 0.00020207
3.23923 0.015205 0.000656136
3.24618 0.0152114 0.000924305
3.25346 0.0152192 0.00106572
3.26085 0.0152275 0.00112849
3.26834 0.0152357 0.00109464
3.27564 0.0152436 0.00108101
3.2827 0.0152507 0.00100524
3.28985 0.0152572 0.000908077
3.29706 0.0152626 0.000741981
3.30461 0.015266 0.000459215
3.31235 0.0152669 0.000110162
3.31989 0.0152644 -0.000333791
3.32733 0.0152586 -0.000779116
3.33476 0.0152499 -0.00116321
3.34231 0.0152383 -0.00153962
3.34966 0.0152252 -0.00177827
3.35708 0.0152114 -0.0018633
3.36438 0.0151991 -0.00168875
3.37166 0.0151892 -0.0013532
3.37898 0.015182 -0.000981989
3.38643 0.0151773 -0.000633855
3.39402 0.015175 -0.000309398
3.40158 0.0151748 -2.69655e-05
3.40869 0.0151758 0.000139374
3.41579 0.0151776 0.000259436
3.42319 0.0151802 0.000352126
3.43063 0.0151833 0.000413182
3.43815 0.0151867 0.000460179
3.44554 0.0151906 0.000516299
3.45296 0.0151945 0.000529448
3.46039 0.0151983 0.00050739
3.46782 0.0152013 0.000414959
3.4753 0.0152038 0.00032997
3.48285 0.0152057 0.000255691
3.49042 0.0152068 0.000142965
3.49776 0.0152063 -6.61284e-05
3.50511 0.0152043 -0.000277936
3.51262 0.0152009 -0.000455262
3.5201 0.0151969 -0.000530328
3.52758 0.0151926 -0.000572529
3.53506 0.0151882 -0.000589525
3.54251 0.0151839 -0.000575279
3.54995 0.0151799 -0.000547145
3.55734 0.015176 -0.000525949
3.56468 0.0151727 -0.000448958
3.57199 0.0151703 -0.000330754
3.5793 0.0151684 -0.000253387
3.58646 0.0151673 -0.000152992
3.59386 0.0151673 5.19719e-06
3.60132 0.0151691 0.000228777
3.60887 0.0151727 0.000487467
3.61616 0.0151784 0.000774283
3.62351 0.0151862 0.00106575
3.63107 0.0151955 0.00122547
3.6389 0.015206 0.00134057
3.64669 0.0152167 0.00138122
3.65413 0.0152262 0.00127233
3.66137 0.0152338 0.00105163
3.66898 0.0152399 0.000798646
3.67669 0.0152438 0.000504658
3.68426 0.0152456 0.000240626
3.6919 0.0152453 -4.61045e-05
3.69948 0.0152435 -0.000234676
3.70712 0.0152401 -0.000440615
3.71458 0.0152356 -0.000606744
3.72218 0.0152297 -0.00077357
