t x vx
0.01 0.0165003 2.7649e-05
0.02 0.0165011 8.33676e-05
0.0888303 0.0165328 0.000459903
0.157464 0.0165878 0.000802
0.230622 0.0166697 0.00111916
0.306109 0.0167745 0.00138882
0.38329 0.0168978 0.00159717
0.461495 0.0170334 0.0017334
0.540211 0.0171741 0.0017877
0.618965 0.0173122 0.00175433
0.697726 0.0174406 0.00162934
0.776381 0.0175514 0.00140922
0.854976 0.0176374 0.00109466
0.933558 0.0176915 0.000688258
1.01219 0.017707 0.000196709
1.09126 0.0176776 -0.000372255
1.1715 0.0175963 -0.00101248
1.25349 0.0174559 -0.00171301
1.33805 0.0172476 -0.00246342
1.42018 0.0169844 -0.00320482
1.49991 0.0166725 -0.00391178
1.57657 0.0163228 -0.00456045
1.6499 0.0159461 -0.00513765
1.71998 0.0155512 -0.00563541
1.78679 0.0151475 -0.00604197
1.85051 0.0147435 -0.00634045
1.91129 0.0143475 -0.00651421
1.96918 0.0139686 -0.00654679
2.02425 0.0136148 -0.00642537
2.0768 0.0132921 -0.00613991
2.09694 0.0131712 -0.00600123
2.11641 0.0130573 -0.00585097
2.13478 0.0129529 -0.00568409
2.15268 0.0128545 -0.00549352
2.17018 0.0127622 -0.00527783
2.18739 0.0126756 -0.00503457
2.20428 0.0125951 -0.00476433
2.22094 0.0125207 -0.00446611
2.23756 0.0124519 -0.00413693
2.25418 0.0123891 -0.00377673
2.27093 0.0123324 -0.00338385
2.28792 0.0122822 -0.00295815
2.30534 0.0122387 -0.00249675
2.32321 0.0122029 -0.0020017
2.34157 0.0121758 -0.00147641
2.36067 0.0121583 -0.000918519
2.38027 0.0121516 -0.000339372
2.3994 0.012156 0.000229224
2.41913 0.0121721 0.00081458
2.43855 0.0121989 0.00138184
2.45793 0.0122364 0.00193298
2.47861 0.0122881 0.0025031
2.50032 0.0123551 0.00308346
2.52342 0.0124401 0.00368221
2.54903 0.0125508 0.00432184
2.57579 0.0126836 0.00495911
2.60343 0.0128379 0.00558628
2.63008 0.0130022 0.00616145
2.65808 0.0131909 0.00674101
2.68642 0.0133979 0.00730489
2.71438 0.0136172 0.00784264
2.78343 0.0142505 0.00917127
2.85162 0.0149531 0.0103041
2.92427 0.0157808 0.0113923
2.9934 0.0166322 0.0123163
3.05862 0.0174877 0.0131176
3.11907 0.018322 0.0138026
3.17468 0.0191217 0.0143803
3.22535 0.0198737 0.0148403
3.24362 0.0201486 0.0150458
3.2599 0.0203967 0.0152361
3.27376 0.0206099 0.015388
3.28687 0.0208133 0.0155148
3.29927 0.021007 0.0156097
3.31114 0.0211928 0.0156661
3.32252 0.0213712 0.0156732
3.33353 0.0215432 0.0156145
3.34435 0.0217104 0.0154646
3.35527 0.0218762 0.0151749
