t x vx
0.01 0.0165 -3.93558e-06
0.02 0.0164999 -2.20206e-06
0.0788603 0.0165007 1.27607e-05
0.137372 0.0165025 3.01516e-05
0.197476 0.0165055 5.01946e-05
0.259141 0.0165099 7.23453e-05
0.321829 0.016516 9.63958e-05
0.385166 0.0165237 0.000121807
0.448889 0.0165331 0.000147715
0.512801 0.0165442 0.000173215
0.576794 0.0165568 0.000197325
0.640808 0.0165708 0.000219279
0.704788 0.016586 0.000237701
0.768728 0.0166021 0.000251435
0.832623 0.0166187 0.000259951
0.896479 0.0166355 0.000263161
0.960298 0.0166521 0.000259798
1.02409 0.0166679 0.000246776
1.08787 0.016682 0.000221362
1.15167 0.0166938 0.00018491
1.21552 0.0167028 0.000140706
1.27945 0.0167084 8.84421e-05
1.34345 0.0167099 2.37803e-05
1.40755 0.0167064 -5.47308e-05
1.47153 0.0166973 -0.000143272
1.53526 0.0166822 -0.00023639
1.5987 0.016661 -0.000333472
1.66187 0.0166338 -0.000431415
1.72475 0.0166007 -0.000526318
1.78737 0.0165621 -0.00061655
1.84974 0.0165185 -0.000699356
1.91189 0.0164706 -0.000770344
1.97387 0.0164194 -0.000825357
2.03571 0.0163661 -0.000861667
2.09746 0.016312 -0.000877033
2.15919 0.0162583 -0.00086902
2.22096 0.0162068 -0.000834922
2.28278 0.0161591 -0.000770594
2.34458 0.0161176 -0.000672258
2.40644 0.0160842 -0.000539217
2.46844 0.0160611 -0.000372434
2.53021 0.0160504 -0.00017379
2.5917 0.0160538 5.54646e-05
2.65304 0.016073 0.00031282
2.71424 0.0161093 0.000593635
2.77513 0.0161636 0.000890606
2.83579 0.0162361 0.0011961
2.89576 0.016326 0.00149836
2.95505 0.016432 0.00178744
3.0142 0.0165535 0.00205508
3.07376 0.01669 0.00229115
3.13252 0.0168357 0.00247922
3.19055 0.0169872 0.00261146
3.24789 0.0171409 0.00268052
3.3047 0.0172931 0.00267927
3.36115 0.01744 0.00260132
3.41746 0.0175774 0.00244116
3.47375 0.0177009 0.00219344
3.53025 0.0178057 0.00185488
3.58705 0.0178866 0.00142507
3.64383 0.0179383 0.000909938
3.69992 0.0179566 0.000326003
3.75511 0.0179394 -0.000311172
3.80987 0.0178852 -0.000990277
3.86385 0.0177939 -0.0016914
3.91761 0.0176644 -0.00240851
3.97234 0.0174923 -0.00314495
4.0278 0.0172769 -0.00388349
4.08198 0.0170288 -0.00457991
4.135 0.0167518 -0.0052243
4.18684 0.0164509 -0.00580416
4.23743 0.0161317 -0.00630885
4.28686 0.0157992 -0.00672698
4.33522 0.0154584 -0.00704749
4.38264 0.0151138 -0.00726722
4.42884 0.0147737 -0.00736115
4.4739 0.0144441 -0.00731519
4.51794 0.0141307 -0.00711576
4.56116 0.013839 -0.00674937
4.60372 0.013575 -0.00620313
4.64595 0.0133442 -0.00546485
4.66293 0.0132575 -0.00510786
4.68015 0.0131762 -0.00472081
4.69719 0.0131028 -0.00430648
4.71421 0.0130371 -0.00386235
4.73123 0.0129794 -0.00338887
4.74816 0.0129304 -0.00289134
4.76493 0.0128906 -0.00237606
4.78148 0.01286 -0.0018492
4.79794 0.0128384 -0.00131197
4.81423 0.0128258 -0.000772153
4.83057 0.0128221 -0.000226979
4.84597 0.0128265 0.000287243
4.86099 0.0128383 0.000785898
4.87641 0.0128583 0.00129379
4.89099 0.0128841 0.00176932
4.9051 0.0129155 0.00222422
4.91922 0.0129532 0.00267403
4.93409 0.0129999 0.00314206
4.94952 0.0130558 0.00362095
4.96495 0.0131189 0.00409195
4.98063 0.0131905 0.00456447
4.99708 0.0132736 0.00505463
5.01491 0.0133732 0.00558234
5.03364 0.013488 0.00613031
5.07999 0.0138356 0.00749954
5.12603 0.0142398 0.00877917
5.17742 0.0147612 0.0101459
5.22688 0.0153252 0.0114029
5.27468 0.0159267 0.0125843
5.32014 0.0165486 0.0136812
5.36325 0.0171822 0.0146953
5.40408 0.01782 0.0156224
5.44251 0.018452 0.0164466
5.47853 0.0190701 0.017156
5.51207 0.0196646 0.0177283
5.5245 0.0198881 0.0179775
5.53592 0.0200963 0.0182316
5.546 0.0202822 0.018446
5.55564 0.0204618 0.018636
5.56486 0.0206352 0.0187982
5.57373 0.0208031 0.018929
5.58224 0.020965 0.0190221
5.59039 0.0211204 0.0190704
5.59818 0.021269 0.0190644
5.60565 0.0214108 0.0189925
5.61282 0.0215459 0.0188387
5.61975 0.0216747 0.0185784
5.62654 0.0217981 0.018171
