t x vx
0.01 0.0164996 -3.85248e-05
0.02 0.0164986 -9.76178e-05
0.089785 0.016464 -0.000495672
0.158463 0.0164059 -0.000846425
0.231389 0.0163207 -0.00116788
0.306341 0.016213 -0.00143738
0.383133 0.0160867 -0.00164458
0.460831 0.0159486 -0.00177708
0.538996 0.015806 -0.00182553
0.617279 0.0156663 -0.00178412
0.695531 0.0155373 -0.001648
0.77395 0.0154265 -0.00141289
0.852316 0.0153419 -0.00107935
0.930466 0.015291 -0.000652046
1.00866 0.0152802 -0.00013805
1.08748 0.0153162 0.000456189
1.16748 0.0154058 0.00112029
1.24887 0.0155555 0.00183942
1.33138 0.0157689 0.00258606
1.41145 0.0160344 0.00331582
1.48932 0.0163469 0.00401311
1.56503 0.0166992 0.00465452
1.63868 0.0170845 0.00523087
1.70865 0.0174843 0.00571349
1.77513 0.0178894 0.00609432
1.83827 0.0182915 0.00636745
1.89832 0.018683 0.00651975
1.9554 0.019056 0.0065359
2.00975 0.0194039 0.00640103
2.06162 0.0197206 0.00610426
2.08148 0.0198389 0.00595699
2.10064 0.0199501 0.0058031
2.11884 0.0200526 0.00563302
2.13653 0.0201489 0.00544047
2.15382 0.0202392 0.00522345
2.1708 0.0203237 0.00497987
2.18758 0.0204027 0.00470758
2.20421 0.020476 0.00440537
2.22079 0.0205435 0.00407174
2.23739 0.020605 0.00370566
2.25409 0.0206602 0.00330742
2.271 0.0207089 0.00287588
2.28831 0.0207506 0.00240874
2.30619 0.0207846 0.0019043
2.32455 0.0208099 0.00137733
2.34331 0.0208254 0.000825358
2.36242 0.02083 0.000243553
2.38238 0.0208227 -0.000366606
2.40267 0.0208028 -0.000979238
2.4238 0.0207689 -0.00160473
2.44497 0.020722 -0.00221578
2.46714 0.0206591 -0.00283971
2.49049 0.0205779 -0.00347609
2.51514 0.0204763 -0.00412347
2.54026 0.0203568 -0.00475563
2.56519 0.0202233 -0.00535535
2.59441 0.020047 -0.00603309
2.62339 0.0198536 -0.00667372
2.65279 0.0196391 -0.00729473
2.68217 0.0194074 -0.00788874
2.7552 0.0187258 -0.00933259
2.82691 0.0179698 -0.010543
2.90072 0.0171087 -0.0116659
2.97076 0.0162255 -0.0126094
3.03649 0.0153436 -0.0134173
3.09713 0.0144885 -0.0141006
3.15229 0.0136797 -0.0146628
3.20214 0.0129267 -0.0151073
3.21999 0.0126534 -0.0153075
3.23576 0.0124091 -0.0154888
3.2491 0.0122006 -0.0156283
3.26167 0.0120029 -0.0157367
3.27358 0.0118147 -0.0158024
3.285 0.011634 -0.0158201
3.29602 0.0114601 -0.0157744
3.3068 0.0112914 -0.0156418
