t x vx
0.01 0.0164998 -2.00929e-05
0.02 0.0165011 0.000126293
0.0276939 0.0165029 0.000233189
0.0359144 0.0165057 0.000344113
0.0443335 0.0165095 0.000452183
0.0529206 0.0165144 0.000571155
0.0615859 0.0165207 0.000729476
0.0702751 0.0165285 0.000900013
0.0789273 0.0165374 0.00102423
0.0875539 0.0165472 0.00113661
0.0959044 0.0165576 0.00123972
0.10437 0.0165684 0.00128056
0.112383 0.0165803 0.00148062
0.120256 0.0165933 0.00165243
0.128251 0.0166074 0.00177238
0.136347 0.0166239 0.00203236
0.144153 0.0166417 0.002281
0.152096 0.0166613 0.00246123
0.160142 0.0166842 0.00285096
0.168554 0.0167122 0.00333074
0.176951 0.0167431 0.00368466
0.185273 0.016777 0.00406544
0.193563 0.0168141 0.00447773
0.201836 0.0168548 0.00492224
0.210122 0.0168993 0.00536931
0.218266 0.016946 0.00572976
0.226293 0.0169936 0.00593087
0.234151 0.0170407 0.00599485
0.24197 0.0170874 0.00596738
0.249524 0.0171315 0.00584927
0.257385 0.0171757 0.00562141
0.265155 0.0172167 0.00527856
0.273075 0.0172552 0.00485789
0.280963 0.01729 0.00441387
0.288876 0.017321 0.00391965
0.296777 0.0173479 0.00339942
0.304606 0.0173705 0.0028805
0.312408 0.0173887 0.00233567
0.320191 0.0174025 0.0017794
0.327919 0.0174123 0.00126069
0.335698 0.0174186 0.000811147
0.343602 0.0174222 0.000456316
0.351457 0.0174241 0.000238149
0.35915 0.0174254 0.000176054
0.366797 0.0174273 0.000248023
0.374431 0.0174306 0.000434675
0.382141 0.0174362 0.000719356
0.389958 0.0174447 0.00108575
0.397819 0.0174566 0.00151283
0.40561 0.0174722 0.0020101
0.413233 0.0174919 0.0025774
0.420688 0.0175156 0.00318809
0.428055 0.0175436 0.0038015
0.435404 0.0175761 0.00441192
0.442869 0.0176135 0.00500952
0.450397 0.0176552 0.00554987
0.457926 0.0177003 0.00598218
0.465464 0.017748 0.00632936
0.472967 0.0177975 0.00659292
0.480434 0.0178482 0.00680258
0.487904 0.0179004 0.006982
0.495504 0.0179545 0.0071139
0.503108 0.0180093 0.00721757
0.510634 0.0180644 0.00731441
0.518255 0.0181205 0.00736734
0.525862 0.0181765 0.00736088
0.533274 0.0182305 0.00727747
0.540578 0.0182827 0.00715186
0.54786 0.018334 0.00703843
0.555079 0.018384 0.0069295
0.562317 0.0184333 0.00680634
0.569755 0.0184827 0.00665315
0.577391 0.0185323 0.00649627
0.584899 0.0185804 0.00639307
0.592368 0.0186276 0.00632883
0.599919 0.0186747 0.00623644
0.60751 0.0187206 0.00604652
0.614743 0.0187623 0.00576211
0.621822 0.0188004 0.00538135
0.629108 0.0188362 0.00491862
0.636411 0.0188684 0.00441277
0.643715 0.0188969 0.00389611
0.651085 0.018922 0.00341002
0.658446 0.0189438 0.00295361
0.665876 0.0189626 0.00252946
0.673422 0.0189786 0.00212527
0.681049 0.0189921 0.0017697
0.688349 0.0190032 0.00151455
0.695611 0.0190127 0.0013203
0.703165 0.0190215 0.00116284
0.711011 0.0190297 0.00104421
0.718825 0.0190373 0.00097049
0.726637 0.0190448 0.000953999
0.734424 0.0190524 0.000985835
0.742191 0.0190606 0.00105724
0.749935 0.0190697 0.00117043
0.757613 0.01908 0.0013383
0.764964 0.0190914 0.00154688
0.772173 0.0191039 0.00174382
0.779518 0.0191179 0.00189505
0.786874 0.0191324 0.00197898
0.79412 0.0191468 0.0019822
0.801307 0.0191606 0.00191804
0.80847 0.0191736 0.00182309
0.815647 0.0191859 0.00170762
0.822891 0.0191971 0.00155005
0.830132 0.0192068 0.00133319
0.837432 0.0192148 0.00110211
0.844801 0.0192214 0.000891201
0.85181 0.0192264 0.000713984
0.858818 0.0192303 0.000565519
0.866085 0.0192336 0.00044627
0.873755 0.0192362 0.000343901
0.881512 0.0192383 0.000268294
0.889248 0.0192402 0.000245109
0.896963 0.0192422 0.000262132
0.904661 0.0192447 0.00032332
0.912302 0.0192476 0.000375211
0.919825 0.0192506 0.000405589
0.927279 0.0192542 0.000473606
0.93456 0.0192586 0.000616172
0.941663 0.0192643 0.000793501
0.948611 0.0192713 0.00100424
0.955543 0.0192797 0.00122131
0.962516 0.0192896 0.00142027
0.969563 0.0193009 0.00159609
0.976618 0.019313 0.0017226
0.983788 0.0193259 0.00179541
0.991072 0.0193391 0.00180692
0.99844 0.0193515 0.00169133
1.00585 0.0193622 0.00143756
1.0133 0.0193706 0.00113585
1.02078 0.0193773 0.000887353
1.02785 0.0193821 0.000687406
1.03486 0.0193857 0.000508756
1.04215 0.0193885 0.000378991
1.04976 0.0193909 0.000325879
1.05746 0.0193935 0.000334902
1.065 0.0193964 0.000387906
1.07234 0.0193997 0.000446004
1.0795 0.0194032 0.000485491
1.08654 0.0194066 0.000479607
1.09353 0.0194097 0.000453817
1.10057 0.0194125 0.000396631
1.10754 0.0194147 0.000314521
1.11452 0.0194165 0.000247997
1.12158 0.0194179 0.000206925
1.12882 0.0194193 0.000194214
1.13629 0.0194208 0.000191567
1.144 0.0194222 0.000188885
1.15169 0.0194236 0.000175896
1.15938 0.0194247 0.000149075
1.16705 0.0194259 0.000156695
1.17461 0.0194274 0.000202877
1.1821 0.0194296 0.000281664
1.18958 0.0194323 0.000364995
1.1969 0.0194356 0.000457602
1.20404 0.0194397 0.000564359
1.21105 0.0194444 0.000678132
1.21801 0.0194496 0.000744575
1.22501 0.0194547 0.000729123
1.23209 0.0194591 0.000627439
1.23913 0.0194624 0.000461115
1.24625 0.0194641 0.000233075
1.25354 0.0194644 5.18975e-05
1.26106 0.0194642 -2.41501e-05
1.26851 0.019465 9.53668e-05
1.27594 0.0194682 0.000434879
1.28344 0.019475 0.000912695
1.2911 0.0194867 0.00152474
1.29877 0.0195038 0.00222404
1.30632 0.0195257 0.00289937
1.30932 0.0195352 0.00318456
1.31226 0.0195454 0.00345214
1.31518 0.0195562 0.00370747
1.31809 0.0195677 0.00394745
1.32093 0.0195795 0.00416701
1.32374 0.0195919 0.00438598
1.32656 0.0196048 0.00460339
1.32936 0.0196184 0.00484559
1.33206 0.0196321 0.00508038
1.33479 0.0196466 0.00530875
1.33748 0.0196614 0.00550839
1.34023 0.0196771 0.00570768
1.34299 0.0196935 0.00592991
1.34573 0.0197104 0.00617781
1.34844 0.0197278 0.00644165
1.35114 0.0197461 0.00672932
1.35385 0.0197651 0.00703689
1.35654 0.0197849 0.00735352
1.35923 0.0198055 0.00767428
1.36193 0.0198271 0.00799882
1.36465 0.0198498 0.00833302
1.36739 0.0198736 0.00867559
1.37013 0.0198984 0.00904631
1.37286 0.019924 0.00942325
1.37556 0.0199505 0.00976287
1.37825 0.0199775 0.0100812
1.38081 0.0200041 0.0103888
1.38329 0.0200307 0.0106933
1.38571 0.0200573 0.0109965
1.38811 0.0200844 0.0112744
1.3905 0.0201119 0.0115323
1.39292 0.0201404 0.0117829
1.39525 0.0201684 0.0120161
1.39749 0.0201958 0.0122341
1.39965 0.0202226 0.0124347
1.40175 0.0202491 0.0126149
1.40379 0.0202753 0.0127666
1.40581 0.0203012 0.012886
1.40781 0.0203272 0.012986
1.40981 0.0203533 0.0130762
1.41182 0.0203798 0.0131546
1.41387 0.0204069 0.0132153
1.41598 0.0204349 0.0132511
1.41817 0.0204639 0.0132617
1.42048 0.0204945 0.0132499
1.42277 0.0205248 0.013223
1.42505 0.0205548 0.0131758
1.42734 0.0205848 0.0130962
1.42964 0.0206146 0.0129803
1.43195 0.0206444 0.0128306
1.4343 0.0206741 0.0126511
1.4367 0.0207038 0.0124407
1.43911 0.0207333 0.0121922
1.44155 0.0207623 0.0119031
1.44402 0.020791 0.0115776
1.44656 0.0208194 0.0112117
1.44914 0.0208473 0.010808
1.45173 0.0208741 0.0103898
1.45432 0.0209 0.00996807
1.45693 0.0209249 0.00954162
1.45954 0.0209487 0.00910411
1.46216 0.0209714 0.00865819
1.46478 0.0209929 0.00821034
1.46741 0.0210133 0.00777295
1.47003 0.0210326 0.00734799
1.47256 0.0210502 0.00693838
1.47499 0.0210661 0.00655289
1.47732 0.0210805 0.0061998
1.47955 0.0210936 0.00587663
1.48167 0.0211054 0.00557704
1.48367 0.021116 0.00530173
1.48556 0.0211256 0.00504655
1.48736 0.0211342 0.0048113
1.48907 0.0211421 0.00459324
1.4907 0.0211493 0.00439142
1.49228 0.0211559 0.00420247
1.49379 0.021162 0.00402617
1.49526 0.0211676 0.00386285
1.49668 0.0211729 0.0037143
1.49807 0.0211779 0.00358111
1.49943 0.0211826 0.00346314
1.50077 0.0211871 0.00335983
1.50209 0.0211914 0.00326969
1.5034 0.0211956 0.00319085
1.50471 0.0211997 0.00312357
1.50601 0.0212037 0.00306759
1.50733 0.0212076 0.00302216
1.50865 0.0212116 0.00298376
1.50999 0.0212156 0.00294872
1.51136 0.0212195 0.00291218
1.51275 0.0212235 0.00287234
1.51419 0.0212276 0.00283331
1.51569 0.0212318 0.0027998
1.51726 0.0212361 0.00276837
1.51892 0.0212407 0.00272802
1.52071 0.0212455 0.00266933
1.52255 0.0212502 0.00258732
1.52428 0.0212546 0.00249998
1.52592 0.0212585 0.00240971
1.52749 0.0212621 0.00232194
1.52901 0.0212656 0.00224569
1.5305 0.0212688 0.00218319
1.53198 0.021272 0.00212354
1.53346 0.021275 0.00206183
1.53494 0.021278 0.00199971
1.53644 0.0212809 0.00193671
1.53796 0.0212837 0.00186751
1.53951 0.0212865 0.00179464
1.54111 0.0212892 0.00171887
1.54275 0.0212919 0.00164133
1.54444 0.0212946 0.00155664
1.54617 0.0212971 0.00147323
1.54796 0.0212996 0.00139349
1.5498 0.021302 0.00132214
1.5515 0.0213042 0.00125638
1.5531 0.0213061 0.00120008
1.55462 0.0213078 0.00113898
1.55608 0.0213094 0.00107557
1.55749 0.0213108 0.00100937
1.55885 0.0213121 0.000930528
1.56018 0.0213132 0.000845708
1.56148 0.0213142 0.00076766
1.56277 0.0213151 0.000690853
1.56405 0.0213159 0.000615265
1.56533 0.0213166 0.000541347
1.56661 0.0213172 0.000469772
1.56791 0.0213177 0.000400473
1.56922 0.0213181 0.000331755
1.57056 0.0213185 0.000257497
1.57194 0.0213187 0.000175364
1.57336 0.0213189 9.4325e-05
1.57482 0.0213189 2.02299e-05
1.57623 0.0213188 -4.58545e-05
1.57763 0.0213187 -0.000101227
1.57901 0.0213185 -0.000143243
1.58039 0.0213182 -0.000176353
1.58179 0.021318 -0.000202706
1.58323 0.0213176 -0.000224546
1.58471 0.0213173 -0.000247067
1.58621 0.0213169 -0.000276456
1.58768 0.0213164 -0.000310419
1.58911 0.0213159 -0.000349436
1.59052 0.0213154 -0.00038689
1.59191 0.0213148 -0.000417941
1.59328 0.0213142 -0.000443945
1.59465 0.0213135 -0.000467075
1.59603 0.0213129 -0.000488332
1.59741 0.0213121 -0.000509452
1.59881 0.0213114 -0.000533777
1.60021 0.0213106 -0.000564402
1.60154 0.0213098 -0.000602216
1.6028 0.021309 -0.000644124
1.60401 0.0213082 -0.000687339
1.60517 0.0213073 -0.000730681
1.60628 0.0213065 -0.000773284
1.60737 0.0213056 -0.000814254
1.60843 0.0213047 -0.000851388
1.60946 0.0213038 -0.000886275
1.61048 0.0213028 -0.000919457
1.61148 0.0213019 -0.000951106
1.61247 0.0213009 -0.00097648
1.61346 0.0212999 -0.00100341
1.61445 0.0212989 -0.00102929
1.61541 0.0212979 -0.00105673
1.61634 0.0212969 -0.00108203
1.61724 0.0212959 -0.00110137
1.61812 0.0212949 -0.00111558
1.61898 0.0212939 -0.0011196
1.61982 0.021293 -0.00110944
1.62065 0.0212921 -0.0010945
1.62148 0.0212912 -0.00106836
1.62229 0.0212904 -0.0010309
1.62311 0.0212896 -0.000980715
1.62393 0.0212888 -0.000912251
1.62475 0.0212881 -0.000826468
1.62559 0.0212875 -0.000714798
1.62641 0.0212871 -0.000591229
1.62723 0.0212867 -0.000449394
1.62805 0.0212864 -0.000293811
1.62887 0.0212863 -0.000124928
1.62968 0.0212864 5.90567e-05
1.6305 0.0212866 0.000262331
1.63131 0.021287 0.000486058
1.63214 0.0212876 0.000719234
1.63296 0.0212884 0.000952941
1.6338 0.0212894 0.00118405
1.63464 0.0212906 0.00140667
1.63549 0.0212919 0.0016151
1.63634 0.0212935 0.00180713
1.6372 0.0212952 0.00198188
1.63807 0.021297 0.00213965
1.63896 0.021299 0.00228147
1.63985 0.0213012 0.00241138
1.64078 0.0213035 0.00253114
1.64173 0.0213061 0.00264635
1.64274 0.0213089 0.00276224
1.64383 0.021312 0.0029032
1.64501 0.0213157 0.00309888
1.64628 0.0213199 0.00331551
1.64754 0.0213242 0.00345871
1.64878 0.0213287 0.00356582
1.64999 0.0213331 0.00364694
1.65119 0.0213375 0.00371222
1.65237 0.021342 0.00376831
1.65353 0.0213464 0.00382199
1.65469 0.0213509 0.00386926
1.65583 0.0213554 0.00391361
1.65698 0.0213599 0.00395812
1.65812 0.0213645 0.00400007
1.65927 0.0213691 0.00403495
1.66041 0.0213737 0.00405285
1.66153 0.0213783 0.00405749
1.66264 0.0213828 0.00404372
1.66373 0.0213871 0.00401669
1.6648 0.0213914 0.00398592
1.66586 0.0213956 0.0039555
1.66691 0.0213997 0.0039252
1.66794 0.0214038 0.00389513
1.66897 0.0214077 0.00386112
1.66998 0.0214116 0.00382091
1.67099 0.0214154 0.00377253
1.672 0.0214192 0.003715
1.67301 0.0214228 0.00364652
1.67403 0.0214265 0.00356494
1.67506 0.02143 0.0034772
1.67611 0.0214336 0.00338372
1.67718 0.0214371 0.00328203
1.67823 0.0214404 0.00316814
1.67928 0.0214436 0.00304785
1.68033 0.0214467 0.00293252
1.68144 0.0214498 0.00282053
1.68262 0.021453 0.00270079
1.68394 0.0214565 0.00258345
1.68527 0.0214596 0.00239791
1.68657 0.0214625 0.0021741
1.68783 0.0214649 0.00195086
1.68901 0.021467 0.00173921
1.6901 0.0214687 0.00155215
1.69111 0.0214701 0.00138102
1.69208 0.0214712 0.00121922
1.69302 0.0214722 0.0010639
1.69396 0.0214731 0.000916504
1.69492 0.0214738 0.000766908
1.6959 0.0214744 0.000608647
1.69693 0.0214749 0.00044385
1.69802 0.0214752 0.000279403
1.69913 0.0214753 9.67981e-05
1.70017 0.0214752 -0.000109546
1.70118 0.0214749 -0.000314598
1.70215 0.0214744 -0.000510957
1.70311 0.0214737 -0.000697157
1.70407 0.0214729 -0.000878111
1.70503 0.0214718 -0.00105544
1.70602 0.0214706 -0.00122787
1.70703 0.0214692 -0.0013919
1.70808 0.0214676 -0.00153997
1.70919 0.0214658 -0.0016757
1.71035 0.0214637 -0.00178948
1.7114 0.0214617 -0.00190517
1.71237 0.0214597 -0.00201813
1.7133 0.0214577 -0.00212654
1.71419 0.0214557 -0.00222869
1.71507 0.0214537 -0.00232616
1.71593 0.0214516 -0.00242349
1.71679 0.0214495 -0.00252612
1.71765 0.0214472 -0.0026539
1.71852 0.0214447 -0.00280953
1.71943 0.021442 -0.00296589
1.72036 0.0214391 -0.00312974
1.7213 0.021436 -0.00329375
1.72218 0.021433 -0.00346076
1.72302 0.0214299 -0.0036221
1.72383 0.0214269 -0.00379172
1.72461 0.0214237 -0.00397501
1.72538 0.0214206 -0.00414565
1.72615 0.0214173 -0.004313
1.7269 0.0214139 -0.00446941
1.72767 0.0214103 -0.00461183
1.72844 0.0214067 -0.0047345
1.72924 0.0214028 -0.00483904
1.73006 0.0213988 -0.00492632
1.73093 0.0213944 -0.00500348
1.73176 0.0213902 -0.00508353
1.73256 0.0213861 -0.0051734
1.73331 0.0213822 -0.00525437
1.73402 0.0213784 -0.00532128
1.73471 0.0213747 -0.00537752
1.73537 0.0213711 -0.00542356
1.73601 0.0213676 -0.00546049
1.73664 0.0213641 -0.00548999
1.73726 0.0213607 -0.00551294
1.73787 0.0213573 -0.00553028
1.73848 0.0213539 -0.0055446
1.73911 0.0213504 -0.00555593
1.73975 0.0213468 -0.00556698
1.74043 0.0213431 -0.00558199
1.74116 0.021339 -0.00562328
1.74196 0.0213344 -0.00567741
1.7428 0.0213296 -0.00574562
1.74356 0.0213252 -0.00581423
1.74427 0.021321 -0.00589246
1.74496 0.0213169 -0.00597379
1.74563 0.0213128 -0.00605291
1.7463 0.0213087 -0.00612322
1.74698 0.0213045 -0.0061822
1.74769 0.0213001 -0.00621767
1.74841 0.0212956 -0.00622164
1.74918 0.0212909 -0.00618844
1.74999 0.0212859 -0.0060935
1.75087 0.0212807 -0.00592202
1.75181 0.0212754 -0.00566742
1.75273 0.0212704 -0.00546761
1.75365 0.0212655 -0.00527282
1.75456 0.0212609 -0.00505117
1.75548 0.0212565 -0.00480181
1.75641 0.0212523 -0.00453432
1.75736 0.0212482 -0.00425495
1.75832 0.0212444 -0.00395085
1.75926 0.021241 -0.00366716
1.76017 0.0212379 -0.00339352
1.76105 0.0212352 -0.00311887
1.76191 0.0212327 -0.00284589
1.76275 0.0212306 -0.00256478
1.76357 0.0212287 -0.00228772
1.76437 0.0212271 -0.00201568
1.76516 0.0212257 -0.00174848
1.76594 0.0212245 -0.00148014
1.7667 0.0212236 -0.00119905
1.76746 0.0212229 -0.000899215
1.76821 0.0212225 -0.000575437
1.76895 0.0212223 -0.000237527
1.76968 0.0212224 0.000117508
1.77042 0.0212228 0.000493083
1.77114 0.0212234 0.000889498
1.77187 0.0212244 0.00130297
1.7726 0.0212256 0.00173037
1.77333 0.0212272 0.00216249
1.77406 0.0212291 0.00259357
1.77479 0.0212313 0.0030091
1.77553 0.0212338 0.00340689
1.77628 0.0212367 0.00379134
1.77703 0.0212398 0.0041645
1.77779 0.0212432 0.00453346
1.77856 0.021247 0.00490317
1.77934 0.0212511 0.00527835
1.78013 0.0212556 0.00566704
1.78093 0.0212605 0.00607186
1.78176 0.0212658 0.00649013
1.7826 0.0212717 0.00692267
1.78346 0.021278 0.0073742
1.78434 0.0212849 0.00785237
1.78525 0.0212926 0.00836453
1.78619 0.0213009 0.00890291
1.78717 0.0213102 0.0094543
1.78819 0.0213203 0.00999954
1.78925 0.0213316 0.0105194
1.79032 0.0213432 0.0109655
1.79138 0.0213553 0.0113263
1.79245 0.0213677 0.0116071
1.79354 0.0213805 0.0117973
1.79465 0.0213937 0.0119023
1.7958 0.0214075 0.011953
1.79698 0.0214216 0.0119723
1.79812 0.0214353 0.0119989
1.79922 0.0214486 0.0120138
1.8003 0.0214615 0.0120006
1.80135 0.0214741 0.0119647
1.80234 0.0214858 0.0119114
1.80327 0.0214968 0.0118425
1.80415 0.0215072 0.0117574
1.805 0.0215171 0.011663
1.80582 0.0215266 0.0115544
1.80662 0.0215358 0.0114336
1.80741 0.0215446 0.0113013
1.80818 0.0215533 0.0111615
1.80895 0.0215618 0.0110172
1.80973 0.0215702 0.0108705
1.81051 0.0215785 0.0107225
1.8113 0.021587 0.0105745
1.81213 0.0215956 0.0104261
1.81299 0.0216044 0.0102765
1.8139 0.0216136 0.0101239
1.81489 0.0216235 0.00995987
1.81593 0.0216337 0.00979078
1.8169 0.021643 0.00962048
1.81781 0.0216516 0.00946025
1.81865 0.0216595 0.00930733
1.81945 0.0216668 0.00915832
1.82022 0.0216737 0.00901172
1.82097 0.0216803 0.00886479
1.8217 0.0216867 0.00871715
1.82244 0.0216931 0.00856856
1.82318 0.0216993 0.00841694
1.82393 0.0217055 0.00825973
1.82469 0.0217117 0.00809376
1.82548 0.0217179 0.00791369
1.82631 0.0217243 0.00771696
1.82715 0.0217306 0.00749837
1.82794 0.0217363 0.00726469
1.82867 0.0217415 0.00702252
1.82937 0.0217462 0.00677584
1.83003 0.0217505 0.00652753
1.83067 0.0217545 0.00628238
1.83128 0.0217582 0.00604025
1.83187 0.0217617 0.00579918
1.83245 0.0217649 0.0055629
1.83301 0.0217678 0.00533344
1.83356 0.0217706 0.00511147
1.83409 0.0217733 0.00489615
1.83462 0.0217757 0.00468589
1.83514 0.021778 0.00447826
1.83565 0.0217802 0.00427285
1.83616 0.0217823 0.00406804
1.83667 0.0217843 0.00386194
1.83717 0.0217861 0.00365332
1.83768 0.0217879 0.00344196
1.83818 0.0217895 0.00322738
1.83869 0.021791 0.00301026
1.83921 0.0217925 0.00279168
1.83973 0.0217938 0.00257208
1.84026 0.0217951 0.00235102
1.8408 0.0217962 0.00213209
1.84135 0.0217973 0.0019212
1.84192 0.0217983 0.0017249
1.8425 0.0217992 0.00155047
1.84311 0.0218 0.00139855
1.84373 0.0218008 0.00126712
1.84436 0.0218015 0.00115036
1.84501 0.0218022 0.00104698
1.84568 0.0218028 0.000954844
1.84635 0.0218034 0.00086512
1.84702 0.0218039 0.000770098
1.84768 0.0218044 0.000666844
1.84834 0.0218047 0.000551858
1.84899 0.021805 0.000428153
1.84962 0.0218052 0.000297931
1.85023 0.0218053 0.000161772
1.85084 0.0218053 2.013e-05
1.85143 0.0218052 -0.000125364
1.85202 0.0218051 -0.000276879
1.85259 0.0218048 -0.000433926
1.85317 0.0218045 -0.000592964
1.85374 0.0218041 -0.000750094
1.85431 0.0218035 -0.000898186
1.85488 0.0218029 -0.00103661
1.85545 0.0218023 -0.00116345
1.85604 0.0218015 -0.00126723
1.85663 0.0218007 -0.00133526
1.85725 0.0217999 -0.00138099
1.85788 0.021799 -0.00141089
1.85855 0.021798 -0.00144098
1.85926 0.021797 -0.00145547
1.86001 0.0217959 -0.00145835
1.86077 0.0217948 -0.00148355
1.86151 0.0217937 -0.00151714
1.86224 0.0217925 -0.00155674
1.86296 0.0217914 -0.00161207
1.86365 0.0217902 -0.00169321
1.86433 0.021789 -0.00180151
1.865 0.0217877 -0.00194291
1.86564 0.0217863 -0.0021082
1.86627 0.0217849 -0.00229257
1.86688 0.0217833 -0.00249482
1.86748 0.0217817 -0.00271672
1.86805 0.02178 -0.00294928
1.86859 0.0217783 -0.00318796
1.8691 0.0217766 -0.00342808
1.86959 0.0217748 -0.00366511
1.87006 0.0217729 -0.00389464
1.87051 0.0217711 -0.0041123
1.87095 0.0217692 -0.00431393
1.87138 0.0217673 -0.00449576
1.8718 0.0217653 -0.00465795
1.87222 0.0217633 -0.00480249
1.87262 0.0217613 -0.00493271
1.87303 0.0217592 -0.00505093
1.87344 0.0217572 -0.00516264
1.87384 0.021755 -0.00527759
1.87426 0.0217528 -0.00539665
1.87468 0.0217505 -0.00551808
1.87511 0.021748 -0.00563885
1.87555 0.0217455 -0.00576534
1.87602 0.0217427 -0.00589043
1.87651 0.0217398 -0.00601504
1.87704 0.0217365 -0.00614616
1.87761 0.0217329 -0.00626179
1.87819 0.0217292 -0.00639088
1.87876 0.0217255 -0.00654035
1.87933 0.0217217 -0.00670053
1.8799 0.0217178 -0.00684543
1.88046 0.0217139 -0.0069665
1.881 0.0217101 -0.00709755
1.88151 0.0217063 -0.0072354
1.88201 0.0217027 -0.00737657
1.88249 0.0216991 -0.00752298
1.88295 0.0216955 -0.00767836
1.88341 0.0216919 -0.00783955
1.88386 0.0216883 -0.00800411
1.88429 0.0216848 -0.00817566
1.88473 0.0216812 -0.00834595
1.88516 0.0216775 -0.00851305
1.88558 0.0216738 -0.00867058
1.886 0.0216701 -0.00881718
1.88643 0.0216663 -0.00895538
1.88685 0.0216624 -0.00908586
1.88728 0.0216585 -0.00920583
1.88771 0.0216545 -0.00931742
1.88815 0.0216504 -0.00942256
1.88859 0.0216461 -0.00951702
1.88905 0.0216418 -0.00959918
1.88951 0.0216372 -0.00967095
1.88999 0.0216326 -0.00973268
1.89049 0.0216278 -0.00978513
1.891 0.0216228 -0.00982827
1.89151 0.0216177 -0.00986593
1.89203 0.0216125 -0.00992175
1.89256 0.0216072 -0.0099989
1.89311 0.0216017 -0.0100747
1.89365 0.0215963 -0.010131
1.89416 0.0215911 -0.0101793
1.89464 0.0215861 -0.0102305
1.89512 0.0215812 -0.0102862
1.89557 0.0215765 -0.0103489
1.89601 0.0215719 -0.0104171
1.89644 0.0215674 -0.0104851
1.89686 0.021563 -0.0105503
1.89727 0.0215587 -0.0106122
1.89766 0.0215544 -0.010676
1.89805 0.0215502 -0.0107472
1.89844 0.0215461 -0.0108301
1.89882 0.0215419 -0.0109282
1.89919 0.0215378 -0.0110428
1.89956 0.0215337 -0.011178
1.89993 0.0215295 -0.0113419
1.90031 0.0215252 -0.0115203
1.90068 0.0215208 -0.0116998
1.90107 0.0215162 -0.0118687
1.90146 0.0215115 -0.012017
1.90185 0.0215067 -0.0121422
1.90224 0.021502 -0.012245
1.90262 0.0214973 -0.0123309
1.90299 0.0214926 -0.012419
1.90337 0.021488 -0.0125223
1.90373 0.0214833 -0.0126415
1.9041 0.0214787 -0.0127669
1.90445 0.0214741 -0.0128906
1.9048 0.0214695 -0.0130147
1.90515 0.021465 -0.0131449
1.90548 0.0214606 -0.0132719
1.90581 0.0214562 -0.013391
1.90613 0.0214518 -0.0135001
1.90645 0.0214475 -0.0135989
1.90676 0.0214433 -0.0136862
1.90707 0.021439 -0.013761
1.90737 0.0214348 -0.0138223
1.90768 0.0214306 -0.0138709
1.90798 0.0214264 -0.013906
1.90829 0.0214221 -0.0139274
1.9086 0.0214178 -0.0139334
1.90891 0.0214134 -0.0139255
1.90923 0.021409 -0.0139013
1.90956 0.0214044 -0.0138636
1.90991 0.0213996 -0.0138185
1.91027 0.0213946 -0.0137625
1.91066 0.0213892 -0.0137024
1.91109 0.0213834 -0.0136389
1.91154 0.0213773 -0.0135823
1.91196 0.0213716 -0.0135721
1.91234 0.0213664 -0.0135924
1.9127 0.0213615 -0.013629
1.91305 0.0213568 -0.0136765
1.91338 0.0213522 -0.0137305
1.9137 0.0213479 -0.0137903
1.914 0.0213436 -0.0138573
1.91431 0.0213394 -0.0139324
1.9146 0.0213352 -0.0140164
1.91489 0.0213312 -0.014109
1.91517 0.0213271 -0.0142108
1.91545 0.0213231 -0.0143188
1.91573 0.0213192 -0.014433
1.916 0.0213152 -0.0145537
1.91626 0.0213113 -0.0146828
1.91653 0.0213074 -0.0148186
1.91679 0.0213035 -0.0149629
1.91705 0.0212996 -0.0151163
1.91731 0.0212956 -0.0152758
1.91757 0.0212916 -0.0154444
1.91783 0.0212876 -0.0156195
1.91809 0.0212834 -0.0157587
1.91836 0.0212792 -0.0158458
1.91862 0.0212749 -0.0159059
1.91889 0.0212706 -0.0159627
1.91916 0.0212663 -0.0160398
1.91943 0.0212619 -0.0161384
1.91969 0.0212577 -0.0162828
1.91994 0.0212536 -0.0164462
1.92018 0.0212497 -0.0166155
1.92041 0.0212458 -0.0167921
1.92063 0.021242 -0.0169905
1.92085 0.0212382 -0.0172071
1.92107 0.0212344 -0.0174439
1.92129 0.0212305 -0.0177013
1.92152 0.0212265 -0.0179838
1.92175 0.0212223 -0.0183005
1.92199 0.0212178 -0.0186135
1.92224 0.021213 -0.0189487
1.9225 0.0212079 -0.0192929
1.92277 0.0212028 -0.0196254
1.92302 0.0211976 -0.019939
1.92327 0.0211927 -0.0202375
1.92351 0.0211877 -0.0204951
1.92375 0.0211827 -0.0207077
1.924 0.0211775 -0.020869
1.92427 0.0211719 -0.020921
1.92453 0.0211663 -0.0210098
1.92479 0.0211609 -0.0211548
1.92504 0.0211555 -0.0212904
1.92529 0.0211503 -0.021396
1.92552 0.0211452 -0.0214726
1.92576 0.0211402 -0.0215236
1.92599 0.0211352 -0.0215556
1.92621 0.0211303 -0.0215542
1.92644 0.0211255 -0.0215092
1.92666 0.0211207 -0.0214109
1.92689 0.021116 -0.0212595
1.92711 0.0211113 -0.0210844
1.92733 0.0211066 -0.0209171
1.92756 0.0211019 -0.0207759
1.92779 0.0210972 -0.020672
1.92801 0.0210926 -0.0206002
1.92824 0.0210879 -0.0205414
1.92847 0.0210832 -0.0204986
1.92868 0.0210788 -0.0205277
1.92889 0.0210746 -0.0206239
1.92908 0.0210705 -0.0207522
1.92927 0.0210667 -0.020896
1.92944 0.0210629 -0.0210505
1.92961 0.0210594 -0.0212125
1.92978 0.0210559 -0.0213799
1.92993 0.0210525 -0.0215523
1.93009 0.0210492 -0.0217523
1.93023 0.0210459 -0.0219756
1.93038 0.0210427 -0.0222139
1.93052 0.0210396 -0.0224598
1.93065 0.0210365 -0.022708
1.93079 0.0210334 -0.0229522
1.93092 0.0210304 -0.0231831
1.93105 0.0210273 -0.0233954
1.93117 0.0210244 -0.0235971
1.9313 0.0210214 -0.0237801
1.93142 0.0210184 -0.0239223
1.93154 0.0210155 -0.0240122
1.93166 0.0210126 -0.0240396
1.93178 0.0210097 -0.0240251
1.9319 0.0210069 -0.0239958
1.93202 0.0210041 -0.023972
1.93214 0.0210013 -0.0239685
1.93225 0.0209985 -0.0239878
1.93237 0.0209957 -0.0240033
1.93248 0.020993 -0.0240092
1.9326 0.0209902 -0.0240283
1.93271 0.0209874 -0.0240656
1.93283 0.0209846 -0.0241283
1.93295 0.0209818 -0.0242044
1.93306 0.020979 -0.024282
1.93318 0.0209761 -0.0243706
1.9333 0.0209732 -0.0244485
1.93342 0.0209703 -0.0245047
1.93353 0.0209675 -0.024584
1.93364 0.0209647 -0.0246656
1.93375 0.020962 -0.0247191
1.93386 0.0209594 -0.0247434
1.93396 0.0209568 -0.0247414
1.93407 0.0209543 -0.0247215
1.93417 0.0209518 -0.0246894
1.93427 0.0209493 -0.0246502
1.93437 0.0209469 -0.0245867
1.93446 0.0209445 -0.0244957
1.93456 0.0209421 -0.0243791
1.93466 0.0209397 -0.0242339
1.93476 0.0209374 -0.0240617
1.93486 0.020935 -0.023856
1.93496 0.0209326 -0.0236066
1.93506 0.0209302 -0.0232981
1.93517 0.0209277 -0.0229234
1.93528 0.0209252 -0.0224741
1.9354 0.0209227 -0.0219803
1.93551 0.0209203 -0.0215098
1.93562 0.0209179 -0.0210585
1.93573 0.0209157 -0.0206268
1.93583 0.0209136 -0.0202054
1.93594 0.0209116 -0.019803
1.93604 0.0209096 -0.0194327
1.93614 0.0209077 -0.0190977
1.93624 0.0209058 -0.0187937
1.93634 0.020904 -0.0185076
1.93643 0.0209022 -0.01823
1.93653 0.0209005 -0.0179604
1.93663 0.0208988 -0.0177016
1.93672 0.0208971 -0.0174661
1.93682 0.0208954 -0.0172548
1.93691 0.0208938 -0.0170517
1.93701 0.0208922 -0.0168595
1.9371 0.0208906 -0.0166706
1.9372 0.020889 -0.0164728
1.9373 0.0208875 -0.0162581
1.93739 0.020886 -0.0160159
1.93748 0.0208846 -0.0157573
1.93756 0.0208833 -0.0154806
1.93764 0.0208821 -0.0151901
1.93772 0.020881 -0.014888
1.93779 0.0208799 -0.0145781
1.93786 0.0208789 -0.0142589
1.93793 0.020878 -0.0139333
1.93799 0.020877 -0.0136044
1.93806 0.0208762 -0.013274
1.93812 0.0208754 -0.0129476
1.93819 0.0208746 -0.0126253
1.93825 0.0208738 -0.0123071
1.93831 0.0208731 -0.0119924
1.93837 0.0208724 -0.0116821
1.93843 0.0208717 -0.0114043
1.93849 0.020871 -0.0111788
1.93855 0.0208704 -0.0109904
1.93861 0.0208697 -0.0108277
1.93867 0.0208691 -0.010678
1.93873 0.0208684 -0.0105271
1.93879 0.0208678 -0.0103719
1.93885 0.0208672 -0.0101954
1.93891 0.0208666 -0.00997223
1.93897 0.020866 -0.00967082
1.93904 0.0208654 -0.00928404
1.93911 0.0208648 -0.00880441
1.93918 0.0208642 -0.00820501
1.93925 0.0208637 -0.00753009
1.93932 0.0208632 -0.00678187
1.9394 0.0208627 -0.00604742
1.93948 0.0208623 -0.00538861
1.93957 0.0208618 -0.00487253
1.93966 0.0208614 -0.00462365
1.93975 0.020861 -0.00452213
1.93984 0.0208606 -0.00453683
1.93994 0.0208602 -0.00453306
1.94003 0.0208597 -0.00430654
1.94012 0.0208594 -0.00370511
1.9402 0.0208592 -0.00288899
1.94028 0.020859 -0.00191525
1.94035 0.020859 -0.000858009
1.94043 0.020859 0.000235422
1.9405 0.0208591 0.00134955
1.94056 0.0208592 0.00248975
1.94063 0.0208595 0.00364533
1.94069 0.0208598 0.00474202
1.94075 0.0208601 0.0057524
1.94082 0.0208606 0.00668151
1.94088 0.020861 0.00755756
1.94094 0.0208615 0.00841325
1.941 0.0208621 0.00925087
1.94106 0.0208627 0.0102028
1.94112 0.0208634 0.0113291
1.94118 0.0208642 0.0126399
1.94125 0.0208651 0.0140749
1.94131 0.020866 0.0156203
1.94136 0.020867 0.017225
1.94142 0.020868 0.0188862
1.94147 0.020869 0.0206121
1.94151 0.0208701 0.0223577
1.94156 0.0208711 0.0240876
1.9416 0.0208722 0.0257838
1.94164 0.0208732 0.0274774
1.94167 0.0208743 0.0291924
1.94171 0.0208755 0.0308746
1.94174 0.0208766 0.0325028
1.94178 0.0208777 0.0340341
1.94181 0.0208789 0.0354626
1.94184 0.0208801 0.0368218
1.94187 0.0208813 0.0381359
1.94191 0.0208825 0.0394063
1.94194 0.0208837 0.0405958
1.94197 0.020885 0.0417116
1.942 0.0208862 0.0427294
1.94202 0.0208875 0.04362
1.94205 0.0208888 0.044392
1.94208 0.0208901 0.045013
1.94211 0.0208914 0.0454413
1.94214 0.0208927 0.0457091
1.94217 0.020894 0.0458506
1.9422 0.0208953 0.0459224
1.94222 0.0208966 0.0458761
1.94225 0.0208979 0.0457268
1.94228 0.0208992 0.0454649
1.94231 0.0209005 0.0450645
1.94234 0.0209018 0.0445108
1.94237 0.0209031 0.0438524
1.9424 0.0209044 0.0430684
1.94243 0.0209057 0.0422716
1.94246 0.0209069 0.0415781
1.94249 0.020908 0.0409769
1.94251 0.0209092 0.040511
1.94254 0.0209103 0.0401918
1.94257 0.0209114 0.04002
1.9426 0.0209124 0.0400273
1.94262 0.0209135 0.0402154
1.94265 0.0209146 0.0404994
1.94268 0.0209157 0.0408066
1.9427 0.0209168 0.0410918
1.94273 0.020918 0.0412794
1.94276 0.0209191 0.0412652
1.94279 0.0209203 0.0410371
1.94282 0.0209214 0.0405117
1.94285 0.0209226 0.0397006
1.94288 0.0209238 0.0385601
1.94291 0.0209249 0.0370765
1.94294 0.0209261 0.0351921
1.94297 0.0209272 0.0329996
1.94301 0.0209283 0.030615
1.94305 0.0209295 0.0283438
1.94309 0.0209306 0.0261628
1.94314 0.0209316 0.0242047
1.94318 0.0209325 0.0224402
1.94322 0.0209333 0.0208709
1.94326 0.0209341 0.0194555
1.94329 0.0209348 0.0182511
1.94333 0.0209355 0.0171564
1.94337 0.0209361 0.0160996
1.94341 0.0209366 0.0150634
1.94344 0.0209371 0.0141334
1.94348 0.0209376 0.0134174
