t x vx
0.01 0.0164978 -0.000216878
0.02 0.0164899 -0.000797341
0.0287615 0.0164783 -0.00131752
0.0380342 0.016461 -0.00186914
0.0475093 0.0164378 -0.00244326
0.0571426 0.0164085 -0.00304164
0.0668472 0.0163731 -0.00364741
0.0765707 0.0163318 -0.00424973
0.0862856 0.0162848 -0.00484085
0.0960212 0.0162323 -0.00539088
0.105742 0.0161752 -0.00587853
0.115382 0.0161153 -0.00620492
0.124827 0.0160551 -0.00637767
0.134085 0.0159955 -0.00644247
0.142983 0.0159386 -0.00638482
0.151569 0.0158848 -0.00626919
0.160487 0.0158306 -0.00608251
0.169349 0.0157793 -0.00578875
0.178227 0.0157312 -0.00541389
0.187445 0.0156848 -0.00503144
0.196585 0.0156431 -0.00456433
0.205892 0.0156054 -0.00405512
0.215184 0.0155709 -0.00371316
0.224826 0.0155391 -0.00329012
0.234411 0.0155118 -0.00285374
0.244151 0.0154883 -0.00241411
0.253799 0.0154688 -0.00202023
0.263341 0.0154526 -0.00169891
0.272681 0.0154387 -0.00148615
0.282014 0.0154259 -0.00136621
0.291235 0.0154138 -0.00131821
0.300377 0.0154016 -0.00133195
0.309697 0.0153884 -0.00141946
0.319054 0.0153738 -0.00155539
0.328339 0.0153576 -0.00174407
0.33752 0.0153396 -0.00196999
0.346651 0.0153193 -0.00222005
0.355824 0.0152968 -0.00245427
0.364915 0.0152731 -0.00260101
0.373851 0.0152498 -0.00260569
0.382676 0.0152281 -0.00246701
0.391544 0.0152087 -0.00218303
0.400634 0.0151929 -0.0017361
0.410003 0.0151824 -0.00112307
0.419432 0.0151785 -0.000415218
0.428798 0.0151819 0.000362476
0.438022 0.0151929 0.00119562
0.447037 0.0152115 0.00205649
0.455677 0.0152366 0.00291095
0.464342 0.0152686 0.00368967
0.473302 0.0153092 0.00453369
0.482276 0.0153574 0.00536938
0.491387 0.0154138 0.00619589
0.500811 0.0154798 0.00699848
0.51039 0.0155541 0.00776061
0.519823 0.0156335 0.00841804
0.529171 0.0157171 0.00894409
0.538424 0.0158034 0.0093262
0.54757 0.0158908 0.0095478
0.556688 0.0159781 0.00958447
0.565818 0.0160645 0.00945261
0.574764 0.0161465 0.00916997
0.583501 0.0162232 0.00877935
0.592062 0.0162945 0.00832812
0.600501 0.0163605 0.00781839
0.60887 0.0164218 0.00732242
0.617237 0.0164791 0.00685637
0.625655 0.0165332 0.00642708
0.634155 0.0165846 0.00605003
0.642719 0.0166334 0.00569527
0.651283 0.0166794 0.0053746
0.659949 0.0167229 0.00501638
0.66823 0.0167613 0.00463234
0.676319 0.0167952 0.00419738
0.684807 0.0168267 0.00371162
0.693347 0.0168537 0.00315473
0.701801 0.0168753 0.0025598
0.709844 0.0168907 0.00191131
0.717918 0.0169006 0.00122836
0.726413 0.0169051 0.000523504
0.734997 0.0169036 -0.00016848
0.743719 0.0168967 -0.000794392
0.752553 0.0168848 -0.00134783
0.761518 0.016869 -0.00175464
0.770779 0.0168506 -0.00199654
0.779897 0.0168316 -0.00207739
0.78893 0.0168137 -0.00198745
0.797734 0.0167984 -0.00173632
0.806336 0.0167867 -0.00135789
0.814875 0.0167793 -0.000860682
0.823472 0.0167772 -0.000247634
0.832252 0.0167811 0.000447857
0.840769 0.0167906 0.00111186
0.848986 0.0168047 0.00171213
0.856669 0.0168218 0.00223088
0.86435 0.0168424 0.00267703
0.871681 0.0168642 0.00297294
0.878923 0.0168868 0.00311955
0.886279 0.0169096 0.0031088
0.893807 0.0169318 0.00293946
0.901588 0.0169519 0.00258798
0.909748 0.0169685 0.0020394
0.918676 0.01698 0.00128006
0.92767 0.0169839 0.000430845
0.936639 0.0169797 -0.000458227
0.945328 0.0169681 -0.00134225
0.953801 0.0169496 -0.00218587
0.962097 0.0169251 -0.00295146
0.97021 0.0168958 -0.00361397
0.97809 0.0168633 -0.00411917
0.985935 0.0168284 -0.00444894
0.993903 0.0167918 -0.00459838
1.00211 0.0167545 -0.00453801
1.01082 0.0167174 -0.00426519
1.01987 0.0166829 -0.00380266
1.0288 0.0166545 -0.00318075
1.03773 0.0166328 -0.00243093
1.04642 0.0166188 -0.00161371
1.05423 0.0166118 -0.000901076
1.06187 0.0166097 -0.000272404
1.06957 0.0166115 0.000229544
1.07722 0.0166162 0.000619172
1.08503 0.0166234 0.000917721
1.09303 0.0166323 0.00112162
1.10102 0.0166418 0.00118716
1.10919 0.0166508 0.00110234
1.11727 0.0166575 0.000831291
1.12518 0.0166607 0.000399489
1.13281 0.0166596 -0.000148132
1.14029 0.0166539 -0.00076164
1.14767 0.0166435 -0.0014121
1.15507 0.0166281 -0.00207743
1.16249 0.0166079 -0.0027178
1.17002 0.0165827 -0.00334324
1.17765 0.0165526 -0.00395445
1.18551 0.0165174 -0.00447732
1.19369 0.0164778 -0.00484298
1.20197 0.0164364 -0.00499586
1.21021 0.0163957 -0.00493321
1.21874 0.0163556 -0.00470185
1.22778 0.0163164 -0.00433782
1.23712 0.016281 -0.00379474
1.24639 0.0162523 -0.00309117
1.25562 0.0162316 -0.00224444
1.26481 0.016219 -0.00137122
1.27402 0.0162143 -0.000510328
1.28276 0.0162167 0.000269465
1.29137 0.0162255 0.0010221
1.29965 0.0162391 0.00165332
1.30831 0.0162581 0.00218161
1.31656 0.0162787 0.00249912
1.32459 0.0162994 0.00258249
1.33282 0.0163193 0.00241397
1.34109 0.016336 0.00202668
1.3497 0.0163486 0.00146353
1.35856 0.0163554 0.00076312
1.36786 0.0163543 -0.000114413
1.37698 0.0163446 -0.00106396
1.38588 0.0163268 -0.00200419
1.39457 0.0163018 -0.00287218
1.40299 0.0162711 -0.00365202
1.41129 0.0162349 -0.00435405
1.41944 0.0161948 -0.00492586
1.42757 0.0161514 -0.00533557
1.43581 0.0161057 -0.00554703
1.44414 0.0160594 -0.00555256
1.45279 0.0160133 -0.00533534
1.46183 0.0159689 -0.00490757
1.47073 0.0159303 -0.0043373
1.47949 0.0158981 -0.00367367
1.48803 0.0158725 -0.00299855
1.49658 0.0158529 -0.00229863
1.50528 0.0158394 -0.0015527
1.51388 0.0158324 -0.000808134
1.52244 0.0158314 -0.000118024
1.53107 0.0158358 0.000509444
1.53993 0.015845 0.00103608
1.54891 0.0158576 0.00140985
1.55821 0.0158728 0.00163166
1.56778 0.0158889 0.00167706
1.57751 0.015904 0.00155501
1.58713 0.0159165 0.00129878
1.59667 0.0159254 0.000930303
1.60613 0.0159298 0.000468555
1.61541 0.0159295 -3.51718e-05
1.62446 0.0159246 -0.000536903
1.63332 0.015916 -0.000973251
1.64199 0.0159043 -0.00134633
1.65049 0.01589 -0.00168765
1.65897 0.0158732 -0.001978
1.66736 0.0158546 -0.00221217
1.67564 0.0158349 -0.00238669
1.68398 0.0158144 -0.00245815
1.69252 0.0157941 -0.00237114
1.70137 0.0157754 -0.00211928
1.71052 0.0157598 -0.00170773
1.7198 0.0157491 -0.0011471
1.72914 0.0157449 -0.000455266
1.73818 0.0157473 0.000269429
1.74697 0.0157556 0.000947556
1.75563 0.015769 0.00154855
1.76416 0.0157864 0.00203249
1.77245 0.0158062 0.0023849
1.78091 0.0158283 0.00261501
1.7893 0.015851 0.00270781
1.79786 0.0158738 0.00266555
1.80682 0.015896 0.00247656
1.8162 0.0159161 0.00214131
1.82534 0.0159317 0.00170636
1.83419 0.0159423 0.00119872
1.84282 0.0159478 0.000640334
1.85136 0.0159481 3.04884e-05
1.85991 0.015943 -0.000591646
1.86855 0.0159324 -0.00123047
1.87719 0.0159168 -0.00180321
1.88568 0.0158974 -0.00228636
1.89411 0.0158748 -0.00268425
1.90257 0.0158491 -0.00303442
1.91117 0.0158207 -0.00329733
1.91995 0.0157902 -0.00347618
1.92897 0.0157576 -0.0036133
1.93823 0.0157238 -0.00365423
1.94752 0.0156908 -0.00355226
1.95687 0.0156599 -0.00329886
1.96617 0.0156331 -0.00288534
1.97545 0.0156117 -0.00230371
1.98454 0.0155974 -0.00157712
1.99345 0.0155904 -0.00077749
2.00241 0.015591 6.26808e-05
2.01152 0.0155992 0.000895909
2.02054 0.015614 0.0016471
2.02926 0.0156338 0.00226645
2.03782 0.0156573 0.00274838
2.04628 0.0156832 0.0030627
2.05455 0.0157098 0.00321352
2.06278 0.0157362 0.00320819
2.07128 0.0157621 0.00304664
2.08015 0.0157865 0.00274774
2.08897 0.015807 0.00233087
2.09754 0.0158225 0.0018055
2.10595 0.0158326 0.00120159
2.11444 0.0158371 0.000528396
2.123 0.0158357 -0.000163645
2.13156 0.0158288 -0.000802654
2.13973 0.0158176 -0.00137316
2.1478 0.0158027 -0.00184546
2.15609 0.0157843 -0.00221862
2.1647 0.0157634 -0.00243029
2.17366 0.0157416 -0.00243371
2.18291 0.0157212 -0.00220619
2.19225 0.0157041 -0.00183305
2.20136 0.0156912 -0.00141274
2.2101 0.0156829 -0.000951938
2.21912 0.0156787 -0.000458722
2.22808 0.0156792 5.61907e-05
2.23702 0.0156843 0.000566315
2.24584 0.0156937 0.00106341
2.25464 0.0157072 0.00153845
2.26303 0.0157233 0.00191368
2.27137 0.0157415 0.00217904
2.27997 0.0157613 0.0023139
2.28846 0.0157805 0.0022512
2.29719 0.015798 0.00200693
2.30636 0.0158129 0.00162391
2.31523 0.0158234 0.00118358
2.32397 0.0158291 0.000654567
2.33279 0.0158297 7.26725e-05
2.3418 0.0158248 -0.000551791
2.35085 0.0158142 -0.00116333
2.35985 0.015799 -0.00169606
2.36885 0.0157795 -0.00215725
2.37789 0.0157569 -0.00250535
2.38697 0.0157319 -0.00275308
2.39609 0.0157053 -0.00292087
2.40524 0.0156778 -0.00300733
2.41441 0.01565 -0.00302117
2.42358 0.0156231 -0.00294052
2.43277 0.0155978 -0.00275535
2.44193 0.0155757 -0.00241148
2.45104 0.0155584 -0.00189786
2.46013 0.0155468 -0.00127316
2.46931 0.0155413 -0.000604591
2.47856 0.0155422 9.68798e-05
2.48761 0.0155493 0.000793034
2.49644 0.0155621 0.0014504
2.5052 0.0155799 0.00202831
2.51397 0.0156019 0.00250295
2.52241 0.0156258 0.00283308
2.53089 0.0156517 0.00305437
2.53948 0.0156789 0.00316519
2.54834 0.0157069 0.00316903
2.55741 0.0157349 0.0030841
2.56661 0.0157616 0.00290105
2.57562 0.0157851 0.00260852
2.58451 0.0158046 0.00218796
2.59341 0.0158196 0.00169574
2.60237 0.0158297 0.00112518
2.61138 0.0158345 0.000526534
2.62026 0.0158334 -0.000117326
2.62906 0.0158264 -0.000801974
2.63786 0.0158136 -0.00144997
2.64675 0.0157956 -0.00202872
2.6558 0.0157725 -0.00254983
2.6647 0.015746 -0.00297562
2.67377 0.0157154 -0.00337278
2.68294 0.0156813 -0.00372185
2.69239 0.0156436 -0.00399618
2.70186 0.0156043 -0.00414145
2.71134 0.0155656 -0.00408649
2.72078 0.0155296 -0.00381096
2.7301 0.0154983 -0.00335562
2.73926 0.0154739 -0.0026673
2.74823 0.0154575 -0.001826
2.75704 0.0154493 -0.000928361
2.76572 0.0154488 -6.18187e-05
2.77358 0.0154543 0.000697513
2.78153 0.0154656 0.00142472
2.78997 0.0154835 0.00212081
2.79842 0.0155065 0.00272306
2.80678 0.0155339 0.003274
2.81493 0.0155644 0.00374372
2.82309 0.0155979 0.00411088
2.83163 0.0156355 0.00439934
2.84069 0.0156768 0.00455845
2.85013 0.0157196 0.00453059
2.85966 0.0157604 0.00428435
2.86895 0.015796 0.0038361
2.878 0.015825 0.0032015
2.88683 0.0158463 0.00241327
2.89557 0.0158593 0.00147681
2.90443 0.0158632 0.000442236
2.91332 0.0158568 -0.000711851
2.92215 0.0158401 -0.00189963
2.93088 0.0158137 -0.0030168
2.93945 0.015779 -0.00405684
2.94791 0.0157371 -0.00494883
2.9563 0.0156893 -0.0056957
2.96468 0.0156371 -0.00622842
2.97307 0.0155824 -0.00652265
2.98151 0.0155267 -0.00660071
2.99012 0.0154719 -0.00636411
2.99898 0.015421 -0.00574643
3.00792 0.0153779 -0.00481796
3.01669 0.0153461 -0.00362644
3.02531 0.0153269 -0.00222711
3.03378 0.0153203 -0.000778432
3.04172 0.0153246 0.000536094
3.04963 0.0153384 0.00174991
3.05765 0.0153615 0.00287804
3.06584 0.0153935 0.00390286
3.0741 0.0154329 0.00478417
3.08212 0.0154768 0.00546724
3.09001 0.0155237 0.005939
3.09806 0.0155734 0.00617227
3.1067 0.0156265 0.00615795
3.1159 0.0156805 0.00585725
3.12495 0.0157285 0.00530926
3.1339 0.0157698 0.00461787
3.1429 0.0158033 0.00372147
3.15172 0.0158272 0.00270937
3.16037 0.0158412 0.00162208
3.1688 0.0158452 0.000465967
3.17701 0.0158395 -0.000685802
3.18507 0.0158248 -0.0018305
3.19254 0.0158033 -0.00287858
3.19983 0.0157755 -0.00380826
3.20694 0.0157425 -0.00464981
3.21409 0.0157039 -0.00539191
3.22139 0.0156599 -0.00602578
3.22901 0.01561 -0.00655636
3.23708 0.0155541 -0.00692387
3.24578 0.0154923 -0.0071023
3.25461 0.01543 -0.00706221
3.26363 0.0153693 -0.00672455
3.27264 0.015314 -0.0061343
3.28158 0.0152665 -0.00532231
3.29039 0.0152289 -0.00425719
3.29871 0.0152034 -0.00306422
3.30664 0.015189 -0.00181574
3.3144 0.0151847 -0.000559636
3.32206 0.0151901 0.000702751
3.32972 0.0152051 0.00195761
3.33747 0.0152297 0.00317672
3.34539 0.0152638 0.00430568
3.35353 0.0153069 0.00529769
3.36147 0.0153556 0.00613483
3.36963 0.0154107 0.00675365
3.37824 0.0154716 0.00706922
3.38711 0.0155356 0.00721735
3.39617 0.0156 0.00710227
3.40527 0.0156612 0.00672963
3.41427 0.0157163 0.00611786
3.42316 0.0157633 0.00528681
3.43189 0.0158009 0.004309
3.4404 0.0158285 0.00324718
3.44871 0.0158466 0.0021727
3.45682 0.0158556 0.0011076
3.46481 0.0158561 6.99274e-05
3.47284 0.0158487 -0.000920063
3.48074 0.0158348 -0.00176369
3.48866 0.0158153 -0.00246064
3.49646 0.0157921 -0.00297994
3.50443 0.015765 -0.00339268
3.51279 0.0157345 -0.00364579
3.52162 0.0157017 -0.00371784
3.53087 0.015669 -0.00353875
3.54013 0.0156403 -0.00309608
3.54929 0.0156184 -0.00239497
3.55833 0.0156046 -0.00152721
3.56719 0.0156001 -0.000502635
3.5759 0.0156056 0.000631739
3.5845 0.0156209 0.00177839
3.59249 0.0156427 0.00273006
3.60051 0.0156718 0.00363177
3.60883 0.015709 0.00446728
3.617 0.015751 0.00513668
3.62491 0.0157955 0.00563233
3.63267 0.0158417 0.00594629
3.64073 0.0158908 0.00609517
3.6489 0.0159404 0.00606871
3.65721 0.015989 0.00585053
3.66581 0.0160357 0.00542714
3.67474 0.0160779 0.00472992
3.68391 0.0161125 0.00377226
3.69288 0.0161364 0.00266654
3.70153 0.0161491 0.00146716
3.70994 0.0161513 0.000263383
3.7182 0.0161437 -0.000928134
3.72651 0.0161263 -0.00209634
3.73477 0.0160998 -0.00319802
3.74294 0.0160658 -0.00416544
3.7512 0.0160251 -0.00492443
3.75948 0.0159804 -0.0053982
3.76805 0.0159325 -0.00558746
3.77702 0.0158832 -0.00550104
3.78587 0.0158373 -0.00519008
3.79459 0.015797 -0.00462395
3.80283 0.0157653 -0.00384776
3.8114 0.0157407 -0.00286486
3.81991 0.0157259 -0.0017334
3.82836 0.0157216 -0.000513761
3.83651 0.0157274 0.000710399
3.84461 0.015743 0.00193129
3.85267 0.0157679 0.00307772
3.86034 0.0157987 0.00402431
3.86821 0.0158367 0.00482592
3.87655 0.0158823 0.00547361
3.88504 0.0159323 0.00588508
3.8939 0.0159856 0.00602075
3.90303 0.0160393 0.0058753
3.91234 0.0160902 0.00546894
3.92157 0.0161344 0.00479566
3.93068 0.0161698 0.003876
3.93936 0.0161941 0.00280961
3.9478 0.0162082 0.00166017
3.95605 0.0162121 0.000481049
3.96408 0.0162067 -0.000674035
3.97196 0.0161926 -0.00179172
3.97981 0.0161704 -0.0028298
3.9874 0.016142 -0.00373865
3.99502 0.0161073 -0.00455076
4.00287 0.0160661 -0.00524555
4.01096 0.0160197 -0.00574997
4.01957 0.0159678 -0.00602407
4.02843 0.015914 -0.00606764
4.03715 0.0158634 -0.00580694
4.0459 0.0158175 -0.00524414
4.05454 0.0157788 -0.00447111
4.06286 0.0157496 -0.00351045
4.07121 0.0157297 -0.00239225
4.07968 0.0157196 -0.00119628
4.0882 0.0157201 5.87534e-05
4.09642 0.0157306 0.00128851
4.10419 0.0157494 0.00241119
4.11188 0.0157759 0.00345309
4.11949 0.0158091 0.00436
4.12719 0.0158484 0.00510783
4.13505 0.0158933 0.00570234
4.14318 0.0159433 0.00614713
4.15162 0.0159973 0.00640221
4.16022 0.0160525 0.00641328
4.1689 0.0161059 0.00616525
4.17771 0.0161559 0.00567154
4.18672 0.0162004 0.00493136
4.19564 0.0162362 0.00401591
4.20429 0.0162621 0.00299373
4.2128 0.0162785 0.00192826
4.22126 0.0162855 0.000826911
4.22989 0.0162831 -0.000280387
4.23852 0.0162717 -0.00131201
4.24725 0.0162526 -0.0021861
4.25588 0.0162277 -0.00289347
4.26443 0.0161978 -0.00349111
4.27314 0.0161629 -0.00401174
4.28208 0.0161231 -0.00445358
4.29094 0.0160814 -0.00470685
4.29976 0.0160392 -0.00478755
4.3086 0.0159971 -0.00475883
4.31726 0.0159579 -0.00451953
4.32585 0.0159229 -0.0040843
