t x vx
0.01 0.0164988 -0.000118759
0.02 0.0164951 -0.000373403
0.0559027 0.0164506 -0.00123883
0.0918159 0.016378 -0.0020219
0.129539 0.016274 -0.00275589
0.168408 0.0161415 -0.0034085
0.208302 0.0159834 -0.00396411
0.248736 0.0158055 -0.00439965
0.289411 0.0156146 -0.00469325
0.330156 0.0154168 -0.00485532
0.370815 0.0152198 -0.00484515
0.411287 0.0150317 -0.0046479
0.451468 0.0148609 -0.00425105
0.491451 0.0147171 -0.00359614
0.531229 0.0146065 -0.00278021
0.570864 0.0145367 -0.00176082
0.610151 0.0145148 -0.000557518
0.649641 0.0145471 0.000817696
0.689607 0.0146409 0.00234724
0.730624 0.0148057 0.00401701
0.77105 0.0150384 0.0057563
0.809834 0.0153283 0.00747578
0.850234 0.0157041 0.00930105
0.889575 0.0161403 0.0110887
0.92752 0.016626 0.0128005
0.96366 0.017147 0.0144147
0.998116 0.0176959 0.0159323
1.03073 0.0182607 0.0173153
1.06144 0.0188299 0.0185355
1.09024 0.0193938 0.0195815
1.11699 0.0199397 0.0204083
1.12685 0.0201448 0.0207908
1.1359 0.0203357 0.0211097
1.14385 0.0205058 0.0213704
1.1514 0.0206687 0.0215893
1.1586 0.0208253 0.0217623
1.16549 0.0209761 0.0218831
1.1721 0.0211212 0.0219431
1.17845 0.0212604 0.0219326
1.18454 0.0213935 0.0218392
1.19042 0.0215207 0.0216447
1.19611 0.0216422 0.0213269
1.20169 0.0217584 0.0208511
1.20724 0.0218702 0.0201502
