t x vx
0.01 0.0164632 -0.00368286
0.02 0.0163503 -0.0112914
0.0258852 0.0162581 -0.015665
0.0323745 0.0161277 -0.0200947
0.0390162 0.0159662 -0.0243038
0.0457675 0.0157762 -0.0281489
0.0525673 0.0155615 -0.0315762
0.0593662 0.0153266 -0.0345417
0.0661568 0.0150752 -0.0370255
0.0729383 0.0148111 -0.0389508
0.0796637 0.0145408 -0.0401915
0.0863248 0.0142697 -0.0406995
0.0929564 0.0140018 -0.0403861
0.0995866 0.0137427 -0.0390917
0.106256 0.0134977 -0.0367294
0.113008 0.0132715 -0.0335049
0.115654 0.013187 -0.0319217
0.118198 0.0131098 -0.0303629
0.120673 0.0130385 -0.0287761
0.123112 0.0129724 -0.027104
0.125535 0.012911 -0.0253575
0.127849 0.0128563 -0.0236374
0.1302 0.012805 -0.0218294
0.132636 0.0127565 -0.019896
0.135071 0.0127129 -0.0178975
0.137655 0.0126722 -0.0157705
0.140378 0.0126355 -0.0134877
0.143211 0.0126041 -0.0110621
0.146073 0.0125795 -0.00859485
0.148869 0.0125623 -0.0061516
0.151619 0.012552 -0.00373735
0.154296 0.0125483 -0.00139546
0.156929 0.0125508 0.000934601
0.15952 0.0125592 0.00325099
0.162097 0.0125735 0.00554211
0.16468 0.0125937 0.00781757
0.167282 0.01262 0.0101026
0.169888 0.0126522 0.0123763
0.172501 0.0126904 0.0146299
0.175112 0.0127344 0.0168412
0.17773 0.0127842 0.019004
0.180342 0.0128393 0.0211143
0.182958 0.0129 0.0231919
0.185572 0.012966 0.025248
0.18819 0.0130374 0.0272893
0.190809 0.0131142 0.0293186
0.193436 0.0131965 0.031345
0.196064 0.0132842 0.0333636
0.198698 0.0133774 0.0353809
0.201333 0.0134759 0.0373805
0.207946 0.0137536 0.0419914
0.214573 0.0140593 0.0461282
0.22161 0.0144116 0.0500658
0.228692 0.0147905 0.0534927
0.235741 0.0151879 0.0563866
0.242784 0.0156012 0.0586794
0.249653 0.0160156 0.0603333
0.256542 0.0164382 0.0613336
0.263261 0.0168522 0.0616162
0.269928 0.0172596 0.0611213
0.276598 0.0176586 0.0598111
0.283234 0.0180415 0.0576954
0.289779 0.0184007 0.054891
0.29622 0.0187311 0.0512966
0.302536 0.0190281 0.0470237
0.308765 0.0192917 0.042315
0.31499 0.0195228 0.0371233
0.320781 0.0197079 0.0319695
0.323184 0.0197795 0.0297716
0.325605 0.0198461 0.0275353
0.328081 0.0199086 0.0252242
0.330514 0.0199644 0.022938
0.332897 0.0200137 0.0206994
0.335216 0.0200566 0.0185137
0.337502 0.020094 0.0163564
0.339828 0.020127 0.0141628
0.342169 0.020155 0.0119649
0.344504 0.0201778 0.00979112
0.346871 0.0201959 0.00761297
0.349226 0.0202088 0.00548332
0.351592 0.0202168 0.00338692
0.353984 0.0202199 0.00131278
0.356421 0.0202181 -0.000746472
0.358927 0.0202111 -0.00280217
0.361524 0.0201985 -0.00485141
0.364178 0.0201803 -0.00686347
0.366903 0.0201562 -0.00885304
0.36969 0.020126 -0.0108288
0.372411 0.0200914 -0.0126918
0.375108 0.0200524 -0.014465
0.377857 0.0200079 -0.0161902
0.380653 0.019958 -0.0178617
0.383446 0.0199036 -0.0194631
0.38623 0.0198452 -0.0209976
0.389009 0.0197827 -0.0224584
0.391789 0.0197165 -0.0238266
0.394567 0.0196468 -0.0250879
0.397345 0.0195739 -0.0262397
0.400122 0.0194981 -0.027291
0.407015 0.0192957 -0.0293679
0.413865 0.0190835 -0.030983
0.420364 0.0188751 -0.0320593
0.427236 0.0186502 -0.03273
0.434139 0.0184236 -0.0328291
0.441253 0.0181944 -0.0322216
0.448381 0.017974 -0.0309148
0.455495 0.0177677 -0.0289949
0.462537 0.0175806 -0.0265681
0.469443 0.0174167 -0.0237334
0.476199 0.0172779 -0.020545
0.482475 0.0171692 -0.0173292
0.48883 0.017081 -0.0138717
0.495428 0.0170143 -0.0101051
0.501845 0.0169743 -0.00624499
0.507847 0.0169589 -0.0025638
0.513923 0.0169658 0.00113997
0.519906 0.0169941 0.00473638
0.525968 0.0170445 0.00830581
0.532157 0.0171174 0.0117808
0.538401 0.0172118 0.0151151
0.54483 0.0173296 0.0183249
0.551394 0.017469 0.0212351
0.558071 0.0176271 0.0236764
0.564826 0.0177994 0.0255165
0.571676 0.0179823 0.0266874
0.578634 0.0181713 0.0271675
0.585718 0.018362 0.0269194
0.592764 0.0185449 0.0259533
0.599911 0.0187191 0.0243873
0.606981 0.018877 0.0223293
0.613858 0.0190134 0.0198337
0.620751 0.01913 0.0169162
0.627672 0.0192248 0.0136942
0.634427 0.0192943 0.0102869
0.641559 0.0193404 0.00646876
0.648617 0.0193586 0.00257236
0.65556 0.0193501 -0.0012228
0.663282 0.019309 -0.00532363
0.671227 0.0192335 -0.00949727
0.679038 0.0191285 -0.0134419
0.686892 0.0189936 -0.0171839
0.694618 0.0188346 -0.0205703
0.702264 0.0186539 -0.023641
0.709917 0.0184524 -0.0263269
0.71763 0.0182327 -0.028482
0.725363 0.0180004 -0.0300482
0.733024 0.0177631 -0.0309641
0.740648 0.0175256 -0.0311583
0.748177 0.0172952 -0.0306004
0.755475 0.0170811 -0.0293333
0.762649 0.0168841 -0.0274634
0.769552 0.0167101 -0.0252009
0.77649 0.0165541 -0.0224944
0.783401 0.0164205 -0.0193293
0.79025 0.0163121 -0.0158181
0.796776 0.0162322 -0.0122435
0.803593 0.0161756 -0.00831434
0.810385 0.0161464 -0.00429256
0.817272 0.0161449 -0.000220283
0.824071 0.0161697 0.00364361
0.830677 0.016217 0.00715875
0.837159 0.0162838 0.0103169
0.8438 0.0163723 0.0133244
0.850482 0.0164802 0.0161382
0.857302 0.0166078 0.0187098
0.864229 0.0167532 0.0209904
0.871218 0.0169136 0.0229504
0.878368 0.0170896 0.0246183
0.885705 0.0172791 0.0258343
0.893097 0.0174742 0.0263888
0.900568 0.0176697 0.0261746
0.907969 0.0178562 0.0251999
0.915294 0.0180282 0.0234748
0.922474 0.01818 0.0211463
0.929423 0.018308 0.0184193
0.935921 0.0184094 0.0155968
0.942445 0.0184924 0.012735
0.948789 0.0185553 0.00991133
0.955083 0.0186001 0.00710713
0.961266 0.0186275 0.00443586
0.967562 0.0186392 0.00185392
0.974084 0.0186356 -0.000546318
0.980768 0.0186179 -0.00265259
0.987546 0.0185874 -0.00448706
0.994696 0.0185434 -0.00616043
1.0022 0.0184859 -0.0076569
1.00966 0.0184193 -0.00893842
1.01713 0.0183444 -0.0100152
1.0246 0.0182631 -0.0108863
1.03209 0.0181771 -0.0114906
1.03961 0.0180883 -0.0118094
1.04707 0.018 -0.01184
1.05437 0.0179155 -0.0115638
1.0617 0.0178349 -0.0109969
1.06915 0.0177591 -0.0101792
1.0768 0.0176897 -0.00906769
1.08442 0.0176313 -0.00766035
1.09192 0.0175862 -0.00602404
1.09933 0.0175548 -0.00422723
1.10669 0.0175377 -0.00233279
1.11397 0.0175352 -0.000332916
1.12118 0.0175468 0.00160314
1.12828 0.0175712 0.00343282
1.13504 0.0176064 0.0052149
1.14161 0.0176512 0.00682161
1.14842 0.0177076 0.00827928
1.15528 0.0177729 0.00952057
1.16224 0.0178467 0.0105961
1.16924 0.0179273 0.0115262
1.17638 0.0180147 0.0122304
1.18368 0.018107 0.0126452
1.19098 0.0182005 0.0128074
1.19834 0.0182944 0.0127498
1.2055 0.0183838 0.0124871
1.2126 0.0184689 0.0120061
1.21962 0.0185484 0.0113155
1.22639 0.018619 0.0104296
1.23309 0.0186818 0.00937967
1.23983 0.0187371 0.00819372
1.24643 0.018783 0.00695078
1.25315 0.0188209 0.0056397
1.26014 0.0188509 0.00429323
1.26732 0.0188722 0.00296797
1.27461 0.0188845 0.00168618
1.28186 0.0188884 0.000545555
1.28886 0.0188858 -0.000381719
1.29579 0.0188776 -0.0011751
1.30297 0.0188643 -0.00184721
1.31061 0.0188462 -0.00236898
1.31835 0.0188251 -0.00272758
1.32607 0.0188025 -0.00292714
1.33376 0.0187798 -0.00296132
1.34142 0.0187581 -0.00282808
1.34905 0.0187388 -0.00252581
1.35651 0.0187231 -0.00211313
1.3639 0.0187112 -0.00160952
1.37121 0.0187037 -0.00102722
1.37832 0.018701 -0.000377105
1.38524 0.0187034 0.000351533
1.39203 0.0187109 0.0011074
1.3988 0.0187238 0.00189707
1.40551 0.0187417 0.00266496
1.41218 0.0187643 0.00338556
1.41896 0.0187915 0.0040222
1.42591 0.0188233 0.00457016
1.43299 0.0188588 0.00502024
1.44027 0.0188983 0.00542401
1.44778 0.0189422 0.00585447
1.45544 0.0189898 0.00620516
1.46314 0.0190392 0.00640909
1.47093 0.019089 0.00639515
1.47873 0.0191369 0.00615006
1.48653 0.0191818 0.00575392
1.49427 0.0192223 0.00522428
1.50199 0.0192574 0.00454464
1.50964 0.0192861 0.00376169
1.51722 0.019308 0.0028878
1.52447 0.0193223 0.00196901
1.53148 0.0193295 0.00103066
1.53873 0.0193302 9.92296e-05
1.54553 0.0193251 -0.000755304
1.55241 0.019314 -0.00161821
1.55945 0.0192967 -0.00245209
1.56658 0.0192738 -0.00321104
1.57369 0.0192465 -0.00383943
1.58083 0.0192157 -0.00432253
1.58802 0.0191823 -0.00463536
1.59529 0.0191477 -0.00476275
1.60267 0.0191128 -0.00472906
1.61002 0.0190793 -0.00455846
1.61728 0.0190485 -0.00424337
1.62444 0.0190213 -0.0038047
1.63163 0.0189978 -0.00326242
1.63859 0.0189788 -0.002727
1.64535 0.018964 -0.00219725
1.65205 0.0189532 -0.00160961
1.65876 0.0189467 -0.00097277
1.66532 0.0189445 -0.000324778
1.67182 0.0189466 0.000326522
1.67838 0.018953 0.000974814
1.68501 0.0189637 0.00160166
1.69166 0.0189784 0.0022209
1.69817 0.0189968 0.00282458
1.70467 0.0190188 0.00337707
1.71122 0.0190445 0.00393221
1.71788 0.0190749 0.00456094
1.7247 0.0191095 0.00507665
1.73173 0.0191484 0.00553406
1.739 0.0191917 0.00595725
1.7465 0.0192377 0.00612794
1.75414 0.0192845 0.00612138
1.76175 0.01933 0.00598626
1.76909 0.0193712 0.00560453
1.77625 0.0194077 0.00510581
1.78337 0.0194392 0.00442686
1.79057 0.0194652 0.00360597
1.7976 0.019484 0.00267035
1.80466 0.0194954 0.00162101
1.81179 0.0194991 0.000512019
1.819 0.0194948 -0.000593197
1.82623 0.0194831 -0.00162431
1.8334 0.0194648 -0.0025478
1.84042 0.0194414 -0.00332963
1.8474 0.0194137 -0.00397495
1.8544 0.0193822 -0.00450262
1.86154 0.0193471 -0.00491594
1.86885 0.0193088 -0.00523122
1.87632 0.0192683 -0.00542978
1.88378 0.0192274 -0.00546777
1.89077 0.0191901 -0.00534231
1.89776 0.0191548 -0.00505263
1.90472 0.0191225 -0.00463271
1.91166 0.0190945 -0.004048
1.91829 0.0190726 -0.00329831
1.9248 0.0190572 -0.00236537
1.93127 0.0190492 -0.00123939
1.93788 0.01905 0.000114566
1.9443 0.01906 0.00155989
1.95077 0.0190803 0.003135
1.95742 0.0191119 0.00475284
1.96416 0.0191545 0.00633483
1.97096 0.0192075 0.00778583
1.9778 0.0192697 0.00908364
1.98471 0.0193392 0.0100655
1.99163 0.0194142 0.0108387
1.99845 0.0194914 0.0113108
2.00519 0.0195688 0.0114945
2.00786 0.0195995 0.0114928
2.01052 0.01963 0.0114737
2.01309 0.0196593 0.0114095
2.01562 0.019688 0.011331
2.01813 0.0197164 0.0112882
2.02065 0.0197446 0.0112209
2.02317 0.0197727 0.0111117
2.02571 0.0198005 0.0109781
2.02825 0.0198279 0.0108212
2.03073 0.0198544 0.0106461
2.03316 0.0198797 0.010448
2.03558 0.0199046 0.0102464
2.03805 0.0199293 0.0100484
2.04054 0.0199539 0.00985278
2.043 0.0199778 0.00967123
2.04536 0.0200002 0.00949984
2.04763 0.0200213 0.00933927
2.04983 0.0200416 0.00919204
2.05199 0.0200611 0.00905998
2.05413 0.0200802 0.00894832
2.05627 0.0200993 0.00886438
2.05845 0.0201184 0.00881314
2.06068 0.020138 0.00877754
2.06297 0.020158 0.00873889
2.06517 0.0201771 0.00867088
2.06748 0.0201968 0.00853916
2.06985 0.0202167 0.00838451
2.07221 0.0202361 0.00824478
2.0746 0.0202555 0.00811772
2.07704 0.0202751 0.00799727
2.07958 0.0202951 0.00787932
2.08218 0.0203153 0.0077536
2.0848 0.0203352 0.00760343
2.08744 0.0203548 0.00745055
2.09008 0.0203742 0.00732279
2.09274 0.0203934 0.00720961
2.09541 0.0204124 0.00711104
2.0981 0.0204313 0.00702912
2.10081 0.0204501 0.006963
2.10351 0.0204687 0.00689792
2.10621 0.0204872 0.00684001
2.10889 0.0205054 0.00679526
2.11158 0.0205236 0.00676191
2.11426 0.0205416 0.00673784
2.11693 0.0205596 0.00672591
2.11959 0.0205775 0.00672289
2.12225 0.0205954 0.00672747
2.1249 0.0206132 0.00672464
2.12754 0.0206309 0.00671068
2.13018 0.0206486 0.00668318
2.1328 0.020666 0.00665308
2.13543 0.0206835 0.00664116
2.13804 0.0207008 0.00662698
2.14065 0.020718 0.00659089
2.14326 0.0207351 0.00655416
2.14585 0.020752 0.00651808
2.14845 0.0207688 0.00648287
2.15104 0.0207855 0.00644559
2.15362 0.0208021 0.00639976
2.1562 0.0208184 0.00634617
2.15878 0.0208346 0.00627586
2.16135 0.0208505 0.00618933
2.16392 0.0208662 0.00608873
2.16649 0.0208815 0.00597393
2.16906 0.0208966 0.005856
2.17163 0.0209113 0.00574803
2.1742 0.0209258 0.00564713
2.17676 0.02094 0.00554699
2.17932 0.020954 0.00545185
2.18188 0.0209677 0.00535177
2.18443 0.0209811 0.00523985
2.18699 0.0209941 0.00511208
2.18954 0.0210068 0.00497563
2.19209 0.0210191 0.00483396
2.19463 0.0210311 0.00467693
2.19718 0.0210425 0.00448821
2.19972 0.0210533 0.0042606
2.20227 0.0210635 0.00399876
2.20482 0.021073 0.0037029
2.20738 0.0210816 0.00339373
2.20985 0.0210893 0.00309499
2.21223 0.021096 0.00280941
2.21452 0.0211018 0.00253491
2.21675 0.0211068 0.00226584
2.21891 0.0211111 0.00199829
2.22102 0.0211148 0.00173178
2.22309 0.0211178 0.00147007
2.22512 0.0211203 0.00121291
2.22713 0.0211222 0.000961945
2.22912 0.0211237 0.000720051
2.23111 0.0211246 0.000491382
2.2331 0.0211252 0.000278794
2.2351 0.0211254 8.21404e-05
2.23713 0.0211252 -0.00010162
2.2392 0.0211246 -0.000275739
2.24134 0.0211236 -0.000448276
2.24355 0.0211222 -0.000630642
2.24587 0.0211203 -0.00083316
2.24813 0.021118 -0.00103752
2.25021 0.0211154 -0.00120697
2.25215 0.0211129 -0.00133328
2.25398 0.0211102 -0.00142858
2.25571 0.0211076 -0.00150055
2.25737 0.0211051 -0.00154912
2.25897 0.0211026 -0.00157514
2.26053 0.0211001 -0.00157695
2.26205 0.0210977 -0.00155373
2.26354 0.0210955 -0.00151285
2.26502 0.0210933 -0.00145852
2.2665 0.0210913 -0.00138478
2.26798 0.0210894 -0.00128807
2.26948 0.0210876 -0.00118191
2.271 0.021086 -0.00107168
2.27257 0.0210845 -0.000960915
2.27421 0.0210831 -0.000841028
2.27593 0.0210819 -0.000696539
2.27777 0.0210809 -0.000527583
2.27977 0.0210802 -0.000349779
2.28202 0.0210798 -0.000172841
2.28426 0.0210798 1.13518e-07
2.28644 0.0210802 0.000170297
2.28858 0.0210809 0.000336742
2.29072 0.021082 0.000488891
2.29287 0.0210833 0.000636357
2.29505 0.021085 0.000775066
2.2973 0.021087 0.000899218
2.29962 0.0210894 0.00100243
2.3019 0.0210918 0.00108167
2.30414 0.0210944 0.00115765
2.30634 0.0210971 0.00123855
2.30853 0.0211001 0.00132829
2.31072 0.0211032 0.00142109
2.31293 0.0211065 0.00150707
2.31521 0.0211101 0.00157806
2.31739 0.0211136 0.00161644
2.31945 0.021117 0.00162051
2.32143 0.0211201 0.00160423
2.32336 0.0211232 0.0015725
2.32527 0.0211261 0.00152884
2.32719 0.0211289 0.00146945
2.32914 0.0211316 0.00139564
2.33116 0.0211343 0.00131241
2.33329 0.0211369 0.00122295
2.33558 0.0211395 0.00113216
2.33811 0.0211421 0.0010429
2.34066 0.0211446 0.00096104
2.34322 0.0211468 0.00088727
2.34578 0.021149 0.000826823
2.34836 0.021151 0.000788276
2.35089 0.0211529 0.000766291
2.35337 0.0211548 0.000752175
2.35581 0.0211566 0.00075425
2.35822 0.0211585 0.000759674
2.36062 0.0211603 0.000754257
2.36301 0.021162 0.000718171
2.36543 0.0211637 0.000688237
2.3679 0.0211653 0.000673225
2.37044 0.021167 0.000664085
2.37303 0.0211687 0.000659133
2.37563 0.0211705 0.000686658
2.37823 0.0211725 0.000756975
2.38082 0.0211746 0.000819902
2.38341 0.0211769 0.000889533
2.386 0.0211794 0.000966104
2.38853 0.021182 0.00103656
2.3909 0.0211846 0.00109788
2.39315 0.0211873 0.00117152
2.39533 0.02119 0.00126611
2.39748 0.021193 0.00137579
2.39962 0.0211961 0.00147758
2.40176 0.0211995 0.00157231
2.40394 0.0212031 0.00166678
2.40614 0.021207 0.00176119
