t x vx
0.01 0.0165081 0.000814529
0.02 0.0165373 0.00291601
0.0272838 0.0165703 0.00452849
0.0350087 0.0166188 0.00627679
0.0428133 0.0166819 0.00809367
0.0507185 0.0167606 0.00994803
0.0586344 0.0168538 0.0117774
0.0665158 0.0169602 0.0135042
0.0743592 0.0170783 0.0150456
0.082164 0.0172053 0.0162739
0.0899575 0.0173389 0.0171489
0.0977799 0.0174767 0.0176131
0.105656 0.0176154 0.017607
0.113449 0.0177499 0.0172587
0.121068 0.0178757 0.0165156
0.128466 0.0179908 0.0155582
0.135844 0.0180981 0.0145372
0.142781 0.0181905 0.0133301
0.149424 0.0182702 0.0119869
0.155957 0.0183389 0.0105223
0.162812 0.0184008 0.00903625
0.169452 0.0184522 0.00773089
0.176323 0.0184966 0.00646812
0.183934 0.0185359 0.00516097
0.191777 0.0185665 0.00389883
0.199657 0.0185875 0.00266455
0.207425 0.0185996 0.00156454
0.215293 0.0186046 0.000638266
0.222798 0.0186044 -3.43871e-05
0.230651 0.0185997 -0.000596783
0.238511 0.0185913 -0.00107317
0.246574 0.0185793 -0.00148764
0.254458 0.018566 -0.00168221
0.262282 0.0185525 -0.00173186
0.270146 0.0185399 -0.00159822
0.277779 0.0185292 -0.00139928
0.285514 0.0185201 -0.00117485
0.293244 0.0185124 -0.000998538
0.300971 0.0185055 -0.000895603
0.308741 0.018499 -0.000830096
0.316349 0.0184929 -0.000812343
0.323978 0.0184857 -0.000944308
0.331755 0.0184754 -0.00131234
0.339524 0.0184606 -0.00191657
0.347149 0.01844 -0.00269583
0.354744 0.0184123 -0.00365229
0.362213 0.0183767 -0.00475531
0.369878 0.0183307 -0.00600866
0.37747 0.0182753 -0.00729038
0.385197 0.0182092 -0.00855581
0.39311 0.0181318 -0.00978833
0.401102 0.0180445 -0.010917
0.408885 0.0179521 -0.0118796
0.416554 0.0178546 -0.0127119
0.424241 0.0177509 -0.0134831
0.432045 0.0176405 -0.0141479
0.439926 0.0175247 -0.014697
0.447739 0.0174065 -0.015127
0.455487 0.017287 -0.0154299
0.463146 0.0171677 -0.0155734
0.470719 0.0170501 -0.0155264
0.47821 0.0169355 -0.0153021
0.485638 0.0168248 -0.0148956
0.493031 0.0167191 -0.0142946
0.500324 0.0166205 -0.013524
0.507566 0.0165292 -0.0126044
0.514922 0.0164445 -0.0115156
0.522257 0.0163692 -0.0102666
0.529453 0.016305 -0.00891941
0.536416 0.0162523 -0.00757508
0.543336 0.0162091 -0.0062453
0.550334 0.0161747 -0.00491485
0.557528 0.0161488 -0.00359585
0.564922 0.0161318 -0.00230578
0.572293 0.0161234 -0.00112843
0.579656 0.0161228 -8.78004e-05
0.587062 0.0161287 0.000797311
0.594479 0.0161397 0.00148334
0.601845 0.0161541 0.00195211
0.609059 0.0161702 0.00223981
0.616317 0.0161873 0.0023463
0.623457 0.0162033 0.00224842
0.630585 0.0162174 0.00197446
0.637849 0.0162287 0.00155277
0.645077 0.0162359 0.00100463
0.65227 0.0162386 0.000368497
0.659642 0.0162363 -0.000310585
0.666998 0.0162288 -0.00102111
0.674199 0.0162163 -0.00173482
0.681228 0.0161992 -0.00242598
0.688215 0.0161778 -0.00306515
0.695023 0.0161532 -0.00361983
0.701835 0.0161253 -0.00408907
0.708797 0.0160943 -0.00446155
0.716052 0.0160603 -0.00468855
0.723321 0.0160256 -0.00476823
0.7307 0.0159907 -0.00473385
0.738355 0.015956 -0.00452829
0.746052 0.015924 -0.004162
0.753672 0.0158965 -0.00361014
0.761098 0.0158746 -0.00294054
0.768294 0.0158586 -0.00223089
0.775603 0.0158477 -0.00149252
0.782611 0.0158423 -0.000768824
0.789561 0.0158423 -2.3498e-06
0.796623 0.015848 0.000820852
0.803831 0.01586 0.00165186
0.811046 0.0158774 0.00241104
0.818375 0.0158996 0.00303805
0.825883 0.0159266 0.00358888
0.83357 0.0159579 0.00407646
0.841044 0.0159908 0.00440403
0.848537 0.0160253 0.00460724
0.856158 0.0160606 0.00462366
0.863819 0.016095 0.00449392
0.871461 0.0161275 0.00425768
0.879155 0.0161575 0.00388988
0.886672 0.0161826 0.0033449
0.894222 0.0162025 0.00263386
0.901723 0.0162162 0.0018301
0.908966 0.0162234 0.000988316
0.916144 0.0162243 0.000125322
0.923229 0.0162191 -0.000732205
0.930313 0.0162083 -0.00151975
0.937303 0.016193 -0.00219382
0.944337 0.0161734 -0.00278868
0.951446 0.0161501 -0.00327522
0.958574 0.0161246 -0.00357911
0.965875 0.0160977 -0.00368554
0.973353 0.0160708 -0.00359382
0.980695 0.016046 -0.0033846
0.987592 0.0160241 -0.00316984
0.994643 0.0160034 -0.00294078
1.00208 0.0159839 -0.00261885
1.00978 0.0159672 -0.00216716
1.01713 0.0159549 -0.00167505
1.02411 0.0159467 -0.0011729
1.03083 0.0159426 -0.000609705
1.03739 0.0159428 2.65191e-05
1.04386 0.0159473 0.000692786
1.05034 0.0159559 0.00133649
1.05687 0.0159684 0.00190792
1.0635 0.015984 0.00235228
1.0703 0.0160022 0.0026819
1.07736 0.0160227 0.00290213
1.08474 0.0160452 0.00305477
1.0922 0.0160684 0.00310297
1.09962 0.0160909 0.00302839
1.10735 0.0161127 0.00282325
1.11511 0.016132 0.00248534
1.12286 0.0161476 0.00201885
1.13041 0.0161585 0.0014446
1.13769 0.0161646 0.000830354
1.14512 0.0161659 0.000185734
1.15244 0.0161625 -0.000466459
1.15974 0.0161544 -0.00111219
1.16687 0.0161424 -0.00168441
1.17392 0.0161271 -0.00217432
1.18106 0.0161086 -0.00258138
1.18845 0.0160874 -0.00288023
1.19588 0.0160648 -0.00303517
1.20337 0.0160417 -0.00308552
1.21101 0.0160185 -0.00303922
1.2189 0.0159961 -0.00283385
1.2268 0.0159766 -0.0024751
1.23466 0.015961 -0.00198219
1.24242 0.0159503 -0.00137302
1.24997 0.0159449 -0.000716692
1.25744 0.0159447 -2.71407e-05
1.26479 0.0159499 0.000703041
1.27192 0.0159599 0.00140864
1.27894 0.0159744 0.00205742
1.286 0.0159928 0.00261773
1.29304 0.0160142 0.00303063
1.30018 0.0160376 0.00328391
1.30754 0.0160623 0.0033559
1.31515 0.0160869 0.00322498
1.32306 0.0161099 0.00291355
1.33085 0.0161289 0.00243876
1.33836 0.0161428 0.00185271
1.34576 0.0161515 0.00117682
1.35316 0.0161543 0.000371121
1.3606 0.0161508 -0.000468389
1.36798 0.0161411 -0.0013178
1.37531 0.016126 -0.00205981
1.38243 0.0161067 -0.0027007
1.38949 0.0160837 -0.00325666
1.39656 0.0160573 -0.00374056
1.40369 0.0160276 -0.00416382
1.41093 0.0159951 -0.00448965
1.41836 0.0159608 -0.00461677
1.42606 0.0159263 -0.00447896
1.434 0.0158932 -0.0041668
1.44182 0.0158633 -0.00382463
1.4496 0.0158373 -0.00334771
1.45731 0.0158165 -0.00269406
1.46476 0.015802 -0.00194238
1.47223 0.0157938 -0.00110658
1.47995 0.0157924 -0.000180371
1.48748 0.0157982 0.000772154
1.49491 0.0158109 0.00171391
1.50239 0.0158304 0.00259776
1.50945 0.0158535 0.00328169
1.5164 0.0158799 0.00378381
1.52357 0.0159093 0.0041064
1.53101 0.0159409 0.00424523
1.53872 0.0159735 0.00423226
1.54669 0.016006 0.00408337
1.55464 0.0160364 0.00382049
1.5626 0.0160638 0.00343503
1.57053 0.016087 0.0029281
1.57844 0.0161054 0.00232498
1.58627 0.0161183 0.00165105
1.59396 0.0161255 0.000936376
1.60149 0.0161272 0.000230588
1.60887 0.0161239 -0.000455047
1.6162 0.0161157 -0.00112168
1.62349 0.0161029 -0.00174987
1.63064 0.0160866 -0.00227529
1.63773 0.0160677 -0.00266675
1.64493 0.016047 -0.00288712
1.65232 0.0160255 -0.00290066
1.65983 0.0160051 -0.00271927
1.6676 0.0159864 -0.00240244
1.67537 0.0159711 -0.0019697
1.683 0.0159601 -0.00143975
1.69026 0.0159543 -0.000800987
1.69717 0.0159536 -0.000101024
1.70381 0.0159576 0.000604916
1.71026 0.0159656 0.00123156
1.71663 0.0159767 0.00174357
1.72311 0.0159906 0.0021403
1.72991 0.016007 0.00241538
1.73712 0.0160256 0.00258418
1.74446 0.0160451 0.00264926
1.75221 0.0160655 0.00263405
1.75988 0.0160851 0.00255714
1.76753 0.0161031 0.00235354
1.77507 0.0161183 0.00201208
1.78249 0.0161297 0.00154425
1.78977 0.0161372 0.00102556
1.79706 0.0161403 0.000426144
1.80452 0.0161385 -0.000242122
1.81184 0.0161319 -0.000901861
1.81918 0.0161205 -0.00155413
1.82636 0.0161046 -0.00221544
1.83341 0.0160848 -0.00279972
1.8404 0.0160618 -0.00330098
1.84736 0.0160355 -0.00376862
1.85429 0.0160064 -0.00420842
1.86119 0.0159745 -0.00462629
1.86811 0.0159405 -0.00490931
1.87515 0.0159053 -0.00500145
1.88245 0.0158694 -0.00491183
1.89003 0.0158345 -0.00460949
1.8976 0.0158038 -0.00405707
1.90497 0.0157791 -0.00334916
1.91214 0.0157608 -0.00255493
1.91955 0.0157482 -0.00169028
1.92694 0.0157425 -0.000775954
1.93409 0.0157437 0.000168806
1.94114 0.0157522 0.00120662
1.94831 0.0157688 0.00231602
1.95495 0.0157907 0.00329095
1.96168 0.0158185 0.0041331
1.96881 0.0158529 0.00483109
1.97626 0.0158924 0.00530497
1.98397 0.0159351 0.00552974
1.99188 0.0159787 0.00551344
1.99968 0.0160197 0.00525059
2.00716 0.0160553 0.00477493
2.01454 0.0160858 0.00412355
2.02203 0.0161105 0.00330358
2.02943 0.0161275 0.00229337
2.03668 0.0161358 0.00114215
2.04378 0.016135 -0.000105523
2.05083 0.016125 -0.00142491
2.05782 0.0161059 -0.00273625
2.0647 0.0160786 -0.00397003
2.07153 0.0160436 -0.00512265
2.0784 0.0160017 -0.00608672
2.08547 0.0159532 -0.00686226
2.09284 0.0158983 -0.00745903
2.10047 0.0158389 -0.00778361
2.10795 0.0157805 -0.007812
2.1154 0.0157239 -0.00758286
2.12263 0.015673 -0.00705349
2.13006 0.0156266 -0.00624074
2.13707 0.015589 -0.00537064
2.14408 0.0155576 -0.00447846
2.15114 0.0155328 -0.00350594
2.15843 0.0155152 -0.00241061
2.16571 0.015506 -0.00126224
2.17289 0.0155052 -0.000118997
2.18011 0.0155124 0.000996233
2.18728 0.0155264 0.00195531
2.19458 0.0155466 0.0027761
2.20192 0.0155722 0.00348449
2.20937 0.0156026 0.00407802
2.2169 0.0156363 0.00447155
2.22445 0.0156715 0.0046618
2.23183 0.015706 0.00467923
2.23905 0.0157388 0.00454031
2.24632 0.0157698 0.00426703
2.2537 0.0157983 0.00385987
2.26101 0.0158226 0.00331763
2.26817 0.0158415 0.00265059
2.27518 0.0158546 0.00186486
2.28218 0.0158616 0.00100388
2.28928 0.0158627 0.000153676
2.29636 0.0158583 -0.000621543
2.30352 0.0158486 -0.00135521
2.31077 0.0158343 -0.00197879
2.31815 0.0158156 -0.00252434
2.32574 0.0157935 -0.00291383
2.33338 0.0157691 -0.00319874
2.34078 0.0157435 -0.00346315
2.34796 0.0157169 -0.00370398
2.35535 0.0156878 -0.00393837
2.36267 0.0156582 -0.00403218
2.37002 0.0156296 -0.00388961
2.37754 0.0156029 -0.00354895
2.38526 0.0155791 -0.0030881
2.39315 0.0155588 -0.00257603
2.40093 0.0155425 -0.00209415
2.40868 0.0155299 -0.00161807
2.41628 0.0155216 -0.001099
2.42378 0.0155177 -0.000525178
2.43117 0.015518 4.70396e-05
2.43864 0.0155226 0.000614998
2.44601 0.0155309 0.00112818
2.45315 0.0155414 0.00146536
2.46011 0.0155525 0.0015933
2.46746 0.0155638 0.0015471
2.47514 0.0155741 0.00134188
2.48285 0.0155822 0.0010406
2.49047 0.0155877 0.000731392
2.49793 0.0155903 0.000341782
2.50533 0.0155894 -0.000118468
2.51276 0.0155849 -0.000603584
2.52019 0.0155774 -0.00101385
2.52762 0.0155674 -0.00134433
2.53498 0.0155549 -0.0016933
2.54234 0.0155395 -0.0020963
2.54973 0.0155209 -0.00252105
2.55687 0.0155003 -0.00287453
2.5637 0.0154796 -0.00304215
2.57021 0.0154597 -0.00305908
2.5764 0.0154413 -0.00297223
2.58227 0.0154248 -0.00279772
2.58786 0.0154106 -0.00255845
2.59318 0.0153984 -0.00227514
2.59829 0.0153886 -0.00192217
2.60323 0.0153811 -0.00152659
2.60804 0.0153758 -0.00110659
2.61278 0.0153725 -0.000677404
2.61745 0.0153713 -0.000261603
2.6221 0.0153719 0.000115503
2.62675 0.0153739 0.000444255
2.63141 0.0153773 0.000724028
2.63609 0.0153819 0.000988061
2.64082 0.0153876 0.0012046
2.64561 0.0153941 0.00135849
2.65044 0.0154012 0.0014539
2.65533 0.0154082 0.0014467
2.66026 0.0154147 0.00130744
2.66522 0.0154201 0.00109796
2.6702 0.0154244 0.000853882
2.67516 0.0154269 0.000510734
2.68009 0.0154273 7.84688e-05
2.685 0.0154253 -0.00040845
2.68993 0.0154205 -0.000965117
2.69493 0.0154125 -0.00160622
2.70004 0.0154007 -0.00229871
2.7053 0.0153848 -0.00303261
2.71075 0.0153643 -0.00376866
2.71641 0.0153389 -0.00447817
2.72231 0.0153083 -0.00519215
2.72842 0.0152731 -0.00575667
2.73471 0.0152348 -0.00608911
2.74111 0.015195 -0.00621067
2.74754 0.0151558 -0.0061098
2.7539 0.0151183 -0.00588971
2.76008 0.0150841 -0.00553078
2.766 0.0150538 -0.00512743
2.77158 0.0150276 -0.0046932
2.77681 0.0150051 -0.00429901
2.78174 0.0149857 -0.00393239
2.78642 0.0149692 -0.00353231
2.79091 0.0149553 -0.00310613
2.79526 0.0149436 -0.00267043
2.79953 0.0149341 -0.0022433
2.80375 0.0149263 -0.00182889
2.80797 0.0149202 -0.00144629
2.81225 0.0149155 -0.00109446
2.81662 0.0149122 -0.000762968
2.82114 0.0149102 -0.000447844
2.82588 0.0149094 -0.000171892
2.83089 0.0149096 3.8299e-05
2.83624 0.0149108 0.000223335
2.84203 0.0149129 0.000369431
2.84837 0.0149155 0.000413188
2.85545 0.0149172 0.00023707
2.86327 0.0149167 -6.91378e-05
2.87099 0.014913 -0.000470565
2.87845 0.0149074 -0.000755637
2.88577 0.0148997 -0.00104264
2.89313 0.0148906 -0.00124045
2.90066 0.0148806 -0.00132746
2.90834 0.0148704 -0.00133009
2.91605 0.0148609 -0.00123966
2.92382 0.0148529 -0.00102396
2.93165 0.0148479 -0.000644447
2.93925 0.0148462 -0.000214462
2.94636 0.0148475 0.000174509
2.95353 0.0148521 0.000643892
2.96112 0.0148613 0.00121937
2.96866 0.0148748 0.00177959
2.97622 0.0148923 0.00232433
2.98354 0.0149132 0.00284468
2.9908 0.014937 0.00329163
2.99824 0.0149642 0.00364817
3.00571 0.0149931 0.00387224
3.01323 0.0150228 0.0039551
3.02091 0.0150526 0.00386998
3.0286 0.0150803 0.00360937
3.03627 0.0151054 0.00326687
3.04388 0.015127 0.00284056
3.05139 0.015145 0.00239745
3.05881 0.0151598 0.0019884
3.06617 0.0151718 0.00163998
3.07349 0.0151816 0.00133977
3.0808 0.0151895 0.00107506
3.08813 0.0151953 0.000795749
3.09551 0.0151989 0.00049015
3.10285 0.0152002 0.000170804
3.11017 0.0151992 -0.00013518
3.11747 0.0151955 -0.000511045
3.1247 0.0151892 -0.000867208
3.1318 0.0151806 -0.00121942
3.13904 0.0151708 -0.00134671
3.14637 0.0151609 -0.00135102
3.15375 0.015151 -0.00133524
3.16118 0.0151415 -0.001285
3.16864 0.015132 -0.00127547
3.17614 0.015122 -0.00132679
3.18355 0.0151117 -0.00138936
3.19074 0.0151017 -0.00139329
3.19809 0.0150923 -0.00127775
3.20549 0.0150838 -0.0011473
3.21293 0.0150766 -0.000978778
3.22048 0.0150715 -0.00066564
3.22819 0.0150697 -0.00024048
3.23577 0.015071 0.000181039
3.2433 0.0150756 0.000602541
3.25081 0.0150828 0.000958508
3.25811 0.0150911 0.00114598
3.26541 0.0151 0.00120836
3.27271 0.0151086 0.00118717
3.28015 0.0151169 0.00111045
3.28768 0.0151249 0.00106279
3.29516 0.0151324 0.00100569
3.30285 0.0151396 0.000938558
3.31058 0.015146 0.000827635
3.3183 0.0151515 0.000710115
3.32598 0.0151555 0.000523513
3.33365 0.0151578 0.000294406
3.3413 0.0151584 8.47709e-05
3.3489 0.0151575 -0.000119388
3.35641 0.0151548 -0.000366056
3.36377 0.0151506 -0.000564304
3.3712 0.0151457 -0.00067054
3.37873 0.015141 -0.000615342
3.38625 0.0151378 -0.000429066
3.39375 0.0151362 -0.000207545
3.40122 0.0151363 1.10833e-05
3.40866 0.0151375 0.000162346
3.4161 0.0151396 0.000272413
3.42352 0.0151424 0.000377363
3.43082 0.0151456 0.000449539
3.43796 0.0151492 0.000495688
3.4453 0.015153 0.000524535
3.45272 0.0151572 0.000562641
3.46008 0.015162 0.000648762
3.46744 0.0151674 0.00074133
3.4748 0.0151735 0.000823513
3.48235 0.0151797 0.000824088
3.48996 0.0151855 0.000763895
3.49755 0.0151903 0.000625951
3.5051 0.015194 0.000492473
3.51259 0.0151968 0.000371659
3.52003 0.0151983 0.000202813
3.52732 0.0151981 -2.23025e-05
3.53463 0.0151966 -0.000209432
3.54204 0.0151944 -0.000290575
3.54947 0.0151923 -0.000289655
3.5569 0.0151904 -0.000259367
3.56435 0.0151888 -0.000212078
3.57182 0.0151877 -0.000149941
3.57932 0.0151865 -0.000157966
