t x vx
0.01 0.0164844 -0.00155647
0.02 0.0164345 -0.00499455
0.0268938 0.0163829 -0.00748435
0.0341976 0.0163089 -0.0101259
0.0416545 0.0162133 -0.0128202
0.0492128 0.0160964 -0.0154681
0.0568135 0.0159594 -0.0180298
0.0644329 0.0158042 -0.0203626
0.0720147 0.0156343 -0.0224101
0.0795647 0.0154526 -0.0240673
0.0870692 0.0152637 -0.0251715
0.0945574 0.0150711 -0.0257227
0.102051 0.0148795 -0.0255699
0.109346 0.0146978 -0.024903
0.116604 0.0145265 -0.0236077
0.12369 0.0143714 -0.0218928
0.130961 0.0142296 -0.0194974
0.137882 0.0141128 -0.0168769
0.144819 0.0140149 -0.0141118
0.151931 0.013935 -0.0112256
0.158936 0.0138779 -0.00816114
0.166356 0.0138427 -0.00473989
0.173836 0.0138326 -0.00134527
0.181841 0.0138516 0.00236175
0.189346 0.0138942 0.00568726
0.196983 0.0139616 0.00882302
0.204478 0.0140489 0.0116393
0.21175 0.0141518 0.014159
0.21891 0.0142692 0.0163878
0.226012 0.0143994 0.018334
0.233094 0.0145403 0.0198954
0.240161 0.0146891 0.0210667
0.247247 0.0148439 0.0218346
0.254371 0.0150022 0.0222203
0.261552 0.0151623 0.0222936
0.268804 0.0153221 0.0220385
0.276117 0.0154788 0.0214318
0.283509 0.0156301 0.0204664
0.290978 0.0157733 0.0191699
0.298536 0.0159061 0.0175693
0.306051 0.0160246 0.0157784
0.313462 0.0161274 0.0138731
0.32071 0.0162139 0.0119325
0.327804 0.0162849 0.00999789
0.334772 0.0163416 0.00814246
0.341652 0.0163859 0.00643233
0.348482 0.0164192 0.0048812
0.355328 0.0164432 0.00351175
0.362171 0.0164592 0.00232664
0.36897 0.0164685 0.00137911
0.37566 0.0164731 0.000688413
0.382238 0.016475 0.000280266
0.388981 0.0164755 8.38485e-05
0.39602 0.0164765 0.000134812
0.403057 0.0164797 0.000453486
0.409938 0.0164864 0.000973604
0.416883 0.0164983 0.00171463
0.424157 0.0165185 0.00277436
0.431688 0.0165499 0.00417728
0.439168 0.0165937 0.00584903
0.446515 0.0166501 0.00767357
0.453739 0.0167194 0.00959419
0.460906 0.0168026 0.0116104
0.467635 0.016894 0.0135796
0.47429 0.0169974 0.015541
0.481089 0.0171164 0.0175032
0.487954 0.0172493 0.0193641
0.495011 0.0173978 0.021037
0.502088 0.0175564 0.0224116
0.509266 0.0177246 0.0234393
0.51653 0.0178989 0.0239878
0.523787 0.0180731 0.024005
0.530833 0.0182392 0.0235802
0.537935 0.0184004 0.0226956
0.544852 0.0185486 0.0214289
0.551495 0.0186806 0.019861
0.558103 0.0187996 0.0180085
0.564693 0.0189053 0.0160433
0.570968 0.018994 0.0141387
0.577552 0.0190732 0.0120262
0.583997 0.0191374 0.00996419
0.590477 0.0191887 0.00791387
0.596798 0.0192266 0.00600013
0.603207 0.0192535 0.0041951
0.60974 0.0192697 0.00247249
0.616354 0.0192752 0.000840667
0.623375 0.0192704 -0.000685876
0.630785 0.0192548 -0.00211427
0.638175 0.01923 -0.00335559
0.645602 0.0191971 -0.00442757
0.65274 0.0191593 -0.00528583
0.659936 0.0191163 -0.00598768
0.667069 0.0190696 -0.00653648
0.674065 0.0190204 -0.00703458
0.680719 0.0189707 -0.00746551
0.687127 0.0189208 -0.00780027
0.693413 0.0188703 -0.0080275
0.699772 0.018818 -0.00821839
0.706214 0.0187646 -0.00829098
0.712601 0.0187121 -0.00822445
0.719134 0.0186595 -0.00804464
0.725744 0.0186089 -0.00765774
0.732474 0.0185616 -0.00703611
0.739333 0.0185191 -0.00618635
0.746315 0.0184838 -0.00506466
0.753373 0.0184577 -0.00369285
0.760414 0.0184429 -0.00210087
0.767224 0.0184393 -0.000530297
0.773757 0.0184461 0.00103866
0.780048 0.0184619 0.0025165
0.786151 0.0184856 0.00387759
0.792122 0.0185158 0.00506428
0.797992 0.0185514 0.0060603
0.803771 0.0185915 0.00694142
0.809459 0.0186347 0.00759395
0.815055 0.0186798 0.00806626
0.820578 0.0187259 0.008335
0.826059 0.018772 0.00841538
0.831537 0.0188181 0.00841672
0.837062 0.0188638 0.00827465
0.842691 0.0189087 0.00797733
0.848469 0.0189525 0.00757777
0.854439 0.0189939 0.0069384
0.860622 0.0190322 0.00619505
0.866911 0.0190653 0.0052635
0.873238 0.019092 0.00420531
0.879656 0.0191116 0.00306782
0.886164 0.0191235 0.00182643
0.892797 0.0191271 0.000539513
0.899037 0.0191229 -0.000671036
0.905186 0.0191121 -0.00176022
0.911413 0.019095 -0.00275042
0.917886 0.0190713 -0.00364964
0.92466 0.0190414 -0.00441899
0.931298 0.0190078 -0.00506747
0.93854 0.018967 -0.00563133
0.946259 0.0189204 -0.00603843
0.954073 0.018871 -0.00631481
0.961884 0.0188204 -0.00647863
0.969632 0.0187698 -0.00653157
0.977315 0.0187201 -0.00647444
0.984833 0.0186725 -0.00632579
0.992142 0.0186277 -0.00613284
0.999331 0.0185853 -0.00590276
1.00657 0.0185448 -0.00559245
1.01392 0.0185068 -0.00517043
1.02115 0.0184732 -0.00464553
1.02843 0.018444 -0.00400286
1.03581 0.0184203 -0.00322044
1.04331 0.0184031 -0.00228825
1.05075 0.018394 -0.0012304
1.058 0.018393 -0.000134167
1.06519 0.0183998 0.000943874
1.07243 0.0184142 0.00199614
1.07977 0.0184361 0.00298122
1.08715 0.0184641 0.00379308
1.09452 0.0184978 0.0045689
1.10186 0.0185358 0.00518129
1.1091 0.0185765 0.00561652
1.11632 0.0186193 0.00592757
1.12363 0.0186631 0.00599337
1.13086 0.0187066 0.00602669
1.13795 0.0187487 0.00592662
1.14497 0.0187889 0.00572814
1.15197 0.0188272 0.00546883
1.15902 0.018863 0.00508218
1.16614 0.0188958 0.00460059
1.1734 0.0189245 0.0039599
1.18082 0.0189483 0.00321349
1.18833 0.0189664 0.00239956
1.19607 0.0189783 0.0015463
1.20387 0.0189836 0.000678627
1.21168 0.0189821 -0.000193524
1.21945 0.0189738 -0.00107163
1.22712 0.0189593 -0.00188993
1.23467 0.0189399 -0.00257108
1.24176 0.018918 -0.00307695
1.24871 0.0188937 -0.00350841
1.25584 0.0188661 -0.0038619
1.26334 0.0188351 -0.00414247
1.27081 0.0188027 -0.00432537
1.27835 0.0187695 -0.00440775
1.28586 0.0187366 -0.00437755
1.29344 0.0187048 -0.00420645
1.30099 0.0186749 -0.00395655
1.3086 0.0186474 -0.00361107
1.31622 0.0186232 -0.00317945
1.32383 0.0186031 -0.0026385
1.33147 0.0185877 -0.00201613
1.33901 0.0185776 -0.00134291
1.34637 0.0185723 -0.000716018
1.35355 0.0185713 -0.000140544
1.36058 0.0185741 0.00040062
1.3675 0.0185798 0.000821607
1.37444 0.0185877 0.00114387
1.38133 0.0185969 0.00133486
1.38822 0.0186062 0.00134106
1.39511 0.0186151 0.00129442
1.40186 0.0186238 0.00129762
1.40828 0.0186321 0.00128497
1.41451 0.01864 0.00126466
1.42068 0.0186474 0.00120017
1.42691 0.0186544 0.00112471
1.43326 0.0186613 0.00108983
1.43979 0.0186685 0.0010982
1.44655 0.0186758 0.00108631
1.45355 0.0186834 0.00108778
1.4608 0.0186915 0.00111202
1.46829 0.0186999 0.00112336
1.47576 0.0187083 0.00112862
1.48287 0.0187161 0.00109058
1.48949 0.018723 0.00103872
1.49601 0.018729 0.000928992
1.50269 0.0187342 0.000770565
1.50938 0.0187376 0.000518288
1.51619 0.0187389 0.000181773
1.52311 0.0187376 -0.000183207
1.53016 0.0187335 -0.000578448
1.53745 0.0187262 -0.00100328
1.54465 0.0187162 -0.00138968
1.55187 0.0187037 -0.00173233
1.55915 0.0186893 -0.00197739
1.56655 0.0186742 -0.002035
1.57416 0.0186597 -0.00190465
1.58189 0.0186471 -0.00164143
1.58949 0.0186372 -0.00130077
1.59709 0.0186302 -0.000922331
1.60457 0.0186262 -0.000535008
1.61177 0.0186249 -0.000180472
1.61876 0.0186258 0.00013272
1.62572 0.0186284 0.000376701
1.63276 0.0186321 0.000528731
1.63971 0.0186362 0.000587649
1.64672 0.0186403 0.000577117
1.65389 0.0186443 0.000567595
1.66123 0.0186486 0.000576645
1.66874 0.018653 0.000591422
1.67647 0.0186577 0.000609434
1.68418 0.0186626 0.000637733
1.69163 0.0186676 0.000669869
1.69914 0.0186728 0.000691248
1.70695 0.018678 0.000661996
1.71492 0.0186826 0.000577027
1.72284 0.0186862 0.000460779
1.73061 0.0186892 0.000379482
1.73821 0.0186919 0.000352186
1.7457 0.0186946 0.000363569
1.75317 0.0186972 0.000353032
1.7607 0.0186996 0.000317229
1.76816 0.0187016 0.000266156
1.77562 0.0187032 0.000211604
1.78306 0.0187042 0.000133856
1.79064 0.0187043 1.73399e-05
1.79832 0.018703 -0.000172017
1.80586 0.0186999 -0.000403011
1.81334 0.0186952 -0.000628032
1.82081 0.0186893 -0.000799357
1.82838 0.0186825 -0.000891015
1.83611 0.0186755 -0.000913507
1.84401 0.0186685 -0.000880938
1.85177 0.0186625 -0.000777338
1.8593 0.0186578 -0.000622608
1.86675 0.0186546 -0.000422748
1.87424 0.0186531 -0.000207804
1.88172 0.0186529 -2.24849e-05
1.88927 0.0186534 6.78313e-05
1.89685 0.0186539 6.91703e-05
1.90447 0.0186543 4.63681e-05
1.9122 0.0186546 4.26075e-05
1.9201 0.0186551 6.23955e-05
1.92809 0.0186557 7.22468e-05
1.93591 0.0186564 9.53468e-05
1.94368 0.0186573 0.00011484
1.95123 0.0186583 0.000127438
1.95861 0.0186594 0.000145912
1.96608 0.0186605 0.000156348
1.97388 0.0186616 0.000138275
1.98162 0.0186619 3.94767e-05
1.98926 0.0186615 -5.24607e-05
1.99688 0.0186608 -9.14354e-05
2.00448 0.0186601 -9.8538e-05
2.01202 0.0186595 -7.12598e-05
2.01948 0.0186592 -4.94258e-05
2.02693 0.0186591 -4.24605e-06
2.0344 0.0186596 5.42226e-05
2.04194 0.0186603 0.00010582
2.04943 0.0186615 0.000149851
2.05695 0.0186628 0.000175004
2.06445 0.018664 0.00016376
2.07198 0.0186648 0.000107378
2.07957 0.0186652 5.09345e-05
2.08725 0.0186654 2.34823e-05
2.09506 0.0186656 2.56416e-05
2.10286 0.018666 5.43054e-05
2.11049 0.0186665 6.58707e-05
2.11797 0.0186674 0.000116431
2.12536 0.0186687 0.000180659
2.13271 0.0186705 0.000245037
2.14003 0.0186724 0.000261819
2.14725 0.0186741 0.000224764
2.15446 0.0186748 9.77413e-05
2.16174 0.018674 -0.000108366
2.16904 0.0186718 -0.000303816
2.17619 0.0186684 -0.000474572
2.18319 0.0186642 -0.000595761
2.19009 0.0186596 -0.000665751
2.19693 0.0186549 -0.000681358
2.2038 0.0186506 -0.000638832
2.21075 0.0186469 -0.000528005
2.21782 0.0186446 -0.000328341
2.2249 0.0186443 -4.39058e-05
2.23153 0.0186459 0.000245685
2.23793 0.0186492 0.000517264
2.24421 0.0186539 0.000751963
2.25047 0.0186598 0.000947698
2.25679 0.0186669 0.00112393
2.26325 0.0186754 0.00131014
2.26991 0.0186853 0.00149004
2.27658 0.0186963 0.00163663
2.28315 0.0187074 0.00169521
2.28958 0.018718 0.00165147
2.29588 0.0187276 0.0015176
2.30208 0.018736 0.00135314
2.30826 0.0187431 0.00115379
2.31447 0.0187486 0.000885021
2.32079 0.0187522 0.000571729
2.32723 0.0187538 0.000247504
2.33387 0.0187534 -5.29497e-05
2.34063 0.0187516 -0.000275985
2.34752 0.0187486 -0.000429525
2.3546 0.0187446 -0.000561333
2.36198 0.0187397 -0.000666436
2.36918 0.0187344 -0.000738832
2.37623 0.018729 -0.000764402
2.38327 0.0187238 -0.00074696
2.39036 0.0187184 -0.000757137
2.39739 0.0187124 -0.000847478
2.40446 0.0187053 -0.00100968
2.41162 0.0186967 -0.00120591
2.41892 0.0186866 -0.0013841
2.42639 0.0186752 -0.00152275
2.43405 0.0186626 -0.00164027
2.44186 0.018649 -0.00174467
2.44974 0.018635 -0.00177495
2.4573 0.0186219 -0.00173164
2.46481 0.0186095 -0.00165958
2.47267 0.0185969 -0.00159463
2.48046 0.0185854 -0.00148496
2.48816 0.0185751 -0.00132734
2.49585 0.0185662 -0.00115436
2.50347 0.0185584 -0.00103075
2.51103 0.0185512 -0.00094599
2.51859 0.0185445 -0.0008932
2.52622 0.0185382 -0.000828524
2.53381 0.0185325 -0.000751494
2.54134 0.0185272 -0.000703694
2.54875 0.0185224 -0.00064589
2.55605 0.0185184 -0.000545178
2.5633 0.0185154 -0.000420817
2.57057 0.0185134 -0.000266406
2.57796 0.0185127 -9.20686e-05
2.58556 0.0185136 0.000113432
2.59344 0.0185163 0.000340095
2.60119 0.0185208 0.000587152
2.60891 0.0185272 0.000827268
2.6165 0.0185353 0.00106027
2.62401 0.0185446 0.00124838
2.63149 0.0185548 0.00136188
2.63894 0.018565 0.00136451
2.64626 0.018574 0.00123234
2.65353 0.018581 0.000967798
2.66081 0.0185854 0.000595137
2.66822 0.0185866 0.000161388
2.67582 0.0185845 -0.000274416
2.68368 0.0185788 -0.000728243
2.69157 0.0185696 -0.0011643
2.6995 0.0185573 -0.00154895
2.70747 0.0185425 -0.00186146
2.71534 0.018526 -0.00208695
2.72285 0.0185097 -0.00217589
2.73024 0.0184938 -0.00215814
2.73748 0.0184787 -0.00207714
2.74488 0.0184642 -0.00196591
2.75242 0.0184508 -0.00177444
2.7599 0.0184397 -0.00148497
2.76709 0.0184312 -0.00117815
2.7742 0.0184249 -0.00088525
2.78144 0.0184207 -0.000579134
2.78867 0.0184186 -0.000292207
2.79585 0.0184182 -5.96014e-05
2.8032 0.0184191 0.000121708
2.81079 0.018421 0.000255681
2.81861 0.0184238 0.000360806
2.82662 0.0184275 0.000459639
2.83469 0.018432 0.000551557
2.8428 0.018437 0.000617995
2.85092 0.0184424 0.000664089
2.85904 0.0184479 0.000683172
2.86717 0.0184535 0.000683272
2.87529 0.0184587 0.00064399
2.88332 0.0184633 0.000572896
2.89129 0.0184671 0.000477561
2.89924 0.0184702 0.000392215
2.90707 0.0184727 0.000320552
2.9148 0.0184748 0.000260132
2.92247 0.0184762 0.000188327
2.92998 0.0184769 9.04365e-05
2.93742 0.0184767 -2.49506e-05
2.94478 0.0184757 -0.000134887
2.95212 0.0184739 -0.000242363
2.95958 0.0184713 -0.000354923
2.96707 0.0184679 -0.000444853
2.97461 0.0184645 -0.000460022
2.98221 0.0184616 -0.000378203
2.98988 0.0184599 -0.000221233
2.99767 0.0184598 -1.71901e-05
3.00552 0.0184615 0.000224307
3.01338 0.0184654 0.000492841
3.0212 0.0184716 0.000791863
3.02885 0.0184803 0.00113299
3.03618 0.0184909 0.00145118
3.04341 0.0185033 0.00172211
3.05069 0.0185173 0.001914
3.05792 0.0185317 0.00199629
3.06504 0.0185456 0.00195385
3.07225 0.0185585 0.00178488
3.07959 0.0185694 0.00149136
3.08705 0.0185777 0.00110639
3.09449 0.0185828 0.000689462
3.10169 0.0185851 0.000316014
3.10886 0.0185851 4.42437e-07
3.11618 0.0185834 -0.00022792
3.12367 0.0185806 -0.000371425
3.13119 0.0185772 -0.000455907
3.13881 0.0185733 -0.000516276
3.14638 0.018569 -0.000565785
3.1537 0.0185646 -0.000598296
3.1613 0.0185599 -0.00062191
3.1689 0.0185557 -0.000556783
3.17617 0.0185529 -0.000386592
3.18325 0.0185517 -0.000168258
3.19026 0.018552 5.01511e-05
3.1974 0.0185539 0.000261208
3.20463 0.0185576 0.000507587
3.21184 0.018563 0.000750718
3.21922 0.0185704 0.00100467
3.22681 0.0185797 0.00123441
3.23455 0.0185907 0.00141899
3.24237 0.0186036 0.00164068
3.25023 0.0186183 0.00187806
3.25813 0.0186346 0.00206565
3.26608 0.018652 0.00218798
3.27409 0.0186699 0.00222782
3.28211 0.0186873 0.00217738
3.29 0.0187032 0.00201108
3.29777 0.0187162 0.00167352
3.30544 0.0187255 0.00120889
3.31303 0.0187308 0.000700521
3.32047 0.0187321 0.000172808
3.32794 0.0187293 -0.000372498
3.33528 0.0187227 -0.000905255
3.34237 0.0187129 -0.00138346
3.34943 0.0187001 -0.00180791
3.35658 0.0186848 -0.00213127
3.36395 0.0186679 -0.00229827
3.37165 0.0186505 -0.00226535
3.37933 0.0186347 -0.0020536
3.38694 0.018622 -0.00166728
3.39449 0.018613 -0.00118862
3.40211 0.0186082 -0.000630926
3.40987 0.0186073 -0.000119354
3.41753 0.0186098 0.000330156
3.42518 0.0186156 0.00075726
3.43259 0.0186242 0.00116051
3.4398 0.0186353 0.00153086
3.44688 0.0186484 0.00186236
3.45394 0.0186634 0.00211342
3.46105 0.0186791 0.00221805
3.46809 0.0186943 0.0021508
3.47526 0.0187081 0.00192294
3.48268 0.0187194 0.00152127
3.49035 0.0187269 0.000979892
3.49795 0.0187299 0.000399774
3.50567 0.0187288 -0.000144537
3.51361 0.0187239 -0.000616516
3.5216 0.018716 -0.000995486
3.52954 0.0187057 -0.00128749
3.53735 0.0186944 -0.00144774
3.54473 0.0186836 -0.00146733
3.55213 0.0186732 -0.00140825
3.55937 0.0186635 -0.00133663
3.56687 0.0186539 -0.00127515
3.57435 0.0186448 -0.00122138
3.58145 0.0186368 -0.00112414
3.58843 0.01863 -0.000977842
3.59537 0.0186244 -0.000802392
3.60249 0.0186201 -0.00060217
3.60969 0.0186172 -0.000404738
3.61697 0.0186157 -0.000205142
3.62444 0.018616 3.77532e-05
