t x vx
0.01 0.0164998 -1.91123e-05
0.02 0.0165012 0.000135497
0.0276939 0.0165031 0.000247073
0.0359144 0.0165061 0.0003632
0.0443335 0.0165101 0.000477036
0.0529212 0.0165153 0.000604424
0.0615874 0.016522 0.000776924
0.0702747 0.0165304 0.00096461
0.0789245 0.0165399 0.00110111
0.0875478 0.0165505 0.00122597
0.0958988 0.0165617 0.00134131
0.104368 0.0165734 0.00138895
0.112375 0.0165863 0.00161023
0.12025 0.0166005 0.00180115
0.128237 0.016616 0.00193417
0.13633 0.0166339 0.00222251
0.144131 0.0166534 0.00249706
0.152073 0.0166748 0.00269565
0.160122 0.0167 0.00312497
0.168533 0.0167307 0.00365771
0.176926 0.0167648 0.00405795
0.185271 0.0168023 0.0044985
0.193579 0.0168437 0.00498141
0.201872 0.0168894 0.00550528
0.210158 0.0169394 0.00603383
0.218301 0.016992 0.00646199
0.226322 0.0170458 0.00670185
0.234183 0.0170991 0.00678254
0.241967 0.0171517 0.00675626
0.249572 0.0172022 0.00664073
0.257383 0.0172521 0.00639371
0.265109 0.0172986 0.00602052
0.272977 0.0173423 0.00555096
0.280838 0.017382 0.00504488
0.288777 0.0174175 0.00447765
0.296627 0.0174479 0.0038771
0.304437 0.0174733 0.00324296
0.312261 0.0174933 0.00255526
0.32004 0.0175075 0.0018283
0.327815 0.0175161 0.00110882
0.335685 0.0175196 0.00044352
0.343628 0.0175186 -0.000128415
0.351512 0.0175141 -0.000568636
0.359237 0.0175075 -0.000848999
0.366916 0.0175001 -0.000974178
0.374595 0.0174926 -0.000964489
0.382399 0.0174861 -0.000842605
0.390302 0.0174813 -0.000605805
0.398215 0.0174792 -0.000266838
0.406068 0.0174805 0.000173168
0.413894 0.0174861 0.000712221
0.421749 0.0174967 0.00134443
0.429456 0.0175123 0.00202832
0.437059 0.0175331 0.00273753
0.444662 0.0175593 0.00344439
0.452307 0.0175908 0.00412431
0.460011 0.0176275 0.00476343
0.467715 0.0176687 0.00534661
0.47533 0.0177136 0.00589191
0.482816 0.0177614 0.00638163
0.49022 0.0178119 0.00682212
0.497617 0.0178652 0.00720433
0.505094 0.0179214 0.00752237
0.512616 0.01798 0.00778868
0.520192 0.0180406 0.00800445
0.527856 0.0181031 0.0081512
0.535447 0.0181654 0.00820322
0.542851 0.0182257 0.00814973
0.550193 0.0182848 0.00804104
0.557559 0.0183428 0.0078839
0.564784 0.0183982 0.0076619
0.57216 0.0184523 0.00733809
0.5798 0.0185051 0.00691145
0.587578 0.0185552 0.00644284
0.595507 0.0186026 0.00597453
0.603261 0.0186453 0.00550769
0.611056 0.0186839 0.0049524
0.618381 0.0187156 0.00433296
0.625366 0.0187411 0.00364989
0.632532 0.0187615 0.00284244
0.639769 0.0187761 0.00201974
0.646948 0.018785 0.00123599
0.654385 0.0187883 0.000438257
0.66189 0.0187859 -0.000320607
0.669467 0.0187781 -0.00101832
0.677082 0.018766 -0.00159588
0.684839 0.0187498 -0.00208149
0.69251 0.0187314 -0.0024049
0.699881 0.0187127 -0.00253055
0.707269 0.0186941 -0.00251898
0.715081 0.0186756 -0.00237225
0.722865 0.0186592 -0.00210271
0.730652 0.0186459 -0.00171232
0.738392 0.0186365 -0.00120892
0.746007 0.0186319 -0.000608954
0.753491 0.0186323 4.79763e-05
0.760898 0.0186376 0.00072198
0.768251 0.0186479 0.00140303
0.775566 0.0186634 0.00210885
0.782841 0.0186837 0.00279586
0.790075 0.0187086 0.00343744
0.797231 0.0187371 0.00398329
0.804332 0.0187683 0.00440474
0.811461 0.0188017 0.00467516
0.818615 0.0188359 0.00478239
0.825767 0.0188696 0.00471485
0.832958 0.0189023 0.0045536
0.840235 0.0189336 0.0042891
0.847645 0.0189628 0.0039413
0.854987 0.0189885 0.00350824
0.86209 0.0190105 0.00309603
0.868731 0.0190284 0.00269884
0.87542 0.0190437 0.00228874
0.882496 0.0190573 0.00191987
0.889917 0.0190693 0.00161099
0.897472 0.0190793 0.00133208
0.905286 0.0190879 0.00109533
0.913074 0.019095 0.000915821
0.920822 0.0191012 0.0007934
0.928341 0.0191064 0.000698515
0.935837 0.0191115 0.000670553
0.943238 0.0191166 0.0006899
0.950699 0.0191223 0.000767062
0.957966 0.0191288 0.000893045
0.965079 0.0191363 0.00105029
0.972147 0.019145 0.00123306
0.979231 0.0191552 0.00144303
0.986346 0.0191668 0.00163232
0.993523 0.0191795 0.00176459
1.00078 0.0191927 0.00181554
1.00807 0.0192057 0.00178834
1.01541 0.0192182 0.00170781
1.02285 0.0192299 0.00156808
1.03044 0.0192404 0.00137911
1.03805 0.0192497 0.00122692
1.04552 0.019258 0.00111014
1.05269 0.0192653 0.00101964
1.05986 0.0192721 0.000943947
1.06733 0.0192788 0.000904303
1.07495 0.0192851 0.000823581
1.08256 0.0192908 0.000749039
1.09003 0.0192958 0.000669314
1.09737 0.0192999 0.00055671
1.10464 0.0193031 0.000445225
1.1119 0.0193056 0.000335129
1.11923 0.0193072 0.000220983
1.12652 0.0193081 0.000121454
1.1338 0.0193081 1.01435e-05
1.14115 0.0193073 -0.00011259
1.1486 0.0193057 -0.000210253
1.15618 0.0193034 -0.000305649
1.16387 0.0193002 -0.000415566
1.17165 0.0192959 -0.000559905
1.17942 0.0192901 -0.000742854
1.1872 0.0192827 -0.000957031
1.19497 0.019274 -0.00110837
1.20244 0.0192655 -0.00114665
1.20945 0.0192575 -0.00114154
1.21642 0.0192498 -0.00109508
1.22364 0.0192428 -0.000981172
1.23069 0.0192367 -0.000851541
1.23766 0.0192316 -0.000741838
1.24463 0.0192268 -0.000679678
1.25147 0.0192221 -0.000693792
1.2583 0.019217 -0.00075092
1.26521 0.0192112 -0.000836758
1.27218 0.0192046 -0.000948292
1.27933 0.0191973 -0.00102495
1.28634 0.0191897 -0.00107243
1.29324 0.0191822 -0.00109061
1.30013 0.0191748 -0.0010715
1.30719 0.0191676 -0.00102883
1.31444 0.0191605 -0.000976422
1.32193 0.0191539 -0.000878605
1.32914 0.0191488 -0.000708929
1.33607 0.0191451 -0.000531857
1.34312 0.0191425 -0.000361968
1.3504 0.0191414 -0.000162987
1.35773 0.0191422 0.000108655
1.36518 0.0191455 0.000442511
1.37249 0.0191512 0.000785952
1.37973 0.019159 0.00107774
1.38699 0.0191688 0.00134432
1.39427 0.0191807 0.00163393
1.40155 0.0191946 0.00191122
1.40883 0.0192101 0.00213086
1.41613 0.0192267 0.00227499
1.42335 0.0192436 0.00234013
1.43037 0.01926 0.00233259
1.43734 0.0192758 0.00227532
1.44456 0.0192916 0.00218263
1.45172 0.0193066 0.00210005
1.45885 0.0193214 0.0020662
1.46601 0.0193361 0.00206243
1.47322 0.0193509 0.00204622
1.48055 0.0193655 0.00199548
1.48786 0.0193794 0.00190328
1.49511 0.0193923 0.00178004
1.50234 0.0194042 0.0016415
1.50961 0.0194153 0.00153322
1.51698 0.0194259 0.00143956
1.52451 0.019436 0.0013312
1.53206 0.019445 0.00120363
1.53951 0.0194529 0.00105357
1.54688 0.0194595 0.000893388
1.554 0.0194646 0.000724637
1.56097 0.0194684 0.000541871
1.56781 0.0194707 0.000330184
1.57457 0.0194712 7.83405e-05
1.58131 0.0194699 -0.000191062
1.58809 0.0194668 -0.000452653
1.59497 0.0194622 -0.00067326
1.60206 0.0194562 -0.000843934
1.60943 0.0194493 -0.00094465
1.61655 0.0194427 -0.000915959
1.62363 0.0194375 -0.000736677
1.63065 0.0194347 -0.0004026
1.63766 0.0194352 7.63582e-05
1.64468 0.01944 0.000673833
1.65175 0.0194493 0.00131697
1.65878 0.0194635 0.00202004
1.66572 0.0194826 0.00275381
1.67269 0.0195067 0.00346141
1.67953 0.0195338 0.00395883
1.68224 0.0195449 0.00409648
1.68496 0.0195564 0.00421557
1.68758 0.0195676 0.00431152
1.68999 0.0195782 0.00438878
1.69225 0.0195883 0.00445194
1.69443 0.0195981 0.00450412
1.69655 0.0196078 0.00456259
1.69864 0.0196175 0.00463059
1.70075 0.0196274 0.00472114
1.70289 0.0196378 0.00483016
1.70509 0.0196487 0.00495712
1.7074 0.0196604 0.00509213
1.70984 0.0196732 0.0052243
1.71228 0.0196863 0.00536228
1.7146 0.0196991 0.00552364
1.71685 0.019712 0.00571481
1.71909 0.0197252 0.00593518
1.72135 0.0197392 0.00617804
1.72366 0.0197541 0.00642825
1.72602 0.0197698 0.00667895
1.72831 0.0197857 0.00693442
1.73054 0.0198017 0.00719925
1.73272 0.019818 0.00747178
1.73486 0.0198346 0.00774474
1.73696 0.0198515 0.00802284
1.73904 0.0198688 0.00831878
1.7411 0.0198865 0.00863753
1.74314 0.0199049 0.00897612
1.74517 0.0199238 0.00931593
1.74719 0.0199433 0.0096445
1.74921 0.0199634 0.00997152
1.75122 0.0199841 0.0102982
1.75324 0.0200056 0.0106306
1.75526 0.0200277 0.0109765
1.75728 0.0200506 0.011331
1.7593 0.0200743 0.0116788
1.76134 0.0200987 0.0120107
1.76337 0.0201238 0.0123267
1.76542 0.0201496 0.01262
1.76747 0.020176 0.0128762
1.76953 0.020203 0.0130966
1.77159 0.0202304 0.0132957
1.77367 0.0202584 0.013478
1.77575 0.0202868 0.0136475
1.77784 0.0203157 0.0138018
1.77994 0.0203449 0.013928
1.78205 0.0203745 0.0140197
1.78417 0.0204044 0.0140801
1.78631 0.0204346 0.01411
1.78846 0.0204649 0.0141125
1.79063 0.0204955 0.01409
1.79282 0.0205262 0.0140426
1.79503 0.020557 0.013973
1.79726 0.020588 0.0138793
1.79952 0.0206191 0.0137572
1.8018 0.0206502 0.0136002
1.80412 0.0206813 0.0134036
1.80648 0.0207122 0.0131411
1.80887 0.0207429 0.0128022
1.81131 0.0207731 0.0123976
1.81374 0.0208022 0.011955
1.81624 0.0208308 0.0114782
1.81879 0.0208588 0.0109767
1.82135 0.0208856 0.0104599
1.82392 0.0209111 0.00993164
1.8265 0.0209354 0.00939578
1.8291 0.0209583 0.008853
1.8317 0.02098 0.00830503
1.83432 0.0210003 0.00775238
1.83694 0.0210192 0.00719978
1.83957 0.0210367 0.00665867
1.84221 0.0210529 0.0061371
1.84486 0.0210677 0.00562573
1.8475 0.0210813 0.00511895
1.85015 0.0210936 0.00462388
1.85281 0.0211046 0.00415141
1.85547 0.0211144 0.00370457
1.85813 0.0211232 0.00328755
1.8608 0.0211309 0.00289878
1.86346 0.0211377 0.00253166
1.86613 0.0211435 0.00217958
1.8688 0.0211484 0.00183152
1.87136 0.0211522 0.00149517
1.87374 0.021155 0.00119494
1.87594 0.0211571 0.000933467
1.87797 0.0211585 0.000710679
1.87983 0.0211595 0.000528546
1.88155 0.0211602 0.000385121
1.88312 0.0211606 0.000276956
1.88457 0.0211609 0.000197994
1.88593 0.0211611 0.000140937
1.88721 0.0211612 0.000101295
1.88842 0.0211613 7.58062e-05
1.88957 0.0211614 5.98605e-05
1.89067 0.0211614 4.98672e-05
1.89173 0.0211615 4.35291e-05
1.89276 0.0211615 3.92165e-05
1.89376 0.0211616 3.52387e-05
1.89474 0.0211616 3.00208e-05
1.8957 0.0211616 2.29734e-05
1.89665 0.0211616 1.45951e-05
1.89759 0.0211616 5.48646e-06
1.89853 0.0211616 -4.30835e-06
1.89946 0.0211616 -2.39655e-05
1.9004 0.0211616 -4.15882e-05
1.90135 0.0211615 -5.97668e-05
1.90231 0.0211614 -7.94142e-05
1.90329 0.0211613 -0.000101415
1.90429 0.0211612 -0.000125995
1.90531 0.021161 -0.000152523
1.90636 0.0211609 -0.00017931
1.90745 0.0211606 -0.000205375
1.90857 0.0211604 -0.000230241
1.90973 0.0211601 -0.000253407
1.91093 0.0211598 -0.000272725
1.91218 0.0211594 -0.000289303
1.91348 0.021159 -0.000305666
1.91483 0.0211586 -0.000321073
1.91622 0.0211581 -0.000336542
1.91766 0.0211576 -0.000358391
1.91913 0.021157 -0.000390175
1.92063 0.0211564 -0.000426582
1.92212 0.0211557 -0.000460222
1.9236 0.021155 -0.000487231
1.92503 0.0211542 -0.000504034
1.92642 0.0211535 -0.000511894
1.92776 0.0211528 -0.000517382
1.92907 0.0211521 -0.000526209
1.93036 0.0211515 -0.000538488
1.93165 0.0211507 -0.000555941
1.93295 0.02115 -0.000577346
1.93429 0.0211492 -0.000603149
1.93566 0.0211483 -0.000630401
1.93709 0.0211474 -0.000647881
1.93859 0.0211464 -0.000659492
1.94019 0.0211453 -0.000660541
1.94191 0.0211442 -0.000648669
1.94377 0.0211431 -0.000628868
1.94576 0.0211418 -0.000620945
1.94755 0.0211407 -0.000643994
1.94918 0.0211395 -0.00068774
1.95072 0.0211384 -0.000718339
1.9522 0.0211374 -0.000726521
1.95364 0.0211363 -0.000727116
1.95506 0.0211353 -0.000719504
1.95648 0.0211343 -0.00068909
1.9579 0.0211334 -0.000643366
1.95934 0.0211325 -0.00059517
1.96082 0.0211317 -0.000542796
1.96234 0.021131 -0.000489518
1.96391 0.0211303 -0.000436026
1.96553 0.0211297 -0.000373447
1.96722 0.0211292 -0.000302579
1.96898 0.0211288 -0.000222877
1.97079 0.0211286 -0.000127313
1.97262 0.0211286 -9.62528e-06
1.97449 0.0211288 0.000118562
1.97645 0.0211293 0.000251511
1.97856 0.0211301 0.000402417
1.98085 0.0211314 0.000544879
1.98318 0.0211329 0.00067436
1.98558 0.0211349 0.000798192
1.98804 0.0211372 0.000938855
1.99056 0.0211399 0.00109557
1.99311 0.0211431 0.0012422
1.99565 0.0211466 0.00138773
1.99807 0.0211503 0.00151194
2.00039 0.021154 0.00161801
2.00266 0.0211579 0.00170403
2.00491 0.0211619 0.00178124
2.00716 0.0211661 0.00185205
2.00943 0.0211704 0.00191447
2.01175 0.021175 0.00195924
2.01412 0.0211797 0.00198408
2.01649 0.0211844 0.00200902
2.01894 0.0211894 0.00203887
2.0215 0.0211947 0.00207361
2.02408 0.0212002 0.00210091
2.02667 0.0212056 0.00210728
2.02926 0.021211 0.00208902
2.03186 0.0212164 0.00205501
2.03446 0.0212216 0.00200971
2.03707 0.0212267 0.00196168
2.03968 0.0212317 0.00191686
2.0423 0.0212366 0.00187397
2.04492 0.0212414 0.00183113
2.04754 0.0212461 0.00178669
2.04993 0.0212502 0.00173433
2.05211 0.0212539 0.00168321
2.05414 0.0212572 0.00163973
2.05605 0.0212603 0.001605
2.05789 0.0212632 0.00157778
2.05967 0.021266 0.00155602
2.06141 0.0212687 0.00153822
2.06312 0.0212713 0.00152196
2.06482 0.0212738 0.0015066
2.06652 0.0212763 0.00149144
2.06823 0.0212789 0.00147509
2.06996 0.0212814 0.00145627
2.07173 0.0212839 0.00143524
2.07356 0.0212865 0.00141176
2.07545 0.0212891 0.0013842
2.07743 0.0212918 0.00135056
2.0795 0.0212945 0.00130752
2.08168 0.0212973 0.00125757
2.08397 0.0213 0.0012066
2.08635 0.0213028 0.0011563
2.08879 0.0213055 0.00110788
2.09126 0.0213081 0.00106099
2.09375 0.0213106 0.00101563
2.09624 0.021313 0.000972842
2.09873 0.0213154 0.000931941
2.10121 0.0213176 0.000891652
2.10369 0.0213197 0.000847207
2.10618 0.0213217 0.000798811
2.10866 0.0213235 0.000745917
2.11116 0.0213252 0.000686389
2.11367 0.0213268 0.000620335
2.11619 0.0213282 0.00054395
2.11872 0.0213293 0.000457974
2.12114 0.0213302 0.000368759
2.12341 0.0213309 0.000282861
2.12555 0.0213313 0.000203795
2.1276 0.0213316 0.000132219
2.12958 0.0213317 6.81055e-05
2.1315 0.0213317 1.14124e-05
2.1334 0.0213317 -3.7959e-05
2.13527 0.0213315 -8.1591e-05
2.13713 0.0213313 -0.000121383
2.139 0.021331 -0.00015954
2.14089 0.0213306 -0.000198022
2.14281 0.0213301 -0.000240052
2.14476 0.0213296 -0.000285307
2.14676 0.0213289 -0.000334149
2.14882 0.0213281 -0.000387659
2.15095 0.0213272 -0.000446508
2.15313 0.0213261 -0.000510464
2.15529 0.0213248 -0.000582753
2.15743 0.0213234 -0.000664106
2.15956 0.0213218 -0.00075509
2.16167 0.02132 -0.000854989
2.16376 0.0213179 -0.000962989
2.16584 0.0213157 -0.00107694
2.16789 0.0213133 -0.00119199
2.16992 0.0213106 -0.00130491
2.17192 0.0213078 -0.0014143
2.17384 0.0213049 -0.00151956
2.17569 0.0213019 -0.00161851
2.17748 0.0212988 -0.00170991
2.17922 0.0212957 -0.00179219
2.18091 0.0212925 -0.00186524
2.18257 0.0212893 -0.0019295
2.18422 0.0212861 -0.00198595
2.18585 0.0212828 -0.00203514
2.18748 0.0212794 -0.00207704
2.18912 0.0212759 -0.00211244
2.19079 0.0212723 -0.00214116
2.19249 0.0212686 -0.00216157
2.19425 0.0212648 -0.00217047
2.19604 0.0212609 -0.0021714
2.19786 0.021257 -0.00216999
2.19971 0.021253 -0.00216662
2.20157 0.0212489 -0.00216465
2.20346 0.0212449 -0.00216445
2.20538 0.0212407 -0.00216665
2.20732 0.0212365 -0.00217064
2.2093 0.0212322 -0.00217584
2.21132 0.0212278 -0.00218112
2.21339 0.0212233 -0.00218451
2.21552 0.0212186 -0.00218404
2.21764 0.021214 -0.00217965
2.21969 0.0212095 -0.00217025
2.22171 0.0212052 -0.00215199
2.22372 0.0212009 -0.00212494
2.22563 0.0211969 -0.00209301
2.22744 0.0211932 -0.00205296
