t x vx
0.01 0.0164999 -5.51294e-06
0.02 0.0165005 6.02672e-05
0.0390215 0.0165044 0.000203125
0.0583085 0.0165112 0.000352184
0.0784499 0.0165216 0.000518139
0.0991611 0.0165361 0.000699763
0.120296 0.0165551 0.000897243
0.141678 0.0165788 0.00110733
0.163183 0.0166073 0.00132426
0.184705 0.0166405 0.00154498
0.206219 0.0166784 0.00176214
0.227689 0.0167209 0.00197669
0.249105 0.0167676 0.00218294
0.270406 0.0168182 0.00237464
0.291404 0.0168718 0.0025544
0.311904 0.0169276 0.00271971
0.332633 0.0169872 0.00287407
0.353262 0.0170492 0.00300938
0.374089 0.0171133 0.00307605
0.395144 0.0171787 0.00310439
0.41622 0.0172455 0.00317281
0.437314 0.0173138 0.00323637
0.458375 0.017382 0.0032368
0.479396 0.0174497 0.0032234
0.500413 0.0175172 0.00321258
0.521425 0.0175843 0.00319277
0.542273 0.0176499 0.00314733
0.562972 0.0177137 0.00307939
0.583576 0.0177754 0.00299679
0.603613 0.0178336 0.00290223
0.623701 0.0178896 0.00278849
0.643745 0.0179429 0.00265761
0.66389 0.0179937 0.00252422
0.6842 0.0180424 0.00239527
0.704744 0.018089 0.00227102
0.725301 0.0181333 0.00215413
0.745874 0.0181753 0.00203899
0.766463 0.0182147 0.00191477
0.787055 0.0182512 0.00177239
0.807539 0.018284 0.00160412
0.827944 0.0183128 0.00140877
0.848305 0.018337 0.0011876
0.868658 0.0183561 0.000939069
0.889036 0.0183697 0.00066866
0.909475 0.0183776 0.000385649
0.929907 0.0183796 9.86161e-05
0.950394 0.0183756 -0.000195386
0.970872 0.0183654 -0.000498904
0.99132 0.0183488 -0.000808346
1.01174 0.0183261 -0.00111363
1.03185 0.0182979 -0.00140324
1.05215 0.0182639 -0.00167678
1.07241 0.0182248 -0.00192599
1.09258 0.0181815 -0.00214528
1.11274 0.0181346 -0.0023315
1.13292 0.0180845 -0.00248086
1.15312 0.0180322 -0.00258831
1.1733 0.0179786 -0.00265486
1.19343 0.0179245 -0.00268838
1.2135 0.0178705 -0.00268984
1.23347 0.0178174 -0.00266015
1.25341 0.0177655 -0.00260168
1.27337 0.0177153 -0.00251845
1.29342 0.0176669 -0.00241453
1.3136 0.0176205 -0.00229692
1.33391 0.0175764 -0.00217376
1.35431 0.0175344 -0.00205541
1.37484 0.0174943 -0.00195296
1.39553 0.0174556 -0.00187134
1.41631 0.0174179 -0.00181426
1.43716 0.0173806 -0.00179123
1.45804 0.017343 -0.00180031
1.47893 0.0173045 -0.00184127
1.4998 0.0172647 -0.00190813
1.5206 0.0172232 -0.00199251
1.54131 0.0171801 -0.0020848
1.56191 0.0171352 -0.00217876
1.58238 0.0170888 -0.00226462
1.60269 0.0170415 -0.00233125
1.62284 0.0169937 -0.00236927
1.64279 0.0169463 -0.00237801
1.66256 0.0168997 -0.00235538
1.68222 0.0168546 -0.00229323
1.70183 0.0168118 -0.00218407
1.72132 0.0167722 -0.00203016
1.74075 0.0167365 -0.00183823
1.76014 0.0167052 -0.00161634
1.77956 0.0166785 -0.00137283
1.79901 0.0166567 -0.00112348
1.81855 0.0166393 -0.000889309
1.83824 0.0166258 -0.000686505
1.85815 0.0166154 -0.000521932
1.87817 0.0166074 -0.000398761
1.89826 0.016601 -0.000319904
1.91834 0.0165952 -0.000289105
1.93849 0.0165891 -0.000299797
1.95877 0.0165822 -0.000341837
1.97915 0.0165738 -0.000410775
1.99955 0.0165635 -0.000504917
2.02018 0.0165508 -0.000619451
2.04072 0.0165355 -0.000742771
2.06111 0.0165179 -0.000863913
2.08153 0.0164979 -0.000978274
2.10219 0.0164754 -0.0010882
2.12284 0.0164509 -0.00118779
2.14337 0.016425 -0.00126344
2.16374 0.0163983 -0.00130879
2.18392 0.0163718 -0.00131465
2.20389 0.0163462 -0.00128194
2.22367 0.0163222 -0.00121035
2.24328 0.0163008 -0.00109406
2.26274 0.0162826 -0.00093382
2.28208 0.0162683 -0.000737836
2.30131 0.0162584 -0.000517066
2.3203 0.016253 -0.000283579
2.33915 0.0162523 -3.68465e-05
2.35794 0.0162566 0.000229779
2.37674 0.0162663 0.000515813
2.3956 0.0162818 0.00082316
2.41452 0.0163037 0.00115411
2.43355 0.0163324 0.00151143
2.45269 0.0163687 0.00189494
2.47198 0.016413 0.00229401
2.49144 0.0164653 0.00269027
2.51109 0.0165255 0.00306525
2.53093 0.0165934 0.00342007
2.55087 0.0166682 0.00375366
2.57094 0.0167496 0.00405506
2.59116 0.0168369 0.00431543
2.61153 0.0169291 0.00452837
2.63159 0.0170233 0.00469336
2.65122 0.0171179 0.00482135
2.67056 0.017213 0.00491498
2.69013 0.0173103 0.00496943
2.70963 0.0174073 0.00497634
2.72899 0.017503 0.00494274
2.74808 0.0175961 0.00487815
2.76731 0.0176881 0.00478465
2.78619 0.0177762 0.00466487
2.80512 0.0178618 0.00452157
2.82457 0.0179465 0.004356
2.84477 0.0180307 0.00416953
2.86498 0.018111 0.00397393
2.88536 0.0181878 0.00376913
2.90541 0.0182593 0.00356176
2.92495 0.0183249 0.00335987
2.94388 0.0183849 0.00316883
2.96265 0.0184409 0.00298601
2.98162 0.0184942 0.00280643
3.00106 0.0185452 0.00262541
3.02048 0.0185927 0.00244759
3.0398 0.0186367 0.00227365
3.05902 0.0186771 0.00210126
3.0782 0.018714 0.00192608
3.09737 0.0187474 0.0017431
3.11658 0.0187771 0.00154648
3.13584 0.0188028 0.00133289
3.15521 0.0188241 0.00110034
3.17469 0.0188406 0.000847322
3.19429 0.0188519 0.000573543
3.21399 0.0188574 0.000280563
3.23379 0.0188569 -2.62443e-05
3.25368 0.0188501 -0.000341127
3.27369 0.018837 -0.00065485
3.29384 0.0188176 -0.000962405
3.31411 0.0187921 -0.00125788
3.33437 0.018761 -0.00153452
3.35461 0.0187248 -0.00178989
3.37478 0.0186839 -0.00202544
3.39488 0.0186388 -0.00224319
3.41487 0.01859 -0.00244314
3.43475 0.0185379 -0.00262118
3.45451 0.0184831 -0.00277346
3.47415 0.0184261 -0.00290057
3.49368 0.0183674 -0.00300712
3.51314 0.0183071 -0.00309683
3.53256 0.0182455 -0.0031715
3.55188 0.0181831 -0.00322981
3.57111 0.0181202 -0.00327338
3.59028 0.0180568 -0.00330637
3.60944 0.0179929 -0.00333594
3.62865 0.0179282 -0.00336775
3.64795 0.0178625 -0.00340557
3.66736 0.0177956 -0.00344766
3.68686 0.0177275 -0.00348989
3.70645 0.0176584 -0.00352817
3.72612 0.0175883 -0.00356176
3.7458 0.0175177 -0.00358941
3.76554 0.0174465 -0.0036027
3.78543 0.017375 -0.00359725
3.80534 0.0173038 -0.00357908
3.82527 0.0172332 -0.0035423
3.84514 0.0171639 -0.00348218
3.86504 0.0170964 -0.0033955
3.88523 0.0170303 -0.00327572
3.90583 0.0169661 -0.00311631
3.92658 0.0169055 -0.00291827
3.94733 0.0168497 -0.00268657
3.96782 0.0167998 -0.0024377
3.98805 0.0167556 -0.00218348
4.00814 0.0167168 -0.0019348
4.02793 0.016683 -0.00170566
4.0472 0.0166541 -0.00150276
4.0663 0.0166288 -0.00132403
4.08551 0.0166064 -0.00116446
4.10502 0.0165866 -0.00101673
4.12473 0.0165693 -0.000875462
4.14477 0.0165545 -0.000739492
4.16507 0.0165421 -0.000607773
4.18552 0.0165324 -0.000478331
4.20619 0.0165252 -0.000346578
4.22712 0.0165209 -0.000207273
4.24815 0.0165196 -6.05394e-05
4.26896 0.0165215 8.9946e-05
4.2893 0.0165264 0.000243985
4.30912 0.0165344 0.000400832
4.32852 0.0165452 0.000560926
4.34762 0.016559 0.000721926
4.36652 0.0165756 0.000877143
4.38528 0.0165948 0.00102015
4.40397 0.0166162 0.00114992
4.42264 0.0166399 0.00126761
4.44132 0.0166656 0.0013737
4.46006 0.016693 0.00146509
4.47892 0.016722 0.00153623
4.49794 0.0167522 0.00158506
4.51716 0.0167832 0.00161351
4.53661 0.0168149 0.00162991
4.55605 0.0168468 0.00164145
4.57572 0.0168792 0.00165047
4.59569 0.0169123 0.00165722
4.61566 0.0169456 0.00166527
4.63553 0.016979 0.00168321
4.65521 0.0170127 0.00171267
4.67465 0.0170467 0.00174769
4.6939 0.017081 0.00178062
4.71304 0.0171156 0.00180754
4.73213 0.0171505 0.00182706
4.75122 0.0171856 0.0018427
4.77033 0.0172212 0.00185825
4.78949 0.017257 0.00187265
4.80867 0.0172932 0.00188445
4.82788 0.0173296 0.00189516
4.84708 0.0173662 0.00190624
4.86623 0.0174029 0.00191667
4.88532 0.0174396 0.00192238
4.90432 0.017476 0.00191884
4.92321 0.017512 0.00190284
4.94202 0.0175472 0.00187294
4.96075 0.0175815 0.00183007
4.97942 0.0176147 0.0017793
4.99808 0.0176469 0.00172324
5.01674 0.0176779 0.0016619
5.03547 0.0177078 0.00159564
5.0543 0.0177365 0.00152477
5.07324 0.0177639 0.00144854
5.09232 0.0177899 0.00136264
5.11154 0.0178142 0.00126107
5.13092 0.0178363 0.00114321
5.15045 0.0178561 0.00101273
5.17012 0.0178733 0.000873325
5.18976 0.0178876 0.000730502
5.20956 0.0178992 0.000586743
5.22947 0.0179081 0.00044739
5.24938 0.0179144 0.000316443
5.26927 0.0179183 0.000194027
5.2891 0.0179198 7.71576e-05
5.30886 0.0179191 -3.77464e-05
5.32857 0.0179161 -0.000153484
5.34824 0.0179107 -0.000270341
5.3679 0.0179031 -0.000387941
5.38756 0.0178932 -0.000505641
5.40724 0.0178809 -0.000623495
5.42695 0.0178663 -0.000740873
5.44671 0.0178494 -0.000855337
5.46654 0.0178303 -0.000962648
5.48644 0.0178092 -0.00105999
5.50636 0.0177864 -0.00114607
5.52621 0.0177621 -0.00122188
5.54597 0.0177366 -0.00129005
5.56568 0.01771 -0.00135195
5.58542 0.0176822 -0.00140641
5.60521 0.0176535 -0.00145219
5.62505 0.0176239 -0.00148918
5.64492 0.0175938 -0.00151766
5.66476 0.0175633 -0.00153681
5.6846 0.0175326 -0.00154551
5.70456 0.0175019 -0.00154214
5.72466 0.0174712 -0.00152724
5.74482 0.0174408 -0.00150716
5.76473 0.0174111 -0.00148996
5.78458 0.0173817 -0.0014803
5.80405 0.0173529 -0.00148128
5.82321 0.0173244 -0.00148825
5.84223 0.0172959 -0.00149879
5.86137 0.017267 -0.00150934
5.88066 0.0172377 -0.001516
5.89974 0.0172089 -0.00151257
5.91884 0.0171803 -0.00149645
5.93811 0.0171521 -0.0014641
5.95758 0.0171246 -0.00141025
5.97719 0.0170985 -0.00133323
5.9969 0.0170741 -0.00123752
6.01672 0.0170517 -0.00112803
6.03664 0.0170316 -0.00101005
6.05667 0.0170139 -0.00088465
6.0768 0.0169988 -0.00075114
6.09692 0.0169864 -0.000614787
6.11654 0.0169768 -0.000486565
6.13542 0.0169698 -0.00037155
6.15392 0.0169648 -0.00027131
6.17244 0.0169613 -0.000187694
6.19124 0.016959 -0.000122042
6.21047 0.0169577 -6.75943e-05
6.22978 0.0169573 -2.45369e-05
6.24922 0.0169574 8.58858e-06
6.26886 0.0169581 3.16962e-05
6.28872 0.016959 4.79565e-05
6.30874 0.0169602 5.97137e-05
6.32884 0.0169616 7.01538e-05
6.3489 0.0169632 8.01238e-05
6.36883 0.016965 9.00441e-05
6.38865 0.016967 9.85155e-05
6.40843 0.016969 0.000104675
6.42823 0.0169713 0.000112883
6.44814 0.0169739 0.00013061
6.46821 0.0169772 0.000163563
6.48838 0.0169814 0.000210804
6.50836 0.0169868 0.000267713
6.52815 0.0169933 0.00032956
6.54777 0.017001 0.000394741
6.56724 0.01701 0.00046322
6.58657 0.0170204 0.000536048
6.60579 0.0170321 0.000610905
6.62492 0.0170452 0.0006828
6.64402 0.0170595 0.000747007
6.66311 0.0170748 0.000802629
6.6822 0.0170911 0.000854604
6.70132 0.0171084 0.000902492
6.72048 0.0171263 0.00093774
6.73975 0.0171447 0.000953932
6.75914 0.0171632 0.00095141
6.77869 0.0171815 0.000935408
6.79839 0.0171994 0.000910018
6.81816 0.0172168 0.000880066
6.83812 0.0172337 0.000849456
6.85796 0.01725 0.000818785
6.87783 0.0172656 0.000787808
6.8979 0.0172808 0.000757539
6.918 0.0172956 0.000733558
6.93804 0.01731 0.000717565
6.95802 0.017324 0.000701945
6.97795 0.0173376 0.000681277
6.99786 0.0173506 0.000656006
7.01779 0.0173631 0.000627903
7.03775 0.0173751 0.000597788
7.05775 0.0173864 0.000566741
7.07778 0.0173972 0.000536684
7.09767 0.0174073 0.000509616
7.1173 0.0174168 0.000484836
7.13694 0.0174259 0.000461799
7.15676 0.0174346 0.000439135
7.17654 0.0174428 0.000415286
7.19623 0.0174505 0.000389202
7.21583 0.0174575 0.000359849
7.23535 0.0174639 0.000324959
7.25482 0.0174694 0.000282727
7.27428 0.0174739 0.000232764
7.29376 0.0174773 0.000176211
7.31328 0.0174796 0.000115386
7.33285 0.0174806 5.20555e-05
7.35251 0.0174804 -1.20452e-05
7.37204 0.0174789 -7.46363e-05
7.39151 0.0174763 -0.000133801
7.4111 0.0174727 -0.000186104
7.43091 0.0174681 -0.000230895
7.45091 0.0174627 -0.000268984
7.47104 0.0174566 -0.000301398
7.49119 0.01745 -0.000329313
7.51133 0.0174428 -0.000355044
7.5314 0.0174352 -0.000379398
7.5514 0.0174272 -0.000402471
7.57133 0.0174187 -0.000426038
7.59122 0.0174097 -0.000450349
7.61108 0.0174003 -0.00047445
7.63094 0.0173904 -0.000497401
7.65081 0.0173801 -0.000518649
7.67069 0.0173694 -0.000537205
7.6906 0.0173585 -0.000552143
7.71053 0.0173472 -0.000563138
7.73045 0.0173359 -0.000570795
7.75033 0.0173244 -0.000575831
7.77016 0.0173129 -0.000578649
7.78989 0.0173015 -0.000579599
7.8095 0.0172901 -0.000579149
7.82898 0.0172789 -0.000577252
7.84834 0.0172678 -0.000573451
7.86761 0.0172569 -0.000567288
7.88682 0.0172461 -0.000558458
7.90601 0.0172356 -0.000546582
7.92523 0.0172254 -0.000531419
7.94451 0.0172155 -0.000513351
7.96387 0.017206 -0.00049302
7.98333 0.0171968 -0.000470496
8.00289 0.0171881 -0.000445231
8.02252 0.0171799 -0.000417323
8.04222 0.0171723 -0.000387291
8.06194 0.0171653 -0.000355679
8.08164 0.0171589 -0.00032224
8.10129 0.0171533 -0.000286534
8.12089 0.0171484 -0.000248344
8.14044 0.0171444 -0.000208354
8.15996 0.0171411 -0.000168366
8.17948 0.0171385 -0.000130155
8.19904 0.0171367 -9.49567e-05
8.21864 0.0171354 -6.38125e-05
8.23833 0.0171347 -3.72794e-05
8.25808 0.0171344 -1.52791e-05
8.27792 0.0171345 2.98625e-06
8.2978 0.0171348 1.86661e-05
8.31772 0.0171355 3.37429e-05
8.33762 0.0171365 5.02772e-05
8.35748 0.0171379 6.96045e-05
8.37727 0.0171397 9.18983e-05
8.39695 0.017142 0.000116589
8.41653 0.0171448 0.000142393
8.43601 0.0171481 0.000167956
8.45542 0.0171518 0.000192109
8.47477 0.0171559 0.000213437
8.49411 0.0171604 0.000231558
8.51345 0.0171652 0.000247159
8.53282 0.0171702 0.00026109
8.55224 0.0171756 0.000273954
8.57172 0.0171811 0.000286121
8.59127 0.0171869 0.000297507
8.61087 0.017193 0.000308182
8.63053 0.0171992 0.000318401
8.65021 0.0172057 0.00032855
8.66991 0.0172124 0.000338204
8.68959 0.0172192 0.000346402
8.70925 0.0172261 0.000351974
8.72886 0.0172331 0.000354157
8.74843 0.01724 0.000352648
8.76796 0.0172467 0.000347459
8.78746 0.0172533 0.000338621
8.80695 0.0172597 0.000326585
8.82645 0.0172658 0.00031236
8.84597 0.0172716 0.000297128
8.86554 0.0172771 0.000281962
8.88516 0.0172824 0.000267702
8.90483 0.0172874 0.000254755
8.92455 0.0172922 0.000243347
8.94431 0.0172968 0.000233935
8.96409 0.0173013 0.000225603
8.98387 0.0173056 0.000218104
9.00364 0.0173098 0.000211888
9.02337 0.0173138 0.000205845
9.04309 0.0173177 0.000198216
9.06278 0.0173214 0.000187927
9.08243 0.0173249 0.000174261
9.10202 0.0173279 0.000156402
9.12156 0.0173306 0.000135397
9.14104 0.0173328 0.000112229
9.16046 0.0173345 8.7624e-05
9.17987 0.0173357 6.20742e-05
9.19926 0.0173364 3.63977e-05
9.21867 0.0173366 1.14541e-05
9.23812 0.0173364 -1.22458e-05
9.25763 0.0173357 -3.42793e-05
9.27721 0.0173346 -5.45742e-05
9.29688 0.0173332 -7.32825e-05
9.31664 0.0173314 -9.07117e-05
9.33645 0.0173293 -0.000107125
9.35623 0.0173268 -0.000122963
9.376 0.0173241 -0.000138579
9.39576 0.0173211 -0.000153791
9.41554 0.0173177 -0.000168401
9.43535 0.0173141 -0.000182288
9.4552 0.0173102 -0.000195002
9.47509 0.0173061 -0.000205908
9.49503 0.0173019 -0.000214476
9.51499 0.0172975 -0.000220477
9.53497 0.017293 -0.000224225
9.55493 0.0172885 -0.000225645
9.57485 0.017284 -0.000224725
9.59472 0.0172796 -0.000221715
9.61451 0.0172753 -0.000217007
9.63422 0.0172711 -0.000211093
9.65386 0.0172671 -0.000204644
9.67345 0.0172632 -0.000198591
9.69302 0.0172595 -0.00019352
9.71259 0.0172557 -0.000190015
9.73221 0.017252 -0.000188623
9.75191 0.0172483 -0.000189231
9.77171 0.0172445 -0.000191211
9.79162 0.0172407 -0.000193973
9.81145 0.0172367 -0.000197011
9.83125 0.0172328 -0.000198348
9.85108 0.0172289 -0.000197267
9.87099 0.017225 -0.000194667
