t x vx
0.01 0.0165035 0.000352715
0.02 0.0165187 0.00151845
0.0275367 0.0165371 0.00243716
0.0355235 0.0165645 0.00343741
0.0435865 0.0166007 0.00448707
0.0518027 0.0166467 0.00559398
0.0600532 0.0167023 0.00673817
0.0682842 0.0167672 0.00788361
0.076479 0.016841 0.00900493
0.08464 0.0169225 0.00999591
0.0927812 0.0170107 0.010833
0.10093 0.0171041 0.0114643
0.108824 0.0171974 0.0118137
0.116694 0.0172905 0.0118266
0.124286 0.0173798 0.0117688
0.131848 0.017468 0.0116549
0.139371 0.0175529 0.0112912
0.146395 0.017629 0.0108325
0.153247 0.0176989 0.0102023
0.16089 0.0177706 0.0093778
0.16803 0.0178333 0.00878153
0.175685 0.0178963 0.00823992
0.183807 0.0179576 0.00754523
0.191895 0.0180126 0.00679945
0.199995 0.0180617 0.00605417
0.208104 0.018104 0.00521737
0.216163 0.0181389 0.00433892
0.224099 0.0181669 0.00352133
0.231771 0.0181885 0.00282305
0.239449 0.0182054 0.00219345
0.247215 0.0182179 0.0016093
0.255189 0.0182261 0.00102979
0.263211 0.0182296 0.000437602
0.271298 0.0182285 -0.000138223
0.27937 0.0182228 -0.000709657
0.287428 0.018212 -0.00132944
0.295474 0.0181957 -0.00203644
0.30352 0.0181727 -0.00285148
0.311573 0.0181423 -0.0037741
0.319637 0.0181037 -0.00478517
0.327652 0.0180572 -0.00580991
0.335535 0.0180038 -0.0067661
0.34334 0.017944 -0.00766899
0.35106 0.0178782 -0.00852483
0.358549 0.0178083 -0.0093242
0.36582 0.0177353 -0.0100401
0.373705 0.0176514 -0.0106507
0.381528 0.017565 -0.0110385
0.389462 0.0174761 -0.0112035
0.397356 0.0173881 -0.0111438
0.405235 0.0173021 -0.0109146
0.413093 0.0172196 -0.0105051
0.420946 0.0171415 -0.00994791
0.428807 0.0170684 -0.00930134
0.43655 0.0170016 -0.00862034
0.44429 0.01694 -0.00796456
0.452028 0.0168831 -0.00734966
0.459628 0.0168317 -0.00675812
0.466886 0.0167868 -0.00619272
0.47404 0.0167465 -0.00563432
0.481336 0.0167095 -0.00507022
0.488686 0.0166761 -0.00454762
0.496 0.0166462 -0.0040796
0.503374 0.0166194 -0.00363825
0.510985 0.0165942 -0.00330927
0.518769 0.01657 -0.0031112
0.526416 0.0165468 -0.00302909
0.534128 0.0165233 -0.00304795
0.541997 0.0164984 -0.00316472
0.550021 0.0164712 -0.00339017
0.557996 0.0164415 -0.00372033
0.565916 0.0164088 -0.0041295
0.573881 0.0163725 -0.00456753
0.581724 0.0163333 -0.00499544
0.589657 0.0162912 -0.0053082
0.597337 0.0162492 -0.00546819
0.604919 0.0162073 -0.00551589
0.61251 0.0161659 -0.00545465
0.619984 0.0161267 -0.0052515
0.627514 0.0160895 -0.00493524
0.635269 0.0160543 -0.00454011
0.643092 0.0160223 -0.00409692
0.650845 0.0159938 -0.00367798
0.658517 0.0159688 -0.00325926
0.666094 0.0159468 -0.0029029
0.67358 0.0159274 -0.00257926
0.681039 0.0159108 -0.00223334
0.688661 0.0158968 -0.00183221
0.696117 0.0158861 -0.00143318
0.70375 0.0158783 -0.00102174
0.711311 0.0158738 -0.000595449
0.71873 0.0158723 -0.000207576
0.726357 0.0158737 0.000186519
0.734011 0.0158781 0.00056853
0.741771 0.0158847 0.000857653
0.749824 0.0158935 0.00108899
0.758031 0.0159039 0.00126181
0.766226 0.015914 0.00124364
0.774337 0.0159226 0.00105071
0.78241 0.0159275 0.000614772
0.790493 0.0159272 -3.53269e-05
0.798356 0.015921 -0.000798831
0.806075 0.0159086 -0.00159561
0.813568 0.0158907 -0.00239451
0.820867 0.0158673 -0.00321234
0.828106 0.0158381 -0.00402932
0.835293 0.0158038 -0.00477403
0.842409 0.0157654 -0.00538698
0.849622 0.0157233 -0.00583813
0.856742 0.0156798 -0.00611698
0.863923 0.0156352 -0.0062046
0.871253 0.0155907 -0.00607438
0.878728 0.015548 -0.00571285
0.886315 0.0155089 -0.00515006
0.893755 0.0154757 -0.00446578
0.901106 0.0154487 -0.00367801
0.908414 0.0154285 -0.00276303
0.915685 0.0154157 -0.00175608
0.922916 0.0154108 -0.000676203
0.930099 0.0154136 0.00038675
0.937188 0.0154234 0.00137885
0.944184 0.0154394 0.00228705
0.951137 0.0154607 0.00306667
0.958109 0.0154863 0.00368096
0.965175 0.0155152 0.00408571
0.972371 0.015546 0.00427132
0.97972 0.0155768 0.00420184
0.987002 0.0156051 0.00388238
0.994594 0.0156308 0.00337792
1.00216 0.0156514 0.00272609
1.00961 0.0156655 0.00190026
1.01689 0.0156735 0.00109069
1.02395 0.0156757 0.000313336
1.0308 0.0156722 -0.000506384
1.03749 0.0156638 -0.00125888
1.04409 0.0156509 -0.00195413
1.05068 0.0156342 -0.00253276
1.05734 0.0156146 -0.00293966
1.06408 0.0155936 -0.00312093
1.07084 0.0155732 -0.00300958
1.07765 0.015555 -0.00268451
1.08433 0.01554 -0.00224031
1.09098 0.0155285 -0.00172314
1.09765 0.015521 -0.00112789
1.10442 0.0155179 -0.000464091
1.11138 0.0155202 0.000333749
1.11823 0.0155277 0.00109225
1.12485 0.0155388 0.00167263
1.13118 0.0155521 0.00211388
1.13746 0.0155677 0.00248181
1.14382 0.0155855 0.00279165
1.15018 0.0156048 0.00302789
1.15666 0.0156254 0.00318182
1.16328 0.0156468 0.00322937
1.17008 0.0156681 0.00314671
1.17709 0.0156885 0.00290083
1.18433 0.0157064 0.00247529
1.19183 0.0157204 0.00186211
1.19917 0.0157288 0.00115136
1.20645 0.0157313 0.000345534
1.21386 0.0157276 -0.000502595
1.22095 0.0157173 -0.00145022
1.22835 0.0156987 -0.00252016
1.23574 0.0156727 -0.00351371
1.24305 0.0156404 -0.00442318
1.25034 0.0156023 -0.00523197
1.25747 0.0155596 -0.00597549
1.26451 0.0155132 -0.00658978
1.27161 0.0154633 -0.00702752
1.27893 0.0154104 -0.00724395
1.28648 0.0153559 -0.00721356
1.29404 0.0153035 -0.00692222
1.30151 0.0152554 -0.00643564
1.30886 0.0152132 -0.00575473
1.31592 0.0151779 -0.00499292
1.32294 0.0151487 -0.004154
1.33014 0.0151257 -0.00320191
1.33703 0.0151101 -0.0022698
1.34406 0.0151011 -0.00126608
1.35101 0.0150993 -0.000266562
1.35757 0.0151034 0.000623289
1.36435 0.0151133 0.00146123
1.3715 0.0151295 0.00227242
1.37881 0.0151514 0.00299347
1.38631 0.0151787 0.00363638
1.39394 0.015211 0.00423132
1.40158 0.0152469 0.0047029
1.40908 0.0152844 0.00500552
1.41649 0.0153222 0.00510026
1.42387 0.015359 0.00497929
1.4314 0.0153948 0.0047494
1.43893 0.0154276 0.00436993
1.44632 0.0154561 0.00385177
1.45373 0.01548 0.00321798
1.46127 0.0154992 0.00254721
1.46862 0.0155132 0.00190477
1.47574 0.0155222 0.00126768
1.48269 0.0155266 0.000636717
1.4896 0.0155267 1.37181e-05
1.49647 0.0155225 -0.000620317
1.50327 0.0155146 -0.00115489
1.51012 0.0155042 -0.00151747
1.51708 0.015492 -0.00175011
1.52418 0.0154788 -0.0018572
1.53158 0.0154651 -0.00185522
1.53913 0.0154522 -0.00171192
1.54689 0.0154412 -0.00142219
1.55451 0.0154328 -0.00109348
1.56211 0.0154272 -0.000743832
1.56926 0.0154239 -0.00045506
1.57635 0.015423 -0.000122459
1.58362 0.0154247 0.000224469
1.59094 0.0154286 0.000540897
1.5982 0.0154348 0.000855394
1.60551 0.0154432 0.0011428
1.61284 0.0154528 0.00130723
1.62033 0.015463 0.00136139
1.62809 0.0154733 0.0013356
1.63596 0.0154836 0.00130462
1.6439 0.0154936 0.00126098
1.65129 0.0155028 0.00123575
1.6586 0.0155116 0.00120562
1.66598 0.0155203 0.00118036
1.67341 0.015529 0.00117669
1.68083 0.015538 0.00121318
1.6883 0.0155476 0.0012824
1.69569 0.0155568 0.0012426
1.70304 0.0155646 0.00106507
1.71044 0.0155709 0.000847704
1.71789 0.0155758 0.000656539
1.72543 0.0155791 0.000441179
1.733 0.015581 0.000255735
1.74071 0.0155823 0.000164067
1.74857 0.0155832 0.000114335
1.7564 0.0155835 3.86354e-05
1.76425 0.015583 -6.87399e-05
1.77217 0.0155813 -0.00020614
1.78009 0.0155787 -0.000325823
1.78799 0.0155758 -0.000370479
1.79581 0.0155723 -0.000451996
1.80367 0.0155687 -0.000454417
1.81155 0.0155661 -0.000326841
1.81939 0.0155649 -0.000157422
1.82701 0.0155651 3.13612e-05
1.83439 0.0155671 0.000264536
1.84158 0.0155703 0.000440758
1.8487 0.0155744 0.000578252
1.85585 0.0155793 0.000688055
1.86309 0.0155846 0.000728019
1.87037 0.0155904 0.000803314
1.87788 0.0155971 0.000883323
1.88548 0.0156044 0.000961321
1.89315 0.0156125 0.00106097
1.90077 0.0156209 0.00110315
1.90837 0.0156286 0.00100713
1.91577 0.0156342 0.00076757
1.92319 0.0156374 0.000423642
1.93072 0.0156379 6.66112e-05
1.93839 0.0156357 -0.000280094
1.94604 0.0156307 -0.000661767
1.95366 0.0156233 -0.000968578
1.96127 0.0156145 -0.00115103
1.9689 0.0156048 -0.00126908
1.97658 0.0155948 -0.00130455
1.98418 0.0155847 -0.00132711
1.99154 0.0155747 -0.00136436
1.99875 0.0155652 -0.00131198
2.00587 0.015557 -0.00115818
2.01296 0.0155501 -0.000969289
2.0201 0.0155447 -0.000758638
2.02736 0.0155413 -0.000473309
2.03478 0.0155405 -0.000109708
2.04228 0.0155429 0.00032981
2.04978 0.0155489 0.000789173
2.05723 0.0155575 0.00115917
2.06467 0.015568 0.00141766
2.07211 0.0155799 0.00159329
2.07956 0.015592 0.00162573
2.08689 0.0156035 0.00156634
2.09442 0.0156144 0.00145529
2.10211 0.0156246 0.00132462
2.1099 0.0156338 0.00118146
2.11753 0.0156413 0.000982386
2.12496 0.0156462 0.000653723
2.13233 0.015648 0.000241465
2.13972 0.0156464 -0.000205269
2.14713 0.0156417 -0.000645688
2.15447 0.0156339 -0.00105412
2.16184 0.0156236 -0.00140367
2.16917 0.0156116 -0.00163504
2.17653 0.0155987 -0.00175862
2.18388 0.015586 -0.00172166
2.1912 0.0155742 -0.00161114
2.19853 0.0155632 -0.00149863
2.20599 0.0155533 -0.00132414
2.21353 0.0155451 -0.00109444
2.22065 0.0155389 -0.000867466
2.22796 0.0155341 -0.000657507
2.23525 0.0155309 -0.000440896
2.24259 0.0155294 -0.000201472
2.24979 0.0155297 3.33105e-05
2.25661 0.0155307 0.000148066
2.26327 0.0155318 0.000168457
2.27004 0.0155325 0.000105322
2.27707 0.0155324 -7.28757e-06
2.28442 0.0155318 -9.2407e-05
2.29227 0.0155307 -0.000137856
2.30021 0.0155294 -0.000160522
2.30795 0.0155282 -0.000160945
2.31535 0.0155274 -0.000106137
2.32279 0.0155271 -3.84335e-05
2.33001 0.0155274 3.77779e-05
2.33712 0.0155275 2.54408e-05
2.34418 0.0155279 4.75231e-05
2.35129 0.0155285 9.32475e-05
2.35851 0.0155295 0.00013719
2.3659 0.0155313 0.000233772
2.37347 0.0155338 0.000330539
2.38112 0.0155369 0.000411529
2.38864 0.0155406 0.000494831
2.39616 0.0155444 0.000500733
2.4038 0.0155472 0.000363657
2.4115 0.0155484 0.000160802
2.41929 0.0155481 -3.66422e-05
2.42691 0.0155475 -8.15012e-05
2.43456 0.0155472 -4.67877e-05
2.4421 0.0155472 2.44336e-06
2.44963 0.0155478 8.83155e-05
2.4571 0.0155497 0.000250963
2.46452 0.0155534 0.00049453
2.47207 0.0155597 0.000839806
2.47982 0.0155694 0.00124829
2.48738 0.0155812 0.0015641
2.49455 0.015594 0.00178454
2.50186 0.0156078 0.00189002
2.50926 0.0156217 0.00187584
2.51681 0.0156352 0.0017924
2.52444 0.0156477 0.00163466
2.53222 0.0156583 0.00135943
2.53976 0.0156659 0.00101011
2.54741 0.0156703 0.000580846
2.555 0.0156707 4.07673e-05
2.56241 0.0156669 -0.000504213
2.56968 0.0156589 -0.00109717
2.57691 0.0156466 -0.00170921
2.58419 0.01563 -0.00228309
2.59148 0.0156097 -0.00277765
2.59863 0.0155876 -0.00309115
2.60562 0.0155651 -0.00321932
2.61263 0.015543 -0.00315428
2.61982 0.0155219 -0.00293402
2.62729 0.0155027 -0.00257463
2.63472 0.0154867 -0.00215393
2.64168 0.0154745 -0.00174195
2.64882 0.0154656 -0.00125462
2.65593 0.0154609 -0.000657644
2.66314 0.0154607 -2.32098e-05
2.67 0.0154649 0.000612149
2.67689 0.0154731 0.00118016
2.68406 0.0154846 0.00160553
2.69193 0.0154993 0.00186538
2.69998 0.015515 0.00195102
2.70795 0.0155303 0.00192064
2.71572 0.0155448 0.00186572
2.72333 0.015558 0.00173736
2.73076 0.0155698 0.00158712
2.73831 0.0155806 0.00143148
2.74604 0.015591 0.00134295
2.75386 0.0156011 0.00129454
2.76132 0.0156102 0.00122472
2.76847 0.015618 0.00108739
2.77566 0.015624 0.000838117
2.78336 0.015628 0.000509956
2.79124 0.0156288 0.00011196
2.79903 0.0156274 -0.000190499
2.80675 0.0156241 -0.000420869
2.81449 0.01562 -0.000533718
2.82228 0.0156154 -0.000582087
2.83013 0.0156109 -0.000572523
2.83803 0.015607 -0.000503447
2.84586 0.0156035 -0.000445394
2.85365 0.0156008 -0.000340886
2.86118 0.0155995 -0.000172589
2.86869 0.0155996 7.28203e-06
2.87601 0.0156008 0.000168648
2.88335 0.0156034 0.000347113
2.89053 0.015607 0.000505621
2.89765 0.015611 0.000568714
2.90495 0.0156148 0.000516819
2.91258 0.0156178 0.000384308
2.92058 0.0156198 0.000253628
2.92855 0.0156211 0.000165913
2.93655 0.015622 0.000106724
2.94448 0.0156226 8.40137e-05
2.95238 0.0156238 0.000143038
2.95992 0.0156252 0.000193537
2.96754 0.0156272 0.000261281
2.97547 0.01563 0.000354264
2.98335 0.0156336 0.000452538
2.99116 0.0156384 0.000619096
2.99895 0.0156447 0.000810226
3.00654 0.0156523 0.000995834
3.01393 0.0156609 0.00116019
3.02137 0.0156708 0.00133356
3.02865 0.0156818 0.00150881
3.03578 0.0156931 0.00158684
3.04303 0.0157043 0.00154109
3.05062 0.015715 0.00141082
3.05818 0.0157242 0.00121957
3.06571 0.0157317 0.000992
3.07346 0.015738 0.000817481
3.08131 0.0157429 0.000622005
3.08917 0.015746 0.000402336
3.09702 0.0157479 0.000236421
3.10483 0.0157489 0.000126076
3.11255 0.0157493 5.12196e-05
3.12016 0.0157493 6.73637e-07
3.12751 0.0157484 -0.00011699
3.13475 0.0157467 -0.000241522
3.14198 0.0157446 -0.000290169
3.14926 0.0157422 -0.000330453
3.15674 0.01574 -0.000287626
3.16426 0.0157389 -0.000149385
3.17172 0.0157394 6.47517e-05
3.17917 0.0157417 0.000314776
3.18671 0.015746 0.000562174
3.19438 0.0157513 0.000703632
3.2021 0.0157574 0.000786817
3.20989 0.015764 0.000844291
3.21769 0.0157705 0.000827743
3.22556 0.0157766 0.000780478
3.23346 0.015783 0.000813985
3.24128 0.0157899 0.000884658
3.24901 0.0157973 0.000946652
3.25667 0.0158046 0.000960178
3.2641 0.015811 0.000858612
3.27164 0.0158161 0.000681609
3.27928 0.0158201 0.000516394
3.28696 0.0158232 0.000410487
3.29472 0.0158253 0.00027185
3.30247 0.0158269 0.000198131
3.31024 0.0158282 0.000165212
3.31806 0.0158295 0.000174922
3.32579 0.0158311 0.00020081
3.33342 0.0158327 0.000206531
3.34096 0.0158338 0.000152058
3.34849 0.0158347 0.00011265
3.356 0.0158354 9.93944e-05
3.3636 0.0158362 0.000101644
3.37117 0.0158373 0.000143362
3.37875 0.0158389 0.00021089
3.38638 0.015841 0.000283068
3.39407 0.0158437 0.000354676
3.40181 0.0158467 0.000385783
3.40954 0.0158495 0.000358051
3.41715 0.015852 0.000326516
3.42479 0.0158541 0.000272444
3.43249 0.0158558 0.000219721
3.44021 0.0158575 0.000228588
3.44803 0.0158596 0.000266338
3.45589 0.0158618 0.000283874
3.46376 0.0158639 0.000260224
3.47163 0.0158653 0.000177833
3.4793 0.0158661 0.000102649
3.48693 0.0158671 0.000136556
3.49469 0.0158685 0.00017558
3.50248 0.0158704 0.000244192
3.51022 0.0158731 0.000347958
3.51793 0.0158764 0.000437339
3.52575 0.0158805 0.000522764
3.53353 0.0158855 0.000639742
3.54123 0.0158913 0.000746037
3.54895 0.0158979 0.000867889
3.55661 0.0159059 0.00103674
3.56425 0.0159151 0.00119876
3.57207 0.0159256 0.0013521
3.58002 0.0159378 0.00153252
3.58795 0.0159512 0.00169229
3.59576 0.0159652 0.00178911
3.60342 0.0159789 0.00178238
3.61106 0.0159914 0.00163987
3.61881 0.0160022 0.00139643
3.62663 0.0160109 0.00110831
3.63442 0.0160175 0.0008511
3.64214 0.0160224 0.000628162
3.64982 0.0160255 0.000409575
3.65755 0.0160267 0.000154686
3.6654 0.0160256 -0.000136957
3.67334 0.0160218 -0.000481924
3.68133 0.0160157 -0.000768863
3.68932 0.0160076 -0.00100862
3.69727 0.0159982 -0.00118024
3.70497 0.0159883 -0.00128593
3.71281 0.015978 -0.00131256
3.72063 0.0159677 -0.00132194
3.72827 0.0159571 -0.00137851
3.73582 0.0159458 -0.00151035
3.74342 0.0159332 -0.00164695
3.75117 0.0159203 -0.00167112
3.75911 0.0159078 -0.00156997
