t x vx
0.01 0.0164998 -1.899e-05
0.02 0.0165012 0.000138642
0.0276939 0.0165031 0.000251979
0.0359144 0.0165062 0.000370104
0.0443335 0.0165103 0.000486217
0.0529214 0.0165156 0.000616868
0.0615879 0.0165225 0.000794883
0.0702745 0.0165311 0.000989329
0.0789235 0.0165408 0.00113097
0.0875459 0.0165517 0.00126116
0.0958977 0.0165632 0.00138182
0.104368 0.0165754 0.00143325
0.112373 0.0165887 0.00166332
0.120249 0.0166034 0.0018625
0.128235 0.0166194 0.00200183
0.136326 0.016638 0.00230213
0.144125 0.0166582 0.00258744
0.152066 0.0166804 0.00279397
0.160117 0.0167064 0.00323934
0.168524 0.0167383 0.00379296
0.176913 0.0167737 0.0042128
0.185267 0.0168127 0.00467695
0.193584 0.0168559 0.00518693
0.201885 0.0169035 0.00574192
0.210173 0.0169558 0.00630294
0.218315 0.0170108 0.00675549
0.226336 0.017067 0.0070117
0.2342 0.0171229 0.00710245
0.241958 0.0171778 0.00708204
0.249584 0.017231 0.00697451
0.25738 0.0172835 0.00672905
0.265101 0.0173325 0.00634959
0.272965 0.0173786 0.00586817
0.280833 0.0174207 0.005345
0.288756 0.0174584 0.00475783
0.296594 0.0174907 0.00412879
0.304402 0.0175177 0.00345687
0.31224 0.017539 0.00271474
0.320023 0.017554 0.00192136
0.327819 0.0175627 0.00112153
0.335717 0.0175656 0.000367396
0.343671 0.0175632 -0.00030058
0.351551 0.0175566 -0.000843152
0.359278 0.0175471 -0.00123284
0.366961 0.0175358 -0.00147031
0.374644 0.0175237 -0.00156913
0.38247 0.0175117 -0.00153899
0.390396 0.0175007 -0.00138219
0.398321 0.017492 -0.00110099
0.406219 0.0174865 -0.0006934
0.414065 0.0174851 -0.000172857
0.421929 0.0174886 0.000442619
0.42987 0.0174977 0.00114202
0.437759 0.0175127 0.001898
0.445576 0.0175336 0.00268371
0.453375 0.0175605 0.00344899
0.461131 0.0175929 0.00417133
0.468783 0.0176301 0.004861
0.476301 0.0176716 0.00551867
0.483689 0.0177168 0.00611742
0.491007 0.0177655 0.006657
0.498329 0.0178177 0.0071248
0.505729 0.0178733 0.00752083
0.51319 0.017932 0.0078634
0.520711 0.0179933 0.00814967
0.528304 0.0180568 0.00836183
0.535948 0.0181215 0.00846618
0.543385 0.0181844 0.00845376
0.55073 0.0182457 0.00835311
0.558125 0.0183062 0.00817953
0.565355 0.0183634 0.00791495
0.57269 0.0184186 0.00752827
0.580299 0.0184721 0.00702798
0.588096 0.0185225 0.00646584
0.596033 0.0185693 0.00588662
0.603824 0.0186108 0.00532982
0.611571 0.0186475 0.00473916
0.619043 0.0186779 0.00407241
0.626081 0.0187018 0.00338972
0.633156 0.0187204 0.00263831
0.640358 0.0187337 0.00184426
0.647462 0.0187416 0.0011131
0.654733 0.0187447 0.000416874
0.662037 0.018743 -0.000226225
0.669374 0.018737 -0.000820146
0.676799 0.0187271 -0.00132696
0.684244 0.0187142 -0.00173327
0.691818 0.0186991 -0.00199717
0.69933 0.0186836 -0.00206552
0.706582 0.0186694 -0.00195909
0.714103 0.0186563 -0.00173404
0.721938 0.0186456 -0.00137518
0.729749 0.0186382 -0.00094133
0.737573 0.0186347 -0.000445989
0.745317 0.0186354 9.1281e-05
0.752958 0.0186403 0.000641699
0.760466 0.0186495 0.00121582
0.767885 0.0186628 0.00179282
0.775253 0.0186802 0.00237021
0.782585 0.0187016 0.00291369
0.789886 0.0187264 0.00339979
0.797108 0.0187541 0.00382671
0.804421 0.0187845 0.00416195
0.811697 0.0188164 0.00438013
0.818988 0.0188487 0.00442985
0.826321 0.0188803 0.00431747
0.833751 0.0189104 0.00404557
0.841304 0.018938 0.00365703
0.84899 0.0189627 0.00320997
0.856768 0.0189838 0.00271711
0.864418 0.0190011 0.00225798
0.872046 0.019015 0.00182436
0.879261 0.0190254 0.00144334
0.88623 0.0190329 0.00106892
0.893095 0.0190381 0.00076609
0.900487 0.0190422 0.000557659
0.90834 0.0190455 0.000420694
0.916177 0.019048 0.000306905
0.923859 0.0190495 0.000197063
0.931475 0.0190507 0.0001608
0.938912 0.0190517 0.00013205
0.946222 0.019053 0.0001775
0.953443 0.019055 0.000282342
0.960643 0.0190583 0.000459074
0.967866 0.0190629 0.000640471
0.975061 0.0190687 0.000799555
0.98231 0.0190756 0.000953207
0.989605 0.0190835 0.00108805
0.99697 0.0190923 0.00118672
1.00441 0.0191014 0.00121991
1.01194 0.0191102 0.00117779
1.01946 0.0191187 0.00113207
1.02698 0.0191264 0.00102494
1.03455 0.0191333 0.000898914
1.04227 0.0191391 0.000754091
1.04988 0.0191437 0.000611634
1.05721 0.0191469 0.000426319
1.06426 0.0191485 0.000228561
1.07147 0.0191489 5.42366e-05
1.07882 0.019148 -0.00012162
1.08619 0.0191455 -0.000329754
1.09355 0.0191417 -0.000518309
1.101 0.0191362 -0.000741622
1.1086 0.0191288 -0.000974769
1.11639 0.0191196 -0.00117691
1.12414 0.0191092 -0.00134156
1.1315 0.0190989 -0.00140015
1.13854 0.0190893 -0.0013704
1.14558 0.0190802 -0.00129223
1.15307 0.0190716 -0.0011388
1.16007 0.019065 -0.00094319
1.16684 0.01906 -0.000736328
1.17344 0.0190568 -0.000484648
1.17998 0.0190555 -0.000202549
1.1865 0.019056 7.03147e-05
1.19306 0.0190585 0.000379359
1.19975 0.0190632 0.000712877
1.20659 0.0190707 0.00109495
1.21335 0.0190808 0.00149566
1.22018 0.0190936 0.00186311
1.22717 0.0191093 0.00224894
1.23433 0.0191283 0.00264814
1.24163 0.0191503 0.00302028
1.24939 0.019176 0.00331174
1.2571 0.0192028 0.00347363
1.26482 0.0192299 0.00351478
1.27259 0.0192566 0.00343634
1.28016 0.0192816 0.00330057
1.28754 0.0193046 0.00312184
1.29491 0.0193258 0.00287077
1.30236 0.0193446 0.00252277
1.30978 0.0193606 0.0021567
1.31696 0.0193736 0.00181631
1.32394 0.0193844 0.00153545
1.3309 0.0193933 0.00129014
1.33782 0.0194007 0.00106152
1.34503 0.0194066 0.000823052
1.35242 0.0194107 0.000550413
1.3599 0.0194127 0.000266171
1.36745 0.0194127 2.97765e-06
1.37508 0.0194109 -0.000233957
1.3828 0.0194073 -0.000460918
1.39059 0.019402 -0.000689211
1.39842 0.0193947 -0.000936372
1.40622 0.0193862 -0.00108959
1.41397 0.019377 -0.00117655
1.42166 0.0193675 -0.00123522
1.42933 0.0193579 -0.00125419
1.4369 0.0193487 -0.00121663
1.44437 0.0193404 -0.00111228
1.45172 0.0193334 -0.000953439
1.45901 0.0193284 -0.00068829
1.46613 0.0193262 -0.00029751
1.47315 0.0193277 0.000201304
1.48016 0.0193335 0.000830776
1.48712 0.0193445 0.00158044
1.49398 0.0193611 0.00241334
1.50087 0.0193834 0.00324709
1.50794 0.0194122 0.00407616
1.51504 0.019447 0.00489877
1.52171 0.0194848 0.00566679
1.52838 0.0195275 0.00639207
1.53109 0.0195454 0.00664028
1.5337 0.0195634 0.00686786
1.53623 0.0195812 0.00705336
1.53869 0.019599 0.00722075
1.54112 0.0196169 0.00735059
1.54355 0.019635 0.00749363
1.54598 0.0196536 0.00763038
1.54845 0.0196727 0.00776681
1.5509 0.0196921 0.00788982
1.5532 0.0197105 0.0079976
1.5554 0.0197283 0.00811522
1.55754 0.019746 0.00824823
1.55965 0.0197637 0.00838824
1.56178 0.0197818 0.00853001
1.56394 0.0198006 0.00867472
1.56619 0.0198205 0.00883935
1.56837 0.0198401 0.00901234
1.57049 0.0198596 0.00918482
1.57257 0.0198791 0.00936071
1.57461 0.0198986 0.00953774
1.57664 0.0199183 0.00971364
1.57866 0.0199382 0.0098809
1.58068 0.0199585 0.010037
1.5827 0.0199791 0.0101893
1.58474 0.0200002 0.0103443
1.5868 0.0200218 0.0104986
1.58887 0.0200438 0.0106474
1.59092 0.0200659 0.01077
1.59282 0.0200866 0.0108583
1.59463 0.0201063 0.0109317
1.59637 0.0201255 0.011
1.59807 0.0201444 0.0110676
1.59976 0.0201632 0.0111346
1.60146 0.0201821 0.0112038
1.60317 0.0202015 0.011275
1.60493 0.0202214 0.0113443
1.60676 0.0202423 0.0114041
1.60862 0.0202636 0.0114587
1.61049 0.0202851 0.0114934
1.61239 0.020307 0.0115584
1.61432 0.0203294 0.0116098
1.61622 0.0203516 0.0116507
1.61809 0.0203734 0.0116607
1.61995 0.0203952 0.0116877
1.62183 0.020417 0.0116647
1.62373 0.0204391 0.0116284
1.62568 0.0204618 0.0115724
1.62765 0.0204844 0.0115251
1.62964 0.0205072 0.0114352
1.63165 0.02053 0.0113504
1.6337 0.0205531 0.0112639
1.63579 0.0205764 0.0111713
1.63794 0.0206002 0.0110661
1.64015 0.0206245 0.0109442
1.64245 0.0206493 0.0107972
1.64484 0.0206746 0.0106098
1.64732 0.0207003 0.0103552
1.64985 0.0207257 0.0100535
1.65224 0.020749 0.00976395
1.65451 0.0207705 0.0094837
1.6567 0.0207907 0.0092028
1.65886 0.02081 0.00891798
1.661 0.0208285 0.00863144
1.66317 0.0208466 0.00834501
1.66538 0.0208644 0.00805838
1.66766 0.0208821 0.00776133
1.67004 0.0208998 0.00743955
1.67255 0.0209175 0.00707419
1.67512 0.0209347 0.00667763
1.6777 0.0209508 0.0062587
1.68028 0.0209659 0.0058312
1.68287 0.0209799 0.00540869
1.68547 0.0209929 0.00499419
1.68807 0.0210048 0.00457989
1.69068 0.0210157 0.0041665
1.69321 0.0210252 0.00377858
1.69562 0.0210335 0.00342405
1.69796 0.0210407 0.00308912
1.70023 0.021047 0.00276737
1.70247 0.0210525 0.00245039
1.7047 0.0210573 0.00214161
1.70689 0.0210613 0.00184936
1.70902 0.0210647 0.00158062
1.71109 0.0210675 0.00133816
1.71312 0.0210697 0.00112332
1.71511 0.0210716 0.000935282
1.71706 0.0210731 0.000770871
1.71899 0.0210743 0.000628009
1.72089 0.0210753 0.000502206
1.72276 0.021076 0.000387889
1.72461 0.0210765 0.000280145
1.72641 0.0210768 0.000178431
1.72815 0.021077 8.50086e-05
1.72984 0.021077 1.50918e-06
1.73149 0.0210769 -7.63763e-05
1.73311 0.0210766 -0.000151669
1.7347 0.0210762 -0.000223945
1.73629 0.0210758 -0.000290886
1.73787 0.0210752 -0.000348969
1.73946 0.0210746 -0.000397349
1.74107 0.0210739 -0.00043761
1.74271 0.0210731 -0.000465451
1.74439 0.0210723 -0.000483204
1.74612 0.0210715 -0.000500159
1.74788 0.0210705 -0.000526129
1.74968 0.0210695 -0.000561459
1.7515 0.0210684 -0.000594519
1.75331 0.0210673 -0.000610375
1.75509 0.0210663 -0.000604662
1.75683 0.0210652 -0.000590758
1.75851 0.0210643 -0.000578679
1.76015 0.0210633 -0.000564653
1.76175 0.0210625 -0.000541207
1.76335 0.0210617 -0.000505592
1.76495 0.0210609 -0.00046523
1.76657 0.0210602 -0.000431765
1.76825 0.0210595 -0.000403318
1.77 0.0210589 -0.000362913
1.77186 0.0210583 -0.000308249
1.77387 0.0210578 -0.000247469
1.77582 0.0210575 -0.000190636
1.77775 0.0210572 -0.00013521
1.77961 0.021057 -8.66686e-05
1.78145 0.021057 -4.14339e-05
1.78327 0.021057 -2.20515e-06
1.78511 0.021057 2.74197e-05
1.787 0.0210571 4.57055e-05
1.78897 0.0210572 5.0674e-05
1.79107 0.0210573 3.88216e-05
1.79329 0.0210573 1.20648e-05
1.79562 0.0210572 -2.47152e-05
1.79796 0.0210571 -6.4341e-05
1.80013 0.0210569 -0.000105108
1.80218 0.0210566 -0.000128578
1.80413 0.0210563 -0.000144659
1.80602 0.021056 -0.00016544
1.80786 0.0210557 -0.000185336
1.80967 0.0210553 -0.000191666
1.81146 0.021055 -0.000179562
1.81325 0.0210547 -0.000164945
1.81503 0.0210544 -0.000149137
1.81682 0.0210542 -0.000111721
1.81862 0.0210541 -5.63929e-05
1.82044 0.0210541 -8.77283e-06
1.82228 0.0210542 2.40719e-05
1.82414 0.0210543 4.83898e-05
1.82604 0.0210544 7.31956e-05
1.82791 0.0210546 0.000115375
1.82976 0.0210549 0.00017996
1.83157 0.0210554 0.000252896
1.83335 0.021056 0.000313615
1.83511 0.0210566 0.000358891
1.83685 0.0210573 0.000403213
1.83858 0.0210581 0.000452118
1.8403 0.0210589 0.000503535
1.84201 0.0210599 0.000546329
1.84373 0.0210609 0.00058175
1.84545 0.0210619 0.00060908
1.84719 0.021063 0.000616329
1.84896 0.0210641 0.000604485
1.85077 0.0210651 0.000581518
1.85262 0.0210661 0.000556485
1.85448 0.0210671 0.000533212
1.85638 0.0210681 0.000492008
1.85834 0.0210689 0.000424149
1.86031 0.0210696 0.000341435
1.86223 0.0210701 0.000265907
1.86409 0.0210704 0.000194585
1.8659 0.0210707 0.000126216
1.86769 0.0210708 5.97443e-05
1.86944 0.0210708 1.38289e-06
1.87117 0.0210707 -6.05301e-05
1.87288 0.0210705 -0.000129987
1.87457 0.0210701 -0.000206192
1.87626 0.0210696 -0.000278815
1.87795 0.0210691 -0.000337646
1.87966 0.0210684 -0.000379122
1.88139 0.0210677 -0.000409772
1.88315 0.0210669 -0.000441614
1.88497 0.0210661 -0.000473903
1.88685 0.0210651 -0.000500341
1.88861 0.0210642 -0.000527493
1.89023 0.0210633 -0.000554115
1.89175 0.0210624 -0.00058097
1.89319 0.0210616 -0.000604706
1.89459 0.0210607 -0.000620147
1.89597 0.0210598 -0.000622829
1.89732 0.021059 -0.000619023
1.89868 0.0210582 -0.000610061
1.90005 0.0210573 -0.000593964
1.90144 0.0210566 -0.000568828
1.90289 0.0210558 -0.000530522
1.90439 0.0210551 -0.000470013
1.90598 0.0210545 -0.000379218
1.90769 0.021054 -0.00026476
1.90951 0.0210537 -0.00015171
1.91141 0.0210537 -4.39313e-05
1.91341 0.0210538 6.49564e-05
1.91547 0.0210541 0.00017023
1.91752 0.0210547 0.000270436
1.91955 0.0210554 0.000368506
1.92155 0.0210564 0.000483021
1.92351 0.0210576 0.000601718
1.92543 0.021059 0.000714733
1.9273 0.0210605 0.000827869
1.92913 0.0210623 0.000949828
1.93092 0.0210642 0.00108975
1.93266 0.0210664 0.00123783
1.93436 0.0210687 0.00137063
1.93603 0.0210712 0.00148946
1.93766 0.0210738 0.00160124
1.93925 0.0210765 0.0017134
1.94081 0.0210794 0.00182265
1.94234 0.0210823 0.001921
1.94384 0.0210853 0.00199782
1.94532 0.0210883 0.00205678
1.94677 0.0210914 0.00210377
1.94819 0.0210944 0.00214476
1.94959 0.0210975 0.00217993
1.95097 0.0211005 0.00221529
1.95233 0.0211036 0.00225694
1.95366 0.0211067 0.0023082
1.95497 0.0211098 0.0023618
1.95627 0.0211129 0.00240697
1.95755 0.021116 0.00244333
1.95881 0.0211191 0.00246857
1.96005 0.0211222 0.00248149
1.96129 0.0211253 0.00248617
1.96252 0.0211283 0.00248761
1.96374 0.0211314 0.00249087
1.96495 0.0211344 0.0024939
1.96616 0.0211374 0.00249781
1.96737 0.0211405 0.00251052
1.96858 0.0211435 0.00252869
1.96979 0.0211466 0.00254016
1.97101 0.0211497 0.00255271
1.97223 0.0211529 0.00256813
1.97347 0.0211561 0.00258758
1.97471 0.0211593 0.00261201
1.97597 0.0211626 0.00262404
1.97724 0.0211659 0.00261063
1.97852 0.0211692 0.00258377
1.97983 0.0211726 0.00256578
1.98115 0.021176 0.00256105
1.98249 0.0211794 0.0025499
1.98386 0.0211828 0.00251568
1.98524 0.0211862 0.00247773
1.98657 0.0211895 0.00245794
1.98786 0.0211927 0.00245465
1.98912 0.0211958 0.00246776
1.99035 0.0211989 0.0024962
1.99156 0.0212019 0.0025227
1.99274 0.0212049 0.00254282
1.9939 0.0212079 0.00257006
1.99505 0.0212109 0.00261165
1.99618 0.0212139 0.00266639
1.9973 0.021217 0.00272658
1.99841 0.0212201 0.00278791
1.9995 0.0212232 0.00285988
2.00058 0.0212264 0.00294638
2.00164 0.0212296 0.00304334
2.00269 0.0212329 0.00314096
2.00372 0.0212362 0.00323597
2.00475 0.0212396 0.00332872
2.00576 0.0212431 0.0034339
2.00678 0.0212467 0.00355071
2.0078 0.0212505 0.00368124
2.00884 0.0212545 0.00382629
2.0099 0.0212587 0.00399484
2.01099 0.0212633 0.00417523
2.01213 0.0212683 0.00438191
2.01334 0.0212739 0.00462436
2.01461 0.02128 0.00485344
2.0159 0.0212865 0.00505275
2.01723 0.0212935 0.00523462
2.01856 0.0213006 0.00535878
2.01983 0.0213075 0.00541645
2.02107 0.0213142 0.00543585
2.02226 0.0213207 0.00542881
2.02342 0.021327 0.00540744
2.02454 0.021333 0.00538334
2.02565 0.0213389 0.00535679
2.02673 0.0213447 0.0053238
2.02781 0.0213504 0.00528477
2.02888 0.021356 0.00524321
2.02996 0.0213616 0.00519858
2.03106 0.0213673 0.0051538
2.0322 0.0213731 0.00510937
2.03339 0.0213792 0.00506753
2.03467 0.0213856 0.00502804
2.03606 0.0213925 0.00497277
2.03762 0.0214001 0.00485384
2.03914 0.0214071 0.00462263
2.04057 0.0214133 0.00432913
2.04193 0.0214187 0.0040055
2.04324 0.0214235 0.00366299
2.04452 0.0214278 0.00330867
2.0458 0.0214315 0.00294021
