t x vx
0.01 0.0165001 6.6268e-06
0.02 0.0165005 4.50659e-05
0.0346963 0.0165021 0.000110511
0.049733 0.0165048 0.000180022
0.0653964 0.0165089 0.000256629
0.081527 0.0165144 0.000344175
0.0979822 0.0165217 0.000442597
0.114621 0.0165308 0.000547492
0.131353 0.0165418 0.000657944
0.14813 0.0165547 0.000770432
0.164918 0.0165695 0.000878726
0.18171 0.0165862 0.000993423
0.198387 0.0166042 0.00108246
0.214573 0.0166237 0.00120512
0.230523 0.0166449 0.00132429
0.246217 0.016667 0.00141295
0.262198 0.0166913 0.00151939
0.277795 0.0167165 0.00161729
0.293742 0.0167425 0.00162486
0.309663 0.0167688 0.00165598
0.326155 0.0167979 0.0017645
0.342006 0.0168269 0.00182589
0.358053 0.0168566 0.00185379
0.374512 0.0168876 0.00188135
0.390915 0.0169192 0.00192572
0.407083 0.0169509 0.00196262
0.423 0.0169821 0.00196181
0.438709 0.0170125 0.00193174
0.454192 0.0170416 0.00188008
0.469509 0.0170694 0.00181607
0.484965 0.0170962 0.001734
0.500303 0.0171211 0.00162641
0.515673 0.0171445 0.00152068
0.531151 0.0171668 0.00143841
0.546825 0.0171883 0.00137152
0.562578 0.0172091 0.00132055
0.578353 0.0172292 0.00127887
0.594119 0.0172487 0.00123369
0.609813 0.0172672 0.00117752
0.625405 0.0172845 0.00110843
0.640842 0.0173002 0.00102241
0.656171 0.0173145 0.000931717
0.671457 0.0173276 0.000853626
0.686758 0.0173398 0.000798558
0.702128 0.0173515 0.000761594
0.717587 0.0173628 0.000729612
0.73314 0.0173734 0.000684566
0.74875 0.0173833 0.000629965
0.764357 0.0173924 0.000583099
0.779916 0.0174009 0.000548382
0.79542 0.017409 0.000525127
0.810882 0.0174168 0.000502114
0.826327 0.0174241 0.00047172
0.841782 0.0174307 0.000428019
0.857272 0.0174363 0.000361583
0.872815 0.0174405 0.000267166
0.888404 0.0174427 0.000144118
0.903983 0.0174427 2.77874e-06
0.919544 0.0174405 -0.000143914
0.935093 0.0174361 -0.000284632
0.950637 0.0174296 -0.000414591
0.966188 0.0174213 -0.00053643
0.981751 0.0174112 -0.000648831
0.997191 0.0173998 -0.000739319
1.01274 0.0173874 -0.000797237
1.02824 0.0173746 -0.000825334
1.04368 0.0173618 -0.000831028
1.05906 0.0173491 -0.0008203
1.07439 0.0173368 -0.000802107
1.08966 0.0173249 -0.000780652
1.10488 0.0173135 -0.000752312
1.12001 0.0173026 -0.000715358
1.13508 0.0172924 -0.000677524
1.15008 0.0172828 -0.000640045
1.16504 0.0172736 -0.000615511
1.17997 0.0172646 -0.000605121
1.1949 0.0172554 -0.000613022
1.20989 0.0172459 -0.000638659
1.22499 0.0172355 -0.000686896
1.24026 0.0172239 -0.000757467
1.25578 0.0172108 -0.000844019
1.27143 0.0171959 -0.000956342
1.28689 0.017179 -0.00108882
1.30214 0.0171602 -0.00123591
1.3172 0.017139 -0.00140598
1.33239 0.017115 -0.00157919
1.34811 0.0170877 -0.00173591
1.36372 0.0170583 -0.00188745
1.37925 0.0170267 -0.00203504
1.39474 0.016993 -0.00217294
1.41022 0.0169576 -0.00229006
1.4257 0.0169209 -0.00237098
1.44118 0.0168835 -0.0024146
1.4565 0.0168464 -0.00242225
1.47192 0.0168094 -0.00239837
1.4875 0.0167727 -0.00235596
1.50277 0.0167377 -0.00229174
1.51843 0.0167029 -0.00222076
1.53416 0.0166691 -0.00214976
1.54992 0.0166362 -0.00208491
1.56569 0.0166043 -0.00202447
1.58138 0.0165734 -0.00196798
1.59698 0.0165435 -0.00191708
1.61251 0.0165148 -0.00184901
1.62799 0.0164875 -0.00176278
1.64333 0.016462 -0.00166723
1.65858 0.016438 -0.00157171
1.67393 0.0164152 -0.00148427
1.68947 0.0163934 -0.00140185
1.70511 0.0163729 -0.00130837
1.72035 0.0163544 -0.00121391
1.73564 0.0163375 -0.00111124
1.75132 0.0163218 -0.000996994
1.76704 0.0163081 -0.000872986
1.78271 0.0162968 -0.000724218
1.79819 0.0162883 -0.00054575
1.81334 0.016283 -0.000348478
1.82837 0.016281 -0.000135544
1.84353 0.0162824 9.41613e-05
1.85905 0.0162878 0.000349402
1.87441 0.0162973 0.000618801
1.88955 0.0163108 0.000888902
1.90458 0.0163279 0.00113712
1.91953 0.0163479 0.00133919
1.93445 0.0163702 0.00149468
1.94942 0.0163944 0.00161688
1.96451 0.01642 0.00169395
1.97976 0.0164462 0.00172047
1.99523 0.0164726 0.00170381
2.01056 0.0164981 0.0016671
2.02525 0.016522 0.00162538
2.03989 0.0165454 0.00159428
2.0546 0.0165686 0.00158157
2.06934 0.0165921 0.00159301
2.08369 0.0166154 0.00162641
2.09785 0.0166391 0.00167106
2.11176 0.0166631 0.00172308
2.12563 0.016688 0.00179917
2.13986 0.0167152 0.0019062
2.15466 0.0167452 0.00203143
2.16967 0.0167774 0.0021422
2.18436 0.0168101 0.00222505
2.19875 0.0168429 0.00228218
2.21288 0.0168756 0.00231754
2.22685 0.0169082 0.00233475
2.24074 0.0169407 0.00233657
2.25465 0.016973 0.0023242
2.26863 0.0170051 0.00229368
2.28273 0.0170368 0.0022458
2.297 0.017068 0.00218827
2.3114 0.0170987 0.0021322
2.32587 0.0171289 0.00208725
2.34035 0.0171586 0.00204791
2.35488 0.0171877 0.00200441
2.36948 0.0172163 0.00196233
2.38415 0.0172447 0.00193414
2.39882 0.0172729 0.00192447
2.41343 0.0173011 0.00192499
2.42803 0.0173291 0.00192208
2.44255 0.0173568 0.00190653
2.45702 0.017384 0.00187879
2.47143 0.0174106 0.00184724
2.4858 0.0174368 0.00181975
2.5001 0.0174624 0.00179469
2.51432 0.0174876 0.00177244
2.5285 0.0175125 0.00175348
2.54261 0.017537 0.00173538
2.5566 0.017561 0.00171843
2.57052 0.0175847 0.00170508
2.58443 0.0176083 0.00169449
2.59838 0.0176318 0.00168197
2.6124 0.0176551 0.00166105
2.62653 0.017678 0.00162484
2.64078 0.0177004 0.00157161
2.65513 0.017722 0.00150255
2.66951 0.0177424 0.00141871
2.6838 0.0177613 0.00132342
2.69791 0.0177785 0.00122143
2.7118 0.0177941 0.00111719
2.72545 0.0178079 0.00101616
2.73888 0.0178203 0.000921631
2.75215 0.0178314 0.000834917
2.76531 0.0178414 0.000757029
2.77839 0.0178503 0.000687052
2.7914 0.0178585 0.000625774
2.80433 0.0178659 0.000572913
2.8172 0.0178727 0.000527825
2.82995 0.0178789 0.000488955
2.84173 0.0178843 0.000455013
2.85304 0.0178891 0.00042481
2.86415 0.0178935 0.000395364
2.87526 0.0178975 0.000365207
2.88665 0.0179013 0.000333516
2.89855 0.0179048 0.000295082
2.91126 0.0179079 0.000241156
2.92391 0.0179101 0.000174001
2.93664 0.0179113 9.06145e-05
2.94911 0.0179112 -9.71191e-07
2.96149 0.0179101 -9.55528e-05
2.97389 0.0179077 -0.000188872
2.98634 0.0179042 -0.000279871
2.99873 0.0178997 -0.000368989
3.01098 0.0178941 -0.00045613
3.02313 0.0178875 -0.000543402
3.03477 0.0178802 -0.000623873
3.04614 0.0178723 -0.00069412
3.05777 0.0178635 -0.000757198
3.06935 0.0178541 -0.000812747
3.08095 0.017844 -0.00086996
3.09281 0.017833 -0.000930937
3.10499 0.0178209 -0.000988676
3.11671 0.0178089 -0.0010299
3.12824 0.0177967 -0.00105587
3.13984 0.0177843 -0.00107084
3.15168 0.0177715 -0.00108067
3.16391 0.0177581 -0.00109546
3.17672 0.0177437 -0.00112134
3.19032 0.017728 -0.00115384
3.20486 0.0177108 -0.00118369
3.21971 0.0176929 -0.00120593
3.23485 0.0176744 -0.0012244
3.24996 0.0176555 -0.00125019
3.26524 0.0176359 -0.00128142
3.28102 0.0176151 -0.00131853
3.29708 0.0175936 -0.00133971
3.31303 0.0175724 -0.00132761
3.32891 0.0175518 -0.00129447
3.34478 0.0175318 -0.00126519
3.36055 0.017512 -0.00124981
3.37609 0.0174929 -0.00123445
3.39149 0.017474 -0.00122261
3.40677 0.0174555 -0.00121402
3.42193 0.0174372 -0.00120603
3.43682 0.0174195 -0.00118906
3.45109 0.0174029 -0.00116345
3.46519 0.0173869 -0.00113297
3.47942 0.0173713 -0.00109848
3.49396 0.0173559 -0.00105912
3.50866 0.0173409 -0.0010179
3.5236 0.0173263 -0.000977523
3.53881 0.0173121 -0.000937884
3.5541 0.0172983 -0.000898035
3.56955 0.017285 -0.000862594
3.58517 0.017272 -0.000831817
3.60078 0.0172596 -0.000797005
3.61652 0.0172477 -0.000752518
3.63248 0.0172367 -0.000690118
3.64833 0.017227 -0.000611984
3.66402 0.0172187 -0.000526167
3.67937 0.0172119 -0.000444317
3.69439 0.0172061 -0.000384594
3.70924 0.0172011 -0.000341897
3.72405 0.0171964 -0.000315287
3.73891 0.0171918 -0.000311438
3.75368 0.0171868 -0.000335243
3.76818 0.0171814 -0.000371132
3.78279 0.0171756 -0.000400767
3.79776 0.0171693 -0.000419976
3.81337 0.0171625 -0.000433382
3.82898 0.0171556 -0.000442463
3.84426 0.0171489 -0.000439451
3.85972 0.0171422 -0.000434807
3.87531 0.0171356 -0.000423636
3.89021 0.0171295 -0.000410919
3.90434 0.0171237 -0.000406677
3.91805 0.017118 -0.000418834
3.93166 0.0171121 -0.000432799
3.94543 0.0171061 -0.000431124
3.95963 0.0171004 -0.000407639
3.97387 0.0170951 -0.00037006
3.98774 0.0170906 -0.000323808
4.00188 0.0170868 -0.000267491
4.01667 0.0170837 -0.000207893
4.03146 0.0170815 -0.000152536
4.04588 0.0170799 -0.000108773
4.06017 0.0170788 -7.98293e-05
4.07452 0.0170778 -7.00908e-05
4.08893 0.0170767 -7.10868e-05
4.10291 0.0170758 -6.51046e-05
4.11669 0.0170753 -3.98237e-05
4.13045 0.0170753 -9.54189e-07
4.14435 0.017076 5.20177e-05
4.15848 0.0170775 0.000108255
4.17256 0.0170798 0.000158505
4.18664 0.0170826 0.000203723
4.20079 0.017086 0.000238802
4.21508 0.0170896 0.000254665
4.2296 0.0170931 0.000241275
4.24436 0.0170961 0.000202726
4.25939 0.0170986 0.000162645
4.27442 0.0171007 0.000140872
4.28914 0.0171028 0.000141845
4.30354 0.0171051 0.00016016
4.31766 0.0171078 0.000188954
4.33153 0.0171109 0.000225572
4.34516 0.0171145 0.000266267
4.35832 0.0171186 0.000311253
4.37084 0.0171231 0.000354484
4.38302 0.0171278 0.000392063
4.39513 0.017133 0.000429363
4.40712 0.0171387 0.000474053
4.41889 0.0171449 0.0005216
4.43083 0.0171517 0.000574216
4.44274 0.0171592 0.000626053
4.4549 0.0171674 0.000674856
4.46706 0.017176 0.000711475
4.47951 0.0171853 0.000741606
4.49194 0.0171947 0.000763125
4.50464 0.0172046 0.000774714
4.51756 0.0172145 0.000767471
4.53092 0.0172243 0.000733115
4.54402 0.0172334 0.000695358
4.55707 0.0172421 0.000666364
4.57003 0.0172504 0.000640464
4.58295 0.0172582 0.000602372
4.59584 0.0172653 0.000550709
4.60879 0.0172716 0.000489168
4.62221 0.0172772 0.000418204
4.63656 0.0172821 0.000341145
4.652 0.017286 0.000253358
4.6672 0.0172884 0.000154459
4.68175 0.017289 4.41955e-05
4.6961 0.0172881 -6.76588e-05
4.71051 0.0172857 -0.000166104
4.72455 0.0172823 -0.000238194
4.73876 0.0172784 -0.00027708
4.75356 0.0172742 -0.000285335
4.76886 0.0172701 -0.000265599
4.78451 0.0172667 -0.000218464
4.80024 0.0172643 -0.000148744
4.81577 0.0172634 -6.19614e-05
4.83092 0.0172638 2.57426e-05
4.84569 0.0172653 0.00010194
4.86057 0.0172678 0.00016866
4.87561 0.0172712 0.000227828
4.89061 0.0172754 0.000279308
4.90555 0.0172802 0.000320236
4.92045 0.0172853 0.000342786
4.93533 0.0172905 0.000348466
4.95024 0.0172956 0.000342103
4.96524 0.0173004 0.00032333
4.9799 0.0173046 0.00028563
4.99444 0.0173079 0.000226408
5.00908 0.0173102 0.000154171
5.02404 0.0173114 8.13926e-05
5.03908 0.0173115 8.50647e-06
5.05417 0.0173105 -6.47119e-05
5.06934 0.0173086 -0.000127549
5.08468 0.0173057 -0.000185643
5.09965 0.0173022 -0.000235017
5.11432 0.0172982 -0.000274422
5.12875 0.0172939 -0.000300978
5.14302 0.0172893 -0.000319972
5.15709 0.0172846 -0.000333956
5.1711 0.01728 -0.000328997
5.18513 0.0172758 -0.000299006
5.1992 0.0172723 -0.000248295
5.21314 0.0172697 -0.000186039
5.22695 0.0172681 -0.000113069
5.2406 0.0172677 -3.49994e-05
5.25412 0.0172683 4.92993e-05
5.26764 0.0172702 0.000139555
5.2812 0.0172733 0.000227974
5.2948 0.0172776 0.000312152
5.30872 0.0172829 0.000381806
5.32264 0.0172889 0.000435982
5.33652 0.0172957 0.000486961
5.34995 0.0173029 0.000539179
5.363 0.0173106 0.000586023
5.37588 0.0173184 0.000610654
5.38872 0.0173262 0.000606866
5.4016 0.0173336 0.000572787
5.41457 0.0173403 0.000516435
5.42765 0.0173461 0.000439306
5.44083 0.0173506 0.000341473
5.45385 0.0173535 0.000223748
5.46674 0.0173546 9.05266e-05
5.47947 0.017354 -4.91776e-05
5.49216 0.0173517 -0.000180433
5.50491 0.0173479 -0.000297342
5.51779 0.0173428 -0.000399086
5.53079 0.0173364 -0.000489229
5.54391 0.017329 -0.000565037
5.55712 0.0173208 -0.000622458
5.57034 0.0173121 -0.000660355
5.58352 0.0173031 -0.000680392
5.59658 0.0172942 -0.000683296
5.60943 0.0172856 -0.000665712
5.62201 0.0172777 -0.000628487
5.63433 0.0172706 -0.000575909
5.64647 0.0172645 -0.000506551
5.65851 0.0172594 -0.000422905
5.67051 0.0172554 -0.000332877
5.68252 0.0172525 -0.000239952
5.69465 0.0172508 -0.000141669
5.7071 0.0172503 -3.94494e-05
5.72018 0.0172511 6.45997e-05
5.73388 0.0172532 0.000151145
5.7477 0.0172562 0.000217503
5.76146 0.0172601 0.000285157
5.77533 0.0172649 0.000346484
5.78942 0.0172706 0.00040157
5.80377 0.017277 0.000447701
5.81839 0.0172839 0.00047035
5.83328 0.0172907 0.000458018
5.84751 0.0172966 0.000409363
5.86119 0.0173012 0.000337208
5.87447 0.0173045 0.00024983
5.88746 0.0173065 0.00015221
5.90021 0.0173071 4.74441e-05
5.91281 0.0173063 -6.08869e-05
5.92529 0.0173042 -0.000166205
5.93769 0.017301 -0.000262031
5.95004 0.0172967 -0.000342319
5.96233 0.0172918 -0.000401006
5.97454 0.0172865 -0.000436737
5.98666 0.017281 -0.000450209
5.99866 0.0172757 -0.000442542
6.01052 0.0172708 -0.00041356
6.02224 0.0172665 -0.00036675
6.03382 0.017263 -0.000307568
6.04526 0.0172602 -0.000239798
6.0566 0.0172584 -0.000163336
6.06785 0.0172575 -7.29862e-05
6.07907 0.0172579 3.30489e-05
6.09031 0.0172595 0.00014278
6.10163 0.0172624 0.000254907
6.11312 0.0172666 0.000366228
6.12484 0.0172721 0.000470199
6.13687 0.0172789 0.000560826
6.14927 0.0172867 0.000634004
6.16153 0.0172951 0.000681049
6.1737 0.0173036 0.00069712
6.18581 0.0173118 0.000681703
6.198 0.0173196 0.000640002
6.21037 0.0173267 0.00057318
6.22296 0.0173329 0.000493474
6.23581 0.0173382 0.000408134
6.24889 0.0173422 0.000311545
6.26215 0.0173449 0.000202858
6.27551 0.0173461 8.7168e-05
6.28867 0.0173457 -3.1187e-05
6.3017 0.0173437 -0.000152716
6.31473 0.01734 -0.000280172
6.32764 0.0173347 -0.000411104
6.34044 0.0173279 -0.000531514
6.35317 0.0173199 -0.000629488
6.36586 0.0173111 -0.000697308
6.37851 0.0173018 -0.000732647
6.39114 0.0172925 -0.000734855
6.40373 0.0172836 -0.000707324
6.41626 0.0172754 -0.000653981
6.42871 0.0172682 -0.000580427
6.44103 0.0172621 -0.000491843
6.45345 0.0172573 -0.000390315
6.46605 0.0172537 -0.000280872
6.47846 0.0172517 -0.00016666
6.49045 0.0172511 -4.79975e-05
6.50208 0.017252 7.42897e-05
6.51347 0.0172542 0.000196832
6.52467 0.0172578 0.000316313
6.53572 0.0172625 0.000425175
6.54665 0.0172681 0.000516759
6.55746 0.0172744 0.000585054
6.56819 0.0172811 0.000625623
6.57894 0.017288 0.000637799
6.58979 0.0172948 0.000626709
6.60082 0.0173013 0.000593415
6.61213 0.0173073 0.000529901
6.62377 0.0173124 0.000434165
6.63582 0.0173162 0.00031268
6.64831 0.0173183 0.000174827
6.66125 0.0173186 2.27159e-05
6.67459 0.0173168 -0.000139876
6.68823 0.0173126 -0.000306236
6.70197 0.0173062 -0.000462749
6.71552 0.0172981 -0.000600838
6.72869 0.0172886 -0.000720674
6.74154 0.0172781 -0.000818682
6.75408 0.0172669 -0.000893932
6.76644 0.0172552 -0.000947648
6.77874 0.0172431 -0.000977014
6.79108 0.0172311 -0.000979132
6.80355 0.0172192 -0.000949017
6.81626 0.017208 -0.000883103
6.82928 0.0171978 -0.000784179
6.84272 0.017189 -0.000655903
6.85664 0.0171821 -0.000494489
6.87079 0.0171778 -0.000304839
6.88487 0.0171763 -0.000104821
6.89888 0.0171776 9.22144e-05
6.91297 0.0171815 0.000276777
6.92736 0.0171878 0.000441914
6.9418 0.0171963 0.000583148
6.95625 0.0172063 0.000696818
6.9707 0.0172175 0.000774051
6.98522 0.0172293 0.000812279
6.99981 0.0172411 0.000810239
7.01458 0.0172525 0.00076722
7.02958 0.0172626 0.000678086
