t x vx
0.01 0.0164678 -0.00321506
0.02 0.0163707 -0.00971388
0.0260049 0.0162903 -0.0133917
0.0325851 0.016178 -0.0170689
0.0394711 0.0160367 -0.0205128
0.0464711 0.0158715 -0.0236065
0.0535745 0.0156849 -0.0262696
0.0607137 0.0154817 -0.0284532
0.0678271 0.0152673 -0.0301524
0.0749497 0.0150445 -0.0312686
0.082072 0.0148199 -0.0315474
0.0891766 0.0145981 -0.0312154
0.0962543 0.0143854 -0.0300547
0.103329 0.0141866 -0.0280919
0.109954 0.0140175 -0.025519
0.116953 0.0138614 -0.0223134
0.123602 0.0137366 -0.0187604
0.130516 0.013635 -0.0147083
0.136912 0.0135653 -0.0108867
0.143059 0.0135217 -0.00710248
0.150052 0.0135023 -0.00276379
0.157548 0.0135144 0.00161096
0.16568 0.0135646 0.00616555
0.174025 0.0136544 0.010762
0.182217 0.013778 0.0150925
0.190117 0.013928 0.0189834
0.197909 0.0141037 0.0225522
0.205652 0.0143031 0.025758
0.213369 0.0145238 0.0285958
0.220974 0.0147595 0.0309895
0.228533 0.0150085 0.032939
0.23605 0.0152676 0.0344644
0.243516 0.0155327 0.0355168
0.250894 0.0157987 0.0360487
0.258122 0.0160594 0.0360713
0.265434 0.0163191 0.0355173
0.272735 0.0165701 0.034384
0.279997 0.0168077 0.0327159
0.287205 0.0170281 0.0305735
0.294323 0.0172278 0.028052
0.30137 0.0174054 0.0252035
0.3082 0.0175568 0.022176
0.315122 0.0176878 0.0189251
0.321756 0.0177922 0.0157346
0.328346 0.0178745 0.0124855
0.334986 0.0179356 0.00920747
0.341332 0.0179747 0.00616163
0.347676 0.0179958 0.00332236
0.354073 0.0180003 0.00070499
0.360649 0.0179888 -0.00175573
0.367545 0.0179607 -0.00407805
0.374817 0.0179157 -0.00618119
0.382504 0.0178543 -0.00798433
0.390324 0.017781 -0.00937694
0.397817 0.0177041 -0.0102605
0.405138 0.017626 -0.0106777
0.412138 0.0175513 -0.0106614
0.419193 0.0174793 -0.0102091
0.426392 0.0174124 -0.00929354
0.433372 0.0173567 -0.00797565
0.440198 0.0173136 -0.00632399
0.446896 0.0172842 -0.00438907
0.453478 0.0172696 -0.00221695
0.459964 0.0172701 8.74218e-05
0.466407 0.0172857 0.00241813
0.472817 0.0173156 0.00466662
0.479042 0.0173578 0.00676932
0.4853 0.0174126 0.00876248
0.491836 0.017482 0.0106149
0.498492 0.017563 0.0121739
0.505221 0.0176527 0.0133306
0.51231 0.0177523 0.0140488
0.519724 0.0178574 0.014172
0.5269 0.0179566 0.0138204
0.534027 0.0180496 0.0130538
0.540751 0.0181303 0.0120009
0.547683 0.0182041 0.0106463
0.554254 0.0182646 0.00921135
0.56103 0.018316 0.0075786
0.567822 0.0183559 0.00588642
0.574704 0.0183843 0.00412667
0.581763 0.0184002 0.00224502
0.588594 0.0184024 0.000321578
0.595535 0.0183908 -0.00167189
0.602614 0.018365 -0.0036433
0.609963 0.0183241 -0.00555947
0.617485 0.0182687 -0.00736408
0.625247 0.0181989 -0.00900346
0.633148 0.0181168 -0.0103877
0.641296 0.0180236 -0.0114295
0.649366 0.0179258 -0.0121221
0.657277 0.0178279 -0.0123831
0.665053 0.0177329 -0.0122156
0.672541 0.0176447 -0.0117718
0.679955 0.0175629 -0.0110389
0.686999 0.0174922 -0.0100415
0.694307 0.0174283 -0.00873413
0.701303 0.0173773 -0.00728662
0.708122 0.0173381 -0.00575178
0.71486 0.0173103 -0.00413281
0.721677 0.0172938 -0.00241167
0.728628 0.0172894 -0.000639997
0.735257 0.0172959 0.000986659
0.741882 0.0173125 0.00250288
0.748716 0.0173394 0.00394051
0.755793 0.0173765 0.00523646
0.762961 0.017422 0.0063409
0.770234 0.0174743 0.00719872
0.777648 0.0175318 0.00774985
0.785141 0.0175912 0.00793504
0.792441 0.0176477 0.00774319
0.799748 0.0177005 0.00721511
0.807074 0.017747 0.00635544
0.814297 0.0177845 0.00518353
0.821583 0.0178116 0.00372437
0.828987 0.0178271 0.00209844
0.836629 0.0178295 0.000303863
0.843688 0.0178193 -0.00143736
0.850935 0.0177964 -0.00316967
0.857982 0.0177628 -0.00476668
0.864955 0.0177192 -0.00624005
0.871481 0.0176702 -0.00750885
0.878196 0.0176126 -0.00858092
0.885323 0.0175449 -0.00950206
0.892892 0.0174679 -0.0101699
0.900937 0.0173838 -0.0104518
0.909097 0.0172999 -0.010283
0.917132 0.0172223 -0.00965926
0.924945 0.0171543 -0.00871082
0.932483 0.0170977 -0.0075047
0.939735 0.0170531 -0.00615097
0.947228 0.0170187 -0.00458879
0.954509 0.016997 -0.00297722
0.961761 0.0169871 -0.00136761
0.968993 0.0169889 0.000241559
0.97591 0.0170015 0.00183447
0.982646 0.0170244 0.00339325
0.989447 0.0170572 0.00482049
0.996416 0.0170994 0.00605366
1.0034 0.017148 0.00695806
1.01041 0.0172003 0.00746408
1.01739 0.0172532 0.00758464
1.02458 0.017306 0.00734013
1.03181 0.0173538 0.0066092
1.03915 0.0173951 0.00562812
1.04631 0.0174265 0.00438491
1.05376 0.0174475 0.00282654
1.06078 0.0174562 0.00122761
1.06821 0.0174527 -0.000459495
1.07566 0.0174365 -0.00218408
1.08287 0.0174082 -0.00392012
1.09012 0.0173672 -0.00564906
1.09711 0.0173167 -0.00723129
1.10429 0.017254 -0.00873966
1.11177 0.0171785 -0.0100781
1.11963 0.0170907 -0.0111847
1.12723 0.0169997 -0.011961
1.13452 0.0169095 -0.012391
1.14162 0.0168209 -0.0124662
1.14869 0.0167347 -0.0121845
1.15585 0.016652 -0.0115647
1.16319 0.0165745 -0.0105655
1.1702 0.0165094 -0.00927317
1.17757 0.0164533 -0.00762346
1.18467 0.0164119 -0.00582675
1.19158 0.0163847 -0.0039322
1.19832 0.0163712 -0.00200433
1.20507 0.0163709 -4.16547e-05
1.21183 0.0163834 0.0018405
1.21822 0.016406 0.00353924
1.22464 0.0164389 0.00512865
1.23149 0.0164841 0.00660205
1.23835 0.0165375 0.00778378
1.24541 0.0165984 0.00861637
1.25258 0.0166636 0.00910241
1.26007 0.0167322 0.00916624
1.26769 0.0167996 0.00883777
1.2753 0.0168617 0.00815571
1.28266 0.016915 0.00724866
1.28996 0.0169593 0.00607182
1.2975 0.0169944 0.00464892
1.30474 0.0170173 0.00316748
1.31156 0.0170289 0.00170136
1.31844 0.0170301 0.000177347
1.32528 0.0170209 -0.00135207
1.33193 0.0170025 -0.00276121
1.3385 0.0169761 -0.00403384
1.34526 0.0169409 -0.00519057
1.35236 0.0168964 -0.00627119
1.3596 0.0168439 -0.00726077
1.36708 0.016783 -0.0081412
1.37481 0.0167144 -0.00886795
1.38278 0.0166401 -0.00931459
1.39056 0.0165669 -0.00942274
1.39821 0.0164959 -0.00927646
1.40575 0.0164292 -0.00885177
1.41332 0.0163677 -0.00810908
1.42092 0.0163138 -0.00710017
1.42799 0.0162714 -0.00598957
1.43513 0.0162379 -0.00469751
1.44209 0.0162152 -0.00326629
1.44908 0.0162032 -0.00171186
1.45616 0.0162026 -8.16218e-05
1.46334 0.0162138 0.00155388
1.47027 0.0162351 0.00306797
1.4774 0.0162672 0.00450352
1.48475 0.0163099 0.00581846
1.49223 0.0163615 0.00690148
1.49975 0.0164192 0.0076574
1.50733 0.016481 0.00816415
1.51507 0.0165453 0.00830056
1.52278 0.0166069 0.00800093
1.53041 0.0166629 0.00732653
1.53809 0.0167117 0.00636691
1.54539 0.0167497 0.00520089
1.55279 0.016778 0.00382564
1.56002 0.0167955 0.00241704
1.56691 0.0168027 0.00103893
1.57373 0.0167998 -0.000413825
1.58049 0.0167867 -0.00195017
1.58696 0.0167651 -0.00333454
1.59339 0.0167356 -0.00458554
1.60005 0.016697 -0.00578832
1.60704 0.0166488 -0.00690305
1.61435 0.0165913 -0.00786085
1.62185 0.0165264 -0.00865525
1.62962 0.0164545 -0.00925613
1.63731 0.0163812 -0.00953193
1.64541 0.016305 -0.00940885
1.6535 0.0162332 -0.00887435
1.66142 0.0161698 -0.00800783
1.66911 0.0161173 -0.00682972
1.6765 0.0160768 -0.00546936
1.6836 0.0160483 -0.00402097
1.69048 0.0160311 -0.0024962
1.69726 0.0160252 -0.000875218
1.70411 0.0160305 0.000775537
1.71111 0.0160473 0.00240168
1.71748 0.0160713 0.00377022
1.72384 0.016103 0.0049815
1.73003 0.0161401 0.00599889
1.73636 0.0161835 0.0068538
1.74283 0.016232 0.00748832
1.74964 0.0162855 0.00785922
1.75685 0.0163431 0.00800073
1.76476 0.0164051 0.00783607
1.77261 0.0164628 0.00735149
1.78021 0.016513 0.00659459
1.78786 0.0165559 0.00562248
1.79546 0.0165906 0.0045618
1.80313 0.0166165 0.00337905
1.81071 0.016632 0.00203997
1.8181 0.0166363 0.000577235
1.82533 0.0166293 -0.000966049
1.83243 0.0166112 -0.002542
1.83967 0.0165812 -0.00414457
1.8468 0.016541 -0.00564761
1.85419 0.0164884 -0.00711327
1.86194 0.0164224 -0.0085148
1.86981 0.0163456 -0.00975383
1.87778 0.0162597 -0.0107878
1.8858 0.0161678 -0.011449
1.89334 0.0160797 -0.0116856
1.90064 0.015995 -0.0116062
1.90828 0.0159096 -0.0111728
1.91533 0.0158356 -0.0105082
1.9227 0.0157654 -0.0095254
1.92989 0.0157052 -0.00836798
1.9371 0.0156546 -0.00701417
1.94429 0.0156155 -0.00544137
1.95131 0.0155894 -0.00371986
1.9582 0.0155763 -0.00189942
1.96504 0.0155761 -2.51238e-05
1.97197 0.0155889 0.00184315
1.97913 0.0156154 0.00369207
1.98653 0.0156557 0.00545389
1.994 0.0157081 0.0070215
2.0015 0.0157707 0.00834318
2.00917 0.0158431 0.00944014
2.017 0.0159232 0.0102302
2.02476 0.0160055 0.0105965
2.03266 0.0160892 0.0106004
2.04061 0.0161704 0.0102174
2.04835 0.0162439 0.00949869
2.05583 0.0163073 0.00847493
2.06328 0.0163612 0.00723747
2.07066 0.0164041 0.00581377
2.07773 0.0164346 0.00430761
2.08469 0.0164538 0.00275372
2.09156 0.0164617 0.00115842
2.09847 0.0164589 -0.000405206
2.10525 0.0164461 -0.00188659
2.11211 0.0164231 -0.00335426
2.11942 0.0163875 -0.00487481
2.12699 0.0163398 -0.00629766
2.13462 0.0162822 -0.00755284
2.14206 0.0162186 -0.00855048
2.14931 0.0161508 -0.00935995
2.15631 0.0160815 -0.00989149
2.16314 0.0160127 -0.0100708
2.1699 0.0159456 -0.00992672
2.17667 0.0158813 -0.00949399
2.18357 0.0158211 -0.00873107
2.1907 0.0157667 -0.00762595
2.19815 0.0157199 -0.00627656
2.20522 0.0156853 -0.00489238
2.21221 0.0156612 -0.00346173
2.21897 0.0156474 -0.0020277
2.2257 0.0156433 -0.000618138
2.23268 0.0156491 0.000828118
2.23983 0.0156649 0.0022187
2.24706 0.01569 0.00347269
2.25499 0.0157272 0.00467961
2.26358 0.0157763 0.00572175
2.27199 0.0158302 0.00641839
2.28036 0.0158872 0.00679941
2.2886 0.0159432 0.00680412
2.2966 0.015995 0.00647269
2.30437 0.0160403 0.00583181
2.31221 0.0160788 0.00490463
2.31996 0.0161074 0.00369637
2.32758 0.0161248 0.00227448
2.33505 0.0161307 0.00078864
2.34232 0.0161257 -0.000677953
2.34934 0.0161108 -0.00212084
2.35624 0.0160868 -0.00347815
2.36316 0.0160539 -0.00476152
2.37006 0.0160132 -0.00588691
2.37677 0.0159677 -0.00678416
2.38376 0.0159153 -0.00750379
2.39105 0.0158572 -0.00797187
2.39858 0.0157956 -0.00817811
2.4064 0.015733 -0.00800937
2.41433 0.0156741 -0.00741977
2.42207 0.0156243 -0.00643974
2.42963 0.0155843 -0.00529067
2.43711 0.0155551 -0.00390401
2.44453 0.0155372 -0.00240384
2.45168 0.0155304 -0.000953455
2.45861 0.015534 0.000511837
2.46539 0.0155466 0.00186234
2.47233 0.0155684 0.00314873
2.47907 0.0155968 0.00420701
2.48611 0.0156327 0.00510544
2.49349 0.0156758 0.00582531
2.50081 0.0157219 0.00630492
2.50844 0.0157714 0.00648798
2.51643 0.0158224 0.0063779
2.5244 0.0158697 0.00594212
2.53225 0.015911 0.00525954
2.54005 0.0159445 0.00430169
2.54781 0.0159697 0.00323612
2.55544 0.0159857 0.00210558
2.56296 0.015993 0.000960713
2.57031 0.0159923 -8.99642e-05
2.57748 0.015985 -0.00102306
2.58468 0.0159715 -0.001868
2.59201 0.0159527 -0.00256085
2.59949 0.0159298 -0.00306338
2.60688 0.0159048 -0.00338975
2.61418 0.0158788 -0.00355927
2.62152 0.0158524 -0.00358954
2.62898 0.0158265 -0.00348127
2.63622 0.0158031 -0.00322493
2.64324 0.0157832 -0.00283155
2.65015 0.0157671 -0.00234274
2.65712 0.0157545 -0.00180137
2.66468 0.0157453 -0.0012166
2.67234 0.0157401 -0.000680236
2.68024 0.0157385 -0.000203565
2.68837 0.0157401 0.000198597
2.69682 0.0157447 0.000539874
2.7054 0.0157516 0.000811864
2.71394 0.0157601 0.00099672
2.72239 0.0157684 0.000972017
2.73076 0.0157754 0.000841026
2.73865 0.0157805 0.00064572
2.74659 0.0157831 0.000326367
2.75437 0.0157824 -8.66376e-05
2.76196 0.0157784 -0.000528532
2.76969 0.0157705 -0.00101603
2.77736 0.015759 -0.00150175
2.78515 0.0157439 -0.00194569
2.7929 0.0157263 -0.00226896
2.80059 0.0157075 -0.00244245
2.80825 0.0156884 -0.00249649
2.81591 0.0156694 -0.0024853
2.82361 0.0156508 -0.00241403
2.83141 0.015633 -0.00227782
2.83932 0.0156163 -0.00211237
2.84732 0.0156013 -0.00187712
2.85503 0.0155889 -0.00160062
2.86285 0.0155787 -0.00130774
2.87068 0.0155707 -0.00101677
2.87855 0.0155651 -0.000709052
2.88624 0.015562 -0.000412676
2.89418 0.0155607 -0.000161635
2.9024 0.0155603 -5.38613e-05
2.91086 0.0155603 1.15618e-05
2.91894 0.0155609 6.77213e-05
2.92682 0.0155617 0.000103448
2.93446 0.0155625 0.000104646
2.94205 0.0155632 8.81376e-05
2.94957 0.0155641 0.000123576
2.95687 0.0155649 0.000114758
2.96401 0.0155655 7.32553e-05
2.97097 0.0155657 2.63482e-05
2.97774 0.0155654 -4.3685e-05
2.98437 0.0155645 -0.000129809
2.99095 0.0155633 -0.000174849
2.99752 0.0155622 -0.000181309
3.00416 0.0155611 -0.000163638
3.01094 0.0155607 -5.56975e-05
3.01791 0.0155618 0.000161429
3.02512 0.0155647 0.000401788
3.03259 0.01557 0.00070583
3.04035 0.0155787 0.00112675
3.04827 0.0155915 0.00160895
3.05632 0.0156083 0.0020973
3.06449 0.0156298 0.00262432
3.07258 0.0156549 0.00310489
3.0807 0.0156837 0.00354161
3.08885 0.0157158 0.0039369
3.09696 0.0157509 0.00433543
3.10501 0.0157889 0.00472222
3.11314 0.0158303 0.00509169
3.12123 0.0158739 0.00538516
3.12935 0.0159187 0.00551468
3.13765 0.0159648 0.00556094
3.14616 0.0160117 0.00551101
3.15462 0.0160568 0.00532625
3.1622 0.0160953 0.00508062
3.16919 0.0161287 0.00478356
3.17586 0.0161584 0.00444734
3.18236 0.0161851 0.00410903
3.18887 0.0162098 0.00379592
3.19554 0.016233 0.00347021
3.20247 0.0162547 0.00313845
3.20975 0.0162752 0.00281699
3.21741 0.0162942 0.00247242
3.22503 0.0163095 0.00201094
3.23238 0.0163209 0.00155692
3.23966 0.0163293 0.0011481
3.24689 0.016335 0.000786644
3.25405 0.0163383 0.000464214
3.26118 0.01634 0.000242849
3.26834 0.0163411 0.00014506
3.2756 0.0163421 0.000142544
3.28303 0.0163438 0.000222584
3.2907 0.0163468 0.000391636
3.29864 0.0163517 0.000622006
3.30681 0.0163588 0.000874704
3.31485 0.0163683 0.00117212
3.32294 0.0163804 0.00150161
3.3307 0.0163945 0.00181767
3.33839 0.0164107 0.00211064
3.34626 0.0164292 0.00234981
3.35445 0.0164499 0.00251745
3.3628 0.0164715 0.00259549
3.37117 0.0164934 0.00261755
3.37939 0.0165149 0.00260888
3.38753 0.0165358 0.00257366
3.39566 0.0165561 0.00248722
3.4038 0.0165752 0.00235721
3.41191 0.0165932 0.00221568
3.41992 0.0166096 0.00204382
3.42795 0.0166247 0.00188011
3.43609 0.0166389 0.00175069
3.44429 0.0166525 0.00165112
3.45245 0.0166653 0.00157282
3.46062 0.0166775 0.00149056
3.46884 0.016689 0.00140116
3.47714 0.0166999 0.00131879
3.48546 0.0167102 0.00123413
3.49379 0.0167197 0.00114398
3.50209 0.0167289 0.00109968
3.51021 0.0167376 0.00107577
3.5181 0.0167461 0.00107763
3.52595 0.0167548 0.00110535
3.53393 0.0167639 0.00114702
3.54207 0.0167738 0.00121806
3.55028 0.0167846 0.00130951
3.55849 0.0167958 0.00136055
3.56657 0.016807 0.00138493
3.57479 0.0168184 0.00139727
3.58306 0.0168301 0.00141259
3.59113 0.0168417 0.00142861
3.59903 0.016853 0.00143592
3.60676 0.016864 0.0014255
3.61448 0.0168749 0.00141206
3.62232 0.0168859 0.00139757
3.63038 0.0168971 0.00138539
3.63863 0.0169084 0.00138092
3.64696 0.0169199 0.00136973
3.65519 0.0169311 0.00136389
3.66333 0.0169424 0.0013884
3.67145 0.0169541 0.00144596
3.67957 0.0169666 0.00153785
3.68771 0.0169803 0.00168545
3.69592 0.0169957 0.00187333
