t x vx
0.01 0.0164786 -0.00213841
0.02 0.0164113 -0.00673357
0.0265544 0.0163468 -0.00983711
0.0335721 0.0162548 -0.0131034
0.0407552 0.0161376 -0.0163292
0.0480358 0.0159961 -0.0194296
0.0553665 0.0158324 -0.0223275
0.0626981 0.0156495 -0.024952
0.0699924 0.0154514 -0.0271558
0.0772691 0.0152414 -0.0288536
0.0845331 0.0150236 -0.0299873
0.0917943 0.0148028 -0.030404
0.0990423 0.0145853 -0.0300162
0.106254 0.0143763 -0.0289761
0.113191 0.0141873 -0.0272455
0.12023 0.0140125 -0.024837
0.12708 0.0138619 -0.0219796
0.134112 0.0137316 -0.0185403
0.141029 0.0136287 -0.014873
0.148222 0.0135511 -0.0107912
0.154628 0.0135071 -0.00686174
0.161236 0.0134892 -0.00270189
0.168278 0.0135006 0.0016061
0.176103 0.013551 0.00644557
0.183543 0.0136318 0.0108592
0.19104 0.0137432 0.0148613
0.198297 0.0138793 0.0187539
0.205645 0.0140441 0.022423
0.21283 0.0142292 0.0257729
0.21997 0.0144353 0.0288558
0.22711 0.0146611 0.0316257
0.234333 0.014907 0.0340437
0.241684 0.0151721 0.0360707
0.249055 0.0154496 0.0376459
0.256405 0.0157337 0.0386524
0.263753 0.0160214 0.0391444
0.271111 0.0163087 0.0390546
0.278205 0.0165811 0.0383945
0.285228 0.0168417 0.037102
0.292151 0.0170859 0.0352855
0.299053 0.0173136 0.0329867
0.305924 0.0175212 0.0302098
0.312714 0.0177043 0.0269704
0.319166 0.0178558 0.0234752
0.325645 0.0179835 0.0197125
0.332192 0.0180863 0.0156959
0.338627 0.0181609 0.0116038
0.344888 0.0182079 0.0075007
0.351121 0.0182287 0.00334296
0.35735 0.018224 -0.000763563
0.363588 0.0181945 -0.0047263
0.369944 0.0181398 -0.00859458
0.376465 0.0180598 -0.0122725
0.383261 0.0179532 -0.0156828
0.390366 0.0178204 -0.0186928
0.397719 0.017665 -0.0211315
0.404917 0.0175003 -0.0228879
0.412054 0.0173294 -0.023947
0.419041 0.0171591 -0.0243753
0.425902 0.0169924 -0.0242883
0.432647 0.0168328 -0.0236736
0.439274 0.0166834 -0.0225438
0.445717 0.016548 -0.0210086
0.452398 0.016421 -0.0190102
0.459099 0.0163096 -0.01662
0.465731 0.0162173 -0.0139169
0.472183 0.016146 -0.0110517
0.478427 0.0160954 -0.00811026
0.484721 0.0160635 -0.0050726
0.490936 0.0160508 -0.00203421
0.497151 0.0160567 0.000953874
0.503311 0.01608 0.00378182
0.509462 0.0161199 0.00647494
0.515577 0.0161745 0.00894057
0.521609 0.0162414 0.0110841
0.527667 0.0163199 0.0129668
0.533793 0.0164089 0.0145202
0.539932 0.0165053 0.0157044
0.546148 0.0166082 0.0165468
0.552524 0.0167166 0.0170017
0.559219 0.0168306 0.0170327
0.566137 0.0169458 0.0166573
0.57333 0.0170602 0.015901
0.580634 0.0171681 0.0147649
0.588326 0.0172699 0.0132383
0.59608 0.0173576 0.0113153
0.60372 0.0174266 0.00903061
0.611372 0.0174756 0.00640578
0.619167 0.017503 0.00351323
0.626957 0.0175073 0.000547438
0.634394 0.0174892 -0.00243491
0.642094 0.0174464 -0.00555779
0.649838 0.0173791 -0.00868537
0.65763 0.0172882 -0.0116658
0.665073 0.0171811 -0.0143912
0.672518 0.0170552 -0.0169079
0.680172 0.0169082 -0.0192042
0.687732 0.0167478 -0.0212199
0.69545 0.0165705 -0.0229801
0.70302 0.0163864 -0.0243187
0.710516 0.0161967 -0.0253019
0.717972 0.0160035 -0.0259206
0.725363 0.0158101 -0.0261611
0.732689 0.0156195 -0.0260112
0.739921 0.0154357 -0.0254193
0.746997 0.0152631 -0.0243865
0.75389 0.015105 -0.0229462
0.7607 0.0149612 -0.0211098
0.767182 0.0148379 -0.0190319
0.773765 0.014728 -0.0166804
0.780353 0.0146352 -0.0140958
0.787061 0.0145593 -0.0113051
0.793644 0.0145035 -0.00848274
0.800067 0.0144671 -0.00566186
0.806475 0.0144487 -0.00287236
0.812664 0.0144472 -0.000251625
0.818959 0.0144617 0.00230767
0.825479 0.014493 0.00479597
0.832312 0.0145422 0.00720218
0.839183 0.0146064 0.00934729
0.846247 0.014686 0.0112603
0.853401 0.0147781 0.0128796
0.860455 0.0148777 0.0141137
0.867485 0.0149826 0.0149363
0.874489 0.0150901 0.0153412
0.881493 0.0151984 0.0154543
0.888511 0.0153049 0.0151875
0.895554 0.0154077 0.0145868
0.902464 0.0155026 0.0137365
0.909326 0.0155893 0.012643
0.915906 0.0156644 0.0114075
0.922399 0.0157295 0.010023
0.92892 0.0157847 0.00846272
0.935549 0.0158296 0.00678466
0.942356 0.0158637 0.00500587
0.949316 0.0158854 0.00311882
0.956383 0.0158945 0.00127782
0.963485 0.0158915 -0.000410167
0.970617 0.0158773 -0.00200096
0.97778 0.015853 -0.00338662
0.984945 0.0158203 -0.00456712
0.992133 0.0157817 -0.00536835
0.999248 0.0157398 -0.00588306
1.00636 0.0156962 -0.00613528
1.01355 0.0156529 -0.0060255
1.0209 0.0156123 -0.00551783
1.02837 0.0155777 -0.00464005
1.03563 0.0155515 -0.00359666
1.0428 0.0155353 -0.00226451
1.04983 0.01553 -0.000759324
1.05653 0.0155362 0.000935771
1.06327 0.0155539 0.002616
1.06991 0.0155824 0.00430255
1.07655 0.015622 0.00595507
1.08274 0.0156677 0.00737915
1.089 0.015722 0.00867148
1.09577 0.0157888 0.00988886
1.10291 0.0158674 0.0109876
1.11013 0.0159526 0.0118257
1.11732 0.0160413 0.0123226
1.12458 0.0161319 0.0124822
1.13196 0.0162224 0.0122676
1.13951 0.0163105 0.0116597
1.14724 0.016393 0.0106732
1.15504 0.0164661 0.00937489
1.16278 0.0165265 0.00780736
1.17039 0.0165724 0.00602526
1.1773 0.0166018 0.00425644
1.18426 0.0166186 0.0024135
1.19115 0.0166227 0.000591466
1.19795 0.0166145 -0.00120043
1.20472 0.0165949 -0.00290094
1.21132 0.0165658 -0.00440614
1.21783 0.0165284 -0.00575155
1.22458 0.0164819 -0.00688437
1.23155 0.0164282 -0.00769543
1.23884 0.0163683 -0.00822718
1.24637 0.0163052 -0.00838504
1.25371 0.0162452 -0.00816517
1.26102 0.0161896 -0.00760545
1.26822 0.0161409 -0.00677222
1.275 0.0161017 -0.00578613
1.28176 0.0160701 -0.00466485
1.28867 0.0160468 -0.00337634
1.29574 0.0160329 -0.0019696
1.30262 0.0160291 -0.000547998
1.30943 0.016035 0.000867421
1.31603 0.0160495 0.00219978
1.32247 0.0160716 0.00342964
1.3291 0.0161019 0.00456649
1.33602 0.0161405 0.00558563
1.34317 0.0161862 0.00638663
1.35036 0.0162363 0.00697872
1.35766 0.0162903 0.00738599
1.36505 0.0163462 0.00757326
1.37247 0.0164017 0.00747423
1.38001 0.0164552 0.00709304
1.38766 0.0165045 0.00644828
1.39539 0.0165475 0.00555577
1.40309 0.0165814 0.00441132
1.41053 0.0166046 0.00311437
1.4179 0.0166174 0.00174069
1.42505 0.0166196 0.000303964
1.43195 0.0166117 -0.00114794
1.43875 0.0165941 -0.00258123
1.44542 0.016568 -0.00391567
1.45202 0.016534 -0.00515605
1.45875 0.0164915 -0.00630395
1.46578 0.0164402 -0.00731042
1.47302 0.0163816 -0.00808735
1.48065 0.0163157 -0.00864385
1.48829 0.0162479 -0.00887939
1.49554 0.0161847 -0.00871494
1.50283 0.0161249 -0.00819823
1.51026 0.0160698 -0.0074182
1.51758 0.0160223 -0.0064836
1.52463 0.0159837 -0.00547995
1.53155 0.0159531 -0.00442371
1.53833 0.0159307 -0.00329408
1.54516 0.0159166 -0.0020681
1.55178 0.0159111 -0.000840342
1.55805 0.0159131 0.000317544
1.56453 0.0159223 0.00143322
1.57111 0.0159389 0.0025118
1.5778 0.0159621 0.00347621
1.58437 0.0159901 0.00426346
1.59073 0.0160216 0.00493936
1.59701 0.016056 0.00548888
1.60325 0.016093 0.00591385
1.60952 0.0161313 0.00612788
1.6158 0.0161697 0.00610194
1.62211 0.0162065 0.00584464
1.62841 0.0162405 0.0053957
1.6347 0.0162708 0.00481316
1.64098 0.0162968 0.00413283
1.64723 0.0163177 0.00335029
1.65344 0.016333 0.00246771
1.65961 0.0163424 0.00151764
1.66576 0.0163456 0.000515364
1.67196 0.0163424 -0.000514694
1.67822 0.016332 -0.00165435
1.68456 0.0163141 -0.00282787
1.69098 0.0162885 -0.00399649
1.69742 0.0162555 -0.00510906
1.70384 0.0162161 -0.00614523
1.71018 0.0161715 -0.00704186
1.71643 0.0161228 -0.00778435
1.72262 0.0160714 -0.00830751
1.72879 0.0160183 -0.00860191
1.73502 0.015964 -0.00872
1.74134 0.0159093 -0.00865094
1.74782 0.0158553 -0.00834536
1.75452 0.0158032 -0.00776099
1.7615 0.015755 -0.00690968
1.76879 0.015712 -0.00590059
1.77593 0.0156776 -0.0048069
1.78313 0.0156515 -0.00362697
1.79035 0.0156349 -0.00230874
1.79745 0.0156284 -0.000914575
1.80447 0.0156314 0.000432136
1.81111 0.0156419 0.0015747
1.81782 0.0156583 0.00244495
1.82446 0.015679 0.00312464
1.83092 0.0157031 0.00373021
1.8372 0.01573 0.00427912
1.84335 0.0157591 0.00474047
1.84936 0.0157895 0.00504777
1.85528 0.0158203 0.00519642
1.8611 0.0158505 0.00520241
1.86704 0.0158804 0.00503071
1.87322 0.0159093 0.00467773
1.87977 0.0159363 0.00411417
1.8868 0.0159598 0.00334561
1.89406 0.0159772 0.00239392
1.90122 0.0159868 0.00134351
1.90833 0.0159883 0.000211344
1.91537 0.0159812 -0.00100368
1.92249 0.0159653 -0.00223741
1.92963 0.0159414 -0.00334124
1.93682 0.0159099 -0.00438476
1.94409 0.0158709 -0.00535514
1.95133 0.0158264 -0.00616681
1.95863 0.0157765 -0.00682012
1.96585 0.0157242 -0.00724677
1.97282 0.0156724 -0.00743786
1.97931 0.015624 -0.00744821
1.98545 0.0155794 -0.00726543
1.99133 0.0155389 -0.00688508
1.99706 0.0155025 -0.0063604
2.00269 0.0154703 -0.0057225
2.00828 0.0154421 -0.00503787
2.01387 0.0154182 -0.00427703
2.01948 0.0153983 -0.00354621
2.02514 0.0153823 -0.00283017
2.03087 0.0153702 -0.00210967
2.0367 0.0153623 -0.00135073
2.04268 0.0153592 -0.00052479
2.04882 0.015361 0.000287369
2.05516 0.0153674 0.00101964
2.06146 0.0153781 0.00169286
2.06766 0.0153921 0.0022544
2.07377 0.0154084 0.00267604
2.07986 0.0154265 0.00297884
2.08594 0.015446 0.00320472
2.09208 0.0154666 0.00335713
2.09831 0.0154881 0.00344271
2.10465 0.0155099 0.00344358
2.11109 0.0155316 0.00337138
2.11747 0.0155525 0.00327143
2.12394 0.0155737 0.00327927
2.13062 0.0155966 0.00343045
2.13734 0.0156208 0.00358772
2.14429 0.0156461 0.00364469
2.15148 0.0156721 0.00361953
2.15871 0.0156981 0.00359545
2.16605 0.0157241 0.00353607
2.17356 0.01575 0.00345134
2.18093 0.0157751 0.00340222
2.18801 0.015799 0.00337547
2.19516 0.0158228 0.00333674
2.20247 0.0158469 0.00329967
2.20977 0.0158708 0.00327137
2.21699 0.0158936 0.00315754
2.22433 0.0159151 0.00292611
2.23172 0.0159341 0.00256636
2.23894 0.0159494 0.00212834
2.246 0.0159613 0.00167692
2.25286 0.0159695 0.00119947
2.25973 0.015974 0.000651763
2.26672 0.0159744 6.55473e-05
2.2737 0.015971 -0.000486058
2.28097 0.0159631 -0.0010971
2.2883 0.0159508 -0.00166781
2.29556 0.0159354 -0.00212386
2.30306 0.0159166 -0.00250485
2.31085 0.0158957 -0.0026894
2.3185 0.015875 -0.00270313
2.32615 0.0158557 -0.00252067
2.33395 0.0158386 -0.00220013
2.34163 0.015825 -0.00175903
2.34919 0.0158159 -0.00120385
2.35648 0.0158117 -0.000580948
2.36315 0.015812 4.61245e-05
2.36984 0.0158168 0.000721689
2.3769 0.0158272 0.00145827
2.38375 0.015842 0.00217057
2.39058 0.0158611 0.00279511
2.39726 0.0158832 0.00330128
2.40401 0.0159084 0.00374278
2.41102 0.0159371 0.00409253
2.41843 0.0159692 0.0043358
2.42584 0.0160017 0.00437501
2.4333 0.0160328 0.00417282
2.44116 0.0160626 0.00379015
2.44912 0.0160884 0.00324518
2.45695 0.0161081 0.00251266
2.46451 0.0161205 0.00163911
2.47185 0.0161252 0.000650466
2.47909 0.0161227 -0.000346798
2.48631 0.0161133 -0.00130128
2.49359 0.0160972 -0.00222172
2.50078 0.0160754 -0.00302868
2.50796 0.0160486 -0.00373012
2.51512 0.0160176 -0.00433688
2.52242 0.0159825 -0.00480252
2.52998 0.0159437 -0.00513092
2.5378 0.0159026 -0.0052541
2.54546 0.0158635 -0.0051074
2.553 0.0158279 -0.00471782
2.56048 0.0157978 -0.00402594
2.56773 0.0157752 -0.00312392
2.57469 0.0157602 -0.00215052
2.58166 0.0157522 -0.00114313
2.58809 0.015751 -0.000189543
2.5947 0.0157567 0.000862775
2.60163 0.0157706 0.00200277
2.60842 0.0157915 0.00307662
2.61475 0.015817 0.00403728
2.62128 0.0158492 0.00492826
2.62836 0.0158897 0.00572638
2.63546 0.0159344 0.00629514
2.64274 0.0159824 0.00659158
2.65022 0.0160317 0.00658991
2.65792 0.0160802 0.00629704
2.66542 0.0161239 0.00582411
2.67268 0.016161 0.00511302
2.6799 0.0161911 0.00416684
2.68723 0.0162133 0.00302463
2.69469 0.016226 0.0017041
2.70228 0.0162278 0.000238726
2.70989 0.0162182 -0.00125717
2.71744 0.0161971 -0.00279385
2.72494 0.0161646 -0.00433351
2.73242 0.0161213 -0.0057881
2.73996 0.0160669 -0.0072287
2.74764 0.0160018 -0.00847079
2.75537 0.0159289 -0.00943567
2.76299 0.0158514 -0.0101582
2.7702 0.0157744 -0.0106813
2.77754 0.0156943 -0.0109225
2.78506 0.0156125 -0.0108735
2.79235 0.0155349 -0.0106477
2.79954 0.0154614 -0.0102124
2.8069 0.0153914 -0.00950604
2.81419 0.0153292 -0.00853451
2.82141 0.0152761 -0.00735375
2.82872 0.0152323 -0.00599129
2.83616 0.0151992 -0.00445485
2.84359 0.0151781 -0.00284256
2.85096 0.015169 -0.00123183
2.85821 0.0151713 0.000324196
2.86538 0.0151839 0.0017475
2.87257 0.0152058 0.00304667
2.87971 0.0152358 0.00420217
2.88695 0.0152733 0.00518057
2.8941 0.0153159 0.00595471
2.90131 0.0153633 0.00657066
2.90848 0.0154137 0.00703777
2.91543 0.0154645 0.00731526
2.92233 0.0155159 0.00744266
2.92933 0.0155678 0.00741695
2.93644 0.0156192 0.00722488
2.94357 0.0156679 0.00682735
2.95076 0.0157127 0.00624043
2.95811 0.0157532 0.00550775
2.96566 0.0157885 0.00467382
2.97332 0.0158171 0.00373811
2.98085 0.0158376 0.00271901
2.98826 0.0158501 0.00168747
2.99563 0.0158546 0.00060985
3.0029 0.0158514 -0.000444542
3.01006 0.0158411 -0.00142841
3.01719 0.0158251 -0.00225252
3.02414 0.0158052 -0.00285917
3.03098 0.0157822 -0.00336118
3.03794 0.0157561 -0.00375611
3.0449 0.0157285 -0.00395349
3.05207 0.0157008 -0.00387548
3.0596 0.0156739 -0.00356822
3.06693 0.0156508 -0.00315033
3.07383 0.0156319 -0.0027443
3.08077 0.0156158 -0.00231376
3.08767 0.0156029 -0.00186862
3.09476 0.015593 -0.00140452
3.10206 0.0155861 -0.000941636
3.10964 0.0155825 -0.000466927
3.11734 0.0155825 -6.12017e-06
3.125 0.0155857 0.000419135
3.13261 0.0155919 0.000810035
3.14025 0.0156005 0.00112815
3.14767 0.0156104 0.0013401
3.1551 0.0156212 0.00145097
3.16283 0.0156324 0.0014499
3.17058 0.0156428 0.00133768
3.17828 0.0156517 0.00115247
3.1859 0.0156587 0.000926714
3.19349 0.0156638 0.000668271
3.20111 0.0156667 0.000387861
3.20875 0.0156675 9.64743e-05
3.21639 0.0156659 -0.000210605
3.22397 0.0156618 -0.000539795
3.23142 0.0156554 -0.000852872
3.23874 0.0156471 -0.00113555
3.24598 0.0156371 -0.00138608
3.25326 0.0156253 -0.00161791
3.26043 0.0156124 -0.00180447
3.26758 0.015599 -0.00187167
3.27485 0.015587 -0.00164878
3.28223 0.0155775 -0.00128711
3.28975 0.0155709 -0.000874326
3.29751 0.0155671 -0.000495031
3.30539 0.0155656 -0.000184396
3.3131 0.0155665 0.000111871
3.32076 0.0155701 0.00046519
3.32848 0.0155767 0.000857119
3.33624 0.0155862 0.00122471
3.344 0.0155983 0.0015592
3.35164 0.0156124 0.00185106
3.35927 0.0156287 0.00213275
3.36693 0.0156472 0.0024155
3.37461 0.0156679 0.0026928
3.38229 0.0156908 0.00298098
3.3899 0.0157161 0.00332652
3.39743 0.0157441 0.00371617
3.4049 0.0157748 0.00411894
3.41238 0.0158084 0.00448335
3.41975 0.0158435 0.00477356
3.42703 0.01588 0.00501195
3.43422 0.0159178 0.00524825
3.44142 0.015957 0.00544328
3.44885 0.0159984 0.00558384
3.45658 0.0160423 0.00567369
3.4642 0.0160858 0.00570381
3.47203 0.0161301 0.00565746
3.47988 0.0161742 0.00561933
3.4876 0.0162175 0.00561222
3.49517 0.0162586 0.00543044
3.50282 0.0162969 0.00500519
3.51055 0.0163307 0.00437469
3.51815 0.0163585 0.00365438
