t x vx
0.01 0.0165002 2.12742e-05
0.02 0.0165009 7.1016e-05
0.0374118 0.0165036 0.000156058
0.0551572 0.0165079 0.000241338
0.0736327 0.016514 0.000328001
0.092636 0.0165219 0.000418323
0.111998 0.0165318 0.00051218
0.131541 0.0165437 0.000608028
0.151213 0.0165575 0.000700345
0.170947 0.0165729 0.000778587
0.19074 0.0165894 0.000837044
0.210574 0.0166069 0.000878564
0.230318 0.0166246 0.000897349
0.249867 0.016642 0.000892884
0.269058 0.016659 0.000884921
0.288141 0.0166753 0.000853097
0.307299 0.0166906 0.000800864
0.32637 0.016705 0.000753559
0.345435 0.0167172 0.000639369
0.36471 0.0167272 0.000520527
0.384215 0.0167358 0.000439253
0.404044 0.0167426 0.000343226
0.423891 0.016747 0.00022127
0.443718 0.0167495 0.000125535
0.463452 0.0167503 3.84231e-05
0.482986 0.0167494 -4.3046e-05
0.502296 0.0167468 -0.000133528
0.521425 0.0167424 -0.000233936
0.540182 0.0167359 -0.000343344
0.558415 0.0167275 -0.000460113
0.576694 0.0167168 -0.000588554
0.595331 0.016703 -0.000737483
0.613865 0.0166864 -0.000896325
0.63245 0.0166671 -0.00104061
0.65115 0.0166453 -0.00116233
0.669979 0.0166214 -0.00127214
0.688934 0.0165954 -0.00136964
0.707842 0.0165679 -0.00145594
0.726736 0.016539 -0.0015278
0.745572 0.0165093 -0.00157569
0.764373 0.0164794 -0.00159401
0.783117 0.0164497 -0.00158144
0.801753 0.0164209 -0.00154736
0.820281 0.0163931 -0.0014981
0.838738 0.0163666 -0.00143951
0.85721 0.016341 -0.00138567
0.875732 0.0163163 -0.00133245
0.894259 0.0162927 -0.0012763
0.912804 0.0162701 -0.00121566
0.931416 0.0162487 -0.00115087
0.950138 0.0162284 -0.00108403
0.969005 0.0162092 -0.00101641
0.987961 0.0161912 -0.000948237
1.00694 0.0161746 -0.000878852
1.02596 0.0161592 -0.000807709
1.045 0.0161452 -0.000736492
1.06409 0.0161324 -0.000668752
1.08321 0.0161208 -0.00060699
1.10232 0.0161103 -0.000550476
1.12136 0.0161008 -0.000500579
1.14033 0.0160921 -0.000457562
1.15926 0.0160841 -0.000418776
1.17808 0.016077 -0.000379771
1.19659 0.0160708 -0.000336553
1.215 0.0160654 -0.000289694
1.23343 0.0160609 -0.00024337
1.25209 0.0160572 -0.000200431
1.27095 0.0160542 -0.000161913
1.28985 0.0160517 -0.000127464
1.30884 0.0160499 -9.54653e-05
1.32791 0.0160487 -6.33318e-05
1.34707 0.0160482 -2.79465e-05
1.36601 0.0160484 1.19957e-05
1.38485 0.0160495 5.7153e-05
1.40372 0.0160515 0.00010645
1.42276 0.0160545 0.000155007
1.44198 0.0160583 0.000198093
1.46116 0.0160627 0.000231016
1.48026 0.0160675 0.000250173
1.49921 0.0160723 0.000253254
1.51807 0.0160768 0.000242641
1.53688 0.0160811 0.000227509
1.55569 0.0160851 0.000213989
1.57453 0.016089 0.00020439
1.59325 0.0160927 0.000197303
1.61193 0.0160962 0.000188034
1.6305 0.0160994 0.000170703
1.64915 0.0161021 0.000144949
1.668 0.0161042 0.000114274
1.68685 0.0161057 7.88501e-05
1.70576 0.0161064 3.48583e-05
1.72477 0.016106 -1.80335e-05
1.74375 0.0161046 -7.63273e-05
1.7625 0.016102 -0.000136256
1.78118 0.0160984 -0.000194369
1.7998 0.0160938 -0.000248521
1.81828 0.0160883 -0.000295698
1.8366 0.0160823 -0.000329125
1.85464 0.0160761 -0.000345218
1.87231 0.01607 -0.000343336
1.8898 0.0160643 -0.000323249
1.90734 0.0160593 -0.000285416
1.92513 0.0160553 -0.000228956
1.94295 0.0160524 -0.000158197
1.9607 0.0160511 -7.6392e-05
1.97846 0.0160513 1.47075e-05
1.99629 0.0160533 0.000111792
2.01421 0.0160572 0.000212968
2.03222 0.0160629 0.000316586
2.05032 0.0160705 0.000422695
2.06843 0.0160801 0.000527865
2.08637 0.0160913 0.00062548
2.10419 0.016104 0.000712041
2.12198 0.016118 0.000785607
2.13982 0.016133 0.000845865
2.15773 0.016149 0.000893625
2.17553 0.0161655 0.000926476
2.1933 0.0161823 0.000945676
2.21112 0.0161993 0.000952532
2.22902 0.0162163 0.000948858
2.24704 0.0162332 0.00093629
2.26521 0.0162498 0.000916071
2.28354 0.0162661 0.000888243
2.30195 0.0162818 0.000853643
2.3203 0.0162967 0.000813944
2.33862 0.0163109 0.000771913
2.35694 0.0163243 0.000729428
2.37525 0.0163369 0.000689085
2.39355 0.0163488 0.000652166
2.4118 0.0163601 0.000619934
2.42998 0.0163709 0.000593635
2.44809 0.0163813 0.000573514
2.46616 0.0163914 0.000558949
2.48422 0.0164013 0.000548221
2.50234 0.0164111 0.000539243
2.52054 0.0164207 0.000529925
2.53881 0.0164302 0.000518428
2.55713 0.0164394 0.000504295
2.57553 0.0164484 0.000487101
2.59401 0.016457 0.000466173
2.61244 0.0164651 0.000440728
2.63084 0.0164727 0.000410179
2.64919 0.0164795 0.00037414
2.66749 0.0164856 0.00033235
2.68579 0.0164908 0.000285484
2.70404 0.0164951 0.000233907
2.72224 0.0164984 0.000178323
2.74037 0.0165005 0.000119971
2.75847 0.0165016 6.05826e-05
2.77653 0.0165017 2.13674e-06
2.7946 0.0165007 -5.17228e-05
2.81272 0.016499 -9.77447e-05
2.83084 0.0164966 -0.000131904
2.8489 0.0164938 -0.000151972
2.86696 0.016491 -0.000158778
2.88506 0.0164882 -0.000154272
2.90323 0.0164856 -0.000141874
2.92136 0.0164833 -0.000125969
2.93944 0.0164813 -0.000110148
2.95752 0.0164796 -9.75357e-05
2.9756 0.0164779 -9.04525e-05
2.99371 0.0164763 -9.06952e-05
3.01185 0.0164745 -9.92122e-05
3.03006 0.0164724 -0.000116266
3.04833 0.0164698 -0.000141209
3.06668 0.0164666 -0.000172645
3.08511 0.0164628 -0.000208379
3.1035 0.0164582 -0.000247149
3.12185 0.016453 -0.000286129
3.1402 0.0164471 -0.00032225
3.1585 0.0164406 -0.000352946
3.17674 0.0164337 -0.000377224
3.19498 0.0164265 -0.00039447
3.21327 0.0164191 -0.000403852
3.23158 0.0164117 -0.000404798
3.24981 0.0164045 -0.000396285
3.268 0.0163976 -0.000378981
3.2862 0.0163912 -0.000353905
3.30449 0.0163852 -0.000323583
3.32292 0.0163798 -0.0002933
3.34148 0.0163749 -0.000267562
3.35988 0.0163703 -0.000247167
3.37808 0.0163662 -0.000229633
3.39612 0.0163623 -0.000213167
3.41406 0.0163588 -0.000196895
3.432 0.0163555 -0.00018115
3.45 0.0163525 -0.000166981
3.46809 0.0163497 -0.000155945
3.48624 0.0163469 -0.000153035
3.50443 0.016344 -0.000157684
3.52266 0.016341 -0.000167336
3.54088 0.0163377 -0.000179514
3.55907 0.0163342 -0.000192455
3.57718 0.0163305 -0.000204723
3.5952 0.0163266 -0.000215316
3.61312 0.0163227 -0.000221839
3.63094 0.0163187 -0.000221027
3.64868 0.016315 -0.000212712
3.66636 0.0163115 -0.000195872
3.68404 0.0163085 -0.000171127
3.70176 0.016306 -0.000140448
3.71954 0.0163041 -0.000106119
3.7374 0.0163028 -7.09091e-05
3.75533 0.0163022 -3.70684e-05
3.77333 0.016302 -6.65787e-06
3.79139 0.0163024 1.92901e-05
3.80947 0.0163031 4.10359e-05
3.82754 0.0163042 5.99155e-05
3.84556 0.0163056 7.67099e-05
3.86347 0.0163072 9.04311e-05
3.88127 0.016309 9.94094e-05
3.89895 0.0163108 0.000103133
3.91654 0.0163126 0.000102661
3.93407 0.0163143 9.8795e-05
3.95158 0.0163159 9.16899e-05
3.96914 0.0163174 8.12119e-05
3.98677 0.0163186 6.8678e-05
4.00452 0.0163196 5.70849e-05
4.02238 0.0163205 5.06907e-05
4.0403 0.0163214 5.282e-05
4.05822 0.0163226 6.34187e-05
4.07612 0.016324 7.89083e-05
4.09397 0.0163257 9.47676e-05
4.11175 0.0163277 0.000110655
4.12943 0.01633 0.000130407
4.14702 0.0163327 0.000154325
4.16455 0.0163358 0.000179393
4.18211 0.0163394 0.000202225
4.19982 0.0163433 0.000222715
4.21774 0.0163476 0.000238052
4.23584 0.016352 0.000246785
4.25405 0.0163566 0.000250112
4.27231 0.0163612 0.000249527
4.29051 0.0163656 0.000241896
4.30858 0.0163696 0.000225132
4.32648 0.0163732 0.000198583
4.34421 0.0163761 0.000163323
4.36182 0.0163782 0.000122485
4.37939 0.0163796 7.93553e-05
4.39698 0.0163803 3.63187e-05
4.41466 0.0163802 -5.11395e-06
4.43249 0.0163794 -4.31433e-05
4.4505 0.016378 -7.56784e-05
4.46868 0.0163762 -0.000100917
4.48703 0.016374 -0.000119381
4.50548 0.0163716 -0.00013196
4.52394 0.016369 -0.000138093
4.54226 0.0163666 -0.000134808
4.56043 0.0163644 -0.000117991
4.57838 0.0163629 -8.6531e-05
4.59613 0.0163621 -4.55193e-05
4.6138 0.016362 -1.52726e-06
4.63152 0.0163628 4.31273e-05
4.64943 0.0163644 8.91025e-05
4.66764 0.0163668 0.00013347
4.68619 0.01637 0.000172457
4.70483 0.0163737 0.000199382
4.72339 0.0163776 0.000206915
4.74191 0.0163814 0.000204123
4.76027 0.0163849 0.000192892
4.77837 0.0163881 0.000173698
4.7963 0.0163907 0.00014897
4.81385 0.0163928 0.000120091
4.83116 0.0163943 8.5193e-05
4.84844 0.016395 4.19693e-05
4.86591 0.0163949 -9.2867e-06
4.88371 0.0163937 -6.68444e-05
4.90181 0.0163914 -0.000127089
4.92003 0.016388 -0.000183842
4.93842 0.0163837 -0.000232748
4.95683 0.0163788 -0.000269896
4.97504 0.0163734 -0.000294338
4.99285 0.016368 -0.000302024
5.01038 0.0163629 -0.000293511
5.02781 0.0163582 -0.000267326
5.04541 0.0163544 -0.000220445
5.06339 0.0163516 -0.000151877
5.08149 0.0163503 -7.10422e-05
5.09947 0.0163505 7.87007e-06
5.11738 0.0163518 7.41101e-05
5.13525 0.016354 0.000123293
5.15318 0.0163568 0.000155404
5.17123 0.0163599 0.000173855
5.18944 0.0163633 0.00018368
5.20756 0.0163666 0.000184642
5.22569 0.0163697 0.00017222
5.24321 0.0163723 0.000146428
5.26031 0.0163742 0.000107765
5.27731 0.0163753 6.79469e-05
5.29466 0.0163759 3.54472e-05
5.31231 0.0163759 1.30314e-06
5.33029 0.0163752 -4.24212e-05
5.34847 0.0163734 -9.7926e-05
5.36679 0.0163706 -0.000152754
5.38527 0.0163669 -0.000197998
5.40339 0.0163627 -0.000236355
5.42142 0.0163578 -0.000268489
5.43956 0.0163524 -0.000297659
5.45787 0.0163466 -0.000320119
5.47558 0.0163407 -0.000330086
5.49295 0.016335 -0.000327922
5.5104 0.0163297 -0.000306099
5.52832 0.0163249 -0.000264348
5.54652 0.016321 -0.000215951
5.56466 0.0163178 -0.000176306
5.58283 0.0163151 -0.000147
5.60108 0.0163129 -0.00012254
5.61941 0.0163111 -9.96238e-05
5.63756 0.0163096 -7.95272e-05
5.65558 0.0163085 -6.44623e-05
5.67378 0.0163074 -5.82044e-05
5.69182 0.0163063 -6.02158e-05
5.70931 0.0163051 -6.96368e-05
5.72659 0.0163038 -7.52844e-05
5.74412 0.0163027 -6.60759e-05
5.7621 0.0163018 -4.71363e-05
5.78013 0.0163012 -3.24642e-05
5.79861 0.0163007 -2.88934e-05
5.81707 0.0163 -3.54455e-05
5.83555 0.0162993 -4.14372e-05
5.85404 0.0162985 -4.40199e-05
5.8722 0.0162976 -4.47024e-05
5.89027 0.0162969 -4.21815e-05
5.90851 0.0162961 -4.17869e-05
5.92699 0.0162953 -4.58203e-05
5.94487 0.0162943 -5.33614e-05
5.96246 0.0162933 -5.65447e-05
5.98013 0.0162925 -4.39591e-05
5.99788 0.0162922 -1.81053e-05
6.01555 0.0162924 7.3125e-06
6.03348 0.0162928 2.69493e-05
6.05147 0.0162936 4.34996e-05
6.06953 0.0162948 6.42342e-05
6.08767 0.0162965 9.53941e-05
6.10591 0.0162989 0.000129925
6.12423 0.0163018 0.000161124
6.14249 0.0163052 0.000181819
6.16058 0.0163085 0.000184094
6.1786 0.0163115 0.00016881
6.19656 0.0163141 0.000141675
6.21442 0.016316 0.000110514
6.23232 0.0163174 7.81942e-05
6.25038 0.0163182 4.31364e-05
6.2683 0.0163184 8.65995e-06
6.28612 0.016318 -1.89728e-05
6.30415 0.0163174 -3.59812e-05
6.32254 0.0163166 -4.01571e-05
6.3413 0.016316 -3.48388e-05
6.36026 0.0163156 -2.33885e-05
6.37892 0.0163155 -4.67949e-06
6.39736 0.016316 2.68778e-05
6.41564 0.0163172 6.96132e-05
6.43358 0.0163193 0.000114375
6.45132 0.016322 0.000155368
6.46905 0.0163254 0.000190643
6.48691 0.0163294 0.000220971
6.50499 0.0163338 0.000245909
6.52318 0.0163387 0.00026605
6.54141 0.0163437 0.000278622
6.55958 0.0163488 0.000281465
6.57765 0.0163538 0.000274769
6.59562 0.0163585 0.000259682
6.6135 0.0163627 0.000236572
6.63138 0.0163664 0.000204598
6.64932 0.0163693 0.000165727
6.66736 0.0163715 0.000121769
6.6855 0.0163729 7.54539e-05
6.70366 0.0163734 2.94891e-05
6.72178 0.0163732 -1.4469e-05
6.73975 0.0163722 -5.57446e-05
6.75751 0.0163705 -9.1595e-05
6.77505 0.0163685 -0.000115477
6.79239 0.0163663 -0.000128464
6.80961 0.016364 -0.000131426
6.82684 0.0163619 -0.000124904
6.84419 0.01636 -0.000108
6.86175 0.0163586 -7.83723e-05
6.87952 0.016358 -3.59209e-05
6.89746 0.0163583 1.68097e-05
6.9155 0.0163596 7.42535e-05
6.93357 0.016362 0.000129801
6.95158 0.0163652 0.000177225
6.96947 0.016369 0.000211974
6.98721 0.0163731 0.000232247
7.00481 0.0163773 0.000238277
7.02231 0.0163813 0.000231739
7.03979 0.0163851 0.000215663
7.05727 0.0163885 0.000191676
7.07478 0.0163913 0.000161255
7.09232 0.0163935 0.000125111
7.10988 0.016395 8.48713e-05
7.12744 0.0163957 4.40157e-05
7.14501 0.0163958 1.65029e-06
7.16259 0.0163951 -3.86212e-05
7.1802 0.0163937 -7.64213e-05
7.19786 0.0163918 -0.000108974
7.21559 0.0163895 -0.000133242
7.23338 0.0163868 -0.000149285
7.25124 0.016384 -0.000157755
7.26916 0.0163811 -0.000159236
7.28711 0.0163783 -0.000155156
7.30508 0.0163757 -0.00014672
7.32305 0.0163733 -0.000134504
7.34102 0.0163711 -0.000122338
7.35903 0.0163691 -0.000110345
7.37713 0.0163673 -9.75272e-05
7.39535 0.0163658 -8.26816e-05
7.4137 0.0163646 -6.4653e-05
7.43214 0.0163638 -4.30606e-05
7.45065 0.0163635 -1.96458e-05
7.46914 0.0163635 1.99972e-06
7.48755 0.0163639 1.83001e-05
7.50581 0.0163644 2.77593e-05
7.52387 0.0163649 3.00121e-05
7.54178 0.0163654 2.55578e-05
7.55959 0.0163657 1.63552e-05
7.57741 0.0163657 4.39362e-06
7.59527 0.0163656 -8.79126e-06
7.61319 0.0163652 -1.9663e-05
7.63115 0.0163648 -2.63338e-05
7.64916 0.0163642 -2.88573e-05
7.66721 0.0163637 -2.88907e-05
7.68518 0.0163632 -3.00326e-05
7.70302 0.0163626 -3.2737e-05
7.72072 0.016362 -3.38216e-05
7.73832 0.0163614 -3.20689e-05
7.75585 0.0163609 -2.92572e-05
7.77341 0.0163605 -2.61476e-05
7.79092 0.0163601 -2.09552e-05
7.80826 0.0163599 -1.16654e-05
7.82555 0.0163599 2.06618e-06
7.84288 0.0163602 1.90105e-05
7.86033 0.0163609 3.61314e-05
7.87797 0.0163618 5.11253e-05
7.89583 0.0163629 6.32334e-05
7.91387 0.0163642 7.17219e-05
7.93175 0.0163655 7.46808e-05
7.94941 0.0163668 7.30836e-05
7.96689 0.016368 6.89757e-05
7.98427 0.0163692 6.49335e-05
8.00165 0.0163703 6.26253e-05
8.01907 0.0163714 6.42628e-05
8.03655 0.0163726 6.98913e-05
8.054 0.0163739 7.66936e-05
8.07137 0.0163753 8.02349e-05
8.08877 0.0163767 7.88385e-05
8.10629 0.016378 7.22177e-05
8.12377 0.016379 6.04448e-05
8.14121 0.0163798 4.58784e-05
8.15865 0.0163804 3.1956e-05
8.17612 0.0163807 1.97808e-05
8.19362 0.0163809 1.11408e-05
8.21114 0.0163811 7.73175e-06
8.22863 0.0163812 8.97916e-06
8.24607 0.0163814 1.32412e-05
8.26345 0.0163818 1.81013e-05
8.28077 0.0163821 2.05628e-05
8.29806 0.0163824 1.78842e-05
8.3153 0.0163825 6.60163e-06
8.33265 0.0163823 -1.31959e-05
8.35016 0.0163816 -3.77831e-05
8.36786 0.0163806 -6.16494e-05
8.38573 0.0163791 -8.02158e-05
8.40374 0.0163775 -9.06703e-05
8.42185 0.0163758 -9.48931e-05
8.44001 0.016374 -9.95286e-05
8.45816 0.016372 -0.000108785
8.47626 0.0163698 -0.000119953
8.49421 0.0163676 -0.000124388
8.51188 0.0163654 -0.000123364
8.52936 0.0163631 -0.000133698
8.54686 0.0163605 -0.000145286
8.56446 0.0163578 -0.000155772
8.58207 0.0163549 -0.000161106
8.59976 0.0163521 -0.000160072
8.61761 0.0163494 -0.000154302
8.63567 0.0163467 -0.000149391
8.65398 0.0163439 -0.000153377
8.67253 0.0163407 -0.000169174
8.69105 0.0163372 -0.000188722
8.70941 0.0163335 -0.00020159
8.7274 0.0163298 -0.000204203
8.74511 0.0163262 -0.000207405
8.76274 0.0163226 -0.000201943
8.78048 0.0163194 -0.000183799
8.79838 0.0163166 -0.000150869
8.81651 0.0163148 -0.000104689
8.83442 0.0163137 -5.62355e-05
8.85227 0.0163135 -1.44317e-05
8.87021 0.0163138 1.49538e-05
8.88832 0.0163143 3.0262e-05
8.90663 0.0163149 3.31975e-05
8.92468 0.0163154 2.46268e-05
8.94239 0.0163155 7.29721e-06
8.95983 0.0163153 -1.30891e-05
8.97714 0.0163147 -3.10613e-05
8.99445 0.016314 -4.37367e-05
9.01183 0.0163131 -4.95926e-05
9.02932 0.0163122 -4.97727e-05
9.04691 0.0163114 -4.71728e-05
