t x vx
0.01 0.0165001 6.49162e-06
0.02 0.0165002 1.05937e-05
0.0659498 0.0165015 2.80854e-05
0.111974 0.0165034 4.30342e-05
0.159605 0.0165062 5.75587e-05
0.208431 0.0165097 7.12532e-05
0.258233 0.0165138 8.36513e-05
0.308618 0.0165186 9.41666e-05
0.359342 0.0165237 0.000101811
0.410299 0.0165291 0.000104831
0.461423 0.0165343 0.00010272
0.512626 0.0165392 9.59574e-05
0.563785 0.0165435 8.32189e-05
0.614902 0.0165468 6.54952e-05
0.665988 0.0165495 5.23709e-05
0.717033 0.0165514 3.60667e-05
0.768091 0.0165521 1.38044e-05
0.819174 0.0165517 -8.0029e-06
0.870273 0.0165502 -2.90378e-05
0.921385 0.0165474 -5.47227e-05
0.972503 0.0165434 -7.73749e-05
1.0236 0.0165387 -9.20913e-05
1.07469 0.0165335 -0.000101313
1.12576 0.0165278 -0.000112927
1.17682 0.0165212 -0.000129087
1.22785 0.0165138 -0.000145151
1.27882 0.0165057 -0.000157943
1.32972 0.0164973 -0.000166482
1.38058 0.0164883 -0.000176262
1.43132 0.0164787 -0.000188552
1.48179 0.0164687 -0.000198734
1.53218 0.0164585 -0.000203044
1.58266 0.0164484 -0.000199307
1.63324 0.0164391 -0.000183724
1.68376 0.0164314 -0.000153326
1.73425 0.016426 -0.000105311
1.78461 0.0164241 -3.8871e-05
1.83478 0.0164263 4.48132e-05
1.88474 0.0164336 0.000145412
1.93446 0.0164466 0.000260992
1.98378 0.0164658 0.00038906
2.03269 0.0164916 0.000528753
2.08141 0.0165247 0.000679759
2.12999 0.0165654 0.000837444
2.17847 0.0166137 0.00099491
2.22709 0.0166693 0.00114368
2.27584 0.0167312 0.00127097
2.32485 0.0167981 0.001364
2.37385 0.0168672 0.0014106
2.42254 0.0169352 0.00139696
2.47095 0.0169986 0.00130982
2.5191 0.0170537 0.00114326
2.5671 0.0170966 0.00089397
2.61481 0.0171234 0.000562066
2.66231 0.0171304 0.00014795
2.70941 0.0171142 -0.000343549
2.75601 0.0170722 -0.000901498
2.8022 0.0170023 -0.00151466
2.84821 0.0169023 -0.00217273
2.89388 0.0167717 -0.00285912
2.93878 0.0166124 -0.00354873
2.9833 0.0164241 -0.00422947
3.02804 0.0162055 -0.00488476
3.07145 0.0159682 -0.00546742
3.11358 0.0157171 -0.00596099
3.15444 0.0154578 -0.00634596
3.19413 0.0151952 -0.00661469
3.23277 0.0149351 -0.006733
3.27046 0.0146833 -0.00667941
3.30736 0.0144461 -0.00642976
3.34363 0.0142299 -0.00595869
3.37939 0.0140424 -0.00524536
3.4148 0.013891 -0.00427371
3.44988 0.0137841 -0.00304767
3.48413 0.013729 -0.00160946
3.51771 0.0137287 -8.16383e-06
3.55051 0.0137839 0.00168165
3.58252 0.0138925 0.00339125
3.61347 0.0140488 0.00505216
3.64491 0.0142607 0.00673825
3.67488 0.0145107 0.00834097
3.70466 0.014806 0.00991636
3.7352 0.0151579 0.0115229
3.76874 0.0156032 0.013278
3.80552 0.016161 0.0151628
3.84094 0.0167611 0.0169455
3.87495 0.0173955 0.0186542
3.90694 0.018043 0.0202406
3.93694 0.0186945 0.0217126
3.96482 0.0193367 0.0230347
3.99053 0.019958 0.0241656
3.9999 0.0201892 0.024678
4.00836 0.020402 0.0251388
4.01567 0.0205884 0.0255251
4.02254 0.0207662 0.0258663
4.02904 0.0209362 0.0261574
4.03522 0.0210992 0.0263896
4.04109 0.0212552 0.0265503
4.04669 0.0214041 0.026622
4.05202 0.0215457 0.0265339
4.05714 0.0216803 0.0262908
4.06212 0.0218088 0.0258422
4.06707 0.021933 0.0250755
