t x vx
0.01 0.0164843 -0.00156696
0.02 0.0164343 -0.00500716
0.026892 0.0163826 -0.00749756
0.0341925 0.0163086 -0.0101395
0.0416622 0.0162127 -0.0128392
0.0492141 0.0160957 -0.0154848
0.0568131 0.0159586 -0.0180446
0.0644297 0.0158034 -0.0203761
0.0720156 0.0156333 -0.0224239
0.0795656 0.0154515 -0.0240791
0.0870721 0.0152625 -0.0251832
0.0945671 0.0150685 -0.025883
0.102065 0.0148744 -0.0258803
0.109363 0.0146893 -0.025363
0.11662 0.0145135 -0.0242276
0.123711 0.0143527 -0.0226711
0.130989 0.0142039 -0.0204527
0.137914 0.0140792 -0.0180029
0.14485 0.0139722 -0.015431
0.151963 0.0138813 -0.0127756
0.158985 0.0138114 -0.0099499
0.166421 0.0137608 -0.00681354
0.173918 0.0137323 -0.00379443
0.181914 0.013728 -0.000545228
0.189449 0.0137461 0.00240692
0.196992 0.0137848 0.00513038
0.204528 0.0138414 0.00750823
0.212119 0.0139148 0.00967699
0.219602 0.0140009 0.0115067
0.226985 0.0140966 0.0129556
0.234168 0.0141967 0.013936
0.241409 0.0143014 0.0144634
0.248749 0.0144083 0.0145589
0.256146 0.0145137 0.0142526
0.263502 0.0146137 0.0135939
0.270762 0.0147053 0.0126186
0.27804 0.0147878 0.0113319
0.28525 0.0148584 0.00979155
0.292273 0.014915 0.00805854
0.299361 0.0149588 0.00618221
0.306265 0.0149883 0.00427129
0.313116 0.0150046 0.00237982
0.319896 0.0150085 0.000578553
0.326703 0.0150015 -0.00103776
0.333582 0.0149845 -0.00246728
0.340561 0.0149587 -0.00369805
0.347444 0.0149266 -0.00466549
0.354272 0.0148894 -0.00544035
0.361203 0.0148483 -0.00594048
0.36798 0.0148058 -0.00625975
0.374583 0.0147633 -0.00643532
0.381341 0.0147199 -0.00642153
0.388144 0.0146779 -0.00618039
0.394873 0.0146392 -0.00575616
0.401442 0.0146064 -0.00499045
0.408224 0.0145792 -0.00400243
0.415289 0.01456 -0.00271891
0.422729 0.0145514 -0.00115869
0.430276 0.0145556 0.000558693
0.437207 0.0145713 0.0022553
0.444448 0.0146004 0.00403014
0.451418 0.0146399 0.00566577
0.458217 0.0146887 0.00716864
0.464971 0.0147463 0.0085391
0.47164 0.0148115 0.00976913
0.478077 0.0148811 0.0108106
0.48487 0.0149606 0.0117012
0.491944 0.0150483 0.0124064
0.499296 0.0151434 0.0129382
0.506686 0.0152418 0.0133055
0.514076 0.0153411 0.0134425
0.521385 0.0154384 0.0133122
0.528766 0.0155337 0.0129166
0.536222 0.0156253 0.0122854
0.543644 0.01571 0.0114066
0.550945 0.0157855 0.0103382
0.558115 0.0158503 0.00904027
0.565189 0.0159041 0.00759693
0.572216 0.0159461 0.00598463
0.579257 0.0159764 0.00430526
0.586381 0.0159947 0.00256651
0.593632 0.0160013 0.000907312
0.600946 0.0159963 -0.000677682
0.608214 0.0159805 -0.00217376
0.615541 0.0159544 -0.00356734
0.622954 0.0159187 -0.00480939
0.630354 0.0158744 -0.00598574
0.637706 0.0158233 -0.00695302
0.645135 0.0157669 -0.0075952
0.652768 0.0157063 -0.00794261
0.660459 0.0156455 -0.00789571
0.668118 0.0155888 -0.00741109
0.675641 0.0155387 -0.0066541
0.682974 0.015497 -0.00568575
0.690179 0.0154643 -0.00454283
0.697248 0.0154405 -0.00336274
0.70391 0.0154255 -0.00225883
0.710557 0.0154177 -0.00116362
0.717205 0.0154174 -4.55568e-05
0.723792 0.0154244 0.00105837
0.730055 0.0154371 0.00202881
0.736235 0.0154554 0.00294949
0.742195 0.0154778 0.00376614
0.747981 0.0155037 0.00448179
0.753597 0.0155324 0.0051101
0.759078 0.0155633 0.00562761
0.764457 0.0155956 0.00601172
0.769802 0.0156289 0.00623223
0.775172 0.0156626 0.0062692
0.780629 0.015696 0.00612575
0.786234 0.0157284 0.00577441
0.792059 0.015759 0.00525831
0.798198 0.0157869 0.00454552
0.804785 0.0158108 0.00362486
0.811777 0.0158285 0.00253387
0.818894 0.0158374 0.00124654
0.826089 0.0158368 -8.69801e-05
0.83314 0.0158271 -0.00136614
0.840135 0.0158096 -0.00251148
0.847121 0.0157855 -0.00344192
0.853923 0.0157575 -0.00411441
0.860749 0.0157265 -0.00453877
0.867706 0.0156931 -0.00480405
0.874829 0.0156587 -0.00482595
0.881855 0.0156268 -0.00454463
0.888449 0.0155998 -0.00409957
0.894787 0.0155774 -0.00353894
0.900816 0.0155597 -0.00292314
0.906608 0.0155462 -0.00233834
0.912204 0.0155362 -0.00177803
0.917657 0.0155297 -0.00119415
0.923006 0.0155266 -0.000581145
0.928283 0.0155269 6.3009e-05
0.933512 0.0155308 0.000734305
0.938712 0.0155381 0.00140851
0.943902 0.0155487 0.00204425
0.949105 0.0155622 0.00258263
0.954348 0.0155778 0.00297956
0.959654 0.0155948 0.00320674
0.965042 0.0156124 0.00326261
0.970531 0.0156299 0.00319757
0.97613 0.0156467 0.00298817
0.981844 0.0156621 0.00269426
0.987648 0.0156752 0.00227144
0.993487 0.0156857 0.00179282
0.999266 0.0156926 0.00119522
1.00488 0.0156954 0.000495221
1.01024 0.0156938 -0.000297088
1.01538 0.0156877 -0.00117844
1.02036 0.0156773 -0.00209896
1.02524 0.0156625 -0.00302638
1.03008 0.0156434 -0.00394166
1.03493 0.01562 -0.004838
1.03982 0.0155921 -0.00570427
1.0448 0.0155597 -0.00649976
1.04996 0.0155224 -0.00722399
1.05538 0.0154796 -0.00791775
1.06114 0.0154306 -0.00850143
1.06733 0.0153759 -0.00883813
1.07402 0.0153161 -0.00893422
1.08098 0.0152551 -0.00875735
1.08836 0.0151948 -0.00817431
1.09572 0.0151414 -0.00725368
1.10315 0.0150971 -0.00597574
1.1105 0.0150642 -0.00446311
1.11775 0.0150443 -0.00275256
1.12517 0.0150374 -0.000929782
1.13254 0.0150437 0.000863531
1.13948 0.0150608 0.00245963
1.14653 0.0150885 0.00393196
1.15339 0.0151238 0.00513844
1.16011 0.0151648 0.00610453
1.16696 0.0152119 0.00687934
1.17362 0.0152615 0.00743928
1.18031 0.0153137 0.00780891
1.18682 0.0153659 0.00801546
1.19335 0.0154186 0.00807248
1.19993 0.0154712 0.00798753
1.20669 0.0155237 0.00776447
1.2139 0.0155765 0.0073378
1.22159 0.0156284 0.00674343
1.22917 0.0156739 0.00599802
1.23664 0.0157109 0.00496368
1.24407 0.0157391 0.00379167
1.25137 0.0157577 0.00254881
1.25856 0.0157673 0.00133372
1.26569 0.0157678 6.2771e-05
1.27281 0.01576 -0.00108665
1.27989 0.0157442 -0.00223889
1.28697 0.0157212 -0.00324355
1.29415 0.0156925 -0.00399144
1.30136 0.0156595 -0.00458074
1.30878 0.0156222 -0.00503174
1.31658 0.0155805 -0.00534705
1.32455 0.0155366 -0.00550974
1.33241 0.0154939 -0.00542647
1.34017 0.0154544 -0.00509173
1.3478 0.0154201 -0.00449308
1.35532 0.0153926 -0.0036564
1.36274 0.0153731 -0.00262641
1.37008 0.0153621 -0.00150665
1.37734 0.0153591 -0.000408002
1.38426 0.0153636 0.000644424
1.39098 0.0153745 0.00162899
1.39757 0.0153909 0.00249127
1.40388 0.0154114 0.0032364
1.41041 0.0154368 0.00389615
1.41687 0.0154655 0.00444911
1.42359 0.0154987 0.00493638
1.43053 0.0155353 0.00527872
1.43791 0.0155758 0.00547651
1.4459 0.0156201 0.00554631
1.45381 0.0156626 0.00537207
1.4616 0.015701 0.00493393
1.46931 0.0157344 0.00433454
1.47682 0.0157615 0.00360823
1.48409 0.0157817 0.00276935
1.49116 0.0157945 0.00180956
1.49811 0.0158005 0.000869241
1.50504 0.0157998 -9.62871e-05
1.51202 0.0157931 -0.00096294
1.5189 0.0157808 -0.00178863
1.5258 0.0157635 -0.00250564
1.5327 0.0157423 -0.00307065
1.53971 0.0157179 -0.00348186
1.547 0.0156903 -0.00378438
1.55471 0.0156602 -0.00390753
1.56273 0.0156291 -0.00387647
1.5707 0.0155998 -0.00367896
1.57857 0.015574 -0.0032726
1.58631 0.0155535 -0.00265156
1.59393 0.0155393 -0.00186518
1.60145 0.015532 -0.000976543
1.60894 0.0155317 -3.8614e-05
1.61631 0.0155379 0.000840766
1.6236 0.01555 0.00166763
1.63065 0.0155673 0.00245755
1.63782 0.0155909 0.00328366
1.64483 0.0156195 0.00408226
1.65145 0.0156509 0.00473811
1.65831 0.0156872 0.00529572
1.66558 0.015729 0.00574637
1.67297 0.0157738 0.00606167
1.6806 0.0158217 0.00628584
1.68826 0.015871 0.00642829
1.69605 0.0159211 0.00643302
1.70387 0.0159698 0.00622584
1.71182 0.0160164 0.00586434
1.71934 0.016056 0.00526896
1.72684 0.0160903 0.00456998
1.73457 0.0161186 0.00366403
1.74218 0.0161384 0.00259219
1.7498 0.0161487 0.0013536
1.75746 0.0161484 -2.86109e-05
1.76503 0.0161372 -0.00149205
1.77277 0.0161142 -0.00296423
1.78041 0.016081 -0.00434547
1.78791 0.0160382 -0.00571029
1.79525 0.0159872 -0.00694457
1.80253 0.0159288 -0.00802663
1.80978 0.0158639 -0.00894279
1.81695 0.0157952 -0.00958907
1.82402 0.0157248 -0.00995906
1.83116 0.0156527 -0.0100916
1.83851 0.0155795 -0.00996462
1.84582 0.0155098 -0.00952913
1.85323 0.0154446 -0.00880193
1.86054 0.0153871 -0.00786054
1.86767 0.0153386 -0.00680206
1.87492 0.0152983 -0.0055664
1.88227 0.0152677 -0.00416332
1.88989 0.0152481 -0.0025674
1.89729 0.0152413 -0.00091513
1.90459 0.0152471 0.000794206
1.91202 0.0152658 0.00250467
1.9194 0.0152959 0.00408061
1.92688 0.0153366 0.00544342
1.93434 0.0153854 0.00653887
1.94171 0.0154398 0.00738132
1.94891 0.0154975 0.00802989
1.95608 0.0155585 0.00849851
1.96327 0.0156217 0.00878909
1.97053 0.0156862 0.00889398
1.97782 0.0157504 0.00880564
1.98512 0.0158132 0.00859404
1.99238 0.0158732 0.00826423
1.99964 0.0159298 0.00779874
2.00689 0.0159823 0.00724063
2.01412 0.0160301 0.00660371
2.02129 0.0160724 0.0058998
2.02838 0.0161085 0.00509682
2.03538 0.0161385 0.00428249
2.04237 0.0161624 0.00342314
2.04936 0.0161801 0.00253909
2.05629 0.0161913 0.00161511
2.06328 0.0161955 0.000589072
2.07046 0.0161924 -0.000422453
2.07771 0.0161823 -0.00139684
2.08506 0.016165 -0.00234917
2.09241 0.016141 -0.00327536
2.09961 0.0161113 -0.00411442
2.10682 0.0160772 -0.00473324
2.11409 0.0160402 -0.00508704
2.12146 0.0160017 -0.00522663
2.12895 0.0159627 -0.0052068
2.13653 0.0159255 -0.0049081
2.14416 0.015892 -0.0043849
2.15169 0.0158649 -0.00360685
2.15914 0.0158459 -0.00254542
2.16648 0.0158364 -0.0012954
2.17372 0.0158368 6.10777e-05
2.18071 0.0158468 0.00143054
2.1875 0.0158658 0.00279249
2.1941 0.0158929 0.00410406
2.20053 0.0159274 0.00536235
2.20653 0.0159664 0.00651532
2.21252 0.0160121 0.00762693
2.21829 0.0160619 0.00861968
2.22417 0.0161178 0.00950707
2.23012 0.0161785 0.0102139
2.23641 0.0162458 0.0107009
2.24286 0.0163166 0.0109624
2.24953 0.0163897 0.0109619
2.2564 0.0164629 0.0106544
2.26347 0.0165336 0.0100038
2.27051 0.0165966 0.00894835
2.2776 0.0166503 0.00757749
2.28458 0.0166918 0.00593851
2.29127 0.0167194 0.0041251
2.29807 0.0167333 0.00204607
2.30477 0.0167322 -0.000170615
2.31126 0.0167167 -0.00238658
2.31762 0.0166875 -0.00459208
2.32393 0.0166444 -0.00682934
2.33039 0.0165855 -0.00910455
2.337 0.0165105 -0.0113641
2.34376 0.0164189 -0.013547
2.35076 0.0163091 -0.0156784
2.35787 0.0161835 -0.0176656
2.36486 0.0160482 -0.0193654
2.37188 0.0159025 -0.0207639
2.37855 0.0157571 -0.0217686
2.38489 0.0156156 -0.0223427
2.39093 0.0154796 -0.0225109
2.39674 0.0153498 -0.0223508
2.40237 0.0152261 -0.0219541
2.40791 0.0151081 -0.0213026
2.41342 0.0149959 -0.0203664
2.41893 0.0148905 -0.0191432
2.42431 0.0147952 -0.0176991
2.42964 0.0147097 -0.0160359
2.43496 0.0146343 -0.0141987
2.44027 0.0145694 -0.0121867
2.44561 0.014516 -0.0100133
2.45099 0.0144745 -0.00771425
2.45646 0.0144454 -0.00532435
2.46208 0.0144294 -0.00284773
2.46789 0.0144274 -0.000332796
2.47393 0.0144406 0.00217349
2.48022 0.0144698 0.00464947
2.48676 0.0145162 0.00709331
2.49353 0.0145803 0.00946217
2.50046 0.0146612 0.0116688
2.50754 0.0147578 0.0136431
2.51453 0.0148644 0.0152667
2.52145 0.0149791 0.0165561
2.52838 0.0151005 0.0175242
2.53537 0.0152273 0.0181566
2.54249 0.0153585 0.0184242
2.54982 0.0154927 0.0182958
2.55692 0.015619 0.017783
2.56364 0.0157331 0.0169729
2.56999 0.0158343 0.015967
2.57602 0.0159239 0.0148541
2.58185 0.0160037 0.0136789
2.58762 0.0160756 0.0124634
2.59344 0.0161409 0.0112066
2.59942 0.0162 0.00988111
2.60563 0.0162523 0.00843175
2.61213 0.0162968 0.00684384
2.61851 0.0163302 0.00523521
2.6248 0.0163527 0.00358178
2.63113 0.0163649 0.00192817
2.6376 0.0163663 0.000218324
2.64435 0.0163555 -0.00159758
2.65123 0.016332 -0.00342843
2.65854 0.0162931 -0.00531207
2.66581 0.0162429 -0.00690798
2.67313 0.0161819 -0.00833623
2.6807 0.0161095 -0.00956063
2.68843 0.0160282 -0.0105197
2.69614 0.0159422 -0.0111561
2.70359 0.0158571 -0.0114184
2.71066 0.0157768 -0.011359
2.71752 0.0157015 -0.010979
2.7239 0.015635 -0.0104134
2.72992 0.0155765 -0.00972301
2.73565 0.0155257 -0.0088565
2.74119 0.0154821 -0.00788563
2.74658 0.0154449 -0.00689119
2.7519 0.0154134 -0.00592163
2.75716 0.0153874 -0.00494379
2.7624 0.0153666 -0.00396916
2.76764 0.0153508 -0.00302401
2.77288 0.0153398 -0.00209732
2.77811 0.0153336 -0.00117205
2.78331 0.0153323 -0.000266148
2.78845 0.0153354 0.000602448
2.79352 0.0153424 0.00138821
2.7985 0.0153527 0.00206849
2.80339 0.0153658 0.00267422
2.80821 0.0153813 0.00323154
2.81297 0.0153991 0.00372872
2.81769 0.0154189 0.00419966
2.82239 0.0154405 0.00459665
2.82709 0.0154635 0.00488309
2.83179 0.0154874 0.00509198
2.83651 0.0155121 0.00523521
2.84126 0.0155375 0.00533455
2.84605 0.0155629 0.005301
2.8509 0.0155875 0.00507785
2.85582 0.0156113 0.00485076
2.86081 0.0156342 0.00457934
2.86587 0.0156553 0.00417494
2.87098 0.0156744 0.00373315
2.87611 0.015691 0.00324558
2.8812 0.0157047 0.00267376
2.88621 0.0157151 0.00208123
2.89112 0.0157223 0.00146622
2.89597 0.0157262 0.00081015
2.90087 0.0157268 0.000123931
2.90596 0.0157239 -0.000582767
2.91138 0.0157169 -0.00128558
2.91729 0.0157044 -0.00211835
2.92388 0.0156849 -0.00295445
2.93135 0.0156562 -0.00384795
2.93907 0.0156202 -0.0046527
2.94678 0.0155793 -0.00530952
2.9545 0.0155355 -0.00567551
2.96221 0.0154914 -0.00571744
2.96975 0.0154496 -0.00554261
2.97727 0.0154108 -0.00515672
2.98464 0.0153766 -0.00464902
2.99197 0.0153469 -0.00404461
2.99898 0.0153229 -0.00342362
3.00594 0.0153037 -0.00275678
3.01315 0.0152898 -0.00192409
3.02024 0.0152825 -0.00103169
3.0274 0.0152827 2.54797e-05
3.03451 0.0152906 0.00111239
3.04163 0.0153054 0.00208038
3.04904 0.015327 0.00291302
3.05682 0.0153559 0.00370666
3.06434 0.0153888 0.00438223
3.07162 0.0154246 0.00491607
3.07919 0.0154638 0.00518592
3.08677 0.0155039 0.00528245
3.09435 0.015543 0.00515714
3.10167 0.0155795 0.00498795
3.10909 0.0156145 0.00471382
3.11656 0.0156467 0.00430909
3.12413 0.0156753 0.00377664
3.13174 0.0156991 0.00313234
3.13917 0.0157172 0.00243469
3.14643 0.0157295 0.00169328
3.1536 0.0157368 0.00101621
3.16086 0.0157397 0.000398677
3.16814 0.0157381 -0.000219183
3.17536 0.0157327 -0.000745944
3.18258 0.0157248 -0.00109378
3.1899 0.015715 -0.00133488
3.19737 0.015704 -0.00147453
3.20502 0.0156922 -0.0015401
3.21288 0.0156804 -0.00149891
3.22052 0.0156702 -0.00134656
3.22815 0.0156612 -0.00116848
3.23544 0.015654 -0.000999365
3.24241 0.0156485 -0.000787506
3.24916 0.015645 -0.000508529
3.25575 0.0156437 -0.000207312
3.2622 0.0156441 6.92989e-05
3.26859 0.015646 0.000302164
3.27496 0.0156489 0.000444055
3.28141 0.015652 0.000490817
3.28793 0.0156554 0.000514807
3.29432 0.0156589 0.00055577
3.30059 0.0156626 0.000586216
3.30638 0.0156661 0.000599601
3.31187 0.0156695 0.000622162
3.31722 0.0156732 0.000686437
3.32257 0.0156774 0.000781729
3.328 0.0156821 0.000877761
3.3336 0.0156875 0.000958541
3.33945 0.0156934 0.00100914
3.34561 0.0156996 0.00100142
3.35213 0.0157058 0.000961932
3.35895 0.0157121 0.000923377
3.36587 0.0157181 0.000861174
3.37309 0.0157237 0.000782943
3.38058 0.015729 0.000703468
