t x vx
0.01 0.0164652 -0.00348075
0.02 0.0163609 -0.0104269
0.0258088 0.0162781 -0.0142625
0.0323711 0.0161588 -0.0181798
0.0389721 0.0160153 -0.0217302
0.0457248 0.0158471 -0.0249096
0.0525259 0.0156592 -0.0276266
0.0593439 0.0154556 -0.0298666
0.0661744 0.0152404 -0.0315116
0.07304 0.0150171 -0.0325171
0.0798944 0.0147925 -0.0327691
0.0867259 0.0145727 -0.0321813
0.093601 0.0143616 -0.0306935
0.100249 0.0141721 -0.0285037
0.106988 0.0139999 -0.0255517
0.113577 0.0138548 -0.0220236
0.120265 0.0137347 -0.0179575
0.126668 0.0136468 -0.0137373
0.13356 0.0135857 -0.00886283
0.139893 0.013559 -0.00421222
0.146813 0.0135651 0.000878119
0.15396 0.0136068 0.00583857
0.161715 0.0136924 0.0110343
0.169386 0.0138142 0.0158818
0.177105 0.0139721 0.0204512
0.18469 0.0141592 0.0246687
0.1923 0.014376 0.0284827
0.199661 0.0146104 0.0318449
0.206939 0.0148634 0.0347725
0.214186 0.0151334 0.0372491
0.221397 0.0154163 0.0392308
0.228469 0.0157035 0.0406147
0.235531 0.0159963 0.0414666
0.242638 0.0162924 0.0416671
0.249649 0.0165812 0.0411799
0.256618 0.0168609 0.0401381
0.26348 0.0171248 0.038462
0.270269 0.0173707 0.0362159
0.276977 0.0175958 0.0335583
0.283547 0.0177967 0.03058
0.290366 0.0179822 0.027209
0.296883 0.0181368 0.0237189
0.303455 0.0182682 0.0199975
0.310106 0.0183752 0.0160763
0.316881 0.0184565 0.0119997
0.323394 0.018509 0.0080619
0.330027 0.0185364 0.00413588
0.336615 0.018539 0.00039986
0.343266 0.0185181 -0.0031471
0.350051 0.0184743 -0.00645465
0.357029 0.0184082 -0.00947429
0.364315 0.01832 -0.0121073
0.371717 0.018215 -0.0141762
0.378691 0.0181062 -0.0156056
0.385554 0.0179933 -0.0164525
0.39246 0.0178776 -0.016752
0.399274 0.0177649 -0.0165377
0.406052 0.0176575 -0.0158463
0.412657 0.0175606 -0.0146802
0.419177 0.0174753 -0.0130741
0.42565 0.0174033 -0.0111202
0.432344 0.0173447 -0.00876556
0.438997 0.0173039 -0.00612711
0.445596 0.0172823 -0.00327864
0.452194 0.0172807 -0.000239962
0.458437 0.0172979 0.00275743
0.464903 0.017336 0.00589036
0.471164 0.0173915 0.00887259
0.47742 0.017465 0.0117517
0.483803 0.0175578 0.0145293
0.49031 0.0176697 0.017197
0.496826 0.0177974 0.0195988
0.503405 0.0179392 0.0215556
0.510076 0.0180924 0.0229566
0.51685 0.0182532 0.0237427
0.523558 0.0184133 0.0238613
0.53022 0.0185682 0.0232584
0.53665 0.0187103 0.0221025
0.54285 0.0188377 0.0205441
0.548712 0.0189478 0.0187833
0.554545 0.0190463 0.0168803
0.560545 0.0191349 0.0147736
0.566171 0.0192063 0.0126898
0.571876 0.0192663 0.0105153
0.577651 0.019314 0.00826245
0.583604 0.0193491 0.00589289
0.589834 0.0193708 0.0034853
0.596117 0.019378 0.0011445
0.603056 0.0193688 -0.00132814
0.610289 0.0193415 -0.0037659
0.617742 0.0192964 -0.00605622
0.625157 0.0192366 -0.00805758
0.632811 0.0191621 -0.00973561
0.640281 0.0190802 -0.010968
0.647465 0.0189955 -0.0117962
0.654677 0.018907 -0.0122665
0.661891 0.0188181 -0.0123267
0.669024 0.0187328 -0.0119514
0.676095 0.0186538 -0.0111732
0.683097 0.0185836 -0.0100203
0.689964 0.0185248 -0.00857063
0.6968 0.018478 -0.00684887
0.703799 0.0184442 -0.00482727
0.710697 0.0184258 -0.00266453
0.717518 0.0184231 -0.00039284
0.724244 0.0184364 0.00197449
0.7306 0.0184631 0.00420735
0.736908 0.0185038 0.00644176
0.743286 0.0185586 0.00859618
0.749762 0.0186277 0.0106637
0.75636 0.0187106 0.0125641
0.763031 0.0188048 0.0141261
0.769841 0.0189092 0.0153306
0.776728 0.0190203 0.0161253
0.783623 0.0191339 0.0164877
0.790464 0.0192464 0.0164344
0.797118 0.0193523 0.0159138
0.803748 0.0194517 0.0150028
0.810361 0.0195427 0.0137623
0.812963 0.019577 0.0131492
0.815557 0.0196094 0.0125038
0.81809 0.0196394 0.0118442
0.820607 0.0196675 0.0111643
0.82316 0.0196942 0.0104529
0.825637 0.0197183 0.00973142
0.828126 0.0197406 0.00898688
0.83054 0.0197606 0.00824788
0.832934 0.0197785 0.00750476
0.835329 0.0197947 0.00676092
0.837729 0.0198092 0.00601962
0.840147 0.0198219 0.00528345
0.842574 0.019833 0.0045613
0.844968 0.0198422 0.00386062
0.847375 0.0198499 0.00316329
0.849824 0.0198559 0.00246575
0.852337 0.0198604 0.00177127
0.854942 0.0198632 0.00109886
0.857588 0.0198645 0.00047981
0.860218 0.0198643 -8.26379e-05
0.862894 0.0198627 -0.000598975
0.865667 0.0198597 -0.00107354
0.868529 0.0198554 -0.00150248
0.871429 0.01985 -0.00186064
0.874349 0.0198438 -0.00213158
0.877271 0.019837 -0.0023122
0.880098 0.0198302 -0.00241902
0.882845 0.0198234 -0.00247689
0.885531 0.0198167 -0.00249728
0.888173 0.0198101 -0.00247195
0.890789 0.0198039 -0.00239799
0.893397 0.0197979 -0.00227584
0.895927 0.0197926 -0.00211069
0.898297 0.019788 -0.00191429
0.900543 0.0197842 -0.00168937
0.902692 0.0197812 -0.00144104
0.904769 0.0197787 -0.00117211
0.90679 0.0197769 -0.000884039
0.908769 0.0197758 -0.000573972
0.910721 0.0197753 -0.000238877
0.912655 0.0197756 0.000121136
0.914583 0.0197765 0.000506085
0.916514 0.0197783 0.00091429
0.918458 0.0197809 0.00134317
0.920426 0.0197844 0.00178972
0.922429 0.019789 0.00225362
0.924478 0.0197946 0.0027328
0.926586 0.0198014 0.00322825
0.928769 0.0198095 0.00373661
0.931046 0.0198192 0.00425967
0.933438 0.0198307 0.00480676
0.935974 0.0198444 0.00539479
0.938651 0.0198605 0.00602445
0.941303 0.0198781 0.00664521
0.943933 0.0198972 0.00726402
0.946548 0.0199179 0.007891
0.94915 0.01994 0.00851842
0.95174 0.0199637 0.00913709
0.954317 0.0199888 0.00974209
0.956882 0.0200153 0.0103284
0.959435 0.0200431 0.0108935
0.961978 0.0200722 0.0114354
0.964511 0.0201025 0.0119464
0.967035 0.0201338 0.0124181
0.96955 0.0201661 0.0128593
0.972058 0.0201994 0.0132737
0.974559 0.0202336 0.0136554
0.976953 0.0202671 0.0139906
0.979135 0.0202982 0.0142775
0.981109 0.0203269 0.0145272
0.982892 0.0203532 0.0147419
0.984505 0.0203773 0.0149247
0.985976 0.0203995 0.0150826
0.987327 0.02042 0.0152186
0.988577 0.0204392 0.0153346
0.989741 0.0204572 0.0154304
0.990831 0.0204741 0.0155076
0.991857 0.02049 0.015568
0.992827 0.0205052 0.0156133
0.993746 0.0205196 0.0156441
0.994622 0.0205333 0.0156608
0.99546 0.0205464 0.0156644
0.996267 0.020559 0.0156559
0.99705 0.0205713 0.0156361
0.997815 0.0205832 0.0156062
0.998568 0.0205949 0.0155664
0.999316 0.0206065 0.015517
1.00006 0.0206181 0.0154578
1.00082 0.0206297 0.0153888
1.00159 0.0206415 0.0153089
1.00237 0.0206535 0.0152185
1.00319 0.0206657 0.0151166
1.00403 0.0206784 0.0150034
1.00492 0.0206916 0.0148788
1.00585 0.0207054 0.0147436
1.00685 0.0207199 0.0145967
1.00792 0.0207353 0.0144402
1.00906 0.0207516 0.014271
1.01027 0.0207687 0.0140869
1.01154 0.0207863 0.0138802
1.01285 0.0208042 0.0136307
1.01419 0.020822 0.0133246
1.01552 0.0208393 0.0129936
1.01687 0.0208564 0.0126344
1.01826 0.0208734 0.012246
1.01972 0.0208907 0.0118346
1.02127 0.0209083 0.0114017
1.02291 0.0209263 0.0109366
1.02459 0.0209439 0.0104612
1.02633 0.0209612 0.00996996
1.0281 0.020978 0.0094869
1.02973 0.0209928 0.00908431
1.03127 0.0210062 0.0087209
1.03277 0.0210188 0.00836558
1.03429 0.0210309 0.00799675
1.03587 0.021043 0.00760466
1.03762 0.0210555 0.00717679
1.03957 0.0210686 0.00670124
1.04144 0.0210803 0.00627935
1.04322 0.0210908 0.00590078
1.0449 0.0211002 0.0055544
1.04651 0.0211086 0.00523483
1.04806 0.0211162 0.00493279
1.04955 0.0211232 0.00464177
1.051 0.0211295 0.00436476
1.05242 0.0211353 0.00409977
1.05382 0.0211407 0.00384886
1.05519 0.0211456 0.00360704
1.05656 0.0211502 0.00336847
1.05792 0.0211545 0.00313316
1.05929 0.0211585 0.0029015
1.06067 0.0211622 0.00266861
1.06207 0.0211656 0.00243175
1.0635 0.0211687 0.00219743
1.06498 0.0211716 0.00196861
1.06651 0.0211743 0.0017521
1.06811 0.0211768 0.00155566
1.0698 0.0211791 0.00138537
1.07161 0.0211814 0.00123707
1.07357 0.0211835 0.00109973
1.07558 0.0211855 0.000961723
1.07767 0.0211872 0.000823634
1.07984 0.0211887 0.000688381
1.08212 0.02119 0.000573866
1.08427 0.021191 0.000455683
1.08632 0.0211917 0.000345043
1.08833 0.0211921 0.000233081
1.09032 0.0211924 0.000118993
1.09221 0.0211924 -9.73158e-06
1.09402 0.0211921 -0.000150379
1.09577 0.0211916 -0.000296194
1.09748 0.0211908 -0.000446024
1.09917 0.0211898 -0.000600186
1.10084 0.0211885 -0.000761446
1.10251 0.021187 -0.000929826
1.1042 0.0211851 -0.00110399
1.10591 0.0211829 -0.00128486
1.10767 0.0211803 -0.00147375
1.10947 0.0211773 -0.00167447
1.11135 0.0211738 -0.00188324
1.11333 0.0211696 -0.00210242
1.11539 0.0211649 -0.00230671
1.11739 0.0211599 -0.00248561
1.11934 0.0211547 -0.00263991
1.12124 0.0211495 -0.00276849
1.12308 0.0211442 -0.00287882
1.12488 0.0211388 -0.00298533
1.12664 0.0211334 -0.00307184
1.12836 0.021128 -0.00312647
1.13004 0.0211227 -0.00316006
1.13169 0.0211175 -0.0031736
1.13331 0.0211123 -0.00317211
1.13491 0.0211073 -0.00317035
1.13649 0.0211023 -0.00316831
1.13806 0.0210973 -0.00316255
1.13956 0.0210926 -0.00313954
1.14097 0.0210882 -0.00309642
1.1423 0.0210842 -0.00304281
1.14356 0.0210804 -0.00298162
1.14476 0.0210769 -0.00291397
1.14591 0.0210736 -0.00284237
1.14704 0.0210705 -0.00276636
1.14813 0.0210676 -0.00268807
1.1492 0.0210648 -0.00260674
1.15026 0.0210621 -0.0025216
1.15131 0.0210596 -0.00243421
1.15235 0.0210571 -0.00234711
1.1534 0.0210548 -0.00226011
1.15446 0.0210524 -0.00217295
1.15554 0.0210502 -0.00208717
1.15664 0.021048 -0.0020092
1.15777 0.0210458 -0.0019378
1.15894 0.0210436 -0.00186192
1.16015 0.0210415 -0.00177085
1.16137 0.0210394 -0.00167714
1.16256 0.0210375 -0.00159174
1.16371 0.0210358 -0.00151067
1.16482 0.0210342 -0.00143107
1.16587 0.0210328 -0.0013537
1.16687 0.0210315 -0.00127477
1.16782 0.0210304 -0.00119431
1.16873 0.0210294 -0.00111038
1.16958 0.0210285 -0.00102301
1.1704 0.0210277 -0.000937368
1.17118 0.0210271 -0.000856861
1.17192 0.0210265 -0.000783745
1.17263 0.021026 -0.0007188
1.17331 0.0210255 -0.000660417
1.17396 0.0210251 -0.000606547
1.1746 0.0210248 -0.000556843
1.17522 0.0210245 -0.000510387
1.17582 0.0210242 -0.000466323
1.17641 0.0210239 -0.00043513
1.177 0.0210237 -0.000426971
1.17758 0.0210234 -0.000435181
1.17817 0.0210232 -0.000451781
1.17877 0.0210229 -0.000470554
1.17939 0.0210226 -0.000506756
1.18002 0.0210222 -0.00057127
1.18067 0.0210218 -0.000645247
1.18136 0.0210213 -0.000716287
1.18206 0.0210208 -0.000761437
1.18277 0.0210202 -0.00077458
1.18348 0.0210196 -0.000781657
1.18417 0.0210191 -0.000792644
1.18484 0.0210186 -0.000799209
1.18549 0.021018 -0.00080063
1.18613 0.0210175 -0.000794529
1.18676 0.021017 -0.000792689
1.18738 0.0210165 -0.000797836
1.18799 0.021016 -0.000808905
1.1886 0.0210155 -0.000825996
1.18922 0.021015 -0.000849144
1.18983 0.0210145 -0.000880946
1.19045 0.0210139 -0.000918527
1.19108 0.0210133 -0.000961417
1.19173 0.0210127 -0.000997747
1.19238 0.021012 -0.0010212
1.19305 0.0210113 -0.00103205
1.19375 0.0210106 -0.00103172
1.19448 0.0210098 -0.0010086
1.19524 0.0210091 -0.000950533
1.19607 0.0210084 -0.000839095
1.1969 0.0210079 -0.000665291
1.19769 0.0210075 -0.000456794
1.19845 0.0210073 -0.000219759
1.19919 0.0210074 3.11515e-05
1.19992 0.0210076 0.000286552
1.20063 0.021008 0.000546636
1.20133 0.0210085 0.00080826
1.20204 0.0210093 0.00107189
1.20274 0.0210102 0.00133736
1.20345 0.0210114 0.00160112
1.20418 0.0210127 0.00185988
1.20491 0.0210143 0.00212624
1.20566 0.0210161 0.00240306
1.20644 0.0210182 0.00267904
1.20724 0.0210205 0.00298455
1.20807 0.0210233 0.00332187
1.20894 0.0210265 0.00369532
1.20985 0.0210303 0.00409573
1.21082 0.0210346 0.00450847
1.21185 0.0210397 0.00492629
1.21283 0.0210449 0.00531707
1.21379 0.0210503 0.00567228
1.21472 0.0210559 0.00599751
1.21563 0.0210616 0.00630001
1.21651 0.0210675 0.00658972
1.21739 0.0210735 0.00687572
1.21825 0.0210796 0.00715308
1.2191 0.0210859 0.00741277
1.21995 0.0210924 0.00765817
1.2208 0.0210992 0.00790014
1.22165 0.0211061 0.00815441
1.22251 0.0211134 0.00843164
1.22339 0.0211211 0.00873267
1.22429 0.0211292 0.00904802
1.22521 0.0211378 0.00937227
1.22615 0.021147 0.00970596
1.22713 0.0211568 0.0100545
1.22816 0.0211675 0.0104177
1.22917 0.0211784 0.0107937
1.23016 0.0211894 0.0111722
1.23112 0.0212005 0.0115488
1.23205 0.0212117 0.0119162
1.23297 0.0212229 0.012266
1.23386 0.0212342 0.0125927
1.23473 0.0212454 0.0128997
1.23559 0.0212567 0.0131932
1.23643 0.021268 0.0134737
1.23725 0.0212794 0.013736
1.23807 0.0212907 0.0139818
1.23887 0.0213021 0.0142165
1.23966 0.0213136 0.0144432
1.24045 0.0213251 0.0146613
1.24123 0.0213367 0.014871
1.24201 0.0213485 0.0150745
1.24279 0.0213603 0.01527
1.24356 0.0213723 0.0154588
1.24434 0.0213845 0.0156434
1.24512 0.0213969 0.0158273
1.2459 0.0214094 0.0160137
1.24668 0.0214219 0.016189
1.24739 0.0214336 0.0163181
1.24806 0.0214445 0.0164205
1.24868 0.0214548 0.0165016
1.24927 0.0214645 0.0165624
1.24983 0.0214738 0.0166068
1.25036 0.0214827 0.0166365
1.25088 0.0214913 0.0166536
1.25138 0.0214996 0.0166632
1.25186 0.0215077 0.0166683
1.25234 0.0215156 0.0166702
1.2528 0.0215234 0.0166715
1.25326 0.021531 0.0166738
1.25371 0.0215385 0.0166779
1.25416 0.021546 0.016683
1.2546 0.0215534 0.0166896
1.25505 0.0215609 0.0167023
1.2555 0.0215684 0.0167234
1.25595 0.021576 0.016757
1.25641 0.0215837 0.0168082
1.25689 0.0215917 0.0168757
1.25738 0.0216 0.016958
1.25789 0.0216087 0.0170596
1.25842 0.021618 0.0171853
1.259 0.0216279 0.0173261
1.25955 0.0216375 0.0173994
1.26008 0.0216468 0.0174458
1.2606 0.0216558 0.0174747
1.2611 0.0216645 0.0174999
1.26158 0.021673 0.0175316
1.26206 0.0216815 0.01758
1.26254 0.02169 0.0176469
1.26302 0.0216985 0.0177337
1.26351 0.0217072 0.0178395
1.26401 0.0217162 0.0179633
1.26451 0.0217253 0.018087
1.265 0.0217341 0.0181997
1.26548 0.0217429 0.0183082
1.26595 0.0217515 0.0184125
1.26641 0.0217601 0.0185157
1.26687 0.0217687 0.0186217
1.26734 0.0217774 0.0187332
1.26781 0.0217863 0.01885
1.26829 0.0217953 0.0189708
1.26878 0.0218047 0.0190896
1.26928 0.0218144 0.0192072
1.26978 0.0218239 0.0193136
1.27026 0.0218333 0.0194104
1.27073 0.0218426 0.0194935
1.2712 0.0218517 0.019559
1.27166 0.0218607 0.0196075
1.27211 0.0218696 0.019643
1.27256 0.0218785 0.0196686
1.27302 0.0218874 0.019694
1.27348 0.0218965 0.0197265
