t x vx
0.01 0.0164681 -0.00318979
0.02 0.0163703 -0.00978157
0.0259396 0.0162896 -0.0135814
0.032317 0.0161786 -0.0174067
0.0390192 0.0160373 -0.0210898
0.0458007 0.0158718 -0.0244023
0.0526948 0.0156835 -0.0273099
0.0595963 0.0154781 -0.0297571
0.0664814 0.0152602 -0.0316457
0.0733848 0.0150328 -0.0329531
0.0803118 0.0148003 -0.0335538
0.087212 0.0145706 -0.0332905
0.0941222 0.0143486 -0.0321349
0.10102 0.0141401 -0.0302194
0.107648 0.0139574 -0.027565
0.11407 0.0138 -0.0245103
0.12071 0.0136628 -0.0206638
0.126989 0.0135577 -0.016738
0.133706 0.0134756 -0.0122238
0.140791 0.0134259 -0.00701223
0.1432 0.0134134 -0.00520305
0.145815 0.013405 -0.00320941
0.148612 0.013402 -0.00106566
0.151373 0.0134048 0.00101439
0.154156 0.0134134 0.00309612
0.156878 0.0134274 0.00514968
0.159597 0.0134471 0.00721474
0.162306 0.0134722 0.00928033
0.165013 0.0135029 0.0113553
0.171815 0.0136136 0.0162731
0.178594 0.0137549 0.0208352
0.186173 0.0139476 0.0254286
0.193582 0.0141671 0.0296271
0.200926 0.0144134 0.0335398
0.208188 0.0146822 0.0370188
0.21539 0.0149705 0.0400308
0.22255 0.0152749 0.0425116
0.229665 0.0155908 0.0443974
0.236638 0.0159093 0.0456737
0.243568 0.0162303 0.0463186
0.250546 0.0165532 0.046278
0.25746 0.0168682 0.0455638
0.264335 0.017172 0.0441901
0.271112 0.0174579 0.0421847
0.277811 0.0177233 0.0396092
0.284395 0.0179643 0.0365973
0.291013 0.0181838 0.0331791
0.297785 0.0183822 0.0292934
0.304179 0.0185439 0.0252852
0.310813 0.0186821 0.0208402
0.317606 0.0187911 0.0160496
0.324496 0.0188673 0.0110481
0.33125 0.0189084 0.00609327
0.337937 0.0189168 0.00124679
0.3445 0.0188947 -0.00336526
0.350907 0.0188456 -0.00765749
0.357299 0.018771 -0.0116735
0.363933 0.0186683 -0.0154832
0.371011 0.0185332 -0.0190792
0.378408 0.0183688 -0.0222276
0.385636 0.0181905 -0.0246643
0.392543 0.0180084 -0.0263747
0.399436 0.017819 -0.0274665
0.406179 0.0176306 -0.0279541
0.413204 0.0174354 -0.0277885
0.420052 0.0172507 -0.0269564
0.42677 0.0170788 -0.0255956
0.433382 0.0169217 -0.0237658
0.439973 0.0167803 -0.0214477
0.446486 0.0166585 -0.0186953
0.452927 0.0165579 -0.0156278
0.459494 0.0164777 -0.0122097
0.465969 0.016422 -0.00859846
0.472357 0.0163911 -0.00483788
0.478606 0.0163847 -0.00103064
0.484788 0.0164018 0.00276837
0.490818 0.0164407 0.00644869
0.496907 0.0165022 0.0101034
0.50316 0.0165881 0.0137342
0.509434 0.0166956 0.0171405
0.515739 0.0168239 0.0203493
0.522152 0.0169735 0.0233212
0.528601 0.01714 0.0258174
0.535157 0.0173217 0.0277161
0.541861 0.0175156 0.0289234
0.548745 0.0177178 0.0293756
0.555408 0.017911 0.0289879
0.56181 0.0180903 0.0280222
0.568087 0.0182568 0.0265198
0.57428 0.0184087 0.0245275
0.580366 0.0185439 0.0222106
0.58634 0.0186621 0.0197879
0.592396 0.0187655 0.0170816
0.598468 0.0188516 0.0141797
0.604372 0.0189178 0.0112018
0.610626 0.0189676 0.00797334
0.616938 0.0189974 0.00471659
0.623404 0.019007 0.0014919
0.62996 0.0189961 -0.00166386
0.636575 0.0189647 -0.00474716
0.643398 0.0189118 -0.00776236
0.65046 0.0188364 -0.010677
0.657637 0.0187402 -0.0133962
0.665216 0.0186201 -0.0158455
0.67276 0.0184851 -0.0179053
0.680145 0.0183408 -0.0195271
0.687425 0.0181905 -0.0206526
0.694761 0.0180348 -0.0212164
0.702032 0.0178811 -0.0211516
0.709201 0.0177345 -0.0204421
0.716246 0.0175995 -0.0191631
0.723162 0.0174791 -0.0174084
0.729966 0.0173756 -0.0152179
0.73671 0.0172904 -0.0126236
0.743166 0.0172272 -0.00979092
0.749688 0.0171837 -0.00666651
0.756306 0.0171617 -0.00333382
0.762736 0.0171617 4.83498e-06
0.76907 0.0171827 0.00330713
0.775309 0.0172236 0.00656434
0.78149 0.0172835 0.00969412
0.787732 0.0173628 0.0127009
0.794007 0.0174602 0.0155123
0.800312 0.0175743 0.0181054
0.806712 0.017705 0.0204213
0.813034 0.0178465 0.0223778
0.819301 0.0179965 0.0239363
0.8256 0.018154 0.0250092
0.831947 0.0183161 0.0255343
0.838326 0.0184788 0.0255104
0.844836 0.0186414 0.0249753
0.851333 0.0187971 0.0239601
0.857758 0.0189416 0.0224941
0.863954 0.01907 0.020723
0.870209 0.0191868 0.018666
0.876228 0.0192863 0.0165411
0.882773 0.0193777 0.0139608
0.889092 0.0194494 0.0113512
0.895348 0.0195041 0.00874229
0.901486 0.0195431 0.00635515
0.904416 0.0195585 0.00525142
0.907241 0.0195704 0.00419784
0.910027 0.0195792 0.00315903
0.912793 0.0195851 0.00214222
0.915561 0.0195883 0.00114674
0.918352 0.0195887 0.000164369
0.921186 0.0195865 -0.000798106
0.924086 0.0195814 -0.00173643
0.926951 0.019574 -0.0026089
0.9297 0.0195646 -0.00339673
0.932357 0.0195537 -0.0040994
0.934948 0.0195415 -0.00471756
0.937493 0.0195281 -0.00525068
0.940008 0.0195138 -0.00570286
0.946265 0.0194716 -0.00674608
0.952526 0.0194262 -0.00725567
0.95982 0.0193727 -0.0073285
0.967163 0.0193216 -0.00696543
0.974581 0.0192763 -0.00609455
0.981974 0.0192416 -0.00470403
0.98935 0.0192214 -0.00273262
0.996669 0.0192195 -0.000266167
1.00381 0.0192375 0.00252871
1.01095 0.019278 0.00566618
1.01812 0.0193429 0.00904151
1.025 0.0194278 0.0123564
1.0318 0.0195338 0.0155791
1.03445 0.0195787 0.0169708
1.03703 0.0196261 0.0183285
1.03957 0.0196759 0.0196469
1.04205 0.0197278 0.0209044
1.0445 0.019782 0.0221145
1.04692 0.0198382 0.023272
1.04932 0.0198967 0.0243819
1.05169 0.019957 0.0254043
1.05404 0.0200189 0.0263367
1.05637 0.0200825 0.0272577
1.05869 0.0201477 0.0281411
1.06098 0.020214 0.0289447
1.06325 0.0202813 0.0296403
1.06551 0.0203494 0.0302363
1.06774 0.0204182 0.0307515
1.06996 0.0204875 0.0311995
1.07217 0.0205573 0.0315735
1.07437 0.0206273 0.0318039
1.07657 0.0206971 0.031834
1.07875 0.0207663 0.0316835
1.08094 0.0208349 0.0313511
1.08313 0.0209027 0.0308908
1.08533 0.0209692 0.0303069
1.08753 0.0210342 0.029561
1.0897 0.0210965 0.0286562
1.09186 0.0211562 0.0276497
1.094 0.021213 0.0265559
1.09608 0.0212659 0.0254012
1.09816 0.021316 0.0241604
1.10013 0.0213612 0.0228993
1.10209 0.0214037 0.0216227
1.10418 0.021446 0.0202652
1.10637 0.0214872 0.0188514
1.10864 0.0215268 0.0174452
1.11107 0.0215657 0.0159998
1.11353 0.0216015 0.0145203
1.11594 0.0216328 0.0130533
1.11857 0.021663 0.0114475
1.12115 0.0216886 0.00992108
1.12368 0.02171 0.00848075
1.12617 0.0217277 0.00709479
1.12863 0.0217418 0.00573539
1.13109 0.0217526 0.00439008
1.13356 0.0217602 0.00305324
1.13606 0.0217645 0.00172201
1.13862 0.0217655 0.000395284
1.14126 0.021763 -0.000937466
1.14399 0.0217568 -0.00228645
1.14684 0.0217463 -0.00366401
1.14979 0.0217315 -0.0050449
1.15274 0.0217126 -0.00638713
1.1557 0.0216899 -0.00768965
1.15862 0.0216637 -0.0089451
1.16151 0.0216343 -0.0101614
1.16439 0.0216017 -0.0113437
1.16726 0.0215658 -0.0124945
1.16987 0.0215305 -0.0135242
1.17225 0.0214961 -0.0144413
1.17448 0.0214621 -0.0152741
1.17661 0.021428 -0.016045
1.17868 0.0213932 -0.0167736
1.18074 0.0213572 -0.0174723
1.18281 0.0213195 -0.0181506
1.18494 0.0212795 -0.018816
1.18718 0.021236 -0.0194754
1.18957 0.0211878 -0.0201361
1.19221 0.0211329 -0.0208073
1.19476 0.0210782 -0.0214179
1.19718 0.021025 -0.0219553
1.19953 0.0209724 -0.0224317
1.20185 0.0209193 -0.0228562
1.20419 0.020865 -0.0232321
1.20639 0.0208132 -0.0235368
1.20842 0.020765 -0.023765
1.21031 0.0207197 -0.0239241
1.21209 0.0206769 -0.0240223
1.21379 0.0206361 -0.0240691
1.21541 0.020597 -0.0240716
1.21698 0.0205593 -0.0240333
1.2185 0.0205229 -0.0239599
1.21998 0.0204875 -0.0238561
1.22143 0.0204531 -0.0237249
1.22286 0.0204195 -0.0235664
1.22427 0.0203866 -0.0233813
1.22567 0.0203542 -0.0231696
1.22706 0.0203224 -0.0229283
1.22844 0.0202909 -0.0226532
1.22983 0.0202598 -0.0223403
1.23123 0.0202291 -0.0219873
1.23264 0.0201987 -0.0215951
1.23406 0.0201687 -0.0211667
1.23549 0.020139 -0.0207012
1.23688 0.020111 -0.0202257
1.23818 0.0200852 -0.0197495
1.23943 0.0200612 -0.0192675
1.24062 0.0200388 -0.0187762
1.24178 0.0200176 -0.0182739
1.24291 0.0199976 -0.01776
1.24402 0.0199785 -0.0172323
1.24511 0.0199603 -0.0166897
1.24619 0.0199429 -0.0161306
1.24726 0.0199262 -0.0155521
1.24834 0.01991 -0.0149511
1.24943 0.0198944 -0.0143204
1.25053 0.0198794 -0.0136507
1.25166 0.0198648 -0.0129333
1.25282 0.0198507 -0.0121584
1.25402 0.0198372 -0.0113164
1.25526 0.0198242 -0.0104015
1.25649 0.0198125 -0.0094638
1.25769 0.0198023 -0.00853919
1.25884 0.0197935 -0.0076323
1.25996 0.019786 -0.00673781
1.26104 0.0197797 -0.00585346
1.26208 0.0197745 -0.00498121
1.26309 0.0197703 -0.0041211
1.26406 0.0197672 -0.00327475
1.26501 0.0197649 -0.0024431
1.26592 0.0197634 -0.00162595
1.2668 0.0197626 -0.000824097
1.26765 0.0197626 -3.97148e-05
1.26847 0.0197632 0.000724899
1.26927 0.0197644 0.00146673
1.27005 0.0197661 0.00218634
1.2708 0.0197682 0.00288583
1.27153 0.0197708 0.00356556
1.27224 0.0197738 0.00422668
1.27293 0.0197772 0.00487074
1.2736 0.0197809 0.00549823
1.27426 0.0197849 0.00611006
1.27491 0.0197893 0.00670629
1.27554 0.0197939 0.00728848
1.27616 0.0197988 0.00785742
1.27677 0.0198039 0.00841393
1.27738 0.0198094 0.00895927
1.27798 0.019815 0.00949446
1.27857 0.019821 0.0100223
1.27917 0.0198272 0.0105465
1.27976 0.0198338 0.0110709
1.28035 0.0198407 0.0115985
1.28094 0.0198479 0.0121327
1.28155 0.0198555 0.0126734
1.28215 0.0198636 0.01322
1.28278 0.0198721 0.0137741
1.28341 0.0198813 0.0143362
1.28407 0.0198911 0.0149111
1.28476 0.0199018 0.0155078
1.28549 0.0199135 0.0161383
1.28626 0.0199265 0.0168133
1.2871 0.0199413 0.0175405
1.28801 0.0199578 0.0183201
1.28888 0.0199745 0.0190809
1.28973 0.0199914 0.0198264
1.29058 0.0200087 0.0205647
1.29142 0.0200267 0.0213087
1.29228 0.0200456 0.0220687
1.29316 0.0200657 0.0228581
1.29405 0.0200869 0.0236634
1.29495 0.0201088 0.0244551
1.29585 0.0201316 0.025226
1.29678 0.0201557 0.0259883
1.29768 0.0201799 0.0267342
1.29852 0.0202027 0.0274341
1.29929 0.0202245 0.0280881
1.30002 0.0202454 0.0286979
1.30071 0.0202656 0.0292655
1.30137 0.0202853 0.0297974
1.30201 0.0203046 0.0302985
1.30262 0.0203235 0.0307729
1.30322 0.020342 0.0312271
1.30379 0.0203603 0.0316671
1.30435 0.0203784 0.0320983
1.3049 0.0203962 0.0325249
1.30544 0.0204139 0.0329495
1.30596 0.0204314 0.0333719
1.30648 0.0204488 0.0337909
1.30698 0.020466 0.0342004
1.30748 0.0204832 0.0345953
1.30797 0.0205002 0.0349756
1.30845 0.0205172 0.0353445
1.30892 0.0205342 0.0357035
1.30939 0.020551 0.0360541
1.30985 0.0205679 0.0363969
1.31031 0.0205847 0.0367314
1.31077 0.0206015 0.0370565
1.31122 0.0206184 0.0373708
1.31166 0.0206353 0.0376715
1.31211 0.0206522 0.0379572
1.31256 0.0206693 0.0382269
1.313 0.0206864 0.0384798
1.31345 0.0207036 0.0387163
1.31389 0.0207209 0.0389382
1.31434 0.0207385 0.0391485
1.31479 0.0207562 0.0393488
1.31524 0.0207741 0.0395378
1.3157 0.0207923 0.0397131
1.31617 0.0208109 0.0398744
1.31665 0.02083 0.040021
1.31714 0.0208499 0.04015
1.31764 0.0208702 0.0402639
1.31817 0.0208913 0.04037
1.31871 0.0209132 0.04047
1.31923 0.0209342 0.0405829
1.31971 0.0209539 0.0406952
1.32016 0.0209723 0.0407935
1.32058 0.0209896 0.0408741
1.32098 0.0210059 0.0409365
1.32136 0.0210214 0.0409818
1.32172 0.0210361 0.0410122
1.32206 0.0210501 0.0410309
1.32239 0.0210635 0.0410414
1.3227 0.0210765 0.0410479
1.32301 0.021089 0.0410537
1.3233 0.0211012 0.0410606
1.32359 0.021113 0.0410697
1.32388 0.0211246 0.0410812
1.32415 0.021136 0.0410937
1.32443 0.0211473 0.0411056
1.3247 0.0211584 0.0411151
1.32497 0.0211694 0.0411207
1.32523 0.0211805 0.0411207
1.3255 0.0211915 0.0411125
1.32577 0.0212026 0.0410946
1.32604 0.0212138 0.041065
1.32632 0.0212251 0.0410178
1.3266 0.0212367 0.0409519
1.32689 0.0212486 0.0408665
1.32719 0.0212608 0.0407606
1.32751 0.0212736 0.0406334
1.32784 0.0212869 0.0404825
1.32818 0.0213009 0.0403055
1.32856 0.0213158 0.0401007
1.32896 0.0213319 0.0398826
1.3294 0.0213494 0.0396371
1.32988 0.0213684 0.0393539
1.33041 0.0213891 0.0390376
1.33094 0.0214096 0.0387162
1.33144 0.0214285 0.0384064
1.3319 0.0214462 0.0381084
1.33235 0.0214631 0.0378179
1.33278 0.0214794 0.0375383
1.33321 0.0214953 0.0372664
1.33363 0.021511 0.037
1.33406 0.0215266 0.0367373
1.33448 0.0215422 0.0364756
1.33492 0.0215578 0.0362202
1.33536 0.0215737 0.0359759
1.33581 0.0215898 0.0357445
1.33624 0.021605 0.0355445
1.33664 0.0216194 0.0353691
1.33703 0.021633 0.0351927
1.3374 0.021646 0.0350089
1.33776 0.0216584 0.0348188
1.3381 0.0216702 0.0346235
1.33842 0.0216814 0.0344226
1.33874 0.0216922 0.034217
1.33904 0.0217024 0.0340102
1.33933 0.0217123 0.0338056
1.33961 0.0217217 0.0336055
1.33988 0.0217308 0.0334115
1.34015 0.0217395 0.0332242
1.3404 0.0217479 0.0330427
1.34065 0.0217561 0.0328661
1.34089 0.0217639 0.032694
1.34112 0.0217716 0.0325269
1.34135 0.021779 0.0323637
1.34158 0.0217863 0.0322048
1.3418 0.0217933 0.0320509
1.34202 0.0218003 0.0319017
1.34223 0.0218071 0.031756
1.34245 0.0218139 0.0316149
1.34266 0.0218206 0.0314798
1.34287 0.0218272 0.0313507
1.34308 0.0218338 0.0312277
1.34329 0.0218404 0.0311112
1.34351 0.021847 0.031002
1.34372 0.0218536 0.0309007
1.34394 0.0218604 0.0308149
1.34416 0.0218672 0.0307438
1.34439 0.0218742 0.0306836
1.34462 0.0218814 0.030639
1.34487 0.0218888 0.0305999
1.34512 0.0218965 0.0305567
1.34539 0.0219047 0.0304952
