 masa A  
t x y 
1,376375E0 3,963330E-2 2,466072E-2
1,418083E0 3,964777E-2 2,500313E-2
1,459792E0 3,962869E-2 2,555609E-2
1,501500E0 3,962770E-2 2,636849E-2
1,543208E0 3,965026E-2 2,745034E-2
1,584917E0 3,963443E-2 2,859338E-2
1,626625E0 3,966772E-2 2,989346E-2
1,668333E0 3,965661E-2 3,115793E-2
1,710042E0 3,968258E-2 3,241711E-2
1,751750E0 3,970528E-2 3,351732E-2
1,793458E0 3,972643E-2 3,453740E-2
1,835167E0 3,971253E-2 3,554910E-2
1,876875E0 3,968146E-2 3,642587E-2
1,918583E0 3,968787E-2 3,736739E-2
1,960292E0 3,967799E-2 3,826678E-2
2,002000E0 3,966891E-2 3,926428E-2
2,043708E0 3,966394E-2 4,040646E-2
2,085417E0 3,965591E-2 4,160821E-2
2,127125E0 3,966501E-2 4,286564E-2
2,168833E0 3,964644E-2 4,411391E-2
2,210542E0 3,963248E-2 4,546182E-2
2,252250E0 3,965667E-2 4,672938E-2
2,293958E0 3,965141E-2 4,784811E-2
2,335667E0 3,963878E-2 4,893632E-2
2,377375E0 3,968908E-2 4,983155E-2
2,419083E0 3,967126E-2 5,065304E-2
2,460792E0 3,967168E-2 5,141579E-2
2,502500E0 3,964015E-2 5,206546E-2
2,544208E0 3,967088E-2 5,262927E-2
2,585917E0 3,964577E-2 5,321099E-2
2,627625E0 3,963818E-2 5,383370E-2
2,669333E0 3,965443E-2 5,457362E-2
2,711042E0 3,963826E-2 5,541709E-2
2,752750E0 3,962008E-2 5,632139E-2
2,794458E0 3,962862E-2 5,719292E-2
2,836167E0 3,964588E-2 5,809944E-2
2,877875E0 3,963517E-2 5,893820E-2
2,919583E0 3,963406E-2 5,976428E-2
2,961292E0 3,963107E-2 6,057185E-2
3,003000E0 3,963290E-2 6,145175E-2
3,044708E0 3,957701E-2 6,228127E-2
3,086417E0 3,959756E-2 6,316011E-2
3,128125E0 3,957272E-2 6,415627E-2
3,169833E0 3,958678E-2 6,528041E-2
3,211542E0 3,957268E-2 6,644734E-2
3,253250E0 3,953402E-2 6,763584E-2
3,294958E0 3,954324E-2 6,878973E-2
3,336667E0 3,950251E-2 7,004625E-2
3,378375E0 3,948363E-2 7,121738E-2
3,420083E0 3,942019E-2 7,222363E-2
3,461792E0 3,940580E-2 7,320297E-2
3,503500E0 3,933870E-2 7,409563E-2
3,545208E0 3,933607E-2 7,492820E-2
3,586917E0 3,925931E-2 7,573910E-2
3,628625E0 3,925352E-2 7,653943E-2
3,670333E0 3,921104E-2 7,744417E-2
3,712042E0 3,912910E-2 7,829397E-2
3,753750E0 3,905395E-2 7,919056E-2
3,795458E0 3,900833E-2 7,996826E-2
3,837167E0 3,894904E-2 8,077523E-2
3,878875E0 3,888383E-2 8,148883E-2
3,920583E0 3,881501E-2 8,214188E-2
3,962292E0 3,875105E-2 8,281589E-2
4,004000E0 3,870428E-2 8,341562E-2
4,045708E0 3,867311E-2 8,419528E-2
4,087417E0 3,860924E-2 8,484049E-2
4,129125E0 3,851792E-2 8,568295E-2
4,170833E0 3,844761E-2 8,659411E-2
4,212542E0 3,844061E-2 8,759941E-2
4,254250E0 3,838857E-2 8,853068E-2
4,295958E0 3,834934E-2 8,952818E-2
4,337667E0 3,823588E-2 9,049902E-2
4,379375E0 3,818661E-2 9,151437E-2
4,421083E0 3,814927E-2 9,252678E-2
4,462792E0 3,811312E-2 9,357780E-2
4,504500E0 3,814299E-2 9,461639E-2
4,546208E0 3,807191E-2 9,559504E-2
4,587917E0 3,796580E-2 9,662675E-2
4,629625E0 3,795038E-2 9,771774E-2
4,671333E0 3,791178E-2 9,879466E-2
4,713042E0 3,791433E-2 9,995357E-2
4,754750E0 3,784999E-2 1,010377E-1
4,796458E0 3,777946E-2 1,021264E-1
4,838167E0 3,769890E-2 1,032248E-1
4,879875E0 3,774796E-2 1,042410E-1
4,921583E0 3,770853E-2 1,053023E-1
4,963292E0 3,767957E-2 1,063139E-1
5,005000E0 3,767936E-2 1,072172E-1
5,046708E0 3,766994E-2 1,081552E-1
5,088417E0 3,767036E-2 1,091219E-1
5,130125E0 3,767751E-2 1,101216E-1
5,171833E0 3,767106E-2 1,111843E-1
5,213542E0 3,768364E-2 1,121724E-1
5,255250E0 3,771121E-2 1,132333E-1
5,296958E0 3,770196E-2 1,143635E-1
5,338667E0 3,772282E-2 1,154897E-1
5,380375E0 3,774265E-2 1,165432E-1
5,422083E0 3,773185E-2 1,176528E-1
5,463792E0 3,777588E-2 1,185808E-1
5,505500E0 3,785528E-2 1,196129E-1
5,547208E0 3,795810E-2 1,203937E-1
5,588917E0 3,802803E-2 1,212323E-1
5,630625E0 3,806438E-2 1,220146E-1
5,672333E0 3,808198E-2 1,228598E-1
5,714042E0 3,818676E-2 1,237943E-1
5,755750E0 3,825200E-2 1,247381E-1
5,797458E0 3,833463E-2 1,257118E-1
5,839167E0 3,845502E-2 1,267030E-1
5,880875E0 3,855785E-2 1,276005E-1
5,922583E0 3,863368E-2 1,285336E-1
5,964292E0 3,874205E-2 1,293432E-1
6,006000E0 3,885780E-2 1,302188E-1
6,047708E0 3,899772E-2 1,310320E-1
6,089417E0 3,912912E-2 1,317323E-1
6,131125E0 3,927798E-2 1,325348E-1
6,172833E0 3,941776E-2 1,334461E-1
6,214542E0 3,957959E-2 1,344196E-1
6,256250E0 3,980203E-2 1,355837E-1
6,297958E0 3,991831E-2 1,367187E-1
6,339667E0 4,008245E-2 1,378895E-1
6,381375E0 4,032174E-2 1,390132E-1
6,423083E0 4,041409E-2 1,401271E-1
6,464792E0 4,065671E-2 1,410510E-1
6,506500E0 4,088697E-2 1,419126E-1
6,548208E0 4,105359E-2 1,428172E-1
6,589917E0 4,123885E-2 1,436869E-1
6,631625E0 4,145055E-2 1,445942E-1
6,673333E0 4,165297E-2 1,454941E-1
6,715042E0 4,188492E-2 1,463855E-1
6,756750E0 4,207598E-2 1,472358E-1
6,798458E0 4,229737E-2 1,480722E-1
6,840167E0 4,249629E-2 1,489025E-1
6,881875E0 4,274388E-2 1,497425E-1
6,923583E0 4,294499E-2 1,505175E-1
6,965292E0 4,319618E-2 1,513235E-1
7,007000E0 4,347305E-2 1,521759E-1
7,048708E0 4,364111E-2 1,529168E-1
7,090417E0 4,384289E-2 1,537458E-1
7,132125E0 4,413657E-2 1,545606E-1
7,173833E0 4,431179E-2 1,553918E-1
7,215542E0 4,450192E-2 1,561984E-1
7,257250E0 4,470313E-2 1,569939E-1
7,298958E0 4,489262E-2 1,579115E-1
7,340667E0 4,510611E-2 1,587592E-1
7,382375E0 4,526036E-2 1,597515E-1
7,424083E0 4,537419E-2 1,606923E-1
7,465792E0 4,554771E-2 1,617491E-1
7,507500E0 4,576922E-2 1,628948E-1
7,549208E0 4,588366E-2 1,639112E-1
7,590917E0 4,607361E-2 1,649028E-1
7,632625E0 4,612745E-2 1,659222E-1
7,674333E0 4,630370E-2 1,669877E-1
7,716042E0 4,636829E-2 1,680515E-1
7,757750E0 4,651145E-2 1,691606E-1
7,799458E0 4,652805E-2 1,702918E-1
7,841167E0 4,653797E-2 1,713915E-1
7,882875E0 4,659016E-2 1,724776E-1
7,924583E0 4,663349E-2 1,736353E-1
7,966292E0 4,667597E-2 1,747431E-1
8,008000E0 4,666944E-2 1,758109E-1
8,049708E0 4,662568E-2 1,767122E-1
8,091417E0 4,657212E-2 1,777415E-1
8,133125E0 4,654382E-2 1,787063E-1
8,174833E0 4,642351E-2 1,797252E-1
8,216542E0 4,633783E-2 1,806203E-1
8,258250E0 4,619701E-2 1,816305E-1
8,299958E0 4,605403E-2 1,826179E-1
8,341667E0 4,595851E-2 1,835867E-1
8,383375E0 4,568564E-2 1,846751E-1
8,425083E0 4,547584E-2 1,858329E-1
8,466792E0 4,526236E-2 1,869736E-1
8,508500E0 4,502162E-2 1,880357E-1
8,550208E0 4,474042E-2 1,890533E-1
8,591917E0 4,441669E-2 1,898686E-1
8,633625E0 4,417103E-2 1,907156E-1
8,675333E0 4,386392E-2 1,914135E-1
8,717042E0 4,352117E-2 1,922424E-1
8,758750E0 4,318672E-2 1,931192E-1
8,800458E0 4,281936E-2 1,940155E-1
8,842167E0 4,237800E-2 1,950033E-1
8,883875E0 4,211746E-2 1,959183E-1
8,925583E0 4,164722E-2 1,967930E-1
8,967292E0 4,129387E-2 1,976520E-1
9,009000E0 4,087685E-2 1,985071E-1
9,050708E0 4,045065E-2 1,993971E-1
9,092417E0 4,008996E-2 2,001570E-1
9,134125E0 3,962474E-2 2,010539E-1
9,175833E0 3,925320E-2 2,019204E-1
9,217542E0 3,866994E-2 2,028986E-1
9,259250E0 3,825075E-2 2,039560E-1
9,300958E0 3,778680E-2 2,051269E-1
9,342667E0 3,737359E-2 2,062882E-1
9,384375E0 3,682953E-2 2,074510E-1
9,426083E0 3,637178E-2 2,085293E-1
9,467792E0 3,592409E-2 2,096111E-1
9,509500E0 3,544822E-2 2,105659E-1
9,551208E0 3,501914E-2 2,114091E-1
9,592917E0 3,463207E-2 2,122821E-1
9,634625E0 3,408277E-2 2,130772E-1
9,676333E0 3,363467E-2 2,138666E-1
9,718042E0 3,329653E-2 2,146927E-1
9,759750E0 3,289683E-2 2,155922E-1
9,801458E0 3,242624E-2 2,165205E-1
9,843167E0 3,212672E-2 2,174772E-1
9,884875E0 3,172099E-2 2,183713E-1
9,926583E0 3,139637E-2 2,192379E-1
9,968292E0 3,107698E-2 2,200755E-1
1,001000E1 3,081011E-2 2,209507E-1
1,005171E1 3,053878E-2 2,217301E-1
1,009342E1 3,024465E-2 2,225490E-1
1,013512E1 3,002489E-2 2,233761E-1
1,017683E1 2,981814E-2 2,242296E-1
1,021854E1 2,964614E-2 2,251754E-1
1,026025E1 2,948116E-2 2,260198E-1
1,030196E1 2,928734E-2 2,269224E-1
1,034367E1 2,920377E-2 2,279778E-1
1,038537E1 2,915357E-2 2,290923E-1
1,042708E1 2,910094E-2 2,301671E-1
1,046879E1 2,901151E-2 2,311726E-1
1,051050E1 2,900956E-2 2,322543E-1
1,055221E1 2,909706E-2 2,333508E-1
1,059392E1 2,918084E-2 2,343713E-1
1,063562E1 2,922850E-2 2,353836E-1
1,067733E1 2,943587E-2 2,363647E-1
1,071904E1 2,953352E-2 2,372929E-1
1,076075E1 2,968959E-2 2,382501E-1
1,080246E1 3,001097E-2 2,392273E-1
1,084417E1 3,026085E-2 2,404346E-1
1,088587E1 3,053647E-2 2,415995E-1
1,092758E1 3,081352E-2 2,426548E-1
1,096929E1 3,114584E-2 2,437567E-1
1,101100E1 3,140726E-2 2,447211E-1
1,105271E1 3,191036E-2 2,457351E-1
1,109442E1 3,232199E-2 2,467330E-1
1,113612E1 3,261900E-2 2,476105E-1
1,117783E1 3,309050E-2 2,486905E-1
1,121954E1 3,363660E-2 2,497348E-1
1,126125E1 3,415185E-2 2,508180E-1
1,130296E1 3,457610E-2 2,518499E-1
1,134467E1 3,507104E-2 2,530084E-1
1,138637E1 3,555403E-2 2,542118E-1
1,142808E1 3,610510E-2 2,553406E-1
1,146979E1 3,666446E-2 2,563734E-1
1,151150E1 3,714045E-2 2,574920E-1
1,155321E1 3,766875E-2 2,584705E-1
1,159492E1 3,820679E-2 2,592501E-1
1,163662E1 3,875065E-2 2,599697E-1
1,167833E1 3,931309E-2 2,605988E-1
1,172004E1 3,988490E-2 2,613892E-1
1,176175E1 4,035242E-2 2,621890E-1
1,180346E1 4,094532E-2 2,629962E-1
1,184517E1 4,150652E-2 2,638552E-1
1,188687E1 4,198128E-2 2,646685E-1
1,192858E1 4,250032E-2 2,655363E-1
1,197029E1 4,294259E-2 2,663900E-1
1,201200E1 4,344535E-2 2,672617E-1
1,205371E1 4,399493E-2 2,680513E-1
1,209542E1 4,434359E-2 2,689344E-1
1,213712E1 4,487984E-2 2,699489E-1
1,217883E1 4,526513E-2 2,709721E-1
1,222054E1 4,567461E-2 2,719671E-1
1,226225E1 4,595122E-2 2,731893E-1
1,230396E1 4,632356E-2 2,744248E-1
1,234567E1 4,672297E-2 2,756906E-1
1,238737E1 4,699880E-2 2,768440E-1
1,242908E1 4,731113E-2 2,779097E-1
1,247079E1 4,764794E-2 2,789298E-1
1,251250E1 4,789260E-2 2,798008E-1
1,255421E1 4,817361E-2 2,806156E-1
1,259592E1 4,833787E-2 2,813526E-1
1,263762E1 4,863352E-2 2,821451E-1
1,267933E1 4,874003E-2 2,827900E-1
1,272104E1 4,888845E-2 2,836631E-1
1,276275E1 4,893859E-2 2,845381E-1
1,280446E1 4,910534E-2 2,855140E-1
1,284617E1 4,918146E-2 2,864479E-1
1,288787E1 4,921834E-2 2,873833E-1
1,292958E1 4,924458E-2 2,882957E-1
1,297129E1 4,919163E-2 2,892096E-1
1,301300E1 4,919514E-2 2,900483E-1
1,305471E1 4,913856E-2 2,908741E-1
1,309642E1 4,901196E-2 2,916587E-1
1,313812E1 4,886797E-2 2,925317E-1
1,317983E1 4,871164E-2 2,934233E-1
1,322154E1 4,849768E-2 2,944453E-1
1,326325E1 4,821859E-2 2,955810E-1
1,330496E1 4,799422E-2 2,968324E-1
1,334667E1 4,780075E-2 2,979597E-1
1,338837E1 4,758494E-2 2,990652E-1
1,343008E1 4,716831E-2 3,001452E-1
1,347179E1 4,682147E-2 3,010280E-1
1,351350E1 4,648613E-2 3,019276E-1
1,355521E1 4,607918E-2 3,027129E-1
1,359692E1 4,564460E-2 3,035833E-1
1,363862E1 4,517439E-2 3,045516E-1
1,368033E1 4,467641E-2 3,054400E-1
1,372204E1 4,426017E-2 3,063664E-1
1,376375E1 4,379640E-2 3,074811E-1
1,380546E1 4,334844E-2 3,086182E-1
1,384717E1 4,280863E-2 3,098146E-1
1,388887E1 4,230650E-2 3,109374E-1
1,393058E1 4,180357E-2 3,122679E-1
1,397229E1 4,125258E-2 3,134765E-1
1,401400E1 4,079343E-2 3,145724E-1
1,405571E1 4,022353E-2 3,157030E-1
1,409742E1 3,968578E-2 3,167750E-1
1,413912E1 3,925116E-2 3,179140E-1
1,418083E1 3,877384E-2 3,190148E-1
1,422254E1 3,810830E-2 3,200312E-1
1,426425E1 3,771666E-2 3,210496E-1
1,430596E1 3,725634E-2 3,221971E-1
1,434767E1 3,685601E-2 3,233040E-1
1,438937E1 3,650205E-2 3,244453E-1
1,443108E1 3,603330E-2 3,256143E-1
1,447279E1 3,549470E-2 3,267291E-1
1,451450E1 3,520466E-2 3,278417E-1
1,455621E1 3,487946E-2 3,289304E-1
1,459792E1 3,455919E-2 3,298206E-1
1,463962E1 3,423885E-2 3,306709E-1
1,468133E1 3,402651E-2 3,314393E-1
1,472304E1 3,372765E-2 3,321343E-1
1,476475E1 3,354542E-2 3,329267E-1
1,480646E1 3,341971E-2 3,337828E-1
1,484817E1 3,321161E-2 3,344615E-1
1,488987E1 3,320904E-2 3,352584E-1
1,493158E1 3,315867E-2 3,361081E-1
1,497329E1 3,311294E-2 3,369050E-1
1,501500E1 3,314150E-2 3,377162E-1
1,505671E1 3,322220E-2 3,385598E-1
1,509842E1 3,328294E-2 3,394498E-1
1,514012E1 3,337939E-2 3,403570E-1
1,518183E1 3,351728E-2 3,413078E-1
1,522354E1 3,364928E-2 3,423433E-1
1,526525E1 3,391109E-2 3,434592E-1
1,530696E1 3,423666E-2 3,444243E-1
1,534867E1 3,451957E-2 3,453558E-1
1,539037E1 3,480046E-2 3,462323E-1
1,543208E1 3,520165E-2 3,471647E-1
1,547379E1 3,567834E-2 3,480957E-1
1,551550E1 3,618790E-2 3,489874E-1
1,555721E1 3,673250E-2 3,498645E-1
1,559892E1 3,721383E-2 3,506901E-1
1,564062E1 3,761695E-2 3,515471E-1
1,568233E1 3,822104E-2 3,523831E-1
1,572404E1 3,880909E-2 3,533016E-1
1,576575E1 3,948035E-2 3,543157E-1
1,580746E1 3,996873E-2 3,553869E-1
1,584917E1 4,054716E-2 3,564129E-1
1,589087E1 4,114815E-2 3,575117E-1
1,593258E1 4,180422E-2 3,586476E-1
1,597429E1 4,242746E-2 3,597118E-1
1,601600E1 4,297588E-2 3,607156E-1
1,605771E1 4,354100E-2 3,615882E-1
1,609942E1 4,410168E-2 3,624207E-1
1,614112E1 4,465378E-2 3,632143E-1
1,618283E1 4,522281E-2 3,640490E-1
1,622454E1 4,575709E-2 3,649017E-1
1,626625E1 4,628885E-2 3,657685E-1
1,630796E1 4,676480E-2 3,665611E-1
1,634967E1 4,711962E-2 3,675317E-1
1,639137E1 4,759857E-2 3,684732E-1
1,643308E1 4,802526E-2 3,694586E-1
1,647479E1 4,840636E-2 3,705061E-1
1,651650E1 4,865162E-2 3,716334E-1
1,655821E1 4,890202E-2 3,728542E-1
1,659992E1 4,912743E-2 3,739752E-1
1,664162E1 4,941945E-2 3,752633E-1
1,668333E1 4,962404E-2 3,763670E-1
1,672504E1 4,977380E-2 3,774500E-1
1,676675E1 4,979751E-2 3,784554E-1
1,680846E1 4,988660E-2 3,792885E-1
1,685017E1 4,986635E-2 3,801161E-1
1,689187E1 4,985220E-2 3,809635E-1
1,693358E1 4,982569E-2 3,818560E-1
1,697529E1 4,970177E-2 3,827920E-1
1,701700E1 4,965518E-2 3,838231E-1
1,705871E1 4,946593E-2 3,849874E-1
1,710042E1 4,928318E-2 3,861370E-1
1,714212E1 4,898416E-2 3,874586E-1
1,718383E1 4,870634E-2 3,886234E-1
1,722554E1 4,839908E-2 3,897277E-1
1,726725E1 4,811699E-2 3,907528E-1
1,730896E1 4,765524E-2 3,916541E-1
1,735067E1 4,723848E-2 3,924907E-1
1,739237E1 4,681961E-2 3,933260E-1
1,743408E1 4,630626E-2 3,941898E-1
1,747579E1 4,585083E-2 3,952562E-1
1,751750E1 4,536982E-2 3,965307E-1
1,755921E1 4,481951E-2 3,979346E-1
1,760092E1 4,428149E-2 3,992772E-1
1,764262E1 4,372804E-2 4,005183E-1
1,768433E1 4,319793E-2 4,015734E-1
1,772604E1 4,250632E-2 4,024432E-1
1,776775E1 4,191485E-2 4,030130E-1
1,780946E1 4,144125E-2 4,034708E-1
1,785117E1 4,075530E-2 4,039650E-1
1,789287E1 4,028087E-2 4,044889E-1
1,793458E1 3,970337E-2 4,052859E-1
1,797629E1 3,915797E-2 4,062239E-1
1,801800E1 3,872554E-2 4,073528E-1
1,805971E1 3,814688E-2 4,085184E-1
1,810142E1 3,758023E-2 4,097200E-1
1,814312E1 3,726070E-2 4,107345E-1
1,818483E1 3,674945E-2 4,116757E-1
1,822654E1 3,633894E-2 4,125454E-1
1,826825E1 3,579794E-2 4,133823E-1
1,830996E1 3,533366E-2 4,142915E-1
1,835167E1 3,498066E-2 4,151826E-1
1,839337E1 3,474549E-2 4,161079E-1
1,843508E1 3,437663E-2 4,169916E-1
1,847679E1 3,406502E-2 4,179995E-1
1,851850E1 3,376683E-2 4,190745E-1
1,856021E1 3,350446E-2 4,202042E-1
1,860192E1 3,345447E-2 4,212701E-1
1,864362E1 3,334366E-2 4,223239E-1
1,868533E1 3,329111E-2 4,234106E-1
1,872704E1 3,332221E-2 4,244715E-1
1,876875E1 3,332452E-2 4,254837E-1
1,881046E1 3,336276E-2 4,265353E-1
1,885217E1 3,344382E-2 4,276095E-1
1,889387E1 3,355225E-2 4,287890E-1
1,893558E1 3,369462E-2 4,298915E-1
1,897729E1 3,388999E-2 4,310268E-1
1,901900E1 3,406288E-2 4,321598E-1
1,906071E1 3,417665E-2 4,332767E-1
1,910242E1 3,441158E-2 4,342728E-1
1,914412E1 3,462472E-2 4,351795E-1
1,918583E1 3,493705E-2 4,361020E-1
1,922754E1 3,510089E-2 4,370099E-1
1,926925E1 3,548069E-2 4,378768E-1
1,931096E1 3,585910E-2 4,388436E-1
1,935267E1 3,629923E-2 4,398646E-1
1,939437E1 3,671384E-2 4,409605E-1
1,943608E1 3,723492E-2 4,419133E-1
1,947779E1 3,784988E-2 4,429718E-1
1,951950E1 3,837395E-2 4,441879E-1
1,956121E1 3,895086E-2 4,453314E-1
1,960292E1 3,939086E-2 4,463875E-1
1,964462E1 3,992950E-2 4,473573E-1
1,968633E1 4,046218E-2 4,481838E-1
1,972804E1 4,098216E-2 4,490969E-1
1,976975E1 4,152522E-2 4,499575E-1
1,981146E1 4,211966E-2 4,509739E-1
1,985317E1 4,263739E-2 4,520259E-1
1,989487E1 4,306108E-2 4,530687E-1
1,993658E1 4,359948E-2 4,540368E-1
1,997829E1 4,407247E-2 4,550934E-1
2,002000E1 4,441397E-2 4,561260E-1
2,006171E1 4,488857E-2 4,571537E-1
2,010342E1 4,532744E-2 4,582098E-1
2,014512E1 4,523450E-2 4,590292E-1
2,018683E1 4,596331E-2 4,607595E-1
2,022854E1 4,612231E-2 4,617512E-1
2,027025E1 4,642172E-2 4,627893E-1
2,031196E1 4,668204E-2 4,637552E-1
2,035367E1 4,683623E-2 4,647636E-1
2,039537E1 4,700195E-2 4,657227E-1
2,043708E1 4,709485E-2 4,667066E-1
2,047879E1 4,713738E-2 4,676239E-1
2,052050E1 4,707045E-2 4,685368E-1
2,056221E1 4,706008E-2 4,694792E-1
2,060392E1 4,701458E-2 4,704320E-1
2,064562E1 4,686878E-2 4,714379E-1
2,068733E1 4,666810E-2 4,725677E-1
2,072904E1 4,637638E-2 4,736968E-1
2,077075E1 4,640808E-2 4,749032E-1
2,081246E1 4,606164E-2 4,759005E-1
2,085417E1 4,575714E-2 4,768788E-1
2,089587E1 4,537425E-2 4,779506E-1
2,093758E1 4,499468E-2 4,789002E-1
2,097929E1 4,460889E-2 4,797088E-1
2,102100E1 4,417633E-2 4,805084E-1
2,106271E1 4,371591E-2 4,809478E-1
