	masa A		
t	x	y	
0,334	3,492E-2	1,195E-2
0,375	3,494E-2	1,310E-2
0,417	3,492E-2	1,572E-2
0,459	3,512E-2	2,140E-2
0,500	3,527E-2	2,800E-2
0,542	3,539E-2	3,473E-2
0,584	3,552E-2	4,081E-2
0,626	3,589E-2	4,624E-2
0,667	3,613E-2	5,100E-2
0,709	3,660E-2	5,479E-2
0,751	3,703E-2	5,758E-2
0,792	3,741E-2	5,982E-2
0,834	3,780E-2	6,215E-2
0,876	3,820E-2	6,542E-2
0,918	3,863E-2	6,925E-2
0,959	3,903E-2	7,437E-2
1,001	3,941E-2	7,920E-2
1,043	3,993E-2	8,434E-2
1,084	4,030E-2	8,888E-2
1,126	4,072E-2	9,355E-2
1,168	4,105E-2	9,775E-2
1,210	4,133E-2	0,102
1,251	4,150E-2	0,107
1,293	4,146E-2	0,112
1,335	4,120E-2	0,117
1,376	4,086E-2	0,122
1,418	4,023E-2	0,126
1,460	3,945E-2	0,130
1,502	3,854E-2	0,134
1,543	3,735E-2	0,138
1,585	3,588E-2	0,143
1,627	3,436E-2	0,147
1,668	3,270E-2	0,151
1,710	3,100E-2	0,156
1,752	2,926E-2	0,160
1,793	2,794E-2	0,165
1,835	2,707E-2	0,170
1,877	2,670E-2	0,176
1,919	2,702E-2	0,181
1,960	2,781E-2	0,185
2,002	2,878E-2	0,189
2,044	3,014E-2	0,193
2,085	3,191E-2	0,197
2,127	3,383E-2	0,201
2,169	3,579E-2	0,206
2,211	3,786E-2	0,211
2,252	3,991E-2	0,216
2,294	4,168E-2	0,220
2,336	4,311E-2	0,224
2,377	4,416E-2	0,229
2,419	4,450E-2	0,234
2,461	4,412E-2	0,240
2,502	4,303E-2	0,245
2,544	4,125E-2	0,250
2,586	3,904E-2	0,255
2,628	3,677E-2	0,258
2,669	3,433E-2	0,262
2,711	3,187E-2	0,266
2,753	2,956E-2	0,271
2,794	2,765E-2	0,276
2,836	2,615E-2	0,280
2,878	2,509E-2	0,285
2,920	2,454E-2	0,290
2,961	2,457E-2	0,295
3,003	2,543E-2	0,301
3,045	2,664E-2	0,307
3,086	2,844E-2	0,312
3,128	3,065E-2	0,317
3,170	3,289E-2	0,322
3,212	3,517E-2	0,325
3,253	3,764E-2	0,328
3,295	3,943E-2	0,332
3,337	4,093E-2	0,336
3,378	4,228E-2	0,342
3,420	4,304E-2	0,348
3,462	4,346E-2	0,353
3,503	4,366E-2	0,358
3,545	4,364E-2	0,363
3,587	4,333E-2	0,367
3,629	4,321E-2	0,371
3,670	4,298E-2	0,376
3,712	4,284E-2	0,381
3,754	4,278E-2	0,387
3,795	4,270E-2	0,392
3,837	4,269E-2	0,396
3,879	4,255E-2	0,400
3,921	4,235E-2	0,404
3,962	4,186E-2	0,409
4,004	4,108E-2	0,414
4,046	4,032E-2	0,419
4,087	3,913E-2	0,423
4,129	3,795E-2	0,428
4,171	3,733E-2	0,435
4,213	3,568E-2	0,441
4,254	3,401E-2	0,446
4,296	3,229E-2	0,451
4,338	3,069E-2	0,455
4,379	2,919E-2	0,460
4,421	2,790E-2	0,464
4,463	2,707E-2	0,468
