 masa A  
t x y 
1,084417E0 4,924074E-2 1,580219E-2
1,126125E0 4,927792E-2 1,690005E-2
1,167833E0 4,947348E-2 1,989104E-2
1,209542E0 4,979462E-2 2,545408E-2
1,251250E0 5,044699E-2 3,432953E-2
1,292958E0 5,073528E-2 4,119721E-2
1,334667E0 5,085860E-2 4,853106E-2
1,376375E0 5,041267E-2 5,429049E-2
1,418083E0 4,914360E-2 5,922750E-2
1,459792E0 4,694519E-2 6,405152E-2
1,501500E0 4,409751E-2 6,905906E-2
1,543208E0 4,054654E-2 7,444616E-2
1,584917E0 3,551897E-2 8,011628E-2
1,626625E0 3,129996E-2 8,478967E-2
1,668333E0 2,750663E-2 8,924665E-2
1,710042E0 2,378598E-2 9,623354E-2
1,751750E0 2,207109E-2 1,033586E-1
1,793458E0 2,207041E-2 1,110386E-1
1,835167E0 2,358657E-2 1,173782E-1
1,876875E0 2,599145E-2 1,231007E-1
1,918583E0 2,916033E-2 1,281880E-1
1,960292E0 3,357036E-2 1,342002E-1
2,002000E0 3,740285E-2 1,394625E-1
2,043708E0 4,145050E-2 1,444770E-1
2,085417E0 4,527295E-2 1,495987E-1
2,127125E0 4,783702E-2 1,548440E-1
2,168833E0 4,904268E-2 1,608310E-1
2,210542E0 4,864303E-2 1,687004E-1
2,252250E0 4,684871E-2 1,755197E-1
2,293958E0 4,289230E-2 1,833065E-1
2,335667E0 4,076309E-2 1,875618E-1
2,377375E0 3,617689E-2 1,952833E-1
2,419083E0 3,284684E-2 2,014081E-1
2,460792E0 3,036152E-2 2,075893E-1
2,502500E0 2,867196E-2 2,128522E-1
2,544208E0 2,772239E-2 2,187157E-1
2,585917E0 2,756247E-2 2,239176E-1
2,627625E0 2,806473E-2 2,297794E-1
2,669333E0 2,916641E-2 2,360250E-1
2,711042E0 3,061168E-2 2,426870E-1
2,752750E0 3,237983E-2 2,493656E-1
2,794458E0 3,405583E-2 2,556130E-1
2,836167E0 3,539071E-2 2,613565E-1
2,877875E0 3,612836E-2 2,670513E-1
2,919583E0 3,634922E-2 2,728336E-1
2,961292E0 3,589700E-2 2,792787E-1
3,003000E0 3,518067E-2 2,853029E-1
3,044708E0 3,403334E-2 2,907663E-1
3,086417E0 3,234863E-2 2,961548E-1
3,128125E0 3,123917E-2 3,029884E-1
3,169833E0 2,984627E-2 3,103863E-1
3,211542E0 2,892955E-2 3,166396E-1
3,253250E0 2,805290E-2 3,232198E-1
3,294958E0 2,775040E-2 3,291874E-1
3,336667E0 2,786865E-2 3,350265E-1
3,378375E0 2,817620E-2 3,409653E-1
3,420083E0 2,889943E-2 3,469308E-1
3,461792E0 2,989050E-2 3,528904E-1
3,503500E0 3,082492E-2 3,585917E-1
3,545208E0 3,191632E-2 3,645609E-1
3,586917E0 3,296289E-2 3,705341E-1
3,628625E0 3,402804E-2 3,780903E-1
3,670333E0 3,498144E-2 3,850580E-1
3,712042E0 3,576160E-2 3,915529E-1
3,753750E0 3,637923E-2 3,970245E-1
3,795458E0 3,674327E-2 4,024421E-1
3,837167E0 3,702832E-2 4,079883E-1
3,878875E0 3,712959E-2 4,144649E-1
3,920583E0 3,708989E-2 4,208951E-1
3,962292E0 3,706874E-2 4,279932E-1
4,004000E0 3,666408E-2 4,340914E-1
4,045708E0 3,586375E-2 4,404367E-1
4,087417E0 3,514519E-2 4,469385E-1
4,129125E0 3,559592E-2 4,533519E-1
4,170833E0 3,487623E-2 4,589737E-1
4,212542E0 3,390502E-2 4,646006E-1
4,254250E0 3,233408E-2 4,708221E-1
