	masa A		
t	x	y	
0,626	5,485E-2	1,221E-2
0,667	5,494E-2	1,264E-2
0,709	5,505E-2	1,401E-2
0,751	5,538E-2	1,715E-2
0,792	5,621E-2	2,248E-2
0,834	5,625E-2	2,863E-2
0,876	5,547E-2	3,477E-2
0,918	5,409E-2	3,986E-2
0,959	5,199E-2	4,435E-2
1,001	4,916E-2	4,812E-2
1,043	4,577E-2	5,105E-2
1,084	4,214E-2	5,395E-2
1,126	3,791E-2	5,738E-2
1,168	3,228E-2	6,246E-2
1,210	2,719E-2	6,696E-2
1,251	2,217E-2	7,159E-2
1,293	1,699E-2	7,700E-2
1,335	1,451E-2	8,120E-2
1,376	1,276E-2	8,615E-2
1,418	1,264E-2	9,137E-2
1,460	1,397E-2	9,671E-2
1,501	1,693E-2	0,102
1,543	2,040E-2	0,107
1,585	2,428E-2	0,111
1,627	2,820E-2	0,116
1,668	3,196E-2	0,121
1,710	3,516E-2	0,125
1,752	3,766E-2	0,130
1,793	3,939E-2	0,135
1,835	4,016E-2	0,139
1,877	4,028E-2	0,143
1,919	3,957E-2	0,146
1,960	3,846E-2	0,150
2,002	3,660E-2	0,155
2,044	3,403E-2	0,161
2,085	3,114E-2	0,166
2,127	2,803E-2	0,171
2,169	2,534E-2	0,176
2,211	2,307E-2	0,180
2,252	2,151E-2	0,184
2,294	2,055E-2	0,189
2,336	2,032E-2	0,194
2,377	2,096E-2	0,199
2,419	2,239E-2	0,205
2,461	2,435E-2	0,209
2,502	2,655E-2	0,213
2,544	2,887E-2	0,217
2,586	3,110E-2	0,221
2,628	3,318E-2	0,226
2,669	3,501E-2	0,231
2,711	3,651E-2	0,236
2,753	3,761E-2	0,241
2,794	3,838E-2	0,246
2,836	3,878E-2	0,250
2,878	3,892E-2	0,254
2,920	3,887E-2	0,259
2,961	3,869E-2	0,264
3,003	3,828E-2	0,269
3,045	3,771E-2	0,274
3,086	3,700E-2	0,279
3,128	3,628E-2	0,284
3,170	3,546E-2	0,288
3,212	3,457E-2	0,292
3,253	3,358E-2	0,296
3,295	3,281E-2	0,302
3,337	3,197E-2	0,307
3,378	3,134E-2	0,312
3,420	3,069E-2	0,317
3,462	3,022E-2	0,321
3,503	2,994E-2	0,325
3,545	2,985E-2	0,330
3,587	2,986E-2	0,335
3,629	3,003E-2	0,340
3,670	3,023E-2	0,345
3,712	3,061E-2	0,350
3,754	3,094E-2	0,354
3,795	3,120E-2	0,359
3,837	3,165E-2	0,363
3,879	3,205E-2	0,368
3,921	3,260E-2	0,374
3,962	3,348E-2	0,379
4,004	3,432E-2	0,384
4,046	3,538E-2	0,388
4,087	3,657E-2	0,392
4,129	3,770E-2	0,396
4,171	3,904E-2	0,401
4,213	4,030E-2	0,406
4,254	4,140E-2	0,412
4,296	4,256E-2	0,417
4,338	4,357E-2	0,422
4,379	4,415E-2	0,425
4,421	4,457E-2	0,430
4,463	4,409E-2	0,435
4,504	4,293E-2	0,441
4,546	4,187E-2	0,446
4,588	4,040E-2	0,451
4,630	3,854E-2	0,456
4,671	3,655E-2	0,460
4,713	3,449E-2	0,464
4,755	3,238E-2	0,468
4,796	3,070E-2	0,474
