	masa A		
t	x	y	
0,626	4,741E-2	1,369E-2
0,667	4,750E-2	1,646E-2
0,709	4,792E-2	2,281E-2
0,751	4,831E-2	3,003E-2
0,792	4,875E-2	3,690E-2
0,834	4,915E-2	4,302E-2
0,876	4,916E-2	4,824E-2
0,918	4,893E-2	5,240E-2
0,959	4,834E-2	5,544E-2
1,001	4,739E-2	5,824E-2
1,043	4,609E-2	6,142E-2
1,084	4,432E-2	6,555E-2
1,126	4,222E-2	7,029E-2
1,168	4,007E-2	7,527E-2
1,210	3,772E-2	8,028E-2
1,251	3,533E-2	8,545E-2
1,293	3,304E-2	9,023E-2
1,335	3,147E-2	9,486E-2
1,376	3,054E-2	9,950E-2
1,418	3,040E-2	0,105
1,460	3,122E-2	0,110
1,502	3,298E-2	0,114
1,543	3,539E-2	0,118
1,585	3,853E-2	0,122
1,627	4,152E-2	0,124
1,668	4,524E-2	0,128
1,710	4,838E-2	0,132
1,752	5,212E-2	0,136
1,793	5,590E-2	0,142
1,835	5,728E-2	0,146
1,877	5,519E-2	0,150
1,919	5,218E-2	0,154
1,960	4,849E-2	0,160
2,002	4,405E-2	0,166
2,044	3,889E-2	0,173
2,085	3,349E-2	0,179
2,127	2,896E-2	0,183
2,169	2,422E-2	0,187
2,211	2,057E-2	0,190
2,252	1,775E-2	0,194
2,294	1,551E-2	0,198
2,336	1,404E-2	0,203
2,377	1,354E-2	0,208
2,419	1,355E-2	0,213
2,461	1,431E-2	0,218
2,502	1,544E-2	0,223
2,544	1,717E-2	0,228
2,586	1,889E-2	0,234
2,628	2,096E-2	0,240
2,669	2,276E-2	0,246
2,711	2,454E-2	0,251
2,753	2,585E-2	0,256
2,794	2,676E-2	0,260
2,836	2,730E-2	0,264
2,878	2,735E-2	0,267
2,920	2,696E-2	0,271
2,961	2,597E-2	0,275
3,003	2,427E-2	0,280
3,045	2,224E-2	0,285
3,086	1,993E-2	0,289
3,128	1,749E-2	0,293
3,170	1,543E-2	0,299
3,212	1,418E-2	0,304
3,253	1,385E-2	0,310
3,295	1,477E-2	0,315
3,337	1,677E-2	0,321
3,378	1,976E-2	0,325
3,420	2,278E-2	0,329
3,462	2,629E-2	0,332
3,503	2,993E-2	0,335
3,545	3,383E-2	0,338
3,587	3,904E-2	0,344
3,629	4,457E-2	0,350
3,670	4,944E-2	0,356
3,712	5,334E-2	0,361
3,754	5,571E-2	0,366
3,795	5,620E-2	0,370
3,837	5,543E-2	0,374
3,879	5,299E-2	0,378
3,921	4,902E-2	0,383
3,962	4,460E-2	0,387
4,004	3,983E-2	0,391
4,046	3,473E-2	0,397
4,087	3,022E-2	0,402
4,129	2,681E-2	0,407
4,171	2,469E-2	0,412
4,213	2,398E-2	0,417
4,254	2,494E-2	0,421
4,296	2,713E-2	0,425
4,338	3,059E-2	0,429
4,379	3,413E-2	0,434
4,421	3,868E-2	0,440
4,463	4,318E-2	0,445
4,505	4,721E-2	0,450
4,546	5,012E-2	0,456
4,588	5,136E-2	0,460
4,630	5,193E-2	0,464
4,671	5,119E-2	0,468
4,713	4,947E-2	0,473
4,755	4,830E-2	0,475
