 masa A  
t x y 
0,000000E0 4,681825E-2 1,519422E-2
4,170833E-2 4,681434E-2 1,519184E-2
8,341667E-2 4,682445E-2 1,519611E-2
1,251250E-1 4,682475E-2 1,518811E-2
1,668333E-1 4,680757E-2 1,518463E-2
2,085417E-1 4,680679E-2 1,519013E-2
2,502500E-1 4,679832E-2 1,519264E-2
2,919583E-1 4,679729E-2 1,518350E-2
3,336667E-1 4,681019E-2 1,519129E-2
3,753750E-1 4,680705E-2 1,519621E-2
4,170833E-1 4,680612E-2 1,520901E-2
4,587917E-1 4,681571E-2 1,521897E-2
5,005000E-1 4,680637E-2 1,521345E-2
5,422083E-1 4,680458E-2 1,519265E-2
5,839167E-1 4,681227E-2 1,519438E-2
6,256250E-1 4,680910E-2 1,519043E-2
6,673333E-1 4,679903E-2 1,517245E-2
7,090417E-1 4,680909E-2 1,513210E-2
7,507500E-1 4,679860E-2 1,516987E-2
7,924583E-1 4,680107E-2 1,517461E-2
8,341667E-1 4,680054E-2 1,545651E-2
8,758750E-1 4,684478E-2 1,601182E-2
9,175833E-1 4,685582E-2 1,683788E-2
9,592917E-1 4,690476E-2 1,802084E-2
1,001000E0 4,693506E-2 1,927907E-2
1,042708E0 4,698105E-2 2,065439E-2
1,084417E0 4,711573E-2 2,199883E-2
1,126125E0 4,717360E-2 2,329033E-2
1,167833E0 4,728559E-2 2,447629E-2
1,209542E0 4,734634E-2 2,545358E-2
1,251250E0 4,737331E-2 2,630450E-2
1,292958E0 4,744495E-2 2,702950E-2
1,334667E0 4,746001E-2 2,773834E-2
1,376375E0 4,749889E-2 2,842772E-2
1,418083E0 4,757300E-2 2,923419E-2
1,459792E0 4,761269E-2 3,006755E-2
1,501500E0 4,766777E-2 3,100021E-2
1,543208E0 4,772831E-2 3,193439E-2
1,584917E0 4,775629E-2 3,282964E-2
1,626625E0 4,786498E-2 3,373517E-2
1,668333E0 4,787706E-2 3,465562E-2
1,710042E0 4,791666E-2 3,543237E-2
1,751750E0 4,797186E-2 3,612145E-2
1,793458E0 4,796866E-2 3,681338E-2
1,835167E0 4,799758E-2 3,751346E-2
1,876875E0 4,801086E-2 3,821773E-2
1,918583E0 4,800264E-2 3,897282E-2
1,960292E0 4,800119E-2 3,972477E-2
2,002000E0 4,796779E-2 4,055548E-2
2,043708E0 4,799548E-2 4,145453E-2
2,085417E0 4,796924E-2 4,229836E-2
2,127125E0 4,791532E-2 4,323614E-2
2,168833E0 4,788302E-2 4,420340E-2
2,210542E0 4,783217E-2 4,518438E-2
2,252250E0 4,779437E-2 4,629960E-2
2,293958E0 4,769209E-2 4,746409E-2
2,335667E0 4,762010E-2 4,853730E-2
2,377375E0 4,752616E-2 4,974838E-2
2,419083E0 4,741160E-2 5,096251E-2
2,460792E0 4,720011E-2 5,218217E-2
2,502500E0 4,705069E-2 5,326672E-2
2,544208E0 4,704580E-2 5,455274E-2
2,585917E0 4,681388E-2 5,557147E-2
2,627625E0 4,656741E-2 5,673894E-2
2,669333E0 4,629448E-2 5,775877E-2
2,711042E0 4,610235E-2 5,898442E-2
2,752750E0 4,591084E-2 6,021286E-2
2,794458E0 4,565528E-2 6,146695E-2
2,836167E0 4,541118E-2 6,270739E-2
2,877875E0 4,508558E-2 6,391833E-2
2,919583E0 4,481731E-2 6,500608E-2
2,961292E0 4,452541E-2 6,597623E-2
3,003000E0 4,417903E-2 6,684833E-2
3,044708E0 4,390540E-2 6,755353E-2
3,086417E0 4,355012E-2 6,816613E-2
3,128125E0 4,324424E-2 6,884369E-2
3,169833E0 4,286916E-2 6,950995E-2
3,211542E0 4,250028E-2 7,021032E-2
3,253250E0 4,211290E-2 7,110677E-2
3,294958E0 4,172811E-2 7,196982E-2
3,336667E0 4,124274E-2 7,300164E-2
3,378375E0 4,085695E-2 7,392628E-2
3,420083E0 4,052168E-2 7,483275E-2
3,461792E0 4,000927E-2 7,574017E-2
3,503500E0 3,954318E-2 7,670209E-2
3,545208E0 3,909628E-2 7,766886E-2
3,586917E0 3,865382E-2 7,847752E-2
3,628625E0 3,817937E-2 7,948776E-2
3,670333E0 3,769499E-2 8,054286E-2
3,712042E0 3,717496E-2 8,158433E-2
3,753750E0 3,666576E-2 8,277965E-2
3,795458E0 3,611034E-2 8,393482E-2
3,837167E0 3,558039E-2 8,517802E-2
3,878875E0 3,499369E-2 8,635771E-2
3,920583E0 3,444669E-2 8,754124E-2
3,962292E0 3,382949E-2 8,855787E-2
4,004000E0 3,328994E-2 8,961309E-2
4,045708E0 3,273244E-2 9,053478E-2
4,087417E0 3,216833E-2 9,147253E-2
4,129125E0 3,166632E-2 9,240549E-2
4,170833E0 3,101210E-2 9,324908E-2
4,212542E0 3,049669E-2 9,418720E-2
4,254250E0 2,994747E-2 9,507304E-2
4,295958E0 2,936875E-2 9,587466E-2
4,337667E0 2,882816E-2 9,671264E-2
4,379375E0 2,825966E-2 9,741013E-2
4,421083E0 2,773367E-2 9,809581E-2
4,462792E0 2,735001E-2 9,878219E-2
4,504500E0 2,684759E-2 9,939699E-2
4,546208E0 2,634450E-2 1,000031E-1
4,587917E0 2,584257E-2 1,006736E-1
4,629625E0 2,537778E-2 1,014411E-1
4,671333E0 2,493065E-2 1,021939E-1
4,713042E0 2,448012E-2 1,030121E-1
4,754750E0 2,406137E-2 1,038673E-1
4,796458E0 2,368770E-2 1,047723E-1
4,838167E0 2,325009E-2 1,056031E-1
4,879875E0 2,282239E-2 1,066020E-1
4,921583E0 2,249880E-2 1,076684E-1
4,963292E0 2,210377E-2 1,087527E-1
5,005000E0 2,177446E-2 1,097925E-1
5,046708E0 2,153052E-2 1,109106E-1
5,088417E0 2,118162E-2 1,119127E-1
5,130125E0 2,086392E-2 1,129525E-1
5,171833E0 2,057324E-2 1,139793E-1
5,213542E0 2,033049E-2 1,150098E-1
5,255250E0 2,007082E-2 1,161527E-1
5,296958E0 1,987925E-2 1,173137E-1
5,338667E0 1,970837E-2 1,184552E-1
5,380375E0 1,957936E-2 1,196094E-1
5,422083E0 1,944360E-2 1,206631E-1
5,463792E0 1,928761E-2 1,218407E-1
5,505500E0 1,922158E-2 1,229340E-1
5,547208E0 1,918607E-2 1,240144E-1
5,588917E0 1,912654E-2 1,249615E-1
5,630625E0 1,913513E-2 1,259221E-1
5,672333E0 1,912111E-2 1,269814E-1
5,714042E0 1,918500E-2 1,280513E-1
5,755750E0 1,929944E-2 1,291536E-1
5,797458E0 1,942893E-2 1,303246E-1
5,839167E0 1,953846E-2 1,315902E-1
5,880875E0 1,974734E-2 1,327981E-1
5,922583E0 1,994860E-2 1,340386E-1
5,964292E0 2,013160E-2 1,352284E-1
6,006000E0 2,042004E-2 1,363248E-1
6,047708E0 2,068468E-2 1,372959E-1
6,089417E0 2,098785E-2 1,382263E-1
6,131125E0 2,127843E-2 1,389834E-1
6,172833E0 2,157968E-2 1,397123E-1
6,214542E0 2,194537E-2 1,405319E-1
6,256250E0 2,221389E-2 1,413720E-1
6,297958E0 2,255627E-2 1,422997E-1
6,339667E0 2,295936E-2 1,432940E-1
6,381375E0 2,337085E-2 1,442935E-1
6,423083E0 2,370618E-2 1,451311E-1
6,464792E0 2,413168E-2 1,459949E-1
6,506500E0 2,451474E-2 1,468097E-1
6,548208E0 2,494935E-2 1,476801E-1
6,589917E0 2,540214E-2 1,485052E-1
6,631625E0 2,582988E-2 1,493694E-1
6,673333E0 2,630363E-2 1,502583E-1
6,715042E0 2,676351E-2 1,512373E-1
6,756750E0 2,720281E-2 1,522959E-1
6,798458E0 2,762155E-2 1,532730E-1
6,840167E0 2,805958E-2 1,543762E-1
6,881875E0 2,857613E-2 1,555731E-1
6,923583E0 2,896070E-2 1,566910E-1
6,965292E0 2,940777E-2 1,579121E-1
7,007000E0 2,985527E-2 1,590832E-1
7,048708E0 3,026557E-2 1,600690E-1
7,090417E0 3,068656E-2 1,609587E-1
7,132125E0 3,103584E-2 1,618287E-1
7,173833E0 3,142241E-2 1,626056E-1
7,215542E0 3,179844E-2 1,634731E-1
7,257250E0 3,219950E-2 1,643645E-1
7,298958E0 3,252440E-2 1,652776E-1
7,340667E0 3,287670E-2 1,662195E-1
7,382375E0 3,319400E-2 1,671012E-1
7,424083E0 3,350974E-2 1,680236E-1
7,465792E0 3,380952E-2 1,688671E-1
7,507500E0 3,409132E-2 1,696897E-1
7,549208E0 3,438741E-2 1,703192E-1
7,590917E0 3,466317E-2 1,709132E-1
7,632625E0 3,486655E-2 1,715056E-1
7,674333E0 3,512431E-2 1,721771E-1
7,716042E0 3,532692E-2 1,730595E-1
7,757750E0 3,555965E-2 1,738693E-1
7,799458E0 3,571097E-2 1,749862E-1
7,841167E0 3,586354E-2 1,760108E-1
7,882875E0 3,598500E-2 1,770538E-1
7,924583E0 3,609891E-2 1,779457E-1
7,966292E0 3,621735E-2 1,788885E-1
8,008000E0 3,637982E-2 1,798865E-1
8,049708E0 3,642396E-2 1,808465E-1
8,091417E0 3,641972E-2 1,818610E-1
8,133125E0 3,647183E-2 1,829478E-1
8,174833E0 3,655844E-2 1,840652E-1
8,216542E0 3,654240E-2 1,851837E-1
8,258250E0 3,646099E-2 1,864078E-1
8,299958E0 3,648846E-2 1,875794E-1
8,341667E0 3,646323E-2 1,885501E-1
8,383375E0 3,663042E-2 1,896996E-1
8,425083E0 3,672931E-2 1,905156E-1
8,466792E0 3,667812E-2 1,913532E-1
8,508500E0 3,628405E-2 1,925491E-1
8,550208E0 3,604676E-2 1,935987E-1
8,591917E0 3,599559E-2 1,947217E-1
8,633625E0 3,581673E-2 1,958123E-1
8,675333E0 3,575516E-2 1,969417E-1
8,717042E0 3,559586E-2 1,979729E-1
8,758750E0 3,546675E-2 1,989603E-1
8,800458E0 3,535308E-2 2,002172E-1
8,842167E0 3,519168E-2 2,012245E-1
8,883875E0 3,508673E-2 2,024000E-1
8,925583E0 3,501864E-2 2,035820E-1
8,967292E0 3,480685E-2 2,048784E-1
9,009000E0 3,475585E-2 2,060911E-1
9,050708E0 3,471587E-2 2,072677E-1
9,092417E0 3,449978E-2 2,084280E-1
9,134125E0 3,443930E-2 2,094296E-1
9,175833E0 3,438544E-2 2,103320E-1
9,217542E0 3,431496E-2 2,111322E-1
9,259250E0 3,409990E-2 2,119927E-1
9,300958E0 3,407612E-2 2,128482E-1
9,342667E0 3,404352E-2 2,136098E-1
9,384375E0 3,400711E-2 2,143694E-1
9,426083E0 3,402010E-2 2,152267E-1
9,467792E0 3,403618E-2 2,161262E-1
9,509500E0 3,407273E-2 2,168756E-1
9,551208E0 3,406888E-2 2,175183E-1
9,592917E0 3,407683E-2 2,182997E-1
9,634625E0 3,406215E-2 2,190738E-1
9,676333E0 3,401162E-2 2,198733E-1
9,718042E0 3,410342E-2 2,207202E-1
9,759750E0 3,407829E-2 2,215676E-1
9,801458E0 3,424351E-2 2,226020E-1
9,843167E0 3,429138E-2 2,235538E-1
9,884875E0 3,438809E-2 2,247079E-1
9,926583E0 3,448015E-2 2,258178E-1
9,968292E0 3,459868E-2 2,270464E-1
1,001000E1 3,478677E-2 2,283356E-1
1,005171E1 3,490011E-2 2,295599E-1
1,009342E1 3,504317E-2 2,305055E-1
1,013512E1 3,522266E-2 2,315101E-1
1,017683E1 3,538366E-2 2,324002E-1
1,021854E1 3,553895E-2 2,332169E-1
1,026025E1 3,574860E-2 2,341371E-1
1,030196E1 3,586107E-2 2,349493E-1
1,034367E1 3,614380E-2 2,358333E-1
1,038537E1 3,629105E-2 2,366491E-1
1,042708E1 3,643427E-2 2,375659E-1
1,046879E1 3,670707E-2 2,383357E-1
1,051050E1 3,686431E-2 2,390724E-1
1,055221E1 3,702739E-2 2,398934E-1
1,059392E1 3,714334E-2 2,405980E-1
1,063562E1 3,732476E-2 2,412755E-1
1,067733E1 3,755613E-2 2,421230E-1
1,071904E1 3,761222E-2 2,429285E-1
1,076075E1 3,779417E-2 2,437720E-1
1,080246E1 3,783357E-2 2,446884E-1
1,084417E1 3,789468E-2 2,457227E-1
1,088587E1 3,803598E-2 2,467262E-1
1,092758E1 3,805837E-2 2,478724E-1
1,096929E1 3,808558E-2 2,489753E-1
1,101100E1 3,804848E-2 2,500250E-1
1,105271E1 3,808564E-2 2,510841E-1
1,109442E1 3,804099E-2 2,521463E-1
1,113612E1 3,795722E-2 2,532001E-1
1,117783E1 3,794573E-2 2,543645E-1
1,121954E1 3,784389E-2 2,555120E-1
1,126125E1 3,774731E-2 2,564586E-1
1,130296E1 3,751955E-2 2,575224E-1
1,134467E1 3,729296E-2 2,585317E-1
1,138637E1 3,716926E-2 2,595368E-1
1,142808E1 3,692156E-2 2,605629E-1
1,146979E1 3,670548E-2 2,615564E-1
1,151150E1 3,640467E-2 2,625814E-1
1,155321E1 3,611303E-2 2,637302E-1
1,159492E1 3,567522E-2 2,647972E-1
1,163662E1 3,538112E-2 2,659589E-1
1,167833E1 3,508465E-2 2,670251E-1
1,172004E1 3,461931E-2 2,681498E-1
1,176175E1 3,423062E-2 2,693550E-1
1,180346E1 3,375764E-2 2,704685E-1
1,184517E1 3,322982E-2 2,715795E-1
1,188687E1 3,277040E-2 2,727338E-1
1,192858E1 3,225122E-2 2,738588E-1
1,197029E1 3,171469E-2 2,751450E-1
1,201200E1 3,125158E-2 2,764483E-1
1,205371E1 3,065669E-2 2,776810E-1
1,209542E1 3,006907E-2 2,788500E-1
1,213712E1 2,949043E-2 2,799651E-1
1,217883E1 2,898174E-2 2,808915E-1
1,222054E1 2,848039E-2 2,817400E-1
1,226225E1 2,787870E-2 2,824905E-1
1,230396E1 2,723867E-2 2,833004E-1
1,234567E1 2,679479E-2 2,839959E-1
1,238737E1 2,621693E-2 2,846352E-1
1,242908E1 2,566872E-2 2,854193E-1
1,247079E1 2,522151E-2 2,861686E-1
1,251250E1 2,478426E-2 2,869682E-1
1,255421E1 2,425163E-2 2,877854E-1
1,259592E1 2,377668E-2 2,886272E-1
1,263762E1 2,339165E-2 2,895862E-1
1,267933E1 2,302131E-2 2,903848E-1
1,272104E1 2,257361E-2 2,912637E-1
1,276275E1 2,218980E-2 2,921538E-1
1,280446E1 2,176263E-2 2,930240E-1
1,284617E1 2,147708E-2 2,939694E-1
1,288787E1 2,106358E-2 2,949346E-1
1,292958E1 2,077824E-2 2,960848E-1
1,297129E1 2,052489E-2 2,973013E-1
1,301300E1 2,018045E-2 2,984203E-1
1,305471E1 2,003560E-2 2,995540E-1
1,309642E1 1,986522E-2 3,006402E-1
1,313812E1 1,960195E-2 3,017877E-1
1,317983E1 1,944835E-2 3,027686E-1
1,322154E1 1,926867E-2 3,036120E-1
1,326325E1 1,921707E-2 3,044601E-1
1,330496E1 1,909538E-2 3,053263E-1
1,334667E1 1,904511E-2 3,061226E-1
1,338837E1 1,904405E-2 3,069550E-1
1,343008E1 1,907284E-2 3,077459E-1
1,347179E1 1,909288E-2 3,086809E-1
1,351350E1 1,924968E-2 3,096017E-1
1,355521E1 1,934998E-2 3,105220E-1
1,359692E1 1,953389E-2 3,114409E-1
1,363862E1 1,971464E-2 3,124159E-1
1,368033E1 1,994828E-2 3,133398E-1
1,372204E1 2,021183E-2 3,141886E-1
1,376375E1 2,046093E-2 3,149269E-1
1,380546E1 2,076721E-2 3,157840E-1
1,384717E1 2,111911E-2 3,165734E-1
1,388887E1 2,153985E-2 3,175132E-1
1,393058E1 2,195141E-2 3,184243E-1
1,397229E1 2,234625E-2 3,193427E-1
1,401400E1 2,289542E-2 3,203520E-1
1,405571E1 2,340466E-2 3,212725E-1
1,409742E1 2,402888E-2 3,223953E-1
1,413912E1 2,458086E-2 3,232464E-1
1,418083E1 2,526190E-2 3,240594E-1
1,422254E1 2,589517E-2 3,249985E-1
1,426425E1 2,639007E-2 3,261170E-1
1,430596E1 2,695125E-2 3,271123E-1
1,434767E1 2,763839E-2 3,282413E-1
1,438937E1 2,834124E-2 3,293632E-1
1,443108E1 2,892225E-2 3,305615E-1
1,447279E1 2,960549E-2 3,318516E-1
1,451450E1 3,029117E-2 3,331408E-1
1,455621E1 3,088351E-2 3,344236E-1
1,459792E1 3,149304E-2 3,356111E-1
1,463962E1 3,211824E-2 3,367811E-1
1,468133E1 3,276919E-2 3,378126E-1
1,472304E1 3,333423E-2 3,387766E-1
1,476475E1 3,400020E-2 3,397983E-1
1,480646E1 3,451616E-2 3,406369E-1
1,484817E1 3,502769E-2 3,415806E-1
1,488987E1 3,559986E-2 3,426705E-1
1,493158E1 3,612783E-2 3,437971E-1
1,497329E1 3,658879E-2 3,449418E-1
1,501500E1 3,700035E-2 3,461469E-1
1,505671E1 3,731609E-2 3,473414E-1
1,509842E1 3,761847E-2 3,485559E-1
1,514012E1 3,782326E-2 3,497883E-1
1,518183E1 3,814060E-2 3,508918E-1
1,522354E1 3,836022E-2 3,519207E-1
1,526525E1 3,858862E-2 3,528126E-1
1,530696E1 3,863017E-2 3,536496E-1
1,534867E1 3,874199E-2 3,544317E-1
1,539037E1 3,887172E-2 3,551662E-1
1,543208E1 3,880326E-2 3,558313E-1
1,547379E1 3,883412E-2 3,563791E-1
1,551550E1 3,879566E-2 3,570453E-1
1,555721E1 3,868906E-2 3,578408E-1
1,559892E1 3,860407E-2 3,585924E-1
1,564062E1 3,850860E-2 3,594625E-1
1,568233E1 3,829082E-2 3,603953E-1
1,572404E1 3,806932E-2 3,614596E-1
1,576575E1 3,780529E-2 3,625980E-1
1,580746E1 3,753008E-2 3,637256E-1
1,584917E1 3,722809E-2 3,648461E-1
1,589087E1 3,689047E-2 3,658883E-1
1,593258E1 3,643829E-2 3,669137E-1
1,597429E1 3,597839E-2 3,677118E-1
1,601600E1 3,552042E-2 3,684764E-1
1,605771E1 3,511274E-2 3,691698E-1
1,609942E1 3,456425E-2 3,698825E-1
1,614112E1 3,407708E-2 3,705676E-1
1,618283E1 3,350555E-2 3,714290E-1
1,622454E1 3,304141E-2 3,723769E-1
1,626625E1 3,257737E-2 3,734043E-1
1,630796E1 3,192518E-2 3,744911E-1
1,634967E1 3,145817E-2 3,755912E-1
1,639137E1 3,083439E-2 3,768716E-1
1,643308E1 3,043313E-2 3,780634E-1
1,647479E1 2,999769E-2 3,793758E-1
1,651650E1 2,948981E-2 3,805725E-1
1,655821E1 2,890391E-2 3,816701E-1
1,659992E1 2,837311E-2 3,826530E-1
1,664162E1 2,800592E-2 3,835373E-1
1,668333E1 2,763351E-2 3,844912E-1
1,672504E1 2,727983E-2 3,852726E-1
1,676675E1 2,688892E-2 3,862017E-1
1,680846E1 2,650631E-2 3,871791E-1
1,685017E1 2,625015E-2 3,881556E-1
1,689187E1 2,603100E-2 3,891742E-1
1,693358E1 2,577980E-2 3,901098E-1
1,697529E1 2,542502E-2 3,910746E-1
1,701700E1 2,527600E-2 3,920548E-1
1,705871E1 2,517831E-2 3,930934E-1
1,710042E1 2,507525E-2 3,940185E-1
1,714212E1 2,511019E-2 3,950282E-1
1,718383E1 2,513296E-2 3,959202E-1
1,722554E1 2,522101E-2 3,967694E-1
1,726725E1 2,533152E-2 3,977655E-1
1,730896E1 2,547703E-2 3,989517E-1
1,735067E1 2,568112E-2 4,000370E-1
1,739237E1 2,595948E-2 4,012968E-1
1,743408E1 2,618879E-2 4,024268E-1
1,747579E1 2,662038E-2 4,034874E-1
1,751750E1 2,696704E-2 4,045722E-1
1,755921E1 2,728945E-2 4,055067E-1
1,760092E1 2,775277E-2 4,065250E-1
1,764262E1 2,824094E-2 4,074572E-1
1,768433E1 2,879588E-2 4,085636E-1
1,772604E1 2,926903E-2 4,095493E-1
1,776775E1 2,975634E-2 4,108176E-1
1,780946E1 3,027757E-2 4,119901E-1
1,785117E1 3,086092E-2 4,132442E-1
1,789287E1 3,141781E-2 4,144661E-1
1,793458E1 3,201543E-2 4,154184E-1
1,797629E1 3,259075E-2 4,163561E-1
1,801800E1 3,312587E-2 4,173642E-1
1,805971E1 3,370287E-2 4,183671E-1
1,810142E1 3,423263E-2 4,195626E-1
1,814312E1 3,479276E-2 4,206577E-1
1,818483E1 3,532689E-2 4,218269E-1
1,822654E1 3,582514E-2 4,230713E-1
1,826825E1 3,628435E-2 4,241514E-1
1,830996E1 3,669254E-2 4,252417E-1
1,835167E1 3,709204E-2 4,264195E-1
1,839337E1 3,752577E-2 4,275824E-1
1,843508E1 3,788344E-2 4,285557E-1
1,847679E1 3,826353E-2 4,293425E-1
1,851850E1 3,848553E-2 4,301239E-1
1,856021E1 3,878397E-2 4,306722E-1
1,860192E1 3,894746E-2 4,314540E-1
1,864362E1 3,916925E-2 4,323100E-1
1,868533E1 3,936385E-2 4,331886E-1
1,872704E1 3,952751E-2 4,341877E-1
1,876875E1 3,958820E-2 4,351133E-1
1,881046E1 3,958196E-2 4,359925E-1
1,885217E1 3,965196E-2 4,368668E-1
1,889387E1 3,964793E-2 4,376601E-1
1,893558E1 3,955921E-2 4,383405E-1
1,897729E1 3,952595E-2 4,389453E-1
1,901900E1 3,936435E-2 4,396415E-1
1,906071E1 3,924841E-2 4,403781E-1
1,910242E1 3,911684E-2 4,411326E-1
1,914412E1 3,886022E-2 4,418729E-1
1,918583E1 3,863925E-2 4,427261E-1
1,922754E1 3,836873E-2 4,436163E-1
1,926925E1 3,810848E-2 4,444886E-1
1,931096E1 3,778559E-2 4,454806E-1
1,935267E1 3,754687E-2 4,462788E-1
1,939437E1 3,721909E-2 4,473386E-1
1,943608E1 3,685048E-2 4,484056E-1
1,947779E1 3,641124E-2 4,495050E-1
1,951950E1 3,603285E-2 4,506236E-1
1,956121E1 3,555746E-2 4,516601E-1
1,960292E1 3,509440E-2 4,526784E-1
1,964462E1 3,460433E-2 4,535295E-1
1,968633E1 3,411809E-2 4,543580E-1
1,972804E1 3,361037E-2 4,551960E-1
1,976975E1 3,307072E-2 4,561799E-1
1,981146E1 3,256253E-2 4,573437E-1
1,985317E1 3,206173E-2 4,585504E-1
1,989487E1 3,160262E-2 4,597226E-1
1,993658E1 3,117239E-2 4,608464E-1
1,997829E1 3,077847E-2 4,618569E-1
2,002000E1 3,015873E-2 4,628148E-1
2,006171E1 2,979861E-2 4,638119E-1
2,010342E1 2,936841E-2 4,649173E-1
2,014512E1 2,900841E-2 4,660282E-1
2,018683E1 2,867425E-2 4,672274E-1
2,022854E1 2,834510E-2 4,683912E-1
2,027025E1 2,806753E-2 4,694698E-1
2,031196E1 2,782149E-2 4,706502E-1
2,035367E1 2,758075E-2 4,717680E-1
2,039537E1 2,735934E-2 4,728821E-1
2,043708E1 2,722221E-2 4,740101E-1
2,047879E1 2,710050E-2 4,750763E-1
2,052050E1 2,715488E-2 4,761683E-1
2,056221E1 2,716796E-2 4,772022E-1
2,060392E1 2,717854E-2 4,782382E-1
2,064562E1 2,720619E-2 4,791274E-1
2,068733E1 2,720849E-2 4,797730E-1
2,072904E1 2,725634E-2 4,800503E-1
2,077075E1 2,730935E-2 4,800419E-1
2,081246E1 2,746020E-2 4,800496E-1
2,085417E1 2,769013E-2 4,804544E-1
2,089587E1 2,817074E-2 4,812033E-1
2,093758E1 2,884282E-2 4,819308E-1
2,097929E1 2,946398E-2 4,824689E-1
2,102100E1 2,997161E-2 4,828020E-1
2,106271E1 3,059942E-2 4,830686E-1
2,110442E1 3,137840E-2 4,834753E-1
2,114612E1 3,251274E-2 4,841675E-1
2,118783E1 3,362948E-2 4,847114E-1
2,122954E1 3,467598E-2 4,850854E-1
2,127125E1 3,568042E-2 4,854959E-1
2,131296E1 3,667998E-2 4,858940E-1
2,135467E1 3,783208E-2 4,862330E-1
2,139637E1 3,888073E-2 4,866033E-1
