 masa A  
t x y 
8,341667E-1 3,639521E-2 1,136241E-2
8,758750E-1 3,639029E-2 1,199371E-2
9,175833E-1 3,640128E-2 1,427266E-2
9,592917E-1 3,640136E-2 2,051116E-2
1,001000E0 3,688895E-2 2,664814E-2
1,042708E0 3,728582E-2 3,574279E-2
1,084417E0 3,791251E-2 4,364628E-2
1,126125E0 3,884921E-2 5,122335E-2
1,167833E0 3,968077E-2 5,574420E-2
1,209542E0 4,074994E-2 5,993935E-2
1,251250E0 4,182168E-2 6,432083E-2
1,292958E0 4,299422E-2 6,999093E-2
1,334667E0 4,421587E-2 7,646240E-2
1,376375E0 4,539603E-2 8,287344E-2
1,418083E0 4,667701E-2 8,970201E-2
1,459792E0 4,732887E-2 9,579407E-2
1,501500E0 4,733295E-2 1,013897E-1
1,543208E0 4,664392E-2 1,064534E-1
1,584917E0 4,473621E-2 1,114583E-1
1,626625E0 4,214098E-2 1,163347E-1
1,668333E0 3,825550E-2 1,230927E-1
1,710042E0 3,465188E-2 1,286406E-1
1,751750E0 3,088690E-2 1,348684E-1
1,793458E0 2,810699E-2 1,405827E-1
1,835167E0 2,585989E-2 1,469445E-1
1,876875E0 2,522189E-2 1,541986E-1
1,918583E0 2,595946E-2 1,599149E-1
1,960292E0 2,818082E-2 1,661297E-1
2,002000E0 3,123137E-2 1,723856E-1
2,043708E0 3,489258E-2 1,777748E-1
2,085417E0 3,809410E-2 1,826886E-1
2,127125E0 4,138885E-2 1,878381E-1
2,168833E0 4,411500E-2 1,933750E-1
2,210542E0 4,594970E-2 1,988262E-1
2,252250E0 4,708819E-2 2,056827E-1
2,293958E0 4,704687E-2 2,138319E-1
2,335667E0 4,635005E-2 2,217695E-1
2,377375E0 4,521755E-2 2,288742E-1
2,419083E0 4,343796E-2 2,353537E-1
2,460792E0 4,142300E-2 2,406800E-1
2,502500E0 3,922235E-2 2,454616E-1
2,544208E0 3,738759E-2 2,495730E-1
2,585917E0 3,580806E-2 2,545782E-1
2,627625E0 3,479730E-2 2,605062E-1
2,669333E0 3,425349E-2 2,676085E-1
2,711042E0 3,428156E-2 2,750809E-1
2,752750E0 3,485961E-2 2,822371E-1
2,794458E0 3,551161E-2 2,883397E-1
2,836167E0 3,636386E-2 2,937387E-1
2,877875E0 3,731388E-2 2,990466E-1
2,919583E0 3,822830E-2 3,047640E-1
2,961292E0 3,890916E-2 3,104271E-1
3,003000E0 3,948040E-2 3,163894E-1
3,044708E0 4,014145E-2 3,227599E-1
3,086417E0 4,061369E-2 3,283983E-1
3,128125E0 4,079057E-2 3,342897E-1
3,169833E0 4,089423E-2 3,402023E-1
3,211542E0 4,096715E-2 3,460540E-1
3,253250E0 4,158188E-2 3,524873E-1
3,294958E0 4,213894E-2 3,591769E-1
3,336667E0 4,255729E-2 3,660802E-1
3,378375E0 4,300294E-2 3,724784E-1
3,420083E0 4,332326E-2 3,786018E-1
3,461792E0 4,322762E-2 3,845800E-1
3,503500E0 4,278798E-2 3,907547E-1
3,545208E0 4,158176E-2 3,971053E-1
3,586917E0 4,013019E-2 4,032780E-1
3,628625E0 3,819529E-2 4,097834E-1
3,670333E0 3,569158E-2 4,164566E-1
3,712042E0 3,362354E-2 4,233139E-1
3,753750E0 3,174756E-2 4,301608E-1
3,795458E0 2,986896E-2 4,360167E-1
3,837167E0 2,907843E-2 4,424126E-1
3,878875E0 2,935524E-2 4,480645E-1
3,920583E0 3,049143E-2 4,532542E-1
3,962292E0 3,198019E-2 4,586752E-1
4,004000E0 3,452126E-2 4,648627E-1
4,045708E0 3,728835E-2 4,701070E-1
4,087417E0 4,045615E-2 4,757841E-1
4,129125E0 4,358928E-2 4,818244E-1
