	masa A		
t	x	y	
0,709	3,106E-2	1,467E-2
0,751	3,104E-2	1,630E-2
0,792	3,094E-2	1,912E-2
0,834	3,079E-2	2,277E-2
0,876	3,078E-2	2,763E-2
0,918	3,107E-2	3,762E-2
0,959	3,174E-2	4,212E-2
1,001	3,100E-2	4,987E-2
1,043	3,054E-2	5,679E-2
1,084	2,971E-2	6,389E-2
1,126	2,962E-2	6,851E-2
1,168	2,750E-2	7,543E-2
1,210	2,491E-2	8,106E-2
1,251	2,408E-2	8,539E-2
1,293	2,168E-2	9,047E-2
1,335	1,855E-2	9,563E-2
1,376	1,633E-2	0,101
1,418	1,587E-2	0,106
1,460	1,439E-2	0,113
1,501	1,402E-2	0,120
1,543	1,578E-2	0,129
1,585	1,845E-2	0,133
1,627	2,076E-2	0,139
1,668	2,602E-2	0,145
1,710	3,036E-2	0,151
1,752	3,266E-2	0,155
1,793	3,589E-2	0,160
1,835	3,854E-2	0,166
1,877	3,968E-2	0,172
1,919	4,079E-2	0,182
1,960	4,064E-2	0,187
2,002	3,977E-2	0,195
2,044	3,820E-2	0,201
2,085	3,654E-2	0,206
2,127	3,396E-2	0,210
2,169	3,156E-2	0,216
2,211	2,759E-2	0,220
2,252	2,713E-2	0,225
2,294	2,556E-2	0,231
2,336	2,362E-2	0,240
2,377	2,150E-2	0,249
2,419	2,251E-2	0,257
2,461	2,390E-2	0,264
2,502	2,768E-2	0,267
2,544	3,266E-2	0,271
2,586	3,875E-2	0,276
2,628	4,217E-2	0,280
2,669	4,558E-2	0,286
2,711	4,890E-2	0,291
2,753	5,038E-2	0,296
2,794	5,112E-2	0,303
2,836	5,149E-2	0,313
2,878	5,121E-2	0,321
2,920	4,826E-2	0,329
2,961	4,429E-2	0,336
3,003	4,180E-2	0,339
3,045	3,977E-2	0,343
3,086	3,755E-2	0,347
3,128	3,617E-2	0,353
3,170	3,469E-2	0,360
3,212	3,220E-2	0,369
3,253	3,100E-2	0,375
3,295	2,870E-2	0,382
3,337	2,787E-2	0,388
3,378	2,750E-2	0,391
3,420	2,574E-2	0,398
3,462	2,528E-2	0,403
3,503	2,593E-2	0,409
3,545	2,676E-2	0,416
3,587	2,860E-2	0,422
3,629	3,220E-2	0,430
3,670	3,525E-2	0,436
3,712	3,700E-2	0,443
3,754	3,968E-2	0,450
3,795	4,244E-2	0,456
3,837	4,272E-2	0,461
3,879	4,235E-2	0,468
3,921	4,124E-2	0,474
