 masa A  
t x y 
8,341667E-1 2,802832E-2 1,571068E-2
8,758750E-1 2,751114E-2 1,656364E-2
9,175833E-1 2,709979E-2 1,784628E-2
9,592917E-1 2,687862E-2 1,928018E-2
1,001000E0 2,669951E-2 2,107069E-2
1,042708E0 2,666605E-2 2,316241E-2
1,084417E0 2,656573E-2 2,551007E-2
1,126125E0 2,659424E-2 2,822142E-2
1,167833E0 2,674714E-2 3,133683E-2
1,209542E0 2,689376E-2 3,448673E-2
1,251250E0 2,719629E-2 3,775581E-2
1,292958E0 2,736205E-2 4,060464E-2
1,334667E0 2,771848E-2 4,331652E-2
1,376375E0 2,811945E-2 4,554964E-2
1,418083E0 2,845645E-2 4,751332E-2
1,459792E0 2,895731E-2 4,904766E-2
1,501500E0 2,950885E-2 5,018901E-2
1,543208E0 3,000132E-2 5,109470E-2
1,584917E0 3,064991E-2 5,185618E-2
1,626625E0 3,122370E-2 5,256354E-2
1,668333E0 3,187382E-2 5,328898E-2
1,710042E0 3,249408E-2 5,412699E-2
1,751750E0 3,314339E-2 5,523887E-2
1,793458E0 3,378776E-2 5,679393E-2
1,835167E0 3,433720E-2 5,833843E-2
1,876875E0 3,493850E-2 6,037531E-2
1,918583E0 3,551744E-2 6,236399E-2
1,960292E0 3,608166E-2 6,467810E-2
2,002000E0 3,656045E-2 6,713428E-2
2,043708E0 3,712461E-2 6,966729E-2
2,085417E0 3,759302E-2 7,244631E-2
2,127125E0 3,800258E-2 7,496677E-2
2,168833E0 3,826318E-2 7,712892E-2
2,210542E0 3,850529E-2 7,928759E-2
2,252250E0 3,875934E-2 8,117589E-2
2,293958E0 3,884130E-2 8,284081E-2
2,335667E0 3,890917E-2 8,432478E-2
2,377375E0 3,884654E-2 8,581108E-2
2,419083E0 3,877303E-2 8,695208E-2
2,460792E0 3,867868E-2 8,779648E-2
2,502500E0 3,851768E-2 8,893118E-2
2,544208E0 3,841994E-2 9,025613E-2
2,585917E0 3,819998E-2 9,207142E-2
2,627625E0 3,807226E-2 9,415640E-2
2,669333E0 3,777765E-2 9,636043E-2
2,711042E0 3,748043E-2 9,916125E-2
2,752750E0 3,721879E-2 1,018595E-1
2,794458E0 3,689543E-2 1,046442E-1
2,836167E0 3,659050E-2 1,072115E-1
2,877875E0 3,639822E-2 1,096834E-1
2,919583E0 3,608198E-2 1,119697E-1
2,961292E0 3,577939E-2 1,140272E-1
3,003000E0 3,544970E-2 1,157628E-1
3,044708E0 3,522093E-2 1,172929E-1
3,086417E0 3,501601E-2 1,184971E-1
3,128125E0 3,480142E-2 1,194909E-1
3,169833E0 3,464286E-2 1,203858E-1
3,211542E0 3,449614E-2 1,211291E-1
3,253250E0 3,437411E-2 1,220394E-1
3,294958E0 3,420901E-2 1,229857E-1
3,336667E0 3,403873E-2 1,241576E-1
3,378375E0 3,395855E-2 1,257000E-1
3,420083E0 3,384495E-2 1,274715E-1
3,461792E0 3,381245E-2 1,295608E-1
3,503500E0 3,381560E-2 1,318321E-1
3,545208E0 3,389591E-2 1,343330E-1
3,586917E0 3,384239E-2 1,368643E-1
3,628625E0 3,393999E-2 1,394415E-1
3,670333E0 3,398618E-2 1,420563E-1
3,712042E0 3,404190E-2 1,446520E-1
3,753750E0 3,421170E-2 1,470575E-1
3,795458E0 3,438030E-2 1,493473E-1
3,837167E0 3,457460E-2 1,511445E-1
3,878875E0 3,466775E-2 1,528635E-1
3,920583E0 3,479418E-2 1,542359E-1
3,962292E0 3,496860E-2 1,555704E-1
4,004000E0 3,511604E-2 1,567773E-1
4,045708E0 3,529029E-2 1,581446E-1
4,087417E0 3,543291E-2 1,594384E-1
4,129125E0 3,562001E-2 1,609672E-1
4,170833E0 3,576399E-2 1,625915E-1
4,212542E0 3,596728E-2 1,645698E-1
4,254250E0 3,612381E-2 1,667671E-1
4,295958E0 3,628673E-2 1,690031E-1
4,337667E0 3,650359E-2 1,716049E-1
4,379375E0 3,661017E-2 1,742585E-1
4,421083E0 3,675828E-2 1,768811E-1
4,462792E0 3,683869E-2 1,793231E-1
4,504500E0 3,693717E-2 1,815895E-1
4,546208E0 3,691280E-2 1,835740E-1
4,587917E0 3,703493E-2 1,853044E-1
4,629625E0 3,710239E-2 1,867402E-1
4,671333E0 3,707115E-2 1,880195E-1
4,713042E0 3,720334E-2 1,890528E-1
4,754750E0 3,721442E-2 1,900020E-1
4,796458E0 3,707146E-2 1,909699E-1
4,838167E0 3,722883E-2 1,920614E-1
4,879875E0 3,706651E-2 1,933617E-1
4,921583E0 3,712784E-2 1,948985E-1
4,963292E0 3,707584E-2 1,967345E-1
5,005000E0 3,708755E-2 1,988044E-1
5,046708E0 3,709829E-2 2,013685E-1
5,088417E0 3,708350E-2 2,040277E-1
5,130125E0 3,708067E-2 2,068375E-1
5,171833E0 3,707568E-2 2,096799E-1
5,213542E0 3,714217E-2 2,123717E-1
5,255250E0 3,718020E-2 2,148930E-1
5,296958E0 3,707341E-2 2,173403E-1
5,338667E0 3,709460E-2 2,191060E-1
5,380375E0 3,722375E-2 2,210499E-1
5,422083E0 3,722810E-2 2,226635E-1
5,463792E0 3,720343E-2 2,240831E-1
5,505500E0 3,721226E-2 2,252846E-1
5,547208E0 3,719862E-2 2,264223E-1
5,588917E0 3,726418E-2 2,276730E-1
5,630625E0 3,734186E-2 2,291888E-1
5,672333E0 3,736734E-2 2,309835E-1
5,714042E0 3,747097E-2 2,329975E-1
5,755750E0 3,761760E-2 2,353363E-1
5,797458E0 3,776120E-2 2,375072E-1
5,839167E0 3,785722E-2 2,398965E-1
5,880875E0 3,804536E-2 2,423234E-1
5,922583E0 3,819023E-2 2,446090E-1
5,964292E0 3,838874E-2 2,467720E-1
6,006000E0 3,852689E-2 2,488556E-1
6,047708E0 3,878282E-2 2,507111E-1
6,089417E0 3,892999E-2 2,523533E-1
6,131125E0 3,912903E-2 2,538125E-1
6,172833E0 3,936326E-2 2,550922E-1
6,214542E0 3,956671E-2 2,562362E-1
6,256250E0 3,970549E-2 2,574354E-1
6,297958E0 3,993026E-2 2,586948E-1
6,339667E0 4,008122E-2 2,600065E-1
6,381375E0 4,019969E-2 2,614088E-1
6,423083E0 4,030454E-2 2,631715E-1
6,464792E0 4,046772E-2 2,650427E-1
6,506500E0 4,053504E-2 2,671742E-1
6,548208E0 4,062625E-2 2,692928E-1
6,589917E0 4,071882E-2 2,715298E-1
6,631625E0 4,076703E-2 2,736898E-1
6,673333E0 4,073868E-2 2,758768E-1
6,715042E0 4,086467E-2 2,779850E-1
6,756750E0 4,087351E-2 2,800740E-1
6,798458E0 4,091753E-2 2,818729E-1
6,840167E0 4,096394E-2 2,836218E-1
6,881875E0 4,094492E-2 2,854121E-1
6,923583E0 4,102654E-2 2,871344E-1
6,965292E0 4,106662E-2 2,889596E-1
7,007000E0 4,106706E-2 2,909016E-1
7,048708E0 4,111654E-2 2,930848E-1
7,090417E0 4,119430E-2 2,951122E-1
7,132125E0 4,126476E-2 2,970799E-1
7,173833E0 4,134932E-2 2,990520E-1
7,215542E0 4,137248E-2 3,008284E-1
7,257250E0 4,150471E-2 3,025913E-1
7,298958E0 4,165996E-2 3,040033E-1
7,340667E0 4,173086E-2 3,055600E-1
7,382375E0 4,192620E-2 3,070325E-1
7,424083E0 4,208192E-2 3,084743E-1
7,465792E0 4,230697E-2 3,100139E-1
7,507500E0 4,245582E-2 3,117319E-1
7,549208E0 4,269901E-2 3,137568E-1
7,590917E0 4,296498E-2 3,159891E-1
7,632625E0 4,322719E-2 3,183203E-1
7,674333E0 4,356382E-2 3,207368E-1
7,716042E0 4,387010E-2 3,230615E-1
7,757750E0 4,419182E-2 3,251414E-1
7,799458E0 4,447840E-2 3,270115E-1
7,841167E0 4,487452E-2 3,285748E-1
7,882875E0 4,514410E-2 3,299500E-1
7,924583E0 4,552492E-2 3,312259E-1
7,966292E0 4,585815E-2 3,324019E-1
8,008000E0 4,621380E-2 3,336292E-1
8,049708E0 4,648460E-2 3,349878E-1
8,091417E0 4,683799E-2 3,367591E-1
8,133125E0 4,704309E-2 3,388050E-1
8,174833E0 4,736308E-2 3,412067E-1
8,216542E0 4,753617E-2 3,437409E-1
8,258250E0 4,774948E-2 3,463117E-1
8,299958E0 4,794613E-2 3,488798E-1
8,341667E0 4,810721E-2 3,511843E-1
8,383375E0 4,820818E-2 3,532589E-1
8,425083E0 4,833703E-2 3,551205E-1
8,466792E0 4,838486E-2 3,568066E-1
8,508500E0 4,838309E-2 3,584212E-1
8,550208E0 4,837223E-2 3,602061E-1
8,591917E0 4,828209E-2 3,622162E-1
8,633625E0 4,821425E-2 3,644357E-1
8,675333E0 4,798471E-2 3,668126E-1
8,717042E0 4,776696E-2 3,691994E-1
8,758750E0 4,751945E-2 3,714271E-1
8,800458E0 4,720665E-2 3,733332E-1
8,842167E0 4,684905E-2 3,749032E-1
8,883875E0 4,650724E-2 3,761055E-1
8,925583E0 4,616051E-2 3,771637E-1
8,967292E0 4,572319E-2 3,783050E-1
9,009000E0 4,511967E-2 3,800122E-1
9,050708E0 4,457978E-2 3,822675E-1
9,092417E0 4,416621E-2 3,847455E-1
9,134125E0 4,364811E-2 3,873976E-1
9,175833E0 4,303114E-2 3,897974E-1
9,217542E0 4,246198E-2 3,916838E-1
9,259250E0 4,187728E-2 3,932367E-1
9,300958E0 4,135172E-2 3,944736E-1
9,342667E0 4,069005E-2 3,957480E-1
9,384375E0 4,009676E-2 3,972642E-1
9,426083E0 3,957448E-2 3,991216E-1
9,467792E0 3,898164E-2 4,012693E-1
9,509500E0 3,838780E-2 4,033796E-1
9,551208E0 3,787974E-2 4,053822E-1
9,592917E0 3,742684E-2 4,069719E-1
9,634625E0 3,703703E-2 4,083823E-1
9,676333E0 3,656660E-2 4,098129E-1
9,718042E0 3,627277E-2 4,115224E-1
9,759750E0 3,598416E-2 4,137509E-1
9,801458E0 3,575121E-2 4,157687E-1
9,843167E0 3,579837E-2 4,186998E-1
9,884875E0 3,574484E-2 4,209974E-1
9,926583E0 3,581452E-2 4,231186E-1
9,968292E0 3,588915E-2 4,251621E-1
1,001000E1 3,612070E-2 4,271474E-1
1,005171E1 3,644767E-2 4,292168E-1
1,009342E1 3,681746E-2 4,313326E-1
1,013512E1 3,724672E-2 4,336248E-1
1,017683E1 3,775944E-2 4,357595E-1
1,021854E1 3,838494E-2 4,378232E-1
1,026025E1 3,906118E-2 4,395528E-1
1,030196E1 3,967386E-2 4,411211E-1
1,034367E1 4,043901E-2 4,424781E-1
1,038537E1 4,125713E-2 4,442118E-1
1,042708E1 4,200974E-2 4,460485E-1
1,046879E1 4,270134E-2 4,479870E-1
1,051050E1 4,339224E-2 4,500588E-1
1,055221E1 4,414997E-2 4,516676E-1
1,059392E1 4,486995E-2 4,532567E-1
1,063562E1 4,563204E-2 4,545624E-1
1,067733E1 4,630980E-2 4,560865E-1
1,071904E1 4,691801E-2 4,578347E-1
1,076075E1 4,746750E-2 4,598527E-1
1,080246E1 4,801719E-2 4,619503E-1
1,084417E1 4,847124E-2 4,640584E-1
1,088587E1 4,873960E-2 4,661823E-1
1,092758E1 4,892723E-2 4,683183E-1
1,096929E1 4,897826E-2 4,704632E-1
1,101100E1 4,894966E-2 4,726942E-1
1,105271E1 4,878600E-2 4,745284E-1
1,109442E1 4,847615E-2 4,760561E-1
1,113612E1 4,819330E-2 4,771629E-1
1,117783E1 4,790895E-2 4,780493E-1
1,121954E1 4,771803E-2 4,791845E-1
1,126125E1 4,746667E-2 4,808490E-1
1,130296E1 4,693187E-2 4,818992E-1
