 masa A  
t x y 
3,336667E-1 2,880053E-2 1,834625E-2
3,753750E-1 2,880568E-2 2,005485E-2
4,170833E-1 2,876315E-2 2,223149E-2
4,587917E-1 2,866914E-2 2,455186E-2
5,005000E-1 2,866749E-2 2,683728E-2
5,422083E-1 2,867216E-2 2,909204E-2
5,839167E-1 2,864079E-2 3,126938E-2
6,256250E-1 2,856969E-2 3,337088E-2
6,673333E-1 2,852588E-2 3,562577E-2
7,090417E-1 2,841032E-2 3,774332E-2
7,507500E-1 2,844602E-2 4,024783E-2
7,924583E-1 2,840437E-2 4,258587E-2
8,341667E-1 2,844050E-2 4,484289E-2
8,758750E-1 2,833624E-2 4,663306E-2
9,175833E-1 2,837473E-2 4,843196E-2
9,592917E-1 2,843348E-2 4,992257E-2
1,001000E0 2,846401E-2 5,113598E-2
1,042708E0 2,842678E-2 5,230033E-2
1,084417E0 2,851235E-2 5,338096E-2
1,126125E0 2,851361E-2 5,452818E-2
1,167833E0 2,853733E-2 5,582714E-2
1,209542E0 2,854922E-2 5,708324E-2
1,251250E0 2,855404E-2 5,856206E-2
1,292958E0 2,861883E-2 6,011505E-2
1,334667E0 2,875297E-2 6,192819E-2
1,376375E0 2,896309E-2 6,423560E-2
1,418083E0 2,920089E-2 6,682872E-2
1,459792E0 2,950047E-2 6,992864E-2
1,501500E0 2,974354E-2 7,311404E-2
1,543208E0 3,007044E-2 7,589505E-2
1,584917E0 3,035956E-2 7,840473E-2
1,626625E0 3,071799E-2 8,061491E-2
1,668333E0 3,116827E-2 8,231701E-2
1,710042E0 3,146323E-2 8,369160E-2
1,751750E0 3,183492E-2 8,472892E-2
1,793458E0 3,225666E-2 8,576117E-2
1,835167E0 3,261369E-2 8,664850E-2
1,876875E0 3,299436E-2 8,753959E-2
1,918583E0 3,336789E-2 8,859785E-2
1,960292E0 3,371675E-2 8,977394E-2
2,002000E0 3,418205E-2 9,117575E-2
2,043708E0 3,464953E-2 9,284673E-2
2,085417E0 3,506982E-2 9,492963E-2
2,127125E0 3,545270E-2 9,723832E-2
2,168833E0 3,592733E-2 9,990626E-2
2,210542E0 3,637485E-2 1,025651E-1
2,252250E0 3,680988E-2 1,054897E-1
2,293958E0 3,722087E-2 1,082092E-1
2,335667E0 3,755709E-2 1,107128E-1
2,377375E0 3,790901E-2 1,130995E-1
2,419083E0 3,824461E-2 1,154116E-1
2,460792E0 3,861269E-2 1,172152E-1
2,502500E0 3,884694E-2 1,187390E-1
2,544208E0 3,917383E-2 1,199741E-1
2,585917E0 3,942057E-2 1,210454E-1
2,627625E0 3,964510E-2 1,217670E-1
2,669333E0 3,978045E-2 1,225897E-1
2,711042E0 3,984506E-2 1,234790E-1
2,752750E0 3,994511E-2 1,245872E-1
2,794458E0 3,997745E-2 1,259811E-1
2,836167E0 4,007425E-2 1,275208E-1
2,877875E0 4,012902E-2 1,294129E-1
2,919583E0 4,010369E-2 1,315341E-1
2,961292E0 4,011487E-2 1,339034E-1
3,003000E0 4,005193E-2 1,364145E-1
3,044708E0 4,000519E-2 1,391835E-1
3,086417E0 4,001598E-2 1,418241E-1
3,128125E0 4,006205E-2 1,447076E-1
3,169833E0 3,999116E-2 1,471827E-1
3,211542E0 3,998098E-2 1,495547E-1
3,253250E0 3,991098E-2 1,513798E-1
3,294958E0 3,986921E-2 1,529988E-1
3,336667E0 3,980413E-2 1,543312E-1
3,378375E0 3,979901E-2 1,553963E-1
3,420083E0 3,971596E-2 1,563285E-1
3,461792E0 3,965913E-2 1,570823E-1
3,503500E0 3,958829E-2 1,579608E-1
3,545208E0 3,951799E-2 1,588464E-1
3,586917E0 3,943745E-2 1,599853E-1
3,628625E0 3,941003E-2 1,614548E-1
3,670333E0 3,928128E-2 1,630960E-1
3,712042E0 3,918294E-2 1,650922E-1
3,753750E0 3,915790E-2 1,673944E-1
3,795458E0 3,909409E-2 1,699618E-1
3,837167E0 3,890244E-2 1,728902E-1
3,878875E0 3,878546E-2 1,756637E-1
3,920583E0 3,855019E-2 1,785186E-1
3,962292E0 3,836730E-2 1,811080E-1
4,004000E0 3,816689E-2 1,833180E-1
4,045708E0 3,798276E-2 1,852503E-1
4,087417E0 3,783518E-2 1,867376E-1
4,129125E0 3,766671E-2 1,879448E-1
4,170833E0 3,756549E-2 1,889800E-1
4,212542E0 3,744805E-2 1,899183E-1
4,254250E0 3,739017E-2 1,907787E-1
4,295958E0 3,724484E-2 1,917279E-1
4,337667E0 3,720468E-2 1,930941E-1
4,379375E0 3,701236E-2 1,945382E-1
4,421083E0 3,688382E-2 1,963963E-1
4,462792E0 3,684789E-2 1,986092E-1
4,504500E0 3,680866E-2 2,010941E-1
4,546208E0 3,676318E-2 2,038617E-1
4,587917E0 3,663036E-2 2,068337E-1
4,629625E0 3,663354E-2 2,097930E-1
4,671333E0 3,657018E-2 2,128048E-1
4,713042E0 3,655901E-2 2,155753E-1
4,754750E0 3,649000E-2 2,182632E-1
4,796458E0 3,653170E-2 2,201615E-1
4,838167E0 3,661016E-2 2,220501E-1
4,879875E0 3,661561E-2 2,235357E-1
4,921583E0 3,667315E-2 2,246428E-1
4,963292E0 3,671326E-2 2,254806E-1
5,005000E0 3,669537E-2 2,262484E-1
5,046708E0 3,672872E-2 2,271061E-1
5,088417E0 3,681468E-2 2,281135E-1
5,130125E0 3,690601E-2 2,293258E-1
5,171833E0 3,700462E-2 2,307642E-1
5,213542E0 3,713371E-2 2,326200E-1
5,255250E0 3,733327E-2 2,347199E-1
5,296958E0 3,754591E-2 2,371540E-1
5,338667E0 3,781258E-2 2,397530E-1
5,380375E0 3,806145E-2 2,423775E-1
5,422083E0 3,838016E-2 2,449736E-1
5,463792E0 3,870824E-2 2,473111E-1
5,505500E0 3,907899E-2 2,493903E-1
5,547208E0 3,943165E-2 2,512171E-1
5,588917E0 3,987310E-2 2,525127E-1
5,630625E0 4,022754E-2 2,536036E-1
5,672333E0 4,058886E-2 2,544863E-1
5,714042E0 4,094454E-2 2,550936E-1
5,755750E0 4,128692E-2 2,556617E-1
5,797458E0 4,158881E-2 2,563570E-1
5,839167E0 4,186398E-2 2,572772E-1
5,880875E0 4,218962E-2 2,586921E-1
5,922583E0 4,250035E-2 2,606031E-1
5,964292E0 4,270313E-2 2,628181E-1
6,006000E0 4,293218E-2 2,654004E-1
6,047708E0 4,312957E-2 2,680743E-1
6,089417E0 4,316439E-2 2,710120E-1
6,131125E0 4,334799E-2 2,740004E-1
6,172833E0 4,329210E-2 2,767048E-1
6,214542E0 4,333182E-2 2,792252E-1
6,256250E0 4,330477E-2 2,814796E-1
6,297958E0 4,322130E-2 2,835251E-1
6,339667E0 4,311647E-2 2,851586E-1
6,381375E0 4,296236E-2 2,867655E-1
6,423083E0 4,278465E-2 2,882347E-1
6,464792E0 4,262984E-2 2,896214E-1
6,506500E0 4,245618E-2 2,909635E-1
6,548208E0 4,219843E-2 2,923925E-1
6,589917E0 4,195332E-2 2,939459E-1
6,631625E0 4,158811E-2 2,957454E-1
6,673333E0 4,129240E-2 2,977962E-1
6,715042E0 4,095065E-2 2,999687E-1
6,756750E0 4,058010E-2 3,023005E-1
6,798458E0 4,012458E-2 3,044700E-1
6,840167E0 3,968840E-2 3,065890E-1
6,881875E0 3,925050E-2 3,085033E-1
6,923583E0 3,868181E-2 3,103275E-1
6,965292E0 3,818083E-2 3,120345E-1
7,007000E0 3,759680E-2 3,136162E-1
7,048708E0 3,705002E-2 3,151491E-1
7,090417E0 3,648105E-2 3,166234E-1
7,132125E0 3,594802E-2 3,180388E-1
7,173833E0 3,542933E-2 3,195400E-1
7,215542E0 3,493148E-2 3,210506E-1
7,257250E0 3,441854E-2 3,226661E-1
7,298958E0 3,397870E-2 3,244614E-1
7,340667E0 3,352144E-2 3,263335E-1
7,382375E0 3,318708E-2 3,281909E-1
7,424083E0 3,288495E-2 3,300357E-1
7,465792E0 3,261472E-2 3,318444E-1
7,507500E0 3,235377E-2 3,337988E-1
7,549208E0 3,222367E-2 3,356294E-1
7,590917E0 3,217600E-2 3,377222E-1
7,632625E0 3,220202E-2 3,397861E-1
7,674333E0 3,224387E-2 3,418585E-1
7,716042E0 3,238320E-2 3,438906E-1
7,757750E0 3,261074E-2 3,460587E-1
7,799458E0 3,292070E-2 3,483023E-1
7,841167E0 3,326950E-2 3,505397E-1
7,882875E0 3,371760E-2 3,528628E-1
7,924583E0 3,429546E-2 3,550624E-1
7,966292E0 3,488000E-2 3,572025E-1
8,008000E0 3,554950E-2 3,591892E-1
8,049708E0 3,627499E-2 3,612608E-1
8,091417E0 3,706183E-2 3,630930E-1
8,133125E0 3,787341E-2 3,646653E-1
8,174833E0 3,877842E-2 3,661932E-1
8,216542E0 3,973643E-2 3,678179E-1
8,258250E0 4,062534E-2 3,692229E-1
8,299958E0 4,154058E-2 3,707543E-1
8,341667E0 4,249874E-2 3,723329E-1
8,383375E0 4,352445E-2 3,741700E-1
8,425083E0 4,439956E-2 3,761326E-1
8,466792E0 4,535320E-2 3,781220E-1
8,508500E0 4,642396E-2 3,803610E-1
8,550208E0 4,739670E-2 3,822906E-1
8,591917E0 4,822092E-2 3,841679E-1
8,633625E0 4,914101E-2 3,859710E-1
8,675333E0 5,001500E-2 3,877922E-1
8,717042E0 5,080187E-2 3,897733E-1
8,758750E0 5,165900E-2 3,917049E-1
8,800458E0 5,328964E-2 3,933260E-1
8,842167E0 5,351794E-2 3,948328E-1
8,883875E0 5,420284E-2 3,967048E-1
8,925583E0 5,433982E-2 3,985769E-1
8,967292E0 5,461379E-2 4,002207E-1
9,009000E0 5,488775E-2 4,020471E-1
9,050708E0 5,488775E-2 4,032799E-1
9,092417E0 5,461379E-2 4,055857E-1
9,134125E0 5,452247E-2 4,079600E-1
9,175833E0 5,507039E-2 4,091472E-1
9,217542E0 5,483163E-2 4,118109E-1
9,259250E0 5,431182E-2 4,138564E-1
9,300958E0 5,380624E-2 4,154104E-1
9,342667E0 5,342263E-2 4,171472E-1
9,384375E0 5,214814E-2 4,192837E-1
9,426083E0 5,169154E-2 4,215668E-1
9,467792E0 5,050438E-2 4,235758E-1
9,509500E0 4,922590E-2 4,264980E-1
9,551208E0 4,822524E-2 4,289925E-1
9,592917E0 4,758799E-2 4,318686E-1
9,634625E0 4,684153E-2 4,343128E-1
9,676333E0 4,603799E-2 4,367769E-1
9,718042E0 4,512583E-2 4,385475E-1
9,759750E0 4,423008E-2 4,401332E-1
9,801458E0 4,335416E-2 4,415828E-1
9,843167E0 4,247183E-2 4,432767E-1
9,884875E0 4,161297E-2 4,450607E-1
9,926583E0 4,083386E-2 4,468587E-1
9,968292E0 4,023337E-2 4,488005E-1
1,001000E1 3,959424E-2 4,506364E-1
1,005171E1 3,815882E-2 4,516311E-1
1,009342E1 3,762200E-2 4,528423E-1
1,013513E1 3,722810E-2 4,541998E-1
1,017683E1 3,693643E-2 4,558170E-1
1,021854E1 3,678265E-2 4,574302E-1
1,026025E1 3,660031E-2 4,592249E-1
1,030196E1 3,652717E-2 4,610243E-1
1,034367E1 3,672804E-2 4,628021E-1
1,038537E1 3,699468E-2 4,646696E-1
1,042708E1 3,726908E-2 4,664890E-1
1,046879E1 3,771742E-2 4,684955E-1
1,051050E1 3,792241E-2 4,705454E-1
1,055221E1 3,904983E-2 4,724927E-1
1,059392E1 4,017726E-2 4,748501E-1
