 masa A  
t x y 
8,341667E-1 3,737708E-2 1,571933E-2
8,758750E-1 3,702855E-2 1,817508E-2
9,175833E-1 3,674602E-2 2,214579E-2
9,592917E-1 3,695186E-2 2,680782E-2
1,001000E0 3,683436E-2 3,149570E-2
1,042708E0 3,690473E-2 3,558408E-2
1,084417E0 3,679944E-2 4,120658E-2
1,126125E0 3,682387E-2 4,697527E-2
1,167833E0 3,651285E-2 5,309214E-2
1,209542E0 3,537855E-2 6,014547E-2
1,251250E0 3,392173E-2 6,622127E-2
1,292958E0 3,248662E-2 6,963083E-2
1,334667E0 3,097291E-2 7,382265E-2
1,376375E0 2,864412E-2 7,743228E-2
1,418083E0 2,550025E-2 8,011039E-2
1,459792E0 2,263073E-2 8,337047E-2
1,501500E0 1,999125E-2 8,606196E-2
1,543208E0 1,607539E-2 9,011160E-2
1,584917E0 1,347567E-2 9,287525E-2
1,626625E0 1,385630E-2 9,687768E-2
1,668333E0 1,584413E-2 1,011160E-1
1,710042E0 1,821692E-2 1,067080E-1
1,751750E0 2,003809E-2 1,125214E-1
1,793458E0 2,216269E-2 1,190799E-1
1,835167E0 2,428729E-2 1,252690E-1
1,876875E0 2,474789E-2 1,328547E-1
1,918583E0 2,557436E-2 1,374874E-1
1,960292E0 2,623450E-2 1,416228E-1
2,002000E0 2,674504E-2 1,454846E-1
2,043708E0 2,731757E-2 1,494116E-1
2,085417E0 2,796270E-2 1,532169E-1
2,127125E0 2,850068E-2 1,570722E-1
2,168833E0 2,920761E-2 1,605478E-1
2,210542E0 3,000112E-2 1,642828E-1
2,252250E0 3,101211E-2 1,688558E-1
2,293958E0 3,269331E-2 1,733034E-1
2,335667E0 3,343230E-2 1,790306E-1
2,377375E0 3,454079E-2 1,851273E-1
2,419083E0 3,648064E-2 1,907621E-1
2,460792E0 3,851286E-2 1,968588E-1
2,502500E0 3,860524E-2 2,018469E-1
2,544208E0 3,945857E-2 2,058892E-1
2,585917E0 4,027349E-2 2,098087E-1
2,627625E0 4,116727E-2 2,136183E-1
2,669333E0 4,176798E-2 2,174947E-1
2,711042E0 4,247283E-2 2,214686E-1
2,752750E0 4,326343E-2 2,258051E-1
2,794458E0 4,421866E-2 2,309796E-1
2,836167E0 4,471016E-2 2,350382E-1
2,877875E0 4,529073E-2 2,404508E-1
2,919583E0 4,546581E-2 2,466612E-1
2,961292E0 4,540483E-2 2,521812E-1
3,003000E0 4,442479E-2 2,561628E-1
3,044708E0 4,424004E-2 2,595806E-1
3,086417E0 4,303918E-2 2,653078E-1
3,128125E0 4,206662E-2 2,692770E-1
3,169833E0 4,098761E-2 2,730099E-1
3,211542E0 3,974263E-2 2,772771E-1
3,253250E0 3,834795E-2 2,820385E-1
3,294958E0 3,678428E-2 2,872390E-1
3,336667E0 3,537241E-2 2,905093E-1
3,378375E0 3,402463E-2 2,961078E-1
3,420083E0 3,215847E-2 3,006696E-1
3,461792E0 3,102072E-2 3,047886E-1
3,503500E0 3,002110E-2 3,089012E-1
3,545208E0 2,946978E-2 3,134067E-1
3,586917E0 2,943302E-2 3,178042E-1
3,628625E0 2,970221E-2 3,222421E-1
3,670333E0 3,036988E-2 3,262971E-1
3,712042E0 3,164700E-2 3,309518E-1
3,753750E0 3,195112E-2 3,374744E-1
3,795458E0 3,367107E-2 3,425045E-1
3,837167E0 3,567964E-2 3,477825E-1
3,878875E0 3,773792E-2 3,528016E-1
3,920583E0 3,985390E-2 3,578650E-1
3,962292E0 4,129817E-2 3,621918E-1
4,004000E0 4,260144E-2 3,661304E-1
4,045708E0 4,428852E-2 3,712727E-1
4,087417E0 4,480464E-2 3,749103E-1
4,129125E0 4,522160E-2 3,789447E-1
4,170833E0 4,492213E-2 3,836635E-1
4,212542E0 4,429973E-2 3,889739E-1
4,254250E0 4,310010E-2 3,946731E-1
4,295958E0 4,055620E-2 3,997835E-1
4,337667E0 3,912018E-2 4,033961E-1
4,379375E0 3,765328E-2 4,083885E-1
4,421083E0 3,625716E-2 4,130425E-1
4,462792E0 3,540856E-2 4,178103E-1
4,504500E0 3,485404E-2 4,233178E-1
4,546208E0 3,465622E-2 4,285311E-1
4,587917E0 3,423198E-2 4,333744E-1
4,629625E0 3,402463E-2 4,368993E-1
4,671333E0 3,448887E-2 4,399435E-1
4,713042E0 3,475036E-2 4,433272E-1
4,754750E0 3,516506E-2 4,478890E-1
4,796458E0 3,637298E-2 4,536440E-1
4,838167E0 3,721181E-2 4,592632E-1
4,879875E0 3,889013E-2 4,647297E-1
4,921583E0 4,034952E-2 4,701240E-1
