 masa A  
t x y 
5,422083E-1 2,716505E-2 1,527116E-2
5,839167E-1 2,715063E-2 1,634086E-2
6,256250E-1 2,689940E-2 1,858388E-2
6,673333E-1 2,632839E-2 2,187448E-2
7,090417E-1 2,638645E-2 2,574354E-2
7,507500E-1 2,620533E-2 2,987616E-2
7,924583E-1 2,646357E-2 3,359634E-2
8,341667E-1 2,649442E-2 3,696199E-2
8,758750E-1 2,636866E-2 4,047924E-2
9,175833E-1 2,616875E-2 4,409424E-2
9,592917E-1 2,607125E-2 4,778355E-2
1,001000E0 2,584728E-2 5,184349E-2
1,042708E0 2,566667E-2 5,558348E-2
1,084417E0 2,547830E-2 5,905180E-2
1,126125E0 2,527724E-2 6,227909E-2
1,167833E0 2,514916E-2 6,521887E-2
1,209542E0 2,490375E-2 6,764203E-2
1,251250E0 2,480972E-2 6,998613E-2
1,292958E0 2,472252E-2 7,222952E-2
1,334667E0 2,463594E-2 7,487703E-2
1,376375E0 2,448827E-2 7,736887E-2
1,418083E0 2,445343E-2 8,031427E-2
1,459792E0 2,442080E-2 8,351752E-2
1,501500E0 2,438801E-2 8,688660E-2
1,543208E0 2,432315E-2 9,051097E-2
1,584917E0 2,432122E-2 9,457016E-2
1,626625E0 2,447187E-2 9,874618E-2
1,668333E0 2,456530E-2 1,025194E-1
1,710042E0 2,484417E-2 1,062550E-1
1,751750E0 2,517852E-2 1,097846E-1
1,793458E0 2,554570E-2 1,130330E-1
1,835167E0 2,591640E-2 1,160661E-1
1,876875E0 2,647334E-2 1,188387E-1
1,918583E0 2,689376E-2 1,214295E-1
1,960292E0 2,737808E-2 1,239173E-1
2,002000E0 2,785579E-2 1,262584E-1
2,043708E0 2,827211E-2 1,287619E-1
2,085417E0 2,875640E-2 1,313093E-1
2,127125E0 2,929204E-2 1,342729E-1
2,168833E0 2,986281E-2 1,376319E-1
2,210542E0 3,042973E-2 1,412211E-1
2,252250E0 3,097627E-2 1,450962E-1
2,293958E0 3,156794E-2 1,486884E-1
2,335667E0 3,214718E-2 1,521863E-1
2,377375E0 3,264355E-2 1,555883E-1
2,419083E0 3,309037E-2 1,590404E-1
2,460792E0 3,336686E-2 1,624540E-1
2,502500E0 3,382436E-2 1,661483E-1
2,544208E0 3,415644E-2 1,696607E-1
2,585917E0 3,446479E-2 1,730720E-1
2,627625E0 3,476889E-2 1,759895E-1
2,669333E0 3,504378E-2 1,788027E-1
2,711042E0 3,521855E-2 1,811565E-1
2,752750E0 3,535128E-2 1,836525E-1
2,794458E0 3,545693E-2 1,861201E-1
2,836167E0 3,548750E-2 1,887574E-1
2,877875E0 3,542118E-2 1,914864E-1
2,919583E0 3,530108E-2 1,944254E-1
2,961292E0 3,518352E-2 1,974775E-1
3,003000E0 3,485781E-2 2,008973E-1
3,044708E0 3,457543E-2 2,045937E-1
3,086417E0 3,422017E-2 2,086809E-1
3,128125E0 3,386497E-2 2,128500E-1
3,169833E0 3,332694E-2 2,173735E-1
3,211542E0 3,292074E-2 2,216183E-1
3,253250E0 3,257551E-2 2,254027E-1
3,294958E0 3,197578E-2 2,287517E-1
3,336667E0 3,149596E-2 2,316391E-1
3,378375E0 3,105211E-2 2,343185E-1
3,420083E0 3,060363E-2 2,368326E-1
3,461792E0 3,021026E-2 2,393354E-1
3,503500E0 2,987469E-2 2,419870E-1
3,545208E0 2,960779E-2 2,447698E-1
3,586917E0 2,953051E-2 2,478828E-1
3,628625E0 2,951543E-2 2,510346E-1
3,670333E0 2,962560E-2 2,544176E-1
3,712042E0 2,974151E-2 2,577582E-1
3,753750E0 2,991095E-2 2,614419E-1
3,795458E0 3,006799E-2 2,652062E-1
3,837167E0 3,034383E-2 2,689635E-1
3,878875E0 3,056762E-2 2,724819E-1
3,920583E0 3,080668E-2 2,756690E-1
3,962292E0 3,094756E-2 2,789460E-1
4,004000E0 3,106648E-2 2,821424E-1
4,045708E0 3,118850E-2 2,856904E-1
4,087417E0 3,116794E-2 2,886605E-1
4,129125E0 3,099267E-2 2,923863E-1
4,170833E0 3,078270E-2 2,957364E-1
4,212542E0 3,048990E-2 2,990534E-1
4,254250E0 3,019030E-2 3,021945E-1
4,295958E0 2,985845E-2 3,053235E-1
4,337667E0 2,959194E-2 3,083588E-1
4,379375E0 2,921572E-2 3,114692E-1
4,421083E0 2,890212E-2 3,148079E-1
4,462792E0 2,848159E-2 3,179754E-1
4,504500E0 2,820465E-2 3,213326E-1
4,546208E0 2,805538E-2 3,250139E-1
4,587917E0 2,808440E-2 3,282667E-1
4,629625E0 2,813692E-2 3,315419E-1
4,671333E0 2,811149E-2 3,350927E-1
4,713042E0 2,834372E-2 3,379063E-1
4,754750E0 2,868150E-2 3,408933E-1
4,796458E0 2,901155E-2 3,437255E-1
4,838167E0 2,955199E-2 3,468719E-1
4,879875E0 3,010559E-2 3,501364E-1
4,921583E0 3,068040E-2 3,539404E-1
4,963292E0 3,120933E-2 3,581346E-1
5,005000E0 3,173737E-2 3,622836E-1
5,046708E0 3,223017E-2 3,663703E-1
5,088417E0 3,256991E-2 3,701502E-1
5,130125E0 3,287334E-2 3,734482E-1
5,171833E0 3,283030E-2 3,758964E-1
5,213542E0 3,301143E-2 3,782333E-1
5,255250E0 3,313437E-2 3,801899E-1
5,296958E0 3,314554E-2 3,824092E-1
5,338667E0 3,301535E-2 3,852415E-1
5,380375E0 3,295689E-2 3,888542E-1
5,422083E0 3,274481E-2 3,928767E-1
5,463792E0 3,245031E-2 3,967691E-1
5,505500E0 3,153494E-2 4,006933E-1
5,547208E0 3,119677E-2 4,033149E-1
5,588917E0 3,084261E-2 4,056773E-1
5,630625E0 3,046132E-2 4,082682E-1
5,672333E0 3,051716E-2 4,112412E-1
5,714042E0 3,024745E-2 4,147423E-1
5,755750E0 3,017632E-2 4,184099E-1
5,797458E0 3,022871E-2 4,221712E-1
5,839167E0 3,116483E-2 4,266005E-1
5,880875E0 3,167732E-2 4,303336E-1
5,922583E0 3,235340E-2 4,340909E-1
5,964292E0 3,310787E-2 4,377961E-1
6,006000E0 3,399981E-2 4,410372E-1
6,047708E0 3,491679E-2 4,440961E-1
6,089417E0 3,591099E-2 4,470351E-1
6,131125E0 3,712688E-2 4,495921E-1
6,172833E0 3,808143E-2 4,518188E-1
6,214542E0 3,900051E-2 4,542390E-1
6,256250E0 3,982652E-2 4,572472E-1
6,297958E0 4,067199E-2 4,608378E-1
6,339667E0 4,161269E-2 4,645265E-1
