 masa A  
t x y 
1,001000E0 3,309242E-2 1,321081E-2
1,042708E0 3,303036E-2 1,442881E-2
1,084417E0 3,301085E-2 1,667807E-2
1,126125E0 3,302107E-2 2,008947E-2
1,167833E0 3,299748E-2 2,461308E-2
1,209542E0 3,298512E-2 2,878905E-2
1,251250E0 3,303848E-2 3,281458E-2
1,292958E0 3,312454E-2 3,666710E-2
1,334667E0 3,317850E-2 4,011748E-2
1,376375E0 3,321980E-2 4,373296E-2
1,418083E0 3,316126E-2 4,724108E-2
1,459792E0 3,318662E-2 5,106111E-2
1,501500E0 3,331290E-2 5,485991E-2
1,543208E0 3,341639E-2 5,831052E-2
1,584917E0 3,356502E-2 6,167641E-2
1,626625E0 3,375923E-2 6,457190E-2
1,668333E0 3,387608E-2 6,720714E-2
1,710042E0 3,399722E-2 6,961568E-2
1,751750E0 3,411212E-2 7,183238E-2
1,793458E0 3,417502E-2 7,431213E-2
1,835167E0 3,416838E-2 7,670700E-2
1,876875E0 3,418232E-2 7,942886E-2
1,918583E0 3,400361E-2 8,234486E-2
1,960292E0 3,371109E-2 8,576733E-2
2,002000E0 3,328313E-2 8,970816E-2
2,043708E0 3,286517E-2 9,347459E-2
2,085417E0 3,228942E-2 9,754027E-2
2,127125E0 3,170692E-2 1,013686E-1
2,168833E0 3,103750E-2 1,052676E-1
2,210542E0 3,045953E-2 1,088880E-1
2,252250E0 2,984951E-2 1,122365E-1
2,293958E0 2,924650E-2 1,155490E-1
2,335667E0 2,873250E-2 1,185295E-1
2,377375E0 2,821367E-2 1,214199E-1
2,419083E0 2,769516E-2 1,241077E-1
2,460792E0 2,736247E-2 1,266696E-1
2,502500E0 2,701936E-2 1,291441E-1
2,544208E0 2,687684E-2 1,317407E-1
2,585917E0 2,682962E-2 1,344717E-1
2,627625E0 2,695564E-2 1,374356E-1
2,669333E0 2,726483E-2 1,405998E-1
2,711042E0 2,774965E-2 1,440949E-1
2,752750E0 2,844393E-2 1,474324E-1
2,794458E0 2,926433E-2 1,507784E-1
2,836167E0 3,027125E-2 1,542639E-1
2,877875E0 3,129049E-2 1,580193E-1
2,919583E0 3,250566E-2 1,617629E-1
2,961292E0 3,373007E-2 1,656468E-1
3,003000E0 3,494369E-2 1,692853E-1
3,044708E0 3,609214E-2 1,729039E-1
3,086417E0 3,717432E-2 1,761835E-1
3,128125E0 3,816775E-2 1,790571E-1
3,169833E0 3,907561E-2 1,818823E-1
3,211542E0 3,978037E-2 1,845902E-1
3,253250E0 4,045352E-2 1,871405E-1
3,294958E0 4,093214E-2 1,899635E-1
3,336667E0 4,130028E-2 1,926970E-1
3,378375E0 4,144381E-2 1,953904E-1
3,420083E0 4,140786E-2 1,983121E-1
3,461792E0 4,122978E-2 2,013379E-1
3,503500E0 4,094943E-2 2,047241E-1
3,545208E0 4,040925E-2 2,083564E-1
3,586917E0 3,979525E-2 2,124473E-1
3,628625E0 3,912486E-2 2,169795E-1
3,670333E0 3,835523E-2 2,208352E-1
3,712042E0 3,761159E-2 2,242519E-1
3,753750E0 3,688380E-2 2,276274E-1
3,795458E0 3,624342E-2 2,308730E-1
3,837167E0 3,571401E-2 2,339735E-1
3,878875E0 3,535549E-2 2,369413E-1
3,920583E0 3,512896E-2 2,398327E-1
3,962292E0 3,510108E-2 2,428218E-1
4,004000E0 3,523531E-2 2,456387E-1
4,045708E0 3,553128E-2 2,485365E-1
4,087417E0 3,602637E-2 2,514497E-1
4,129125E0 3,660734E-2 2,544912E-1
4,170833E0 3,737083E-2 2,577951E-1
4,212542E0 3,819910E-2 2,609058E-1
4,254250E0 3,906020E-2 2,641785E-1
4,295958E0 4,010777E-2 2,676488E-1
4,337667E0 4,108007E-2 2,708587E-1
4,379375E0 4,189923E-2 2,739848E-1
4,421083E0 4,279224E-2 2,772972E-1
4,462792E0 4,345029E-2 2,807908E-1
4,504500E0 4,392612E-2 2,844518E-1
4,546208E0 4,419275E-2 2,882617E-1
4,587917E0 4,427770E-2 2,918404E-1
4,629625E0 4,417851E-2 2,951606E-1
4,671333E0 4,389951E-2 2,985130E-1
4,713042E0 4,341960E-2 3,014861E-1
4,754750E0 4,279213E-2 3,044234E-1
4,796458E0 4,200998E-2 3,074766E-1
4,838167E0 4,113375E-2 3,104677E-1
4,879875E0 4,023142E-2 3,135959E-1
4,921583E0 3,929537E-2 3,166109E-1
4,963292E0 3,831861E-2 3,197845E-1
5,005000E0 3,731085E-2 3,232036E-1
5,046708E0 3,635223E-2 3,263454E-1
5,088417E0 3,540291E-2 3,296084E-1
5,130125E0 3,460295E-2 3,327254E-1
5,171833E0 3,391995E-2 3,356403E-1
5,213542E0 3,335407E-2 3,385494E-1
5,255250E0 3,278863E-2 3,414098E-1
5,296958E0 3,255232E-2 3,444258E-1
5,338667E0 3,231462E-2 3,478800E-1
5,380375E0 3,221887E-2 3,515415E-1
5,422083E0 3,250154E-2 3,555754E-1
5,463792E0 3,286936E-2 3,598827E-1
5,505500E0 3,316436E-2 3,647133E-1
5,547208E0 3,389211E-2 3,681224E-1
5,588917E0 3,469240E-2 3,711012E-1
5,630625E0 3,548595E-2 3,735114E-1
5,672333E0 3,635856E-2 3,755011E-1
5,714042E0 3,719791E-2 3,776779E-1
5,755750E0 3,800849E-2 3,806720E-1
5,797458E0 3,919961E-2 3,846582E-1
5,839167E0 4,012106E-2 3,890921E-1
5,880875E0 4,125058E-2 3,935205E-1
5,922583E0 4,211378E-2 3,978303E-1
5,964292E0 4,323736E-2 4,004306E-1
6,006000E0 4,419654E-2 4,022357E-1
6,047708E0 4,533640E-2 4,044517E-1
6,089417E0 4,621026E-2 4,072466E-1
6,131125E0 4,717733E-2 4,109742E-1
6,172833E0 4,798421E-2 4,147838E-1
6,214542E0 4,848320E-2 4,185101E-1
6,256250E0 4,899123E-2 4,228921E-1
6,297958E0 4,948060E-2 4,272740E-1
6,339667E0 4,969410E-2 4,311150E-1
6,381375E0 4,975468E-2 4,348750E-1
6,423083E0 4,969976E-2 4,381492E-1
6,464792E0 4,910779E-2 4,408434E-1
6,506500E0 4,864082E-2 4,433504E-1
6,548208E0 4,798604E-2 4,461034E-1
6,589917E0 4,721483E-2 4,491543E-1
6,631625E0 4,637276E-2 4,523276E-1
6,673333E0 4,514452E-2 4,564634E-1
6,715042E0 4,367134E-2 4,605050E-1
6,756750E0 4,232310E-2 4,640281E-1
6,798458E0 4,059841E-2 4,668378E-1
