 masa A  
t x y 
9,592917E-1 1,555156E-2 1,410009E-2
1,001000E0 1,537221E-2 1,602696E-2
1,042708E0 1,498108E-2 1,983082E-2
1,084417E0 1,453512E-2 2,473206E-2
1,126125E0 1,411287E-2 3,009240E-2
1,167833E0 1,366791E-2 3,466771E-2
1,209542E0 1,340447E-2 3,899988E-2
1,251250E0 1,339523E-2 4,339194E-2
1,292958E0 1,363416E-2 4,648517E-2
1,334667E0 1,421512E-2 5,177602E-2
1,376375E0 1,502383E-2 5,800877E-2
1,418083E0 1,673406E-2 6,668742E-2
1,459792E0 1,769867E-2 7,207309E-2
1,501500E0 1,926905E-2 7,687660E-2
1,543208E0 2,037755E-2 8,131061E-2
1,584917E0 2,204030E-2 8,482087E-2
1,626625E0 2,299413E-2 8,800892E-2
1,668333E0 2,380001E-2 9,145390E-2
1,710042E0 2,428730E-2 9,525491E-2
1,751750E0 2,431770E-2 9,926986E-2
1,793458E0 2,393040E-2 1,035196E-1
1,835167E0 2,324437E-2 1,074213E-1
1,876875E0 2,230408E-2 1,112627E-1
1,918583E0 2,116481E-2 1,158573E-1
1,960292E0 1,992647E-2 1,208149E-1
2,002000E0 1,880342E-2 1,257141E-1
2,043708E0 1,659016E-2 1,321170E-1
2,085417E0 1,567328E-2 1,371443E-1
2,127125E0 1,537633E-2 1,414170E-1
2,168833E0 1,521421E-2 1,453731E-1
2,210542E0 1,566176E-2 1,494826E-1
2,252250E0 1,661905E-2 1,534054E-1
2,293958E0 1,807304E-2 1,579608E-1
2,335667E0 2,011946E-2 1,623301E-1
2,377375E0 2,260659E-2 1,668288E-1
2,419083E0 2,560419E-2 1,708535E-1
2,460792E0 2,800585E-2 1,741226E-1
2,502500E0 3,059241E-2 1,778745E-1
2,544208E0 3,395670E-2 1,825538E-1
2,585917E0 3,598168E-2 1,881647E-1
2,627625E0 3,803431E-2 1,952199E-1
2,669333E0 3,921795E-2 2,005800E-1
2,711042E0 4,011664E-2 2,062251E-1
2,752750E0 4,059939E-2 2,109043E-1
2,794458E0 4,071639E-2 2,150982E-1
2,836167E0 4,038084E-2 2,188803E-1
2,877875E0 3,931446E-2 2,225523E-1
2,919583E0 3,815570E-2 2,267241E-1
2,961292E0 3,658190E-2 2,306161E-1
3,003000E0 3,480774E-2 2,348460E-1
3,044708E0 3,283702E-2 2,385847E-1
3,086417E0 3,077927E-2 2,422964E-1
3,128125E0 2,872361E-2 2,463100E-1
3,169833E0 2,545818E-2 2,534980E-1
3,211542E0 2,374340E-2 2,592298E-1
3,253250E0 2,282407E-2 2,649684E-1
3,294958E0 2,250929E-2 2,702171E-1
3,336667E0 2,277930E-2 2,758527E-1
3,378375E0 2,338247E-2 2,800308E-1
3,420083E0 2,445405E-2 2,837973E-1
3,461792E0 2,592593E-2 2,872656E-1
3,503500E0 2,775062E-2 2,910293E-1
3,545208E0 2,906081E-2 2,946973E-1
3,586917E0 3,164841E-2 2,994448E-1
3,628625E0 3,431471E-2 3,041127E-1
3,670333E0 3,667350E-2 3,082703E-1
3,712042E0 3,955642E-2 3,135140E-1
3,753750E0 4,162021E-2 3,182960E-1
3,795458E0 4,373477E-2 3,236762E-1
3,837167E0 4,462600E-2 3,291285E-1
3,878875E0 4,538862E-2 3,353602E-1
3,920583E0 4,605785E-2 3,397764E-1
3,962292E0 4,467222E-2 3,434714E-1
4,004000E0 4,349916E-2 3,469749E-1
4,045708E0 4,207453E-2 3,504862E-1
4,087417E0 4,019881E-2 3,539700E-1
4,129125E0 3,783646E-2 3,593599E-1
4,170833E0 3,460333E-2 3,650872E-1
4,212542E0 3,221189E-2 3,700373E-1
4,254250E0 2,979638E-2 3,746597E-1
4,295958E0 2,647431E-2 3,814376E-1
4,337667E0 2,464153E-2 3,851710E-1
4,379375E0 2,308511E-2 3,887401E-1
4,421083E0 2,194793E-2 3,929845E-1
4,462792E0 2,163803E-2 3,979231E-1
4,504500E0 2,193448E-2 4,035279E-1
4,546208E0 2,259455E-2 4,102586E-1
4,587917E0 2,361068E-2 4,150621E-1
4,629625E0 2,473877E-2 4,186871E-1
4,671333E0 2,555056E-2 4,223598E-1
4,713042E0 2,699217E-2 4,268102E-1
4,754750E0 2,849341E-2 4,321571E-1
4,796458E0 3,100069E-2 4,385254E-1
4,838167E0 3,235296E-2 4,438082E-1
4,879875E0 3,334256E-2 4,479661E-1
4,921583E0 3,423382E-2 4,518275E-1
4,963292E0 3,478983E-2 4,553491E-1
5,005000E0 3,561945E-2 4,595870E-1
5,046708E0 3,543470E-2 4,648524E-1
5,088417E0 3,512461E-2 4,719350E-1
5,130125E0 3,432620E-2 4,775078E-1
