 masa A  
t x y 
2,919583E-1 3,155949E-2 1,409583E-2
3,336667E-1 3,180834E-2 1,563863E-2
3,753750E-1 3,189250E-2 1,782168E-2
4,170833E-1 3,216954E-2 2,025155E-2
4,587917E-1 3,238981E-2 2,259714E-2
5,005000E-1 3,257540E-2 2,439139E-2
5,422083E-1 3,281997E-2 2,578693E-2
5,839167E-1 3,318141E-2 2,691534E-2
6,256250E-1 3,352277E-2 2,817553E-2
6,673333E-1 3,386315E-2 2,955465E-2
7,090417E-1 3,432821E-2 3,121995E-2
7,507500E-1 3,461824E-2 3,310605E-2
7,924583E-1 3,495395E-2 3,504731E-2
8,341667E-1 3,544040E-2 3,668599E-2
8,758750E-1 3,587008E-2 3,833059E-2
9,175833E-1 3,632513E-2 4,016879E-2
9,592917E-1 3,676727E-2 4,187652E-2
1,001000E0 3,734702E-2 4,385524E-2
1,042708E0 3,786418E-2 4,602665E-2
1,084417E0 3,838104E-2 4,815541E-2
1,126125E0 3,891119E-2 5,016038E-2
1,167833E0 3,943533E-2 5,212320E-2
1,209542E0 4,005285E-2 5,391675E-2
1,251250E0 4,062844E-2 5,565769E-2
1,292958E0 4,116664E-2 5,740166E-2
1,334667E0 4,177486E-2 5,911520E-2
1,376375E0 4,238175E-2 6,066758E-2
1,418083E0 4,300157E-2 6,242569E-2
1,459792E0 4,358200E-2 6,394876E-2
1,501500E0 4,420328E-2 6,578386E-2
1,543208E0 4,476623E-2 6,772840E-2
1,584917E0 4,548689E-2 6,987405E-2
1,626625E0 4,608207E-2 7,196006E-2
1,668333E0 4,681218E-2 7,390493E-2
1,710042E0 4,746738E-2 7,589579E-2
1,751750E0 4,812083E-2 7,780099E-2
1,793458E0 4,876222E-2 7,972978E-2
1,835167E0 4,941981E-2 8,133518E-2
1,876875E0 5,009019E-2 8,280998E-2
1,918583E0 5,066323E-2 8,392273E-2
1,960292E0 5,124978E-2 8,510539E-2
2,002000E0 5,174664E-2 8,633618E-2
2,043708E0 5,228238E-2 8,777691E-2
2,085417E0 5,283478E-2 8,932118E-2
2,127125E0 5,329627E-2 9,101451E-2
2,168833E0 5,367847E-2 9,283115E-2
2,210542E0 5,404460E-2 9,439155E-2
2,252250E0 5,481477E-2 9,669261E-2
2,293958E0 5,469069E-2 9,872239E-2
2,335667E0 5,485779E-2 1,004924E-1
2,377375E0 5,491302E-2 1,037287E-1
2,419083E0 5,509160E-2 1,049337E-1
2,460792E0 5,522050E-2 1,068332E-1
2,502500E0 5,523812E-2 1,085552E-1
2,544208E0 5,521600E-2 1,102630E-1
2,585917E0 5,514742E-2 1,119805E-1
2,627625E0 5,506005E-2 1,136674E-1
2,669333E0 5,483230E-2 1,153177E-1
2,711042E0 5,465011E-2 1,170063E-1
2,752750E0 5,453062E-2 1,188903E-1
2,794458E0 5,421027E-2 1,207571E-1
2,836167E0 5,400565E-2 1,226107E-1
2,877875E0 5,393157E-2 1,246181E-1
2,919583E0 5,375909E-2 1,266453E-1
2,961292E0 5,355701E-2 1,285676E-1
3,003000E0 5,338708E-2 1,303818E-1
3,044708E0 5,328025E-2 1,320745E-1
3,086417E0 5,311895E-2 1,338651E-1
3,128125E0 5,304170E-2 1,356653E-1
3,169833E0 5,301271E-2 1,374884E-1
3,211542E0 5,303379E-2 1,394646E-1
3,253250E0 5,306670E-2 1,412124E-1
3,294958E0 5,308089E-2 1,430226E-1
3,336667E0 5,320868E-2 1,448648E-1
3,378375E0 5,350211E-2 1,467038E-1
3,420083E0 5,374937E-2 1,485074E-1
3,461792E0 5,395903E-2 1,500564E-1
3,503500E0 5,418999E-2 1,513486E-1
3,545208E0 5,453020E-2 1,527097E-1
3,586917E0 5,480469E-2 1,541227E-1
3,628625E0 5,521417E-2 1,555400E-1
3,670333E0 5,557784E-2 1,571486E-1
3,712042E0 5,597469E-2 1,587751E-1
3,753750E0 5,637468E-2 1,603827E-1
3,795458E0 5,680663E-2 1,620952E-1
3,837167E0 5,715026E-2 1,637905E-1
3,878875E0 5,709034E-2 1,651529E-1
3,920583E0 5,681757E-2 1,666815E-1
3,962292E0 5,679221E-2 1,686631E-1
4,004000E0 5,714458E-2 1,716975E-1
4,045708E0 5,676497E-2 1,741015E-1
4,087417E0 5,631071E-2 1,764711E-1
4,129125E0 5,571192E-2 1,788561E-1
4,170833E0 5,504364E-2 1,808719E-1
4,212542E0 5,439066E-2 1,823685E-1
4,254250E0 5,377704E-2 1,834778E-1
4,295958E0 5,298158E-2 1,845791E-1
4,337667E0 5,232076E-2 1,857731E-1
4,379375E0 5,160897E-2 1,874805E-1
4,421083E0 5,071742E-2 1,894224E-1
4,462792E0 4,994195E-2 1,916325E-1
4,504500E0 4,899035E-2 1,939123E-1
4,546208E0 4,791395E-2 1,959229E-1
4,587917E0 4,703442E-2 1,978316E-1
4,629625E0 4,591664E-2 1,997476E-1
4,671333E0 4,485128E-2 2,017615E-1
4,713042E0 4,383112E-2 2,036043E-1
4,754750E0 4,287926E-2 2,054040E-1
4,796458E0 4,188031E-2 2,072341E-1
4,838167E0 4,089819E-2 2,088869E-1
4,879875E0 4,000048E-2 2,106108E-1
4,921583E0 3,915120E-2 2,124088E-1
4,963292E0 3,837035E-2 2,142879E-1
5,005000E0 3,767390E-2 2,162362E-1
5,046708E0 3,709091E-2 2,181808E-1
5,088417E0 3,664152E-2 2,200463E-1
5,130125E0 3,626604E-2 2,215822E-1
5,171833E0 3,600302E-2 2,231051E-1
5,213542E0 3,584138E-2 2,245842E-1
5,255250E0 3,589254E-2 2,262440E-1
5,296958E0 3,597955E-2 2,277624E-1
5,338667E0 3,620165E-2 2,292360E-1
5,380375E0 3,648685E-2 2,306584E-1
5,422083E0 3,693240E-2 2,321362E-1
5,463792E0 3,745280E-2 2,338996E-1
5,505500E0 3,807034E-2 2,358673E-1
5,547208E0 3,895032E-2 2,381054E-1
5,588917E0 4,006496E-2 2,405088E-1
5,630625E0 4,211555E-2 2,434431E-1
5,672333E0 4,420659E-2 2,459312E-1
5,714042E0 4,646527E-2 2,484040E-1
5,755750E0 4,871063E-2 2,502105E-1
5,797458E0 5,102885E-2 2,515814E-1
5,839167E0 5,304163E-2 2,524638E-1
5,880875E0 5,507242E-2 2,533288E-1
5,922583E0 5,685942E-2 2,545618E-1
5,964292E0 5,737236E-2 2,559638E-1
6,006000E0 5,632646E-2 2,573573E-1
6,047708E0 5,516749E-2 2,596426E-1
6,089417E0 5,391639E-2 2,625646E-1
6,131125E0 5,266314E-2 2,654889E-1
6,172833E0 5,139676E-2 2,680797E-1
6,214542E0 5,018737E-2 2,703017E-1
6,256250E0 4,876288E-2 2,719420E-1
6,297958E0 4,729459E-2 2,733616E-1
6,339667E0 4,587890E-2 2,744902E-1
6,381375E0 4,446292E-2 2,755081E-1
6,423083E0 4,303336E-2 2,766334E-1
6,464792E0 4,159259E-2 2,780116E-1
6,506500E0 4,029546E-2 2,798369E-1
6,548208E0 3,894265E-2 2,822331E-1
6,589917E0 3,766288E-2 2,852690E-1
6,631625E0 3,643999E-2 2,883299E-1
6,673333E0 3,525417E-2 2,909988E-1
6,715042E0 3,418480E-2 2,929792E-1
6,756750E0 3,305647E-2 2,942540E-1
6,798458E0 3,211579E-2 2,950017E-1
6,840167E0 3,125453E-2 2,956412E-1
6,881875E0 3,059127E-2 2,966439E-1
6,923583E0 2,996554E-2 2,983779E-1
6,965292E0 2,947728E-2 3,009364E-1
7,007000E0 2,920867E-2 3,038673E-1
7,048708E0 2,903428E-2 3,068379E-1
7,090417E0 2,895940E-2 3,096609E-1
7,132125E0 2,901188E-2 3,119598E-1
7,173833E0 2,975246E-2 3,141053E-1
7,215542E0 3,099840E-2 3,159952E-1
7,257250E0 3,225730E-2 3,173598E-1
7,298958E0 3,352365E-2 3,186220E-1
7,340667E0 3,497635E-2 3,199192E-1
7,382375E0 3,645010E-2 3,214355E-1
7,424083E0 3,802277E-2 3,232621E-1
7,465792E0 3,968583E-2 3,253330E-1
7,507500E0 4,120697E-2 3,274608E-1
7,549208E0 4,290970E-2 3,297571E-1
7,590917E0 4,466248E-2 3,315027E-1
7,632625E0 4,641906E-2 3,330064E-1
7,674333E0 4,805063E-2 3,339497E-1
7,716042E0 4,974916E-2 3,349199E-1
7,757750E0 5,141018E-2 3,361789E-1
7,799458E0 5,306290E-2 3,375842E-1
7,841167E0 5,473886E-2 3,395754E-1
7,882875E0 5,607700E-2 3,421045E-1
7,924583E0 5,721723E-2 3,446319E-1
7,966292E0 5,817809E-2 3,468852E-1
8,008000E0 5,910413E-2 3,484883E-1
8,049708E0 5,598893E-2 3,425146E-1
8,091417E0 5,741765E-2 3,422942E-1
8,133125E0 5,703297E-2 3,439975E-1
8,174833E0 5,704096E-2 3,465054E-1
8,216542E0 5,318618E-2 3,493033E-1
8,258250E0 5,214950E-2 3,517611E-1
8,299958E0 5,138630E-2 3,535695E-1
8,341667E0 4,953160E-2 3,546742E-1
8,383375E0 4,865970E-2 3,548207E-1
8,425083E0 4,770001E-2 3,553484E-1
8,466792E0 4,652519E-2 3,569371E-1
8,508500E0 4,537320E-2 3,596636E-1
8,550208E0 4,430625E-2 3,631388E-1
8,591917E0 4,332061E-2 3,659987E-1
8,633625E0 4,275672E-2 3,677302E-1
8,675333E0 4,160637E-2 3,693511E-1
8,717042E0 4,228544E-2 3,711378E-1
8,758750E0 3,892173E-2 3,743292E-1
8,800458E0 3,768643E-2 3,774556E-1
8,842167E0 3,679538E-2 3,801559E-1
8,883875E0 3,805551E-2 3,816986E-1
8,925583E0 3,731849E-2 3,835090E-1
8,967292E0 3,674111E-2 3,846945E-1
9,009000E0 3,620377E-2 3,863548E-1
9,050708E0 3,516690E-2 3,888204E-1
9,092417E0 3,656136E-2 3,904913E-1
9,134125E0 3,711549E-2 3,918311E-1
9,175833E0 3,812287E-2 3,934682E-1
9,217542E0 3,912340E-2 3,954690E-1
9,259250E0 3,986464E-2 3,976362E-1
9,300958E0 4,041163E-2 3,990253E-1
9,342667E0 4,117175E-2 4,006250E-1
9,384375E0 4,306412E-2 4,019647E-1
9,426083E0 4,474139E-2 4,033970E-1
9,467792E0 4,599573E-2 4,047927E-1
9,509500E0 4,709407E-2 4,060799E-1
9,551208E0 4,806225E-2 4,077688E-1
9,592917E0 4,951870E-2 4,095916E-1
9,634625E0 5,119845E-2 4,116807E-1
9,676333E0 5,248994E-2 4,142302E-1
9,718042E0 5,370210E-2 4,169046E-1
9,759750E0 5,506804E-2 4,190215E-1
9,801458E0 5,674344E-2 4,210811E-1
9,843167E0 5,796803E-2 4,229747E-1
9,884875E0 5,915162E-2 4,249607E-1
9,926583E0 5,929232E-2 4,259328E-1
9,968292E0 5,840060E-2 4,271431E-1
1,001000E1 5,773444E-2 4,286584E-1
1,005171E1 5,629737E-2 4,303789E-1
1,009342E1 5,662349E-2 4,319264E-1
1,013513E1 5,511320E-2 4,336542E-1
1,017683E1 5,372423E-2 4,352912E-1
1,021854E1 5,237508E-2 4,368779E-1
1,026025E1 4,990636E-2 4,387821E-1
1,030196E1 4,864086E-2 4,404875E-1
1,034367E1 4,738808E-2 4,423325E-1
1,038537E1 4,550257E-2 4,446574E-1
1,042708E1 4,425601E-2 4,465869E-1
1,046879E1 4,303150E-2 4,485341E-1
1,051050E1 4,199705E-2 4,508786E-1
1,055221E1 4,107833E-2 4,532050E-1
1,059392E1 3,956307E-2 4,554834E-1
1,063562E1 3,861079E-2 4,574046E-1
1,067733E1 3,748383E-2 4,594377E-1
