 masa A  
t x y 
2,919583E-1 4,323003E-2 1,441001E-2
3,336667E-1 4,334376E-2 1,803305E-2
3,753750E-1 4,383054E-2 2,395855E-2
4,170833E-1 4,435425E-2 3,095698E-2
4,587917E-1 4,504656E-2 3,667933E-2
5,005000E-1 4,559273E-2 4,209257E-2
5,422083E-1 4,599916E-2 4,574838E-2
5,839167E-1 4,643646E-2 5,038604E-2
6,256250E-1 4,664455E-2 5,498332E-2
6,673333E-1 4,696188E-2 5,994607E-2
7,090417E-1 4,700585E-2 6,456194E-2
7,507500E-1 4,694724E-2 6,856066E-2
7,924583E-1 4,665529E-2 7,205795E-2
8,341667E-1 4,616440E-2 7,575818E-2
8,758750E-1 4,520499E-2 8,027532E-2
9,175833E-1 4,407908E-2 8,511812E-2
9,592917E-1 4,250719E-2 8,983057E-2
1,001000E0 4,077715E-2 9,423409E-2
1,042708E0 3,884169E-2 9,824811E-2
1,084417E0 3,667175E-2 1,027959E-1
1,126125E0 3,582638E-2 1,080025E-1
1,167833E0 3,647523E-2 1,154980E-1
1,209542E0 3,760122E-2 1,217262E-1
1,251250E0 3,909214E-2 1,264707E-1
1,292958E0 4,101826E-2 1,297986E-1
1,334667E0 4,320388E-2 1,325950E-1
1,376375E0 4,562825E-2 1,349033E-1
1,418083E0 4,792243E-2 1,373624E-1
1,459792E0 5,111334E-2 1,411984E-1
1,501500E0 5,498909E-2 1,461186E-1
1,543208E0 5,685655E-2 1,513723E-1
1,584917E0 5,471000E-2 1,542846E-1
1,626625E0 5,283075E-2 1,580528E-1
1,668333E0 5,083467E-2 1,630063E-1
1,710042E0 4,874001E-2 1,699240E-1
1,751750E0 4,685070E-2 1,765800E-1
1,793458E0 4,432245E-2 1,836314E-1
1,835167E0 4,180567E-2 1,882992E-1
1,876875E0 3,933146E-2 1,924155E-1
1,918583E0 3,699707E-2 1,952018E-1
1,960292E0 3,464497E-2 1,982759E-1
2,002000E0 3,232876E-2 2,017633E-1
2,043708E0 3,012441E-2 2,056209E-1
2,085417E0 2,806439E-2 2,098651E-1
2,127125E0 2,620250E-2 2,149083E-1
2,168833E0 2,443614E-2 2,204814E-1
2,210542E0 2,319593E-2 2,258064E-1
2,252250E0 2,227562E-2 2,311026E-1
2,293958E0 2,195060E-2 2,361823E-1
2,335667E0 2,244302E-2 2,412895E-1
2,377375E0 2,372362E-2 2,463971E-1
2,419083E0 2,556695E-2 2,504420E-1
2,460792E0 2,787799E-2 2,537972E-1
2,502500E0 3,037015E-2 2,568081E-1
2,544208E0 3,323456E-2 2,611257E-1
2,585917E0 3,613540E-2 2,656009E-1
2,627625E0 3,970599E-2 2,707792E-1
2,669333E0 4,325169E-2 2,757389E-1
2,711042E0 4,651368E-2 2,804470E-1
2,752750E0 4,971303E-2 2,856465E-1
2,794458E0 5,194522E-2 2,899830E-1
2,836167E0 5,351749E-2 2,933024E-1
2,877875E0 5,422507E-2 2,975503E-1
2,919583E0 5,390008E-2 3,023029E-1
2,961292E0 5,274357E-2 3,079776E-1
3,003000E0 5,090701E-2 3,148433E-1
3,044708E0 4,885264E-2 3,208104E-1
3,086417E0 4,674224E-2 3,255029E-1
3,128125E0 4,489540E-2 3,293489E-1
3,169833E0 4,335247E-2 3,331607E-1
3,211542E0 4,216746E-2 3,371420E-1
3,253250E0 4,150238E-2 3,413148E-1
3,294958E0 4,142038E-2 3,459225E-1
3,336667E0 4,196162E-2 3,513420E-1
3,378375E0 4,293271E-2 3,567975E-1
3,420083E0 4,446748E-2 3,614442E-1
3,461792E0 4,624153E-2 3,650121E-1
3,503500E0 4,826037E-2 3,688810E-1
3,545208E0 4,965018E-2 3,735838E-1
3,586917E0 5,146733E-2 3,798639E-1
3,628625E0 5,328038E-2 3,856818E-1
3,670333E0 5,478935E-2 3,911060E-1
3,712042E0 5,595680E-2 3,949586E-1
3,753750E0 5,654053E-2 3,979940E-1
3,795458E0 5,617217E-2 4,024616E-1
3,837167E0 5,536574E-2 4,076088E-1
3,878875E0 5,420390E-2 4,120373E-1
3,920583E0 5,278637E-2 4,162724E-1
3,962292E0 5,093676E-2 4,204090E-1
4,004000E0 4,936045E-2 4,264578E-1
4,045708E0 4,794651E-2 4,310050E-1
4,087417E0 4,689809E-2 4,352017E-1
4,129125E0 4,607161E-2 4,395682E-1
4,170833E0 4,558641E-2 4,445312E-1
4,212542E0 4,589139E-2 4,495453E-1
4,254250E0 4,685561E-2 4,540918E-1
4,295958E0 4,836837E-2 4,577675E-1
4,337667E0 4,974115E-2 4,628931E-1
4,379375E0 5,117026E-2 4,674573E-1
4,421083E0 5,350516E-2 4,723606E-1
