 masa A  
t x y 
6,256250E-1 3,715095E-2 1,409490E-2
6,673333E-1 3,726376E-2 1,664180E-2
7,090417E-1 3,743757E-2 2,061740E-2
7,507500E-1 3,775572E-2 2,641414E-2
7,924583E-1 3,836048E-2 3,530384E-2
8,341667E-1 3,893130E-2 4,265542E-2
8,758750E-1 3,926941E-2 4,694602E-2
9,175833E-1 3,985449E-2 5,187334E-2
9,592917E-1 4,030537E-2 5,738991E-2
1,001000E0 4,086252E-2 6,406251E-2
1,042708E0 4,134222E-2 7,007689E-2
1,084417E0 4,176571E-2 7,598619E-2
1,126125E0 4,194098E-2 8,163305E-2
1,167833E0 4,202269E-2 8,739071E-2
1,209542E0 4,197520E-2 9,317587E-2
1,251250E0 4,158836E-2 9,909851E-2
1,292958E0 4,112513E-2 1,043263E-1
1,334667E0 4,057801E-2 1,091465E-1
1,376375E0 3,981482E-2 1,138933E-1
1,418083E0 3,888206E-2 1,202147E-1
1,459792E0 3,773330E-2 1,253958E-1
1,501500E0 3,650078E-2 1,342449E-1
1,543208E0 3,550716E-2 1,405925E-1
1,584917E0 3,457046E-2 1,458772E-1
1,626625E0 3,398775E-2 1,513040E-1
1,668333E0 3,397761E-2 1,569708E-1
1,710042E0 3,446227E-2 1,624653E-1
1,751750E0 3,541445E-2 1,674386E-1
1,793458E0 3,676135E-2 1,722661E-1
1,835167E0 3,834533E-2 1,768113E-1
1,876875E0 3,984131E-2 1,819753E-1
1,918583E0 4,181245E-2 1,891896E-1
1,960292E0 4,361446E-2 1,959871E-1
2,002000E0 4,531179E-2 2,026123E-1
2,043708E0 4,647763E-2 2,081410E-1
2,085417E0 4,688287E-2 2,131899E-1
2,127125E0 4,681793E-2 2,198626E-1
2,168833E0 4,592464E-2 2,257372E-1
2,210542E0 4,441789E-2 2,320624E-1
2,252250E0 4,246277E-2 2,372722E-1
2,293958E0 4,020691E-2 2,418605E-1
2,335667E0 3,798452E-2 2,467037E-1
2,377375E0 3,585548E-2 2,531568E-1
2,419083E0 3,429450E-2 2,602891E-1
2,460792E0 3,415030E-2 2,683393E-1
2,502500E0 3,451721E-2 2,722852E-1
2,544208E0 3,765459E-2 2,803462E-1
2,585917E0 4,036539E-2 2,843671E-1
2,627625E0 4,450451E-2 2,886209E-1
2,669333E0 4,955780E-2 2,921525E-1
2,711042E0 5,486656E-2 2,966133E-1
2,752750E0 5,794746E-2 3,039488E-1
2,794458E0 5,515998E-2 3,096705E-1
2,836167E0 4,987843E-2 3,159790E-1
2,877875E0 4,474359E-2 3,265421E-1
2,919583E0 3,784823E-2 3,368118E-1
2,961292E0 3,271339E-2 3,434137E-1
3,003000E0 2,992590E-2 3,469347E-1
3,044708E0 2,772526E-2 3,517762E-1
3,086417E0 2,650219E-2 3,577820E-1
3,128125E0 2,641152E-2 3,649473E-1
3,169833E0 2,704194E-2 3,728582E-1
3,211542E0 2,775709E-2 3,799859E-1
3,253250E0 2,860552E-2 3,841990E-1
3,294958E0 3,139300E-2 3,903608E-1
3,336667E0 3,520745E-2 4,001904E-1
3,378375E0 3,638113E-2 4,072324E-1
3,420083E0 3,814165E-2 4,151548E-1
3,461792E0 3,858178E-2 4,195560E-1
3,503500E0 3,784823E-2 4,257179E-1
3,545208E0 3,784823E-2 4,323198E-1
3,586917E0 3,462062E-2 4,392151E-1
3,628625E0 3,256668E-2 4,447901E-1
3,670333E0 2,948578E-2 4,502184E-1
3,712042E0 2,904565E-2 4,552065E-1
3,753750E0 2,845881E-2 4,593144E-1
3,795458E0 2,743184E-2 4,656229E-1
3,837167E0 3,007261E-2 4,728117E-1
3,878875E0 3,241997E-2 4,772130E-1
3,920583E0 3,889332E-2 4,726064E-1
3,962292E0 4,349329E-2 4,713019E-1
4,004000E0 4,319731E-2 4,756346E-1
