 masa A  
t x y 
2,919583E-1 3,678961E-2 1,284717E-2
3,336667E-1 3,681651E-2 1,487263E-2
3,753750E-1 3,701624E-2 1,797699E-2
4,170833E-1 3,718582E-2 2,112994E-2
4,587917E-1 3,755032E-2 2,467446E-2
5,005000E-1 3,772910E-2 2,774065E-2
5,422083E-1 3,826472E-2 3,276406E-2
5,839167E-1 3,871304E-2 3,827460E-2
6,256250E-1 3,940098E-2 4,524940E-2
6,673333E-1 3,981549E-2 5,106049E-2
7,090417E-1 4,026992E-2 5,539025E-2
7,507500E-1 4,077321E-2 5,974709E-2
7,924583E-1 4,101026E-2 6,485286E-2
8,341667E-1 4,139861E-2 7,092563E-2
8,758750E-1 4,189049E-2 8,013101E-2
9,175833E-1 4,232164E-2 8,631429E-2
9,592917E-1 4,307316E-2 9,322560E-2
1,001000E0 4,352222E-2 9,785713E-2
1,042708E0 4,402382E-2 1,025715E-1
1,084417E0 4,446488E-2 1,080805E-1
1,126125E0 4,493636E-2 1,139587E-1
1,167833E0 4,544275E-2 1,205353E-1
1,209542E0 4,598658E-2 1,257474E-1
1,251250E0 4,637906E-2 1,303290E-1
1,292958E0 4,673336E-2 1,359817E-1
1,334667E0 4,686958E-2 1,432299E-1
1,376375E0 4,698004E-2 1,506452E-1
1,418083E0 4,699778E-2 1,573183E-1
1,459792E0 4,691764E-2 1,628311E-1
1,501500E0 4,686606E-2 1,676612E-1
1,543208E0 4,666407E-2 1,724050E-1
1,584917E0 4,637586E-2 1,774255E-1
1,626625E0 4,634203E-2 1,847568E-1
1,668333E0 4,625488E-2 1,901524E-1
1,710042E0 4,632399E-2 1,952205E-1
1,751750E0 4,631488E-2 2,007110E-1
1,793458E0 4,659120E-2 2,073470E-1
1,835167E0 4,723256E-2 2,146538E-1
1,876875E0 4,807938E-2 2,220191E-1
1,918583E0 4,878948E-2 2,269550E-1
1,960292E0 4,978818E-2 2,324951E-1
2,002000E0 5,044776E-2 2,369575E-1
2,043708E0 5,085366E-2 2,423180E-1
2,085417E0 5,170451E-2 2,487451E-1
2,127125E0 5,254671E-2 2,548416E-1
2,168833E0 5,341351E-2 2,605148E-1
2,210542E0 5,375331E-2 2,658007E-1
2,252250E0 5,409350E-2 2,720640E-1
2,293958E0 5,438049E-2 2,794659E-1
2,335667E0 5,464584E-2 2,865644E-1
2,377375E0 5,460728E-2 2,925986E-1
2,419083E0 5,406841E-2 2,987906E-1
2,460792E0 5,302552E-2 3,035974E-1
2,502500E0 5,148512E-2 3,083666E-1
2,544208E0 4,968407E-2 3,143381E-1
2,585917E0 4,777426E-2 3,218455E-1
2,627625E0 4,566592E-2 3,277353E-1
2,669333E0 4,386033E-2 3,330622E-1
2,711042E0 4,234944E-2 3,393148E-1
2,752750E0 4,130219E-2 3,468793E-1
2,794458E0 4,103167E-2 3,527144E-1
2,836167E0 4,137067E-2 3,569766E-1
2,877875E0 4,240261E-2 3,615604E-1
2,919583E0 4,379806E-2 3,660735E-1
2,961292E0 4,684159E-2 3,730524E-1
3,003000E0 5,097891E-2 3,823304E-1
3,044708E0 5,464668E-2 3,884731E-1
3,086417E0 5,815129E-2 3,941732E-1
3,128125E0 5,827951E-2 3,959999E-1
3,169833E0 5,624464E-2 4,015623E-1
3,211542E0 5,272604E-2 4,096167E-1
3,253250E0 4,880627E-2 4,168622E-1
3,294958E0 4,018643E-2 4,232088E-1
3,336667E0 3,644768E-2 4,289052E-1
3,378375E0 3,524079E-2 4,350753E-1
3,420083E0 3,349862E-2 4,406325E-1
3,461792E0 3,301803E-2 4,463898E-1
3,503500E0 3,310403E-2 4,528518E-1
3,545208E0 3,379080E-2 4,581879E-1
3,586917E0 3,619603E-2 4,631080E-1
