 masa A  
t x y 
6,256250E-1 5,213925E-2 1,395918E-2
6,673333E-1 5,279034E-2 1,432971E-2
7,090417E-1 5,336576E-2 1,568605E-2
7,507500E-1 5,344796E-2 1,720680E-2
7,924583E-1 5,357126E-2 1,827543E-2
8,341667E-1 5,366154E-2 1,920019E-2
8,758750E-1 5,398774E-2 2,033103E-2
9,175833E-1 5,432973E-2 2,168869E-2
9,592917E-1 5,468859E-2 2,260213E-2
1,001000E0 5,508006E-2 2,374393E-2
1,042708E0 5,524317E-2 2,491835E-2
1,084417E0 5,548452E-2 2,610304E-2
1,126125E0 5,567966E-2 2,736156E-2
1,167833E0 5,583839E-2 2,863705E-2
1,209542E0 5,594417E-2 2,968721E-2
1,251250E0 5,596412E-2 3,055513E-2
1,292958E0 5,598893E-2 3,139360E-2
1,334667E0 5,602671E-2 3,217299E-2
1,376375E0 5,602686E-2 3,313634E-2
1,418083E0 5,593301E-2 3,432607E-2
1,459792E0 5,575576E-2 3,548715E-2
1,501500E0 5,556976E-2 3,669104E-2
1,543208E0 5,531745E-2 3,784261E-2
1,584917E0 5,500941E-2 3,877182E-2
1,626625E0 5,464421E-2 3,956708E-2
1,668333E0 5,423105E-2 4,043024E-2
1,710042E0 5,385945E-2 4,138750E-2
1,751750E0 5,335587E-2 4,244472E-2
1,793458E0 5,289912E-2 4,349582E-2
1,835167E0 5,228197E-2 4,444349E-2
1,876875E0 5,170143E-2 4,530741E-2
1,918583E0 5,110395E-2 4,600061E-2
1,960292E0 5,055850E-2 4,658170E-2
2,002000E0 4,994053E-2 4,729353E-2
2,043708E0 4,927099E-2 4,809000E-2
2,085417E0 4,855325E-2 4,905519E-2
2,127125E0 4,784754E-2 5,000463E-2
2,168833E0 4,717060E-2 5,101952E-2
2,210542E0 4,641115E-2 5,192813E-2
2,252250E0 4,567300E-2 5,286446E-2
2,293958E0 4,492779E-2 5,364313E-2
2,335667E0 4,414929E-2 5,454200E-2
2,377375E0 4,336652E-2 5,541795E-2
2,419083E0 4,256041E-2 5,629009E-2
2,460792E0 4,185819E-2 5,717068E-2
2,502500E0 4,109257E-2 5,803249E-2
2,544208E0 4,045321E-2 5,886433E-2
2,585917E0 3,950582E-2 5,984293E-2
2,627625E0 3,892472E-2 6,054117E-2
2,669333E0 3,826939E-2 6,133547E-2
2,711042E0 3,762365E-2 6,203242E-2
2,752750E0 3,704505E-2 6,279068E-2
2,794458E0 3,637361E-2 6,361021E-2
2,836167E0 3,584373E-2 6,456961E-2
2,877875E0 3,528480E-2 6,547183E-2
2,919583E0 3,474911E-2 6,648947E-2
2,961292E0 3,425578E-2 6,757937E-2
3,003000E0 3,381240E-2 6,865792E-2
3,044708E0 3,340291E-2 6,974051E-2
3,086417E0 3,299489E-2 7,078991E-2
3,128125E0 3,272578E-2 7,183191E-2
3,169833E0 3,243944E-2 7,292025E-2
3,211542E0 3,221832E-2 7,397120E-2
3,253250E0 3,206868E-2 7,498845E-2
3,294958E0 3,198777E-2 7,580770E-2
3,336667E0 3,191753E-2 7,663856E-2
3,378375E0 3,186155E-2 7,732021E-2
3,420083E0 3,191197E-2 7,808466E-2
3,461792E0 3,206697E-2 7,901466E-2
3,503500E0 3,224385E-2 8,002250E-2
3,545208E0 3,246240E-2 8,090178E-2
3,586917E0 3,279392E-2 8,170716E-2
3,628625E0 3,311428E-2 8,253856E-2
3,670333E0 3,354955E-2 8,330659E-2
3,712042E0 3,404186E-2 8,422684E-2
3,753750E0 3,463766E-2 8,527581E-2
3,795458E0 3,516276E-2 8,635327E-2
3,837167E0 3,580747E-2 8,739905E-2
3,878875E0 3,648434E-2 8,852903E-2
3,920583E0 3,732023E-2 8,956545E-2
3,962292E0 3,842535E-2 9,086014E-2
4,004000E0 3,962360E-2 9,205772E-2
4,045708E0 4,080920E-2 9,318040E-2
4,087417E0 4,199006E-2 9,435356E-2
4,129125E0 4,314251E-2 9,546847E-2
4,170833E0 4,433167E-2 9,656462E-2
4,212542E0 4,551187E-2 9,748249E-2
4,254250E0 4,661181E-2 9,805944E-2
4,295958E0 4,784733E-2 9,886179E-2
4,337667E0 4,892564E-2 9,946333E-2
4,379375E0 4,996720E-2 1,004748E-1
4,421083E0 5,098054E-2 1,016204E-1
4,462792E0 5,191938E-2 1,030466E-1
4,504500E0 5,287878E-2 1,044814E-1
4,546208E0 5,381662E-2 1,058079E-1
4,587917E0 5,474630E-2 1,067535E-1
4,629625E0 5,556552E-2 1,077280E-1
4,671333E0 5,638797E-2 1,085965E-1
4,713042E0 5,696691E-2 1,094915E-1
4,754750E0 5,687073E-2 1,100760E-1
4,796458E0 5,645896E-2 1,106173E-1
4,838167E0 5,597880E-2 1,112808E-1
4,879875E0 5,565041E-2 1,120838E-1
4,921583E0 5,544904E-2 1,131972E-1
4,963292E0 5,526454E-2 1,143521E-1
5,005000E0 5,506816E-2 1,155667E-1
5,046708E0 5,472823E-2 1,169805E-1
5,088417E0 5,430631E-2 1,180535E-1
5,130125E0 5,386418E-2 1,190775E-1
5,171833E0 5,338937E-2 1,195860E-1
5,213542E0 5,291834E-2 1,201044E-1
5,255250E0 5,238969E-2 1,205663E-1
5,296958E0 5,176646E-2 1,211827E-1
5,338667E0 5,119629E-2 1,218195E-1
5,380375E0 5,058896E-2 1,224998E-1
5,422083E0 4,999104E-2 1,231667E-1
5,463792E0 4,927569E-2 1,238615E-1
5,505500E0 4,857187E-2 1,247432E-1
5,547208E0 4,789725E-2 1,257587E-1
5,588917E0 4,718076E-2 1,269420E-1
5,630625E0 4,640239E-2 1,281040E-1
5,672333E0 4,568298E-2 1,292730E-1
5,714042E0 4,483119E-2 1,303022E-1
5,755750E0 4,407598E-2 1,312307E-1
5,797458E0 4,328495E-2 1,321521E-1
5,839167E0 4,246988E-2 1,330431E-1
5,880875E0 4,158714E-2 1,338278E-1
5,922583E0 4,080228E-2 1,344889E-1
5,964292E0 4,007969E-2 1,352652E-1
6,006000E0 3,930556E-2 1,361124E-1
6,047708E0 3,866509E-2 1,370999E-1
6,089417E0 3,788017E-2 1,381270E-1
6,131125E0 3,729873E-2 1,393427E-1
6,172833E0 3,669286E-2 1,407224E-1
6,214542E0 3,611752E-2 1,420513E-1
6,256250E0 3,555823E-2 1,435562E-1
6,297958E0 3,515172E-2 1,446166E-1
6,339667E0 3,460785E-2 1,454806E-1
6,381375E0 3,419600E-2 1,461599E-1
6,423083E0 3,378086E-2 1,473570E-1
6,464792E0 3,346589E-2 1,480259E-1
6,506500E0 3,312483E-2 1,490323E-1
6,548208E0 3,293043E-2 1,498870E-1
6,589917E0 3,289202E-2 1,505212E-1
6,631625E0 3,290521E-2 1,510360E-1
6,673333E0 3,289781E-2 1,517749E-1
6,715042E0 3,279808E-2 1,527187E-1
6,756750E0 3,281028E-2 1,538577E-1
6,798458E0 3,293733E-2 1,551673E-1
6,840167E0 3,335991E-2 1,565471E-1
6,881875E0 3,410859E-2 1,579314E-1
6,923583E0 3,502936E-2 1,592004E-1
6,965292E0 3,591455E-2 1,603421E-1
7,007000E0 3,693065E-2 1,614786E-1
7,048708E0 3,785461E-2 1,624720E-1
7,090417E0 3,891923E-2 1,633761E-1
7,132125E0 3,998083E-2 1,640799E-1
7,173833E0 4,101330E-2 1,645021E-1
7,215542E0 4,209739E-2 1,651625E-1
7,257250E0 4,322201E-2 1,660509E-1
7,298958E0 4,430323E-2 1,672354E-1
7,340667E0 4,549430E-2 1,686808E-1
7,382375E0 4,665351E-2 1,701813E-1
7,424083E0 4,791619E-2 1,716087E-1
7,465792E0 4,904544E-2 1,728567E-1
7,507500E0 5,022825E-2 1,739222E-1
7,549208E0 5,139356E-2 1,747550E-1
7,590917E0 5,250440E-2 1,756074E-1
7,632625E0 5,365177E-2 1,762919E-1
7,674333E0 5,468597E-2 1,769415E-1
7,716042E0 5,567226E-2 1,775461E-1
7,757750E0 5,662185E-2 1,782718E-1
7,799458E0 5,739006E-2 1,789263E-1
7,841167E0 5,710214E-2 1,792881E-1
7,882875E0 5,657971E-2 1,797835E-1
7,924583E0 5,606705E-2 1,807322E-1
7,966292E0 5,556291E-2 1,816610E-1
8,008000E0 5,501705E-2 1,828731E-1
8,049708E0 5,432303E-2 1,841409E-1
8,091417E0 5,371508E-2 1,853256E-1
8,133125E0 5,311411E-2 1,863368E-1
8,174833E0 5,245505E-2 1,873042E-1
8,216542E0 5,176568E-2 1,881757E-1
8,258250E0 5,137525E-2 1,892302E-1
8,299958E0 5,096696E-2 1,901909E-1
8,341667E0 5,045974E-2 1,908331E-1
8,383375E0 5,003887E-2 1,913448E-1
8,425083E0 4,945955E-2 1,917449E-1
8,466792E0 4,894677E-2 1,921449E-1
8,508500E0 4,851373E-2 1,927488E-1
8,550208E0 4,798591E-2 1,936148E-1
8,591917E0 4,741897E-2 1,946664E-1
8,633625E0 4,693313E-2 1,957789E-1
8,675333E0 4,644732E-2 1,969465E-1
8,717042E0 4,582098E-2 1,981671E-1
8,758750E0 4,531789E-2 1,994582E-1
8,800458E0 4,480383E-2 2,006549E-1
8,842167E0 4,421342E-2 2,017795E-1
8,883875E0 4,370008E-2 2,026288E-1
8,925583E0 4,317749E-2 2,034932E-1
8,967292E0 4,271327E-2 2,043062E-1
9,009000E0 4,217041E-2 2,051506E-1
9,050708E0 4,172335E-2 2,060620E-1
9,092417E0 4,127721E-2 2,071587E-1
9,134125E0 4,091009E-2 2,082943E-1
9,175833E0 4,049184E-2 2,095308E-1
9,217542E0 4,015870E-2 2,108929E-1
9,259250E0 3,983809E-2 2,121684E-1
9,300958E0 3,960290E-2 2,132878E-1
9,342667E0 3,938406E-2 2,145688E-1
9,384375E0 3,922232E-2 2,158168E-1
9,426083E0 3,911447E-2 2,167315E-1
9,467792E0 3,901488E-2 2,176708E-1
9,509500E0 3,901950E-2 2,183406E-1
9,551208E0 3,905862E-2 2,189328E-1
9,592917E0 3,908417E-2 2,196051E-1
9,634625E0 3,920309E-2 2,203730E-1
9,676333E0 3,932631E-2 2,211785E-1
9,718042E0 3,960216E-2 2,220794E-1
9,759750E0 3,985219E-2 2,232458E-1
9,801458E0 4,016722E-2 2,244672E-1
9,843167E0 4,052343E-2 2,257528E-1
9,884875E0 4,100615E-2 2,271141E-1
9,926583E0 4,143785E-2 2,281629E-1
9,968292E0 4,197030E-2 2,292549E-1
1,001000E1 4,245353E-2 2,302942E-1
1,005171E1 4,306945E-2 2,311910E-1
1,009342E1 4,364027E-2 2,320583E-1
1,013513E1 4,421544E-2 2,327119E-1
1,017683E1 4,490153E-2 2,333282E-1
1,021854E1 4,558778E-2 2,340937E-1
1,026025E1 4,620348E-2 2,350568E-1
1,030196E1 4,693340E-2 2,363199E-1
1,034367E1 4,785179E-2 2,378327E-1
1,038537E1 4,903720E-2 2,395121E-1
1,042708E1 5,017053E-2 2,409573E-1
1,046879E1 5,139495E-2 2,422201E-1
1,051050E1 5,250148E-2 2,431773E-1
1,055221E1 5,362029E-2 2,437640E-1
1,059392E1 5,468307E-2 2,441980E-1
1,063562E1 5,570643E-2 2,446169E-1
1,067733E1 5,672252E-2 2,451404E-1
1,071904E1 5,762481E-2 2,458572E-1
1,076075E1 5,752254E-2 2,464944E-1
1,080246E1 5,700730E-2 2,472887E-1
1,084417E1 5,643608E-2 2,484140E-1
1,088588E1 5,584609E-2 2,498721E-1
1,092758E1 5,527580E-2 2,513439E-1
1,096929E1 5,469859E-2 2,526909E-1
1,101100E1 5,417256E-2 2,537793E-1
1,105271E1 5,347030E-2 2,545986E-1
1,109442E1 5,290735E-2 2,551221E-1
1,113612E1 5,261918E-2 2,557843E-1
1,117783E1 5,233811E-2 2,564238E-1
1,121954E1 5,201743E-2 2,570857E-1
1,126125E1 5,172714E-2 2,577049E-1
1,130296E1 5,136290E-2 2,582540E-1
1,134467E1 5,108453E-2 2,589373E-1
1,138637E1 5,070037E-2 2,597781E-1
1,142808E1 5,035991E-2 2,608150E-1
1,146979E1 5,002705E-2 2,619998E-1
1,151150E1 4,961375E-2 2,632390E-1
1,155321E1 4,926856E-2 2,644224E-1
1,159492E1 4,887303E-2 2,655348E-1
1,163663E1 4,848757E-2 2,664030E-1
1,167833E1 4,809296E-2 2,670232E-1
1,172004E1 4,773401E-2 2,678104E-1
1,176175E1 4,732824E-2 2,683932E-1
1,180346E1 4,696855E-2 2,690749E-1
1,184517E1 4,655825E-2 2,700278E-1
1,188687E1 4,617195E-2 2,711348E-1
1,192858E1 4,591536E-2 2,723959E-1
1,197029E1 4,552333E-2 2,737350E-1
1,201200E1 4,522010E-2 2,751909E-1
1,205371E1 4,493776E-2 2,765293E-1
1,209542E1 4,464107E-2 2,777115E-1
1,213712E1 4,436794E-2 2,787982E-1
1,217883E1 4,408974E-2 2,797341E-1
1,222054E1 4,385779E-2 2,804644E-1
1,226225E1 4,363745E-2 2,812850E-1
1,230396E1 4,335838E-2 2,821047E-1
1,234567E1 4,322527E-2 2,830208E-1
1,238738E1 4,309081E-2 2,840512E-1
1,242908E1 4,304804E-2 2,851179E-1
1,247079E1 4,292617E-2 2,860498E-1
1,251250E1 4,288461E-2 2,870044E-1
1,255421E1 4,292685E-2 2,879115E-1
1,259592E1 4,292663E-2 2,887918E-1
1,263762E1 4,298385E-2 2,896943E-1
1,267933E1 4,318122E-2 2,907797E-1
1,272104E1 4,347332E-2 2,919536E-1
1,276275E1 4,376260E-2 2,931122E-1
1,280446E1 4,409559E-2 2,942850E-1
1,284617E1 4,436878E-2 2,952367E-1
1,288787E1 4,478918E-2 2,961189E-1
1,292958E1 4,512303E-2 2,969842E-1
1,297129E1 4,554657E-2 2,979984E-1
1,301300E1 4,602671E-2 2,990956E-1
1,305471E1 4,654556E-2 3,002505E-1
1,309642E1 4,701589E-2 3,013917E-1
1,313813E1 4,763178E-2 3,024548E-1
1,317983E1 4,817145E-2 3,035254E-1
1,322154E1 4,872838E-2 3,045504E-1
1,326325E1 4,934438E-2 3,057479E-1
1,330496E1 4,999666E-2 3,068915E-1
1,334667E1 5,061964E-2 3,079652E-1
1,338837E1 5,126979E-2 3,087679E-1
1,343008E1 5,204645E-2 3,093572E-1
1,347179E1 5,274352E-2 3,100404E-1
1,351350E1 5,343988E-2 3,110168E-1
1,355521E1 5,416700E-2 3,121463E-1
1,359692E1 5,493501E-2 3,132490E-1
1,363862E1 5,561181E-2 3,141379E-1
1,368033E1 5,642017E-2 3,148719E-1
1,372204E1 5,710124E-2 3,156082E-1
1,376375E1 5,783117E-2 3,162836E-1
1,380546E1 5,847825E-2 3,171619E-1
1,384717E1 5,854252E-2 3,178841E-1
1,388888E1 5,814294E-2 3,184067E-1
1,393058E1 5,784463E-2 3,190989E-1
1,397229E1 5,746506E-2 3,199323E-1
1,401400E1 5,708773E-2 3,210311E-1
1,405571E1 5,666129E-2 3,221061E-1
1,409742E1 5,636522E-2 3,231548E-1
1,413912E1 5,620907E-2 3,243087E-1
1,418083E1 5,608353E-2 3,253854E-1
1,422254E1 5,605252E-2 3,262606E-1
1,426425E1 5,589256E-2 3,270628E-1
1,430596E1 5,579511E-2 3,276968E-1
1,434767E1 5,558983E-2 3,283958E-1
1,438937E1 5,545438E-2 3,291395E-1
1,443108E1 5,525879E-2 3,303056E-1
1,447279E1 5,513375E-2 3,314571E-1
1,451450E1 5,502180E-2 3,328624E-1
1,455621E1 5,472389E-2 3,340841E-1
1,459792E1 5,447810E-2 3,351777E-1
1,463963E1 5,428678E-2 3,358815E-1
1,468133E1 5,408975E-2 3,367027E-1
1,472304E1 5,397546E-2 3,375515E-1
1,476475E1 5,375435E-2 3,384677E-1
1,480646E1 5,356456E-2 3,397416E-1
1,484817E1 5,337132E-2 3,410110E-1
1,488987E1 5,316546E-2 3,423268E-1
1,493158E1 5,296398E-2 3,435390E-1
1,497329E1 5,272026E-2 3,446410E-1
1,501500E1 5,252810E-2 3,456969E-1
1,505671E1 5,231306E-2 3,467168E-1
1,509842E1 5,216592E-2 3,476978E-1
1,514012E1 5,197899E-2 3,486832E-1
1,518183E1 5,180038E-2 3,497240E-1
1,522354E1 5,158019E-2 3,508299E-1
1,526525E1 5,142629E-2 3,517686E-1
1,530696E1 5,128895E-2 3,527046E-1
1,534867E1 5,112997E-2 3,535916E-1
1,539038E1 5,097101E-2 3,544117E-1
1,543208E1 5,084670E-2 3,551013E-1
1,547379E1 5,079593E-2 3,558195E-1
1,551550E1 5,079158E-2 3,566934E-1
1,555721E1 5,074278E-2 3,578741E-1
1,559892E1 5,086167E-2 3,591728E-1
1,564062E1 5,087971E-2 3,605093E-1
1,568233E1 5,087254E-2 3,616015E-1
1,572404E1 5,096651E-2 3,626624E-1
1,576575E1 5,103829E-2 3,636163E-1
1,580746E1 5,120605E-2 3,645058E-1
1,584917E1 5,128198E-2 3,656529E-1
1,589087E1 5,143737E-2 3,670632E-1
1,593258E1 5,166551E-2 3,683285E-1
1,597429E1 5,179013E-2 3,694510E-1
1,601600E1 5,191961E-2 3,703181E-1
1,605771E1 5,213488E-2 3,711281E-1
1,609942E1 5,226249E-2 3,719239E-1
1,614113E1 5,251604E-2 3,729903E-1
1,618283E1 5,274919E-2 3,742672E-1
1,622454E1 5,295314E-2 3,756681E-1
1,626625E1 5,319095E-2 3,767732E-1
1,630796E1 5,348493E-2 3,775187E-1
1,634967E1 5,375772E-2 3,781643E-1
1,639138E1 5,398175E-2 3,789043E-1
1,643308E1 5,422118E-2 3,799163E-1
1,647479E1 5,458633E-2 3,810114E-1
1,651650E1 5,479775E-2 3,821184E-1
1,655821E1 5,507060E-2 3,830578E-1
1,659992E1 5,532639E-2 3,837948E-1
1,664163E1 5,555164E-2 3,845098E-1
1,668333E1 5,584161E-2 3,852694E-1
1,672504E1 5,607923E-2 3,861452E-1
1,676675E1 5,635348E-2 3,871835E-1
1,680846E1 5,658371E-2 3,881163E-1
1,685017E1 5,682254E-2 3,889439E-1
1,689187E1 5,695736E-2 3,896736E-1
1,693358E1 5,716041E-2 3,903500E-1
1,697529E1 5,734555E-2 3,912823E-1
1,701700E1 5,751470E-2 3,923369E-1
1,705871E1 5,766922E-2 3,933935E-1
1,710042E1 5,773369E-2 3,943242E-1
1,714213E1 5,792093E-2 3,951354E-1
1,718383E1 5,796032E-2 3,960455E-1
1,722554E1 5,799708E-2 3,969197E-1
1,726725E1 5,806224E-2 3,977786E-1
1,730896E1 5,810444E-2 3,986989E-1
1,735067E1 5,810856E-2 3,995960E-1
1,739238E1 5,815391E-2 4,005130E-1
1,743408E1 5,815767E-2 4,014236E-1
1,747579E1 5,806172E-2 4,023045E-1
1,751750E1 5,805332E-2 4,032169E-1
1,755921E1 5,804625E-2 4,042076E-1
1,760092E1 5,789673E-2 4,052884E-1
1,764262E1 5,780303E-2 4,063964E-1
1,768433E1 5,761519E-2 4,075104E-1
1,772604E1 5,741345E-2 4,086186E-1
1,776775E1 5,719713E-2 4,096103E-1
1,780946E1 5,701222E-2 4,107036E-1
1,785117E1 5,676641E-2 4,119146E-1
1,789288E1 5,649056E-2 4,131148E-1
1,793458E1 5,620677E-2 4,143958E-1
1,797629E1 5,591674E-2 4,157348E-1
1,801800E1 5,558952E-2 4,168034E-1
1,805971E1 5,528230E-2 4,179391E-1
1,810142E1 5,489690E-2 4,190732E-1
1,814313E1 5,460385E-2 4,201787E-1
1,818483E1 5,425329E-2 4,211317E-1
1,822654E1 5,387632E-2 4,220888E-1
1,826825E1 5,348946E-2 4,231262E-1
1,830996E1 5,309899E-2 4,243093E-1
1,835167E1 5,274320E-2 4,255793E-1
1,839337E1 5,240929E-2 4,266819E-1
1,843508E1 5,204955E-2 4,276527E-1
1,847679E1 5,177627E-2 4,285915E-1
1,851850E1 5,146446E-2 4,295927E-1
1,856021E1 5,119652E-2 4,306820E-1
1,860192E1 5,097074E-2 4,317716E-1
1,864363E1 5,073357E-2 4,327202E-1
1,868533E1 5,053971E-2 4,336886E-1
1,872704E1 5,036149E-2 4,346231E-1
1,876875E1 5,019773E-2 4,354911E-1
1,881046E1 5,011759E-2 4,363511E-1
1,885217E1 5,001962E-2 4,372407E-1
1,889388E1 5,002760E-2 4,381644E-1
1,893558E1 5,001244E-2 4,391539E-1
1,897729E1 5,004729E-2 4,400836E-1
1,901900E1 5,007958E-2 4,411296E-1
1,906071E1 5,017444E-2 4,421844E-1
1,910242E1 5,032018E-2 4,432855E-1
1,914412E1 5,046484E-2 4,441979E-1
1,918583E1 5,072515E-2 4,451624E-1
1,922754E1 5,092983E-2 4,460856E-1
1,926925E1 5,115640E-2 4,469271E-1
1,931096E1 5,144223E-2 4,477955E-1
1,935267E1 5,173000E-2 4,487689E-1
1,939438E1 5,203967E-2 4,499005E-1
1,943608E1 5,234338E-2 4,510192E-1
1,947779E1 5,268088E-2 4,519656E-1
1,951950E1 5,305173E-2 4,528912E-1
1,956121E1 5,342163E-2 4,538433E-1
1,960292E1 5,378618E-2 4,548007E-1
1,964463E1 5,417195E-2 4,557264E-1
1,968633E1 5,452530E-2 4,565758E-1
1,972804E1 5,495991E-2 4,575616E-1
1,976975E1 5,527891E-2 4,585992E-1
1,981146E1 5,563992E-2 4,595536E-1
1,985317E1 5,597793E-2 4,603844E-1
1,989487E1 5,638515E-2 4,613084E-1
1,993658E1 5,678058E-2 4,623189E-1
1,997829E1 5,707198E-2 4,634159E-1
2,002000E1 5,729255E-2 4,644279E-1
2,006171E1 5,752987E-2 4,653177E-1
2,010342E1 5,775640E-2 4,661771E-1
2,014513E1 5,795689E-2 4,671139E-1
