 masa A  
t x y 
8,341667E-1 2,691531E-2 4,998678E-2
8,758750E-1 2,693356E-2 5,011449E-2
9,175833E-1 2,690920E-2 5,057710E-2
9,592917E-1 2,692193E-2 5,154932E-2
1,001000E0 2,689922E-2 5,284022E-2
1,042708E0 2,690216E-2 5,416971E-2
1,084417E0 2,683777E-2 5,517821E-2
1,126125E0 2,685791E-2 5,599262E-2
1,167833E0 2,687174E-2 5,662546E-2
1,209542E0 2,685930E-2 5,725661E-2
1,251250E0 2,697297E-2 5,795293E-2
1,292958E0 2,697065E-2 5,903340E-2
1,334667E0 2,706497E-2 6,000989E-2
1,376375E0 2,708562E-2 6,070571E-2
1,418083E0 2,717258E-2 6,115507E-2
1,459792E0 2,725882E-2 6,185500E-2
1,501500E0 2,735951E-2 6,253294E-2
1,543208E0 2,726287E-2 6,347000E-2
1,584917E0 2,729563E-2 6,436767E-2
1,626625E0 2,723885E-2 6,522407E-2
1,668333E0 2,730562E-2 6,624235E-2
1,710042E0 2,729421E-2 6,719451E-2
1,751750E0 2,736412E-2 6,817316E-2
1,793458E0 2,748555E-2 6,914289E-2
1,835167E0 2,760407E-2 7,017874E-2
1,876875E0 2,761508E-2 7,125918E-2
1,918583E0 2,766499E-2 7,225906E-2
1,960292E0 2,773910E-2 7,324593E-2
2,002000E0 2,786450E-2 7,428311E-2
2,043708E0 2,795944E-2 7,518360E-2
2,085417E0 2,812465E-2 7,609547E-2
2,127125E0 2,816277E-2 7,706192E-2
2,168833E0 2,820983E-2 7,799615E-2
2,210542E0 2,833328E-2 7,884753E-2
2,252250E0 2,850763E-2 7,965025E-2
2,293958E0 2,856063E-2 8,097897E-2
2,335667E0 2,872592E-2 8,192643E-2
2,377375E0 2,886303E-2 8,299935E-2
2,419083E0 2,901190E-2 8,396983E-2
2,460792E0 2,913980E-2 8,495780E-2
2,502500E0 2,931665E-2 8,609173E-2
2,544208E0 2,950554E-2 8,722793E-2
2,585917E0 2,970907E-2 8,845810E-2
2,627625E0 2,986317E-2 8,973259E-2
2,669333E0 3,004828E-2 9,089946E-2
2,711042E0 3,023530E-2 9,194094E-2
2,752750E0 3,042478E-2 9,295356E-2
2,794458E0 3,059471E-2 9,354393E-2
2,836167E0 3,089830E-2 9,411721E-2
2,877875E0 3,108684E-2 9,478065E-2
2,919583E0 3,125817E-2 9,567579E-2
2,961292E0 3,154237E-2 9,663413E-2
3,003000E0 3,172351E-2 9,760427E-2
3,044708E0 3,199624E-2 9,858825E-2
3,086417E0 3,222236E-2 9,920700E-2
3,128125E0 3,247877E-2 9,997231E-2
3,169833E0 3,275472E-2 1,008057E-1
3,211542E0 3,305640E-2 1,017277E-1
3,253250E0 3,334731E-2 1,026785E-1
3,294958E0 3,364901E-2 1,036309E-1
3,336667E0 3,390628E-2 1,046453E-1
3,378375E0 3,422180E-2 1,054658E-1
3,420083E0 3,450939E-2 1,062540E-1
3,461792E0 3,484022E-2 1,070942E-1
3,503500E0 3,511103E-2 1,079636E-1
3,545208E0 3,537019E-2 1,089465E-1
3,586917E0 3,572877E-2 1,100484E-1
3,628625E0 3,601651E-2 1,110490E-1
3,670333E0 3,634146E-2 1,119202E-1
3,712042E0 3,656303E-2 1,126954E-1
3,753750E0 3,688877E-2 1,133988E-1
3,795458E0 3,719279E-2 1,141413E-1
3,837167E0 3,750388E-2 1,150420E-1
3,878875E0 3,777206E-2 1,161325E-1
3,920583E0 3,803353E-2 1,172743E-1
3,962292E0 3,833341E-2 1,183107E-1
4,004000E0 3,856035E-2 1,191074E-1
4,045708E0 3,889142E-2 1,198286E-1
4,087417E0 3,915020E-2 1,205770E-1
4,129125E0 3,944229E-2 1,214256E-1
4,170833E0 3,968047E-2 1,222954E-1
4,212542E0 3,997603E-2 1,231556E-1
4,254250E0 4,021025E-2 1,240762E-1
4,295958E0 4,034698E-2 1,248853E-1
4,337667E0 4,060049E-2 1,256521E-1
4,379375E0 4,082303E-2 1,264663E-1
4,421083E0 4,099180E-2 1,273220E-1
4,462792E0 4,120172E-2 1,282410E-1
4,504500E0 4,135880E-2 1,291321E-1
4,546208E0 4,153414E-2 1,299623E-1
4,587917E0 4,170767E-2 1,307386E-1
4,629625E0 4,186644E-2 1,316391E-1
4,671333E0 4,202986E-2 1,326157E-1
4,713042E0 4,211638E-2 1,335924E-1
4,754750E0 4,221706E-2 1,346419E-1
4,796458E0 4,235003E-2 1,357281E-1
4,838167E0 4,239803E-2 1,367658E-1
4,879875E0 4,251227E-2 1,376824E-1
4,921583E0 4,256110E-2 1,385926E-1
4,963292E0 4,261011E-2 1,394990E-1
5,005000E0 4,266307E-2 1,405613E-1
5,046708E0 4,268221E-2 1,416635E-1
5,088417E0 4,268858E-2 1,427759E-1
5,130125E0 4,270301E-2 1,438259E-1
5,171833E0 4,268156E-2 1,448692E-1
5,213542E0 4,266697E-2 1,459029E-1
5,255250E0 4,264428E-2 1,468693E-1
5,296958E0 4,259169E-2 1,478532E-1
5,338667E0 4,255739E-2 1,488643E-1
5,380375E0 4,247310E-2 1,500244E-1
5,422083E0 4,238479E-2 1,511414E-1
5,463792E0 4,227414E-2 1,523205E-1
5,505500E0 4,223079E-2 1,534384E-1
5,547208E0 4,210575E-2 1,545818E-1
5,588917E0 4,198490E-2 1,556931E-1
5,630625E0 4,185661E-2 1,569326E-1
5,672333E0 4,178203E-2 1,581872E-1
5,714042E0 4,166527E-2 1,593427E-1
5,755750E0 4,150214E-2 1,601676E-1
5,797458E0 4,139323E-2 1,608277E-1
5,839167E0 4,125145E-2 1,615398E-1
5,880875E0 4,117950E-2 1,623695E-1
5,922583E0 4,100500E-2 1,632957E-1
5,964292E0 4,089820E-2 1,642356E-1
6,006000E0 4,082278E-2 1,649556E-1
6,047708E0 4,070951E-2 1,656400E-1
6,089417E0 4,056170E-2 1,663527E-1
6,131125E0 4,044251E-2 1,670954E-1
6,172833E0 4,034133E-2 1,681071E-1
6,214542E0 4,023221E-2 1,691009E-1
6,256250E0 4,019324E-2 1,701235E-1
6,297958E0 4,009206E-2 1,711439E-1
6,339667E0 3,988583E-2 1,723400E-1
6,381375E0 3,970006E-2 1,735269E-1
6,423083E0 3,954122E-2 1,746953E-1
6,464792E0 3,934490E-2 1,757499E-1
6,506500E0 3,927109E-2 1,767756E-1
6,548208E0 3,915573E-2 1,778876E-1
6,589917E0 3,920589E-2 1,787867E-1
6,631625E0 3,921386E-2 1,794866E-1
6,673333E0 3,920830E-2 1,799829E-1
6,715042E0 3,924179E-2 1,804032E-1
6,756750E0 3,924522E-2 1,807729E-1
6,798458E0 3,926547E-2 1,813010E-1
6,840167E0 3,928331E-2 1,821878E-1
6,881875E0 3,926879E-2 1,832875E-1
6,923583E0 3,931113E-2 1,845005E-1
6,965292E0 3,928745E-2 1,857822E-1
7,007000E0 3,935755E-2 1,869285E-1
7,048708E0 3,953379E-2 1,880230E-1
7,090417E0 3,966247E-2 1,890121E-1
7,132125E0 3,979162E-2 1,899542E-1
7,173833E0 3,982607E-2 1,908093E-1
7,215542E0 3,984921E-2 1,914381E-1
7,257250E0 3,984168E-2 1,919565E-1
7,298958E0 3,988144E-2 1,925338E-1
7,340667E0 3,989026E-2 1,932167E-1
7,382375E0 3,988120E-2 1,939958E-1
7,424083E0 3,992106E-2 1,949881E-1
7,465792E0 3,993461E-2 1,958601E-1
7,507500E0 4,003668E-2 1,967733E-1
7,549208E0 4,010836E-2 1,976405E-1
7,590917E0 4,019073E-2 1,985454E-1
7,632625E0 4,027248E-2 1,994398E-1
7,674333E0 4,041452E-2 2,003556E-1
7,716042E0 4,051113E-2 2,013264E-1
7,757750E0 4,070939E-2 2,023767E-1
7,799458E0 4,077678E-2 2,033479E-1
7,841167E0 4,094169E-2 2,042821E-1
7,882875E0 4,107675E-2 2,051119E-1
7,924583E0 4,123894E-2 2,059736E-1
7,966292E0 4,145556E-2 2,069387E-1
8,008000E0 4,162583E-2 2,080240E-1
8,049708E0 4,180829E-2 2,092020E-1
8,091417E0 4,206442E-2 2,103360E-1
8,133125E0 4,226259E-2 2,113695E-1
8,174833E0 4,259159E-2 2,123329E-1
8,216542E0 4,282422E-2 2,132392E-1
8,258250E0 4,302508E-2 2,142656E-1
8,299958E0 4,326308E-2 2,152172E-1
8,341667E0 4,353933E-2 2,161058E-1
8,383375E0 4,377602E-2 2,170873E-1
8,425083E0 4,401074E-2 2,181741E-1
8,466792E0 4,426240E-2 2,193095E-1
8,508500E0 4,453129E-2 2,204479E-1
8,550208E0 4,482733E-2 2,215960E-1
8,591917E0 4,509465E-2 2,228482E-1
8,633625E0 4,542675E-2 2,241318E-1
8,675333E0 4,577877E-2 2,253829E-1
8,717042E0 4,614203E-2 2,263899E-1
8,758750E0 4,648284E-2 2,271915E-1
8,800458E0 4,677610E-2 2,277170E-1
8,842167E0 4,705770E-2 2,281665E-1
8,883875E0 4,735965E-2 2,287251E-1
8,925583E0 4,768993E-2 2,294531E-1
8,967292E0 4,796885E-2 2,303222E-1
9,009000E0 4,824859E-2 2,312167E-1
9,050708E0 4,856854E-2 2,321973E-1
9,092417E0 4,890914E-2 2,332684E-1
9,134125E0 4,928377E-2 2,344119E-1
9,175833E0 4,966908E-2 2,355374E-1
9,217542E0 5,002395E-2 2,364865E-1
9,259250E0 5,042343E-2 2,372063E-1
9,300958E0 5,083641E-2 2,382231E-1
9,342667E0 5,107631E-2 2,387722E-1
9,384375E0 5,133523E-2 2,393547E-1
9,426083E0 5,166874E-2 2,400341E-1
9,467792E0 5,196630E-2 2,409460E-1
9,509500E0 5,218347E-2 2,420171E-1
9,551208E0 5,236415E-2 2,432444E-1
9,592917E0 5,262520E-2 2,445557E-1
9,634625E0 5,288752E-2 2,458788E-1
9,676333E0 5,305085E-2 2,469848E-1
9,718042E0 5,319078E-2 2,480266E-1
9,759750E0 5,335237E-2 2,488010E-1
9,801458E0 5,347171E-2 2,493014E-1
9,843167E0 5,357480E-2 2,497292E-1
9,884875E0 5,366292E-2 2,502012E-1
9,926583E0 5,381086E-2 2,509122E-1
9,968292E0 5,384676E-2 2,517916E-1
1,001000E1 5,384027E-2 2,528054E-1
1,005171E1 5,387812E-2 2,539021E-1
1,009342E1 5,386825E-2 2,550505E-1
1,013512E1 5,379237E-2 2,562980E-1
1,017683E1 5,360306E-2 2,576502E-1
1,021854E1 5,327917E-2 2,588935E-1
1,026025E1 5,302044E-2 2,599109E-1
1,030196E1 5,281940E-2 2,605557E-1
1,034367E1 5,253769E-2 2,609048E-1
1,038537E1 5,224129E-2 2,612122E-1
1,042708E1 5,199891E-2 2,615829E-1
1,046879E1 5,168708E-2 2,622630E-1
1,051050E1 5,143054E-2 2,631787E-1
1,055221E1 5,106325E-2 2,642769E-1
1,059392E1 5,078909E-2 2,654904E-1
1,063562E1 5,050837E-2 2,666248E-1
1,067733E1 5,015124E-2 2,678353E-1
1,071904E1 4,975158E-2 2,688219E-1
1,076075E1 4,942656E-2 2,698520E-1
1,080246E1 4,899501E-2 2,705860E-1
1,084417E1 4,870678E-2 2,713043E-1
1,088587E1 4,827017E-2 2,721185E-1
1,092758E1 4,779813E-2 2,730115E-1
1,096929E1 4,741309E-2 2,739731E-1
1,101100E1 4,695832E-2 2,748579E-1
1,105271E1 4,655568E-2 2,759407E-1
1,109442E1 4,612617E-2 2,770618E-1
1,113612E1 4,579745E-2 2,780562E-1
1,117783E1 4,533508E-2 2,790399E-1
1,121954E1 4,495996E-2 2,799953E-1
1,126125E1 4,459786E-2 2,809806E-1
1,130296E1 4,418125E-2 2,820512E-1
1,134467E1 4,382411E-2 2,831851E-1
1,138637E1 4,343732E-2 2,843652E-1
1,142808E1 4,310044E-2 2,855063E-1
1,146979E1 4,282144E-2 2,865656E-1
1,151150E1 4,248593E-2 2,874603E-1
1,155321E1 4,218802E-2 2,882912E-1
1,159492E1 4,190939E-2 2,890619E-1
1,163662E1 4,163019E-2 2,899659E-1
1,167833E1 4,141827E-2 2,910001E-1
1,172004E1 4,125216E-2 2,922287E-1
1,176175E1 4,106792E-2 2,934788E-1
1,180346E1 4,103533E-2 2,947661E-1
1,184517E1 4,090061E-2 2,958142E-1
1,188687E1 4,090111E-2 2,966925E-1
1,192858E1 4,089759E-2 2,973496E-1
1,197029E1 4,091784E-2 2,978785E-1
1,201200E1 4,091314E-2 2,983563E-1
1,205371E1 4,095190E-2 2,989717E-1
1,209542E1 4,103197E-2 2,996026E-1
1,213712E1 4,110773E-2 3,003689E-1
1,217883E1 4,126863E-2 3,014656E-1
1,222054E1 4,150147E-2 3,026013E-1
1,226225E1 4,175810E-2 3,039795E-1
1,230396E1 4,214954E-2 3,053251E-1
1,234567E1 4,256893E-2 3,064382E-1
1,238737E1 4,294727E-2 3,072539E-1
1,242908E1 4,335230E-2 3,077999E-1
1,247079E1 4,371195E-2 3,082525E-1
1,251250E1 4,413531E-2 3,087822E-1
1,255421E1 4,452620E-2 3,095382E-1
1,259592E1 4,494588E-2 3,106447E-1
1,263762E1 4,546402E-2 3,118931E-1
1,267933E1 4,603931E-2 3,134077E-1
1,272104E1 4,692411E-2 3,148497E-1
1,276275E1 4,778142E-2 3,160284E-1
1,280446E1 4,862309E-2 3,169266E-1
1,284617E1 4,945459E-2 3,172864E-1
1,288787E1 5,027397E-2 3,174958E-1
1,292958E1 5,107726E-2 3,176731E-1
1,297129E1 5,192888E-2 3,183413E-1
1,301300E1 5,269778E-2 3,194374E-1
1,305471E1 5,348670E-2 3,209608E-1
1,309642E1 5,434924E-2 3,223605E-1
1,313812E1 5,515238E-2 3,239187E-1
1,317983E1 5,560638E-2 3,250407E-1
1,322154E1 5,609286E-2 3,259587E-1
1,326325E1 5,663642E-2 3,264680E-1
1,330496E1 5,717017E-2 3,268350E-1
1,334667E1 5,761703E-2 3,271489E-1
1,338837E1 5,805956E-2 3,277267E-1
1,343008E1 5,845606E-2 3,286585E-1
1,347179E1 5,835620E-2 3,296863E-1
1,351350E1 5,816716E-2 3,308565E-1
1,355521E1 5,798801E-2 3,321788E-1
1,359692E1 5,767786E-2 3,332309E-1
1,363862E1 5,735274E-2 3,348756E-1
1,368033E1 5,686054E-2 3,355729E-1
1,372204E1 5,677185E-2 3,358674E-1
1,376375E1 5,648246E-2 3,364358E-1
1,380546E1 5,620152E-2 3,372059E-1
1,384717E1 5,578879E-2 3,382112E-1
1,388887E1 5,548767E-2 3,393500E-1
1,393058E1 5,522865E-2 3,405298E-1
1,397229E1 5,476703E-2 3,417146E-1
1,401400E1 5,429406E-2 3,427951E-1
1,405571E1 5,387614E-2 3,438018E-1
1,409742E1 5,335200E-2 3,448042E-1
1,413912E1 5,280137E-2 3,456567E-1
1,418083E1 5,237899E-2 3,464735E-1
1,422254E1 5,190533E-2 3,471784E-1
1,426425E1 5,138994E-2 3,479968E-1
1,430596E1 5,092616E-2 3,491012E-1
1,434767E1 5,032659E-2 3,504648E-1
1,438937E1 4,978878E-2 3,520333E-1
1,443108E1 4,920096E-2 3,534461E-1
1,447279E1 4,866269E-2 3,544116E-1
1,451450E1 4,808338E-2 3,552317E-1
1,455621E1 4,748859E-2 3,558729E-1
1,459792E1 4,698989E-2 3,567381E-1
1,463962E1 4,651528E-2 3,577916E-1
1,468133E1 4,604630E-2 3,592411E-1
1,472304E1 4,558378E-2 3,606847E-1
1,476475E1 4,511278E-2 3,619871E-1
1,480646E1 4,462704E-2 3,630680E-1
1,484817E1 4,420468E-2 3,638677E-1
1,488987E1 4,378869E-2 3,644036E-1
1,493158E1 4,340477E-2 3,649482E-1
1,497329E1 4,301353E-2 3,655982E-1
1,501500E1 4,268558E-2 3,665416E-1
1,505671E1 4,239621E-2 3,676836E-1
1,509842E1 4,219058E-2 3,688623E-1
1,514012E1 4,193436E-2 3,697512E-1
1,518183E1 4,174735E-2 3,704198E-1
1,522354E1 4,164591E-2 3,712281E-1
1,526525E1 4,156238E-2 3,720176E-1
1,530696E1 4,156538E-2 3,729954E-1
1,534867E1 4,156041E-2 3,740667E-1
1,539037E1 4,159508E-2 3,751390E-1
1,543208E1 4,173841E-2 3,761386E-1
1,547379E1 4,194434E-2 3,773095E-1
1,551550E1 4,214949E-2 3,783178E-1
1,555721E1 4,237957E-2 3,790757E-1
1,559892E1 4,266910E-2 3,799236E-1
1,564062E1 4,299265E-2 3,808762E-1
1,568233E1 4,334564E-2 3,820246E-1
1,572404E1 4,363677E-2 3,831045E-1
1,576575E1 4,405686E-2 3,840556E-1
1,580746E1 4,451598E-2 3,850732E-1
1,584917E1 4,497575E-2 3,859431E-1
1,589087E1 4,553542E-2 3,868326E-1
1,593258E1 4,627813E-2 3,878793E-1
1,597429E1 4,697474E-2 3,890273E-1
1,601600E1 4,771195E-2 3,901571E-1
1,605771E1 4,846082E-2 3,913264E-1
1,609942E1 4,915383E-2 3,923188E-1
1,614112E1 4,990360E-2 3,932625E-1
1,618283E1 5,072162E-2 3,939970E-1
1,622454E1 5,152930E-2 3,947930E-1
1,626625E1 5,217258E-2 3,957395E-1
1,630796E1 5,285974E-2 3,968486E-1
1,634967E1 5,346164E-2 3,978637E-1
1,639137E1 5,415211E-2 3,987165E-1
1,643308E1 5,478072E-2 3,995798E-1
1,647479E1 5,542593E-2 4,007026E-1
1,651650E1 5,604895E-2 4,017450E-1
1,655821E1 5,666454E-2 4,025532E-1
1,659992E1 5,728161E-2 4,032164E-1
1,664162E1 5,787549E-2 4,040194E-1
1,668333E1 5,843527E-2 4,050544E-1
1,672504E1 5,890340E-2 4,062461E-1
1,676675E1 5,932204E-2 4,073291E-1
1,680846E1 5,968987E-2 4,086095E-1
1,685017E1 5,998967E-2 4,100330E-1
1,689187E1 5,998228E-2 4,109956E-1
1,693358E1 5,978186E-2 4,118690E-1
1,697529E1 5,956204E-2 4,127411E-1
1,701700E1 5,928552E-2 4,135938E-1
1,705871E1 5,904339E-2 4,145812E-1
1,710042E1 5,866822E-2 4,157312E-1
1,714212E1 5,827768E-2 4,168523E-1
1,718383E1 5,787616E-2 4,180657E-1
1,722554E1 5,731584E-2 4,192282E-1
1,726725E1 5,677037E-2 4,203503E-1
1,730896E1 5,615513E-2 4,215341E-1
1,735067E1 5,549010E-2 4,226613E-1
1,739237E1 5,482406E-2 4,237996E-1
1,743408E1 5,404030E-2 4,248688E-1
1,747579E1 5,323301E-2 4,261447E-1
1,751750E1 5,238154E-2 4,275621E-1
1,755921E1 5,150450E-2 4,288085E-1
1,760092E1 5,058250E-2 4,299859E-1
1,764262E1 4,965759E-2 4,311316E-1
1,768433E1 4,876126E-2 4,322655E-1
1,772604E1 4,785415E-2 4,331677E-1
1,776775E1 4,698346E-2 4,339277E-1
1,780946E1 4,620697E-2 4,346921E-1
1,785117E1 4,546230E-2 4,353322E-1
1,789287E1 4,473749E-2 4,359285E-1
1,793458E1 4,397502E-2 4,366855E-1
1,797629E1 4,327632E-2 4,374787E-1
1,801800E1 4,270928E-2 4,382580E-1
1,805971E1 4,211312E-2 4,390398E-1
1,810142E1 4,159711E-2 4,398930E-1
1,814312E1 4,116875E-2 4,406962E-1
1,818483E1 4,086733E-2 4,415455E-1
1,822654E1 4,063937E-2 4,423928E-1
1,826825E1 4,050234E-2 4,432158E-1
1,830996E1 4,038502E-2 4,440083E-1
1,835167E1 4,034436E-2 4,450653E-1
1,839337E1 4,041923E-2 4,462616E-1
1,843508E1 4,061589E-2 4,473123E-1
1,847679E1 4,078490E-2 4,482833E-1
1,851850E1 4,101214E-2 4,491465E-1
1,856021E1 4,140933E-2 4,498584E-1
1,860192E1 4,178975E-2 4,506024E-1
1,864362E1 4,240739E-2 4,514191E-1
1,868533E1 4,299115E-2 4,524122E-1
1,872704E1 4,365832E-2 4,534326E-1
1,876875E1 4,439341E-2 4,543300E-1
1,881046E1 4,509786E-2 4,551088E-1
1,885217E1 4,530440E-2 4,555284E-1
1,889387E1 4,581590E-2 4,568437E-1
1,893558E1 4,698505E-2 4,577936E-1
1,897729E1 4,864865E-2 4,585266E-1
1,901900E1 4,960747E-2 4,594012E-1
1,906071E1 5,065304E-2 4,603353E-1
1,910242E1 5,166188E-2 4,611011E-1
1,914412E1 5,269508E-2 4,620421E-1
1,918583E1 5,375272E-2 4,630015E-1
1,922754E1 5,482312E-2 4,639595E-1
1,926925E1 5,581442E-2 4,647762E-1
1,931096E1 5,680488E-2 4,655788E-1
1,935267E1 5,775141E-2 4,665029E-1
1,939437E1 5,856037E-2 4,673443E-1
1,943608E1 5,938989E-2 4,682203E-1
1,947779E1 6,016634E-2 4,691633E-1
1,951950E1 6,087447E-2 4,702244E-1
1,956121E1 6,144512E-2 4,712850E-1
1,960292E1 6,136551E-2 4,719654E-1
1,964462E1 6,126456E-2 4,729079E-1
1,968633E1 6,141011E-2 4,741051E-1
1,972804E1 6,159899E-2 4,750848E-1
