 masa A  
t x y 
1,042708E0 1,845901E-2 1,518613E-2
1,084417E0 1,883130E-2 1,695983E-2
1,126125E0 1,910525E-2 2,036411E-2
1,167833E0 1,938577E-2 2,626414E-2
1,209542E0 1,941042E-2 3,101335E-2
1,251250E0 1,947104E-2 3,514024E-2
1,292958E0 1,959516E-2 3,786797E-2
1,334667E0 1,982423E-2 3,992335E-2
1,376375E0 2,017942E-2 4,214402E-2
1,418083E0 2,055286E-2 4,478511E-2
1,459792E0 2,108141E-2 4,814689E-2
1,501500E0 2,186803E-2 5,196445E-2
1,543208E0 2,288542E-2 5,526420E-2
1,584917E0 2,407671E-2 5,837521E-2
1,626625E0 2,523124E-2 6,104941E-2
1,668333E0 2,645699E-2 6,350972E-2
1,710042E0 2,770923E-2 6,588990E-2
1,751750E0 2,898553E-2 6,859880E-2
1,793458E0 3,019217E-2 7,150975E-2
1,835167E0 3,134292E-2 7,451393E-2
1,876875E0 3,233704E-2 7,779925E-2
1,918583E0 3,321928E-2 8,158062E-2
1,960292E0 3,382925E-2 8,505980E-2
2,002000E0 3,427141E-2 8,879843E-2
2,043708E0 3,451481E-2 9,233000E-2
2,085417E0 3,454788E-2 9,573793E-2
2,127125E0 3,449316E-2 9,911174E-2
2,168833E0 3,424159E-2 1,023075E-1
2,210542E0 3,401212E-2 1,053625E-1
2,252250E0 3,367820E-2 1,083542E-1
2,293958E0 3,359973E-2 1,116373E-1
2,335667E0 3,355153E-2 1,145015E-1
2,377375E0 3,362881E-2 1,175156E-1
2,419083E0 3,387843E-2 1,202632E-1
2,460792E0 3,413885E-2 1,229890E-1
2,502500E0 3,467523E-2 1,260207E-1
2,544208E0 3,532437E-2 1,293652E-1
2,585917E0 3,615110E-2 1,329751E-1
2,627625E0 3,702832E-2 1,364254E-1
2,669333E0 3,793931E-2 1,393852E-1
2,711042E0 3,886292E-2 1,420023E-1
2,752750E0 3,982021E-2 1,447441E-1
2,794458E0 4,071216E-2 1,477881E-1
2,836167E0 4,146770E-2 1,512196E-1
2,877875E0 4,247585E-2 1,555629E-1
2,919583E0 4,380142E-2 1,600301E-1
2,961292E0 4,495385E-2 1,642045E-1
3,003000E0 4,604949E-2 1,676200E-1
3,044708E0 4,689128E-2 1,703693E-1
3,086417E0 4,774210E-2 1,726865E-1
3,128125E0 4,834519E-2 1,747563E-1
3,169833E0 4,893452E-2 1,770050E-1
3,211542E0 4,938578E-2 1,795918E-1
3,253250E0 4,969857E-2 1,828076E-1
3,294958E0 4,990948E-2 1,863356E-1
3,336667E0 4,994357E-2 1,896187E-1
3,378375E0 4,994956E-2 1,930134E-1
3,420083E0 4,994549E-2 1,965440E-1
3,461792E0 4,980545E-2 2,001150E-1
3,503500E0 4,980316E-2 2,038421E-1
3,545208E0 4,980401E-2 2,072896E-1
3,586917E0 4,982915E-2 2,100521E-1
3,628625E0 4,995186E-2 2,120925E-1
3,670333E0 5,005419E-2 2,139677E-1
3,712042E0 5,031816E-2 2,164015E-1
3,753750E0 5,068525E-2 2,197752E-1
3,795458E0 5,110224E-2 2,235634E-1
3,837167E0 5,168533E-2 2,277231E-1
3,878875E0 5,244857E-2 2,318268E-1
3,920583E0 5,332818E-2 2,354330E-1
3,962292E0 5,418831E-2 2,385904E-1
4,004000E0 5,515431E-2 2,415681E-1
4,045708E0 5,598812E-2 2,445069E-1
4,087417E0 5,668469E-2 2,471989E-1
4,129125E0 5,724204E-2 2,499528E-1
4,170833E0 5,768511E-2 2,526990E-1
4,212542E0 5,803782E-2 2,553487E-1
4,254250E0 5,819557E-2 2,581022E-1
4,295958E0 5,817796E-2 2,610334E-1
4,337667E0 5,795891E-2 2,645736E-1
4,379375E0 5,757872E-2 2,687027E-1
4,421083E0 5,699436E-2 2,726724E-1
4,462792E0 5,628722E-2 2,770038E-1
4,504500E0 5,547181E-2 2,804439E-1
4,546208E0 5,457224E-2 2,829893E-1
4,587917E0 5,367981E-2 2,853245E-1
4,629625E0 5,286100E-2 2,878697E-1
4,671333E0 5,209791E-2 2,909375E-1
4,713042E0 5,148210E-2 2,946433E-1
4,754750E0 5,075819E-2 2,988824E-1
4,796458E0 5,024015E-2 3,029488E-1
4,838167E0 4,967882E-2 3,066370E-1
4,879875E0 4,934798E-2 3,099384E-1
4,921583E0 4,904550E-2 3,131439E-1
4,963292E0 4,889341E-2 3,162148E-1
5,005000E0 4,887031E-2 3,193378E-1
5,046708E0 4,899287E-2 3,221069E-1
5,088417E0 4,920796E-2 3,249798E-1
5,130125E0 4,960726E-2 3,279430E-1
5,171833E0 5,012741E-2 3,311186E-1
5,213542E0 5,078658E-2 3,343493E-1
5,255250E0 5,188379E-2 3,384306E-1
5,296958E0 5,314915E-2 3,420539E-1
5,338667E0 5,458541E-2 3,456208E-1
5,380375E0 5,609009E-2 3,487545E-1
5,422083E0 5,759226E-2 3,513716E-1
5,463792E0 5,914762E-2 3,545416E-1
5,505500E0 5,989393E-2 3,569528E-1
5,547208E0 5,920406E-2 3,591486E-1
5,588917E0 5,825057E-2 3,636619E-1
5,630625E0 5,722683E-2 3,680018E-1
5,672333E0 5,589286E-2 3,723375E-1
5,714042E0 5,435632E-2 3,761734E-1
5,755750E0 5,264734E-2 3,788965E-1
5,797458E0 5,097178E-2 3,811201E-1
5,839167E0 4,944287E-2 3,839528E-1
5,880875E0 4,773991E-2 3,877494E-1
5,922583E0 4,605842E-2 3,916766E-1
5,964292E0 4,445150E-2 3,948535E-1
6,006000E0 4,287099E-2 3,973277E-1
6,047708E0 4,137835E-2 4,002195E-1
6,089417E0 4,010208E-2 4,038315E-1
6,131125E0 3,902545E-2 4,076177E-1
6,172833E0 3,806578E-2 4,108256E-1
6,214542E0 3,729593E-2 4,141755E-1
6,256250E0 3,695342E-2 4,181636E-1
6,297958E0 3,692968E-2 4,220096E-1
6,339667E0 3,719498E-2 4,260509E-1
6,381375E0 3,778029E-2 4,297491E-1
6,423083E0 3,861610E-2 4,328516E-1
6,464792E0 3,984498E-2 4,357835E-1
6,506500E0 4,100154E-2 4,386425E-1
6,548208E0 4,255475E-2 4,416631E-1
6,589917E0 4,402146E-2 4,449880E-1
6,631625E0 4,570610E-2 4,482136E-1
6,673333E0 4,730412E-2 4,509619E-1
6,715042E0 4,894945E-2 4,533183E-1
6,756750E0 4,972708E-2 4,551017E-1
6,798458E0 5,137749E-2 4,575773E-1
6,840167E0 5,286286E-2 4,607131E-1
6,881875E0 5,368807E-2 4,646740E-1
6,923583E0 5,484336E-2 4,681399E-1
6,965292E0 5,500840E-2 4,692952E-1
7,007000E0 5,500840E-2 4,721009E-1
7,048708E0 5,467831E-2 4,762269E-1
