 masa A  
t x y 
1,668333E-1 3,331917E-2 1,292554E-2
2,085417E-1 3,358403E-2 1,497264E-2
2,502500E-1 3,380976E-2 1,901501E-2
2,919583E-1 3,411571E-2 2,540118E-2
3,336667E-1 3,446917E-2 3,354285E-2
3,753750E-1 3,473577E-2 4,113415E-2
4,170833E-1 3,487610E-2 4,693246E-2
4,587917E-1 3,491940E-2 5,221617E-2
5,005000E-1 3,504963E-2 5,703835E-2
5,422083E-1 3,519672E-2 6,227010E-2
5,839167E-1 3,540066E-2 6,865644E-2
6,256250E-1 3,546929E-2 7,600113E-2
6,673333E-1 3,550326E-2 8,334916E-2
7,090417E-1 3,568973E-2 8,981925E-2
7,507500E-1 3,592675E-2 9,522089E-2
7,924583E-1 3,608980E-2 1,004617E-1
8,341667E-1 3,617018E-2 1,063643E-1
8,758750E-1 3,610096E-2 1,132022E-1
9,175833E-1 3,597232E-2 1,203254E-1
9,592917E-1 3,584838E-2 1,264593E-1
1,001000E0 3,586390E-2 1,313239E-1
1,042708E0 3,598637E-2 1,362753E-1
1,084417E0 3,628228E-2 1,422183E-1
1,126125E0 3,683379E-2 1,494607E-1
1,167833E0 3,770097E-2 1,566063E-1
1,209542E0 3,864971E-2 1,626307E-1
1,251250E0 3,956723E-2 1,677971E-1
1,292958E0 4,031610E-2 1,730080E-1
1,334667E0 4,077538E-2 1,792255E-1
1,376375E0 4,084595E-2 1,862104E-1
1,418083E0 4,035258E-2 1,927764E-1
1,459792E0 3,941354E-2 1,980990E-1
1,501500E0 3,814042E-2 2,028405E-1
1,543208E0 3,657467E-2 2,083082E-1
1,584917E0 3,462469E-2 2,148153E-1
1,626625E0 3,243624E-2 2,221251E-1
1,668333E0 3,025758E-2 2,289384E-1
1,710042E0 2,851661E-2 2,347513E-1
1,751750E0 2,745159E-2 2,401471E-1
1,793458E0 2,736672E-2 2,459959E-1
1,835167E0 2,839274E-2 2,525191E-1
1,876875E0 3,067060E-2 2,592723E-1
1,918583E0 3,368957E-2 2,650673E-1
1,960292E0 3,699844E-2 2,702395E-1
2,002000E0 4,034765E-2 2,756820E-1
2,043708E0 4,331380E-2 2,820364E-1
2,085417E0 4,541234E-2 2,890416E-1
2,127125E0 4,685644E-2 2,945245E-1
2,168833E0 4,723838E-2 2,996877E-1
2,210542E0 4,655926E-2 3,054328E-1
2,252250E0 4,489455E-2 3,119899E-1
2,293958E0 4,230116E-2 3,185389E-1
2,335667E0 3,906898E-2 3,251360E-1
2,377375E0 3,638428E-2 3,312963E-1
2,419083E0 3,409250E-2 3,371102E-1
2,460792E0 3,268846E-2 3,427040E-1
2,502500E0 3,239283E-2 3,485427E-1
2,544208E0 3,312161E-2 3,549121E-1
2,585917E0 3,511998E-2 3,616996E-1
2,627625E0 3,780012E-2 3,686606E-1
2,669333E0 4,041869E-2 3,749395E-1
2,711042E0 4,282762E-2 3,808674E-1
2,752750E0 4,467857E-2 3,872209E-1
2,794458E0 4,564863E-2 3,938057E-1
2,836167E0 4,591291E-2 4,000405E-1
2,877875E0 4,568732E-2 4,053217E-1
2,919583E0 4,510970E-2 4,106865E-1
2,961292E0 4,427848E-2 4,165394E-1
3,003000E0 4,334418E-2 4,230104E-1
3,044708E0 4,243200E-2 4,303806E-1
3,086417E0 4,159570E-2 4,372478E-1
3,128125E0 4,096769E-2 4,429920E-1
3,169833E0 4,071230E-2 4,481969E-1
3,211542E0 4,087354E-2 4,538155E-1
3,253250E0 4,150119E-2 4,607107E-1
3,294958E0 4,270386E-2 4,681238E-1
3,336667E0 4,427076E-2 4,748400E-1
3,378375E0 4,589542E-2 4,793007E-1
3,420083E0 4,703353E-2 4,817077E-1
