 masa A  
t x y 
4,170833E-1 1,617894E-2 1,470827E-2
4,587917E-1 1,620252E-2 1,791199E-2
5,005000E-1 1,611333E-2 2,264626E-2
5,422083E-1 1,598051E-2 2,742180E-2
5,839167E-1 1,578300E-2 3,110377E-2
6,256250E-1 1,567992E-2 3,325893E-2
6,673333E-1 1,557109E-2 3,477743E-2
7,090417E-1 1,559495E-2 3,659114E-2
7,507500E-1 1,576383E-2 3,955279E-2
7,924583E-1 1,605739E-2 4,333909E-2
8,341667E-1 1,635933E-2 4,714699E-2
8,758750E-1 1,669810E-2 5,064847E-2
9,175833E-1 1,716335E-2 5,386380E-2
9,592917E-1 1,769056E-2 5,719997E-2
1,001000E0 1,825050E-2 6,061769E-2
1,042708E0 1,892735E-2 6,417439E-2
1,084417E0 1,950948E-2 6,802885E-2
1,126125E0 2,014745E-2 7,187771E-2
1,167833E0 2,083145E-2 7,528724E-2
1,209542E0 2,143773E-2 7,848955E-2
1,251250E0 2,198565E-2 8,119329E-2
1,292958E0 2,251506E-2 8,358444E-2
1,334667E0 2,304732E-2 8,587386E-2
1,376375E0 2,344213E-2 8,835334E-2
1,418083E0 2,377409E-2 9,147555E-2
1,459792E0 2,391601E-2 9,496835E-2
1,501500E0 2,394258E-2 9,843976E-2
1,543208E0 2,379461E-2 1,016421E-1
1,584917E0 2,344112E-2 1,047094E-1
1,626625E0 2,306863E-2 1,076350E-1
1,668333E0 2,260936E-2 1,107863E-1
1,710042E0 2,219182E-2 1,140992E-1
1,751750E0 2,176674E-2 1,173042E-1
1,793458E0 2,133784E-2 1,206093E-1
1,835167E0 2,105505E-2 1,239423E-1
1,876875E0 2,096329E-2 1,273247E-1
1,918583E0 2,095735E-2 1,307147E-1
1,960292E0 2,114373E-2 1,341127E-1
2,002000E0 2,159484E-2 1,376992E-1
2,043708E0 2,230627E-2 1,412472E-1
2,085417E0 2,316759E-2 1,448471E-1
2,127125E0 2,429764E-2 1,483279E-1
2,168833E0 2,541356E-2 1,513034E-1
2,210542E0 2,666131E-2 1,535076E-1
2,252250E0 2,784765E-2 1,554190E-1
2,293958E0 2,906912E-2 1,577676E-1
2,335667E0 3,031616E-2 1,608483E-1
2,377375E0 3,155059E-2 1,646905E-1
2,419083E0 3,262629E-2 1,681801E-1
2,460792E0 3,370733E-2 1,715695E-1
2,502500E0 3,461332E-2 1,748151E-1
2,544208E0 3,538251E-2 1,782420E-1
2,585917E0 3,607815E-2 1,816484E-1
2,627625E0 3,664417E-2 1,850081E-1
2,669333E0 3,702195E-2 1,880581E-1
2,711042E0 3,747223E-2 1,912203E-1
2,752750E0 3,760699E-2 1,944565E-1
2,794458E0 3,773159E-2 1,980699E-1
2,836167E0 3,787990E-2 2,015074E-1
2,877875E0 3,799440E-2 2,049282E-1
2,919583E0 3,801073E-2 2,082926E-1
2,961292E0 3,801999E-2 2,118075E-1
3,003000E0 3,803262E-2 2,154490E-1
3,044708E0 3,790262E-2 2,189650E-1
3,086417E0 3,779726E-2 2,221239E-1
3,128125E0 3,767297E-2 2,245504E-1
3,169833E0 3,750790E-2 2,266706E-1
3,211542E0 3,742597E-2 2,290679E-1
3,253250E0 3,730666E-2 2,321455E-1
3,294958E0 3,714001E-2 2,355801E-1
3,336667E0 3,700302E-2 2,390431E-1
3,378375E0 3,676505E-2 2,425083E-1
3,420083E0 3,653425E-2 2,458875E-1
3,461792E0 3,624349E-2 2,493883E-1
3,503500E0 3,596585E-2 2,530706E-1
3,545208E0 3,562694E-2 2,566720E-1
3,586917E0 3,528762E-2 2,597828E-1
3,628625E0 3,489955E-2 2,627824E-1
3,670333E0 3,456694E-2 2,658255E-1
3,712042E0 3,425097E-2 2,693560E-1
3,753750E0 3,394708E-2 2,728723E-1
3,795458E0 3,372712E-2 2,761777E-1
3,837167E0 3,355572E-2 2,794385E-1
3,878875E0 3,342455E-2 2,826970E-1
3,920583E0 3,343175E-2 2,863550E-1
3,962292E0 3,358931E-2 2,899568E-1
4,004000E0 3,381325E-2 2,930951E-1
4,045708E0 3,400858E-2 2,955407E-1
4,087417E0 3,438564E-2 2,974475E-1
4,129125E0 3,482160E-2 2,997681E-1
4,170833E0 3,541446E-2 3,030048E-1
4,212542E0 3,600382E-2 3,069027E-1
4,254250E0 3,658628E-2 3,107002E-1
4,295958E0 3,739340E-2 3,143790E-1
4,337667E0 3,803324E-2 3,176964E-1
4,379375E0 3,866150E-2 3,209280E-1
4,421083E0 3,938638E-2 3,246149E-1
4,462792E0 3,992090E-2 3,279808E-1
4,504500E0 4,041285E-2 3,312654E-1
4,546208E0 4,055495E-2 3,343263E-1
4,587917E0 4,068755E-2 3,373719E-1
4,629625E0 4,062638E-2 3,408076E-1
4,671333E0 4,027140E-2 3,442831E-1
4,713042E0 3,979708E-2 3,474313E-1
4,754750E0 3,920480E-2 3,504721E-1
4,796458E0 3,840535E-2 3,538101E-1
4,838167E0 3,740983E-2 3,574852E-1
4,879875E0 3,634725E-2 3,613023E-1
4,921583E0 3,512284E-2 3,645063E-1
4,963292E0 3,386231E-2 3,668718E-1
5,005000E0 3,269787E-2 3,689099E-1
5,046708E0 3,166089E-2 3,717490E-1
5,088417E0 3,067900E-2 3,753437E-1
5,130125E0 2,970086E-2 3,793317E-1
5,171833E0 2,891100E-2 3,830374E-1
5,213542E0 2,837385E-2 3,863622E-1
5,255250E0 2,784592E-2 3,897450E-1
5,296958E0 2,757404E-2 3,933945E-1
5,338667E0 2,743758E-2 3,970412E-1
5,380375E0 2,743290E-2 4,002242E-1
5,422083E0 2,762994E-2 4,030808E-1
5,463792E0 2,790659E-2 4,060562E-1
5,505500E0 2,837421E-2 4,091687E-1
5,547208E0 2,891287E-2 4,125532E-1
5,588917E0 2,966194E-2 4,156191E-1
5,630625E0 3,048071E-2 4,190907E-1
5,672333E0 3,134423E-2 4,230354E-1
5,714042E0 3,204268E-2 4,270526E-1
5,755750E0 3,280056E-2 4,309947E-1
5,797458E0 3,337523E-2 4,344385E-1
5,839167E0 3,389729E-2 4,369108E-1
5,880875E0 3,450737E-2 4,389480E-1
5,922583E0 3,506979E-2 4,413535E-1
5,964292E0 3,565323E-2 4,443314E-1
6,006000E0 3,606660E-2 4,479988E-1
6,047708E0 3,629415E-2 4,516688E-1
6,089417E0 3,658655E-2 4,553121E-1
6,131125E0 3,673670E-2 4,590216E-1
6,172833E0 3,677163E-2 4,623780E-1
6,214542E0 3,682601E-2 4,655769E-1
6,256250E0 3,682601E-2 4,691027E-1
6,297958E0 3,683936E-2 4,726755E-1
6,339667E0 3,725675E-2 4,758165E-1
6,381375E0 3,707070E-2 4,787595E-1
