 masa A  
t x y 
6,673333E-1 4,011061E-2 1,227034E-2
7,090417E-1 4,012656E-2 1,319846E-2
7,507500E-1 4,041995E-2 1,732283E-2
7,924583E-1 4,062617E-2 2,433446E-2
8,341667E-1 4,114173E-2 3,268654E-2
8,758750E-1 4,083240E-2 3,969816E-2
9,175833E-1 4,126756E-2 4,311232E-2
9,592917E-1 4,142344E-2 4,580269E-2
1,001000E0 4,161803E-2 4,801925E-2
1,042708E0 4,176565E-2 5,119830E-2
1,084417E0 4,165729E-2 5,671166E-2
1,126125E0 4,176040E-2 6,207349E-2
1,167833E0 4,171774E-2 6,722274E-2
1,209542E0 4,165705E-2 7,163402E-2
1,251250E0 4,149815E-2 7,556577E-2
1,292958E0 4,136319E-2 7,973185E-2
1,334667E0 4,115310E-2 8,408638E-2
1,376375E0 4,094296E-2 8,898029E-2
1,418083E0 4,072802E-2 9,437871E-2
1,459792E0 4,058176E-2 1,003033E-1
1,501500E0 4,050241E-2 1,055632E-1
1,543208E0 4,050801E-2 1,100510E-1
1,584917E0 4,051244E-2 1,137562E-1
1,626625E0 4,060773E-2 1,171631E-1
1,668333E0 4,085288E-2 1,212187E-1
1,710042E0 4,103695E-2 1,259823E-1
1,751750E0 4,141779E-2 1,305353E-1
1,793458E0 4,183361E-2 1,347668E-1
1,835167E0 4,242429E-2 1,392051E-1
1,876875E0 4,300740E-2 1,440977E-1
1,918583E0 4,376852E-2 1,489339E-1
1,960292E0 4,459464E-2 1,532487E-1
2,002000E0 4,530214E-2 1,572647E-1
2,043708E0 4,606209E-2 1,624351E-1
2,085417E0 4,666828E-2 1,682445E-1
2,127125E0 4,708934E-2 1,739432E-1
2,168833E0 4,731543E-2 1,787326E-1
2,210542E0 4,734723E-2 1,824717E-1
2,252250E0 4,720353E-2 1,859130E-1
2,293958E0 4,694773E-2 1,898054E-1
2,335667E0 4,647122E-2 1,941592E-1
2,377375E0 4,591655E-2 1,985887E-1
2,419083E0 4,524592E-2 2,029518E-1
2,460792E0 4,461205E-2 2,078280E-1
2,502500E0 4,394293E-2 2,132123E-1
2,544208E0 4,327971E-2 2,178101E-1
2,585917E0 4,276586E-2 2,219427E-1
2,627625E0 4,232777E-2 2,263141E-1
2,669333E0 4,211917E-2 2,315499E-1
2,711042E0 4,215464E-2 2,374338E-1
2,752750E0 4,253176E-2 2,434388E-1
2,794458E0 4,307332E-2 2,478997E-1
2,836167E0 4,372194E-2 2,514223E-1
2,877875E0 4,440216E-2 2,548911E-1
2,919583E0 4,519046E-2 2,591892E-1
2,961292E0 4,603735E-2 2,638908E-1
3,003000E0 4,701377E-2 2,684249E-1
3,044708E0 4,779475E-2 2,729584E-1
3,086417E0 4,859226E-2 2,777493E-1
3,128125E0 4,913831E-2 2,831448E-1
3,169833E0 4,956204E-2 2,879483E-1
3,211542E0 4,981439E-2 2,923090E-1
3,253250E0 4,968476E-2 2,972762E-1
3,294958E0 4,912801E-2 3,031984E-1
3,336667E0 4,819831E-2 3,090914E-1
3,378375E0 4,708235E-2 3,140025E-1
3,420083E0 4,575048E-2 3,179685E-1
3,461792E0 4,441410E-2 3,217367E-1
3,503500E0 4,291947E-2 3,256278E-1
3,545208E0 4,142873E-2 3,300300E-1
3,586917E0 3,991299E-2 3,343408E-1
3,628625E0 3,850442E-2 3,391708E-1
3,670333E0 3,711042E-2 3,444083E-1
3,712042E0 3,598791E-2 3,501092E-1
3,753750E0 3,501035E-2 3,554768E-1
3,795458E0 3,423322E-2 3,594488E-1
3,837167E0 3,385078E-2 3,636646E-1
3,878875E0 3,395177E-2 3,685392E-1
3,920583E0 3,435777E-2 3,745559E-1
3,962292E0 3,513307E-2 3,799464E-1
4,004000E0 3,623009E-2 3,846024E-1
4,045708E0 3,755913E-2 3,884909E-1
4,087417E0 3,883883E-2 3,926606E-1
4,129125E0 4,023308E-2 3,967789E-1
4,170833E0 4,152523E-2 4,008846E-1
4,212542E0 4,291901E-2 4,053866E-1
4,254250E0 4,402739E-2 4,100289E-1
4,295958E0 4,501142E-2 4,151179E-1
4,337667E0 4,556486E-2 4,206833E-1
4,379375E0 4,581444E-2 4,260141E-1
4,421083E0 4,590797E-2 4,307640E-1
4,462792E0 4,570219E-2 4,355011E-1
4,504500E0 4,514943E-2 4,403739E-1
4,546208E0 4,438768E-2 4,451735E-1
4,587917E0 4,365266E-2 4,497945E-1
4,629625E0 4,259824E-2 4,544701E-1
4,671333E0 4,146752E-2 4,594610E-1
