 masa A  
t x y 
1,126125E0 2,805800E-2 1,285992E-2
1,167833E0 2,816373E-2 1,375480E-2
1,209542E0 2,830805E-2 1,510872E-2
1,251250E0 2,844650E-2 1,657388E-2
1,292958E0 2,847597E-2 1,779551E-2
1,334667E0 2,857813E-2 1,872720E-2
1,376375E0 2,870226E-2 1,922578E-2
1,418083E0 2,871585E-2 1,965834E-2
1,459792E0 2,882193E-2 2,030534E-2
1,501500E0 2,892621E-2 2,116339E-2
1,543208E0 2,907400E-2 2,216498E-2
1,584917E0 2,915702E-2 2,332892E-2
1,626625E0 2,923892E-2 2,422127E-2
1,668333E0 2,932472E-2 2,493977E-2
1,710042E0 2,944910E-2 2,564449E-2
1,751750E0 2,948165E-2 2,639148E-2
1,793458E0 2,957754E-2 2,720960E-2
1,835167E0 2,961553E-2 2,812473E-2
1,876875E0 2,967159E-2 2,907540E-2
1,918583E0 2,980505E-2 2,983259E-2
1,960292E0 2,981270E-2 3,048703E-2
2,002000E0 2,987966E-2 3,109636E-2
2,043708E0 3,000185E-2 3,184509E-2
2,085417E0 3,008398E-2 3,260743E-2
2,127125E0 3,012368E-2 3,352185E-2
2,168833E0 3,014455E-2 3,444358E-2
2,210542E0 3,015842E-2 3,537530E-2
2,252250E0 3,019318E-2 3,621764E-2
2,293958E0 3,021090E-2 3,712187E-2
2,335667E0 3,017320E-2 3,809367E-2
2,377375E0 3,022497E-2 3,913145E-2
2,419083E0 3,025781E-2 4,031057E-2
2,460792E0 3,032261E-2 4,138605E-2
2,502500E0 3,031357E-2 4,240823E-2
2,544208E0 3,032261E-2 4,330802E-2
2,585917E0 3,032958E-2 4,418555E-2
2,627625E0 3,032660E-2 4,502197E-2
2,669333E0 3,030124E-2 4,599704E-2
2,711042E0 3,033407E-2 4,702523E-2
2,752750E0 3,034189E-2 4,815006E-2
2,794458E0 3,028091E-2 4,924617E-2
2,836167E0 3,030315E-2 5,027681E-2
2,877875E0 3,034721E-2 5,131134E-2
2,919583E0 3,020413E-2 5,236139E-2
2,961292E0 3,026900E-2 5,372400E-2
3,003000E0 3,023156E-2 5,492491E-2
3,044708E0 3,011369E-2 5,620553E-2
3,086417E0 3,006568E-2 5,737627E-2
3,128125E0 3,005651E-2 5,847004E-2
3,169833E0 2,999779E-2 5,942780E-2
3,211542E0 3,003053E-2 6,018145E-2
3,253250E0 3,002424E-2 6,081624E-2
3,294958E0 2,996240E-2 6,151728E-2
3,336667E0 3,004223E-2 6,243454E-2
3,378375E0 2,999066E-2 6,352182E-2
3,420083E0 3,006308E-2 6,453199E-2
3,461792E0 3,005893E-2 6,551084E-2
3,503500E0 3,011193E-2 6,638690E-2
3,545208E0 3,011189E-2 6,733572E-2
3,586917E0 3,019315E-2 6,838096E-2
3,628625E0 3,030505E-2 6,949641E-2
3,670333E0 3,036455E-2 7,049996E-2
3,712042E0 3,043538E-2 7,143605E-2
3,753750E0 3,062019E-2 7,236002E-2
3,795458E0 3,068563E-2 7,315770E-2
3,837167E0 3,083081E-2 7,395949E-2
3,878875E0 3,095368E-2 7,487072E-2
3,920583E0 3,107608E-2 7,577084E-2
3,962292E0 3,126127E-2 7,686092E-2
4,004000E0 3,145067E-2 7,803385E-2
4,045708E0 3,165094E-2 7,910084E-2
4,087417E0 3,180432E-2 8,007793E-2
4,129125E0 3,192422E-2 8,077896E-2
4,170833E0 3,212211E-2 8,160223E-2
4,212542E0 3,238611E-2 8,260192E-2
4,254250E0 3,252333E-2 8,369876E-2
4,295958E0 3,268693E-2 8,489733E-2
4,337667E0 3,300526E-2 8,586091E-2
4,379375E0 3,315486E-2 8,653769E-2
4,421083E0 3,330859E-2 8,720827E-2
4,462792E0 3,357080E-2 8,794445E-2
4,504500E0 3,380488E-2 8,887660E-2
4,546208E0 3,406842E-2 8,996217E-2
4,587917E0 3,427113E-2 9,086204E-2
4,629625E0 3,451439E-2 9,171127E-2
4,671333E0 3,464670E-2 9,246330E-2
4,713042E0 3,493311E-2 9,320919E-2
4,754750E0 3,516729E-2 9,404274E-2
4,796458E0 3,531170E-2 9,494195E-2
4,838167E0 3,553827E-2 9,578972E-2
4,879875E0 3,568136E-2 9,654308E-2
4,921583E0 3,588954E-2 9,731193E-2
4,963292E0 3,602553E-2 9,798338E-2
5,005000E0 3,621086E-2 9,879144E-2
5,046708E0 3,640438E-2 9,966596E-2
5,088417E0 3,653287E-2 1,005750E-1
5,130125E0 3,660864E-2 1,015119E-1
5,171833E0 3,677200E-2 1,025143E-1
5,213542E0 3,689657E-2 1,034402E-1
5,255250E0 3,696231E-2 1,043165E-1
5,296958E0 3,699603E-2 1,053247E-1
5,338667E0 3,714403E-2 1,062977E-1
5,380375E0 3,716523E-2 1,073093E-1
5,422083E0 3,720792E-2 1,083116E-1
5,463792E0 3,719928E-2 1,093129E-1
5,505500E0 3,713489E-2 1,103061E-1
5,547208E0 3,715736E-2 1,113026E-1
5,588917E0 3,708403E-2 1,123573E-1
5,630625E0 3,703908E-2 1,134387E-1
5,672333E0 3,698349E-2 1,145908E-1
5,714042E0 3,694050E-2 1,156367E-1
5,755750E0 3,679280E-2 1,167875E-1
5,797458E0 3,660296E-2 1,178410E-1
5,839167E0 3,642957E-2 1,190547E-1
5,880875E0 3,628707E-2 1,202778E-1
5,922583E0 3,605946E-2 1,214898E-1
5,964292E0 3,583870E-2 1,226626E-1
6,006000E0 3,555922E-2 1,237130E-1
6,047708E0 3,527920E-2 1,246501E-1
6,089417E0 3,502922E-2 1,256662E-1
6,131125E0 3,473483E-2 1,268737E-1
6,172833E0 3,440834E-2 1,280124E-1
6,214542E0 3,408712E-2 1,289468E-1
6,256250E0 3,368093E-2 1,295505E-1
6,297958E0 3,339804E-2 1,302175E-1
6,339667E0 3,300610E-2 1,312082E-1
6,381375E0 3,268441E-2 1,324219E-1
6,423083E0 3,230851E-2 1,336566E-1
6,464792E0 3,198387E-2 1,346344E-1
6,506500E0 3,161960E-2 1,355278E-1
6,548208E0 3,127114E-2 1,363953E-1
6,589917E0 3,094378E-2 1,373355E-1
6,631625E0 3,060513E-2 1,382348E-1
6,673333E0 3,031738E-2 1,390958E-1
6,715042E0 2,998901E-2 1,400209E-1
6,756750E0 2,969820E-2 1,409303E-1
6,798458E0 2,943408E-2 1,417826E-1
6,840167E0 2,916562E-2 1,426341E-1
6,881875E0 2,890048E-2 1,435339E-1
6,923583E0 2,862492E-2 1,444925E-1
6,965292E0 2,837272E-2 1,456133E-1
7,007000E0 2,811888E-2 1,467773E-1
7,048708E0 2,792276E-2 1,478965E-1
7,090417E0 2,771359E-2 1,488139E-1
7,132125E0 2,754058E-2 1,495469E-1
7,173833E0 2,734623E-2 1,502890E-1
7,215542E0 2,724491E-2 1,510424E-1
7,257250E0 2,703208E-2 1,519997E-1
7,298958E0 2,691751E-2 1,530988E-1
7,340667E0 2,679285E-2 1,541049E-1
7,382375E0 2,674888E-2 1,549466E-1
7,424083E0 2,666672E-2 1,556275E-1
7,465792E0 2,659471E-2 1,564466E-1
7,507500E0 2,657690E-2 1,573805E-1
7,549208E0 2,660366E-2 1,584405E-1
7,590917E0 2,664911E-2 1,594552E-1
7,632625E0 2,662882E-2 1,602853E-1
7,674333E0 2,672507E-2 1,609806E-1
7,716042E0 2,674870E-2 1,617281E-1
7,757750E0 2,689727E-2 1,624135E-1
7,799458E0 2,703019E-2 1,632610E-1
7,841167E0 2,714413E-2 1,642180E-1
7,882875E0 2,723471E-2 1,649170E-1
7,924583E0 2,739640E-2 1,655669E-1
7,966292E0 2,764061E-2 1,662952E-1
8,008000E0 2,784278E-2 1,671295E-1
8,049708E0 2,808204E-2 1,682439E-1
8,091417E0 2,823684E-2 1,693561E-1
8,133125E0 2,854115E-2 1,703680E-1
8,174833E0 2,877096E-2 1,712371E-1
8,216542E0 2,896276E-2 1,721840E-1
8,258250E0 2,917513E-2 1,731700E-1
8,299958E0 2,949689E-2 1,741478E-1
8,341667E0 2,973353E-2 1,751096E-1
8,383375E0 3,000513E-2 1,760155E-1
8,425083E0 3,035109E-2 1,769788E-1
8,466792E0 3,056958E-2 1,780568E-1
8,508500E0 3,088767E-2 1,791627E-1
8,550208E0 3,113519E-2 1,803427E-1
8,591917E0 3,139699E-2 1,813999E-1
8,633625E0 3,161237E-2 1,826244E-1
8,675333E0 3,181747E-2 1,838908E-1
8,717042E0 3,202510E-2 1,851024E-1
8,758750E0 3,225545E-2 1,862201E-1
8,800458E0 3,241367E-2 1,874446E-1
8,842167E0 3,255342E-2 1,885779E-1
8,883875E0 3,270216E-2 1,897775E-1
8,925583E0 3,281910E-2 1,908625E-1
8,967292E0 3,296185E-2 1,919604E-1
9,009000E0 3,302486E-2 1,929700E-1
9,050708E0 3,306728E-2 1,941321E-1
9,092417E0 3,307848E-2 1,953071E-1
9,134125E0 3,303649E-2 1,962597E-1
9,175833E0 3,306389E-2 1,969183E-1
9,217542E0 3,297301E-2 1,976501E-1
9,259250E0 3,299278E-2 1,986274E-1
9,300958E0 3,288978E-2 1,999174E-1
9,342667E0 3,278463E-2 2,010824E-1
9,384375E0 3,262122E-2 2,020327E-1
9,426083E0 3,250276E-2 2,027678E-1
9,467792E0 3,225539E-2 2,034890E-1
9,509500E0 3,199491E-2 2,043592E-1
9,551208E0 3,183145E-2 2,053331E-1
9,592917E0 3,160452E-2 2,062477E-1
9,634625E0 3,131338E-2 2,071559E-1
9,676333E0 3,098346E-2 2,080858E-1
9,718042E0 3,064535E-2 2,090343E-1
9,759750E0 3,035462E-2 2,098529E-1
9,801458E0 3,001487E-2 2,106849E-1
9,843167E0 2,964858E-2 2,115580E-1
9,884875E0 2,920248E-2 2,125846E-1
9,926583E0 2,880096E-2 2,136753E-1
9,968292E0 2,837533E-2 2,147730E-1
1,001000E1 2,790613E-2 2,156766E-1
1,005171E1 2,740400E-2 2,165381E-1
1,009342E1 2,691051E-2 2,172313E-1
1,013512E1 2,641719E-2 2,179479E-1
1,017683E1 2,591382E-2 2,188731E-1
1,021854E1 2,538013E-2 2,199108E-1
1,026025E1 2,493192E-2 2,209227E-1
1,030196E1 2,439919E-2 2,218895E-1
1,034367E1 2,384209E-2 2,227198E-1
1,038537E1 2,333323E-2 2,234226E-1
1,042708E1 2,284950E-2 2,241957E-1
1,046879E1 2,234964E-2 2,250789E-1
1,051050E1 2,181415E-2 2,260700E-1
1,055221E1 2,137962E-2 2,269215E-1
1,059392E1 2,093341E-2 2,277765E-1
1,063562E1 2,056534E-2 2,284877E-1
1,067733E1 2,016451E-2 2,293126E-1
1,071904E1 1,978504E-2 2,302560E-1
1,076075E1 1,947871E-2 2,311980E-1
1,080246E1 1,915412E-2 2,321055E-1
1,084417E1 1,890568E-2 2,329485E-1
1,088587E1 1,863506E-2 2,336705E-1
1,092758E1 1,843944E-2 2,343694E-1
1,096929E1 1,826895E-2 2,353097E-1
1,101100E1 1,812061E-2 2,362018E-1
1,105271E1 1,804286E-2 2,372191E-1
1,109442E1 1,792823E-2 2,382231E-1
1,113612E1 1,789031E-2 2,392993E-1
1,117783E1 1,784251E-2 2,403873E-1
1,121954E1 1,787403E-2 2,415010E-1
1,126125E1 1,794221E-2 2,425863E-1
1,130296E1 1,806439E-2 2,437078E-1
1,134467E1 1,816562E-2 2,446908E-1
1,138637E1 1,836920E-2 2,457470E-1
1,142808E1 1,857668E-2 2,468119E-1
1,146979E1 1,886085E-2 2,479125E-1
1,151150E1 1,917454E-2 2,489823E-1
1,155321E1 1,950362E-2 2,501629E-1
1,159492E1 1,986494E-2 2,513551E-1
1,163662E1 2,018610E-2 2,525841E-1
1,167833E1 2,056622E-2 2,537720E-1
1,172004E1 2,106993E-2 2,550492E-1
1,176175E1 2,152856E-2 2,563879E-1
1,180346E1 2,204478E-2 2,576730E-1
1,184517E1 2,239367E-2 2,589522E-1
1,188687E1 2,283384E-2 2,598974E-1
1,192858E1 2,331635E-2 2,608266E-1
1,197029E1 2,390310E-2 2,618141E-1
1,201200E1 2,441772E-2 2,630203E-1
1,205371E1 2,487093E-2 2,643017E-1
1,209542E1 2,535859E-2 2,657994E-1
1,213712E1 2,594119E-2 2,670648E-1
1,217883E1 2,632560E-2 2,680793E-1
1,222054E1 2,678866E-2 2,689919E-1
1,226225E1 2,724129E-2 2,697737E-1
1,230396E1 2,765648E-2 2,706607E-1
1,234567E1 2,801660E-2 2,713231E-1
1,238737E1 2,836505E-2 2,719110E-1
1,242908E1 2,868376E-2 2,724795E-1
1,247079E1 2,899605E-2 2,731113E-1
1,251250E1 2,929010E-2 2,738732E-1
1,255421E1 2,950813E-2 2,748084E-1
1,259592E1 2,979275E-2 2,758097E-1
1,263762E1 2,996224E-2 2,768448E-1
1,267933E1 3,010806E-2 2,777372E-1
1,272104E1 3,024158E-2 2,785649E-1
1,276275E1 3,034005E-2 2,793367E-1
1,280446E1 3,040631E-2 2,799304E-1
1,284617E1 3,043002E-2 2,804360E-1
1,288787E1 3,040920E-2 2,810783E-1
1,292958E1 3,025973E-2 2,818786E-1
1,297129E1 3,016023E-2 2,827688E-1
1,301300E1 3,000107E-2 2,838303E-1
1,305471E1 2,984136E-2 2,848384E-1
1,309642E1 2,959961E-2 2,857688E-1
1,313812E1 2,937347E-2 2,866926E-1
1,317983E1 2,901933E-2 2,873862E-1
1,322154E1 2,871559E-2 2,881077E-1
1,326325E1 2,834666E-2 2,888829E-1
1,330496E1 2,796930E-2 2,897422E-1
1,334667E1 2,765555E-2 2,907104E-1
1,338837E1 2,724538E-2 2,917326E-1
1,343008E1 2,687473E-2 2,927453E-1
1,347179E1 2,643374E-2 2,937453E-1
1,351350E1 2,600305E-2 2,947375E-1
1,355521E1 2,562987E-2 2,958027E-1
1,359692E1 2,524641E-2 2,967465E-1
1,363862E1 2,481306E-2 2,975980E-1
1,368033E1 2,447192E-2 2,984064E-1
1,372204E1 2,412732E-2 2,992824E-1
1,376375E1 2,383339E-2 3,003001E-1
1,380546E1 2,352021E-2 3,013723E-1
1,384717E1 2,321125E-2 3,025849E-1
1,388887E1 2,294026E-2 3,036506E-1
1,393058E1 2,272491E-2 3,047632E-1
1,397229E1 2,255738E-2 3,056385E-1
1,401400E1 2,239396E-2 3,064966E-1
1,405571E1 2,228155E-2 3,073541E-1
1,409742E1 2,217653E-2 3,084849E-1
1,413912E1 2,220629E-2 3,097356E-1
1,418083E1 2,220625E-2 3,110733E-1
1,422254E1 2,225413E-2 3,122836E-1
1,426425E1 2,244759E-2 3,135081E-1
1,430596E1 2,258673E-2 3,145987E-1
1,434767E1 2,279185E-2 3,157728E-1
1,438937E1 2,311543E-2 3,168430E-1
1,443108E1 2,350703E-2 3,178699E-1
1,447279E1 2,392001E-2 3,190233E-1
1,451450E1 2,428537E-2 3,200988E-1
1,455621E1 2,480322E-2 3,212584E-1
1,459792E1 2,536309E-2 3,224954E-1
1,463962E1 2,607391E-2 3,237208E-1
1,468133E1 2,666758E-2 3,250133E-1
1,472304E1 2,742154E-2 3,262656E-1
1,476475E1 2,806930E-2 3,271781E-1
1,480646E1 2,893616E-2 3,281488E-1
1,484817E1 2,973331E-2 3,291794E-1
1,488987E1 3,062808E-2 3,302894E-1
1,493158E1 3,150842E-2 3,314879E-1
1,497329E1 3,242475E-2 3,325575E-1
1,501500E1 3,334375E-2 3,334804E-1
1,505671E1 3,427824E-2 3,343818E-1
1,509842E1 3,519332E-2 3,352920E-1
1,514012E1 3,622616E-2 3,362584E-1
1,518183E1 3,708428E-2 3,371049E-1
1,522354E1 3,798979E-2 3,377056E-1
1,526525E1 3,893667E-2 3,382405E-1
1,530696E1 3,981942E-2 3,388209E-1
1,534867E1 4,075608E-2 3,395521E-1
1,539037E1 4,159273E-2 3,404274E-1
1,543208E1 4,243253E-2 3,412891E-1
1,547379E1 4,319619E-2 3,419739E-1
1,551550E1 4,395072E-2 3,425113E-1
1,555721E1 4,465472E-2 3,431441E-1
1,559892E1 4,527804E-2 3,437769E-1
1,564062E1 4,593616E-2 3,445038E-1
1,568233E1 4,646553E-2 3,454143E-1
1,572404E1 4,695826E-2 3,463916E-1
1,576575E1 4,734132E-2 3,473547E-1
1,580746E1 4,775016E-2 3,482872E-1
1,584917E1 4,795813E-2 3,490629E-1
1,589087E1 4,819651E-2 3,498802E-1
1,593258E1 4,837831E-2 3,509419E-1
1,597429E1 4,845413E-2 3,520640E-1
1,601600E1 4,847093E-2 3,532343E-1
1,605771E1 4,832950E-2 3,542225E-1
1,609942E1 4,814817E-2 3,551991E-1
1,614112E1 4,795577E-2 3,561362E-1
1,618283E1 4,757643E-2 3,572279E-1
1,622454E1 4,723113E-2 3,582941E-1
1,626625E1 4,679995E-2 3,594511E-1
1,630796E1 4,626683E-2 3,606524E-1
1,634967E1 4,567894E-2 3,618690E-1
1,639137E1 4,505884E-2 3,629092E-1
1,643308E1 4,440163E-2 3,638790E-1
1,647479E1 4,369738E-2 3,647931E-1
1,651650E1 4,302889E-2 3,658519E-1
1,655821E1 4,224400E-2 3,671352E-1
1,659992E1 4,145703E-2 3,683530E-1
1,664162E1 4,063162E-2 3,693625E-1
1,668333E1 3,978059E-2 3,702351E-1
1,672504E1 3,891533E-2 3,711077E-1
1,676675E1 3,805525E-2 3,720784E-1
1,680846E1 3,717172E-2 3,732127E-1
1,685017E1 3,632117E-2 3,742720E-1
1,689187E1 3,547082E-2 3,752515E-1
1,693358E1 3,464949E-2 3,761159E-1
1,697529E1 3,390810E-2 3,768868E-1
1,701700E1 3,306812E-2 3,777070E-1
1,705871E1 3,231859E-2 3,786180E-1
1,710042E1 3,165715E-2 3,796854E-1
1,714212E1 3,094144E-2 3,808303E-1
1,718383E1 3,035118E-2 3,818047E-1
1,722554E1 2,978047E-2 3,826054E-1
1,726725E1 2,926483E-2 3,835056E-1
1,730896E1 2,877302E-2 3,845330E-1
1,735067E1 2,831678E-2 3,855811E-1
1,739237E1 2,799280E-2 3,864449E-1
1,743408E1 2,771752E-2 3,871701E-1
1,747579E1 2,747611E-2 3,880320E-1
1,751750E1 2,734924E-2 3,892273E-1
1,755921E1 2,717957E-2 3,903255E-1
1,760092E1 2,714932E-2 3,913164E-1
1,764262E1 2,715428E-2 3,922451E-1
1,768433E1 2,714599E-2 3,932416E-1
1,772604E1 2,729359E-2 3,943751E-1
1,776775E1 2,744650E-2 3,953982E-1
1,780946E1 2,769783E-2 3,962706E-1
1,785117E1 2,791889E-2 3,973270E-1
1,789287E1 2,829384E-2 3,985426E-1
1,793458E1 2,857987E-2 3,995979E-1
1,797629E1 2,893320E-2 4,004397E-1
1,801800E1 2,929089E-2 4,013565E-1
1,805971E1 2,968550E-2 4,024674E-1
1,810142E1 3,009459E-2 4,034250E-1
1,814312E1 3,061000E-2 4,044116E-1
1,818483E1 3,102690E-2 4,053442E-1
1,822654E1 3,142861E-2 4,063630E-1
1,826825E1 3,193525E-2 4,070996E-1
1,830996E1 3,228934E-2 4,077761E-1
1,835167E1 3,271027E-2 4,086684E-1
1,839337E1 3,310448E-2 4,095561E-1
1,843508E1 3,358448E-2 4,105755E-1
1,847679E1 3,390539E-2 4,115526E-1
1,851850E1 3,428111E-2 4,124213E-1
1,856021E1 3,454039E-2 4,133207E-1
1,860192E1 3,475342E-2 4,142751E-1
1,864362E1 3,508433E-2 4,152706E-1
1,868533E1 3,528758E-2 4,163785E-1
1,872704E1 3,538909E-2 4,174268E-1
1,876875E1 3,543488E-2 4,184320E-1
1,881046E1 3,543671E-2 4,196969E-1
1,885217E1 3,537030E-2 4,208863E-1
1,889387E1 3,525583E-2 4,220529E-1
1,893558E1 3,514969E-2 4,230621E-1
1,897729E1 3,486749E-2 4,241068E-1
1,901900E1 3,452004E-2 4,250879E-1
1,906071E1 3,419403E-2 4,261792E-1
1,910242E1 3,383933E-2 4,272810E-1
1,914412E1 3,338496E-2 4,283194E-1
1,918583E1 3,292946E-2 4,294465E-1
1,922754E1 3,244459E-2 4,304162E-1
1,926925E1 3,190599E-2 4,313653E-1
1,931096E1 3,127900E-2 4,322974E-1
1,935267E1 3,070907E-2 4,333163E-1
1,939437E1 3,013729E-2 4,342822E-1
1,943608E1 2,949628E-2 4,351901E-1
1,947779E1 2,890319E-2 4,359685E-1
1,951950E1 2,832251E-2 4,367845E-1
1,956121E1 2,777657E-2 4,377100E-1
1,960292E1 2,719120E-2 4,387647E-1
1,964462E1 2,669366E-2 4,397688E-1
1,968633E1 2,619547E-2 4,407667E-1
1,972804E1 2,579558E-2 4,415895E-1
1,976975E1 2,537869E-2 4,424839E-1
1,981146E1 2,508289E-2 4,434065E-1
1,985317E1 2,481928E-2 4,442823E-1
1,989487E1 2,463468E-2 4,451965E-1
1,993658E1 2,447577E-2 4,461035E-1
1,997829E1 2,448560E-2 4,470492E-1
2,002000E1 2,450987E-2 4,481473E-1
2,006171E1 2,461640E-2 4,492421E-1
2,010342E1 2,484232E-2 4,503230E-1
2,014512E1 2,507738E-2 4,513385E-1
2,018683E1 2,548298E-2 4,523037E-1
2,022854E1 2,587152E-2 4,533798E-1
2,027025E1 2,638514E-2 4,542115E-1
2,031196E1 2,691489E-2 4,552026E-1
2,035367E1 2,762564E-2 4,562492E-1
2,039537E1 2,839942E-2 4,572944E-1
2,043708E1 2,918241E-2 4,584658E-1
2,047879E1 3,000230E-2 4,594942E-1
2,052050E1 3,097968E-2 4,605808E-1
2,056221E1 3,189396E-2 4,615889E-1
2,060392E1 3,289212E-2 4,627555E-1
2,064562E1 3,399254E-2 4,637423E-1
2,068733E1 3,503098E-2 4,647631E-1
2,072904E1 3,615467E-2 4,658285E-1
2,077075E1 3,716068E-2 4,668505E-1
2,081246E1 3,823588E-2 4,679597E-1
2,085417E1 3,933811E-2 4,691075E-1
2,089587E1 4,040140E-2 4,702088E-1
2,093758E1 4,140266E-2 4,713870E-1
2,097929E1 4,235879E-2 4,725198E-1
2,102100E1 4,326746E-2 4,736788E-1
2,106271E1 4,399483E-2 4,747520E-1
2,110442E1 4,479980E-2 4,755597E-1
2,114612E1 4,561620E-2 4,765345E-1
2,118783E1 4,663003E-2 4,776087E-1
2,122954E1 4,754617E-2 4,784529E-1
2,127125E1 4,846172E-2 4,792344E-1
2,131296E1 4,919358E-2 4,800593E-1
2,135467E1 4,963081E-2 4,809234E-1
2,139637E1 4,995986E-2 4,817178E-1
