 masa A  
t x y 
2,502500E-1 3,664178E-2 1,265994E-2
2,919583E-1 3,670499E-2 1,438920E-2
3,336667E-1 3,705349E-2 1,976186E-2
3,753750E-1 3,723511E-2 2,697477E-2
4,170833E-1 3,736735E-2 3,454319E-2
4,587917E-1 3,746519E-2 4,003835E-2
5,005000E-1 3,757449E-2 4,350650E-2
5,422083E-1 3,764626E-2 4,652449E-2
5,839167E-1 3,778046E-2 5,015366E-2
6,256250E-1 3,784027E-2 5,517812E-2
6,673333E-1 3,721932E-2 6,136504E-2
7,090417E-1 3,719679E-2 6,672751E-2
7,507500E-1 3,705580E-2 7,183068E-2
7,924583E-1 3,702795E-2 7,483033E-2
8,341667E-1 3,713620E-2 7,755709E-2
8,758750E-1 3,719554E-2 8,115358E-2
9,175833E-1 3,731130E-2 8,623963E-2
9,592917E-1 3,736115E-2 9,216322E-2
1,001000E0 3,741919E-2 9,795561E-2
1,042708E0 3,740317E-2 1,028391E-1
1,084417E0 3,741808E-2 1,069253E-1
1,126125E0 3,741763E-2 1,106513E-1
1,167833E0 3,752478E-2 1,148892E-1
1,209542E0 3,775460E-2 1,198073E-1
1,251250E0 3,797359E-2 1,250568E-1
1,292958E0 3,823576E-2 1,300220E-1
1,334667E0 3,857250E-2 1,346802E-1
1,376375E0 3,888875E-2 1,390396E-1
1,418083E0 3,932504E-2 1,430122E-1
1,459792E0 3,963195E-2 1,464911E-1
1,501500E0 4,004566E-2 1,500495E-1
1,543208E0 4,042596E-2 1,545936E-1
1,584917E0 4,076782E-2 1,599600E-1
1,626625E0 4,109504E-2 1,654943E-1
1,668333E0 4,123366E-2 1,705031E-1
1,710042E0 4,134358E-2 1,750828E-1
1,751750E0 4,141812E-2 1,792296E-1
1,793458E0 4,138636E-2 1,839190E-1
1,835167E0 4,123581E-2 1,889650E-1
1,876875E0 4,104082E-2 1,941050E-1
1,918583E0 4,069465E-2 1,988534E-1
1,960292E0 4,033712E-2 2,033061E-1
2,002000E0 3,982480E-2 2,077463E-1
2,043708E0 3,930403E-2 2,114715E-1
2,085417E0 3,868255E-2 2,149663E-1
2,127125E0 3,811342E-2 2,191301E-1
2,168833E0 3,733783E-2 2,241082E-1
2,210542E0 3,650238E-2 2,299214E-1
2,252250E0 3,562678E-2 2,356571E-1
2,293958E0 3,478667E-2 2,408417E-1
2,335667E0 3,412574E-2 2,454335E-1
2,377375E0 3,375856E-2 2,498507E-1
2,419083E0 3,353333E-2 2,544932E-1
2,460792E0 3,355337E-2 2,592659E-1
2,502500E0 3,393320E-2 2,640137E-1
2,544208E0 3,449787E-2 2,686764E-1
2,585917E0 3,561716E-2 2,737889E-1
2,627625E0 3,674366E-2 2,783736E-1
2,669333E0 3,819556E-2 2,824774E-1
2,711042E0 3,975706E-2 2,862103E-1
2,752750E0 4,133182E-2 2,904748E-1
2,794458E0 4,284404E-2 2,951233E-1
2,836167E0 4,428301E-2 3,003969E-1
2,877875E0 4,540260E-2 3,056097E-1
2,919583E0 4,606008E-2 3,103443E-1
2,961292E0 4,635572E-2 3,151159E-1
3,003000E0 4,618490E-2 3,199962E-1
3,044708E0 4,530825E-2 3,252995E-1
3,086417E0 4,392462E-2 3,301223E-1
3,128125E0 4,227579E-2 3,346111E-1
3,169833E0 4,015468E-2 3,391042E-1
3,211542E0 3,774578E-2 3,436390E-1
3,253250E0 3,534302E-2 3,480310E-1
3,294958E0 3,304140E-2 3,517855E-1
3,336667E0 3,081278E-2 3,556831E-1
3,378375E0 3,010596E-2 3,583113E-1
3,420083E0 2,865058E-2 3,644239E-1
3,461792E0 2,802265E-2 3,696255E-1
3,503500E0 2,787417E-2 3,744946E-1
3,545208E0 2,838886E-2 3,794446E-1
3,586917E0 2,932162E-2 3,839402E-1
3,628625E0 3,086906E-2 3,886908E-1
3,670333E0 3,275506E-2 3,932082E-1
3,712042E0 3,504150E-2 3,980513E-1
3,753750E0 3,734881E-2 4,027520E-1
3,795458E0 3,972420E-2 4,074940E-1
3,837167E0 4,200385E-2 4,122516E-1
3,878875E0 4,409385E-2 4,164947E-1
3,920583E0 4,585660E-2 4,203646E-1
3,962292E0 4,735424E-2 4,252426E-1
4,004000E0 4,797410E-2 4,308271E-1
4,045708E0 4,792234E-2 4,364281E-1
4,087417E0 4,732642E-2 4,409409E-1
4,129125E0 4,661938E-2 4,449690E-1
4,170833E0 4,549996E-2 4,497406E-1
4,212542E0 4,380165E-2 4,552329E-1
4,254250E0 4,167567E-2 4,606451E-1
4,295958E0 3,947803E-2 4,660308E-1
4,337667E0 3,764642E-2 4,701917E-1
4,379375E0 3,626079E-2 4,741004E-1
4,421083E0 3,459301E-2 4,789352E-1
