 masa A  
t x y 
8,341667E-2 3,237142E-2 1,349475E-2
1,251250E-1 3,259439E-2 1,478766E-2
1,668333E-1 3,296210E-2 1,789930E-2
2,085417E-1 3,326943E-2 2,284170E-2
2,502500E-1 3,353088E-2 2,777432E-2
2,919583E-1 3,382935E-2 3,145959E-2
3,336667E-1 3,406535E-2 3,385307E-2
3,753750E-1 3,426602E-2 3,529333E-2
4,170833E-1 3,442936E-2 3,729135E-2
4,587917E-1 3,461296E-2 4,060669E-2
5,005000E-1 3,481548E-2 4,471565E-2
5,422083E-1 3,498106E-2 4,917035E-2
5,839167E-1 3,515525E-2 5,329004E-2
6,256250E-1 3,532277E-2 5,662197E-2
6,673333E-1 3,547498E-2 5,983745E-2
7,090417E-1 3,557941E-2 6,311943E-2
7,507500E-1 3,565404E-2 6,642234E-2
7,924583E-1 3,572801E-2 6,940431E-2
8,341667E-1 3,577252E-2 7,217197E-2
8,758750E-1 3,584544E-2 7,449921E-2
9,175833E-1 3,588118E-2 7,697507E-2
9,592917E-1 3,606547E-2 8,005852E-2
1,001000E0 3,617916E-2 8,333417E-2
1,042708E0 3,646172E-2 8,671213E-2
1,084417E0 3,669870E-2 8,970985E-2
1,126125E0 3,707587E-2 9,258330E-2
1,167833E0 3,741773E-2 9,550970E-2
1,209542E0 3,778973E-2 9,883873E-2
1,251250E0 3,830051E-2 1,021738E-1
1,292958E0 3,874325E-2 1,057731E-1
1,334667E0 3,939388E-2 1,094394E-1
1,376375E0 3,994711E-2 1,128715E-1
1,418083E0 4,057805E-2 1,159384E-1
1,459792E0 4,115246E-2 1,190215E-1
1,501500E0 4,170857E-2 1,221476E-1
1,543208E0 4,223600E-2 1,258477E-1
1,584917E0 4,263592E-2 1,296126E-1
1,626625E0 4,286134E-2 1,333598E-1
1,668333E0 4,289117E-2 1,364271E-1
1,710042E0 4,279475E-2 1,388466E-1
1,751750E0 4,258093E-2 1,410855E-1
1,793458E0 4,216747E-2 1,436770E-1
1,835167E0 4,153593E-2 1,468335E-1
1,876875E0 4,058253E-2 1,503180E-1
1,918583E0 3,945553E-2 1,536246E-1
1,960292E0 3,820796E-2 1,565471E-1
2,002000E0 3,673578E-2 1,593975E-1
2,043708E0 3,519919E-2 1,624653E-1
2,085417E0 3,365536E-2 1,659747E-1
2,127125E0 3,217402E-2 1,697030E-1
2,168833E0 3,075127E-2 1,732169E-1
2,210542E0 2,965722E-2 1,764004E-1
2,252250E0 2,880874E-2 1,796788E-1
2,293958E0 2,837579E-2 1,830614E-1
2,335667E0 2,830507E-2 1,865079E-1
2,377375E0 2,861795E-2 1,898218E-1
2,419083E0 2,942948E-2 1,934148E-1
2,460792E0 3,053986E-2 1,968537E-1
2,502500E0 3,181745E-2 2,004367E-1
2,544208E0 3,356146E-2 2,040511E-1
2,585917E0 3,525498E-2 2,071596E-1
2,627625E0 3,707545E-2 2,096156E-1
2,669333E0 3,885350E-2 2,118997E-1
2,711042E0 4,042398E-2 2,146628E-1
2,752750E0 4,186744E-2 2,179381E-1
2,794458E0 4,318377E-2 2,212886E-1
2,836167E0 4,419328E-2 2,244800E-1
2,877875E0 4,492341E-2 2,275573E-1
2,919583E0 4,551129E-2 2,305138E-1
2,961292E0 4,583917E-2 2,336882E-1
3,003000E0 4,603940E-2 2,374138E-1
3,044708E0 4,599250E-2 2,411651E-1
3,086417E0 4,567314E-2 2,445390E-1
3,128125E0 4,524293E-2 2,476769E-1
3,169833E0 4,465044E-2 2,509584E-1
3,211542E0 4,389302E-2 2,543600E-1
3,253250E0 4,305850E-2 2,578446E-1
3,294958E0 4,213058E-2 2,611453E-1
3,336667E0 4,115303E-2 2,643911E-1
3,378375E0 4,017955E-2 2,678155E-1
3,420083E0 3,911488E-2 2,713891E-1
3,461792E0 3,808332E-2 2,749636E-1
3,503500E0 3,718689E-2 2,782770E-1
3,545208E0 3,625625E-2 2,809099E-1
3,586917E0 3,546568E-2 2,831638E-1
3,628625E0 3,473049E-2 2,854459E-1
3,670333E0 3,410542E-2 2,883379E-1
3,712042E0 3,371289E-2 2,919667E-1
3,753750E0 3,345728E-2 2,955309E-1
3,795458E0 3,331670E-2 2,989345E-1
3,837167E0 3,328567E-2 3,024726E-1
3,878875E0 3,344772E-2 3,061403E-1
3,920583E0 3,382695E-2 3,097598E-1
3,962292E0 3,420704E-2 3,130199E-1
4,004000E0 3,473164E-2 3,160183E-1
4,045708E0 3,533432E-2 3,188695E-1
4,087417E0 3,600416E-2 3,220134E-1
4,129125E0 3,669768E-2 3,257323E-1
4,170833E0 3,735712E-2 3,293292E-1
4,212542E0 3,797752E-2 3,326137E-1
4,254250E0 3,864339E-2 3,356785E-1
4,295958E0 3,919921E-2 3,388787E-1
4,337667E0 3,968593E-2 3,424983E-1
4,379375E0 4,001367E-2 3,461026E-1
4,421083E0 4,033692E-2 3,495040E-1
4,462792E0 4,055107E-2 3,521718E-1
4,504500E0 4,069765E-2 3,542150E-1
4,546208E0 4,076159E-2 3,565159E-1
4,587917E0 4,074762E-2 3,597587E-1
4,629625E0 4,071652E-2 3,637795E-1
4,671333E0 4,050088E-2 3,676926E-1
4,713042E0 4,033996E-2 3,711200E-1
4,754750E0 4,006238E-2 3,742380E-1
4,796458E0 3,976061E-2 3,776101E-1
4,838167E0 3,941502E-2 3,813165E-1
4,879875E0 3,918804E-2 3,850623E-1
4,921583E0 3,886926E-2 3,884213E-1
4,963292E0 3,861685E-2 3,911567E-1
5,005000E0 3,840222E-2 3,940823E-1
5,046708E0 3,823685E-2 3,976227E-1
5,088417E0 3,820568E-2 4,013584E-1
5,130125E0 3,822469E-2 4,044772E-1
5,171833E0 3,828863E-2 4,075244E-1
5,213542E0 3,845931E-2 4,111003E-1
5,255250E0 3,867737E-2 4,147231E-1
5,296958E0 3,900270E-2 4,181511E-1
5,338667E0 3,942757E-2 4,219196E-1
5,380375E0 3,988897E-2 4,253827E-1
5,422083E0 4,041787E-2 4,284222E-1
5,463792E0 4,108699E-2 4,312397E-1
5,505500E0 4,141912E-2 4,336868E-1
5,547208E0 4,196614E-2 4,368075E-1
5,588917E0 4,248687E-2 4,405748E-1
5,630625E0 4,290625E-2 4,444538E-1
5,672333E0 4,347346E-2 4,480392E-1
5,714042E0 4,381683E-2 4,512812E-1
5,755750E0 4,406435E-2 4,543982E-1
5,797458E0 4,406237E-2 4,576359E-1
5,839167E0 4,406783E-2 4,613275E-1
5,880875E0 4,401869E-2 4,648686E-1
5,922583E0 4,366064E-2 4,683184E-1
5,964292E0 4,328424E-2 4,716916E-1
6,006000E0 4,258519E-2 4,743738E-1
