mass_A
t	x	y
0.0	0.0291491949760512	0.012041314733967745
0.04170833333333337	0.029118252814870627	0.012339620795820794
0.08341666666666663	0.029099688620932825	0.013063590239663359
0.12512500000000013	0.02913708726655579	0.014411028776583068
0.16683333333333336	0.029211200596977335	0.016509435883796053
0.20854166666666685	0.029307622488879095	0.01920138864935217
0.25025000000000014	0.02942827142214008	0.022266160982192695
0.2919583333333334	0.029608682694664122	0.025242042293043665
0.33366666666666683	0.02979615337037076	0.02792522378652751
0.3753750000000001	0.02996906748232745	0.0301027267818465
0.41708333333333336	0.03009354804941803	0.03178558878314447
0.45879166666666665	0.030196774275136652	0.032887800696780434
0.5005000000000002	0.03024624052170901	0.033598521934681214
0.5422083333333334	0.030268488069110817	0.03412208149840845
0.5839166666666666	0.030276050605824716	0.034638246853050725
0.6256250000000001	0.030219422580323417	0.03530667252959879
0.6673333333333333	0.030105380960640263	0.03635291005992208
0.7090416666666669	0.02993331592123142	0.037817696973444115
0.7507500000000001	0.02969250252108785	0.039702444337305076
0.7924583333333336	0.02944263613721841	0.04200648368395793
0.8341666666666666	0.029118886163232945	0.0444555830929903
0.8758749999999998	0.028719789524523462	0.04692103581299134
0.9175833333333334	0.02830240790451996	0.04910204326125778
0.9592916666666667	0.02786546773787886	0.0509553110913919
1.001	0.027369697833895534	0.05248164666916172
1.0427083333333336	0.02688247082677752	0.05376341978047283
1.0844166666666666	0.02642574084159305	0.055024739628179775
1.126125	0.025812817756118878	0.05649659581550148
1.167833333333333	0.025262126767669132	0.058324679120542455
1.2095416666666665	0.024804222798396267	0.06052728007179692
1.25125	0.024364775935347513	0.0630024789181789
1.2929583333333334	0.024064830209498733	0.06580034274679408
1.3346666666666664	0.023858509057045063	0.06861288001973409
1.376375	0.02379283196968672	0.07128461146205789
1.4180833333333336	0.023868579543143906	0.07355432480162388
1.4597916666666666	0.024067755778789134	0.07544004397000709
1.5015	0.02438351228289809	0.0769257263690789
1.543208333333333	0.024822500455640502	0.07805595245580149
1.5849166666666665	0.025324658136185847	0.07894266048598503
1.626625	0.025881681243655752	0.07978441318472734
1.6683333333333334	0.026449112200900363	0.08069395792227041
1.7100416666666665	0.02703553019679176	0.08182688142480388
1.75175	0.027665475415364543	0.08326414193448789
1.793458333333333	0.02841243123499986	0.08495915644968705
1.8351666666666666	0.029188098092880636	0.08674154947846907
1.876875	0.03003145912931409	0.08862058524968852
1.918583333333333	0.030896025526656247	0.0904540898344538
1.9602916666666665	0.031790771495617015	0.09226631940823743
2.002	0.032698786863817955	0.09401571255009517
2.0437083333333335	0.033524740705753016	0.09566622204864039
2.0854166666666667	0.03427534663454285	0.09737962624192542
2.127125	0.034968671739624396	0.09920318686110907
2.168833333333333	0.035786935274337225	0.10127491078948386
2.2105416666666664	0.03644808987203437	0.10366757560596146
2.25225	0.03612287640958126	0.10570723370834934
2.293958333333333	0.03542546843067563	0.10777884472107624
2.3356666666666666	0.03445753361135367	0.11000168509246971
2.3773749999999993	0.03320219790291401	0.11227381460386804
2.4190833333333335	0.031671063664289796	0.1144048786347231
2.4607916666666667	0.029963934556415696	0.11641788232003802
2.5025	0.027981904971033075	0.11811591541211652
2.544208333333333	0.025869418072996454	0.11961103041838128
2.585916666666667	0.02391206624619449	0.12084249890046145
2.627625	0.022842687672371097	0.12198496719363855
2.669333333333333	0.02186118258616561	0.12319553399835681
2.7110416666666666	0.02075821573468234	0.12461207485581988
2.7527499999999994	0.019675139596193228	0.12639818719956508
2.7944583333333335	0.01865974455162555	0.12851279934383214
2.8361666666666667	0.017707725713523248	0.13073402484910607
2.877875	0.01685557376497219	0.13307252619643117
2.919583333333333	0.016118717922745593	0.13542296130698667
2.9612916666666664	0.015512858887206276	0.13768250454288183
3.0029999999999997	0.015247927079638542	0.1397786093463944
3.0447083333333325	0.015312660037845373	0.14173152477261042
3.086416666666667	0.015691649114425436	0.1435026216942435
3.128125	0.01641948339098248	0.1452086294077785
3.169833333333333	0.017399991390198384	0.14686340936145742
3.211541666666667	0.01859623549633934	0.14852483037898617
3.25325	0.01897319979646258	0.1508175034095735
3.294958333333333	0.019518604042605095	0.1530669758586164
3.336666666666666	0.020373573279977006	0.15529209128809912
3.378375	0.021450782422419323	0.15729918154600742
3.420083333333333	0.022686069502078902	0.1590348523161509
3.461791666666667	0.02392336640208846	0.16057688868696468
3.5035	0.02529634573398907	0.16187126893121612
3.545208333333333	0.02670622203440734	0.16310265639008326
3.5869166666666668	0.028086953264187232	0.16417611228913626
3.628625	0.02946925637874339	0.16519878986577657
3.6703333333333332	0.03074733848183902	0.16627926361071727
3.712041666666666	0.03201496014583903	0.16743111256305843
3.75375	0.03317399411655536	0.16877699114153977
3.795458333333333	0.034224937171221874	0.17049796731627748
3.837166666666667	0.035031162241595984	0.1724562083592393
3.878875	0.03563898268589844	0.17456135898040465
3.920583333333333	0.03601792534155814	0.1768058748718987
3.9622916666666668	0.03624136404301198	0.17894339137366444
4.004	0.03617563093889282	0.18138533481114805
4.045708333333333	0.03612177119853159	0.18337752549003117
4.087416666666666	0.03557414370569382	0.18623082374002936
4.129125	0.034745943279780714	0.18849473375267561
4.170833333333333	0.03352567610431527	0.1909348733020959
4.212541666666666	0.032084880634057705	0.19307332776150038
4.25425	0.030499154707571544	0.19488468072910847
4.295958333333333	0.02873052947158654	0.19624159782777817
4.337666666666667	0.02686569017829646	0.1972280699312407
4.379375	0.02503596767012655	0.19807855232548593
4.421083333333333	0.02319774965884746	0.1990453822239504
4.462791666666666	0.021474019846778908	0.200270036001512
4.5045	0.01967316538204074	0.2019669054341896
4.546208333333333	0.0179234636155478	0.20405930282534634
4.587916666666666	0.0162473786986752	0.20622454802040296
4.629625	0.014740982928572876	0.2084359620128074
4.671333333333333	0.01341390370818423	0.21038035338338523
4.713041666666667	0.013048983826325912	0.21237606834369976
4.75475	0.013059474932093534	0.21236066878163046
4.796458333333333	0.016691723143048107	0.21553107687324574
4.838166666666666	0.017940816034029486	0.21658292569588378
4.879875	0.019703460753861105	0.21941463326613614
4.921583333333333	0.021541089246270448	0.22137841702742378
4.963291666666666	0.023593373597210664	0.22336165772751232
5.005	0.025702689740492918	0.22526225210290968
5.046708333333333	0.02791992823903256	0.22706451639021602
5.088416666666667	0.030208394708092647	0.22888865520605184
5.130125	0.03233469640411814	0.23064316067348545
5.171833333333333	0.034418338306934665	0.23243816569723574
5.213541666666666	0.03638266513318584	0.23433344154916774
5.25525	0.0380593389266974	0.23620512264390053
5.296958333333333	0.0373372865771876	0.23757423327894783
5.338666666666666	0.036027583304483135	0.23915260576623681
5.380374999999999	0.034520753370921184	0.24108145534498
5.422083333333333	0.032983713124437083	0.24334552761227474
5.463791666666667	0.03119319179764686	0.24571808968256487
5.5055	0.029281776282813407	0.24801126754636085
5.547208333333333	0.02719298930063762	0.2501451505137029
5.588916666666666	0.025030167589359657	0.2521966842533239
5.630625	0.02382321128236666	0.25445529758527224
5.6723333333333334	0.022841595915476694	0.25660340799585935
5.714041666666666	0.02190711374147282	0.25894811609430696
5.755749999999999	0.02089669165340389	0.26148250902880177
5.797458333333334	0.020033461509264334	0.26411472220666665
5.839166666666667	0.019385210954768528	0.2666204764187433
5.880875	0.018910038762475663	0.26875138979966595
5.922583333333333	0.018664200433521412	0.27038401311654037
5.964291666666666	0.018670606466459634	0.27169616243385464
6.006	0.018895129579174032	0.2727301484387651
6.0477083333333335	0.019281545607966022	0.2737316812586591
6.089416666666666	0.019840841743870623	0.2748118377737889
6.131124999999999	0.02066864176594159	0.2763621580494655
6.172833333333334	0.0209663759435698	0.2783307184396767
6.214541666666667	0.020669458937966116	0.28064370780259457
6.25625	0.020612292973326327	0.2831643527386219
6.297958333333333	0.020792993166686986	0.28559289217229367
6.339666666666666	0.021135837377842477	0.2878311701124866
6.381375	0.021690352867815448	0.2898611095094884
6.423083333333333	0.02226430347742718	0.29162249513388216
6.464791666666666	0.022937171770972306	0.29319059729484886
6.506499999999999	0.023705591343094815	0.2946478772861782
6.548208333333334	0.024416597022130095	0.29604719936449597
6.589916666666667	0.025125370400284994	0.297459250744589
6.631625	0.025922492474338234	0.2988236916435335
6.673333333333333	0.0266646412893567	0.3003395398706936
6.715041666666666	0.02833700139378613	0.30234722181121176
6.75675	0.030308516919921473	0.304817562068075
6.798458333333333	0.03212870413829222	0.307420716629458
6.840166666666666	0.03374780403224085	0.31009915531444227
6.881874999999999	0.0351358360948507	0.3126533263319842
6.923583333333333	0.03631143204412213	0.3149342785507224
6.965291666666667	0.037132511062786346	0.3168459233093309
7.006999999999999	0.03762440884468819	0.3184752629626513
7.048708333333333	0.037465837058468135	0.3197173368677695
7.090416666666665	0.03684045451175104	0.3209959767880382
7.132125	0.03588694096753375	0.3226921275987873
7.1738333333333335	0.034629222674823074	0.3248872042922245
7.215541666666666	0.033149828786137335	0.327405869148572
7.25725	0.03142077334970649	0.32995814007440083
7.298958333333332	0.02955862106708764	0.33245169135087205
7.3406666666666665	0.02758159561801283	0.3347216693321806
7.382375	0.02555628048416688	0.3367916170248161
7.424083333333334	0.023687695006231496	0.3386895142845926
7.465791666666666	0.021748955824542768	0.34046249252324023
7.5075	0.020168454963204532	0.3420445671373671
7.5492083333333335	0.01879241698695293	0.3434658768518436
7.590916666666666	0.017566375970716357	0.3447848201463799
7.632625	0.01661142080634971	0.3460903856586044
7.674333333333332	0.016003158019176178	0.3474053033839154
7.7160416666666665	0.015656541166958242	0.34883454614296316
7.75775	0.015629624005908865	0.3503049391749026
7.799458333333334	0.015916735792310448	0.35191877140431094
7.841166666666666	0.016329037577076717	0.3539001049354866
7.882875	0.01696634156531844	0.3559956930170666
7.9245833333333335	0.017762813398390864	0.35800186287854785
7.966291666666666	0.01873702327376807	0.35991220044276007
8.008	0.019915199028651707	0.3618185920991266
8.049708333333331	0.021245596503490727	0.363624067332014
8.091416666666666	0.02261111029834855	0.36537560623593046
8.133125	0.024206353581764997	0.3671479160322153
8.174833333333334	0.0258474620825698	0.3689876559128301
8.216541666666666	0.027549514740340703	0.37090769168887283
8.25825	0.029239086129523716	0.37272392638741686
8.299958333333334	0.030877055585341005	0.3745680017612996
8.341666666666667	0.03238119313686845	0.37638271755918085
8.383375	0.033801310855487786	0.3781995390545702
8.425083333333331	0.034951383152467076	0.37988994489078326
8.466791666666666	0.03600287774711173	0.38161963418645417
8.5085	0.0367440117028066	0.3832884294425736
8.550208333333334	0.03737331936944674	0.3849975555486172
8.591916666666666	0.037743444064478465	0.3870131371654511
8.633625	0.03758951052726531	0.3886579109569077
8.675333333333334	0.03699989323279006	0.39054408428073273
8.717041666666667	0.03615312055883404	0.3928244603987556
8.75875	0.035050001781672245	0.395153684279237
8.800458333333331	0.03369383312084573	0.39737346361466297
8.842166666666666	0.03223283852616803	0.3996048387725833
8.883875	0.03067641919764294	0.4018702517043355
8.925583333333334	0.02907104287761416	0.4038319845165836
8.967291666666666	0.02744391025840827	0.40557240166342967
9.009	0.02585261671154656	0.4074660403791597
9.050708333333333	0.024196130818801974	0.40969665369195973
9.092416666666667	0.022555804313309273	0.4119790726306081
9.134125	0.021139958400313734	0.41411744334830625
9.175833333333332	0.019817885688599268	0.4164197535166096
9.217541666666666	0.01872981493956044	0.4187845539122066
9.25925	0.01789278997081325	0.4210038618499083
9.300958333333334	0.01731119382925802	0.4230116343392797
9.342666666666666	0.016945102008717107	0.4247084423755477
9.384375	0.016897206328683544	0.42628969105442555
9.426083333333333	0.017070597940446602	0.42791480977995966
9.467791666666667	0.017510471633853462	0.42973614263106275
9.5095	0.018166076739568084	0.43163835484719054
9.551208333333332	0.01897400917293523	0.433666653810664
9.592916666666666	0.019932954933880823	0.43561942970119794
9.634625	0.021127888552243936	0.4374159998925858
9.676333333333334	0.022487889146740013	0.43915064727771413
9.718041666666666	0.02374502081246367	0.44080704771242973
9.75975	0.025129771232453982	0.44238112112297695
9.801458333333333	0.026715526846944636	0.44402063730024494
9.843166666666667	0.02819718559052773	0.4455713636295499
9.884875	0.029643172242605112	0.44703644169400486
9.926583333333332	0.03082319573357198	0.44856980493756354
9.968291666666666	0.031959431573849124	0.45010442705676534
10.01	0.032989049377466995	0.45189999101990963
10.051708333333334	0.03396802711568715	0.45397590561764567
10.093416666666666	0.034701899847108225	0.45557194274576784
10.135125	0.03510768019096883	0.456478814517701
10.176833333333333	0.03566695673781201	0.45697653699717933
