mass_A
t	x	y
0.0	0.031004776387583734	0.016791120877111765
0.04170833333333333	0.03098554683273573	0.016783242589485325
0.08341666666666667	0.03096912144646905	0.01678647505024672
0.125125	0.030950772468732533	0.016783150976908967
0.16683333333333333	0.03092744810747123	0.01678890478013112
0.20854166666666665	0.030860661749605285	0.016791219975775207
0.25025	0.030783347516546267	0.016969478570846852
0.2919583333333333	0.030753085880493657	0.01745806544787304
0.33366666666666667	0.030718911451749556	0.01832107817624723
0.375375	0.03071702325214898	0.019652538107695627
0.4170833333333333	0.030712659790356353	0.02123998486071682
0.45879166666666665	0.030685319767427603	0.023028239218903956
0.5005	0.030732274819118277	0.024744791399330335
0.5422083333333333	0.030704533779111254	0.026295555309837015
0.5839166666666666	0.03072516869710807	0.027598550762692464
0.625625	0.030720159470614274	0.02859165016106574
0.6673333333333333	0.03074744652959578	0.029302122375848838
0.7090416666666667	0.03079485758424271	0.029695484782185644
0.75075	0.030820141227598602	0.0299673986583871
0.7924583333333333	0.03088729020360579	0.030178656220929856
0.8341666666666666	0.030930442136462233	0.030385750183851812
0.875875	0.030926443137726432	0.030713076865722055
0.9175833333333333	0.030964261062180337	0.031212907659853073
0.9592916666666667	0.030973725206058803	0.03186158804600836
1.001	0.03096769726798327	0.03269119758156336
1.0427083333333333	0.030977016801902325	0.033638572517984966
1.0844166666666666	0.030996971860750067	0.034586577151634434
1.126125	0.031027547307082452	0.035506313889686614
1.1678333333333333	0.031038613730882722	0.036376537467898484
1.2095416666666667	0.031038690578392758	0.03716580992454799
1.25125	0.031032127139732753	0.037924961723031836
1.2929583333333332	0.031020191139752552	0.03869398403881924
1.3346666666666667	0.031005360187835507	0.039539559541921065
1.376375	0.0309908109253048	0.040442496939672945
1.4180833333333334	0.030928019387127755	0.04150035167300303
1.4597916666666666	0.030866686228829453	0.04272709531740482
1.5015	0.030748341459776292	0.04405975167894971
1.5432083333333333	0.03063975207683612	0.04542405432036245
1.5849166666666665	0.030535733264269976	0.046836928934859634
1.626625	0.030389833985045307	0.04816314620070966
1.6683333333333332	0.030240665631792278	0.04942275835448878
1.7100416666666667	0.03009302994133052	0.05051313588964096
1.75175	0.029925158380200205	0.051526504582984134
1.7934583333333334	0.029700688638440054	0.05249368918319419
1.8351666666666666	0.029525844157546173	0.05342302093070456
1.8768749999999998	0.029285799089051885	0.05434287834518026
1.9185833333333333	0.02907843749282841	0.05528153386490087
1.9602916666666665	0.028805792406926323	0.0562048266994285
2.002	0.02853718867130655	0.05723491473188852
2.0437083333333335	0.028253881200037613	0.05825223505388921
2.0854166666666667	0.02795738845751141	0.05925754396266841
2.127125	0.0276888064828701	0.06024276467269285
2.168833333333333	0.027336101582672127	0.0612182562204418
2.2105416666666664	0.026989008205737484	0.06223491131774983
2.25225	0.026658713991076596	0.06317667915049568
2.2939583333333333	0.026268591867291635	0.06397986620755919
2.3356666666666666	0.025878158260858763	0.06470873723772985
2.377375	0.02552111640376229	0.06527352210371729
2.4190833333333335	0.025118225422431695	0.06574411860682283
2.4607916666666667	0.02468541031083739	0.06619944565762614
2.5025	0.024299137848989676	0.0667627026065471
2.544208333333333	0.023869598210206178	0.06754292085138253
2.5859166666666664	0.023527619787960842	0.06847693810673455
2.627625	0.02310974481006474	0.06958302619226414
2.6693333333333333	0.02267323741795682	0.07078619747262338
2.7110416666666666	0.02226515539616771	0.07203230915205211
2.75275	0.02182825529004439	0.07324584196815537
2.794458333333333	0.021385117217981787	0.07440994354792335
2.8361666666666667	0.020987579045883886	0.07548837516474383
2.877875	0.020537035844399386	0.07648033541571608
2.919583333333333	0.020169213917057095	0.07736837081615694
2.9612916666666664	0.019717825596189203	0.07815373136844683
3.003	0.019257249942643002	0.07892443586482678
3.0447083333333333	0.01889167088809897	0.07972443940553114
3.0864166666666666	0.018467190987035018	0.08056741551692648
3.128125	0.018109879872395616	0.08144920813022627
3.169833333333333	0.01774848915211267	0.08241715519837045
3.2115416666666663	0.01740668142552334	0.08341424130518388
3.25325	0.017067058150242093	0.08447642827109114
3.294958333333333	0.01679348857280264	0.08544265646378402
3.3366666666666664	0.016547876398180013	0.08629161348535896
3.3783749999999997	0.016319453468439223	0.08694006129444959
3.4200833333333334	0.016087053114013483	0.08758208434909914
3.4617916666666666	0.015937664928833188	0.08824430030285124
3.5035	0.015816320317207935	0.08891261632523023
3.545208333333333	0.01572018932520164	0.08969604235174061
3.5869166666666668	0.015684619010507647	0.09058335041225923
3.628625	0.015691146280156623	0.09163991480887035
3.6703333333333332	0.01575302040273209	0.092822671446459
3.7120416666666665	0.015852843698378284	0.0940029368571626
3.7537499999999997	0.015933344922336418	0.09509536712228733
3.7954583333333334	0.016138517580914058	0.09610303352382943
3.8371666666666666	0.016393242748086137	0.09699452932839375
3.878875	0.01667953159993934	0.09782951104188409
3.920583333333333	0.01698933024480856	0.09862649598013945
3.9622916666666663	0.017358455326925905	0.09941320076472893
4.004	0.017743372771095736	0.10022388753677997
4.045708333333333	0.018189355285035562	0.10108917168676412
4.087416666666667	0.018705636953086226	0.10194899585261036
4.129125	0.01919754603508657	0.10282640941890053
4.170833333333333	0.01978922211907759	0.10365554766734358
4.212541666666667	0.02039355401521828	0.10445699635271011
4.25425	0.021032608344081445	0.10525045993123616
4.295958333333333	0.02166158345783005	0.10605574537661289
4.337666666666666	0.022340408569075328	0.10702390231017372
4.379375	0.02301548548852346	0.10806382372652945
4.421083333333333	0.023728965082090013	0.10917532891172177
4.462791666666667	0.02451430511444605	0.11030943708502644
4.5045	0.02531157101080355	0.11147255204760309
4.546208333333333	0.026113125325351046	0.11259313757223355
4.587916666666667	0.026899507826115658	0.11374166575931205
4.629625	0.02770855421431493	0.11481920181379457
4.671333333333333	0.028504012294397876	0.11584134168039334
4.713041666666666	0.02929531973249544	0.1168515348697185
4.75475	0.03004331772008021	0.1180087721017693
4.796458333333333	0.030781188598014875	0.11919700196025418
4.838166666666667	0.031479487396400774	0.12037587082917345
4.879875	0.032121324521197085	0.12155251024532554
4.921583333333333	0.032709998945367025	0.12263838603748395
4.963291666666667	0.0332489274153821	0.12363244129575268
5.005	0.033744997962204384	0.12459294252474529
5.046708333333333	0.034139087973399464	0.12550583479935112
5.088416666666666	0.03452402086406041	0.12635012204165325
5.130125	0.034791196200803634	0.12717258277851873
5.171833333333333	0.03498796833745708	0.12799815196369269
5.213541666666666	0.03510961229887666	0.12889457790583264
5.25525	0.03511882484379797	0.1299331481204961
5.296958333333333	0.03506832266055294	0.13112610114608925
5.338666666666667	0.034965710619579246	0.13236595175506088
5.380375	0.03477675543139095	0.13358412509135958
5.422083333333333	0.03449536198041305	0.13479747526059388
5.463791666666666	0.034147074449654154	0.13586843745195076
5.5055	0.03372682948803363	0.13678364160622392
5.547208333333333	0.03322966695654342	0.13751957023672517
5.588916666666666	0.03269262741146588	0.13800074716253075
5.630625	0.03211258633281428	0.13831832338209316
5.6723333333333334	0.03151022967093395	0.13860650996502427
5.714041666666667	0.03089512880131883	0.13904400953763368
5.75575	0.03023885480449772	0.13970966198857698
5.797458333333333	0.029578966328160393	0.14062286281193292
5.839166666666666	0.0288861436028229	0.14183420607020353
5.880875	0.028164746016638056	0.1430913763592822
5.922583333333333	0.02746764991761548	0.14435377778495556
5.964291666666666	0.026668877790914425	0.1454626557833401
6.006	0.02588336254258626	0.14647432554704248
6.0477083333333335	0.0250686096408227	0.14732450574904282
6.089416666666667	0.02426535496907823	0.14807654505621926
6.131125	0.02349591890069916	0.1487650156746333
6.172833333333333	0.02270089774019079	0.1494842775311887
6.214541666666666	0.021888664519136646	0.15020987269867203
6.25625	0.021085835037042512	0.15099941299382597
6.297958333333333	0.020325932531269922	0.15193021668208184
6.339666666666666	0.019577123327588965	0.15290427120665867
6.381374999999999	0.018837134441447023	0.1539601848677471
6.423083333333333	0.01817801696758023	0.15503072459065192
6.464791666666667	0.017509257466244113	0.15606944137707435
6.5065	0.0169323761192519	0.15699852577603512
6.548208333333333	0.016385668906736144	0.15781120718137814
6.589916666666666	0.015940053729299228	0.15857368808948002
6.631625	0.015538195024639502	0.15919876173834113
6.673333333333333	0.015192465796723195	0.15987586428516504
6.715041666666666	0.014928276282576787	0.16063406034433214
6.756749999999999	0.01471071184714712	0.16161867130697166
6.798458333333334	0.014603574539176383	0.16274454488881668
6.840166666666667	0.014562718175010229	0.163978605709942
6.881875	0.014614721387062593	0.16523242242371183
6.923583333333333	0.014750414504565377	0.1664018337568962
6.965291666666666	0.014955942300057675	0.1674192728324968
7.007	0.015292738672139572	0.16832908716878148
7.048708333333333	0.015617882670919977	0.16910690682688073
7.090416666666666	0.016029133644403455	0.16981550587212868
7.132124999999999	0.016479126587632002	0.17056416383251766
7.1738333333333335	0.016954021193239154	0.17140314746502927
7.215541666666667	0.017511082545527683	0.172374165852491
7.25725	0.018099200778851937	0.17344055537980813
7.298958333333333	0.018781008468672825	0.17455127183870844
7.3406666666666665	0.01948332289386024	0.1756860548997714
7.382375	0.020253577500566125	0.17677700287732873
7.424083333333333	0.021057461417963032	0.17781034906789323
7.465791666666666	0.02188715953943792	0.1788355464750056
7.507499999999999	0.022724985702290493	0.17983301392674278
7.5492083333333335	0.02358550926508822	0.1807950812384258
7.590916666666667	0.024527954213949994	0.18179318308780645
7.632625	0.0254063103209781	0.18286846728441342
7.674333333333333	0.02633391573130584	0.1839094941652018
7.7160416666666665	0.02726313080349558	0.18499401657532039
7.75775	0.028117367396959768	0.18604218973932257
7.799458333333333	0.028996276523819704	0.1871317152024961
7.841166666666666	0.029900652664751178	0.18821453622183554
7.882874999999999	0.03073205978447184	0.18926791920553748
7.924583333333333	0.03152086553355587	0.19034177696767457
7.966291666666667	0.03223962711147002	0.19142841446596132
8.008	0.03297337621556133	0.19246887087252434
8.049708333333333	0.033524956314983353	0.19353485496655343
8.091416666666666	0.03403871506184783	0.19455808159911164
8.133125	0.03450588610178029	0.19555559138284373
8.174833333333334	0.03491798891868891	0.19651401931939178
8.216541666666666	0.03524822922816206	0.19753232906458684
8.25825	0.03548543564312221	0.19859763842700034
8.299958333333333	0.035676639844105816	0.19972250243716905
8.341666666666667	0.03573572431686502	0.20085310444502147
8.383375	0.035723104896194006	0.20199115802193535
8.425083333333333	0.03563787046490344	0.20319444638199025
8.466791666666666	0.035459744322272446	0.2043505066357616
8.5085	0.03519997504334009	0.20549947489144332
8.550208333333334	0.03484988450114378	0.20650827731937077
8.591916666666666	0.03443714195620023	0.20743948213610847
8.633625	0.03396495554954386	0.20826286202567468
8.675333333333333	0.033468496377863005	0.2089405458810853
8.717041666666667	0.03293052511308147	0.20950251548782217
8.75875	0.032314913622977864	0.20994765757129902
8.800458333333333	0.03165547215778466	0.21038376545688509
8.842166666666666	0.031001188119451302	0.21084190139073683
8.883875	0.03032598014898582	0.2114920092754451
8.925583333333334	0.029603907532078026	0.21240383455955286
8.967291666666666	0.028867312800502275	0.2134572166802456
9.009	0.02812259456835725	0.21458172834324912
9.050708333333333	0.0273170912880151	0.2156775926135729
9.092416666666667	0.026525796327471214	0.21674008263870276
9.134125	0.025699506739685664	0.21768903916417015
9.175833333333333	0.024901356075050264	0.2185307796125766
9.217541666666666	0.024113286719486995	0.21934548472275384
9.25925	0.02326463032117513	0.2202124072354829
9.300958333333334	0.022386405616844803	0.22112171275586767
9.342666666666666	0.021557256714361754	0.22202120856094892
9.384375	0.020759210008483242	0.22304646210383344
9.426083333333333	0.019943546041295	0.2240706934556449
9.467791666666667	0.019181601033768453	0.22504563877319167
9.5095	0.01843957287118292	0.22604856762235864
9.551208333333333	0.017777232395372496	0.22709365337869664
9.592916666666666	0.01716652522642658	0.22810743811786577
9.634625	0.01657540783806412	0.22914647848249042
9.676333333333334	0.016104579563341888	0.23008160188629068
9.718041666666666	0.01563804480536899	0.23090665218484396
9.75975	0.015264342238490788	0.23170763033469405
9.801458333333333	0.014985175493152371	0.2325240823593348
9.843166666666667	0.014782911148022415	0.2334092004190811
9.884875	0.014693096284537828	0.23428603414062732
9.926583333333333	0.01463209245678652	0.2352577577614473
9.968291666666666	0.014703875882411213	0.2363208572265178
10.01	0.014778367547914574	0.237381594106166
10.051708333333332	0.01495374812003849	0.23845064424742762
10.093416666666666	0.015231494232235238	0.2395089478088988
10.135125	0.015528607255111735	0.24053403467470225
10.176833333333333	0.015911072988197772	0.241555804685968
10.218541666666667	0.016362097488111932	0.24259899930662182
10.26025	0.01681811660499101	0.24364034985648253
10.301958333333333	0.01737504104422475	0.24475252997996366
10.343666666666666	0.01796573858286804	0.24594188521554478
10.385375	0.018669746777416674	0.24707587233930095
10.427083333333332	0.019363476179789417	0.24820305191450553
10.468791666666666	0.020142509050870616	0.24930025319326665
10.5105	0.020941182036744006	0.25025372247619654
10.552208333333333	0.021758317226307278	0.25114754270227246
10.593916666666667	0.022612607336030953	0.252039799618447
10.635625	0.0234915327375253	0.2528896077179593
10.677333333333333	0.024404340181239194	0.2536847071941406
10.719041666666666	0.02540207144075718	0.25468433047466665
10.76075	0.02637513211114014	0.25579446929036775
10.802458333333332	0.027280452122911268	0.2568034567836238
10.844166666666666	0.028183835964339585	0.25779341486590757
10.885875	0.029163518959564552	0.258814912735432
10.927583333333333	0.030052678961982777	0.25983742073250676
10.969291666666667	0.030979721517938597	0.2608582598792636
11.011	0.03183705021429463	0.2619531823519099
11.052708333333333	0.03261877335257112	0.2630928499615073
11.094416666666666	0.03340247496067382	0.2642939679628661
11.136125	0.03415167611712361	0.2655618287812747
11.177833333333332	0.034829436666878134	0.26682250913162886
11.219541666666666	0.03548863715019239	0.2679530524004827
11.26125	0.03600386086326407	0.2690718125313472
11.302958333333333	0.036483878884168444	0.27012502019082907
11.344666666666667	0.03693195168787139	0.2711570122861907
11.386375	0.037223380776659605	0.27214989087409136
11.428083333333333	0.037446510706714654	0.2731335376016646
11.469791666666666	0.03756546569503201	0.2741337436334217
11.5115	0.03759169605868528	0.27510536135081387
11.553208333333332	0.037566704008274915	0.2761156334295798
11.594916666666666	0.03745987714236944	0.277130022064932
11.636625	0.03720063059709688	0.27811422078448556
11.678333333333333	0.036870373613538544	0.27911693659952613
11.720041666666667	0.03651931279024239	0.2800451258955501
11.76175	0.036069309185351534	0.28083370478119823
11.803458333333333	0.03553457729649658	0.28149899974711623
11.845166666666666	0.03501755631766114	0.28196586651326394
11.886875	0.03443654865904137	0.2823677736415815
11.928583333333332	0.03384360077277146	0.28288361201649
11.970291666666666	0.033235093759211604	0.2836024640698841
12.012	0.03251148651994089	0.28462948319924264
12.053708333333333	0.03180481202032371	0.2858809220617504
12.095416666666667	0.03104154554964502	0.28715155288024796
12.137125	0.030218022418012386	0.2883705166217718
12.178833333333333	0.02938432443181708	0.2894924662786603
12.220541666666666	0.028503745083658612	0.29046599083412117
12.26225	0.027662686128206763	0.29129909495825085
12.303958333333332	0.02680350973254226	0.29206709603175596
12.345666666666666	0.025880403780366962	0.2927739046390757
12.387375	0.025000508096004813	0.2934996182408474
12.429083333333333	0.024133616134394124	0.2943445088277008
12.470791666666667	0.023208352294517426	0.29524566568271426
12.5125	0.02228073185305386	0.29621290023006847
12.554208333333333	0.021460221719157145	0.29718910124371484
12.595916666666666	0.020554321121479653	0.29816040730778576
12.637625	0.019688812412857908	0.29921312088877045
12.679333333333332	0.018910575774048137	0.3003080388240771
12.721041666666666	0.01815034470254767	0.3014306562834544
12.762749999999999	0.017371980559701336	0.30245227284438403
12.804458333333333	0.016639193614119294	0.3033733417818983
12.846166666666665	0.016054826548540888	0.3043648009809121
12.887875	0.015475670411433233	0.3054064613352007
12.929583333333333	0.014991401101144814	0.3064063648710531
12.971291666666666	0.014560850283401828	0.3074700711461461
13.013	0.014219577534515715	0.308583073685625
13.054708333333332	0.014060643973241778	0.30980708280489594
13.096416666666666	0.013966894225676199	0.31104759482824385
13.138124999999999	0.014010185734388772	0.3122202409271471
13.179833333333333	0.014191122601137097	0.31324823205182084
13.221541666666669	0.014411344087558049	0.31413395990482984
13.26325	0.014696732725458518	0.3148999952132623
13.304958333333333	0.015083894313486166	0.3156265698629437
13.346666666666666	0.015521996890363756	0.3163708727817359
13.388375	0.0159811956500528	0.31719036767255343
13.430083333333332	0.01649400040688981	0.31819841883340894
13.471791666666666	0.017064316002721472	0.31939130795723986
13.513499999999999	0.01777955028096856	0.3206507410563143
13.555208333333333	0.018479941510911625	0.32194821829950665
13.596916666666669	0.01933268733538475	0.32321213565020906
13.638625	0.020161721922333342	0.32438824668675204
13.680333333333333	0.02106632164748306	0.3254226171524889
13.722041666666666	0.021956897720478784	0.32626472254292094
13.76375	0.022853090283634032	0.32694660784914575
13.805458333333332	0.023798961281742234	0.3276829968218191
13.847166666666666	0.024735285081805974	0.32849339385577625
13.888874999999999	0.02578538804351148	0.32947885027444296
13.930583333333333	0.026799761481858024	0.33062183119704835
13.972291666666667	0.027845882061907072	0.33189649138472876
14.014	0.028878136288263613	0.3331960692999264
14.055708333333333	0.029937125932768045	0.3344972085130845
14.097416666666666	0.030894459699515604	0.33575294696091473
14.139125	0.031878289721420094	0.3368685402829428
14.180833333333332	0.03280139759189665	0.3379004891945546
14.222541666666666	0.03368213377832956	0.33885636161825416
14.264249999999999	0.03450084897547823	0.3397824069093228
14.305958333333333	0.03522090382018269	0.3407371199032816
14.347666666666667	0.03591861329980866	0.3416459748333162
14.389375	0.03652968519135854	0.34262096713835555
14.431083333333333	0.03702154987831331	0.3436013794046032
14.472791666666666	0.03739455301352921	0.3446102915353424
14.5145	0.037509150837723444	0.34558598337802643
14.556208333333332	0.037256610413592066	0.3464247742657669
14.597916666666666	0.03690681151781921	0.34751865447652797
14.639624999999999	0.03642846278863918	0.3486990690354227
14.681333333333333	0.0359407718185543	0.34996746063869816
14.723041666666667	0.03530530470893726	0.35113296861736903
14.76475	0.03462050354711465	0.35215918433170385
14.806458333333333	0.03382851145148514	0.3530620168805547
14.848166666666666	0.03297793421026208	0.35385543833790056
14.889875	0.03210444580955594	0.354481067317428
14.931583333333332	0.03122830410649205	0.35491694746627456
14.973291666666666	0.03030764222126079	0.35524183715575747
15.014999999999999	0.0293498976287246	0.3557214331826496
15.056708333333333	0.028351613949654804	0.3565605723659493
15.098416666666667	0.02735931842872387	0.3576498319272028
15.140125	0.02628733252733219	0.3589061534446291
15.181833333333334	0.025219497060915412	0.3601228403782382
15.223541666666666	0.02412938751603972	0.3611203483441606
15.26525	0.023066418588990896	0.36181559633535765
15.306958333333332	0.021935156584961375	0.36239424423534117
15.348666666666666	0.020834808158938255	0.36291029278640796
15.390374999999999	0.019736304903337665	0.363592992906557
15.432083333333333	0.01867376954578874	0.3644957056969416
15.473791666666665	0.017601754365742246	0.3655319327073875
15.5155	0.01650176609006313	0.36663090289583
15.557208333333334	0.015474952384307966	0.36761929460989107
15.598916666666666	0.014438617718952542	0.368638743057614
15.640625	0.013724989651583445	0.3696203437524177
15.682333333333332	0.014282586777840714	0.3704442269633535
15.724041666666666	0.014807389430992116	0.37138020911503966
15.765749999999999	0.01538763588193331	0.3724348258285649
15.807458333333333	0.016001384776286695	0.37363968834161115
15.849166666666665	0.016628154633928742	0.37490382406189604
15.890875	0.01740276337743244	0.3760866659971376
15.932583333333334	0.018153173205024	0.3772130671532338
15.974291666666666	0.018976516942793682	0.37822234125603493
16.016	0.019880652405067666	0.37916771486990986
16.057708333333334	0.020719029801766348	0.3801616936621926
16.099416666666666	0.021628733645121932	0.3812520713547034
16.141125	0.022583993494380054	0.38240156889719806
16.18283333333333	0.02357571698650228	0.38354779778911363
16.224541666666667	0.024544913302722987	0.38456027094344775
16.26625	0.02554927121797259	0.38557282411744426
16.307958333333332	0.026580674477969655	0.3865262074810599
16.349666666666668	0.027609814389501754	0.38750590079742603
16.391375	0.02866320320225728	0.3886463494017346
16.433083333333332	0.0296893170420039	0.3897661242253687
16.474791666666665	0.03072283544522205	0.3908228613329242
16.5165	0.0317836274590335	0.39177554865723385
16.558208333333333	0.032757680444102294	0.39270890287418664
16.599916666666665	0.033744795815002844	0.39358696589061637
16.641624999999998	0.034678531501806414	0.3945697836891397
16.683333333333334	0.03560241188329593	0.3954994414595976
16.725041666666666	0.03643664023039466	0.39653649108241973
16.76675	0.0372100169415424	0.3977407636445132
16.808458333333334	0.03722319076324533	0.39866863069811925
16.850166666666667	0.036776551809062315	0.39976686203611733
16.891875	0.036353304677200764	0.40116314563561073
16.93358333333333	0.035778906700093475	0.4025146153080117
16.975291666666667	0.035134341665691037	0.40368905547139156
17.017	0.0344924975043694	0.40484030550191585
17.058708333333332	0.03372624620508003	0.4060597169998334
17.100416666666668	0.032945574128599456	0.4071796446893105
17.142125	0.032117569002503094	0.40815967220754923
17.183833333333332	0.03117791242851626	0.409074808918785
17.225541666666665	0.030181051760575124	0.41005100189941374
17.26725	0.029226512427110156	0.411147186416151
17.308958333333333	0.028200547821087545	0.41220290602527515
17.350666666666665	0.027089966866929167	0.413249572266702
17.392374999999998	0.025942612837608063	0.4143605556406462
17.434083333333334	0.0246756279378186	0.4154533528443277
17.475791666666666	0.023477422569893575	0.41646230421910657
17.5175	0.022263140314442847	0.41738276016104037
17.559208333333334	0.02103528129494415	0.41824905426770903
17.600916666666667	0.019818965625777056	0.4191152879489687
17.642625	0.01855886802514825	0.42002679488970074
17.68433333333333	0.017377534360450426	0.420970535148267
17.726041666666667	0.016150383102345067	0.42184839352169645
17.76775	0.014965937567881575	0.4227499719712572
17.809458333333332	0.01388300178393694	0.423582225408053
17.851166666666668	0.014357487377902307	0.424363190781145
17.892875	0.014894156897836118	0.42546944758181343
17.934583333333332	0.01541940231061857	0.4266759594745536
17.976291666666665	0.015960134626171747	0.42777171458460106
18.018	0.01649451364859702	0.4286249682921397
18.059708333333333	0.017079787611126253	0.42935799187980817
18.101416666666665	0.01763254366669767	0.43015297889634074
18.143124999999998	0.018181546016966574	0.4311419453111867
18.184833333333334	0.01871031030077793	0.43222252986606025
18.226541666666666	0.01927970528614765	0.4332091123257281
18.26825	0.019860509669797202	0.4341517111734
18.309958333333334	0.02043768441596558	0.4350800270965883
18.351666666666667	0.020952402212728025	0.4360922667082344
18.393375	0.0215067087933987	0.437152261289282
18.43508333333333	0.0221046967109189	0.4380334646814147
18.476791666666667	0.02273546425601814	0.4389044566890525
18.5185	0.023346337200675256	0.4398476873821754
18.560208333333332	0.023906778076374702	0.4407057423764774
18.601916666666668	0.024517297711661938	0.44157037608123606
18.643625	0.025109300233595006	0.4424125413917073
18.685333333333332	0.025704571737975086	0.44332266687056066
18.727041666666665	0.02633534949776592	0.4441876759239718
18.76875	0.026937313353383875	0.44495059481990973
18.810458333333333	0.02753689528539112	0.44581509043288364
18.852166666666665	0.02807022680264873	0.44673488820799173
18.893874999999998	0.02860851500198576	0.44772426413577066
18.935583333333334	0.02919625363893602	0.4488344647257409
18.977291666666666	0.029772096254951454	0.44993083221444496
19.019	0.030310483106392644	0.45096218636880503
19.060708333333334	0.030806571487731214	0.4519594088271843
19.102416666666667	0.03127173984743495	0.4528922612596289
19.144125	0.03172187468832977	0.4536650180349525
19.18583333333333	0.03216891183336235	0.4543537399865236
19.227541666666667	0.03258416412724052	0.4550944747866555
19.26925	0.03303626785356669	0.4558158535500888
19.310958333333332	0.033495027607084456	0.45634566943219995
