mass_A
t	x	y
0.0	0.033416765799541566	0.01282301553103049
0.04170833333333333	0.03341561357210286	0.01282514324183881
0.08341666666666667	0.033408860616698476	0.012829199307163586
0.125125	0.0334095929367149	0.012829512761187323
0.16683333333333333	0.03341090420286374	0.012829488010518475
0.20854166666666665	0.03339336177749769	0.013010638295329446
0.25025	0.03345547141782781	0.013858209431521662
0.2919583333333333	0.033722554986968425	0.016265430210906318
0.33366666666666667	0.03432427095412223	0.021041801955663797
0.375375	0.03519070924776005	0.027459087213338063
0.4170833333333333	0.03442795366833156	0.03368239260920991
0.45879166666666665	0.032330186494342654	0.03958375929190666
0.5005	0.028085732391075452	0.04432335615649108
0.5422083333333333	0.0232363174278818	0.04690442085156232
0.5839166666666666	0.016501050600848763	0.04990268237384837
0.625625	0.014122056028746648	0.05134071702757703
0.6673333333333333	0.017405840018477246	0.05430034324347366
0.7090416666666667	0.019878028124911004	0.06006603980827063
0.75075	0.019708556308004846	0.06784018005392545
0.7924583333333333	0.016731604785608388	0.07534067541176687
0.8341666666666666	0.015022285208843834	0.08310382456245763
0.875875	0.015568424095695421	0.089431441954968
0.9175833333333333	0.01780006679972615	0.09469016693545645
0.9592916666666667	0.021030073637499522	0.09822840861898852
1.001	0.02491751764544268	0.1001740783313535
1.0427083333333333	0.02897404979838334	0.10131769303347266
1.0844166666666666	0.03291224576447778	0.10275236848374825
1.126125	0.03605945508192128	0.10545931938589287
1.1678333333333333	0.033875604162209555	0.10937805142429274
1.2095416666666667	0.030826331219505336	0.11523224708521318
1.25125	0.02697680316268035	0.12154390564439665
1.2929583333333332	0.022392504821127444	0.12686391809827074
1.3346666666666667	0.01782312244677929	0.1305578500368072
1.376375	0.013532525923777614	0.1338751320888183
1.4180833333333334	0.015420126495710847	0.13742093490286555
1.4597916666666666	0.017912637630947366	0.14269373822293968
1.5015	0.019973226242607584	0.14914911599831393
1.5432083333333333	0.019255345861740526	0.15740232974574858
1.5849166666666665	0.01844254912534865	0.1658776295293215
1.626625	0.01828657199538329	0.1721458447063639
1.6683333333333332	0.018521295219349344	0.176815669632919
1.7100416666666667	0.018842714748140095	0.18070615415279667
1.75175	0.021155025137246604	0.18463367035133904
1.7934583333333334	0.02623793503427487	0.1887137292859204
1.8351666666666666	0.03164112212261827	0.19273446878022593
1.8768749999999998	0.036352399124816914	0.1959746913733973
1.9185833333333333	0.03443567751045061	0.19777981576020398
1.9602916666666665	0.03154619332951236	0.1998712939629162
2.002	0.028453439216684404	0.2037001395287853
2.0437083333333335	0.021914405310336678	0.21083110713028186
2.0854166666666667	0.01502755624556194	0.21791378319555327
2.127125	0.015137609103100438	0.2223948033194792
2.168833333333333	0.019002540476085975	0.2259134230186466
2.2105416666666664	0.02239750238290915	0.22950760016464483
2.25225	0.02679438107453374	0.2330062130162574
2.2939583333333333	0.03206769985647896	0.23670902230521196
2.3356666666666666	0.03705410059180084	0.24108190631222415
2.377375	0.034025390209506075	0.24515538521121932
2.4190833333333335	0.032130473111939964	0.25094146035762144
2.4607916666666667	0.03208638807757041	0.2600339986963426
2.5025	0.03047260044616814	0.2683772370697131
2.544208333333333	0.028327020798867883	0.2743796841739985
2.5859166666666664	0.025328012765241138	0.27840425680357433
2.627625	0.021309673643223843	0.28119816948982335
2.6693333333333333	0.014526238128728958	0.28379369914380403
2.7110416666666666	0.015880665551967033	0.28657478667066993
2.75275	0.019592971460757995	0.29030291086630766
2.794458333333333	0.024023407323970812	0.2952826250305466
2.8361666666666667	0.029255362174794936	0.3003446513189699
2.877875	0.03437098317390293	0.3052452779113336
2.919583333333333	0.036993084348579196	0.30802535045916746
2.9612916666666664	0.034711764094815405	0.310677474237814
3.003	0.030765114873566868	0.3151112210921468
3.0447083333333333	0.02796459709240221	0.3219501516413025
3.0864166666666666	0.025330470754696487	0.3297938146773949
3.128125	0.02256759315786299	0.33573585104628856
3.169833333333333	0.019895788793092048	0.34042386613634823
3.2115416666666663	0.01764508935808376	0.34465080560291306
3.25325	0.01602797956987891	0.34822857463146517
3.294958333333333	0.013542996661139183	0.3525201364145349
3.3366666666666664	0.01616450266269762	0.35755127979739876
3.3783749999999997	0.02049720989737952	0.3639583227880747
3.4200833333333334	0.0256557880305711	0.36992036517266524
3.4617916666666666	0.031683510889719546	0.37447619844803853
3.5035	0.035868240189119896	0.37799170928956866
3.545208333333333	0.03456213827969381	0.38185468215556173
3.5869166666666668	0.035822613920961394	0.3889362634446537
3.628625	0.03468363517922354	0.39549863365785876
3.6703333333333332	0.03250675390124345	0.4001286630121913
3.7120416666666665	0.029676246470315894	0.4037932193064583
3.7537499999999997	0.026398840805094276	0.4076292279984297
3.7954583333333334	0.022782238754501458	0.4115711572021007
3.8371666666666666	0.01969807871028876	0.4155807474166089
3.878875	0.01769511529961698	0.4199205024770666
3.920583333333333	0.016976838297516506	0.42461217317773564
3.9622916666666663	0.017485841514611862	0.42895470630282584
4.004	0.01903468803512278	0.43318992757698954
4.045708333333333	0.023622194663552004	0.43802119736596623
4.087416666666667	0.030253577844879698	0.4420794826843158
4.129125	0.03658641587935858	0.44625956621840285
4.170833333333333	0.03340909883704253	0.44927507840631176
4.212541666666667	0.030218364610353134	0.45505788487122284
4.25425	0.025052908355001284	0.46043577987915263
4.295958333333333	0.019365212782165284	0.46845524660554494
4.337666666666666	0.01608256223110878	0.46236897252761183
4.379375	0.017677340309391415	0.46501990515033886
4.421083333333333	0.022804628537360136	0.46659521731163184
4.462791666666667	0.015028354887488934	0.46236386121927914
4.5045	0.015099372624100112	0.4628165377780426
