mass_A
t	x	y
0.0	0.03600374147320668	0.01795539968199683
0.04170833333333333	0.036000394528090396	0.017954596273995038
0.08341666666666667	0.03599212673553455	0.017957923989071645
0.125125	0.03599457365282055	0.017957265995405036
0.16683333333333333	0.03599668062838639	0.017960998164911146
0.20854166666666665	0.03598790286847336	0.017963684596410456
0.25025	0.03599814369926551	0.017973193105830287
0.2919583333333333	0.03601888082875727	0.01808127310831953
0.33366666666666667	0.03598780132892336	0.018484230373634225
0.375375	0.036048837444929545	0.019203013265742808
0.4170833333333333	0.03605866273909524	0.020286271677350087
0.45879166666666665	0.03602710330783593	0.021662097824701076
0.5005	0.03604183511240161	0.02327525266542496
0.5422083333333333	0.03606853527665925	0.02514199381924115
0.5839166666666666	0.03600365154491572	0.02697897443749342
0.625625	0.03596762894880906	0.02861334095945145
0.6673333333333333	0.035906462145017796	0.030039460560313758
0.7090416666666667	0.03578655326960913	0.0311757744321568
0.75075	0.03567834321144935	0.03205161299410708
0.7924583333333333	0.03546887986974065	0.0326593777078244
0.8341666666666666	0.03530628082347294	0.033064336318144205
0.875875	0.03516075231198437	0.03341655234000096
0.9175833333333333	0.03494815317442237	0.03374677692045436
0.9592916666666667	0.0347464683909901	0.03415900740292216
1.001	0.03454045455494399	0.034834438608602525
1.0427083333333333	0.03425384739074541	0.035741546308849625
1.0844166666666666	0.03398224334674742	0.03680604415490002
1.126125	0.03364954598194994	0.038031081430049074
1.1678333333333333	0.03332008790244207	0.0391988062130858
1.2095416666666667	0.03288016528233504	0.04021336502624323
1.25125	0.03248130849987949	0.04115582145755686
1.2929583333333332	0.03203086517399456	0.041901677644475166
1.3346666666666667	0.03156705710403409	0.04244320869701934
1.376375	0.0310726096180449	0.04288292309671904
1.4180833333333334	0.030603945341107774	0.04325147384716432
1.4597916666666666	0.030134934757461505	0.0436065544552659
1.5015	0.029656267060555	0.04415267045380544
1.5432083333333333	0.02911845386039187	0.04496006981714262
1.5849166666666665	0.02863112188523001	0.04591344772068706
1.626625	0.028095938300629904	0.04697276917863896
1.6683333333333332	0.02747084679335489	0.04819108230924074
1.7100416666666667	0.026935865950504477	0.04949031378966923
1.75175	0.026340956561436077	0.050696567988033514
1.7934583333333334	0.025711055547992363	0.05175074719672762
1.8351666666666666	0.025070314269500703	0.05271174185819244
1.8768749999999998	0.024433298605041683	0.05351907320694521
1.9185833333333333	0.023780112517636155	0.05419828498893031
1.9602916666666665	0.02312103566595574	0.054898061363822415
2.002	0.02249340192479514	0.05557713196818692
2.0437083333333335	0.02186502940381601	0.05635478833833707
2.0854166666666667	0.021234417225789663	0.05726887968890787
2.127125	0.02057643202575833	0.05826650756794588
2.168833333333333	0.01993792759154163	0.05934429776690514
2.2105416666666664	0.019328953719002256	0.06043288084283899
2.25225	0.018709520120677142	0.06142556877666683
2.2939583333333333	0.018114166372996128	0.0622765033681148
2.3356666666666666	0.017586458098824684	0.06304449162326797
2.377375	0.017055142056835976	0.06369653570105821
2.4190833333333335	0.016620618601412986	0.06435252530964147
2.4607916666666667	0.016211199245570136	0.06503984461088413
2.5025	0.01584709564563104	0.06584054125809474
2.544208333333333	0.015536520983829488	0.06674321763162788
2.5859166666666664	0.015277786701789711	0.06776947944361716
2.627625	0.01510817221170923	0.0689169156237257
2.6693333333333333	0.014951516607690958	0.07005572743924093
2.7110416666666666	0.014936108237831838	0.07127263074410528
2.75275	0.014943608462416137	0.07233703576378125
2.794458333333333	0.015073115845493743	0.07330460550660262
2.8361666666666667	0.015215558556322353	0.07427560826533669
2.877875	0.015449309745197641	0.07523192122108813
2.919583333333333	0.01574063180283399	0.07618095702643113
2.9612916666666664	0.016079427612053748	0.07716010224933623
3.003	0.016500172395685936	0.07810999632942989
3.0447083333333333	0.01700928024089144	0.07915236868414788
3.0864166666666666	0.017558529678855024	0.08030701237877041
3.128125	0.018094360222285617	0.0814852880563291
3.169833333333333	0.018730408951081835	0.08273714853745018
3.2115416666666663	0.019446833212138845	0.08397758188565796
3.25325	0.020245035972050462	0.08513326914266933
3.294958333333333	0.021067185606064513	0.08617166981235125
3.3366666666666664	0.021942727422876285	0.08715142934935394
3.3783749999999997	0.022876677058598055	0.08802802179284197
3.4200833333333334	0.023754492869419594	0.08881087880470462
3.4617916666666666	0.024646523209781994	0.08960723585712449
3.5035	0.025595636109770933	0.09040704298699492
3.545208333333333	0.026517698360199737	0.09123695632329643
3.5869166666666668	0.027446769077398868	0.09211416196603844
3.628625	0.02838603259878615	0.09317306449502238
3.6703333333333332	0.02944775674824407	0.09426912850148822
3.7120416666666665	0.030463222788626218	0.09549042326370455
3.7537499999999997	0.031464442645984504	0.09670706530618323
3.7954583333333334	0.032439779009102346	0.0977050852899024
3.8371666666666666	0.03346822267563633	0.0987133903844234
3.878875	0.03445558717236228	0.09974484595513977
3.920583333333333	0.03532274202434696	0.100629670085145
3.9622916666666663	0.036138851202597605	0.10148769042851985
4.004	0.03661490827182852	0.10227275220394944
4.045708333333333	0.03615201494496027	0.10286417955159882
4.087416666666667	0.03566413219497353	0.10361556692412133
4.129125	0.03514850262048221	0.10458072094380721
4.170833333333333	0.0345886525877108	0.10576607828028117
4.212541666666667	0.03389486000145164	0.10704417530179261
4.25425	0.03314710795576627	0.10830373475773503
4.295958333333333	0.03244862953700165	0.10954130649287663
4.337666666666666	0.03167468383053142	0.1106520581139227
4.379375	0.030874341352932655	0.11158370851260502
4.421083333333333	0.030086322467196523	0.11232975104373294
4.462791666666667	0.029231457520295268	0.11296350740267863
4.5045	0.028425572480651383	0.11355033821388666
4.546208333333333	0.02757996652921671	0.11405785933634904
4.587916666666667	0.026789024958043806	0.11459337008306764
4.629625	0.026033750019838826	0.1152324346370846
4.671333333333333	0.025285825117024027	0.11607325901574728
4.713041666666666	0.02441974194271728	0.1170541201289752
4.75475	0.02363732841587557	0.11813851546548143
4.796458333333333	0.02286373968755015	0.11917942876454007
4.838166666666667	0.02206152121249972	0.12015043224050487
4.879875	0.021282905185339866	0.12109946177643605
4.921583333333333	0.020511288913248223	0.12192038200961774
4.963291666666667	0.019681444916530233	0.12280968130295966
5.005	0.018939466441107514	0.12364017363485985
5.046708333333333	0.018192319189666073	0.12449583780934964
5.088416666666666	0.017482987792578106	0.1253126740870869
5.130125	0.016819566174952956	0.12624311266486454
5.171833333333333	0.016199080045453555	0.12713786397216975
5.213541666666666	0.015583412628903642	0.12798900474815383
5.25525	0.015032944668159267	0.12893562583218093
5.296958333333333	0.014551241076503303	0.12985876467339286
5.338666666666667	0.014082626605397119	0.13077918360740443
5.380375	0.013695663150879334	0.1316998986736399
5.422083333333333	0.013495339146667878	0.1326258427538296
5.463791666666666	0.013611343352025958	0.1334822717796622
5.5055	0.01384015686521771	0.13445778600250557
5.547208333333333	0.014185875599335818	0.1354677551314879
5.588916666666666	0.014468496808661632	0.1365039162282895
5.630625	0.014865424924440145	0.1375539334675947
5.6723333333333334	0.01534915836233166	0.13866990751628788
5.714041666666667	0.01589521305190935	0.13979611527978425
5.75575	0.016514254135349876	0.14095541255144883
5.797458333333333	0.017174896473208905	0.14202427417166297
5.839166666666666	0.01786703059671444	0.1430715655456204
5.880875	0.01859489726573902	0.14410236782086827
5.922583333333333	0.01932573719488536	0.1450687082523508
5.964291666666666	0.0202336959269713	0.14603585143564052
6.006	0.021181279676080307	0.14701420944133736
6.0477083333333335	0.022066121447009042	0.14803397636228144
6.089416666666667	0.022905106656620766	0.1490038305849471
6.131125	0.023775955500930618	0.1500746476800056
6.172833333333333	0.024773948265708265	0.15112940724119622
6.214541666666666	0.02575322741310134	0.15210815557606572
6.25625	0.026747210098807456	0.153164647378153
6.297958333333333	0.02778339928909567	0.15422670713859132
6.339666666666666	0.02873829073006238	0.15531855102373893
6.381374999999999	0.02979383957204479	0.15638315802225583
6.423083333333333	0.030794912036368215	0.15745445098612004
6.464791666666667	0.03174232063969609	0.15848899705444514
6.5065	0.03266403110520667	0.15948592484696372
6.548208333333333	0.03355466640314082	0.16050646301400928
6.589916666666666	0.03438265364585454	0.16145413172624334
6.631625	0.035167415202767956	0.16245284224284778
6.673333333333333	0.03590332280566407	0.16342046158884022
6.715041666666666	0.03657638766423017	0.1644101586099797
6.756749999999999	0.037013291758605085	0.16533191707736006
6.798458333333334	0.0365842356781337	0.16597930107313436
6.840166666666667	0.036178235198157244	0.1667785622813237
6.881875	0.03576420698864689	0.16772982295009292
6.923583333333333	0.03569237079162936	0.16905763350590025
6.965291666666666	0.035681561487878745	0.17049157284454247
7.007	0.0355692678853583	0.17199636397027052
7.048708333333333	0.03536340880714083	0.1733986565453119
7.090416666666666	0.03508378415154281	0.17469697849370774
7.132124999999999	0.03475031185257534	0.1757290591602007
7.1738333333333335	0.0343914794117684	0.17665276673172214
7.215541666666667	0.03391590895477326	0.17739537228164515
7.25725	0.03349075009612342	0.1781277348045509
7.298958333333333	0.03310821651163569	0.17874700066522659
7.3406666666666665	0.0326120933337711	0.17944047801708018
7.382375	0.03216022746139489	0.18013723060748854
7.424083333333333	0.03160749232973925	0.18104364222953517
7.465791666666666	0.03105968330014202	0.18195502149439036
7.507499999999999	0.030485998361835513	0.1828753226759856
7.5492083333333335	0.02992375454288717	0.18374849248196656
7.590916666666667	0.029207350580723858	0.18458736548212795
7.632625	0.028560894480741256	0.1852882080847234
7.674333333333333	0.02788700991122227	0.1858422449624696
7.7160416666666665	0.027239151339069713	0.18619258557237295
7.75775	0.026604157227007236	0.1866133308614274
7.799458333333333	0.025970022093903325	0.1871132625848188
7.841166666666666	0.02525041194101684	0.18797522318786325
7.882874999999999	0.024596361053487753	0.18900083484390612
7.924583333333333	0.023882243147839842	0.1902228885148854
7.966291666666667	0.023159147090790026	0.1915198300654059
8.008	0.02250986452429861	0.19275129037797145
8.049708333333333	0.02180360178160827	0.19407120133941386
8.091416666666666	0.021171512647229163	0.1952099584378878
8.133125	0.020509402411655234	0.19625718796912167
8.174833333333334	0.020033051649939994	0.19717614587970972
8.216541666666666	0.019526611066121864	0.19807475571117839
8.25825	0.019097069687140367	0.19890480433095797
8.299958333333333	0.018726753462538853	0.19971515811420415
8.341666666666667	0.01836912711765814	0.2005348343139141
8.383375	0.01815980116186422	0.20146129923418465
8.425083333333333	0.017998284774117308	0.2024554201440722
8.466791666666666	0.017929363196748302	0.20344283802879493
8.5085	0.01795802897968695	0.20452974635029814
8.550208333333334	0.018062188229081233	0.20567023317109406
8.591916666666666	0.018208847527672566	0.20675136453920762
8.633625	0.01847215375966209	0.20771207628912275
8.675333333333333	0.018777676187098143	0.20854748839558085
8.717041666666667	0.019196492625071747	0.20936019288299235
8.75875	0.019586802381398212	0.21022885898520494
8.800458333333333	0.020094003096335515	0.21120593440137864
8.842166666666666	0.020650429962811606	0.21221215715496466
8.883875	0.02131412602181882	0.2133869589617648
8.925583333333334	0.022030339328951237	0.2145886390510119
8.967291666666666	0.022776686273311628	0.21581889778627633
9.009	0.023557329706545213	0.21703907532756583
9.050708333333333	0.024427815636470236	0.2181370180176181
9.092416666666667	0.02529850524580375	0.21915468171105212
9.134125	0.026185218371639445	0.22004973179286902
9.175833333333333	0.02708660695351793	0.22095819953491963
9.217541666666666	0.027988959921812315	0.2219016248491636
9.25925	0.028909069952718913	0.22283098094295578
9.300958333333334	0.029811774036033883	0.2238295962364671
9.342666666666666	0.0307096993721793	0.22482195794156035
9.384375	0.031598434457158694	0.22590158255563975
9.426083333333333	0.03249472605225667	0.22697201609535234
9.467791666666667	0.033339372950068856	0.22805375223581448
9.5095	0.03409888411334266	0.22903214779890513
9.551208333333333	0.03482986349973077	0.22999218471533894
9.592916666666666	0.035556521282509836	0.2308932053086667
9.634625	0.03618456821392799	0.23174921663414888
9.676333333333334	0.03674660108522937	0.23260020596695624
9.718041666666666	0.036838983761121526	0.2333731516174089
9.75975	0.03656918233451477	0.23395940682358196
9.801458333333333	0.036171476034677554	0.23484091123426204
9.843166666666667	0.035689346752155585	0.23591689490665407
9.884875	0.03519655005213272	0.23717052064436406
9.926583333333333	0.03471102848030531	0.2384849111736102
9.968291666666666	0.034052451639144866	0.239756966853934
10.01	0.0334195034929426	0.2408987611306479
10.051708333333332	0.032716979249376645	0.24198386562154156
10.093416666666666	0.03196419903003635	0.24290131202872822
10.135125	0.03124401936989256	0.24368568335219776
10.176833333333333	0.030425850549488806	0.24447463664002128
10.218541666666667	0.029620062124563473	0.2453858733198217
10.26025	0.028734706654994085	0.24640770265688972
10.301958333333333	0.027887998999142807	0.24745816113593117
10.343666666666666	0.026978029549083606	0.24855068398899216
10.385375	0.02601582299917881	0.24970466643120903
10.427083333333332	0.025105978441027535	0.2509160579944843
10.468791666666666	0.02414066325061641	0.25193913604015106
10.5105	0.023146444088799754	0.25293401142156346
10.552208333333333	0.02216275799174513	0.2537665457126982
10.593916666666667	0.021300818366158714	0.2545349168671554
10.635625	0.020395752773365097	0.2551993427537733
10.677333333333333	0.01953239141186585	0.2557083074680717
10.719041666666666	0.018646481623160065	0.2561187734116847
10.76075	0.017814633049569255	0.25642475320694685
10.802458333333332	0.01709507302012795	0.2568520796092834
10.844166666666666	0.01637711535881429	0.25755786314137463
10.885875	0.01573573986532282	0.258594807127825
10.927583333333333	0.015052702092398451	0.2598036908420065
10.969291666666667	0.014478343352610563	0.2611710728881917
11.011	0.013911337356302466	0.26244048065349757
11.052708333333333	0.013397347730031598	0.26375269748408947
11.094416666666666	0.013112192814133498	0.2648495464751013
11.136125	0.013318673613464064	0.2656991505525803
11.177833333333332	0.013624941694047234	0.26656283112759854
11.219541666666666	0.014057087007365576	0.26745129798839185
11.26125	0.014507205150261653	0.2683653074283548
11.302958333333333	0.015045817592486709	0.2692599315379129
11.344666666666667	0.01568442129516058	0.27019534374421345
11.386375	0.016318832913044104	0.2710491396010213
11.428083333333333	0.017076654740797635	0.272086496042171
11.469791666666666	0.017862343681553303	0.27305315453167994
11.5115	0.01874973905454832	0.2740933377184588
11.553208333333332	0.019589335430043528	0.2752225721795739
11.594916666666666	0.020544536080388663	0.2764430509647794
11.636625	0.02163962516097314	0.2775639705331703
11.678333333333333	0.022704697663661025	0.2785957796356851
11.720041666666667	0.023867751057046457	0.2796371421587378
11.76175	0.02500474827034377	0.2806693857399999
11.803458333333333	0.026160255740311382	0.2817150532184538
11.845166666666666	0.027328719539947754	0.28291203169521395
11.886875	0.02853819649001013	0.284148704188344
11.928583333333332	0.029689775914796115	0.2854161403606238
11.970291666666666	0.03096266727120066	0.2865911904864567
12.012	0.03213114245851468	0.287660501113436
12.053708333333333	0.03334034735727574	0.28864384757437345
12.095416666666667	0.034486369630237525	0.28948076617095586
12.137125	0.0355645605928957	0.2902509885332924
12.178833333333333	0.03661495178482697	0.2910200847416517
12.220541666666666	0.036769110860251995	0.29167090320052924
12.26225	0.03619596343049716	0.2922872604942809
12.303958333333332	0.03564174365719716	0.293210494528592
12.345666666666666	0.03503226960326849	0.2942864805959319
12.387375	0.03437834527542031	0.2955290823732497
12.429083333333333	0.03376341199701142	0.29678144413568613
12.470791666666667	0.033039629833369916	0.2980550122558274
12.5125	0.0323782722306094	0.2991410807765277
12.554208333333333	0.031590285427975574	0.30016999440714653
12.595916666666666	0.030783328317096334	0.30104528340211556
12.637625	0.029953134351095832	0.3019769747969334
12.679333333333332	0.02913896034396532	0.3029020314569471
12.721041666666666	0.028266825331547292	0.30394108523286734
12.762749999999999	0.027391998172099682	0.3050020182784412
12.804458333333333	0.02660102113233536	0.30619668753761775
12.846166666666665	0.025858947899511618	0.30742953238759246
12.887875	0.02523000227013481	0.30864813382617895
12.929583333333333	0.02456721264802888	0.309816136268418
12.971291666666666	0.023848142141641895	0.31080164681754097
13.013	0.023098284767898533	0.31175108385878614
13.054708333333332	0.022339045405589945	0.312508772186737
13.096416666666666	0.021584090556388984	0.31322346120036465
13.138124999999999	0.020831796407496786	0.31394270319098716
13.179833333333333	0.020134485565969917	0.3146529562151422
13.221541666666669	0.019398523096919085	0.3154399157466469
13.26325	0.01869102934571299	0.3163700215680587
13.304958333333333	0.018013886062815856	0.3173391111623735
13.346666666666666	0.01726917048529865	0.3185897919378039
13.388375	0.01653277623920582	0.3199223971084325
13.430083333333332	0.01578295385839666	0.3212048564847959
13.471791666666666	0.015151479452621065	0.3224070307946346
13.513499999999999	0.014593566073572452	0.3237552726566168
13.555208333333333	0.013834827503838285	0.32485744481954937
13.596916666666669	0.013308507329540614	0.32568981580661993
13.638625	0.012818881489583003	0.3264410013526252
13.680333333333333	0.012996544110585071	0.32701654641351185
13.722041666666666	0.013255818781854323	0.3274414224817821
13.76375	0.01365026275495937	0.32787959865721494
13.805458333333332	0.014013371771477958	0.3283872279214455
13.847166666666666	0.014426243429314384	0.3291280683526533
13.888874999999999	0.014834787090522918	0.33009611545370593
13.930583333333333	0.015266012851344532	0.331208505598228
13.972291666666667	0.015832896304112852	0.33238866621022767
14.014	0.01647833111601324	0.3336245149734983
14.055708333333333	0.017137677517629395	0.33468870063460177
14.097416666666666	0.01784409679279632	0.33572197959408245
14.139125	0.018626144214268753	0.3367492010172214
14.180833333333332	0.019467714518196927	0.33768473365955787
14.222541666666666	0.020336670634994954	0.3385960637123663
14.264249999999999	0.021306282450259673	0.3394558302467193
14.305958333333333	0.022330538160908422	0.3403292662172242
14.347666666666667	0.023425778958570252	0.3411569066343436
14.389375	0.024458124374726165	0.3420721904949679
14.431083333333333	0.02557408784718626	0.3431223744160628
14.472791666666666	0.026723047858993196	0.34429722777671673
14.5145	0.027887709013154537	0.34556523979236464
14.556208333333332	0.02901046011733112	0.3467916468634759
14.597916666666666	0.030205052033262084	0.34807379094892243
14.639624999999999	0.03128831185393644	0.34929219163365854
14.681333333333333	0.03241303342528165	0.3503441504528242
14.723041666666667	0.033452249361945886	0.35136720053152537
14.76475	0.034493369881334904	0.3522750278342617
14.806458333333333	0.03538459495061574	0.353165533158894
14.848166666666666	0.03627210156632386	0.3541201394224185
14.889875	0.0366552617960365	0.35502730697431684
14.931583333333332	0.03614209363052651	0.3557901482597777
14.973291666666666	0.035568728891208726	0.3568324808897346
15.014999999999999	0.03500359293271225	0.3580898834449718
15.056708333333333	0.034356664077042215	0.3594633800183986
15.098416666666667	0.0336671437829257	0.3607856606416688
15.140125	0.03291600638039425	0.3618386319673921
15.181833333333334	0.03213979720091616	0.3627201022272861
15.223541666666666	0.03130640156456788	0.363515656822215
15.26525	0.030393552213699222	0.3641686372677804
15.306958333333332	0.02954261240363809	0.36492658723746363
15.348666666666666	0.02859745770223253	0.3658619162522465
15.390374999999999	0.02760328052447194	0.3668007496310857
15.432083333333333	0.026584893712874334	0.3678053982519909
15.473791666666665	0.025589154302008928	0.36893941403946806
15.5155	0.024527956962444454	0.37008474411741554
15.557208333333334	0.023443661816613448	0.37115733862658606
15.598916666666666	0.022276851119534744	0.37211604707272594
15.640625	0.021205940893563514	0.37299577249473176
15.682333333333332	0.020118633052735216	0.373912604057451
15.724041666666666	0.01902607798158449	0.37477855322747927
15.765749999999999	0.017929125625110426	0.3758423734636921
15.807458333333333	0.016983222824637337	0.3768638892714336
15.849166666666665	0.016463202651931963	0.37803302740232003
15.890875	0.015981080507671032	0.37917599110806316
15.932583333333334	0.015460889899893554	0.38014702731565714
15.974291666666666	0.015008783515055697	0.38102581674033287
16.016	0.014627496740271122	0.3818593169064799
16.057708333333334	0.01421068182069575	0.38278136592083295
16.099416666666666	0.01386533243515212	0.38393507460823684
16.141125	0.013544482487088474	0.38525983296167565
16.18283333333333	0.013157553962417	0.3865185789974044
16.224541666666667	0.012980405501771333	0.38759699475655573
16.26625	0.012885754470103025	0.3884720763923961
16.307958333333332	0.013039640615178743	0.3891354881175267
16.349666666666668	0.013355618325627542	0.38997491407111745
16.391375	0.01362909089705551	0.39101183279979085
16.433083333333332	0.013957635360625907	0.39208937539138866
16.474791666666665	0.01435821523712906	0.39326938895013275
16.5165	0.014802580387017147	0.3943529416906031
16.558208333333333	0.015286468613662521	0.395406654316106
16.599916666666665	0.0158199296954699	0.39650852002445325
16.641624999999998	0.016430456556085	0.39753455931342774
16.683333333333334	0.01712970657715398	0.3984716668866373
16.725041666666666	0.017798684830090068	0.3994987712128869
16.76675	0.018549136864272224	0.4003353370248436
16.808458333333334	0.01933943672719806	0.40113345378514775
16.850166666666667	0.020178890524170483	0.401893483924015
16.891875	0.020984613180887207	0.4027070342633396
16.93358333333333	0.021801029751565455	0.40357559004028637
16.975291666666667	0.02266452698037732	0.40448579531111606
17.017	0.023605450122873795	0.40549875551527925
17.058708333333332	0.02449493177339776	0.40661504192087505
17.100416666666668	0.0254615804246267	0.4078178364039504
17.142125	0.026450249219446664	0.408991076438456
17.183833333333332	0.02744598851065254	0.41007562203409087
17.225541666666665	0.028439659308400415	0.41113047971748895
17.26725	0.02947028231585562	0.4121743550577153
17.308958333333333	0.030461063319890937	0.4130966345170582
17.350666666666665	0.031463527938210854	0.4139907813391494
17.392374999999998	0.03241657634998793	0.4148795565421914
17.434083333333334	0.0333751023847427	0.4158651469220403
17.475791666666666	0.03421854928153861	0.4168618272827622
17.5175	0.03502691153496013	0.4177478487375389
17.559208333333334	0.03584623983549517	0.4186916869796147
17.600916666666667	0.036487663137742564	0.4195616034531988
17.642625	0.036198244462738866	0.4202024501849923
17.68433333333333	0.03583577571657438	0.4212447777216551
17.726041666666667	0.03539102332233049	0.42255701944697077
17.76775	0.03495570628212845	0.4237344487456679
17.809458333333332	0.03441329044542556	0.4246956651637718
17.851166666666668	0.03379453518948499	0.4255567384245559
17.892875	0.03323277260806694	0.42644269298177473
17.934583333333332	0.03261889720085735	0.42747092207521237
17.976291666666665	0.0319466010065689	0.4286459629596559
18.018	0.031205369745874748	0.4297136980073607
18.059708333333333	0.030437079226442253	0.4306587566578119
18.101416666666665	0.02966820878119529	0.43161005937541247
18.143124999999998	0.028830887629050797	0.4326199242815904
18.184833333333334	0.028001136950198208	0.4336383790207066
18.226541666666666	0.027135845839402553	0.4344872698152675
18.26825	0.02620906568651519	0.43531982949077297
18.309958333333334	0.025352280448254938	0.4361717472982903
18.351666666666667	0.024431966081224762	0.4370893919828918
18.393375	0.023638876325363274	0.43818268655723325
18.43508333333333	0.02284902598986599	0.43919774136677536
18.476791666666667	0.021965333170068768	0.4402134978583333
18.5185	0.02118940984650102	0.44112635244381593
18.560208333333332	0.02037492842374014	0.4421245838641007
18.601916666666668	0.019598708145036267	0.4431923477914065
18.643625	0.018876868851874222	0.4442132360823518
18.685333333333332	0.018189506260182807	0.44518935398639
18.727041666666665	0.017473256860499747	0.4463239459980696
18.76875	0.016782878614521428	0.4474777960734686
18.810458333333333	0.016151449432324987	0.4485353652542428
18.852166666666665	0.015665480555078777	0.44940696459705276
18.893874999999998	0.015218507152387421	0.45023688785117405
18.935583333333334	0.014849624586232638	0.4510938389187103
18.977291666666666	0.014593231079298215	0.4521281233756901
19.019	0.014456271514838179	0.45319267974057265
19.060708333333334	0.014439316418743277	0.4542007295279682
19.102416666666667	0.014567145794194155	0.4549609528601315
19.144125	0.014807585047922654	0.45562148247840323
19.18583333333333	0.015113646839300682	0.4560938860968058
19.227541666666667	0.015287389814856403	0.45646110510928645
19.26925	0.01530768541734942	0.45666991348248437
19.310958333333332	0.01556767046541084	0.45702336377229447
19.352666666666668	0.015893038357496454	0.4575182283531926
19.394375	0.01637357510490727	0.45808361556571786
19.436083333333332	0.01681346723251345	0.4587773615120973
19.477791666666665	0.017264778423414277	0.45922926354291255
19.5195	0.017754608049699666	0.45968435711791933
19.561208333333333	0.018412731095248575	0.46013596263755163
19.602916666666665	0.0193301858329012	0.4605447185447803
19.644624999999998	0.02043803988747176	0.46138918135040247
19.686333333333334	0.021631386640199785	0.46194012791087163
