mass_A
t	x	y
0.0	0.021553534181714684	0.028643006104674962
0.04170833333333326	0.021605296558990406	0.028841365224860138
0.08341666666666663	0.021552283645727664	0.03070955023662969
0.12512499999999988	0.02164969512345584	0.03642767694573057
0.16683333333333325	0.02145018832695038	0.04552654629157954
0.20854166666666663	0.020933567285628674	0.0560749143978469
0.25024999999999986	0.020594592533178635	0.06505295824252699
0.29195833333333326	0.020856011503784418	0.07043462244347526
0.3336666666666665	0.022126731278613497	0.07419716751786148
0.3753749999999999	0.024186274120045072	0.07752194136670565
0.41708333333333314	0.027099774864695003	0.08141465894551925
0.45879166666666665	0.03048810628071654	0.0865647885211705
0.5004999999999998	0.03307371287822966	0.09364785052977392
0.5422083333333334	0.03171786216447111	0.10210702681713296
0.5839166666666666	0.029160955934622895	0.11072177539045186
0.6256249999999999	0.023785971681657588	0.11705044139573262
0.6673333333333333	0.01993383468759532	0.12270599014966188
0.7090416666666667	0.019134757443888414	0.1275186238821392
0.7507499999999999	0.01730648520723476	0.13154218790134564
0.7924583333333332	0.015482741711407592	0.13431405411633335
0.8341666666666666	0.013789833254124714	0.1371093548083605
0.8758749999999998	0.014347837843666703	0.1408250697439849
0.9175833333333332	0.0167878076100006	0.14696777166384312
0.9592916666666667	0.016747184765759378	0.15580730257073272
1.001	0.018808202047705155	0.16585254783409037
1.0427083333333336	0.023127032769398495	0.17430767341151426
1.0844166666666666	0.027927494130615182	0.17954079488639496
1.126125	0.03265104624762507	0.18306644221948104
1.167833333333333	0.03683587304147946	0.18676382887521453
1.2095416666666665	0.035327298262102944	0.1900804494184688
1.25125	0.03395911328720046	0.19623403612620854
1.292958333333333	0.032019356233927466	0.20356288955352592
1.3346666666666664	0.029344508966799576	0.211466520880133
1.376375	0.026187058875742415	0.2200869579490034
1.4180833333333331	0.023659021040588327	0.22734897235786655
1.4597916666666666	0.01720235674427173	0.23596383002983845
1.5014999999999996	0.013957189742969238	0.24206667028116619
1.543208333333333	0.01464444577009562	0.2470583757852124
1.5849166666666665	0.017455701216140082	0.2510916910153279
1.626625	0.025913551371062937	0.2557762475994898
1.668333333333333	0.034064359588750204	0.26030642892622324
1.7100416666666665	0.03485199823963093	0.26421002937064897
1.75175	0.03240858284858737	0.26806006312839614
1.793458333333333	0.029330066742236156	0.27343872769119476
1.8351666666666666	0.02395889160968139	0.28038810740527054
1.8768749999999996	0.018666631130530187	0.2890698224066415
1.918583333333333	0.014882310208800978	0.2974999318023913
1.9602916666666665	0.016321675630110284	0.3058166740158369
2.002	0.02155906866256181	0.3093366060115121
2.043708333333333	0.027798935348953543	0.31098238323200234
2.0854166666666667	0.03535624221889282	0.3155656628005433
2.1271249999999995	0.03649001404915148	0.322961726056194
2.168833333333333	0.03597180071109683	0.33231901256472435
2.2105416666666664	0.03298798779905842	0.34153707715015286
2.2522499999999996	0.02906106721572882	0.3485173226614352
2.293958333333333	0.025200120613122545	0.3531685473613543
2.3356666666666666	0.018085475428671567	0.35794387756872137
2.377375	0.0144420271174914	0.3639095017036085
2.419083333333333	0.01930270224984587	0.3704127265870799
2.4607916666666667	0.025295250178929654	0.37659732158854764
2.5024999999999995	0.03160078728142187	0.38188292458450945
2.544208333333333	0.03679660743061468	0.3868538121879167
2.5859166666666664	0.034882990822942855	0.39263645502962435
2.6276249999999997	0.030404463737436146	0.3994240758942141
2.669333333333333	0.024067260109078364	0.40682316540201263
2.711041666666666	0.019067145349605436	0.41235774566886985
2.75275	0.015131744694952551	0.41708038204423337
2.794458333333333	0.01539050303032421	0.42231195643749075
2.8361666666666667	0.021029681384335336	0.4297262924537324
2.8778749999999995	0.027408056206978768	0.4352609246601427
2.9195833333333336	0.0347183072109175	0.4406202229919698
2.9612916666666664	0.03597790597967634	0.44606347599086893
3.0029999999999997	0.03635189065879408	0.45460069071151554
3.044708333333333	0.03381908663590937	0.46026230257652556
