mass_A
t	x	y
0.04170833333333331	0.028736737952118688	0.020406556999216174
0.08341666666666667	0.030731481339516954	0.028774354020727255
0.125125	0.041649760640543154	0.035388798975086955
0.1668333333333333	0.03337619468925407	0.0418497661478513
0.20854166666666663	0.03186994182132411	0.047061805144961555
0.25025	0.02727761707273294	0.05195877466396037
0.2919583333333333	0.01879581697246708	0.05332214725787121
0.3336666666666666	0.015028003762578122	0.04517145390812305
0.37537499999999996	0.01565159226432962	0.05533705024422175
0.41708333333333325	0.01436893086555809	0.06157150588115673
0.5005	0.026500723221135065	0.07762756658447878
0.5422083333333334	0.031355970532430666	0.08083783318836985
0.5839166666666668	0.029260383416640418	0.08372620958377536
0.625625	0.03010310390283065	0.08553797379514128
0.6673333333333333	0.02961231688513799	0.09371928323666118
0.7090416666666667	0.029624728406865516	0.10822059808400741
0.75075	0.029745213455350993	0.11721472871640343
0.7924583333333334	0.02594445783494565	0.12553602076634812
0.8341666666666666	0.021200873135699613	0.13362230744660486
0.875875	0.018185646254468515	0.13918066557518582
0.9175833333333333	0.01683583719469238	0.13610282769128418
0.9592916666666667	0.017078357387607143	0.14586101544641517
1.001	0.025140658175372692	0.1462518570901521
1.0427083333333333	0.02851237396335253	0.15433601678855868
1.0844166666666666	0.02829630241604747	0.15429212708087608
1.126125	0.02807563492633801	0.15857708938737697
1.1678333333333333	0.024449347915103198	0.16460994788654243
1.2095416666666665	0.02004578253069194	0.17341022230043335
1.25125	0.016593725432550832	0.1822969108874053
1.2929583333333332	0.015487294470940336	0.1922018063601601
1.3346666666666664	0.01957222170359582	0.198116720772623
1.3763749999999997	0.02544746077045526	0.20190065178128996
1.4180833333333334	0.033490685183869974	0.20439410566183042
1.4597916666666666	0.039651374102607696	0.2070714270779801
1.5014999999999998	0.03597550341770117	0.21129793040607858
1.5432083333333333	0.03298277801147636	0.2201018901490392
1.5849166666666665	0.03179969944739292	0.23020236885954198
1.626625	0.030980004479627808	0.24021839485454527
1.6683333333333332	0.029067537229346324	0.24725867773352048
1.7100416666666667	0.024639851241870514	0.2514836637467377
1.7517499999999997	0.01814311185593706	0.2543614370000711
1.793458333333333	0.01702943554091741	0.25779830865615766
1.8351666666666666	0.01926605630729221	0.2633483400124614
1.8768749999999998	0.022393041566883598	0.27265380213243134
1.918583333333333	0.02537118695399028	0.28284822450228
1.9602916666666668	0.02857713438139769	0.29299224364092563
2.002	0.03222641265868313	0.2998844795632268
2.0437083333333335	0.03441283552849596	0.30364891146833217
2.0854166666666667	0.03662639109889836	0.3060778546223814
2.127125	0.037950914497250215	0.30925560644906913
2.1688333333333336	0.03664885025947959	0.3147789134147888
2.210541666666667	0.035383787315124024	0.32465214006217225
2.25225	0.03386453502121639	0.3340725798016322
2.2939583333333333	0.032143587255918794	0.34248940092009
2.335666666666667	0.030039600404067307	0.3405239476370041
2.377375	0.028540063706404738	0.3446511880423071
2.4190833333333335	0.027834893709466582	0.3487523667693603
2.4607916666666667	0.028406868026825384	0.3548556156155419
2.5025	0.03259692001063711	0.3615211235065712
2.5442083333333336	0.034945240620727146	0.3678541130899792
2.585916666666667	0.03685327945204665	0.37231810822525313
2.627625	0.03449439902507784	0.3778230830160093
2.6693333333333333	0.042403537184204046	0.390077287109261
2.7110416666666666	0.03197973493082504	0.39312881961106183
2.75275	0.032652745688694876	0.40031997029592337
2.7944583333333335	0.023481443852062765	0.40513128572583446
2.8361666666666667	0.018874784260863482	0.4104424128291571
2.877875	0.015885782264676143	0.41610245449290134
2.9195833333333336	0.013673109949984484	0.4238333433320788
2.961291666666667	0.014512843080300398	0.4315168855442911
3.003	0.018231745610279577	0.4376342149966496
3.0447083333333333	0.02700535215797356	0.45061719950726653
3.0864166666666666	0.03267567533709717	0.4586802354206806
3.128125	0.03832861397256707	0.45903729040839825
3.1698333333333335	0.033543162470675646	0.4596634101296685
3.2115416666666663	0.035267339461581906	0.46793072522842344
3.25325	0.033434610962516494	0.46989642962709155
3.294958333333333	0.026848565416808565	0.460647010043679
