mass_A
t	x	y
0.0	0.01619746982556812	0.01282769862272165
0.04170833333333326	0.01606685299375487	0.013507157221394728
0.08341666666666674	0.015843504782383618	0.014622568156382965
0.125125	0.015561630624574491	0.016257368838383746
0.16683333333333347	0.015199861914114274	0.01811156152003074
0.20854166666666674	0.01554672180667876	0.019851884160447197
0.25025	0.016113083379931677	0.021720645270116357
0.2919583333333335	0.01666959709376218	0.023668492543421515
0.3336666666666667	0.017342639295074277	0.02574288780384193
0.375375	0.018161471965410264	0.02795398114535247
0.41708333333333325	0.01902456691212076	0.03010638185381803
0.45879166666666676	0.020049015113643327	0.032397240768913205
0.5005	0.021247909914907548	0.03475839979308731
0.5422083333333333	0.02252992970582334	0.03694590009502352
0.5839166666666668	0.02398233740281211	0.03915659331714333
0.625625	0.025719889959296686	0.04125992745929841
0.6673333333333334	0.0274870365336009	0.04315463790609725
0.7090416666666668	0.0294885591534068	0.04487975633558394
0.7507500000000003	0.03139549347852663	0.04630042568582132
0.7924583333333333	0.03325797430236941	0.047534345204127915
0.8341666666666665	0.03523328136799919	0.04855162072302893
0.875875	0.0369575641138464	0.049671370200105536
0.9175833333333333	0.03639246336353542	0.05013108716162534
0.9592916666666665	0.035483727526292565	0.05094616038663313
1.0010000000000003	0.034660010908633125	0.05198334489455442
1.0427083333333333	0.033876765435607296	0.053611490238537785
1.0844166666666668	0.033235232547015624	0.05563848286566592
1.1261249999999998	0.03276788196517725	0.05816976408067387
1.1678333333333333	0.032369671978968666	0.06088973149526605
1.2095416666666667	0.03204607446058254	0.06377359304471342
1.2512500000000002	0.03178794945383338	0.06669415474117996
1.2929583333333332	0.031439213742727255	0.06950462381809386
1.3346666666666667	0.031137272740119952	0.07228194042435265
1.3763750000000001	0.030686298636777548	0.07492525169891984
1.4180833333333334	0.03035038224733365	0.07753018851968857
1.4597916666666668	0.030322913079208258	0.08002576896676361
1.5014999999999998	0.030031026212102185	0.08219141968645693
1.5432083333333333	0.029750919011824757	0.08416948544302244
1.5849166666666668	0.029466882576118625	0.08573096606188857
1.6266250000000002	0.02914618243569013	0.08711179409770603
1.6683333333333332	0.028902468229439877	0.08827546676371173
1.7100416666666667	0.02867192280565859	0.08923628758463953
1.7517499999999997	0.028387169019658966	0.09027060871219045
1.7934583333333332	0.028179074244312284	0.0911814236448692
1.8351666666666668	0.027963354754856527	0.09218617100176696
1.8768749999999998	0.02779697116604099	0.0933077899687702
1.9185833333333333	0.02745221392193114	0.09482334839789675
1.9602916666666668	0.0272529216480486	0.096848602673
2.0020000000000002	0.027172955046192923	0.09863607181377404
2.0437083333333335	0.02700147440445244	0.10060766935110282
2.085416666666667	0.026954661330487045	0.10291830561954807
2.127125	0.026830950618017782	0.10535368829698255
2.168833333333333	0.026798046018737365	0.10796376571704136
2.210541666666667	0.026725920295733924	0.1105827257356582
2.25225	0.026629981467279067	0.11315896973629463
2.293958333333333	0.026577564599649592	0.11564323568891544
2.335666666666666	0.026553928528492476	0.11800878522795721
2.377375	0.026558775863103234	0.1201070874611781
2.419083333333333	0.026621841418391787	0.1221265801151808
2.460791666666667	0.026578861333367905	0.12392224084653009
2.5025	0.026765312107279435	0.125580453454034
2.544208333333334	0.026892431590096286	0.12712100505670948
2.585916666666667	0.027007234540305132	0.12847350624960796
2.627625	0.027228811638200456	0.12989948975815757
2.669333333333333	0.027474650805367463	0.13132308872809928
2.711041666666666	0.027717642129233222	0.1325077849267262
2.75275	0.027868108758101758	0.1336101992728923
2.794458333333333	0.02809967670792967	0.13493934620389353
2.836166666666667	0.02845931774514713	0.13665468972452816
2.877875	0.028878216568353557	0.13855532727134529
2.919583333333333	0.029280835391077634	0.1407384563356639
2.961291666666666	0.029886317348011407	0.1431417716496281
3.0029999999999992	0.030559523816602027	0.14573460633372137
3.044708333333334	0.03130255731066239	0.14838370502266507
3.086416666666667	0.03210662240311413	0.15106645748009023
3.128125	0.03287646113363699	0.15346342428754067
3.169833333333334	0.033687747537403036	0.15578461567821256
3.211541666666667	0.03479250794233204	0.15805317061576157
3.25325	0.03569226794851708	0.1600093121994745
3.294958333333333	0.03637935885157681	0.16163076902033952
3.336666666666667	0.03612190210554231	0.16254261060323777
3.378375	0.035604258785555384	0.16323487682335464
3.420083333333334	0.03507392400328472	0.16391823684592688
3.461791666666667	0.03454167312096604	0.16471715091188333
3.5035	0.033927924581162526	0.16551171139392895
3.545208333333334	0.03330109868010151	0.1666122192122591
3.5869166666666668	0.03251833823429621	0.16813416831442585
3.628625	0.031723480545777685	0.16995697361746054
3.6703333333333332	0.03072098938974306	0.17200775552985725
3.712041666666667	0.029598981567551634	0.1744143478206493
3.75375	0.028457511315649428	0.17697054058738043
3.795458333333334	0.02715024242320306	0.17963459700998047
3.837166666666667	0.025740784659065735	0.18229307811475115
3.878875	0.02439067618961136	0.18488858379987733
3.920583333333334	0.023049222844328893	0.18737707657765956
3.9622916666666668	0.021589755750923492	0.18967524400410718
4.004	0.02033247658142369	0.19171505910753006
4.045708333333333	0.019206696050085036	0.19357312500181273
4.087416666666667	0.018155199923284175	0.19531802880258387
4.129125	0.017266675436687702	0.19689217726072217
4.170833333333333	0.01653555812278311	0.19840695467700675
4.212541666666667	0.01599035320095408	0.1997781908968405
4.25425	0.015620787117410604	0.2011813599042504
4.295958333333334	0.01533110570154129	0.20261357305771183
4.337666666666667	0.015195239460523273	0.20412561605441343
4.379375	0.015210083898065526	0.20586020765112456
4.421083333333333	0.015316567749632476	0.2074908104420881
4.462791666666667	0.015591505945110972	0.20939079511934472
4.5045	0.016006247403011112	0.21146970901647527
4.546208333333333	0.016502917029059393	0.2135550637701344
4.587916666666667	0.017267511476883046	0.21559359949459378
4.629625	0.018247305797171307	0.2178330403587173
4.671333333333334	0.019152075613965057	0.2200507442545226
4.713041666666667	0.020422585243257387	0.2226396620853709
4.75475	0.021682219342585234	0.22475821248231342
4.796458333333333	0.02297768016240724	0.22673933329221901
4.838166666666667	0.024244395414228556	0.228602229734005
4.879875	0.025552561549024418	0.23020587510490448
4.921583333333333	0.0268650091254447	0.2317060292855354
4.963291666666667	0.028240062936584702	0.23304787811031186
5.005	0.0295303688859117	0.23432080169494468
5.046708333333334	0.030764846704924458	0.23567731072394588
5.088416666666667	0.032041171571072787	0.23704258166272024
5.130125	0.03319462866869014	0.23853118673130552
5.171833333333333	0.03432013996491188	0.24024401922263244
5.213541666666667	0.035425867003049616	0.24216803037732676
5.25525	0.03631488138724279	0.2444579537682724
5.296958333333333	0.03695182402317756	0.24660908534430426
5.338666666666666	0.03646876648642322	0.24821079630939863
5.380375	0.03594995771888711	0.2500654116771316
5.422083333333334	0.035150630803593486	0.2522199302592489
5.463791666666667	0.034233547182040004	0.2546087304192112
5.5055	0.03326137523861277	0.25733087143362576
5.547208333333333	0.031959721813543875	0.25987718807553023
5.588916666666667	0.03078123466039536	0.26260254617543366
5.630625	0.02929537373793635	0.26513138859564683
5.6723333333333334	0.027740609895138102	0.26747349806250414
5.714041666666666	0.025958574211445873	0.26953033985108277
5.755750000000001	0.024268874335723854	0.27137470563548366
5.797458333333334	0.02255340165634155	0.27284060014894124
5.839166666666667	0.02084775761031979	0.2740110882369218
5.880875	0.019192136879241976	0.2750740255048161
5.922583333333333	0.017579008823593083	0.27602959576874553
5.964291666666667	0.016040229675147913	0.2770376650698778
6.006	0.014593479265956078	0.27831787362841326
6.0477083333333335	0.013287091536141651	0.27985327791741654
6.089416666666666	0.013937721668077536	0.28143563176558706
6.131125000000001	0.01471746864805023	0.28329348706215396
6.172833333333334	0.015521165979345922	0.28569356316234296
6.214541666666667	0.01646736570888082	0.2883361825384377
6.25625	0.01757592319461728	0.2911851365294528
6.297958333333333	0.018829615638233266	0.29406601388617803
6.339666666666667	0.020140589603516106	0.2967267055173829
6.381375	0.021635610170817644	0.29902455056772437
6.423083333333333	0.02321561125259442	0.3010808599915445
6.464791666666666	0.024861171691757347	0.3025617787915866
6.506500000000001	0.026576016225106573	0.3037485215941499
6.548208333333334	0.028308690379944206	0.30455425416562265
6.589916666666667	0.030071492329614084	0.30523595702288064
6.631625	0.031850460690214744	0.3060144928056331
6.673333333333333	0.03339599879798801	0.30690027321522606
6.715041666666667	0.035081296354799306	0.3082834661046165
6.75675	0.03675927274389027	0.3099867106235399
6.798458333333333	0.03670434295319494	0.31164146415097926
6.840166666666666	0.035949851485171366	0.3135628927355663
6.881875	0.03517340996320892	0.31610625928320746
6.923583333333334	0.034368074486453196	0.3191541547246675
6.965291666666666	0.033454645934862866	0.32234354752123606
7.007	0.032565840974538275	0.32525817716678396
7.048708333333332	0.031538790751667455	0.32815230729621786
7.090416666666667	0.030400939572315336	0.3305240317260635
7.132125000000001	0.029107959633497472	0.33244059605326504
7.173833333333333	0.027699068752733494	0.3340037899146301
7.215541666666667	0.026161723038700985	0.33523639644525705
7.257249999999999	0.024583838102474415	0.33639507829548415
7.298958333333333	0.02293875550558626	0.3376477693358848
7.340666666666667	0.0212586993415776	0.3389474736739137
7.382375000000001	0.019585708281099158	0.340711005042794
7.424083333333333	0.01794030256042827	0.34250735329821297
7.465791666666667	0.0161805704600355	0.34453615731972137
7.507500000000001	0.014373696273576484	0.3464822271226263
7.549208333333333	0.013327978330190277	0.34870533255979813
7.590916666666667	0.013815485081017981	0.3504207423454474
7.632624999999999	0.014279978856097103	0.3519652616742962
7.674333333333333	0.014797321704585609	0.35353814169709497
7.716041666666667	0.015325863510261379	0.35513839185542073
7.757750000000001	0.01598806535123263	0.3569999403069686
7.799458333333333	0.016607560451493933	0.3591316576145148
7.841166666666667	0.017366048506997404	0.36167834340846816
7.882875000000001	0.018212638739254543	0.3643760154323623
7.924583333333333	0.019138979268710436	0.3668753153165988
7.966291666666667	0.020084750875238366	0.3692700562712615
8.008	0.021028887155676378	0.37119334002957605
8.049708333333333	0.022162402902404545	0.3727926435001674
8.091416666666667	0.023313193934166948	0.3740223498081517
8.133125000000001	0.024455330197001947	0.375328790139277
8.174833333333334	0.025762762134222086	0.37670657498527027
8.216541666666666	0.027092938179946395	0.37840836203451067
8.25825	0.028370901444564167	0.38054164409199526
8.299958333333333	0.02973155725260137	0.38288637356784794
8.341666666666667	0.031122182710944912	0.3854211141027113
8.383374999999997	0.032662047837073174	0.3877481581706255
8.425083333333331	0.03373011911299561	0.3899770108121171
8.466791666666666	0.034564118653157304	0.39212313515665354
8.5085	0.03534118923193222	0.3943223292081002
8.550208333333332	0.036055005846108296	0.3967373434368786
8.591916666666666	0.036606036903932666	0.39930020205723293
8.633625	0.03657601766912895	0.4012818299205824
8.675333333333333	0.036093302068964384	0.40337229379405426
8.717041666666667	0.035439460522803466	0.40574159945009347
8.758749999999997	0.03469019930225704	0.40803622226362646
8.800458333333331	0.03370807460217508	0.41030466200299054
8.842166666666666	0.032636044877949265	0.4127485384543685
8.883875	0.03130017349049287	0.41477839027727137
8.925583333333332	0.029943808753510645	0.4165242452016644
8.967291666666666	0.028537723794969702	0.4180223317873922
9.008999999999999	0.027492419825808252	0.41963421341803225
9.050708333333333	0.02769692144760659	0.42150506716290664
9.092416666666667	0.02766239858312637	0.4232591051436863
9.134124999999997	0.027582456576886086	0.4252151704946163
9.175833333333332	0.02741055946117433	0.4271888004927629
9.217541666666666	0.02715318748649933	0.42897085709096494
9.25925	0.026987957004750138	0.4303635798908984
9.300958333333332	0.02661639410243325	0.43155563845169864
9.342666666666666	0.026351719587731352	0.4329313474856972
9.384374999999999	0.02604168311832241	0.4344820245426284
9.426083333333333	0.02572845509951488	0.43621251771286434
9.467791666666667	0.025417186325682566	0.43802199474409176
9.509499999999997	0.025164080845963235	0.44023374107279734
9.551208333333332	0.025071230106073955	0.4425292282829382
9.592916666666666	0.025004520707479945	0.4447375037235843
9.634625	0.02507830822532031	0.44668928896609594
9.676333333333332	0.025184399962095934	0.448399265934577
9.718041666666666	0.02548047362678254	0.4500784596764002
9.759749999999999	0.025837623245570956	0.4520576121855995
9.801458333333333	0.026238719450890687	0.4542076444854124
9.843166666666667	0.026908710282306188	0.4566790630729957
9.884874999999997	0.027770051370074385	0.45903988721979866
9.926583333333332	0.028834423470891143	0.46124869603605956
9.968291666666666	0.029924216517443578	0.46307691486407954
10.01	0.03087802148008985	0.46457648129765783
10.051708333333332	0.031892412491091884	0.4659560346418403
10.093416666666666	0.03283348359434006	0.4672296939902587
10.135124999999999	0.034052854071170036	0.46775565724410223
10.176833333333333	0.0355226153101312	0.4677222351991053
10.218541666666667	0.03614903501025848	0.4677437986091667
10.260249999999997	0.035663718985695356	0.4680628059687402
10.301958333333332	0.035970121708175755	0.46849409033360145
10.343666666666666	0.03631422582933912	0.4684127414546702
10.385375	0.036005763166936086	0.4681887323023171
10.427083333333332	0.0365203790007603	0.46797452989183425
10.468791666666666	0.03577535575616325	0.46766202198172835
