mass_A
t	x	y
0.0	0.020797538529045395	0.02158144095178166
0.04170833333333334	0.021732398903717434	0.026086451755587547
0.08341666666666671	0.020995538447541616	0.03508895437895254
0.12512500000000004	0.02014007869499817	0.04399731937110968
0.16683333333333333	0.018582855896383393	0.050010720388524
0.20854166666666665	0.018311603556119542	0.05476689046325134
0.25025	0.018462683874769237	0.057959381296271595
0.29195833333333326	0.019073206332198937	0.06028166703968618
0.3336666666666666	0.020409307495209944	0.06300493836828425
0.375375	0.02226034950057803	0.06695507429282949
0.41708333333333336	0.02458710665592908	0.07149372573484214
0.45879166666666665	0.02727730801364154	0.075390937789229
0.5005	0.029835211320634998	0.07906970651401724
0.5422083333333333	0.03232535639115158	0.08264216010151687
0.5839166666666666	0.034440937701451554	0.08728318896271259
0.625625	0.03590565875071768	0.09220460886755316
0.6673333333333332	0.036508115893681505	0.09791378347603458
0.7090416666666667	0.03584200338210369	0.10288548847062273
0.7507499999999999	0.0338015644418483	0.10790844706477948
0.7924583333333333	0.03070256200770613	0.11243998779402997
0.8341666666666665	0.027473999551343872	0.11700706329902327
0.875875	0.02297640154043218	0.1216972934628367
0.9175833333333333	0.018526973912412988	0.12603119571077065
0.9592916666666668	0.014817813734775984	0.13010097330036058
1.001	0.013719085931957828	0.13393384581185463
1.0427083333333333	0.016208726805639173	0.1374517415508607
1.0844166666666668	0.01985693191514299	0.14239576000998005
1.126125	0.024205547412527194	0.14750761922242273
1.1678333333333333	0.028906081133327953	0.15259881245307333
1.2095416666666665	0.03346397441107982	0.15675270661351515
1.25125	0.03659887045770729	0.16121387806579784
1.2929583333333332	0.03413062838673949	0.16480368044866794
1.3346666666666664	0.03077277464210406	0.16955786421259444
1.376375	0.02627659956480908	0.17586074453356454
1.4180833333333334	0.019859488282268696	0.18247722282264595
1.4597916666666668	0.015019120071701036	0.1878135894242945
1.5015	0.015095642141970645	0.19099418134208068
1.5432083333333335	0.01909797290262634	0.1939322737196975
1.5849166666666665	0.02324943604360582	0.19671439687348014
1.6266249999999998	0.027596625184073624	0.20064467228182875
1.6683333333333332	0.03320796947974497	0.20638168124846473
1.7100416666666665	0.03739370323122652	0.21118698947369713
1.7517499999999997	0.034826848867768406	0.21568085127790343
1.7934583333333334	0.032270271190869754	0.2198999529830935
1.8351666666666666	0.029611498234776802	0.22475624505769404
1.876875	0.02632984466594765	0.2302308211569823
1.918583333333333	0.022457614484940283	0.2358017565576473
1.9602916666666665	0.018683301773583266	0.24167749019749796
2.002	0.015227124205242451	0.2469826908006003
2.0437083333333335	0.013663816691389585	0.25113330107326937
2.0854166666666667	0.01591583078826865	0.25483641933951656
2.127125	0.01814928492175047	0.25899941146197475
2.1688333333333336	0.020175057343898038	0.26352590335898324
2.2105416666666664	0.021890173183648394	0.2677525020607356
2.25225	0.024085281840057177	0.2731923455841705
2.293958333333333	0.02574480500303855	0.2780218928294925
2.3356666666666666	0.027657034123623837	0.2832857855919297
2.377375	0.029538690079162634	0.2882750062933302
2.4190833333333335	0.031031928075007285	0.29269745396490277
2.4607916666666667	0.032111393687065115	0.29688072127938164
2.5025	0.03273270493916942	0.3009019839831405
2.544208333333333	0.032918267425123764	0.30643453562538503
2.5859166666666664	0.03272157279182071	0.31183113150479647
2.627625	0.03174308822048833	0.3175379578158707
2.669333333333333	0.02978248727990273	0.3235037914160105
2.7110416666666666	0.027238842149011164	0.3289944573406089
2.75275	0.024342366030166554	0.333606725907584
2.7944583333333335	0.021347629530350132	0.3376648264372307
2.8361666666666667	0.018780682776467966	0.34103207641101874
2.877875	0.016031688281038133	0.34610626974061587
2.919583333333333	0.014066221360327672	0.35163123542381247
2.9612916666666664	0.01398569431908738	0.3570652177067233
3.003	0.016015799029598696	0.36234611572030295
3.044708333333333	0.019475518314324418	0.3667841402226965
3.0864166666666666	0.023510601477925025	0.3703906317555386
3.1281249999999994	0.02845999435546672	0.3749708349347288
3.1698333333333335	0.03421254566518124	0.3820422292822171
3.2115416666666663	0.03787375140305423	0.388135595719919
3.25325	0.037238336192790225	0.3929745534285011
3.294958333333333	0.03443757547990036	0.39730923164707665
3.336666666666667	0.03025467705507722	0.40245979227024287
3.378375	0.024975809303172163	0.4075282244265279
3.420083333333333	0.01957744476322605	0.41132900986647075
3.4617916666666666	0.015362371641952357	0.415338099903124
3.5034999999999994	0.014938605463286103	0.41997572658401927
3.5452083333333335	0.017699745600296857	0.4249512547740275
3.5869166666666663	0.021442101733667437	0.42874030450178197
3.628625	0.025473423622522154	0.43180369652398987
3.6703333333333332	0.02975147864608775	0.4355081218363282
3.7120416666666665	0.034049733746660926	0.43953371708976285
3.7537499999999997	0.03758313854443855	0.44435393452837535
3.7954583333333325	0.03604955263222475	0.44897750494830285
3.837166666666667	0.03296995187202274	0.4536554684371576
3.878875	0.028630488861047777	0.45902617143296826
3.920583333333333	0.023772920540184567	0.4646908247419054
3.9622916666666668	0.012579835024511292	0.46649016604707
4.004	0.014305709595640792	0.4748797066021309
4.045708333333333	0.01349120036596377	0.4744328935640211
