mass_A
t	x	y
0.0	0.020364182507459635	0.01663073185638886
0.04170833333333337	0.02030939792481341	0.018379273220704595
0.08341666666666663	0.01988618547728071	0.02462503926235382
0.125125	0.019876425803825013	0.03473606096245402
0.16683333333333325	0.01926187877963691	0.043745631228256754
0.20854166666666663	0.019390257884241306	0.05119540979175874
0.25025	0.02094328567952374	0.05630570074999075
0.29195833333333326	0.024069774480036926	0.06040998687708404
0.3336666666666666	0.02807727513641051	0.06484192994347199
0.3753749999999999	0.03275392384864387	0.06902500871524869
0.41708333333333325	0.0349103538100385	0.0732425243038623
0.45879166666666654	0.03276805365960857	0.07811659469407783
0.5005	0.029127646776420154	0.08586617974050442
0.5422083333333333	0.025109933270252145	0.0922942879113482
0.5839166666666668	0.021082230107058137	0.0957386884198636
0.625625	0.017380374276867318	0.09709174355747852
0.6673333333333332	0.014515900357771404	0.09856976020495695
0.7090416666666668	0.013566129999726353	0.10196903929720358
0.75075	0.015861281804061936	0.10841115177696109
0.7924583333333333	0.017517019924357485	0.1180725635714105
0.8341666666666665	0.02140383919555813	0.12663308034013404
0.875875	0.02790795056695383	0.132429627168057
0.9175833333333333	0.03483156619328574	0.13513321676848866
0.9592916666666665	0.034573625577227055	0.13720002141080867
1.001	0.033378913816778266	0.14357394591443523
1.0427083333333333	0.0327332979959095	0.15152483518300663
1.0844166666666668	0.030470081899329027	0.15925491322956392
1.126125	0.025831891227967644	0.16460797519046555
1.1678333333333335	0.019277227247475354	0.16829514948129087
1.2095416666666665	0.01174843356843202	0.1727555472196936
1.2512499999999998	0.01644510619212271	0.179108867670201
1.2929583333333332	0.01620134132488046	0.18804396220346498
1.3346666666666664	0.015249886647525253	0.1993297762246507
1.3763749999999997	0.01148898291573252	0.2027620206183008
1.4180833333333336	0.01771495755774005	0.206436769971572
1.4597916666666666	0.027731341077860485	0.2085991350543756
1.5015	0.0378616169503182	0.21268971015685384
1.543208333333333	0.04115001134014559	0.21707885766703228
1.5849166666666665	0.03457285755016998	0.2301342807120793
1.626625	0.028222780596533843	0.23408641677392306
1.6683333333333334	0.025125089211934976	0.23960738649255103
1.7100416666666665	0.016801468362048586	0.24484886932203925
1.75175	0.008979092568506635	0.24956249132525404
1.7934583333333334	0.007854775749847321	0.2545733684877398
1.8351666666666666	0.010245323794496448	0.26042193452025963
1.876875	0.010788937789944414	0.2712864591059253
1.918583333333333	0.017837759920951178	0.27501615535840973
1.9602916666666665	0.03186607115957142	0.280939484753723
2.002	0.042177251086200365	0.28192469295489697
2.0437083333333335	0.030918021019468205	0.28869819818185055
2.0854166666666667	0.028748945745683544	0.29749163329437756
2.127125	0.026397548942375646	0.30667759089091307
2.168833333333333	0.023468172090335224	0.3144208070361684
2.2105416666666664	0.019595643974693325	0.3203589063290404
2.25225	0.014187444055755286	0.3255990695795336
2.293958333333333	0.013219130245288372	0.3297041050191033
2.3356666666666666	0.016704056252141893	0.33432928014257934
2.377375	0.019809690206107927	0.3411710233964441
2.4190833333333335	0.02311497688341529	0.35056176091398417
2.4607916666666667	0.024759259257104916	0.3585487996265465
2.5025	0.025427764096852868	0.3649676765493765
2.544208333333333	0.026295406885857294	0.3708155481242815
2.5859166666666664	0.02711563191799395	0.37735044456443967
2.627625	0.02766251027122151	0.38442130370856786
2.669333333333333	0.028140205327347362	0.39161499938759226
2.7110416666666666	0.02827126570270792	0.3989626116988539
2.7527499999999994	0.03126654740189795	0.40667578790076275
2.7944583333333335	0.033568383529330365	0.41305789698321493
2.8361666666666667	0.03520550970549707	0.41938742397915263
2.877875	0.03556678375354763	0.4258171756398117
2.919583333333333	0.034979471365415835	0.43153268994852484
2.961291666666667	0.03355647751003797	0.4373364164550645
3.003	0.02974220640705272	0.4441337917952015
3.044708333333333	0.024457094118973382	0.4509443655139333
3.0864166666666666	0.019864776610110015	0.45694789309391703
3.1281249999999994	0.017332763544953944	0.46204098185635684
3.1698333333333335	0.016939304674357683	0.4674167385505045
