mass_A
t	x	y
0.0	0.029320029470208238	0.014805147767272042
0.04170833333333331	0.029447218505462745	0.014827773067501382
0.08341666666666663	0.02926555749707352	0.01589718398773121
0.12512499999999993	0.029320029470208238	0.019056887907227593
0.16683333333333325	0.02913517120325366	0.02515721071672905
0.20854166666666663	0.02941933805158299	0.03175476644804909
0.25025	0.02893344567124158	0.0381677212583128
0.2919583333333334	0.027471446800662352	0.041794454742641984
0.3336666666666666	0.026190113251054803	0.04509455161033077
0.375375	0.024866594683687696	0.047099364672388344
0.41708333333333325	0.02340650674549427	0.048205333010715834
0.45879166666666665	0.021725078987345582	0.04953719314535093
0.5005	0.019729562110342033	0.05101954281543308
0.5422083333333333	0.017326721722500785	0.053575833883382495
0.5839166666666666	0.014515212015115317	0.056615492707261184
0.6256249999999999	0.011835456378052259	0.06040988410587511
0.6673333333333332	0.012356439691021842	0.06363565677664901
0.7090416666666666	0.014690020073745346	0.06681170516281187
0.75075	0.017275103472068926	0.06999212801726168
0.7924583333333333	0.020898599316762557	0.07315712759881787
0.8341666666666667	0.024883976550555	0.07663587800648325
0.875875	0.028788019927805372	0.07988313098304833
0.9175833333333333	0.03315770149976971	0.08298535208306884
0.9592916666666668	0.032482625532887395	0.08488354317258967
1.001	0.03202701820633858	0.08714943735402475
1.0427083333333333	0.0318186911376702	0.09049075366248649
1.0844166666666666	0.03140238750930902	0.09433845305298261
1.126125	0.030853685616589542	0.09857949639876007
1.1678333333333333	0.030002760626958634	0.10227674267682513
1.2095416666666665	0.02912095758816973	0.10550185788668215
1.25125	0.02818709447135151	0.10865027283791706
1.2929583333333332	0.027014776612214672	0.11185686351278196
1.3346666666666667	0.02558716986418013	0.11500047487488535
1.376375	0.02446064309226635	0.11812419714968997
1.4180833333333336	0.02316131474876365	0.1219027185083969
1.4597916666666666	0.021984099534201162	0.12511830058387208
1.5014999999999998	0.020855381972824924	0.128216522976631
1.5432083333333333	0.019965609394554065	0.13129355380749375
1.5849166666666665	0.019291118578714503	0.1343751784440525
1.6266249999999998	0.019218831277266132	0.1377252304617514
1.6683333333333334	0.0192264664493512	0.14053017003764967
1.7100416666666665	0.019788803448122214	0.14368905344985605
1.75175	0.020663702701823695	0.14655873449571083
1.793458333333333	0.0216659231750383	0.14981393102827456
1.8351666666666666	0.023107398122443397	0.15307177525733395
1.876875	0.02459350942462348	0.15595561031235994
1.9185833333333335	0.026437724098342073	0.1591038120648421
1.9602916666666665	0.030429179071935777	0.1626917613309432
2.002	0.03376530480803524	0.1664022196001167
2.0437083333333335	0.035909899218337774	0.169817826234116
2.0854166666666667	0.0340525713724013	0.17238256256051515
2.127125	0.03185528763686217	0.1745133880812869
2.168833333333333	0.029411067776096804	0.17679179299480102
2.2105416666666664	0.02679899547530034	0.1793373133777884
2.25225	0.023657582459529432	0.18291361630753944
2.2939583333333333	0.019152824787705844	0.18709305256894898
2.3356666666666666	0.015723671144565417	0.19083861255481654
2.377375	0.012553617876218922	0.1945614994436614
2.419083333333333	0.01318399366118784	0.19734259898937706
2.4607916666666667	0.01699413263188393	0.20031190883239297
2.5025	0.020222042313227426	0.2033828306870457
2.544208333333333	0.023892595669171797	0.20620339720948827
2.5859166666666664	0.027776690407061037	0.20887668196209264
2.627625	0.031414182917598794	0.2110377441842432
2.6693333333333333	0.03521990345411741	0.21362386326812927
2.7110416666666666	0.036088655433325484	0.21662026020975278
2.75275	0.03409449768183508	0.2202038954707239
2.794458333333333	0.03210037580953622	0.22455637716765325
2.8361666666666667	0.029876845171339657	0.2284894862594385
2.877875	0.02766574487471199	0.23211326700186252
2.919583333333333	0.025311639104270797	0.23617708765393725
2.9612916666666664	0.02460944144407451	0.2398334582984049
3.0029999999999997	0.02373410310201847	0.2431408907258255
3.0447083333333333	0.02255191080957645	0.24625466676458846
3.0864166666666666	0.021262706778990635	0.2489754853075734
3.128125	0.019669370229900472	0.251071282500527
3.169833333333333	0.01812640357460004	0.25337661037054854
3.211541666666667	0.016067629522249563	0.2562238320281874
3.25325	0.014147211188303898	0.2594034882695944
3.294958333333333	0.01329786936965704	0.26285900732393286
3.3366666666666664	0.01462145810788369	0.2663365096619732
3.3783749999999997	0.01657917587720703	0.27085455712746576
3.4200833333333334	0.01896494019974515	0.2757181425334589
3.4617916666666666	0.02135117855599137	0.2799836057303575
3.5035	0.024143901506153705	0.28283557081183874
3.545208333333333	0.02736852971195069	0.2850053821568027
3.5869166666666663	0.030272412354246797	0.2865143747698917
3.6286249999999995	0.033314664982932445	0.28844526359541645
3.670333333333333	0.03625100343604746	0.29098628494952294
3.712041666666667	0.0368644769437501	0.29417890767352894
3.75375	0.036860214544346306	0.2988061975546325
3.795458333333333	0.03553815901648162	0.3039456695776239
3.837166666666667	0.033454454556530434	0.3089132239803884
3.878875	0.031237363029700843	0.3131122180543514
3.920583333333333	0.028487652638561678	0.316166179026389
3.962291666666666	0.025790673662143937	0.3180798815765776
4.004	0.023013126439529824	0.31983776961886734
4.045708333333333	0.019607107368192454	0.32271755271961994
4.087416666666667	0.01644421769858389	0.32651848690917784
4.129125	0.013670911545953674	0.3307183859630689
4.170833333333333	0.016016049682461307	0.3338061883042198
4.212541666666667	0.01909280265794263	0.33632497125389527
4.25425	0.022354873092111073	0.339574982793294
4.295958333333333	0.02629341166054721	0.3432995919340749
4.337666666666666	0.030870139087110955	0.3468794832478498
4.379375	0.03542659914133003	0.34951307463641107
4.421083333333333	0.03651186653557574	0.3509851218853176
4.462791666666667	0.034338739205582516	0.3529199757988345
4.5045	0.03245629285268033	0.35623469127841245
4.546208333333333	0.03093604619279284	0.3603647451250871
4.587916666666667	0.030725891870248552	0.3643727063336458
4.629625	0.03164257379970257	0.3676582193906286
4.671333333333333	0.032570155425219925	0.37002553595715687
4.713041666666666	0.033383466285555954	0.3726235814299698
4.75475	0.034124691514665774	0.3774404020418829
4.796458333333333	0.0343120591079729	0.3819382846522619
4.838166666666666	0.03419323669908375	0.3848201696518986
4.879875	0.03258858114896673	0.38755443709068926
4.921583333333333	0.029377049002905893	0.3904920387657984
4.963291666666667	0.025955286529003245	0.3941149631745103
5.005	0.021718345154776345	0.39797365327665124
5.046708333333333	0.01745039956030902	0.4017080879696685
5.088416666666666	0.014109403353955182	0.40551835364956595
5.130125	0.016904604310044667	0.4088363673330722
5.171833333333333	0.019958380541993018	0.41234770454701597
5.213541666666666	0.023483454308047366	0.41602987802008523
5.25525	0.02714456787225427	0.4188086867644088
5.296958333333333	0.03080310455432758	0.4210785559153437
5.338666666666667	0.0345963922600431	0.4229548536928722
5.380375	0.03758881533998486	0.4251565554432417
5.422083333333333	0.03555411802126715	0.4274870073140894
5.463791666666666	0.034384584228735623	0.43091619009666005
5.5055	0.03314481481007073	0.434280930458582
5.547208333333333	0.031832393506542093	0.43753079047644
5.588916666666666	0.03046049522118094	0.44097807609816064
5.630625	0.02884640286115444	0.4445545949255477
5.6723333333333334	0.02703188377704205	0.4478366925930406
5.714041666666667	0.025232195722734066	0.45090071475206334
5.75575	0.023394040987228727	0.45406559139680847
5.797458333333333	0.02176872359679173	0.4573482450112671
5.839166666666666	0.020256468063816258	0.46049700388721426
5.880875	0.01906891640526842	0.4652617966935928
5.922583333333333	0.018281195440750797	0.4669419088302066
5.964291666666666	0.018270211054485355	0.4693763684060857
6.005999999999999	0.018278779555737444	0.47076737857873957
