mass_A
t	x	y
0.0	0.030561212004105318	0.014550648591134696
0.041708333333333354	0.030681830706264172	0.01615553319042523
0.08341666666666667	0.031245582768112498	0.020583928931960982
0.125125	0.03165337171758014	0.02659511561612138
0.1668333333333333	0.03209245593612717	0.033310244769024
0.20854166666666668	0.032681272545091615	0.038902308380879214
0.25025	0.0324020056964101	0.04295384340365521
0.2919583333333333	0.03174352636782865	0.04542453320300377
0.3336666666666666	0.030614071632825784	0.04706558342196826
0.37537499999999996	0.029498675099586855	0.047995440974430315
0.41708333333333325	0.027847343002246873	0.049476828865748
0.45879166666666665	0.025497810545234513	0.05144989566618241
0.5005	0.023034323137251067	0.0544818841435144
0.5422083333333334	0.0196949199870072	0.05772693497276016
0.5839166666666666	0.01631001015011878	0.06073415308913138
0.625625	0.013012302201666905	0.06366373836318545
0.6673333333333332	0.0150030707152803	0.06571538522757958
0.7090416666666667	0.01730113803585923	0.06810408544265356
0.75075	0.019758206307856265	0.07106544515950841
0.7924583333333333	0.02208173798750283	0.07527425370559915
0.8341666666666666	0.024803203864387897	0.07965304287550079
0.8758749999999998	0.027420446841605134	0.0841544523460459
0.9175833333333333	0.02986867282396715	0.08769866021226574
0.9592916666666665	0.03201120880388885	0.09047217097557603
1.001	0.033850068213715986	0.09325179356255936
1.0427083333333333	0.03547820356593348	0.0957931500863542
1.0844166666666668	0.034713337839964234	0.09845845338393139
1.126125	0.03347717473854143	0.10104739058544077
1.1678333333333333	0.03189660694463791	0.10391647510382179
1.2095416666666667	0.030065863852276407	0.10750565752643565
1.25125	0.0279386813202152	0.11086200609192398
1.2929583333333332	0.0256303303507794	0.11468958147569341
1.3346666666666664	0.023177000217365913	0.1178541108532018
1.376375	0.02058583957298962	0.12208354895906487
1.4180833333333334	0.01806009264246982	0.12563817375051817
1.4597916666666666	0.015563865513771525	0.12915208744082973
1.5015	0.013848312065773045	0.13213946377431524
1.5432083333333333	0.012815348254909265	0.13502881715458298
1.5849166666666668	0.013525346908328583	0.1372021198759799
1.626625	0.015109017024840122	0.13946057636634973
1.6683333333333334	0.017047569888240317	0.14194360170279652
1.7100416666666665	0.01942016296361045	0.14480182981416478
1.7517499999999997	0.02225219691615451	0.1481804621442277
1.7934583333333332	0.024879302142114423	0.15144329132646495
1.8351666666666666	0.027184299867726955	0.15551240376075187
1.8768749999999998	0.02931298640151285	0.15897971205627165
1.9185833333333335	0.03138888575471225	0.16263376390839335
1.9602916666666665	0.03303944849261833	0.16648282952368
2.002	0.03393604321855314	0.1697553810301074
2.043708333333333	0.03413994294113502	0.17288069529638528
2.0854166666666667	0.03365542095371916	0.17589239385926342
2.127125	0.03256764081201074	0.17875358004859604
2.1688333333333336	0.03176822292944739	0.18245743197112813
2.2105416666666664	0.03167799301871281	0.18649739279128963
2.25225	0.030940732833470153	0.1900922243178414
2.2939583333333333	0.02954944416289207	0.19351797920571073
2.3356666666666666	0.028045230991039234	0.19641002078027242
2.377375	0.026532595272084042	0.1994125391797536
2.419083333333333	0.024893022184814588	0.2020527136512592
2.4607916666666667	0.023312153666108844	0.20459666681794886
2.5025	0.021963733495359423	0.20694473910006805
2.5442083333333336	0.020877413991583008	0.2094486635505597
2.5859166666666664	0.018756346104488744	0.21300232866354452
2.627625	0.015783988805836497	0.21868088004116332
2.669333333333333	0.016473276668735957	0.2221621860568968
2.7110416666666666	0.015905841213166794	0.22573295437821844
2.75275	0.015690295309430325	0.22906901393234458
2.794458333333333	0.016023402405059894	0.2321366470011602
2.8361666666666667	0.016523209120957255	0.23508308940728218
2.877875	0.01754727266023648	0.2382016533586267
2.9195833333333336	0.018492482821294193	0.24151307237301145
2.9612916666666664	0.01960251816478823	0.24456886457219257
3.003	0.020615463558442067	0.24772627261907298
3.044708333333333	0.02166775495696222	0.2511920979377028
3.0864166666666666	0.02282790468480686	0.25502281979657526
3.128125	0.024045504060586254	0.2590432515174491
3.169833333333333	0.024646964419169234	0.2623778326943276
3.2115416666666663	0.02506607613918327	0.26510992147446455
3.2532499999999995	0.024873748371290076	0.26806335367656176
3.2949583333333337	0.0245990185355231	0.27085383237694116
3.3366666666666664	0.023921193611158555	0.2736514261244558
3.378375	0.022727361370225664	0.27634733764280905
3.420083333333333	0.02148843166133821	0.27913824831719636
3.461791666666667	0.02005908764835227	0.28193085018476066
3.5035	0.01850015294386794	0.28520962283840134
3.545208333333333	0.01708313846349635	0.288169186423175
3.5869166666666663	0.015899667389659415	0.29168495647473125
3.6286249999999995	0.015061898431383305	0.2950093279957072
3.6703333333333337	0.014802320820513196	0.29832294529098513
3.7120416666666665	0.015130728123643595	0.30140752475400556
3.75375	0.01594207727126717	0.3049016485894902
3.795458333333333	0.01724047987676775	0.30812773612527244
3.8371666666666666	0.019018493360210314	0.31122789906739956
3.8788749999999994	0.020807266793476865	0.3137065163820791
3.9205833333333326	0.022841841189790928	0.3163553058294095
3.9622916666666668	0.02503891155874101	0.31941768321295505
4.004	0.027407786073794037	0.3223313394620053
4.045708333333333	0.029626135907744593	0.3254055942209759
4.087416666666667	0.031586068914663555	0.3288841201468698
4.129125	0.034212939149284236	0.3330653446141211
4.170833333333333	0.03606156683202307	0.33705131166303925
4.212541666666666	0.03687917902954999	0.34009484443642823
4.25425	0.036013401279759036	0.342312522908436
4.295958333333333	0.034543624861871514	0.34422448270883155
4.337666666666667	0.03266551319063899	0.3465361953757387
4.379375	0.030837252642367224	0.34964791306704
4.421083333333333	0.028229175648143645	0.3538087513337985
4.462791666666667	0.025494008090595495	0.357972870217567
4.5045	0.022726202088905717	0.3614118095535441
4.546208333333333	0.020246773368654474	0.3647368758541175
4.587916666666666	0.018491062556663145	0.36815734560676194
4.629625	0.01723863356705766	0.3720226114349472
4.671333333333333	0.016789103071905263	0.3756834088910801
4.713041666666667	0.017327425735636854	0.3788487222485428
4.75475	0.01829324369477081	0.38146685349659937
4.796458333333333	0.01977888644052614	0.38374736101831275
4.838166666666667	0.021610520629071293	0.38691957741656186
4.879875	0.023689203649489857	0.3906119097222116
4.921583333333333	0.026050624215692576	0.39416186572269896
4.963291666666666	0.02851652580916282	0.3973669576912989
5.005	0.031278995765690765	0.400677759123018
5.046708333333333	0.03498965807034273	0.40416607371396435
5.088416666666666	0.03611436414266512	0.4081415051947504
5.130125	0.03412782089363922	0.412071294538497
5.171833333333333	0.030963094227882126	0.4152217127416783
5.213541666666667	0.027603796713505956	0.417335709577706
5.25525	0.02432408858869097	0.4195942335384183
5.296958333333333	0.020641843231361704	0.42251689117227154
5.338666666666666	0.01686813733470012	0.42600623154984685
5.380375	0.013495512915183965	0.4293025988271768
5.422083333333333	0.01578354080650374	0.43228077481955113
5.463791666666666	0.01882038126040607	0.43510840684627755
5.5055	0.02189884144978884	0.4383514750800399
5.547208333333333	0.02479651848625715	0.44140973476048967
5.588916666666667	0.0276656758832566	0.4444347511522448
5.630625	0.03046605432827012	0.4473067664814752
5.6723333333333334	0.03297568774620167	0.44994856659590005
5.714041666666666	0.035172948412002344	0.4527580834251689
5.75575	0.03678324799776842	0.45616184402537796
5.797458333333333	0.035502449381855455	0.4602293400434542
5.839166666666666	0.03369440859390405	0.46196254741161275
5.880875	0.029326670011952036	0.4616956559424198
5.922583333333333	0.028552946383472326	0.4631262960549455
5.964291666666667	0.027677971175881624	0.46297297301832363
6.006	0.026606240555792665	0.4612573941894066
6.0477083333333335	0.025000455260191082	0.4610645941723343
6.089416666666666	0.023974193000064106	0.4605068892098503
6.131125	0.023439783664129334	0.4604184134041326
6.172833333333333	0.023035711050895462	0.4597350596857297
6.214541666666666	0.022267586149025367	0.45923032983084144
