mass_A
t	x	y
0.0	0.029115041838074833	0.01745161010617574
0.04170833333333326	0.030122807287796392	0.019729954283853213
0.08341666666666651	0.031223763622323097	0.023041464661794353
0.125125	0.032491945526449025	0.02725796976104522
0.16683333333333325	0.034743152758767715	0.032447224441096434
0.20854166666666651	0.03621890578583558	0.03769366451653522
0.25025	0.035303386652203464	0.04188222591477436
0.29195833333333326	0.033076981365124804	0.04539510521911788
0.3336666666666667	0.031194232115572686	0.048156920868313524
0.375375	0.028824859771170268	0.051067730396740285
0.4170833333333335	0.026265309588893185	0.0540937415432487
0.45879166666666654	0.0233423105884821	0.05883915146499408
0.5004999999999997	0.01979976334653495	0.06482589047274995
0.5422083333333333	0.016849566096902205	0.07136355804418787
0.5839166666666665	0.01415889947840543	0.07786271411621387
0.6256249999999998	0.016635237757215884	0.081663847626754
0.6673333333333334	0.021076579609045805	0.08431513873565138
0.7090416666666666	0.025897413633530243	0.08584730883759667
0.75075	0.031467160326185246	0.08768359435134332
0.792458333333333	0.03570469329657035	0.09009547616125074
0.8341666666666665	0.03438122389551907	0.09398208621908821
0.875875	0.036256336527894256	0.10162659919021505
0.9175833333333335	0.03375924690227138	0.10866281351699603
0.9592916666666665	0.030941359382545372	0.11669138956452862
1.001	0.02735226151321772	0.12252581897979914
1.0427083333333336	0.023313617878741123	0.12636770621875965
1.0844166666666666	0.019088034492380182	0.12883889176827812
1.126125	0.013977681578308926	0.1307317624250935
1.167833333333333	0.017251120855819334	0.13276698807104814
1.2095416666666665	0.02113554397362974	0.1377981956307956
1.25125	0.024106748408084244	0.1438481416457975
1.2929583333333334	0.026492595958645608	0.14973487460518248
1.3346666666666664	0.028779501835940857	0.15581689099615603
1.376375	0.031149741701456804	0.16215358654432438
1.4180833333333331	0.03404178655920906	0.16704755926540832
1.4597916666666666	0.03491680685717112	0.1727407137706622
1.5015	0.031014805402233697	0.17497060420740423
1.543208333333333	0.02756544610241829	0.17640068598625647
1.5849166666666665	0.024391081430895876	0.17758679414977435
1.626625	0.02139107130205642	0.1806253993348646
1.6683333333333334	0.019291006094475482	0.18600224159643786
1.7100416666666665	0.01618732227624723	0.19412046104592112
1.75175	0.0144280127294248	0.20173866547092872
1.793458333333333	0.01485208825754871	0.20964067563458139
1.8351666666666666	0.018123694059134554	0.2141476549942773
1.876875	0.02281538190705796	0.2157653761633801
1.918583333333333	0.027569139925851152	0.21596879997350404
1.9602916666666665	0.032364115258788934	0.21806346339621419
2.0019999999999993	0.03536064313294441	0.22254986536318389
2.0437083333333335	0.03226377530115478	0.22878682578144693
2.0854166666666667	0.03400098980511898	0.23771362229614684
2.127125	0.0349316830346837	0.24623681048467905
2.168833333333333	0.034555307666055086	0.253375476366193
2.210541666666667	0.03272739231015316	0.2581461494278452
2.25225	0.029313854304091454	0.2612055113421159
2.293958333333333	0.026399744306579827	0.2620803007971465
2.3356666666666666	0.02348882565928588	0.264222236692513
2.3773749999999993	0.02015498125543662	0.2674564452659164
2.4190833333333335	0.01603941722156388	0.27331535849028915
2.4607916666666667	0.014266695996499752	0.27941035159452715
2.5025	0.017398605954983888	0.2824176969523897
2.544208333333333	0.02133360435567292	0.2867156758708304
2.5859166666666664	0.02555658882318903	0.29210102847480324
2.6276249999999997	0.02990644380110004	0.29757863420619535
2.6693333333333324	0.03647846650535727	0.3031580097652353
2.711041666666667	0.03381236043173913	0.30500827292204236
2.75275	0.031783202988891805	0.30813077786747667
2.794458333333333	0.029663911733667857	0.31246950111726257
2.836166666666667	0.02774846370760964	0.31722083139351587
2.877875	0.02561829841514386	0.32247697985663787
2.919583333333333	0.021998905515868604	0.32900117587250766
2.961291666666666	0.018381009529343822	0.3349753677525628
3.003	0.014934797208147445	0.3411977644233303
3.044708333333333	0.014444645425959081	0.34558974441045043
3.086416666666667	0.01662324682009428	0.3494319465570232
3.128125	0.02007136216074129	0.3541083649927096
3.169833333333333	0.024829011385121072	0.36046076952524453
3.211541666666667	0.03037679765597953	0.3666916249392107
3.25325	0.03592823602783431	0.37141473278398707
3.294958333333333	0.03485074233772968	0.3735132794173135
3.336666666666666	0.03628436857989117	0.37740895188403006
3.378375	0.03437193039681834	0.3824271152422616
3.420083333333333	0.03163607626604299	0.3885106615044374
3.461791666666667	0.028670315319949347	0.3935774353925564
3.5035	0.02590524081220271	0.39648697877973027
3.545208333333333	0.020614905166303224	0.3992327472545522
3.5869166666666668	0.013752483507234523	0.40487819897524197
3.628625	0.014625662949029774	0.4110205223852001
3.6703333333333332	0.018331581149614494	0.4152367431289471
3.712041666666666	0.022996623267377156	0.41842655316252875
3.75375	0.027848374749938003	0.4209779379514988
3.795458333333333	0.03418905505255469	0.42337818983306685
3.837166666666666	0.03491680685717111	0.4284718388466595
3.878875	0.03101801246177742	0.4355753374164183
3.920583333333333	0.03352327873888791	0.4396955388957648
3.9622916666666668	0.03529909132114753	0.44479348324041335
4.004	0.03587896101369602	0.44943734973057947
4.045708333333333	0.03586423416436145	0.4530307009682133
4.087416666666666	0.031087977531934798	0.4599179823365908
4.129125	0.028189091186164042	0.46258167638040093
4.170833333333333	0.024026811428079303	0.4674576426605324
