mass_A
t	x	y
0.0	0.024429144302080014	0.015180784111840984
0.04170833333333337	0.024487370860539606	0.015276202082901702
0.08341666666666663	0.024546722175470694	0.01595610733701519
0.12512500000000013	0.024697605629610764	0.017786721966086383
0.16683333333333336	0.02487173371859404	0.02085875707334034
0.20854166666666685	0.02519344694999888	0.024578338260435983
0.25025000000000014	0.025442130870352422	0.028063537349066248
0.2919583333333334	0.02583902563650043	0.030765055733282254
0.33366666666666683	0.02616993638819881	0.03245512498409764
0.3753750000000001	0.026614632871052785	0.03338112129537446
0.41708333333333336	0.027043959804038432	0.0338560645258138
0.45879166666666665	0.0274575729233101	0.03448880175071606
0.5005000000000002	0.02801605618225083	0.03548315863544349
0.5422083333333334	0.028599807990659656	0.03689480321897609
0.5839166666666666	0.0292306059041322	0.03851603320527819
0.6256250000000001	0.02983972108187205	0.04025904777867717
0.6673333333333333	0.030521023516868674	0.0420885962695941
0.7090416666666669	0.031111026408657233	0.043904722191979495
0.7507500000000001	0.03225956146643662	0.046130248237567006
0.7924583333333336	0.032626476667733335	0.04830282786265594
0.8341666666666666	0.03351878157154465	0.05010284348698796
0.8758749999999998	0.03432979511585243	0.05377440907790637
0.9175833333333334	0.034271905138457306	0.05538821495407664
0.9592916666666667	0.03443780753764549	0.05668432366401538
1.001	0.03447574258651307	0.0573754370753044
1.0427083333333336	0.03453722886915543	0.05765827478984886
1.0844166666666666	0.03447736761540504	0.058428851002413074
1.126125	0.034399535003071	0.05942051452375685
1.167833333333333	0.034383503107332326	0.06119102872684623
1.2095416666666665	0.034381114663813	0.06330579945330134
1.25125	0.034544781367654494	0.06563778055813252
1.2929583333333334	0.034655224635976964	0.06791272732689402
1.3346666666666664	0.03474958674031971	0.07029439601581422
1.376375	0.03464837538281454	0.07275523237869552
1.4180833333333336	0.03509034217669062	0.06859667063968228
1.4597916666666666	0.035037711431271414	0.07057483483744309
1.5015	0.034867190739723886	0.07232732413299864
1.543208333333333	0.034796847900352354	0.07353796063950024
1.5849166666666665	0.0347648859686731	0.07508647473999913
1.626625	0.03465778576866485	0.07676752733086056
1.6683333333333334	0.0346177491634032	0.0782978826534308
1.7100416666666665	0.034550845664152584	0.08000676518113126
1.75175	0.034529283459007534	0.0818428837705561
1.793458333333333	0.03446567111177599	0.08404198255924017
1.8351666666666666	0.034444451738174585	0.08626064643048897
1.876875	0.03437180266332529	0.08870999604239999
1.918583333333333	0.03437897626671927	0.0910575946157624
1.9602916666666665	0.03435775811984876	0.09301804174068479
2.002	0.03409393206203076	0.10071906510766304
2.0437083333333335	0.0340900806078534	0.10184214914578188
2.0854166666666667	0.034084945335616915	0.10333959452994035
2.127125	0.03438032619465942	0.10453857789171445
2.168833333333333	0.03437493415881111	0.10611089554508085
2.2105416666666664	0.03466877443618269	0.10775911252210252
2.25225	0.03488774244434632	0.10940707273551231
2.293958333333333	0.03555414672247474	0.11158067941504851
2.3356666666666666	0.03607260380747008	0.11322966668290557
2.3773749999999993	0.03651387775075108	0.1155522476100222
2.4190833333333335	0.035758222441152586	0.11757123124251795
2.4607916666666667	0.035380266404547424	0.11861815919336971
2.5025	0.03447486655653308	0.12063662929864183
2.544208333333333	0.033796394388648926	0.12198201927187807
2.585916666666667	0.03371613008359269	0.1235540801616326
2.627625	0.03356227732738766	0.1247515229417358
2.669333333333333	0.03258303226461269	0.12647024720656436
2.7110416666666666	0.03216035228471556	0.12838128855478242
2.7527499999999994	0.0330056743398809	0.13060610231965508
2.7944583333333335	0.034282756022166246	0.13299004019072563
2.8361666666666667	0.03599685854198195	0.13531698609924325
2.877875	0.036515315626977296	0.13696597336710042
2.919583333333333	0.036359151998265844	0.13883726657007484
2.9612916666666664	0.035082728731165594	0.1398811133575848
3.0029999999999997	0.03414457601945065	0.14114886576444252
3.0447083333333325	0.033599507637124534	0.14284559252843942
3.086416666666667	0.03257566524054032	0.14493033714101927
3.128125	0.03179298356857141	0.14694108276254442
3.169833333333333	0.030837862597758073	0.1489585738342114
3.211541666666667	0.02977736869893921	0.15101264428578343
3.25325	0.028699287597573772	0.15317957920579256
3.294958333333333	0.027626015153727833	0.15540660483511387
3.336666666666666	0.026567554086967538	0.15769397952546177
3.378375	0.025551809696103128	0.15975390334229417
3.420083333333333	0.024489554592427576	0.16186767551275882
3.461791666666667	0.02350573692525334	0.1636596120385136
3.5035	0.022619128268475182	0.16501617322329015
3.545208333333333	0.021878139090970944	0.1663820369605813
3.5869166666666668	0.0212695738870759	0.1678447284073159
3.628625	0.020901898133921945	0.16945361286625243
3.6703333333333332	0.020682403052290105	0.17115873774368462
3.712041666666666	0.020706706116591304	0.1729843805167945
3.75375	0.020914278656914892	0.1748445477181681
3.795458333333333	0.02135760290431503	0.17690016615956522
3.837166666666667	0.021966873620001368	0.1791007123373357
3.878875	0.022744187311997115	0.18140994291294016
3.920583333333333	0.023752626644830827	0.18348679353384856
3.9622916666666668	0.024838170917980892	0.18474191422982061
4.004	0.02601520024723475	0.1856693232759012
4.045708333333333	0.027275896271942303	0.18662141255007103
4.087416666666666	0.028608138141054333	0.1878652899045593
4.129125	0.031048510977425635	0.18937940241990897
4.170833333333333	0.03358191832361392	0.19201278227728025
4.212541666666666	0.036319661754767286	0.19401864250353867
4.25425	0.03556683084489886	0.19521403117474723
4.295958333333333	0.03368725101979944	0.19596573181224552
4.337666666666667	0.03213076651152095	0.19742248464861378
4.379375	0.03062218868436186	0.1995025256723112
4.421083333333333	0.0292650503566545	0.20211762683183077
4.462791666666666	0.028285241580670778	0.20510256163568702
4.5045	0.0270618661146751	0.2081542423318522
4.546208333333333	0.025750418412527475	0.21109088327836062
4.587916666666666	0.02442275873716869	0.21369198735331985
4.629625	0.02318861098625543	0.21564288816294752
4.671333333333333	0.022078459266678833	0.2167573863827401
4.713041666666667	0.021054291356283616	0.21745960420519284
4.75475	0.020093488999075308	0.21810838047716208
4.796458333333333	0.01927909821776702	0.2193332143863202
4.838166666666666	0.01856723962207587	0.22132843668031782
4.879875	0.018081956971552772	0.22382869596022337
4.921583333333333	0.01770613753264429	0.22634015087113807
4.963291666666666	0.0174677841888899	0.2286024716094901
5.005	0.017298995532008303	0.23065853037826162
5.046708333333333	0.017364562874542154	0.23273484720222287
5.088416666666667	0.01757239458278122	0.2349076898212638
5.130125	0.018032684565231227	0.23699144055736904
5.171833333333333	0.018649231167661103	0.23865677124753792
5.213541666666666	0.019409692576876386	0.23990104840556015
5.25525	0.020373888843785305	0.24095402966684853
5.296958333333333	0.021469910200325883	0.24225167266419867
5.338666666666666	0.022794436087140227	0.24408921690691393
5.380374999999999	0.024201296770940225	0.24600837664235903
5.422083333333333	0.02580999078531121	0.24799627264538593
5.463791666666667	0.02745529886722807	0.249800662820362
5.5055	0.029247955430791867	0.25166097381881875
5.547208333333333	0.031303838433044046	0.2535961727506012
5.588916666666666	0.03322302629779799	0.2555328492262722
5.630625	0.03557936090915588	0.25705929583132814
5.6723333333333334	0.03662423475111311	0.2580362300215967
5.714041666666666	0.03699602846103448	0.25878623653173505
5.755749999999999	0.036769357544516115	0.259384444394563
5.797458333333334	0.03616344677333347	0.26140394155428237
5.839166666666667	0.035179323201933836	0.26454523893406146
5.880875	0.03343278641931094	0.26769379413219296
5.922583333333333	0.03236104556269644	0.2703050102866801
5.964291666666666	0.03138355938419381	0.2724988501524239
6.006	0.030308046752843598	0.274563315139815
6.0477083333333335	0.029194689218113495	0.2763797978877375
6.089416666666666	0.02824769202535344	0.27816783585103255
6.131124999999999	0.027463444497934565	0.2795655224162918
6.172833333333334	0.026782834955170053	0.2807841148755978
6.214541666666667	0.02614637844632476	0.2822359816808411
6.25625	0.025589253980349815	0.28406877427084787
6.297958333333333	0.024685584208402667	0.2864755312551861
6.339666666666666	0.023906883821446477	0.2890742077040702
6.381375	0.0233473900800813	0.29143259967766655
6.423083333333333	0.022947338084916225	0.29351296413449046
6.464791666666666	0.02275025168441567	0.2953532524216148
6.506499999999999	0.022737526789444157	0.29714589480218867
6.548208333333334	0.02299993717189361	0.29893717076066206
6.589916666666667	0.02342094078518276	0.3007493167693308
6.631625	0.024149091042815797	0.30238776087948294
6.673333333333333	0.024908132157087745	0.3040485234911263
6.715041666666666	0.025929736637216476	0.3058736820456194
6.75675	0.02706382675815304	0.3080420286436806
6.798458333333333	0.029817694344679235	0.31060021536146104
6.840166666666666	0.03259914371103789	0.31288610611228934
6.881874999999999	0.03598140137255015	0.31448838042270066
6.923583333333333	0.035979604027267374	0.3150124863071561
6.965291666666667	0.03448061806143795	0.3154565846501672
7.006999999999999	0.032251190622757636	0.31656093910242067
7.048708333333333	0.030706899526776583	0.3184841165054285
7.090416666666665	0.029095557957311412	0.3208572096680409
7.132125	0.027748559205873893	0.3231226973525698
7.1738333333333335	0.026234803312891054	0.3253431383148438
7.215541666666666	0.02483301392859391	0.3275079971055894
7.25725	0.023435654419329703	0.32968700095221515
7.298958333333332	0.022042464006127527	0.3312391565530157
7.3406666666666665	0.02081857079197677	0.33237831211883395
7.382375	0.01969916785212357	0.333657840199595
7.424083333333334	0.01858386309537491	0.3355686701133097
7.465791666666666	0.01774330198488088	0.33802182599253083
7.5075	0.016948523506784288	0.3408615153449518
7.5492083333333335	0.016342041833287323	0.34347408704128773
7.590916666666666	0.015996562417893476	0.3455679691710678
7.632625	0.01582374535880295	0.347233028059554
7.674333333333332	0.015881071268639173	0.3485124152690814
7.7160416666666665	0.016113227951696195	0.3497605878543535
7.75775	0.01665658038336861	0.35122563440058424
7.799458333333334	0.017488547058728265	0.3531430436362293
7.841166666666666	0.0185445749863971	0.3554571213452043
7.882875	0.019889008138810095	0.3578260375848805
7.9245833333333335	0.021427315388160457	0.3600075304745377
7.966291666666666	0.023145011239610963	0.361784478753425
8.008	0.025093863269160306	0.3631591951290931
8.049708333333331	0.027225703044711363	0.3647575509000662
8.091416666666666	0.029806170487807385	0.3668161296730875
8.133125	0.03238090893622236	0.36879621585011213
8.174833333333334	0.034771375746995674	0.3709480543776231
8.216541666666666	0.03547170569210238	0.37255956111813626
8.25825	0.03555137367546705	0.3743854254982046
8.299958333333334	0.03509392362464113	0.3767797975311872
8.341666666666667	0.0353846827386708	0.3793264817387039
8.383375	0.03477851520387633	0.3814208511676312
8.425083333333331	0.033725938453564384	0.38269008505360036
8.466791666666666	0.0321884521816994	0.38395204036693154
8.5085	0.0313374907228557	0.3854092268350487
8.550208333333334	0.030506942048942748	0.3875205714644744
8.591916666666666	0.029672235756622894	0.3895800428832822
8.633625	0.028814091900349344	0.3912646644435118
8.675333333333334	0.028047737543373877	0.3927952455783914
8.717041666666667	0.027319274540803982	0.3946426500436241
8.75875	0.02658375523254862	0.3968065156509556
8.800458333333331	0.026004213051473615	0.39876385777392154
8.842166666666666	0.02552246378212667	0.4004007073518118
8.883875	0.025138632265663582	0.4020692428211175
8.925583333333334	0.025640914491722955	0.40415095260980943
8.967291666666666	0.025555112996736462	0.4065269509480841
9.009	0.02560870861533692	0.40861560073439446
9.050708333333333	0.02593376366171151	0.41060706269687774
9.092416666666667	0.026466150676061985	0.412612515428625
9.134125	0.027123393088787404	0.41451908613952915
9.175833333333332	0.02791581001699251	0.4160733566689656
9.217541666666666	0.02900163603148348	0.4177206450045458
9.25925	0.03017002438125227	0.4195499870839249
9.300958333333334	0.0314430767758925	0.42159136798559965
9.342666666666666	0.03283676606581733	0.4236426486742167
9.384375	0.03447753689809606	0.425520104203875
9.426083333333333	0.03686471954994761	0.42807397779252276
9.467791666666667	0.036635224233699186	0.4294957806166378
9.5095	0.03647906060498772	0.43136707381961226
9.551208333333332	0.035871866015745955	0.4337609323253713
9.592916666666666	0.03496492558606067	0.43622863604589085
9.634625	0.03443465737492142	0.4380237731615983
9.676333333333334	0.03352694665440067	0.4407160936897417
9.718041666666666	0.03337335066180745	0.4418386642006369
9.75975	0.032318976566212736	0.4436320039710615
9.801458333333333	0.031339474739825936	0.445425600505098
9.843166666666667	0.03070385405177243	0.44740460843710383
9.884875	0.03016634935988468	0.4493052304723252
9.926583333333332	0.02976338147618668	0.45092271972609654
9.968291666666666	0.029269059427128603	0.45260351445243385
10.01	0.028855437099065913	0.4544005320582495
10.051708333333334	0.028550892712540195	0.4558434242334795
10.093416666666666	0.028320807197792223	0.4573046922016499
10.135125	0.028172003013149552	0.45886781277446964
10.176833333333333	0.027958799562956355	0.46058582313184837
10.218541666666667	0.028285014813565768	0.46278569641686346
10.26025	0.028310767064367047	0.4645056223505153
10.301958333333332	0.028482648003617828	0.46585365760859965
10.343666666666666	0.028808071480854493	0.4671559279149768
10.385375	0.029238612574922218	0.46846805155978555
10.427083333333334	0.030033381881148402	0.4701212307781837
