mass_A
t	x	y
0.0	0.03307109804437368	0.01342816312527656
0.04170833333333331	0.033835802170126564	0.01419597396567418
0.08341666666666668	0.0345411264154927	0.015853222806544165
0.12512500000000007	0.03485693886934221	0.01806785267312222
0.16683333333333342	0.03424940424981711	0.020514732600917962
0.20854166666666668	0.03474977434500774	0.02370675980221748
0.2502500000000001	0.03480754848999916	0.026576263078265827
0.2919583333333333	0.03420108986162182	0.028728735902583624
0.33366666666666667	0.03337579860814949	0.030482257398393497
0.37537500000000007	0.03245626845777949	0.03188496146376929
0.4170833333333333	0.031501237626057776	0.03302352295170491
0.4587916666666667	0.030486347814532914	0.03424821337631284
0.5005	0.029492405931389323	0.03539981132299308
0.5422083333333333	0.028366817210636757	0.03686088049406239
0.5839166666666665	0.027133036709021233	0.03855266922958689
0.625625	0.025856959106023866	0.040508128567007806
0.6673333333333332	0.024555369187094406	0.042692216484643
0.7090416666666668	0.023142299409701594	0.04519842447686606
0.75075	0.021727676794811832	0.04779674955693325
0.7924583333333333	0.0203491812931122	0.050321391982119545
0.8341666666666667	0.01909410776453418	0.05259780198958097
0.875875	0.018063417818839776	0.054572720980273604
0.9175833333333333	0.016972788160578563	0.056251313127246794
0.9592916666666665	0.01527525567377486	0.05772625375564605
1.001	0.014285508774210684	0.058913245266369985
1.0427083333333333	0.015127963476431444	0.05955729561149803
1.0844166666666666	0.01625308780475766	0.060223145795291144
1.126125	0.017607151467143572	0.06106323278284348
1.1678333333333333	0.019140408652975543	0.06205777325128714
1.2095416666666667	0.020871180750382804	0.06316151175333101
1.25125	0.02270196898899877	0.0644644142925867
1.2929583333333334	0.024731194219314512	0.0661503490529538
1.3346666666666664	0.026883825252201923	0.0681781797812635
1.3763749999999997	0.029092237913863676	0.07077578064679846
1.4180833333333334	0.031092636242190868	0.07366224609976474
1.4597916666666666	0.0342526854020898	0.07589682295936356
1.5014999999999998	0.03593108554066138	0.07854709148739869
1.5432083333333335	0.03560393547716592	0.08065933828581817
1.5849166666666665	0.033801692361464034	0.08181333293833304
1.626625	0.03210564153679768	0.0828621439104465
1.668333333333333	0.030579736092178306	0.08489857552477581
1.7100416666666665	0.02886788729648482	0.08675283302608028
1.75175	0.02759389853564523	0.08833379850019607
1.7934583333333334	0.026976536246441394	0.0899390710203003
1.8351666666666666	0.026264752513037257	0.09184371217675452
1.876875	0.025670092926269466	0.09410804183446636
1.9185833333333335	0.025056154435282734	0.09685059280246855
1.9602916666666665	0.024506926063966653	0.09955191564543486
2.002	0.023947518551623127	0.1018757082910835
2.043708333333333	0.02348634235652695	0.10397913938464703
2.0854166666666667	0.0231685201116878	0.10567233436630014
2.127125	0.02296564536569926	0.10721748766583461
2.1688333333333336	0.02285210302130986	0.10869142175301322
2.2105416666666664	0.022949402061611373	0.11009955850993564
2.25225	0.023150751105153963	0.11175615439388609
2.293958333333333	0.023416785752751124	0.11362830506557958
2.3356666666666666	0.023882367421665888	0.11544457312043449
2.377375	0.024370555266427254	0.11726184439881521
2.419083333333333	0.025085644324985248	0.11905944719659312
2.4607916666666667	0.02588610963512056	0.12082171916806878
2.5025	0.026787507962504082	0.12258639276467048
2.5442083333333336	0.027831000714664562	0.12438851013177055
2.5859166666666664	0.029034865559739092	0.1261491797826731
2.627625	0.030335658736345337	0.12773242227341963
2.669333333333333	0.03164277546487715	0.12925016722761
2.7110416666666666	0.033104060299318075	0.1305634789153335
2.75275	0.034436632206077095	0.1316279283379861
2.794458333333333	0.03609462455060074	0.13287273336798922
2.8361666666666667	0.03566985538645866	0.13329346808959536
2.8778749999999995	0.034920457685406095	0.13529800968102834
2.9195833333333336	0.033601808246488965	0.13765659901386273
2.9612916666666664	0.03298203686085746	0.14021285844874376
3.003	0.03340638266614729	0.14283946582419732
3.044708333333333	0.03497722805537623	0.14555024860104243
3.086416666666667	0.035812645834784565	0.14766804275794887
3.128125	0.03654136701784039	0.14999670858097547
3.169833333333333	0.03600737973076083	0.15115675489729424
3.2115416666666663	0.034943943904454655	0.15252565565846515
3.2532499999999995	0.0346248627260311	0.1529468946853883
3.2949583333333337	0.03366610627480947	0.15452767572331327
3.3366666666666664	0.03301908996548418	0.15492875212878132
3.378375	0.03230421853464581	0.1569296297808242
3.420083333333333	0.03154862490108033	0.15965986119296477
3.4617916666666666	0.030731141772861067	0.16277818116605391
3.5034999999999994	0.029859314836688407	0.1656223857597664
3.5452083333333326	0.02893796743813389	0.16799256309656357
3.5869166666666668	0.028099339940173596	0.17005937374530217
3.628625	0.027313169079807107	0.17184927299188807
3.6703333333333332	0.026572022417227257	0.1734297770043033
3.712041666666667	0.02592302540828423	0.17481808918232944
3.75375	0.02546740487506224	0.17618408057334606
3.795458333333333	0.025103257692286687	0.1776994299399685
3.837166666666666	0.024858968594101683	0.1792579831375548
3.878875	0.024766389879375874	0.18105430801711225
3.920583333333333	0.024928247029329133	0.1828672359537556
3.9622916666666668	0.025082254628669375	0.18469507114865874
4.004	0.025554392128192435	0.18686187552113537
4.045708333333333	0.02612878878371779	0.18877202415764033
4.087416666666667	0.02687043333463213	0.1909312915549325
4.129125	0.02776985953643858	0.19247836604066887
4.170833333333333	0.028852039324536314	0.19409831863019594
4.212541666666666	0.030030334896408013	0.19547579937103943
4.25425	0.03132440824714863	0.19652266632659704
4.295958333333333	0.03262648030750011	0.19749083847175164
4.337666666666667	0.03472104095434346	0.19923974534605382
4.379375	0.03650765060521853	0.20136207825081326
4.421083333333333	0.03491627915563672	0.20262276949968067
4.462791666666667	0.03437271006753427	0.20579088754465152
4.5045	0.03356664770443553	0.20879559165288608
4.546208333333333	0.03282522892864842	0.21141748424282558
4.587916666666666	0.03216721740056028	0.21346304548304929
4.629625	0.031508567616073416	0.21499677969228692
4.671333333333333	0.03081204927112158	0.2162877075947453
4.713041666666666	0.03005669491470835	0.2174856923050818
4.75475	0.0293021957212234	0.21881148468604472
4.796458333333333	0.028645256288742284	0.22022708958346615
4.838166666666667	0.028043951253384904	0.2219452609138864
4.879875	0.02740836830922593	0.22425054459152655
4.921583333333333	0.026848576836477626	0.22696393416219673
4.963291666666666	0.0262015516467777	0.22969390972270043
5.005	0.02561947220541738	0.23209609933966258
5.046708333333333	0.025189594095461763	0.2341762413227158
5.088416666666666	0.024816382032229894	0.2360572541911074
5.130125	0.024557986623097678	0.23759797403870642
5.171833333333333	0.024395733981393674	0.238921978942348
5.213541666666667	0.024350165338781062	0.24023608671792218
5.25525	0.02455179459464728	0.24174059325384994
5.296958333333333	0.024890363385495943	0.24349274239025653
5.338666666666666	0.025396362791250644	0.24529561440218722
5.380375	0.02624522421373091	0.24731134184074305
5.422083333333333	0.027463320297098786	0.24952116152058623
5.463791666666666	0.02880556449296059	0.2516020200666478
5.5055	0.030329985520782202	0.253508032856372
5.547208333333333	0.03189127280900442	0.25503908843111284
5.588916666666667	0.033592086737258706	0.2564652486726925
5.630625	0.035391839069561726	0.25800680415340743
5.6723333333333334	0.037077803787888206	0.25907175289566464
5.714041666666666	0.03559212032402492	0.260332948449849
5.75575	0.03579391449443908	0.26234202878913504
5.797458333333333	0.03641896491304436	0.26424743836397047
5.839166666666666	0.035350486033568246	0.2666732189823266
5.880874999999999	0.03427607368939195	0.2689208053362335
5.922583333333333	0.03300489125727282	0.2711531715929353
5.964291666666667	0.031648825384896564	0.27294722913552355
6.006	0.030262238006512048	0.2742322869791989
6.0477083333333335	0.02885491306813853	0.2754344915254245
6.089416666666666	0.02743557759510881	0.2770547353276805
6.131125	0.026066267100645153	0.27913260569486226
6.172833333333333	0.024544094149445594	0.28163075525534675
6.214541666666666	0.023205993138856105	0.2838606089046474
6.256249999999999	0.021825781470918505	0.2858326100170318
6.297958333333334	0.02049108873190392	0.2876762600176369
6.339666666666667	0.01929537787428245	0.2897721941458046
6.381375	0.018236899922784433	0.29184738755586026
6.423083333333333	0.017381112521519464	0.29376003627894753
6.464791666666666	0.01669409095828984	0.2954520618381703
6.5065	0.016237333671170164	0.2970530501410357
6.548208333333333	0.015959512270069687	0.2987208729902219
6.589916666666666	0.0159802463061686	0.30081968164788475
6.631624999999999	0.016247215695166302	0.30302778100442884
6.673333333333334	0.016846863702994205	0.3052471887520209
6.715041666666667	0.017625170465980125	0.3072383713166341
6.75675	0.01872407342105677	0.30913894637945744
6.798458333333333	0.02012040113018378	0.3110081150450056
6.840166666666666	0.021742201915498808	0.31272600843258047
6.881875	0.023542423640609562	0.3142822926590352
6.923583333333333	0.025415750071539418	0.31562426931275356
6.965291666666666	0.02754533323189053	0.31705523774531585
7.006999999999999	0.029621913903312463	0.31870534702060505
7.048708333333334	0.031827867228155365	0.32052520150513286
7.090416666666667	0.034050564013456366	0.32252728000269115
7.132125	0.03623568595212552	0.32480715848600306
7.173833333333333	0.035383121791939406	0.3262827558435265
7.215541666666666	0.03495964965715141	0.32750843245675565
7.25725	0.0342774809362439	0.32940506492351185
7.298958333333333	0.03350713361732639	0.33121161191882054
7.3406666666666665	0.03246191625537781	0.3328552373449104
7.382374999999999	0.031482992161552745	0.3344843086626307
7.424083333333333	0.030390281194034616	0.3364697580099615
7.465791666666667	0.029240173645192682	0.3386972534371824
7.507499999999999	0.028078536953001772	0.34092152141203197
7.549208333333333	0.027037428232473775	0.34293926843148126
7.590916666666665	0.02608544477385776	0.34482680750525413
7.632625	0.02520895741336685	0.3468914852583881
7.674333333333334	0.02436842810037276	0.3491112373732431
7.7160416666666665	0.02370413207933199	0.35123271508210896
7.75775	0.023316781442133772	0.352885302347256
7.799458333333332	0.023109675474938227	0.35454744910583325
7.841166666666666	0.023065390048561233	0.356260369457462
7.882875	0.023256475258419913	0.35815730941160495
7.9245833333333335	0.023700671538406836	0.3600843631528651
7.966291666666666	0.02442042855241899	0.3619924597676332
8.008	0.025446755320643586	0.36384976568534655
8.049708333333333	0.026575006138894557	0.36573473496886627
8.091416666666666	0.02791366150867475	0.36775835715397764
8.133125	0.029422221852284037	0.36975129396290984
8.174833333333332	0.031114701011047904	0.37155153673573477
8.216541666666666	0.03294879926124204	0.37326162246864725
8.25825	0.035149628430171345	0.37521629323120415
8.299958333333334	0.03619591787569974	0.3774407839844632
8.341666666666667	0.035665460725839135	0.3778610144007523
8.383375	0.03523262267662515	0.37997275689385485
8.425083333333333	0.03542634796196742	0.3836728450046373
8.466791666666666	0.03626428726796073	0.3852621992329511
8.5085	0.03636442789519233	0.3864252713811719
8.550208333333332	0.03583397074533172	0.386845501797461
8.591916666666666	0.034450445129968005	0.38884701755699214
8.633625	0.03454302117744469	0.3915954094909908
8.675333333333334	0.033366837090982066	0.3944434377469041
8.717041666666667	0.032787479588748114	0.3959149243278375
8.75875	0.03215827558534591	0.397181469359687
8.800458333333333	0.031617698394832	0.3986273082461236
8.842166666666666	0.03107648772159777	0.40068026023009545
8.883875	0.03055825284318547	0.40250985628618413
8.925583333333332	0.030105837174361296	0.4042438607309379
8.967291666666666	0.029653296847656597	0.40628432365097916
9.009	0.029284974168469754	0.4084124163346874
9.050708333333334	0.028977929640146848	0.4102430455544831
9.092416666666667	0.028782835989770727	0.4122189788926119
9.134125	0.028696509881290497	0.4146358103921648
9.175833333333333	0.028769128631715286	0.41706910660415664
9.217541666666666	0.028852920408724638	0.4188057292529457
9.25925	0.029081625210512534	0.42043104307810564
9.300958333333332	0.02953722534856525	0.42214167052457424
9.342666666666666	0.030214936693228497	0.4241729315150433
9.384375	0.031039510432796746	0.42634256480019106
9.426083333333334	0.03184033406092748	0.4283575162552564
9.467791666666667	0.03372532612774784	0.43006281046063244
9.5095	0.03509271397296777	0.4314433102440942
9.551208333333332	0.035821435156023596	0.4337719760671207
9.592916666666666	0.03570818259055017	0.4353567915475816
9.634625	0.034750434749962505	0.43672619661406953
9.676333333333332	0.03442328468646706	0.43883844341248907
9.718041666666666	0.035578792254932934	0.4403236225710354
9.75975	0.035888291632333605	0.4419104552727643
9.801458333333334	0.035034214556196513	0.44370311658744327
9.843166666666667	0.03491692754818712	0.4461334359536524
9.884875	0.034063859082684	0.4477147212968943
9.926583333333332	0.03363656839195696	0.4486638959470931
9.968291666666666	0.03373469179792059	0.450249720038188
10.01	0.033618917705862186	0.4523629754472415
10.051708333333332	0.032866494172907657	0.45500164495298573
10.093416666666666	0.032750720080849255	0.4571149003620392
10.135125	0.03263797182069282	0.4585940278567816
10.176833333333335	0.03178238182860474	0.4607037531286162
10.218541666666667	0.031127407970413478	0.4620725835709983
10.26025	0.03077388074704737	0.4638611690952958
10.301958333333332	0.030305906628275012	0.4653855401003555
10.343666666666666	0.029772288397749615	0.46677698985077026
10.385375	0.029533535098976296	0.46813941877600396
10.427083333333332	0.029457267845660117	0.46917320054239153
