mass_A
t	x	y
0.0	0.02783855581355641	0.014917517809410585
0.04170833333333331	0.027981636641791596	0.016337991570216814
0.08341666666666663	0.02823342012655994	0.019074690553114337
0.125125	0.02855882056484134	0.023185943642109796
0.16683333333333336	0.028981092167956427	0.027378292829683848
0.20854166666666674	0.029429378073800062	0.031185515000231978
0.25025	0.029825046105672867	0.03387878096964131
0.2919583333333334	0.030258463081754443	0.035361256131213714
0.3336666666666666	0.030572769337792252	0.035945501944009695
0.375375	0.030899972474258235	0.03617712956734309
0.41708333333333336	0.03125038893168465	0.03659826368006369
0.45879166666666665	0.0315289967837624	0.03740513467495582
0.5005	0.03169617855463954	0.038632008189484535
0.5422083333333333	0.03235961172835278	0.04063969575800003
0.5839166666666666	0.03287081106325993	0.04148883020571531
0.6256249999999999	0.03334503290567728	0.043391250706009965
0.6673333333333333	0.03322485005371255	0.04529326435846459
0.7090416666666667	0.03274778027641452	0.047551676718844416
0.7507500000000001	0.03274574603721404	0.05052370019075475
0.7924583333333334	0.03381461668271751	0.05206988472226037
0.8341666666666666	0.034288024829454665	0.05516111461131917
0.8758750000000001	0.034524647533255216	0.056825610494725065
0.9175833333333334	0.03440495289869861	0.05801433851392118
0.9592916666666667	0.03440381372474634	0.05967867165819096
1.001	0.034402674550794064	0.0613430048024608
1.0427083333333336	0.034402267702953966	0.06193740949684279
1.0844166666666666	0.03416385486865698	0.06288829426871811
1.126125	0.03392527929522396	0.0640769409183462
1.1678333333333335	0.03392397738213565	0.0659790359403688
1.2095416666666665	0.03356586991328206	0.06811864873144019
1.25125	0.03356456800019375	0.0700207437534629
1.2929583333333334	0.03344479199606912	0.07132835271153537
1.334666666666667	0.033205484096523914	0.0735869278110512
1.376375	0.0329665016752508	0.07536997915506144
1.4180833333333331	0.032100937334902366	0.07811876422376668
1.4597916666666666	0.03199490614450625	0.08040641638362828
1.5015	0.0319656125338472	0.08236251367687553
1.543208333333333	0.03181081700252014	0.08387001755410622
1.584916666666667	0.031763702928736585	0.08507583181360495
1.626625	0.0317284993013297	0.08638500443158625
1.6683333333333334	0.03171453082321689	0.08785256888722898
1.7100416666666665	0.032718812710199593	0.08987329095884788
1.75175	0.03307415361374053	0.09177563008957462
1.7934583333333334	0.03319165126996061	0.0937966874200416
1.835166666666667	0.0340225159290072	0.0956993520290404
1.876875	0.03425954548064786	0.09676944321806419
1.9185833333333335	0.03461399131894057	0.09997947267643142
1.960291666666667	0.03544477460841914	0.10200101822430657
2.002	0.03461155023189998	0.10354590084272386
2.0437083333333335	0.03389736953339329	0.10485310295295625
2.0854166666666667	0.03342095071263942	0.10616046780232469
2.127125	0.03241229280666129	0.10843637683465551
2.1688333333333336	0.03194559448132875	0.10981701844674585
2.210541666666667	0.031181181240228048	0.11110874701412521
2.25225	0.03059027331918794	0.11243369161373656
2.2939583333333333	0.029924184220491562	0.114121136948167
2.3356666666666666	0.029276607120721374	0.11630651728780877
2.377375	0.028649378747322603	0.1187863459134566
2.4190833333333335	0.02796258247606375	0.12123837262771431
2.4607916666666667	0.02725924838447994	0.12339506788165111
2.5025	0.02656275590030667	0.12524465997761042
2.5442083333333336	0.025854129421856206	0.12685026837799052
2.585916666666667	0.025171506692002285	0.12835388580268642
2.627625	0.024515005641157057	0.12990593972041187
2.6693333333333333	0.02384391422771448	0.13146046116337995
2.7110416666666666	0.023192157611194766	0.13282580783928244
2.75275	0.02254778190692197	0.13424451629850592
2.7944583333333335	0.021988443332907302	0.13577052988209148
2.8361666666666667	0.02150689487214156	0.13761815484709133
2.877875	0.02113941544523961	0.1397817429270038
2.919583333333333	0.020823633985276667	0.14201298170590865
2.961291666666667	0.02056849628739304	0.14401415630007275
3.003	0.020498573309061872	0.1459402654542108
3.0447083333333333	0.02048864916653117	0.1477004650915057
3.0864166666666666	0.020615846470953957	0.14946919907264178
3.1281250000000003	0.020796250176944107	0.1513203607283754
3.1698333333333335	0.021123636687135294	0.15318313937427702
3.2115416666666663	0.021581566915362213	0.15512019675362393
3.25325	0.022210734086595102	0.15702984262465353
3.294958333333333	0.022955724253013447	0.1589935812662735
3.336666666666667	0.023792185296409585	0.1610183922679781
3.378375	0.02475808154816856	0.16299772605048546
3.4200833333333334	0.02579391710252843	0.1649116409791831
3.4617916666666666	0.026942649271318647	0.1667270772519614
3.5035	0.028876192551649513	0.16866844276403992
3.545208333333333	0.03104108593007484	0.17053219574740203
3.586916666666666	0.033494752910833064	0.17202058930942626
3.6286250000000004	0.03527674645045898	0.17380502393609276
3.6703333333333337	0.03575153787985246	0.17487527786425255
3.7120416666666665	0.03468120258212464	0.17546895023252246
3.7537500000000006	0.03361062317569275	0.1764192654174216
3.7954583333333334	0.03337196623269171	0.1777267930059261
3.8371666666666666	0.032290898188047375	0.18090039109309275
3.8788749999999994	0.031941001009501695	0.18414538727043628
3.9205833333333335	0.03129811246282967	0.18642262864688658
3.9622916666666663	0.03071331186009476	0.18856295409391494
4.0040000000000004	0.030019989112794077	0.19062897474158658
4.045708333333334	0.029455943034867753	0.19224781454185796
4.087416666666667	0.028905550297018835	0.1935525636778337
4.129125	0.02833588469492746	0.19498131673383945
4.170833333333333	0.027833670361248147	0.19626291882259633
4.212541666666666	0.027382275485348155	0.19743037974044952
4.254249999999999	0.0269910723055378	0.19868521927673166
4.295958333333333	0.02664346629802878	0.20026119608058085
4.337666666666666	0.026433666035760646	0.20250693439926115
4.379375	0.02628501990814945	0.20486487327881114
4.421083333333333	0.026276116616039222	0.20729273502918855
4.462791666666666	0.0263006407134005	0.20966005736818144
4.5045	0.026444329531027447	0.21165797083731785
4.546208333333333	0.026759245930181093	0.21335966291938557
4.587916666666666	0.027128423078400625	0.2149493121494898
4.629624999999999	0.027644504616151797	0.21637610313693717
4.671333333333333	0.028306698505824728	0.21783238097895552
4.713041666666666	0.02909597596560872	0.21945569050577995
4.754749999999999	0.030043972815540033	0.22130051175334753
4.796458333333333	0.03113948548465248	0.2233525151275304
4.838166666666666	0.0324091998630521	0.22556978155629104
4.879875	0.03405099527781401	0.22777615649030458
4.921583333333333	0.03547618326167464	0.22979810888601981
4.963291666666666	0.03618865519925294	0.23098740649219207
5.004999999999999	0.035949754147547835	0.2326515768973259
5.046708333333333	0.03487909337154794	0.2337207730211014
5.088416666666666	0.033570263869955104	0.23538421110012303
5.130124999999999	0.032046316674728355	0.237994666114915
5.171833333333333	0.031277061167754285	0.23991612750827934
5.213541666666666	0.03226328795848898	0.2421235012023068
5.25525	0.03368271661295799	0.24477588664092775
5.296958333333333	0.03558294013491617	0.24751145014817355
5.338666666666666	0.037008453597048886	0.2490578787883832
5.380374999999999	0.036294517007246244	0.25000843808198636
5.422083333333333	0.03456216513770159	0.2506380981615498
5.463791666666666	0.03384536616110695	0.2517254284845756
5.505499999999999	0.0329078073892141	0.25300281046826095
5.547208333333333	0.031960296383966455	0.25497561048867384
5.588916666666666	0.03102736907870849	0.25750297819301177
5.630625	0.030054394209915625	0.26012119758611685
5.6723333333333334	0.029012343298319636	0.26278196574505264
5.714041666666666	0.027897829821827404	0.2650769274136993
5.755749999999999	0.02680790681468774	0.2670447630482673
5.797458333333333	0.025820530346805627	0.268519634713046
5.839166666666666	0.024850397486078826	0.26975188299970554
5.880874999999999	0.023926515759953283	0.27064075186352965
5.922583333333332	0.02309118228171205	0.27162250544260425
5.964291666666666	0.022471594502014268	0.27303954857013246
6.006	0.021946133432756948	0.2752581718661653
6.0477083333333335	0.021564906850271327	0.27789819887273703
6.089416666666666	0.021253176532221356	0.2806791135304303
6.131124999999999	0.021097015723175308	0.28320926821069536
6.172833333333333	0.020967771992639224	0.28570482785471335
6.214541666666666	0.021089360843507966	0.2876242223124962
6.256249999999999	0.02136360167112334	0.28912409527656957
6.297958333333332	0.021776402392651557	0.290419979209794
6.339666666666667	0.022350679849950254	0.2917380217590949
6.381375	0.023054605150364747	0.29332844272987224
6.423083333333333	0.023977870374176258	0.29519651339006814
6.464791666666666	0.025173928286147743	0.2973650268046977
6.506499999999999	0.02644776177186626	0.2995713074051046
6.548208333333333	0.027884339120646674	0.3016004360529853
6.589916666666666	0.029421046026375373	0.3034807197699707
6.631624999999999	0.031125704449514402	0.30516026885132186
6.673333333333332	0.03361107596809533	0.30719566774928164
6.715041666666667	0.03649159410098935	0.30944907025932955
6.75675	0.03565861383317425	0.3106373100611175
6.798458333333333	0.03458827853544643	0.3112309824293874
6.840166666666666	0.03373244599646647	0.31361304848969607
6.881874999999999	0.03321972295677368	0.31614494667343096
6.923583333333333	0.03246830248264971	0.31854500748212844
6.965291666666666	0.031624221897081875	0.32065269474062086
7.006999999999999	0.030657208236275595	0.3225607086903392
7.048708333333332	0.029638283279827343	0.324340555384335
7.090416666666667	0.02870691247477873	0.3260199536109598
7.132125	0.027654188737164506	0.32771458225819394
7.173833333333333	0.026537748651283714	0.3295282943668495
7.215541666666666	0.02554155077706037	0.3311114162852542
7.257249999999999	0.024540735074231337	0.33281163889380927
7.298958333333333	0.023564954083556557	0.33475241264106864
7.3406666666666665	0.02268806852204395	0.33676199829280806
7.382374999999999	0.021945657453304096	0.3387847947516749
7.424083333333332	0.021310326960917045	0.3404995189552451
7.465791666666666	0.020759219095227183	0.34204139145330825
7.5075	0.020363274167544153	0.3437135970520097
7.549208333333332	0.02020989880396462	0.34555484409627035
7.590916666666666	0.020259522821412107	0.34757240692929975
7.632624999999998	0.020486213336793395	0.34980123442503347
7.674333333333333	0.021021737962717876	0.3519519873201651
7.716041666666667	0.021747424350320323	0.3539457451034067
7.757749999999999	0.022799098224295787	0.35588678824950576
7.799458333333333	0.024041788027166153	0.35768166525592626
7.841166666666665	0.025499144024554277	0.3593703139024942
7.882874999999999	0.027201248455870596	0.36120766027425344
7.924583333333333	0.029019301130985144	0.3629937163468529
7.966291666666667	0.031037105721702173	0.36483634429444345
8.008	0.033088787259539225	0.3665136547556638
8.049708333333333	0.03502326682908556	0.36795833717426774
8.091416666666667	0.03680681980749669	0.36995971225612845
8.133125	0.035162806894037994	0.370698090288199
8.174833333333334	0.03632877359538243	0.3736446958830252
8.216541666666666	0.036327064834454026	0.37614119559942993
8.25825	0.03608832652188496	0.3775676041268108
8.299958333333334	0.03549302676225468	0.3788748876066113
8.341666666666669	0.03454067733815506	0.3807763316720898
8.383375	0.03346904012733891	0.3832720990623823
8.425083333333333	0.03251620248583117	0.38588682876111924
8.466791666666667	0.031088166567089848	0.38802570922607843
8.5085	0.030492622698755516	0.3896896355225081
8.550208333333334	0.029460025013566565	0.39135716735181597
8.591916666666666	0.028408157197492463	0.3932105112182108
8.633625	0.027425724180810532	0.3954759749161532
8.675333333333334	0.026479851880563232	0.3979601399363567
8.717041666666669	0.025539731387085714	0.3999068264532554
8.75875	0.02457899623162623	0.40117477972786436
8.800458333333333	0.02378756381804891	0.40248035258922776
8.842166666666667	0.023110764660312144	0.40423153029381736
8.883875	0.02254722409696204	0.4062216855754545
8.925583333333334	0.022231326560305374	0.4081651255805506
8.967291666666666	0.0219549969069638	0.4100621706002225
9.009	0.021906843479125665	0.4121079318236601
9.050708333333334	0.022038524630088034	0.4141712818619516
9.092416666666669	0.02228280981646688	0.4160697959707346
9.134125	0.02275037944662333	0.41765534063851106
9.175833333333333	0.023348085549070433	0.419761413690781
9.217541666666667	0.024135611344127894	0.42177097377782236
9.25925	0.02515914398943133	0.4240068366409725
9.300958333333334	0.026271656696520256	0.4263235134508395
9.342666666666666	0.02785005691800159	0.42844048161505516
9.384375	0.030526614504072153	0.4303985196640361
9.426083333333334	0.03343592271315499	0.43165664118508285
9.467791666666669	0.03581240231673101	0.433322601720713
9.5095	0.03569303316044648	0.4340358059844035
9.551208333333333	0.03521596338314845	0.4362942183447833
9.592916666666666	0.033788008833975154	0.4383142178708661
9.634625	0.03200316735946855	0.4406906161048741
9.676333333333334	0.03112863628598709	0.442499357812496
9.718041666666666	0.030545222675874825	0.4442406929941753
9.75975	0.03009915444278012	0.44598972043095164
9.801458333333334	0.029612883556362747	0.4479561658622977
9.843166666666669	0.029220064501782148	0.44951033050996986
9.884875	0.029043841457821976	0.4510057790809133
9.926583333333333	0.028837063223920302	0.4525848235638374
9.968291666666666	0.028654297009357302	0.45457049959800055
10.01	0.02846957654414966	0.4564643716802456
10.051708333333334	0.028471517534093757	0.4581257410018569
10.093416666666666	0.028582425248919796	0.4594987550142389
10.135125	0.02870301236726184	0.4611912721569417
