t x vx Fp Fmu Fg
0.01 0.033 0 5.72751e-05 -2.99333e-14 -0
0.02 0.033 5.72751e-07 1.17383e-05 -2.08558e-15 -4.99969e-08
0.222229 0.033 6.90134e-07 1.30844e-05 -2.10222e-15 -1.1024e-07
0.430705 0.0330007 3.33618e-06 1.01876e-05 -4.50061e-15 -5.99964e-06
0.644577 0.0330018 5.46004e-06 9.91652e-06 -6.91998e-15 -1.5936e-05
0.863931 0.0330034 7.58091e-06 1.09989e-05 -1.10262e-14 -3.00892e-05
1.088 0.0330056 9.99356e-06 9.14158e-06 -1.78448e-14 -4.92248e-05
1.3159 0.0330083 1.20419e-05 5.35216e-06 -2.54496e-14 -7.27783e-05
1.54574 0.0330114 1.32617e-05 -1.05183e-07 -3.43312e-14 -9.91615e-05
1.77545 0.0330144 1.32375e-05 -1.0508e-05 -4.48858e-14 -0.00012572
2.00408 0.0330169 1.08237e-05 -2.34656e-05 -5.65879e-14 -0.000147424
2.23166 0.0330181 5.45872e-06 -3.68605e-05 -6.84277e-14 -0.000158318
2.45767 0.0330175 -2.92973e-06 -5.39124e-05 -7.85683e-14 -0.000152498
2.68204 0.0330141 -1.51148e-05 -6.93502e-05 -8.4658e-14 -0.000122677
2.90538 0.0330072 -3.06748e-05 -7.01218e-05 -8.32234e-14 -6.25985e-05
3.12741 0.0329968 -4.6336e-05 -5.61517e-05 -7.13548e-14 2.77388e-05
3.3484 0.0329838 -5.88034e-05 -2.87496e-05 -4.71194e-14 0.000141709
3.56862 0.0329694 -6.51566e-05 1.41537e-05 -1.03952e-14 0.000267399
3.78834 0.0329557 -6.20397e-05 7.05097e-05 3.7044e-14 0.000386664
4.00776 0.0329455 -4.65479e-05 0.000138521 9.11694e-14 0.000475939
4.22682 0.0329419 -1.61526e-05 0.00020954 1.44613e-13 0.000506878
4.44498 0.0329485 2.97486e-05 0.000271059 1.8755e-13 0.000449993
4.66229 0.0329678 8.88837e-05 0.000307335 2.07435e-13 0.000280722
4.87882 0.0330017 0.000155671 0.000304639 1.90387e-13 -1.45791e-05
5.09468 0.0330497 0.000221633 0.000243878 1.25585e-13 -0.000433486
5.30984 0.0331089 0.000274277 0.000110533 8.4327e-15 -0.000950313
5.52459 0.033173 0.000298059 -0.000101331 -1.61503e-13 -0.00151011
5.73936 0.0332323 0.000276298 -0.000384503 -3.81558e-13 -0.00202806
5.95461 0.0332739 0.000193715 -0.000709637 -6.41701e-13 -0.00239124
6.17047 0.0332828 4.09658e-05 -0.00103072 -9.0064e-13 -0.00246821
6.38661 0.0332436 -0.000181523 -0.00129389 -1.07433e-12 -0.00212618
6.60085 0.0331439 -0.000461189 -0.00144421 -1.09702e-12 -0.00125602
6.81316 0.0329788 -0.000770585 -0.00142989 -9.28869e-13 0.000185037
7.02364 0.0327507 -0.00107418 -0.00113707 -5.56704e-13 0.00217591
7.23188 0.0324743 -0.00131351 -0.000469655 7.97347e-16 0.00458926
7.43702 0.0321804 -0.00141131 0.000630865 7.2133e-13 0.00715476
7.63957 0.0319174 -0.00128189 0.00193091 1.81208e-12 0.00945041
7.84064 0.031737 -0.00089078 0.0030753 3.04273e-12 0.0110256
8.04208 0.0316822 -0.000272425 0.00397594 3.95314e-12 0.0115038
8.23932 0.0317887 0.000528486 0.00470695 4.30962e-12 0.0105744
8.43168 0.032076 0.00145688 0.00533437 3.98236e-12 0.00806579
8.61807 0.0325537 0.00248301 0.00580475 2.97512e-12 0.00389625
8.80055 0.0332181 0.0035649 0.00581417 1.39247e-12 -0.00190367
8.97828 0.0340622 0.0046259 0.00489682 -4.65046e-13 -0.00927235
9.14976 0.0350391 0.00549623 0.00242147 -2.03908e-12 -0.0178
9.31571 0.0360528 0.00591146 -0.00262253 -2.52919e-12 -0.0266504
9.47903 0.0369616 0.00547624 -0.00844623 -5.15527e-12 -0.0345872
9.63819 0.0376307 0.00409682 -0.0110015 -9.83015e-12 -0.0404324
9.79137 0.038004 0.00234587 -0.0114119 -1.35968e-11 -0.043695
9.94037 0.0380956 0.000597757 -0.0118036 -1.54819e-11 -0.0444952
10.0845 0.0379226 -0.00116091 -0.0126848 -1.57067e-11 -0.0429836
10.2244 0.037492 -0.00298875 -0.0137577 -1.46976e-11 -0.0392202
10.3612 0.0368043 -0.00491401 -0.0146518 -1.2604e-11 -0.0332125
10.4947 0.0358583 -0.00691766 -0.0151926 -9.50589e-12 -0.0249506
10.6257 0.034663 -0.00894722 -0.0149134 -5.80845e-12 -0.0145154
10.7524 0.033236 -0.0108998 -0.0136645 -1.89941e-12 -0.00205966
10.8779 0.0316358 -0.0126309 -0.0111025 2.09269e-12 0.0119059
11.0059 0.0298751 -0.0140247 -0.00632381 5.5783e-12 0.0272757
11.1292 0.0279763 -0.0148342 0.000958918 8.07228e-12 0.0438597
11.2479 0.0261623 -0.014716 0.0119081 7.13405e-12 0.0597175
11.3621 0.0245832 -0.0133024 0.0258019 6.28194e-12 0.0735389
11.4743 0.0234007 -0.0103561 0.0358541 1.32323e-11 0.0839028
11.5832 0.02269 -0.00633274 0.0374024 2.14082e-11 0.0901374
11.6875 0.022444 -0.00225946 0.0351413 2.66106e-11 0.0922976
11.7877 0.0225907 0.00140621 0.031679 2.96357e-11 0.0910097
11.8829 0.02305 0.00458211 0.0286463 3.08161e-11 0.0869775
11.9745 0.023745 0.00730687 0.0263282 3.02264e-11 0.0808807
12.0639 0.0246353 0.00971854 0.0245574 2.80284e-11 0.0730781
12.1583 0.0257011 0.0119153 0.0236028 2.33409e-11 0.0637448
12.2576 0.0270363 0.0141434 0.0217203 1.82731e-11 0.0520651
12.36 0.0286553 0.0163007 0.0196706 1.29471e-11 0.0379168
12.4724 0.0305299 0.0183141 0.0172229 6.69643e-12 0.0215505
12.5845 0.0328051 0.0202493 0.013147 9.83053e-13 0.00170031
12.6976 0.0352408 0.0217234 0.00847188 -4.63279e-12 -0.0195438
12.807 0.0378073 0.022682 0.00203537 -9.67646e-12 -0.0419365
12.9108 0.0403114 0.0229045 -0.00671613 -1.32957e-11 -0.0638051
13.0088 0.042617 0.0222072 -0.0200335 -1.31406e-11 -0.0839729
13.1006 0.0446007 0.0202443 -0.0388353 -8.19862e-12 -0.101359
13.1888 0.0461317 0.0166793 -0.0587908 -1.0775e-11 -0.114807
13.2744 0.047146 0.0114898 -0.0701181 -2.1753e-11 -0.123732
13.3542 0.0476157 0.00548937 -0.0717146 -3.06905e-11 -0.127871
13.4303 0.0475974 -0.00022947 -0.068433 -3.53408e-11 -0.12771
13.5023 0.0471834 -0.00543887 -0.0611424 -3.7682e-11 -0.124061
13.5751 0.0464741 -0.00984425 -0.0526616 -3.76573e-11 -0.117815
13.6514 0.0454781 -0.0136788 -0.0444888 -3.51698e-11 -0.109054
13.7322 0.0441761 -0.0170717 -0.0370912 -3.04534e-11 -0.0976196
13.817 0.0425557 -0.0200668 -0.0310784 -2.49042e-11 -0.0834141
13.9078 0.0406295 -0.0227036 -0.0256362 -1.86422e-11 -0.0665578
14.0012 0.0383573 -0.0250308 -0.0196456 -1.28503e-11 -0.046709
14.107 0.0358465 -0.0268667 -0.0132345 -6.62171e-12 -0.0248072
14.2201 0.0328555 -0.0282671 -0.00540303 -6.5999e-13 0.00125924
14.3298 0.0295903 -0.028878 0.00126511 5.92201e-12 0.0297079
14.4338 0.0264381 -0.0287392 0.00734882 1.22492e-11 0.0571927
14.5318 0.0235292 -0.0279751 0.0159295 1.68891e-11 0.0825979
14.6219 0.0209396 -0.0264133 0.0294293 1.84396e-11 0.105268
14.7043 0.018799 -0.0237622 0.0509569 1.20736e-11 0.124059
14.7813 0.0171876 -0.0195653 0.0770636 9.87506e-12 0.138244
14.8546 0.0161381 -0.0136325 0.0978023 2.02941e-11 0.147504
14.8825 0.0156643 -0.00645676 0.108688 2.56702e-11 0.151691
14.9082 0.0155688 -0.00343034 0.104472 4.01098e-11 0.152535
14.9324 0.0155497 -0.000743227 0.105788 4.68416e-11 0.152704
14.956 0.0155936 0.00181542 0.107172 5.17755e-11 0.152316
14.9781 0.0156962 0.00434616 0.105252 5.60446e-11 0.151408
14.9989 0.0158437 0.00667229 0.102275 5.93814e-11 0.150105
15.0509 0.0160269 0.00880115 0.0923541 4.69452e-11 0.148485
15.1081 0.0167343 0.0136039 0.076786 4.53094e-11 0.142236
15.1669 0.017763 0.0179937 0.0629187 4.31973e-11 0.133163
15.2386 0.0190395 0.0216955 0.0523357 3.5501e-11 0.121926
15.3198 0.0208627 0.0254454 0.0412281 2.78688e-11 0.105912
15.4103 0.0232025 0.0287955 0.0307024 1.98618e-11 0.0854137
15.5134 0.0260583 0.0315726 0.0203214 1.2066e-11 0.0604616
15.6231 0.0295304 0.0336683 0.00868851 6.86079e-12 0.0301963
15.7375 0.0333289 0.0346215 -0.00197536 1.00722e-12 -0.00286092
15.8487 0.037264 0.0343955 -0.00997277 -6.24924e-12 -0.0370924
15.9539 0.0409634 0.0332872 -0.0167119 -1.31946e-11 -0.0693001
16.0498 0.0442825 0.0315279 -0.024948 -1.94654e-11 -0.0982524
16.1349 0.0470749 0.0291369 -0.0380357 -2.25889e-11 -0.122676
16.2101 0.0492805 0.0258975 -0.0617528 -1.59085e-11 -0.142026
16.2372 0.050879 0.021253 -0.0637019 -3.4101e-11 -0.156089
16.26 0.0514076 0.0195287 -0.0777219 -9.27005e-12 -0.16075
16.282 0.0518126 0.0177556 -0.0920985 -8.64897e-12 -0.164325
16.3029 0.0521585 0.0157307 -0.108331 -1.04662e-11 -0.16738
16.3226 0.0524396 0.0134698 -0.123919 -1.44094e-11 -0.169865
16.3411 0.0526566 0.0110323 -0.139542 -2.13286e-11 -0.171785
16.3584 0.0528134 0.00844131 -0.151897 -2.96332e-11 -0.173172
16.3755 0.052914 0.00581292 -0.16021 -3.82616e-11 -0.174063
16.393 0.0529665 0.00307438 -0.163721 -4.45738e-11 -0.174528
16.4104 0.0529702 0.000208192 -0.166855 -4.83555e-11 -0.174561
16.4291 0.0529236 -0.00268392 -0.160805 -5.18148e-11 -0.174149
16.4474 0.052817 -0.00569455 -0.152997 -5.53643e-11 -0.173204
16.465 0.0526613 -0.00849876 -0.14673 -5.88041e-11 -0.171825
16.4833 0.052466 -0.0110831 -0.139364 -6.00628e-11 -0.170098
16.503 0.0522162 -0.0136367 -0.13243 -5.98346e-11 -0.167888
16.5225 0.0518968 -0.0162412 -0.122955 -6.13893e-11 -0.165064
16.5454 0.0515336 -0.0186371 -0.111306 -5.92203e-11 -0.161856
16.5695 0.0510488 -0.0211845 -0.096935 -6.00271e-11 -0.157577
16.5952 0.0504805 -0.0235261 -0.0869306 -5.92011e-11 -0.152566
16.665 0.0498202 -0.0257546 -0.0775345 -3.69626e-11 -0.146751
16.7487 0.0476442 -0.0311678 -0.0502348 -3.01395e-11 -0.127621
16.8373 0.0446838 -0.0353721 -0.0327383 -2.27982e-11 -0.101689
16.937 0.0412929 -0.0382727 -0.0209984 -1.36036e-11 -0.0720918
17.0451 0.0372698 -0.0403655 -0.00743805 -7.2436e-12 -0.0370809
17.1647 0.0328176 -0.0411699 0.00492206 -2.15316e-13 0.00158279
17.2788 0.0279659 -0.0405814 0.0190853 5.43563e-12 0.0436817
17.3857 0.0235834 -0.0384034 0.026371 1.38201e-11 0.0817351
17.4794 0.0197796 -0.0355845 0.034426 2.20953e-11 0.114824
17.5594 0.0167479 -0.0323592 0.0478606 2.76027e-11 0.141266
17.5867 0.0144641 -0.0285277 0.0330221 6.6769e-11 0.161242
