t x vx
0.01 0.0362985 -0.000145893
0.02 0.0362957 -0.000285038
0.072997 0.0362456 -0.000945094
0.125913 0.0361635 -0.00155129
0.178735 0.0360518 -0.00211566
0.231554 0.035912 -0.00264592
0.284365 0.0357458 -0.00314643
0.337132 0.0355548 -0.00362007
0.389829 0.0353404 -0.00406909
0.442415 0.035104 -0.0044951
0.494844 0.0348471 -0.00489932
0.54707 0.0345713 -0.00528253
0.59898 0.0342783 -0.00564446
0.650544 0.0339696 -0.00598544
0.701704 0.0336471 -0.00630508
0.752395 0.0333124 -0.00660269
0.80263 0.0329669 -0.00687766
0.852426 0.0326119 -0.00712893
0.901805 0.0322487 -0.00735524
0.950794 0.0318786 -0.00755499
0.999423 0.0315028 -0.00772631
1.04772 0.0311229 -0.00786707
1.09565 0.0307406 -0.0079747
1.14325 0.0303576 -0.00804672
1.19055 0.0299754 -0.00808048
1.23758 0.0295957 -0.00807307
1.2844 0.0292202 -0.00802148
1.33097 0.0288512 -0.00792276
1.37731 0.028491 -0.00777413
1.42349 0.0281413 -0.0075728
1.46956 0.0278042 -0.00731609
1.51547 0.0274828 -0.00700234
1.56124 0.0271793 -0.00662998
1.60697 0.0268959 -0.00619741
1.65274 0.0266348 -0.00570331
1.69854 0.026399 -0.00514784
1.74448 0.0261909 -0.0045308
1.79058 0.0260132 -0.00385377
1.83691 0.0258688 -0.00311853
1.88362 0.0257601 -0.00232663
1.93062 0.0256903 -0.00148442
1.97808 0.0256621 -0.000595121
2.02616 0.0256783 0.000337939
2.07481 0.0257418 0.00130558
2.12417 0.0258554 0.00230086
2.17446 0.0260224 0.00332036
2.22563 0.0262452 0.00435505
2.27668 0.0265197 0.00537609
2.32655 0.0268366 0.00635569
2.37531 0.0271922 0.00729259
2.42306 0.0275832 0.00818718
2.46984 0.028006 0.00903965
2.51571 0.0284579 0.00985178
2.56074 0.0289364 0.0106259
2.605 0.0294395 0.0113647
2.64856 0.0299653 0.0120704
2.69143 0.0305115 0.0127435
2.73357 0.0310755 0.0133836
2.77503 0.0316556 0.0139923
2.81585 0.0322504 0.0145711
2.85608 0.0328587 0.0151207
2.89574 0.0334791 0.015641
2.9348 0.0341091 0.0161298
2.97331 0.0347478 0.0165864
3.0113 0.0353939 0.0170092
3.04872 0.036045 0.0173949
3.08563 0.0366997 0.0177412
3.12205 0.037357 0.018045
3.15803 0.0380154 0.0183021
3.1935 0.038672 0.0185084
3.22853 0.0393257 0.0186593
3.26316 0.0399749 0.0187497
3.29731 0.040616 0.018774
3.33103 0.0412476 0.0187267
3.3644 0.0418682 0.0186014
3.39747 0.0424765 0.0183912
3.43024 0.0430692 0.018089
3.46274 0.0436441 0.0176875
3.49499 0.0441981 0.0171799
3.52702 0.0447286 0.0165588
3.55894 0.0452333 0.0158159
3.59072 0.0457084 0.0149461
3.6225 0.0461513 0.0139407
3.65431 0.0465583 0.0127936
3.68623 0.0469254 0.0114996
3.71843 0.0472491 0.0100516
3.75102 0.0475243 0.00844735
3.78403 0.0477452 0.00669278
3.81771 0.0479065 0.00478886
3.85231 0.0480013 0.00273979
3.88776 0.0480218 0.000576995
3.92436 0.0479602 -0.00168314
3.9622 0.0478088 -0.00400003
4.0014 0.0475605 -0.00633358
4.04228 0.0472066 -0.00865707
4.08443 0.0467471 -0.0109052
4.12824 0.0461745 -0.013068
4.17381 0.0454853 -0.0151237
4.21972 0.0447052 -0.0169909
4.26446 0.0438719 -0.0186256
4.30811 0.0429958 -0.0200719
4.35076 0.0420846 -0.0213647
4.39253 0.0411433 -0.0225355
4.43347 0.0401767 -0.0236101
4.4736 0.0391892 -0.0246081
4.51296 0.0381835 -0.0255465
4.55162 0.0371616 -0.0264394
4.58958 0.0361253 -0.027297
4.6269 0.0350757 -0.0281279
4.66363 0.0340125 -0.028939
4.69975 0.0329386 -0.0297328
4.73528 0.0318546 -0.0305109
4.77028 0.0307601 -0.0312739
4.80467 0.0296589 -0.0320175
4.83844 0.0285536 -0.0327373
4.87163 0.027444 -0.0334299
4.90425 0.0263321 -0.0340896
4.93629 0.0252199 -0.0347096
4.96773 0.0241107 -0.0352805
4.9986 0.0230057 -0.0357931
5.02894 0.0219063 -0.0362345
5.05867 0.0208184 -0.0365884
5.08788 0.0197425 -0.0368369
5.11657 0.0186824 -0.0369567
5.14473 0.0176426 -0.0369182
5.17248 0.0166247 -0.0366783
5.19996 0.0156306 -0.0361732
5.21088 0.0152384 -0.0359441
5.22185 0.0148481 -0.0355714
5.23235 0.0144793 -0.0351279
5.24295 0.0141125 -0.0345804
