t x vx
0.01 0.033 -2.38954e-06
0.02 0.033 -2.00631e-06
0.157486 0.0329996 -2.26488e-06
0.294895 0.0329994 -1.52378e-06
0.435282 0.0329996 9.6865e-07
0.580344 0.0330004 5.87456e-06
0.729387 0.0330022 1.18668e-05
0.881681 0.033005 1.85042e-05
1.03674 0.033009 2.58435e-05
1.19305 0.0330144 3.4268e-05
1.34915 0.0330211 4.30218e-05
1.50433 0.0330287 4.93478e-05
1.65844 0.033036 4.67401e-05
1.81147 0.0330416 3.66465e-05
1.96386 0.033045 2.25827e-05
2.11439 0.0330457 4.97211e-06
2.26375 0.0330432 -1.68512e-05
2.41258 0.0330369 -4.2668e-05
2.56107 0.0330263 -7.11315e-05
2.70935 0.0330116 -9.92491e-05
2.85746 0.0329933 -0.000123571
3.00538 0.0329727 -0.000139165
3.15305 0.032952 -0.000140602
3.3004 0.0329338 -0.000123442
3.44742 0.0329214 -8.42599e-05
3.5941 0.0329183 -2.112e-05
3.7404 0.032928 6.65371e-05
3.88604 0.0329537 0.000176652
4.03106 0.0329979 0.00030419
4.17548 0.0330614 0.000439832
4.31937 0.0331433 0.000569444
4.46278 0.0332404 0.000676787
4.60575 0.0333466 0.000743316
4.74841 0.0334533 0.000747985
4.89099 0.0335486 0.000668073
5.0338 0.0336176 0.000483129
5.17643 0.0336438 0.000183544
5.31873 0.0336105 -0.000233849
5.46128 0.0335011 -0.000767213
5.60418 0.0333013 -0.00139866
5.74701 0.0330033 -0.00208596
5.88813 0.0326144 -0.00275627
6.02665 0.032155 -0.00331612
6.16259 0.0316571 -0.00366296
6.29665 0.0311604 -0.00370465
6.4298 0.0307088 -0.00339193
6.5607 0.0303778 -0.00252894
6.69147 0.0302229 -0.00118442
6.82338 0.0303032 0.000609052
6.95342 0.0306265 0.00248584
7.08056 0.0312548 0.00494218
7.20335 0.0321571 0.00734861
7.32249 0.0333263 0.00981328
7.43884 0.0347323 0.0120839
7.55249 0.0363054 0.0138412
7.65975 0.0378894 0.0147688
7.76464 0.0394249 0.0146387
7.8631 0.04074 0.0133571
7.96237 0.0418266 0.0109456
8.06185 0.0425862 0.00763599
8.1619 0.0429411 0.00354669
8.25991 0.0428456 -0.000974372
8.35551 0.0422933 -0.00577708
8.44727 0.0413177 -0.0106323
8.53666 0.0399471 -0.0153318
8.62155 0.0382884 -0.0195389
8.70562 0.0363211 -0.0234026
8.786 0.0341729 -0.0267267
8.86973 0.0316848 -0.0297149
8.95639 0.0289095 -0.0320255
9.04197 0.0260481 -0.0334335
9.12394 0.0232708 -0.033882
9.20141 0.0206895 -0.0333194
9.27437 0.0183874 -0.0315532
9.34325 0.0164413 -0.0282548
9.40819 0.014934 -0.0232104
9.43272 0.0144197 -0.0209662
9.45631 0.0139842 -0.0184595
9.4771 0.0136551 -0.0158295
9.49695 0.0133993 -0.0128895
9.51615 0.0132125 -0.00972649
9.53462 0.0130932 -0.00645622
9.55242 0.013037 -0.00316107
9.56952 0.013037 -7.41898e-07
9.58615 0.0130861 0.00295433
9.60245 0.0131786 0.00567453
9.61744 0.0132976 0.00794007
9.63398 0.0134677 0.010282
9.65015 0.0136687 0.0124274
9.6681 0.0139334 0.0147462
9.68631 0.0142433 0.0170245
9.70586 0.014623 0.0194196
9.72486 0.0150347 0.0216719
9.74712 0.0155748 0.024261
9.77089 0.0162142 0.0269005
9.83524 0.0183557 0.0332769
9.89917 0.0207807 0.0379318
9.97067 0.0237904 0.042095
10.0518 0.0274939 0.045668
10.1293 0.0312255 0.0481205
10.2117 0.0353418 0.0499776
10.2939 0.039532 0.0509501
10.3757 0.0437042 0.051023
10.4521 0.0475468 0.0502685
10.5222 0.0509619 0.0487096
10.5474 0.0521964 0.0490555
10.5691 0.0532722 0.0496542
