t x vx
0.01 0.033 -1.01368e-06
0.02 0.033 -8.62461e-07
0.41035 0.0330005 1.30543e-06
0.801036 0.0330017 3.11637e-06
1.20106 0.0330037 4.88118e-06
1.61187 0.0330061 6.03901e-06
2.03369 0.0330083 5.20202e-06
2.46293 0.0330092 1.91389e-06
2.89877 0.0330077 -3.30973e-06
3.33713 0.0330038 -8.98381e-06
3.77511 0.032998 -1.31752e-05
4.21106 0.0329921 -1.3562e-05
4.64497 0.032988 -9.40537e-06
5.07698 0.0329874 -1.38348e-06
5.50723 0.0329911 8.5865e-06
5.93453 0.0329987 1.78537e-05
6.35988 0.033009 2.40098e-05
6.78412 0.0330197 2.53282e-05
7.2072 0.0330285 2.07459e-05
7.62817 0.0330329 1.04147e-05
8.04738 0.0330311 -4.31116e-06
8.46513 0.0330224 -2.0824e-05
8.8819 0.0330074 -3.59439e-05
9.29733 0.0329882 -4.61013e-05
9.71136 0.0329683 -4.80413e-05
10.124 0.0329521 -3.94055e-05
10.536 0.0329442 -1.90738e-05
10.9482 0.0329487 1.10112e-05
11.3612 0.0329679 4.64297e-05
11.7748 0.0330009 7.9838e-05
12.1883 0.0330435 0.000102912
12.6019 0.033088 0.000107678
13.0146 0.0331241 8.74925e-05
13.4255 0.0331408 4.05227e-05
13.8344 0.0331297 -2.70709e-05
14.2416 0.0330876 -0.00010346
14.647 0.0330161 -0.00017641
15.0505 0.0329228 -0.000231069
15.454 0.0328216 -0.000250893
15.8552 0.0327349 -0.00021607
16.2563 0.0326888 -0.000115046
16.6595 0.0327034 3.63707e-05
17.0603 0.0327839 0.000200743
17.4596 0.0329224 0.000346916
17.8558 0.0331037 0.00045767
18.248 0.0333068 0.00051761
18.639 0.0334997 0.000493351
19.0267 0.0336278 0.000330604
19.4127 0.0336431 3.95572e-05
19.7957 0.0335414 -0.000265677
20.1766 0.0333521 -0.000496969
20.553 0.0331023 -0.000663599
20.9208 0.0328088 -0.000798007
21.2842 0.0324819 -0.00089947
21.6448 0.0321561 -0.000903365
22.0059 0.0319136 -0.000671749
22.369 0.0318618 -0.000142472
22.7356 0.0320078 0.000398223
23.0921 0.0322579 0.000701619
23.4338 0.0325524 0.00086157
23.7694 0.0328921 0.0010124
24.0985 0.0332842 0.00119144
24.4269 0.0337313 0.00136143
24.7527 0.0341921 0.00141443
25.085 0.0345746 0.00115125
25.4205 0.0347016 0.000378485
25.7536 0.0345581 -0.000430716
26.0776 0.0342727 -0.000880981
26.3879 0.0339393 -0.0010746
26.6919 0.033567 -0.00122446
26.9894 0.0331435 -0.00142375
27.2793 0.0326591 -0.00167109
27.5705 0.0321021 -0.00191279
27.8641 0.0315083 -0.00202221
28.1646 0.0309739 -0.00177852
28.4742 0.0307148 -0.000836708
28.7808 0.0308022 0.000284959
29.076 0.0310861 0.000961484
29.3572 0.0314392 0.00125612
29.6299 0.0318321 0.00144058
29.8953 0.0322723 0.00165802
30.1544 0.0327771 0.00194856
30.4108 0.0333632 0.00228632
30.6694 0.0340366 0.00260343
30.9317 0.0347629 0.00276972
31.1986 0.0354515 0.00257925
31.474 0.0358958 0.00161339
31.7538 0.0359358 0.000142981
32.0258 0.0356785 -0.00094611
32.2832 0.035301 -0.00146633
32.5336 0.034869 -0.00172522
32.7774 0.0343958 -0.0019407
33.0126 0.0338785 -0.00220017
33.2456 0.0332881 -0.00253323
33.4804 0.0326055 -0.00290807
33.7209 0.0318243 -0.00324821
33.9669 0.0309846 -0.00341262
34.2234 0.030177 -0.00314818
34.4773 0.0296372 -0.00212642
34.7328 0.0295166 -0.000472063
34.9862 0.0297913 0.00108399
35.2271 0.0302591 0.0019422
35.4633 0.0307745 0.00218142
35.69 0.0312969 0.0023051
35.9125 0.0318451 0.00246368
36.1286 0.0324284 0.00269868
36.3489 0.0330909 0.00300787
36.5705 0.0338286 0.00332872
36.8043 0.0346642 0.00357419
37.0389 0.0355026 0.0035741
37.2813 0.0362516 0.00308986
37.5349 0.0366615 0.00161602
37.7873 0.0366185 -0.000170748
38.0309 0.0362758 -0.0014067
38.2654 0.0358043 -0.00201021
38.4946 0.0352787 -0.00229373
38.7178 0.0347229 -0.0024899
38.9315 0.0341448 -0.00270573
39.146 0.0335047 -0.00298399
39.3634 0.032786 -0.00330478
39.5861 0.0319831 -0.00360544
39.8175 0.0311078 -0.00378307
40.0595 0.0302297 -0.003629
40.31 0.029504 -0.00289661
40.5621 0.0292047 -0.00118741
40.8101 0.0293938 0.00076226
41.0484 0.0298273 0.00181951
41.28 0.0303573 0.00228843
41.5042 0.0309135 0.00248125
41.7224 0.0314858 0.00262243
41.9339 0.032079 0.00280473
42.1457 0.0327256 0.0030525
42.3598 0.0334389 0.00333137
42.5848 0.0342447 0.0035818
42.8206 0.035112 0.00367813
43.0561 0.0359235 0.00344547
43.303 0.0365496 0.00253558
43.5619 0.0367246 0.000676254
43.8109 0.0364824 -0.000972583
44.0497 0.0360255 -0.00191318
44.2809 0.0354898 -0.00231719
44.5066 0.0349254 -0.00250047
44.7265 0.0343423 -0.00265214
44.9413 0.0337304 -0.00284874
45.1601 0.0330511 -0.00310427
45.3843 0.0322946 -0.00337484
45.6135 0.0314754 -0.00357321
45.8514 0.0306257 -0.00357256
46.1027 0.0298397 -0.00312678
46.3576 0.0293879 -0.00177275
46.6151 0.0294122 9.45065e-05
46.8616 0.0297689 0.00144676
47.0966 0.0302626 0.00210089
47.3274 0.0308104 0.00237319
47.5508 0.031372 0.00251419
47.77 0.0319568 0.00266771
47.9848 0.0325752 0.00287859
48.2039 0.0332628 0.00313887
48.4278 0.0340215 0.00338865
48.6634 0.0348531 0.00353
48.9019 0.0356637 0.00339908
49.1468 0.0363338 0.00273584
49.4074 0.0366117 0.00106625
49.6631 0.0364406 -0.000669516
49.9077 0.0360143 -0.00174291
50.1446 0.0354887 -0.00221767
50.376 0.0349316 -0.00240852
50.6015 0.0343589 -0.00253941
50.8193 0.0337688 -0.00270866
51.0401 0.0331187 -0.00294464
51.2648 0.0323972 -0.00321187
51.4951 0.0316072 -0.00342984
51.7354 0.030773 -0.00347137
51.988 0.0299887 -0.00310501
52.247 0.029502 -0.00187902
52.5084 0.0294905 -4.41217e-05
52.7589 0.0298258 0.00133884
52.9974 0.0303085 0.00202388
53.2324 0.0308516 0.00231134
53.4588 0.0314069 0.00245185
53.6821 0.031988 0.00260307
53.9 0.0326007 0.00281145
54.123 0.0332859 0.00307336
54.3489 0.0340369 0.00332328
54.587 0.0348616 0.00346387
54.829 0.0356649 0.00332048
55.0768 0.0363143 0.00262032
55.34 0.0365585 0.00092736
55.5968 0.0363637 -0.000758736
55.8425 0.035928 -0.00177251
56.0802 0.0354031 -0.00220898
56.3126 0.0348482 -0.00238709
56.5392 0.0342776 -0.00251803
56.7587 0.0336868 -0.00269177
56.9817 0.0330333 -0.00293161
57.2085 0.0323085 -0.00319556
57.4408 0.0315185 -0.00339958
57.6832 0.0306922 -0.00340899
57.9379 0.0299343 -0.00297581
58.1963 0.0295092 -0.00164547
58.4572 0.0295489 0.000152315
58.7075 0.0299079 0.0014338
58.9462 0.0303954 0.00204254
59.1803 0.0309321 0.00229266
59.4071 0.0314827 0.00242772
59.6295 0.0320577 0.00258532
59.8478 0.0326697 0.00280454
60.0701 0.0333529 0.00307232
60.2972 0.0341078 0.00332364
60.5364 0.0349333 0.00345215
60.7774 0.0357234 0.00327888
61.0262 0.0363466 0.00250353
61.2895 0.0365493 0.000770338
61.5451 0.0363309 -0.000854281
61.7902 0.0358909 -0.00179581
62.027 0.0353717 -0.00219248
62.2585 0.0348243 -0.00236377
62.4839 0.0342599 -0.002504
62.7031 0.0336697 -0.00269339
62.9262 0.0330115 -0.00294951
63.1532 0.0322795 -0.00322492
63.3856 0.0314817 -0.00343321
63.6274 0.0306507 -0.00343622
63.8815 0.0298931 -0.00298199
64.138 0.0294772 -0.00162156
64.3975 0.0295232 0.000177199
64.6466 0.0298824 0.00144206
64.8843 0.0303677 0.00204138
65.1169 0.0309005 0.00229082
65.3426 0.0314497 0.00243319
65.5633 0.0320235 0.00259964
65.7802 0.0326368 0.00282786
66.0008 0.0333214 0.0031032
66.2268 0.0340816 0.00336334
66.4647 0.0349148 0.00350293
66.7037 0.0357149 0.00334687
66.9512 0.0363596 0.00260483
67.2119 0.0365923 0.000892871
67.467 0.0363954 -0.000772205
67.7109 0.0359668 -0.00175729
67.9467 0.0354524 -0.00218157
68.1771 0.0349076 -0.00236457
68.4013 0.034345 -0.00250836
68.6188 0.0337583 -0.0026981
68.8399 0.033105 -0.00295529
69.0645 0.0323776 -0.00323787
69.2944 0.0315813 -0.00346423
69.5337 0.0307422 -0.00350646
69.785 0.0299555 -0.00313047
70.0389 0.0294723 -0.00190335
70.2966 0.0294491 -8.99782e-05
70.5456 0.0297696 0.00128716
70.7825 0.0302367 0.00197141
71.0158 0.0307653 0.00226604
71.2406 0.0313091 0.00241986
71.4615 0.0318806 0.00258572
71.6771 0.0324859 0.0028082
71.897 0.0331641 0.00308469
72.1199 0.0339125 0.00335675
72.3546 0.0347422 0.00353613
72.5914 0.0355624 0.00346279
72.8349 0.036268 0.00289813
73.0938 0.0366129 0.00133219
73.3498 0.0364998 -0.000441762
73.5948 0.0361093 -0.00159413
73.8322 0.0356043 -0.0021272
74.0638 0.0350607 -0.00234765
74.2893 0.0344989 -0.00249105
74.5059 0.0339213 -0.00266645
74.7242 0.0332864 -0.00290886
74.9456 0.0325794 -0.00319252
75.1724 0.0317983 -0.00344489
75.408 0.0309609 -0.00355349
75.6554 0.0301398 -0.0033195
75.9084 0.0295349 -0.00239119
76.1637 0.0293738 -0.000630586
76.4146 0.029612 0.000949733
76.6546 0.0300529 0.00183673
76.8896 0.030577 0.00223014
77.1158 0.0311219 0.0024086
77.3389 0.0316946 0.00256748
77.5542 0.0322913 0.00277066
77.7717 0.032951 0.00303353
77.9918 0.0336796 0.00331051
78.2226 0.0344938 0.00352713
78.4593 0.0353329 0.00354529
78.6989 0.0360906 0.00316315
78.9528 0.0365714 0.001893
79.2092 0.0365864 5.84315e-05
79.4576 0.0362563 -0.00132853
79.6951 0.0357777 -0.0020152
79.9285 0.0352403 -0.00230291
80.1544 0.0346863 -0.00245266
80.3725 0.0341169 -0.00261082
80.5894 0.0335028 -0.00283018
80.8094 0.0328202 -0.00310317
81.0356 0.0320571 -0.00337386
81.2681 0.0312338 -0.00354101
81.5115 0.0303952 -0.00344485
81.7644 0.0296878 -0.00279738
82.0183 0.0293779 -0.00122047
82.2725 0.029511 0.000523419
82.5168 0.0299125 0.00164366
82.7532 0.0304231 0.00215968
82.9831 0.0309692 0.00237617
83.2065 0.0315325 0.00252141
83.423 0.032117 0.00269921
83.6386 0.0327504 0.00293815
83.8568 0.0334507 0.00320989
84.0841 0.0342355 0.00345226
84.3218 0.0350782 0.00354459
84.5599 0.0358657 0.00330718
84.809 0.0364609 0.00238949
85.0671 0.0366166 0.000603736
85.3189 0.03637 -0.000979192
85.5603 0.03592 -0.001864
85.7942 0.0353972 -0.0022359
86.0224 0.034848 -0.0024063
86.2444 0.0342807 -0.00255516
86.4616 0.0336822 -0.00275499
86.6825 0.033016 -0.00301673
86.9085 0.0322715 -0.0032939
87.1397 0.0314632 -0.00349691
87.38 0.0306238 -0.00349202
87.6318 0.0298608 -0.0030303
87.8859 0.0294369 -0.00166824
88.1441 0.0294762 0.000152477
88.392 0.0298341 0.00144393
88.6287 0.0303221 0.00206155
88.8602 0.030859 0.00231866
89.085 0.0314124 0.0024621
89.3048 0.0319895 0.00262516
89.5207 0.0326041 0.00284716
89.7403 0.0332883 0.00311607
89.9654 0.0340473 0.00337163
90.2022 0.0348791 0.00351176
90.4405 0.0356815 0.00336778
90.6868 0.0363383 0.00266693
90.9477 0.0365931 0.000976688
91.2033 0.0364095 -0.000718878
91.4476 0.0359831 -0.00174467
91.6841 0.0354647 -0.00219204
91.9151 0.0349153 -0.00237832
92.1402 0.0343493 -0.00251516
92.3579 0.0337626 -0.00269396
92.579 0.0331127 -0.00293939
92.8037 0.0323908 -0.00321259
93.0337 0.0316017 -0.00343227
93.2731 0.0307701 -0.00347287
93.5246 0.0299894 -0.00310453
93.7797 0.0295047 -0.00189987
94.0385 0.0294801 -9.48834e-05
94.2888 0.029803 0.00129039
94.527 0.0302752 0.00198233
94.7617 0.0308096 0.00227653
94.9879 0.0313576 0.0024232
95.2107 0.0319324 0.00257988
95.4279 0.032539 0.00279213
95.6497 0.0332174 0.003058
95.8744 0.0339625 0.00331607
96.1111 0.0347848 0.00347531
96.3504 0.0355913 0.00336955
96.596 0.0362663 0.00274842
96.8572 0.0365622 0.00113285
97.1144 0.0364101 -0.000591596
97.3607 0.0359973 -0.00167598
97.5992 0.0354817 -0.00216148
97.832 0.0349328 -0.00235823
98.0589 0.0343674 -0.00249213
98.2777 0.0337847 -0.00266294
98.499 0.0331427 -0.00290067
98.7238 0.0324298 -0.00317144
98.9539 0.0316484 -0.00339543
99.1935 0.0308221 -0.00344915
99.4451 0.03004 -0.00310882
99.7012 0.0295384 -0.00195817
99.9605 0.0294949 -0.000167636
100.212 0.0298068 0.00124057
100.451 0.0302756 0.00195707
100.688 0.0308104 0.00226303
100.915 0.031358 0.00241047
101.139 0.031933 0.0025647
101.357 0.0325381 0.00277307
101.58 0.0332152 0.00303646
101.806 0.0339565 0.00329255
102.043 0.034775 0.00345189
102.283 0.0355792 0.00334687
102.529 0.0362505 0.00272734
102.791 0.0365432 0.00111857
103.048 0.0363892 -0.000597548
103.295 0.0359758 -0.00167491
103.534 0.0354603 -0.0021563
103.768 0.0349117 -0.00235103
103.995 0.0343465 -0.00248387
104.215 0.0337641 -0.00265387
104.437 0.0331223 -0.00289078
104.662 0.0324098 -0.00315954
104.893 0.0316296 -0.0033797
105.133 0.0308062 -0.00342573
105.386 0.0300314 -0.00306977
105.643 0.0295466 -0.00188769
105.903 0.0295205 -0.000100272
106.154 0.0298428 0.00128013
106.394 0.0303151 0.00197095
106.63 0.0308498 0.00226315
106.858 0.0313974 0.00240629
107.082 0.0319718 0.00255969
107.301 0.0325775 0.00276876
107.525 0.0332551 0.00303171
107.751 0.0339977 0.00328475
107.989 0.0348155 0.0034341
108.23 0.0356126 0.00330809
108.477 0.0362667 0.00264486
108.74 0.036529 0.000997399
108.998 0.0363516 -0.000688086
109.244 0.0359282 -0.00171698
109.483 0.0354108 -0.00216725
109.716 0.0348622 -0.00235176
109.944 0.034297 -0.00248452
110.164 0.0337123 -0.00265841
110.387 0.0330657 -0.00289881
110.614 0.0323481 -0.00316545
110.846 0.0315651 -0.00337548
111.087 0.0307436 -0.00339837
111.341 0.0299836 -0.00299405
111.599 0.0295393 -0.00172543
111.86 0.029556 6.37262e-05
112.111 0.0299029 0.0013791
112.351 0.0303859 0.0020148
112.586 0.0309219 0.00227757
112.814 0.0314718 0.00241394
113.038 0.0320465 0.00256802
113.257 0.0326558 0.00278074
113.48 0.0333357 0.00304321
113.708 0.0340844 0.00328985
113.948 0.0349038 0.00341695
114.19 0.0356884 0.00324555
114.439 0.0363079 0.00248541
114.703 0.0365106 0.000766161
114.96 0.036292 -0.000851434
115.207 0.0358493 -0.00179613
115.445 0.035326 -0.00219436
115.678 0.0347754 -0.00236256
115.905 0.0342085 -0.00249682
116.126 0.0336174 -0.00267847
116.351 0.0329596 -0.0029245
116.58 0.0322307 -0.00318628
116.814 0.0314405 -0.00337538
117.057 0.0306247 -0.00334921
117.313 0.0298954 -0.00284781
117.572 0.0295235 -0.00143975
117.832 0.0296062 0.000317695
118.082 0.0299854 0.00151497
118.323 0.0304844 0.00207544
118.557 0.0310239 0.00230216
118.786 0.0315804 0.00243547
119.008 0.0321581 0.00259569
119.228 0.0327769 0.00281709
119.451 0.0334641 0.00307914
119.681 0.0342259 0.00331329
119.923 0.0350493 0.00339961
120.166 0.0358137 0.00314824
120.418 0.0363699 0.00220557
120.682 0.0364832 0.000429636
120.937 0.0362084 -0.00107686
121.182 0.0357446 -0.00189324
121.42 0.0352165 -0.00222568
121.651 0.0346652 -0.00237743
121.877 0.0340972 -0.00251678
122.099 0.0334949 -0.0027115
122.325 0.0328261 -0.00296395
122.557 0.03208 -0.00322076
122.793 0.0312801 -0.00338043
123.04 0.0304697 -0.00328329
123.298 0.0297897 -0.00263679
123.557 0.0295103 -0.00107732
123.815 0.0296655 0.000600947
124.064 0.0300777 0.00165997
124.305 0.0305935 0.00213967
124.539 0.0311412 0.00233634
124.767 0.0317042 0.00247105
124.988 0.0322887 0.00264281
125.209 0.0329233 0.00287596
125.432 0.0336242 0.00313641
125.665 0.0344043 0.00334951
125.909 0.0352259 0.00337719
126.153 0.0359628 0.00301553
126.409 0.0364287 0.00182213
126.671 0.0364359 2.72878e-05
126.924 0.0360991 -0.00133056
127.167 0.0356134 -0.00200122
127.405 0.0350715 -0.00227289
127.636 0.0345156 -0.00240633
127.86 0.0339454 -0.00254977
128.082 0.0333326 -0.00275512
128.308 0.0326526 -0.00301122
128.541 0.031896 -0.00325429
128.779 0.0310918 -0.00337056
129.03 0.030297 -0.00317483
129.29 0.0296925 -0.00232572
