t x vx
0.01 0.0329834 -0.00165813
0.02 0.0329132 -0.00701745
0.0438083 0.0324973 -0.0174707
0.0681973 0.0318688 -0.0257695
0.0943223 0.0310262 -0.0322526
0.121244 0.0300544 -0.0360962
0.148778 0.0290079 -0.0380084
0.176781 0.0279542 -0.0376292
0.205196 0.0269716 -0.0345801
0.23416 0.0261026 -0.0300034
0.263555 0.0254064 -0.0236821
0.293366 0.0249307 -0.0159578
0.323471 0.0247099 -0.00733496
0.35386 0.0247617 0.00170491
0.384344 0.0250859 0.0106344
0.415393 0.0256937 0.0195757
0.446462 0.0265506 0.0275789
0.47791 0.0276369 0.0345459
0.509708 0.0289184 0.0403022
0.541078 0.0303239 0.0448027
0.572145 0.0318224 0.0482324
0.60299 0.0333876 0.0507461
0.63372 0.0350009 0.052497
0.664394 0.0366457 0.0536218
0.695036 0.0383084 0.0542633
0.72566 0.0399788 0.0545463
0.756134 0.0416425 0.054594
0.78641 0.0432931 0.0545177
0.816274 0.0449177 0.0544001
0.845643 0.0465118 0.054278
0.874338 0.048065 0.0541288
0.902193 0.0495647 0.0538408
0.929137 0.0509976 0.0531795
0.939517 0.0515511 0.0533204
0.94958 0.0520921 0.0537643
0.958568 0.0525784 0.0540987
0.967615 0.0530673 0.0540473
0.976785 0.0535572 0.0534221
0.986471 0.0540602 0.0519274
