t x vx
0.01 0.0330188 0.00187683
0.02 0.0330903 0.00715548
0.0442777 0.0335172 0.0175826
0.0690851 0.0341554 0.0257257
0.095319 0.0349979 0.032116
0.122123 0.0359788 0.036595
0.14939 0.0370497 0.0392736
0.176985 0.0381613 0.0402845
0.204929 0.0392731 0.0397848
0.233324 0.0403507 0.0379512
0.262266 0.0413629 0.0349739
0.291947 0.0422851 0.0310717
0.322622 0.0430975 0.0264839
0.354475 0.0437827 0.0215097
0.387765 0.0443324 0.0165139
0.421783 0.0447415 0.0120238
0.455354 0.045026 0.00847451
0.488598 0.0452243 0.00596605
0.521589 0.0453726 0.00449425
0.554328 0.0455028 0.00397921
0.586926 0.0456425 0.00428503
0.619394 0.0458129 0.00524762
0.651758 0.0460293 0.00668612
0.684071 0.0463011 0.00841284
0.716285 0.0466308 0.0102347
0.748438 0.0470157 0.0119698
0.780603 0.0474485 0.0134545
0.812755 0.047916 0.0145415
0.844901 0.0484019 0.0151163
0.877054 0.0488877 0.0151089
0.909264 0.0493545 0.0144929
0.941552 0.0497837 0.0132902
0.973903 0.050158 0.0115711
0.986888 0.050295 0.0105533
0.999914 0.0504193 0.00954157
1.01292 0.0505294 0.00847008
1.0259 0.0506248 0.0073474
1.03885 0.050705 0.00618906
1.05176 0.0507696 0.00500996
1.06461 0.0508188 0.00382366
1.07743 0.0508526 0.00264056
1.0902 0.0508714 0.00146932
1.10293 0.0508754 0.000316658
1.11563 0.0508651 -0.000812348
1.1283 0.0508409 -0.00191118
1.14095 0.0508033 -0.0029762
1.15357 0.0507527 -0.00400556
1.16617 0.0506897 -0.00499811
1.17875 0.0506148 -0.005953
1.19132 0.0505285 -0.00686958
1.20387 0.0504312 -0.0077477
1.21642 0.0503235 -0.00858721
1.22895 0.0502059 -0.00938781
1.24147 0.0500788 -0.0101492
1.25399 0.0499427 -0.0108711
1.28528 0.049559 -0.0122632
1.31654 0.0491403 -0.013394
1.34784 0.0486899 -0.014389
1.37922 0.0482114 -0.0152496
1.41069 0.0477092 -0.0159571
1.44224 0.0471889 -0.01649
1.47384 0.0466572 -0.0168284
1.50548 0.0461206 -0.016959
1.53716 0.045586 -0.0168755
1.56887 0.0450603 -0.0165775
1.60061 0.0445501 -0.0160728
1.63239 0.0440614 -0.0153779
1.66424 0.0435991 -0.0145182
1.69617 0.0431672 -0.0135245
1.72822 0.0427687 -0.0124333
1.76036 0.0424059 -0.0112891
1.79261 0.0420788 -0.0101414
1.82499 0.041786 -0.00904111
1.85751 0.0415246 -0.00803976
1.8902 0.0412897 -0.00718414
1.92308 0.0410755 -0.00651572
1.95621 0.0408746 -0.00606503
1.98969 0.0406786 -0.00585263
2.02355 0.0404793 -0.00588722
2.05748 0.0402704 -0.00615652
2.0916 0.0400439 -0.00663691
2.1257 0.0397956 -0.00728386
2.15974 0.0395217 -0.00804632
2.1937 0.0392206 -0.00886846
2.22756 0.0388923 -0.00969448
2.26132 0.0385386 -0.0104743
2.29499 0.0381627 -0.0111662
2.32857 0.0377685 -0.0117378
2.36208 0.0373607 -0.0121671
2.39555 0.0369443 -0.0124454
2.42898 0.0365238 -0.0125763
2.46241 0.0361034 -0.0125755
2.49587 0.0356863 -0.0124688
2.52936 0.0352747 -0.012288
2.56292 0.0348696 -0.012071
2.59654 0.0344709 -0.011859
2.63021 0.0340772 -0.0116923
2.66393 0.0336858 -0.0116084
2.69769 0.0332929 -0.0116374
2.73147 0.0328942 -0.0118018
2.76525 0.032485 -0.0121137
2.799 0.0320606 -0.0125738
2.83268 0.031617 -0.0131719
2.86626 0.0311507 -0.0138878
2.8997 0.0306593 -0.0146933
2.93299 0.0301414 -0.0155549
2.96613 0.0295969 -0.0164354
2.99909 0.0290266 -0.0172992
3.0319 0.0284322 -0.0181183
3.06456 0.027816 -0.0188682
3.09707 0.027181 -0.0195314
3.12947 0.0265299 -0.0200959
3.16177 0.0258659 -0.0205573
3.194 0.0251916 -0.0209194
3.22617 0.02451 -0.0211903
3.25825 0.0238239 -0.0213848
3.29027 0.023135 -0.0215174
3.32223 0.0224447 -0.0215998
3.35414 0.0217539 -0.0216414
3.38604 0.0210636 -0.0216464
3.41793 0.0203747 -0.0216045
3.44981 0.0196894 -0.0214949
3.48171 0.0190104 -0.021282
3.51367 0.0183419 -0.020917
3.54575 0.0176895 -0.020334
3.5781 0.0170604 -0.0194523
3.61039 0.0164725 -0.0182033
3.64247 0.0159423 -0.0165281
3.65522 0.0157445 -0.0155137
3.6679 0.0155609 -0.0144764
3.68053 0.0153925 -0.0133326
3.69312 0.0152403 -0.0120889
3.70568 0.0151052 -0.0107557
3.7182 0.0149882 -0.00934421
3.73069 0.01489 -0.0078665
3.74316 0.014811 -0.00633472
3.7556 0.0147518 -0.00476085
3.76801 0.0147126 -0.00315713
3.78039 0.0146936 -0.001535
3.79275 0.0146948 9.66632e-05
3.80509 0.0147162 0.00173044
3.81742 0.0147576 0.00335803
3.82974 0.0148189 0.00497474
3.84207 0.0148999 0.00657711
3.8544 0.0150006 0.00816278
3.86674 0.0151207 0.00973044
3.8791 0.01526 0.0112789
3.89147 0.0154185 0.0128076
3.90386 0.0155958 0.0143152
3.91626 0.0157918 0.015801
3.92868 0.0160063 0.0172647
3.95979 0.0166467 0.0205888
3.99093 0.0173852 0.02371
4.02224 0.0182244 0.0268082
4.05372 0.0191643 0.0298581
4.08538 0.020204 0.0328341
4.11722 0.0213411 0.035712
4.14921 0.022571 0.0384544
4.1813 0.0238878 0.041033
4.21345 0.0252838 0.043421
4.24546 0.0267432 0.0455936
4.27732 0.0282582 0.0475526
4.30901 0.0298208 0.0492949
4.34053 0.0314229 0.050833
4.37185 0.0330571 0.0521799
4.40294 0.0347161 0.0533606
4.43379 0.0363941 0.0544032
4.46437 0.0380868 0.0553374
4.49467 0.039789 0.056185
4.52459 0.0414929 0.0569554
4.5541 0.0431941 0.0576397
4.58318 0.0448862 0.0581942
4.61177 0.0465597 0.0585399
4.63985 0.0482038 0.0585307
4.66754 0.0498072 0.0579211
4.69502 0.0513547 0.0563132
4.70611 0.0519689 0.0553536
4.71779 0.0525999 0.0540644
4.72906 0.0531865 0.0520342
4.7412 0.0537822 0.0490637
