t x vx
0.01 0.0330002 1.93803e-05
0.02 0.0330005 2.83155e-05
0.0539321 0.0330029 7.07569e-05
0.0880469 0.0330067 0.000111659
0.123092 0.0330123 0.000159353
0.159258 0.03302 0.000214113
0.196246 0.0330303 0.000277296
0.233896 0.0330438 0.000360032
0.271892 0.0330617 0.000469778
0.309882 0.0330843 0.000596407
0.347732 0.0331121 0.000734668
0.385411 0.0331452 0.000877916
0.422933 0.0331833 0.0010141
0.460231 0.0332258 0.00114047
0.497328 0.0332724 0.00125615
0.534254 0.0333225 0.0013561
0.571027 0.0333753 0.00143613
0.607631 0.0334299 0.00149213
0.644096 0.0334853 0.00151956
0.680443 0.0335403 0.00151286
0.716656 0.0335934 0.00146648
0.752691 0.033643 0.00137631
0.788575 0.0336875 0.0012404
0.824335 0.0337254 0.00105938
0.859997 0.0337552 0.000836133
0.895588 0.0337757 0.000575428
0.931133 0.0337858 0.000283812
0.966569 0.0337847 -2.9537e-05
1.00191 0.0337722 -0.00035476
1.03717 0.0337482 -0.000680304
1.07239 0.0337132 -0.000994474
1.10756 0.033668 -0.00128482
1.14271 0.0336139 -0.0015393
1.17775 0.0335527 -0.00174641
1.21269 0.0334864 -0.00189722
1.2475 0.0334173 -0.00198509
1.2822 0.0333477 -0.00200664
1.31679 0.0332798 -0.00196205
1.35127 0.0332159 -0.00185492
1.38568 0.0331576 -0.00169233
1.42003 0.0331066 -0.00148474
1.45435 0.0330639 -0.0012453
1.48869 0.0330299 -0.000989203
1.52309 0.0330047 -0.000733074
1.55757 0.0329877 -0.00049334
1.59217 0.0329778 -0.000286049
1.62692 0.0329735 -0.000124302
1.66182 0.0329729 -1.65545e-05
1.69683 0.0329741 3.38716e-05
1.73182 0.0329752 3.122e-05
1.76676 0.0329747 -1.2893e-05
1.80163 0.0329719 -8.08041e-05
1.83637 0.0329667 -0.000150976
1.87095 0.0329598 -0.000198497
1.90538 0.032953 -0.00019873
1.93967 0.0329485 -0.000129889
1.97388 0.0329493 2.29318e-05
2.00808 0.0329584 0.00026649
2.04232 0.0329789 0.000598389
2.07666 0.0330135 0.0010067
2.11118 0.0330642 0.00146867
2.14572 0.0331315 0.00194931
2.18024 0.0332146 0.00240837
2.2147 0.0333112 0.00280205
2.24918 0.0334176 0.00308749
2.28363 0.0335287 0.0032249
2.31787 0.0336379 0.00318694
2.35204 0.033739 0.00296065
2.38627 0.0338261 0.0025456
2.4207 0.0338935 0.00195579
2.45531 0.033936 0.00122778
2.48981 0.0339505 0.000421037
2.52426 0.0339368 -0.00039922
2.55842 0.0338973 -0.00115503
2.59211 0.0338375 -0.00177563
2.6255 0.0337636 -0.00221347
2.65879 0.0336826 -0.00243069
2.69218 0.0336023 -0.002406
2.72589 0.0335304 -0.00213341
2.76014 0.0334747 -0.00162769
2.79446 0.0334423 -0.000942816
2.82851 0.0334366 -0.000167291
2.8625 0.0334574 0.000610426
2.89627 0.0335012 0.00129908
2.92988 0.0335622 0.00181555
2.96304 0.0336318 0.00209732
2.99554 0.0337003 0.00210877
3.02776 0.0337594 0.00183414
3.06008 0.0338004 0.00126911
3.09207 0.0338147 0.00044582
3.12342 0.0337969 -0.000566385
3.15476 0.0337436 -0.00170228
3.18665 0.0336515 -0.00288762
3.21952 0.0335193 -0.0040213
3.25324 0.033352 -0.00496254
3.2862 0.0331689 -0.00555387
3.31862 0.0329831 -0.00573076
3.35117 0.0328057 -0.00545222
3.38362 0.0326527 -0.00471184
3.41524 0.0325396 -0.00357973
3.44635 0.0324725 -0.00215543
3.47725 0.032456 -0.000534248
3.50844 0.032493 0.00118573
3.54055 0.0325859 0.00289292
3.57332 0.0327314 0.00444043
3.60595 0.0329166 0.00567633
3.63827 0.033126 0.0064795
3.66985 0.0333399 0.00677325
3.70132 0.0335453 0.00652493
3.7331 0.0337268 0.00571191
3.76436 0.0338632 0.00436442
3.79448 0.0339412 0.0025895
3.82464 0.0339558 0.000484928
3.85574 0.0338987 -0.00183789
3.88867 0.0337582 -0.00426585
3.92194 0.0335423 -0.00648703
3.95614 0.0332605 -0.00824306
3.99012 0.0329467 -0.00923387
4.02383 0.0326325 -0.00932251
4.05699 0.0323524 -0.00844593
4.09044 0.0321322 -0.00658308
4.12476 0.0320031 -0.00376031
4.15774 0.0319913 -0.000356943
4.19033 0.0321021 0.00339889
4.22377 0.0323454 0.00727716
4.25668 0.0326999 0.0107706
4.29096 0.033167 0.0136246
4.3253 0.0336976 0.0154546
4.35996 0.0342528 0.0160149
4.39464 0.0347796 0.0151893
4.4283 0.0352187 0.0130475
4.46105 0.0355395 0.00979502
4.49454 0.0357239 0.00550685
4.52658 0.0357466 0.00070594
4.55873 0.0356058 -0.00437748
4.59371 0.035268 -0.00965567
4.62836 0.0347763 -0.0141938
4.66308 0.0341645 -0.0176222
4.69788 0.0334817 -0.0196194
4.73228 0.0327928 -0.0200246
4.76644 0.0321508 -0.018791
4.80087 0.0316007 -0.0159811
4.83444 0.0312017 -0.0118832
4.86835 0.0309749 -0.0066899
4.9025 0.0309478 -0.000791513
4.9375 0.0311394 0.00547324
4.97233 0.0315344 0.0113426
5.00664 0.0320907 0.0162104
5.04092 0.0327668 0.0197263
5.07495 0.0335013 0.0215822
5.10956 0.0342513 0.0216697
5.14397 0.0349366 0.0199189
5.17626 0.0354763 0.016711
5.20897 0.0358725 0.0121156
5.24145 0.0360841 0.00651111
5.27334 0.036095 0.000341763
5.30821 0.0358706 -0.0064324
5.34282 0.0354334 -0.0126365
5.37686 0.0348316 -0.0176773
5.41141 0.0340977 -0.0212429
5.44525 0.0333175 -0.0230552
5.4794 0.0325314 -0.0230156
5.51254 0.0318278 -0.0212298
5.54584 0.031234 -0.0178333
5.57838 0.0308079 -0.0130978
5.61097 0.0305709 -0.00727137
5.64623 0.030558 -0.000365884
5.68115 0.0307899 0.00664056
5.71585 0.0312443 0.0130924
5.75001 0.0318713 0.0183584
5.78413 0.0326254 0.0221004
5.81801 0.0334398 0.0240401
5.8522 0.0342632 0.0240826
5.88639 0.035022 0.0221906
5.91824 0.0356216 0.018826
5.95119 0.0360799 0.0139089
5.98331 0.0363364 0.007987
6.01531 0.0363823 0.00143567
6.05021 0.0361813 -0.00575981
6.08487 0.0357525 -0.012374
6.11908 0.0351428 -0.0178201
6.15329 0.0344003 -0.0217059
6.18723 0.0335916 -0.0238205
6.22119 0.0327758 -0.0240268
6.2544 0.0320308 -0.0224313
6.28754 0.0313951 -0.0191868
6.31981 0.0309242 -0.0145914
6.3524 0.0306379 -0.008782
6.38768 0.0305741 -0.00180958
6.42254 0.0307599 0.0053311
6.45728 0.0311772 0.0120094
6.49165 0.031781 0.017569
6.52587 0.0325211 0.0216263
6.55963 0.0333269 0.0238683
6.59381 0.0341545 0.0242155
6.62804 0.0349276 0.0225878
6.66023 0.0355521 0.0193982
6.69268 0.0360294 0.0147069
6.72546 0.0363168 0.00877009
6.75706 0.0363893 0.00229354
6.79196 0.0362152 -0.00498758
6.82667 0.0358063 -0.0117813
6.86105 0.035205 -0.0174925
6.895 0.0344702 -0.0216468
6.92919 0.0336473 -0.024063
6.96295 0.0328185 -0.024554
6.99645 0.0320414 -0.0231946
7.02962 0.0313735 -0.020137
7.06201 0.0308655 -0.0156813
7.0948 0.03054 -0.00992709
7.1292 0.0304335 -0.0030948
7.16383 0.0305753 0.00409278
7.19859 0.0309565 0.0109672
7.23316 0.0315381 0.0168266
7.26753 0.0322679 0.0212335
7.30138 0.0330747 0.0238299
7.33558 0.0339139 0.0245392
7.36977 0.0347093 0.0232696
7.40226 0.035371 0.0203638
7.43436 0.0358847 0.0159986
7.4671 0.0362215 0.010288
7.49848 0.0363465 0.00398253
7.53345 0.0362315 -0.00328786
7.56832 0.0358753 -0.0102167
7.60291 0.0353156 -0.0161809
7.63678 0.0346163 -0.0206456
7.67118 0.0338111 -0.0234084
7.70473 0.0329966 -0.024275
7.73876 0.032206 -0.023238
7.77227 0.0315212 -0.020433
7.80521 0.0309893 -0.016149
7.83807 0.030642 -0.0105669
7.87151 0.030519 -0.00367617
7.90605 0.030649 0.00376373
7.94087 0.031032 0.0109979
7.97569 0.0316353 0.0173277
8.0101 0.0324018 0.022273
8.04426 0.0332713 0.0254575
8.0784 0.0341862 0.0267965
8.1124 0.0350781 0.0262336
8.14531 0.0358674 0.0239812
8.17719 0.0365151 0.0203175
8.20998 0.0370152 0.0152528
8.24128 0.0373121 0.00948699
8.27556 0.0374068 0.00276199
8.31049 0.0372675 -0.00398884
8.34523 0.0369201 -0.0100001
8.37929 0.0364205 -0.0146665
8.4141 0.0358028 -0.0177437
8.44767 0.0351655 -0.0189891
8.48232 0.0345294 -0.0183524
8.51559 0.0339967 -0.0160161
8.54933 0.0335886 -0.0120915
8.58198 0.0333606 -0.00698421
8.61492 0.0333293 -0.000949978
8.64988 0.0335309 0.00576543
8.68527 0.0339682 0.0123562
8.72057 0.0346052 0.0180468
8.75514 0.0353755 0.0222792
8.78925 0.0362189 0.0247299
8.82286 0.0370675 0.0252452
8.85639 0.0378649 0.0237828
8.89025 0.0385516 0.0202808
8.92298 0.0390462 0.0151094
8.9561 0.039327 0.00848123
8.98862 0.0393625 0.00108944
9.02067 0.0391525 -0.00654975
9.05414 0.0386811 -0.0140837
9.08743 0.0379967 -0.0205641
9.12058 0.0371507 -0.0255186
9.15288 0.0362245 -0.0286733
9.18607 0.0352305 -0.0299485
9.21838 0.0342794 -0.0294339
9.24953 0.0334267 -0.0273775
9.28175 0.0326624 -0.0237231
9.31404 0.0320583 -0.0187059
9.34881 0.031635 -0.0121725
9.38453 0.0314642 -0.00478333
9.41997 0.0315558 0.00258542
9.45535 0.0318873 0.0093687
9.4904 0.0324115 0.0149571
9.52502 0.0330688 0.0189862
9.55948 0.0338 0.0212151
9.59416 0.034548 0.0215693
9.62894 0.0352434 0.0199976
9.66196 0.0358004 0.016868
9.69508 0.0362089 0.0123321
9.72778 0.0364325 0.00684012
9.7597 0.0364606 0.000880163
9.79477 0.0362636 -0.00561771
9.82959 0.0358642 -0.0114703
9.86392 0.0353117 -0.0160948
9.89871 0.0346454 -0.0191532
9.93285 0.0339488 -0.0204017
9.96751 0.0332656 -0.0197123
10.0011 0.0326872 -0.0172336
10.0348 0.0322464 -0.0130765
10.0674 0.031997 -0.00765553
10.1005 0.031958 -0.00117636
10.1359 0.0321776 0.00619752
10.171 0.0326476 0.0133938
10.2059 0.0333368 0.0197434
10.2403 0.0341848 0.0246744
10.2742 0.0351291 0.027817
10.3076 0.0360977 0.0290083
10.3408 0.0370352 0.0282341
10.3742 0.0378849 0.0254657
10.4061 0.0385583 0.021114
10.4393 0.0390571 0.0150442
10.4712 0.0393153 0.00807838
10.5034 0.039333 0.000548217
10.5374 0.0390855 -0.00728473
10.5711 0.0386045 -0.0142884
10.604 0.0379492 -0.0199006
10.6374 0.0371505 -0.0239204
10.6699 0.036305 -0.0260532
10.703 0.0354308 -0.0263839
10.7352 0.0346249 -0.0250329
10.7679 0.0339033 -0.0220896
10.8002 0.0333281 -0.0178027
10.8329 0.0329251 -0.0123267
10.8684 0.0327252 -0.0056268
10.9043 0.0327732 0.00133857
10.9397 0.0330521 0.00786207
10.9753 0.0335299 0.0134158
11.0102 0.0341384 0.0174623
11.0451 0.0348276 0.0197549
11.0795 0.0355215 0.0201794
11.1142 0.0361699 0.0186716
11.1485 0.0366969 0.0153478
11.1817 0.0370484 0.0106003
11.2158 0.0372057 0.00461294
11.2476 0.0371519 -0.00169188
11.2815 0.0368666 -0.00840721
11.3159 0.0363625 -0.0146419
11.3499 0.0356943 -0.019664
11.3844 0.0348979 -0.0231143
11.4179 0.034069 -0.0247379
11.4518 0.0332399 -0.0244298
11.4851 0.0324969 -0.0223
11.5181 0.0318865 -0.0185382
11.5506 0.0314512 -0.0133694
11.5834 0.0312224 -0.00697061
11.6189 0.0312428 0.000574028
11.6541 0.0315308 0.00818242
11.6891 0.0320607 0.0151722
11.7235 0.032782 0.0209423
11.7578 0.0336421 0.0250818
11.7916 0.0345653 0.0273346
11.8252 0.0354971 0.027668
11.8589 0.0363741 0.0260311
11.891 0.0371059 0.0228018
11.9236 0.0376918 0.0180007
11.9562 0.0380818 0.0119494
11.9878 0.0382499 0.00531765
12.0226 0.0381767 -0.00210566
12.057 0.0378651 -0.00905243
12.0911 0.0373561 -0.014922
12.125 0.0367037 -0.0192577
12.1586 0.0359699 -0.0218543
12.1926 0.0352029 -0.0225648
12.2256 0.034492 -0.0215019
12.2582 0.0338783 -0.0188517
12.2902 0.0334019 -0.0148629
12.3227 0.0330896 -0.00962476
12.3582 0.0329813 -0.00304992
12.3933 0.0331137 0.003767
12.4288 0.0334809 0.010345
12.4644 0.034049 0.0159691
12.4991 0.0347468 0.0201039
12.5337 0.0355228 0.022457
12.5678 0.0363052 0.0228965
12.602 0.0370354 0.0213753
12.6364 0.037651 0.0178827
12.6693 0.038075 0.0128892
12.7033 0.038295 0.00647957
12.7353 0.0382833 -0.000366524
12.7683 0.0380323 -0.00759941
12.8023 0.0375391 -0.0145186
12.8359 0.0368568 -0.0202964
12.8697 0.0360265 -0.0245434
12.9026 0.0351389 -0.026983
12.9362 0.0342147 -0.0275097
12.969 0.0333543 -0.0262607
13.001 0.0326039 -0.0234134
13.0333 0.031988 -0.0191038
13.0657 0.0315505 -0.0135014
13.1014 0.0313235 -0.00634974
13.1371 0.0313654 0.00117433
13.1725 0.0316626 0.00840269
13.2078 0.0321833 0.01474
13.2423 0.0328594 0.0196307
13.277 0.0336509 0.0228098
13.3112 0.0344755 0.0240993
13.3455 0.0352813 0.0234834
13.3792 0.0359855 0.020889
13.4115 0.0365289 0.0168418
13.4448 0.0369067 0.0113349
13.4762 0.0370698 0.00518626
13.51 0.0370085 -0.00181622
13.5449 0.0366988 -0.00887814
13.5795 0.0361731 -0.0151603
13.6135 0.0354907 -0.0200732
13.6483 0.0346765 -0.0234085
13.6819 0.0338409 -0.0249004
13.716 0.0330019 -0.0245614
13.7496 0.0322459 -0.0225064
13.7832 0.0316112 -0.0189262
13.8159 0.0311488 -0.0141187
13.8491 0.0308755 -0.00822981
13.8841 0.030821 -0.00155511
13.9195 0.031005 0.00519919
13.9547 0.0314029 0.0113051
13.9892 0.0319613 0.016166
14.0238 0.0326358 0.0194861
14.058 0.0333543 0.0210283
14.0928 0.034075 0.0207175
14.1272 0.0347127 0.0185481
14.1596 0.0351968 0.0149495
14.1932 0.0355291 0.00988668
14.2252 0.0356604 0.00410157
14.2579 0.0355845 -0.00231574
14.2931 0.035267 -0.00902371
14.3281 0.034743 -0.0149804
14.3624 0.0340704 -0.0196098
14.3971 0.0332852 -0.0226222
14.4312 0.0324745 -0.0238068
14.4653 0.0316853 -0.0231004
14.4988 0.0309947 -0.0206386
14.5327 0.0304359 -0.0165003
14.5658 0.0300811 -0.0107157
14.5987 0.029949 -0.00400504
14.634 0.0300768 0.0036221
14.6689 0.0304625 0.0110706
14.7037 0.0310817 0.0177441
14.7381 0.0318755 0.0231015
14.7723 0.0327921 0.0267742
14.8065 0.0337688 0.0286348
14.8403 0.0347377 0.0286267
14.8732 0.0356246 0.0269302
14.9049 0.0363805 0.0238401
14.9376 0.0370112 0.0193216
14.9689 0.0374482 0.0139598
15.0029 0.0377033 0.00750264
15.0382 0.0377276 0.000688338
15.0732 0.03753 -0.00563979
15.1078 0.0371524 -0.0109011
15.1423 0.036646 -0.0146817
15.1767 0.0360682 -0.0168147
15.2112 0.0354769 -0.0171382
15.2447 0.0349482 -0.0157895
15.2784 0.0345131 -0.0128847
15.3109 0.0342283 -0.00878577
15.3438 0.0341082 -0.0036475
15.3799 0.0341975 0.00247414
15.4151 0.0344981 0.00854376
15.4507 0.0350003 0.0140767
15.4862 0.0356532 0.0184063
15.521 0.0363879 0.0211274
15.5552 0.0371414 0.0219953
15.5893 0.0378558 0.020951
15.6235 0.0384687 0.0179306
15.6578 0.0389157 0.0130521
15.6913 0.0391431 0.00678954
15.7254 0.0391237 -0.000567743
15.7574 0.0388694 -0.00794035
15.7911 0.0383524 -0.0153465
15.8247 0.0376198 -0.0218024
15.8581 0.0367256 -0.0268019
15.8907 0.0357443 -0.0300629
15.9239 0.0347007 -0.0314722
15.9566 0.0336825 -0.0311032
15.988 0.0327662 -0.0291893
16.0209 0.031923 -0.0256122
16.0538 0.0312455 -0.0206337
16.0882 0.0307546 -0.0142659
16.124 0.0305073 -0.00689715
16.1597 0.030527 0.000554379
16.1951 0.0307922 0.00748785
16.2302 0.0312607 0.013338
16.2649 0.0318756 0.0177104
16.2994 0.0325781 0.0203845
16.3345 0.0333249 0.0212736
16.3695 0.0340366 0.0203125
16.4024 0.0346251 0.0178816
16.4358 0.0350952 0.014107
16.4682 0.0354009 0.0094103
16.5004 0.0355344 0.00414863
16.5357 0.0354744 -0.00169821
16.5712 0.0352205 -0.00714591
16.6065 0.0348129 -0.0115661
16.6414 0.0343053 -0.0145279
16.6769 0.0337438 -0.0158117
16.7118 0.0332118 -0.0152757
16.7464 0.0327648 -0.012916
16.7812 0.0324566 -0.00886008
16.8143 0.0323357 -0.00364873
16.8483 0.0324248 0.00261814
16.8833 0.0327569 0.00949761
16.9184 0.0333255 0.0161869
