t x vx
0.01 0.0329968 -0.000318658
0.02 0.0329895 -0.00073633
0.066424 0.0328735 -0.00249716
0.11286 0.0326749 -0.00427821
0.160297 0.0323883 -0.00603995
0.209515 0.0320095 -0.00769793
0.25979 0.0315522 -0.00909539
0.310858 0.0310393 -0.0100438
0.361726 0.0305095 -0.0104141
0.412202 0.0300142 -0.00981294
0.462189 0.0295866 -0.00855445
0.511974 0.029259 -0.00658099
0.561105 0.0290637 -0.00397451
0.608688 0.0290039 -0.00125576
0.656768 0.0291214 0.00244249
0.702179 0.0294113 0.00638488
0.749667 0.0299221 0.010757
0.794791 0.0305964 0.0149416
0.840522 0.031464 0.0189722
0.886236 0.0324944 0.0225411
0.93205 0.0336559 0.0253505
0.977008 0.0348751 0.0271194
1.02125 0.0361034 0.0277648
1.06523 0.037304 0.0272993
1.10929 0.0384341 0.0256473
1.15388 0.0394499 0.0227775
1.19851 0.0402874 0.0187692
1.24099 0.0408777 0.0138948
1.28089 0.0412186 0.00854535
1.32293 0.041323 0.0024818
1.36221 0.041186 -0.00348868
1.4035 0.0407928 -0.00952018
1.44316 0.0402059 -0.0147994
1.48214 0.0394606 -0.019119
1.52074 0.0385945 -0.0224385
1.55858 0.0376614 -0.0246591
1.59458 0.0367317 -0.0258246
1.631 0.0357824 -0.0260701
1.66954 0.0348058 -0.0253392
1.70925 0.0338685 -0.0236006
1.75125 0.0329941 -0.0208175
1.79584 0.0322341 -0.017045
1.84018 0.0316686 -0.0127547
1.8851 0.0312973 -0.00826603
1.93022 0.0311253 -0.00381176
1.97409 0.0311313 0.000137437
2.01884 0.0312882 0.00350597
2.06524 0.0315647 0.00595871
2.11158 0.0318952 0.00713128
2.15664 0.0322136 0.0070672
2.20153 0.0324758 0.0058412
2.24694 0.032636 0.00352742
2.29102 0.032656 0.000452886
2.33209 0.0325375 -0.00288361
2.37468 0.0322681 -0.00632597
2.41757 0.0318619 -0.00946949
2.46206 0.0313319 -0.0119153
2.50977 0.0307001 -0.0132394
2.55578 0.0300941 -0.0131729
2.6012 0.0295637 -0.0116793
2.64837 0.02916 -0.00855819
2.69519 0.0289682 -0.00409665
2.74153 0.0290411 0.00157317
2.78607 0.0293865 0.00775513
2.83091 0.030024 0.014218
2.87552 0.0309192 0.0200685
2.91932 0.0320121 0.0249485
2.95975 0.0331667 0.0285619
2.99881 0.0343751 0.0309326
3.03776 0.03562 0.0319666
3.07655 0.0368451 0.03158
3.11596 0.038019 0.0297862
3.15541 0.0390692 0.0266227
3.19837 0.0400084 0.0218604
3.24047 0.0406812 0.0159832
3.28249 0.0410701 0.009252
3.32877 0.0411446 0.00161002
3.37163 0.040904 -0.00561276
3.41199 0.0404202 -0.0119857
3.45508 0.0396588 -0.0176701
3.49422 0.0388071 -0.021759
3.53517 0.0377927 -0.0247726
3.57488 0.0367419 -0.0264667
3.6133 0.0357066 -0.0269458
3.6484 0.034779 -0.0264274
3.6894 0.0337632 -0.0247715
3.73041 0.0328589 -0.0220501
3.77234 0.0320858 -0.01844
3.81953 0.0314327 -0.0138416
3.86576 0.0310158 -0.00901618
3.91126 0.0308186 -0.00433496
3.95658 0.0308196 2.3529e-05
4.00297 0.0309916 0.00370683
4.05066 0.0313003 0.00647244
4.09662 0.0316574 0.00777076
4.14188 0.0320095 0.0077792
4.18656 0.0323031 0.00657202
4.23307 0.0324964 0.00415527
4.27947 0.0325322 0.000770365
4.32404 0.032396 -0.00305465
4.36766 0.0320936 -0.0069324
4.41353 0.0316074 -0.0105996
4.46042 0.0309736 -0.0135154
4.50769 0.030251 -0.0152864
4.55442 0.029519 -0.0156659
4.60017 0.0288539 -0.0145382
4.64725 0.0282998 -0.0117689
4.6942 0.0279652 -0.00712641
4.7402 0.0279026 -0.00136085
4.78389 0.028115 0.00486098
4.82901 0.0286425 0.0116913
4.87294 0.0294361 0.0180652
4.91537 0.0304344 0.0235257
4.95773 0.0316135 0.0278373
4.99912 0.0328918 0.0308867
5.0402 0.0342289 0.0325511
5.07957 0.0355191 0.0327615
5.11843 0.0367538 0.0317785
5.15816 0.0379266 0.0295165
5.20022 0.0390126 0.0258195
5.24348 0.039914 0.0208381
5.28594 0.0405529 0.0150486
5.33262 0.0409311 0.0081009
5.37832 0.0409865 0.00121219
5.42317 0.0407467 -0.00534587
5.46675 0.0402709 -0.0109198
5.51118 0.039586 -0.0154158
5.55351 0.0388036 -0.0184811
5.59631 0.0379364 -0.0202599
5.63725 0.0370853 -0.0207907
5.67635 0.0362923 -0.0202817
5.71516 0.0355617 -0.0188252
5.75665 0.0348809 -0.0164086
5.79835 0.034326 -0.0133073
5.84374 0.0338937 -0.00952348
5.88793 0.0336436 -0.00565931
5.93443 0.033561 -0.00177758
5.97892 0.033629 0.00152843
6.02459 0.0338178 0.00413441
6.07341 0.0340949 0.00567683
6.11885 0.0343619 0.00587618
6.1658 0.0345879 0.00481246
6.21237 0.0347051 0.00251734
6.26081 0.0346515 -0.00110705
6.30887 0.034388 -0.00548307
6.35534 0.0339221 -0.010025
6.40034 0.0332836 -0.0141872
6.4459 0.0324836 -0.0175611
6.4916 0.0315777 -0.0198223
6.53607 0.0306555 -0.0207403
6.58152 0.0297403 -0.0201376
6.62707 0.0289266 -0.0178605
6.67236 0.0282913 -0.0140266
6.71684 0.0278945 -0.00892227
6.7585 0.0277651 -0.00310506
6.80271 0.0279259 0.00363619
6.84799 0.0284096 0.0106837
6.89039 0.0291325 0.0170493
6.93255 0.0300821 0.0225224
6.9754 0.031229 0.0267663
7.01767 0.0324812 0.029625
7.05931 0.0337718 0.0309974
7.09793 0.0349694 0.0310082
7.13725 0.0361404 0.0297773
7.17814 0.0372527 0.0272038
7.21854 0.0381999 0.0234452
7.25965 0.038966 0.0186338
7.30452 0.0395304 0.0125817
7.34895 0.0398027 0.00612855
7.38944 0.0398105 0.000191523
7.43491 0.0395362 -0.00603145
7.4779 0.0390603 -0.0110697
7.52221 0.0383952 -0.0150106
7.56654 0.037615 -0.0176017
7.61008 0.0367981 -0.0187629
7.65179 0.0360205 -0.0186405
7.69176 0.0353254 -0.017393
7.73118 0.0347253 -0.0152209
7.77287 0.0342196 -0.0121304
7.8151 0.0338662 -0.00836835
7.85998 0.0336806 -0.00413631
7.90537 0.0336861 0.000122098
7.95048 0.0338673 0.00401576
7.99556 0.0341864 0.00707963
8.04315 0.0346192 0.00909477
8.08737 0.0350524 0.00979472
8.13326 0.0354731 0.00916713
8.1798 0.0358041 0.0071122
8.22708 0.0359796 0.00371139
8.27476 0.0359386 -0.000859448
8.32187 0.0356539 -0.00604355
8.36596 0.0351652 -0.0110841
8.41215 0.0344368 -0.0157696
8.45771 0.0335523 -0.0194147
8.50272 0.032573 -0.0217559
8.5472 0.031567 -0.0226157
8.59193 0.030588 -0.0218896
8.63611 0.0297234 -0.019566
8.67961 0.0290348 -0.0158307
8.7195 0.0285858 -0.0112564
8.76383 0.0283507 -0.00530359
8.80804 0.028405 0.00122621
8.85159 0.0287429 0.00775944
8.89475 0.0293422 0.013889
8.93729 0.0301551 0.0191074
8.98001 0.0311437 0.0231409
9.02196 0.0322267 0.025815
9.06487 0.0333867 0.0270329
9.10494 0.0344618 0.0268317
9.14485 0.0354744 0.0253701
9.18648 0.0364132 0.0225537
9.22742 0.0371775 0.0186669
9.26885 0.0377494 0.0138041
9.31317 0.0381053 0.00803023
9.35891 0.0381941 0.00194295
9.40443 0.0380162 -0.00390848
9.44887 0.0376168 -0.00898983
9.49325 0.0370415 -0.0129624
9.53714 0.0363551 -0.015638
9.58223 0.035589 -0.0169928
9.62481 0.0348679 -0.0169323
9.66738 0.0342041 -0.0155941
9.70725 0.0336759 -0.0132489
9.75015 0.0332552 -0.00980635
9.7927 0.0330161 -0.00561768
9.83662 0.0329742 -0.000954145
9.88162 0.0331454 0.00380335
9.92441 0.0334864 0.00797048
9.97093 0.0340205 0.0114792
10.0164 0.0346456 0.0137354
10.0636 0.0353324 0.0145774
10.1088 0.0359601 0.0138885
10.1544 0.036491 0.0116319
10.2 0.0368525 0.00791949
10.2455 0.0369929 0.00309002
10.2912 0.0368764 -0.00254814
10.3344 0.0365213 -0.00821895
10.3786 0.0359174 -0.0136736
10.4209 0.0351465 -0.0181985
10.4655 0.0341818 -0.021661
10.5077 0.0331835 -0.0236532
10.5509 0.0321384 -0.0242073
10.5932 0.0311536 -0.0232603
10.6345 0.0302874 -0.0209556
10.6729 0.0296104 -0.0176379
10.7152 0.0290641 -0.0129164
10.758 0.0287568 -0.00718234
10.8021 0.0287209 -0.000814266
10.8452 0.0289586 0.00551216
10.8864 0.0294246 0.0113109
10.9316 0.0301769 0.0166218
10.9739 0.0310435 0.0204966
11.0173 0.0320455 0.0230948
11.06 0.0330777 0.0241664
11.1015 0.0340677 0.0238571
11.1419 0.0349661 0.0222703
11.1835 0.0357737 0.0193945
11.2248 0.0364124 0.0154579
11.2664 0.0368559 0.010669
11.311 0.037086 0.00515379
11.3568 0.0370619 -0.000526886
11.402 0.036799 -0.00581642
11.446 0.0363525 -0.0101501
11.4919 0.0357349 -0.0134517
11.5369 0.0350451 -0.0153321
11.5826 0.0343241 -0.0158016
11.6266 0.0336712 -0.0148231
11.6705 0.0331207 -0.0125332
11.7112 0.0327415 -0.00931835
11.754 0.0325224 -0.00512109
11.7966 0.0325049 -0.000411641
11.8399 0.0326989 0.00447287
11.8845 0.0331076 0.00916502
11.9293 0.0336902 0.0130156
11.9742 0.0344 0.0157964
12.0202 0.0351914 0.017196
12.0657 0.0359643 0.0170212
12.111 0.0366546 0.015228
12.1553 0.0371824 0.0118997
12.1999 0.0375062 0.00727408
12.2443 0.0375847 0.00176476
12.2872 0.0374075 -0.00413678
12.3299 0.0369762 -0.0100799
12.3742 0.0362894 -0.0155259
12.4183 0.0354109 -0.0199373
12.4604 0.0344437 -0.0229596
12.5026 0.0334048 -0.0246282
12.5452 0.0323451 -0.0248381
12.5868 0.0313632 -0.0236054
12.6272 0.0305102 -0.021108
12.6658 0.029831 -0.0175958
12.7083 0.0292891 -0.0127575
12.7517 0.0289866 -0.00696423
12.7966 0.0289601 -0.000590961
12.8402 0.0292039 0.00559923
12.8829 0.029683 0.0112153
12.9283 0.0304163 0.0161288
12.972 0.031274 0.0196571
13.015 0.0322094 0.0217441
13.0586 0.0331861 0.0224178
13.1001 0.0340875 0.0216908
13.1413 0.0348989 0.0196927
13.1843 0.0356037 0.0164152
13.2255 0.0361069 0.0122137
13.2673 0.0364146 0.00736116
13.3122 0.0365031 0.0019699
13.3544 0.0363721 -0.00310674
13.401 0.0359985 -0.00801979
13.4439 0.035498 -0.0116435
13.4904 0.0348366 -0.0142421
13.535 0.0341514 -0.0153386
13.5808 0.0334669 -0.0149686
13.6249 0.0328847 -0.0131885
13.6679 0.0324462 -0.0102075
13.7094 0.032184 -0.00630771
13.7523 0.0321136 -0.00164325
13.7953 0.032259 0.0033808
13.842 0.0326603 0.00859489
13.8859 0.0332271 0.0128998
13.9319 0.0339783 0.016331
13.976 0.034786 0.0183335
14.0216 0.0356476 0.0188869
14.0672 0.0364572 0.017765
14.1111 0.0371228 0.0151638
14.1547 0.0376086 0.0111255
14.1981 0.0378687 0.00599409
14.2413 0.0378788 0.000235491
14.2837 0.0376329 -0.00579968
14.3292 0.0370866 -0.0119962
14.3713 0.0363666 -0.017121
14.4141 0.0354606 -0.021158
14.4557 0.0344686 -0.023833
14.4985 0.0333934 -0.0251284
14.5404 0.0323472 -0.0249862
14.581 0.0313915 -0.0235413
14.6186 0.0305992 -0.021033
14.6606 0.029882 -0.0171064
14.7031 0.0293682 -0.012073
14.747 0.0290972 -0.00617685
14.7936 0.0291109 0.000292494
14.8397 0.0294149 0.00659818
14.8846 0.0299557 0.0120497
14.9289 0.0306837 0.0164283
14.9735 0.0315539 0.0195106
15.0179 0.0324888 0.0210552
15.0614 0.0334091 0.021138
15.1033 0.0342413 0.0198853
15.145 0.0349671 0.0173971
15.1886 0.0355625 0.0136581
15.2308 0.0359492 0.00916355
15.2741 0.0361279 0.00413138
15.3199 0.0360724 -0.00121185
15.3642 0.0358015 -0.00611078
15.4091 0.0353412 -0.0102499
15.4553 0.0347258 -0.0133065
15.5015 0.0340365 -0.0149421
15.5479 0.0333366 -0.015077
15.5918 0.032732 -0.013786
15.6358 0.0322408 -0.0111535
15.6774 0.031927 -0.00753518
15.7211 0.0317993 -0.00292484
15.7642 0.0318919 0.00214932
15.8093 0.0322274 0.00743954
15.8515 0.0327365 0.0120692
15.8972 0.033473 0.0160972
15.9406 0.0342868 0.0187482
15.9868 0.0352134 0.0200655
16.0328 0.0361191 0.0196953
16.0768 0.0369011 0.0177626
16.1201 0.0375249 0.0144158
16.1629 0.0379465 0.00983574
16.2076 0.0381313 0.00413396
16.2506 0.0380475 -0.00195078
16.2946 0.0376836 -0.00826661
16.3379 0.0370772 -0.0140126
16.3816 0.0362547 -0.0188119
16.4241 0.0353099 -0.0222732
16.4664 0.0342783 -0.0243572
16.509 0.0332129 -0.0250084
16.5504 0.0322085 -0.0242513
16.5909 0.0313077 -0.0222457
16.6289 0.0305771 -0.0192214
16.6711 0.0299492 -0.0148738
16.7141 0.0295408 -0.00950922
16.7593 0.0293888 -0.00336134
16.8023 0.029498 0.0025433
16.8454 0.0298514 0.00819025
16.8904 0.0304444 0.0131766
16.9322 0.0311463 0.0168202
16.9785 0.0320429 0.019345
17.0239 0.0329638 0.0202656
17.0674 0.0338209 0.0197145
17.1098 0.034579 0.0178933
17.1521 0.0352075 0.0148434
17.1946 0.0356652 0.0107734
17.2365 0.0359212 0.00610456
17.2824 0.0359593 0.000832479
17.3255 0.0357815 -0.00412406
17.3724 0.0353691 -0.00879693
17.4163 0.0348324 -0.0122166
17.4631 0.0341532 -0.0145363
17.5079 0.0334646 -0.0153422
17.5539 0.0327915 -0.0146418
17.5984 0.0322341 -0.0125228
17.6418 0.0318356 -0.0091917
17.6837 0.0316273 -0.00496534
17.7268 0.0316271 -4.26986e-06
17.7701 0.031851 0.00518153
17.8159 0.0323294 0.010424
17.8602 0.0329827 0.0147711
17.9045 0.0337831 0.0180752
17.9496 0.0346886 0.0200622
17.9941 0.0355999 0.0204964
18.0389 0.0364654 0.0193112
18.082 0.0371856 0.0167104
18.1248 0.0377299 0.0127193
18.1686 0.0380592 0.00751226
18.2109 0.0381356 0.00180524
18.2534 0.0379531 -0.0042873
18.2983 0.0374808 -0.0105419
18.3408 0.0368052 -0.0158669
18.3837 0.0359444 -0.0200977
18.4252 0.0349907 -0.0229738
18.4682 0.0339361 -0.0244939
18.5105 0.0328986 -0.0245659
18.5512 0.0319487 -0.0233191
18.5893 0.0311478 -0.0209918
18.6305 0.0304334 -0.0173629
18.6729 0.0298984 -0.0126305
18.7164 0.0295928 -0.00701484
18.7623 0.0295546 -0.000832321
18.8066 0.02978 0.00509021
18.8501 0.0302312 0.0103642
18.8969 0.0309282 0.0149046
18.941 0.0317188 0.0179424
18.9852 0.0325844 0.0195637
19.0294 0.033456 0.0197155
19.0719 0.0342417 0.0184888
19.1142 0.0349177 0.0160054
19.1582 0.0354574 0.0122536
19.1996 0.0357833 0.0078661
19.2418 0.0359097 0.00299842
19.286 0.0358145 -0.0021508
19.3301 0.0355068 -0.00697719
19.3743 0.0350222 -0.0109863
19.4209 0.0343698 -0.0139785
19.4666 0.0336611 -0.0155204
19.5131 0.0329375 -0.0155685
19.5574 0.0323116 -0.0141228
19.6012 0.0318157 -0.0113291
19.6426 0.0315025 -0.00755876
19.6863 0.0313815 -0.00276942
19.7296 0.0314899 0.0025043
19.7746 0.0318488 0.00798113
19.8167 0.0323853 0.0127453
19.8627 0.0331648 0.0169147
19.9056 0.0340079 0.0196651
19.9515 0.0349755 0.0210755
19.997 0.0359234 0.0208365
20.0406 0.0367526 0.0190186
20.0831 0.037427 0.0158691
20.1255 0.0379122 0.0114405
20.1694 0.0381691 0.00585314
20.2121 0.0381643 -0.000113048
20.2538 0.0379068 -0.00617019
20.2974 0.037381 -0.0120847
20.3395 0.0366625 -0.0170274
20.3834 0.0357476 -0.0208474
20.4267 0.0347443 -0.0232094
20.4698 0.0337016 -0.0241527
20.5121 0.0327013 -0.0236515
20.553 0.031806 -0.0218919
20.5907 0.0310836 -0.0191491
20.6334 0.0304419 -0.0150482
20.6765 0.030014 -0.00993545
20.7209 0.0298314 -0.0041142
20.764 0.0299008 0.00160925
20.8093 0.0302327 0.00732822
20.8546 0.030785 0.0121991
20.8977 0.0314677 0.0158192
20.9438 0.0323069 0.018231
20.9888 0.0331677 0.0190965
21.033 0.0339842 0.0184811
21.0763 0.0347004 0.0165468
21.1191 0.0352728 0.0133707
21.1627 0.0356723 0.0091748
21.205 0.0358599 0.00443262
21.2503 0.0358242 -0.000787418
21.2965 0.0355508 -0.00591956
21.3435 0.0350622 -0.0103906
21.3895 0.0344336 -0.0136556
21.4354 0.0337185 -0.0155993
21.4813 0.0329794 -0.0160866
21.526 0.0323078 -0.015051
21.5697 0.0317542 -0.0126485
21.6123 0.0313678 -0.00908089
21.6546 0.0311744 -0.00457091
21.6981 0.031203 0.000656978
21.7419 0.0314694 0.00608249
21.7856 0.0319621 0.0112724
