t x vx
0.01 0.0330002 2.07548e-05
0.02 0.0330004 1.70836e-05
0.0528284 0.0330006 7.19285e-06
0.0858474 0.0330007 2.32939e-06
0.11966 0.0330009 5.27033e-06
0.1546 0.0330013 1.10017e-05
0.190219 0.0330018 1.55517e-05
0.226707 0.0330029 3.07225e-05
0.263736 0.0330053 6.42632e-05
0.300864 0.0330096 0.000114294
0.337807 0.0330156 0.000163152
0.374588 0.0330227 0.000194604
0.411069 0.0330307 0.000217412
0.447357 0.0330397 0.000249281
0.48342 0.0330502 0.000290866
0.519083 0.0330623 0.000338865
0.554545 0.0330762 0.000391558
0.589897 0.033092 0.00044685
0.625158 0.0331098 0.000505971
0.660354 0.0331299 0.00057013
0.695495 0.0331524 0.000640787
0.730585 0.0331776 0.000719506
0.765632 0.0332059 0.000806989
0.800589 0.0332374 0.000901327
0.835392 0.0332722 0.000998793
0.87008 0.0333103 0.00109827
0.904673 0.0333518 0.00119859
0.939193 0.0333966 0.00129769
0.973657 0.0334446 0.001393
1.00808 0.0334955 0.00147984
1.04248 0.0335489 0.00155328
1.07684 0.0336043 0.00161159
1.11118 0.0336611 0.00165256
1.14549 0.0337184 0.00167146
1.17979 0.0337754 0.00166119
1.21408 0.0338307 0.00161316
1.24838 0.0338827 0.0015168
1.28263 0.0339294 0.00136227
1.31671 0.0339683 0.00114108
1.35067 0.033997 0.000845013
1.38456 0.0340129 0.000469113
1.41843 0.0340133 1.29792e-05
1.45233 0.0339958 -0.000517641
1.48632 0.033958 -0.00111014
1.52043 0.0338986 -0.00174308
1.55469 0.0338167 -0.00239028
1.58883 0.0337138 -0.00301333
1.62278 0.0335925 -0.00357317
1.65628 0.0334576 -0.00402508
1.68943 0.0333138 -0.00433824
1.72244 0.0331658 -0.00448495
1.75551 0.0330189 -0.00444155
1.7885 0.0328805 -0.00419624
1.82134 0.0327572 -0.00375522
1.85412 0.0326542 -0.00314146
1.88701 0.0325755 -0.00239228
1.92019 0.0325239 -0.00155491
1.95323 0.0325005 -0.000707102
1.9862 0.0325036 9.37861e-05
2.01905 0.03253 0.000801256
2.05188 0.0325748 0.0013663
2.08487 0.0326325 0.0017483
2.11823 0.0326966 0.00192236
2.15075 0.0327571 0.00186147
2.18317 0.0328081 0.00156997
2.21645 0.0328433 0.00105848
2.25036 0.0328557 0.000367554
2.28346 0.0328417 -0.00042328
2.31579 0.032802 -0.00122767
2.34811 0.0327383 -0.00197336
2.37985 0.0326569 -0.00256307
2.41179 0.0325627 -0.00294868
2.44321 0.0324662 -0.00306997
2.47413 0.0323767 -0.00289616
2.50558 0.0323012 -0.00240211
2.53782 0.032251 -0.00155582
2.56913 0.0322372 -0.000442076
2.60012 0.0322636 0.000854296
2.63136 0.0323335 0.00223661
2.66273 0.032446 0.00358703
2.69434 0.0325981 0.00481015
2.72525 0.0327769 0.00578493
2.75664 0.03298 0.00647163
2.78785 0.0331925 0.00680724
2.81824 0.0333981 0.00676687
2.84766 0.0335852 0.00635817
2.87636 0.033746 0.00560457
2.90468 0.0338743 0.0045297
2.93322 0.0339644 0.00315645
2.96199 0.0340086 0.00153561
2.99062 0.0340019 -0.000234705
3.01965 0.0339424 -0.00204751
3.0485 0.0338348 -0.00373112
3.07714 0.0336866 -0.00517497
3.10565 0.0335077 -0.00627508
3.13427 0.0333086 -0.00695725
3.16326 0.0331003 -0.00718473
3.19274 0.032896 -0.00692962
3.22032 0.0327245 -0.00621876
3.24606 0.0325928 -0.00511519
3.27089 0.0325013 -0.00368545
3.29572 0.0324524 -0.00196828
3.32139 0.032453 2.15111e-05
3.34879 0.0325148 0.00225807
3.37742 0.032646 0.00457984
3.40779 0.0328549 0.00688227
3.43965 0.0331389 0.00891083
3.47142 0.0334685 0.0103746
3.50391 0.0338301 0.0111295
3.5366 0.034189 0.01098
3.56955 0.0345128 0.00982631
3.60265 0.0347665 0.00766415
3.6344 0.0349166 0.00473008
3.66524 0.0349534 0.00119303
3.69576 0.034868 -0.00279879
3.72698 0.0346467 -0.00709006
3.75778 0.0343019 -0.0111925
3.78998 0.0338215 -0.0149219
3.82144 0.0332623 -0.0177707
3.8523 0.0326597 -0.0195283
3.88331 0.0320385 -0.020036
3.91602 0.0314139 -0.0190899
3.94764 0.0308834 -0.0167812
3.97942 0.0304643 -0.0131868
4.01066 0.030198 -0.00852338
4.04146 0.0301028 -0.0030929
4.07496 0.0302116 0.00324863
4.10812 0.0305285 0.00955782
4.1399 0.0310109 0.0151755
4.17325 0.031692 0.020428
4.20531 0.0324692 0.024239
4.23762 0.0333271 0.0265522
4.26995 0.034206 0.0271851
4.30234 0.0350538 0.0261748
4.33478 0.0358211 0.0236519
4.36564 0.0364378 0.0199845
4.39642 0.0369086 0.0152961
4.42897 0.0372214 0.00961032
4.46184 0.037339 0.00357846
4.49538 0.0372572 -0.00244081
4.52842 0.0370018 -0.00772557
4.5619 0.0366029 -0.0119152
4.59429 0.0361301 -0.0145978
4.62686 0.0356187 -0.0157034
4.65968 0.0351223 -0.0151251
4.69124 0.0347101 -0.0130605
4.7229 0.0344053 -0.00962502
4.75338 0.0342482 -0.00515669
4.78428 0.0342568 0.000279059
4.81823 0.0344824 0.00664532
4.8513 0.0349069 0.0128395
4.8846 0.0355197 0.0184024
4.91775 0.0362739 0.0227513
4.95084 0.0371177 0.0254931
4.98338 0.0379759 0.0263825
5.01574 0.0387959 0.0253314
5.04832 0.0395201 0.0222321
5.08102 0.040081 0.017153
5.11365 0.0404211 0.0104208
5.14502 0.0405078 0.00276629
5.17665 0.040328 -0.00568595
5.20841 0.0398802 -0.0140969
5.24008 0.0391904 -0.0217818
5.27047 0.0383394 -0.0280047
5.301 0.0373387 -0.0327776
5.33124 0.0362544 -0.0358608
5.36138 0.0351301 -0.0373026
5.38969 0.0340743 -0.0372928
5.41868 0.0330332 -0.0359111
5.44881 0.0320374 -0.0330495
5.47976 0.0311486 -0.0287173
5.51358 0.0303827 -0.0226418
5.54856 0.0298459 -0.0153498
5.58331 0.0295803 -0.00764256
5.61744 0.0295738 -0.000191581
5.65043 0.0297863 0.00644199
5.68433 0.0302007 0.0122259
5.71742 0.0307471 0.0165087
5.75017 0.0313802 0.0193307
5.78263 0.0320494 0.0206208
5.81573 0.0327232 0.0203502
5.84903 0.033343 0.0186159
5.88036 0.0338384 0.0158137
5.91161 0.0342176 0.012134
5.9438 0.034467 0.00775003
5.97707 0.034568 0.0030345
6.01162 0.0345136 -0.00157539
6.04635 0.0343224 -0.00550443
6.08085 0.0340375 -0.00825624
6.11522 0.0337105 -0.00951742
6.14857 0.0334043 -0.00918174
6.18178 0.0331651 -0.00720105
6.21505 0.0330433 -0.00366094
6.24749 0.0330838 0.00124865
6.27985 0.0333186 0.00725853
6.31102 0.0337452 0.0136849
6.34476 0.0344338 0.0204064
6.37825 0.0353176 0.0263895
6.41093 0.0363322 0.0310536
6.4427 0.0374142 0.034054
6.47378 0.0385109 0.0352804
6.50453 0.0395742 0.0345827
6.53529 0.0405541 0.0318533
6.56649 0.0413978 0.0270407
6.5984 0.0420398 0.0201244
6.62947 0.0424082 0.0118558
6.66039 0.0424934 0.00275492
6.69189 0.0422777 -0.00684715
6.72296 0.0417857 -0.015833
6.75286 0.0410833 -0.0234901
6.78241 0.0402051 -0.029726
6.81179 0.0391943 -0.0343973
6.84123 0.0380899 -0.0375204
6.86976 0.0369716 -0.0391956
6.89676 0.0359003 -0.039668
6.92652 0.0347436 -0.0388738
6.95658 0.0336389 -0.0367443
6.98827 0.032585 -0.0332659
7.02154 0.0316371 -0.0284838
7.05586 0.0308599 -0.0226517
7.09117 0.0302899 -0.0161389
7.12643 0.0299499 -0.00964522
7.16084 0.0298227 -0.00369729
7.19368 0.029856 0.00101586
7.22848 0.0300225 0.0047834
7.26226 0.0302608 0.00705542
7.29592 0.0305252 0.00785517
7.32986 0.0307843 0.00763315
7.36373 0.0309916 0.0061205
7.3967 0.0311096 0.00357931
7.42855 0.0311208 0.000351339
7.46181 0.0310111 -0.00329867
7.4945 0.0307896 -0.00677636
7.52928 0.0304504 -0.0097514
7.56352 0.0300535 -0.0115915
7.59807 0.0296406 -0.0119499
7.63224 0.0292794 -0.0105727
7.66617 0.0290308 -0.00732748
7.69983 0.0289535 -0.00229631
7.7334 0.0291038 0.00447666
7.76618 0.0294909 0.0118083
7.79882 0.0301381 0.0198245
7.83048 0.0310118 0.0275985
7.86206 0.0321036 0.0345762
7.89313 0.0333527 0.0402074
7.92329 0.0346839 0.0441308
7.95288 0.0360531 0.0462833
7.98201 0.0374127 0.0466677
8.01097 0.0387246 0.0453035
8.04024 0.0399589 0.0421587
8.06999 0.0410651 0.0371893
8.10021 0.0419855 0.0304584
8.13152 0.0426738 0.0219793
8.16388 0.0430691 0.0122174
8.19608 0.0431427 0.00228628
8.2274 0.0429216 -0.0070577
8.25889 0.0424362 -0.0154187
8.28935 0.0417599 -0.022199
8.31929 0.0409406 -0.0273668
8.34894 0.0400228 -0.0309576
8.37835 0.0390468 -0.0331776
8.40534 0.0381236 -0.0342106
8.43454 0.0371228 -0.0342794
8.46396 0.0361433 -0.0332858
8.49539 0.0351617 -0.0312332
8.52845 0.0342313 -0.0281397
8.56258 0.0334047 -0.0242236
8.59663 0.0327269 -0.0199051
8.6322 0.0321798 -0.015383
8.66796 0.0317813 -0.0111419
8.70341 0.0315114 -0.00761331
8.73784 0.0313329 -0.00518481
8.77295 0.0311957 -0.00390605
8.80681 0.0310629 -0.00392422
8.8416 0.0308794 -0.00527269
8.87552 0.0306162 -0.00775937
8.91012 0.0302304 -0.0111524
8.9442 0.0297203 -0.0149683
8.97829 0.0290814 -0.0187372
9.01223 0.0283383 -0.0218976
9.04571 0.0275353 -0.0239855
9.07847 0.026727 -0.0246757
9.11086 0.0259596 -0.023691
9.14327 0.0252843 -0.0208311
9.17567 0.0247651 -0.0160279
9.20787 0.0244613 -0.00943452
9.23979 0.0244174 -0.00137401
9.2712 0.0246596 0.00770879
9.30236 0.0251953 0.0171955
9.33282 0.0259917 0.026145
9.36364 0.0270491 0.0343036
9.39339 0.0282657 0.0409041
9.42265 0.0296113 0.0459823
9.45064 0.0309957 0.0494678
9.47865 0.0324404 0.0515742
9.50755 0.0339497 0.0522294
9.53665 0.0354493 0.0515258
9.56619 0.0369108 0.0494712
9.5961 0.0382897 0.0461045
9.62653 0.0395528 0.0415097
9.65765 0.0406645 0.035722
9.6898 0.0415923 0.0288618
9.72324 0.0423015 0.0212068
9.75731 0.0427538 0.0132732
9.79096 0.0429526 0.00591019
9.8244 0.0429353 -0.000519494
9.85709 0.0427469 -0.00576069
9.88971 0.0424321 -0.0096523
9.92156 0.0420425 -0.0122295
9.95259 0.0416164 -0.0137338
9.98398 0.0411642 -0.0144053
10.0135 0.0407405 -0.0143602
10.0444 0.0403133 -0.0138093
10.0772 0.0398915 -0.0128527
10.1117 0.0394885 -0.0117058
10.1444 0.0391406 -0.0106329
10.1793 0.0387949 -0.00989867
10.2138 0.0384583 -0.00974931
10.2479 0.0381051 -0.0103742
10.2815 0.0377034 -0.0119327
10.3149 0.0372188 -0.0145234
10.3482 0.0366162 -0.0181218
10.3812 0.035868 -0.0226377
10.4139 0.034959 -0.027782
10.4467 0.0338748 -0.033132
10.4792 0.0326365 -0.0380645
10.5109 0.0313012 -0.0420527
10.5419 0.0299154 -0.044804
10.572 0.0285213 -0.0462069
10.6017 0.0271523 -0.0461198
10.6312 0.0258445 -0.0443953
10.6607 0.0246363 -0.0409552
10.6906 0.0235707 -0.0356722
10.7212 0.0226996 -0.0284169
10.7529 0.0220847 -0.0193932
10.7845 0.0217907 -0.00931646
10.8157 0.0218176 0.000861896
10.846 0.0221339 0.0104095
10.8764 0.0227086 0.0189429
10.9056 0.0234657 0.0258697
10.9346 0.0243733 0.0313564
10.9619 0.0253413 0.0353848
10.9893 0.0263904 0.0382931
11.0188 0.0275732 0.0401827
11.0466 0.0287149 0.0410527
11.0748 0.0298759 0.0411372
11.1062 0.0311362 0.0401657
11.1379 0.0323476 0.038207
11.1704 0.0334998 0.035479
11.2033 0.034558 0.0321188
11.237 0.0355132 0.0283531
11.2716 0.0363558 0.024375
11.3069 0.0370784 0.0204554
11.3424 0.0376815 0.0169777
11.3778 0.0381862 0.0142455
11.4131 0.0386238 0.0124
11.4482 0.0390268 0.0114962
11.4825 0.0394225 0.0115356
11.5172 0.0398503 0.0123315
11.5513 0.0403138 0.0135829
11.585 0.0408175 0.014937
11.6174 0.0413361 0.0160264
11.6513 0.0418938 0.0164346
11.6846 0.0424196 0.0158166
11.7173 0.0428784 0.0140238
11.7495 0.0432303 0.0109394
11.7812 0.0434359 0.00648089
11.8124 0.0434568 0.000667312
11.8434 0.043257 -0.0064416
11.8739 0.0428152 -0.0144872
11.9042 0.0421148 -0.0231526
11.9338 0.0411767 -0.0316614
11.9637 0.0399927 -0.0396196
11.9925 0.0386587 -0.0463329
12.0209 0.0371867 -0.0518041
12.0498 0.035567 -0.0559919
12.0788 0.0338624 -0.0587654
12.1077 0.0321212 -0.0602926
12.1364 0.0303814 -0.0606503
12.1651 0.0286607 -0.0598842
12.1939 0.026991 -0.0580483
12.2228 0.0253964 -0.0551668
12.252 0.023903 -0.0512265
12.2815 0.0225384 -0.0462503
12.3115 0.0213292 -0.040295
12.3422 0.0203016 -0.0333916
12.3741 0.0194818 -0.0256999
12.4074 0.0188999 -0.0175083
12.4408 0.018581 -0.00955037
12.4741 0.0185015 -0.00238479
12.5073 0.0186291 0.00383919
12.5401 0.0189201 0.00887171
12.5721 0.0193336 0.0129279
12.604 0.0198594 0.016503
12.6339 0.0204446 0.0195528
12.6651 0.021152 0.022652
12.6966 0.0219621 0.0257204
12.7302 0.0229401 0.029109
12.7636 0.0240294 0.0326151
12.7969 0.0252376 0.0363024
12.8298 0.0265562 0.0400838
12.8621 0.0279748 0.043938
12.8937 0.0294846 0.0477067
12.9246 0.0310668 0.0512684
12.9547 0.0327075 0.0544875
12.9843 0.0344009 0.0572516
13.0133 0.0361241 0.0594504
13.0418 0.0378608 0.0609235
13.0698 0.0395864 0.0614899
13.0974 0.041272 0.0610417
13.1247 0.0428938 0.0594709
13.1518 0.0444277 0.0566656
13.1788 0.045845 0.0524451
13.206 0.0471112 0.0465924
13.2336 0.0481874 0.0389963
13.2617 0.0490181 0.0295979
13.2906 0.0495574 0.0186604
13.3191 0.0497678 0.0073764
13.347 0.0496731 -0.00338659
13.3744 0.0493166 -0.0130239
13.4014 0.0487431 -0.0212456
13.4266 0.0480417 -0.0278992
13.4526 0.0471643 -0.0337461
13.4774 0.0462076 -0.0385789
13.506 0.0449637 -0.0433673
13.5362 0.0435255 -0.0476245
13.567 0.0419513 -0.0512081
13.5978 0.0402866 -0.0540133
13.6284 0.038571 -0.0560899
13.6586 0.0368297 -0.0576165
13.6887 0.0350631 -0.0587035
13.7185 0.0332928 -0.0593207
13.7484 0.0315192 -0.0594775
13.7782 0.0297558 -0.0591694
13.8079 0.02802 -0.0584369
13.8375 0.0263259 -0.057265
13.8669 0.0246875 -0.0556365
13.8962 0.0231194 -0.0535436
13.9253 0.0216342 -0.0509678
13.9544 0.0202425 -0.0478881
13.9835 0.0189561 -0.0442145
14.0127 0.0177928 -0.0398252
14.0419 0.0167806 -0.0346203
14.0711 0.0159483 -0.0284878
14.0829 0.0156426 -0.025977
14.0947 0.0153636 -0.0235898
14.1061 0.0151238 -0.0211888
14.1175 0.0149103 -0.0186308
14.129 0.0147273 -0.0159033
14.1406 0.0145765 -0.0130093
14.1522 0.0144604 -0.0100063
14.1636 0.0143811 -0.0069644
14.1748 0.0143375 -0.00388443
14.186 0.0143289 -0.000773493
14.1971 0.0143552 0.00235339
14.2083 0.0144163 0.00544968
14.2196 0.0145118 0.00848344
14.2307 0.014638 0.0113849
14.242 0.0148 0.0142789
14.254 0.0150056 0.0172491
14.2659 0.015246 0.0201498
14.2776 0.0155161 0.0229577
14.2892 0.0158125 0.0256764
14.3006 0.0161348 0.0283401
14.3286 0.0171167 0.0350578
14.3562 0.0182574 0.0412624
14.3882 0.0198006 0.048274
14.4186 0.0214619 0.0546371
14.4484 0.0232723 0.0607081
14.4775 0.0252027 0.0662856
14.5059 0.0272279 0.0713017
14.534 0.0293506 0.0756873
14.5614 0.0315208 0.0792896
14.5882 0.0337243 0.0820904
14.6145 0.0359369 0.0841191
14.6404 0.038147 0.0853698
14.6659 0.0403368 0.085777
14.6912 0.0424903 0.085272
14.7161 0.0445774 0.083821
14.7407 0.0465818 0.081283
14.7651 0.0484713 0.077509
14.7891 0.0502045 0.0722996
14.7984 0.0508692 0.0709828
14.8076 0.0515131 0.0702163
14.8157 0.0520758 0.0694638
14.8238 0.052627 0.0684656
14.8316 0.0531536 0.0672021
14.8393 0.0536578 0.0656167
