t x vx
0.01 0.0329828 -0.00172271
0.02 0.0329153 -0.00674585
0.0403311 0.0325946 -0.0157758
0.0624451 0.0320631 -0.0240315
0.0870812 0.0312884 -0.0314486
0.111832 0.0303718 -0.0370339
0.138758 0.0292764 -0.0406804
0.164837 0.0281866 -0.0417891
0.19076 0.0271384 -0.0404348
0.21743 0.026167 -0.0364228
0.245168 0.0253529 -0.0293499
0.270983 0.0248148 -0.0208429
0.299654 0.0245258 -0.0100821
0.325544 0.0245489 0.000892709
0.352027 0.0248869 0.0127636
0.378374 0.0255524 0.0252574
0.404913 0.0265397 0.0372031
0.432493 0.0278915 0.0490167
0.458378 0.0294245 0.0592225
0.482807 0.0310817 0.0678357
0.506728 0.0328812 0.0752271
0.529702 0.0347511 0.0813897
0.552456 0.0367215 0.0865993
0.575187 0.0387841 0.0907404
0.597793 0.0409045 0.0937934
0.620116 0.043042 0.0957562
0.64221 0.0451753 0.0965551
0.664453 0.0473072 0.0958462
0.686308 0.049351 0.093517
0.707618 0.0512572 0.0894513
0.715746 0.0519841 0.0894277
0.723459 0.0526757 0.0896774
0.730134 0.0532759 0.089898
