t x vx
0.01 0.0330007 6.5638e-05
0.02 0.0330034 0.000277886
0.117534 0.0332121 0.00213933
0.220268 0.033596 0.00373693
0.340247 0.0342038 0.00506614
0.459632 0.0348959 0.00579732
0.591967 0.0356724 0.00586729
0.723204 0.0363445 0.00512156
0.860107 0.0368304 0.00354916
0.997689 0.0370077 0.00128848
1.13531 0.0368077 -0.00145296
1.27131 0.0361985 -0.00448003
1.40565 0.035179 -0.00758881
1.53796 0.0337835 -0.0105467
1.66404 0.0321336 -0.0130863
1.78644 0.0302832 -0.0151184
1.906 0.0283147 -0.0164633
2.02143 0.0263617 -0.0169204
2.13058 0.024582 -0.016305
2.23415 0.0230988 -0.0143208
2.33332 0.0219967 -0.0111129
2.43149 0.0213091 -0.00700417
2.52907 0.0210876 -0.00227041
2.62522 0.0213436 0.00266306
2.71713 0.0220228 0.00738964
2.80446 0.0230513 0.0117762
2.8908 0.0244197 0.0158499
2.97459 0.026051 0.0194695
3.06102 0.0280253 0.0228411
3.14774 0.0302652 0.0258295
3.24247 0.0329708 0.028563
3.33679 0.0358546 0.0305734
3.43171 0.0388789 0.031862
3.5253 0.0418959 0.0322363
3.61424 0.0447068 0.0316041
3.69807 0.0472079 0.0298359
3.77657 0.0492953 0.0265903
3.84863 0.050863 0.0217558
3.87554 0.0513921 0.0196604
3.90175 0.0518454 0.0172941
3.92445 0.0521832 0.0148834
3.94666 0.0524531 0.0121536
3.96779 0.0526493 0.00928158
3.98802 0.0527767 0.00629867
4.00736 0.0528415 0.003351
4.02639 0.0528513 0.000513354
4.04531 0.0528088 -0.0022481
4.06335 0.0527238 -0.00470785
4.08151 0.0525963 -0.00702532
4.0993 0.0524335 -0.00914829
4.11721 0.0522331 -0.011192
4.13512 0.051997 -0.0131799
4.15291 0.0517276 -0.0151401
4.1727 0.0513861 -0.0172629
4.19487 0.0509524 -0.0195608
4.21794 0.0504483 -0.0218467
4.24276 0.0498473 -0.0242179
4.30956 0.0478378 -0.0300827
4.38296 0.0452742 -0.034925
4.46136 0.0422243 -0.0389011
4.54384 0.03876 -0.0420021
4.63186 0.0348624 -0.0442831
4.71672 0.0309907 -0.0456196
4.8107 0.0266551 -0.0461362
4.90437 0.0223938 -0.045493
4.99307 0.018502 -0.0438768
5.0738 0.0151653 -0.0413269
5.10252 0.0139895 -0.0409414
5.12728 0.0129743 -0.0410149
5.14694 0.012168 -0.0409995
