t x vx
0.01 0.0329898 -0.0010206
0.02 0.0329659 -0.0023852
0.0516459 0.0327689 -0.0062254
0.0834986 0.0324502 -0.0100053
0.116036 0.0320072 -0.0136154
0.149694 0.0314366 -0.0169552
0.184136 0.0307577 -0.0197104
0.218427 0.0300194 -0.0215292
0.252375 0.0292657 -0.022203
0.286329 0.0285455 -0.0212099
0.320058 0.0279083 -0.0188918
0.353661 0.027397 -0.0152175
0.385846 0.0270615 -0.0104236
0.418062 0.0268994 -0.00503179
0.449089 0.0269352 0.00115386
0.478513 0.0271634 0.00775747
0.508461 0.0276137 0.0150339
0.538184 0.0282731 0.0221843
0.568456 0.0291511 0.0290036
0.597876 0.030175 0.0348034
0.626805 0.0313126 0.0393264
0.654731 0.0324942 0.0423095
0.682266 0.0336978 0.0437129
0.710527 0.0349217 0.0433081
0.738738 0.0360828 0.0411554
0.767978 0.0371701 0.037187
0.798151 0.0381127 0.0312398
0.829324 0.0388455 0.0235063
0.859021 0.0392872 0.0148727
0.886656 0.0394593 0.00622721
0.916216 0.03937 -0.00301985
0.944001 0.0390548 -0.0113427
0.973125 0.0385057 -0.0188553
1.00162 0.0378081 -0.0244807
1.02959 0.0370198 -0.028189
1.05697 0.0361999 -0.0299405
1.08281 0.0354252 -0.029976
1.10825 0.0346995 -0.0285322
1.13417 0.034038 -0.0255202
1.16092 0.033478 -0.0209307
1.18882 0.0330626 -0.0148918
1.21727 0.0328409 -0.00779335
1.24695 0.0328365 -0.000149328
1.27583 0.0330476 0.0073101
1.30403 0.0334402 0.0139207
1.33452 0.0340338 0.0194723
1.36455 0.0347316 0.0232405
1.39653 0.0355285 0.0249178
1.42753 0.0362823 0.0243127
1.45857 0.0369484 0.0214576
1.48984 0.0374574 0.0162813
1.52127 0.0377475 0.00922975
1.55169 0.0377813 0.00111284
1.58074 0.0375664 -0.00739813
1.61146 0.0370613 -0.0164412
1.64044 0.036361 -0.0241674
1.66958 0.0354697 -0.0305899
1.69766 0.0344847 -0.0350768
1.72618 0.0334075 -0.0377707
1.75407 0.0323354 -0.0384344
1.78246 0.0312838 -0.0370423
1.80909 0.0303797 -0.0339475
1.83687 0.0295751 -0.0289651
1.86541 0.0289416 -0.0222017
1.89539 0.0285261 -0.0138577
1.92653 0.0283882 -0.00442685
1.95712 0.0285415 0.00501265
1.98578 0.028928 0.0134828
2.01618 0.0295717 0.0211745
2.04537 0.030359 0.0269749
2.07566 0.0312968 0.0309511
2.10533 0.0322682 0.0327453
2.13399 0.0332007 0.0325401
2.16213 0.0340565 0.030414
2.19098 0.034818 0.0263939
2.21896 0.0354008 0.0208238
2.24714 0.0357917 0.0138755
2.27824 0.0359652 0.00557709
2.30934 0.0358667 -0.00316555
2.33847 0.03554 -0.0112175
2.36962 0.0349594 -0.0186379
2.40076 0.0342004 -0.0243678
2.43206 0.0333221 -0.02807
2.46291 0.032411 -0.0295254
2.49282 0.0315516 -0.0287348
2.52276 0.0307799 -0.0257772
2.55035 0.0301971 -0.0211172
2.57914 0.0297732 -0.0147291
2.608 0.0295722 -0.00696452
2.63758 0.0296215 0.00166737
2.66786 0.0299455 0.010698
2.69768 0.0305122 0.0190093
2.72762 0.0312958 0.0261624
2.75782 0.0322476 0.0315278
2.787 0.03326 0.0346935
2.81613 0.0343001 0.0356983
2.84459 0.0352842 0.0345876
2.87224 0.0361552 0.0314944
2.90064 0.036906 0.0264384
2.92877 0.0374579 0.0196232
2.95724 0.0377848 0.0114775
2.98729 0.0378542 0.00231107
3.01499 0.0376742 -0.00649863
3.04602 0.0371867 -0.0157097
3.07417 0.036541 -0.0229397
3.10433 0.0356726 -0.0287878
3.13397 0.0347105 -0.0324631
3.16338 0.0337125 -0.0339382
3.19212 0.0327584 -0.0331947
3.21906 0.0319318 -0.0306816
3.24605 0.0312171 -0.0264764
3.27374 0.0306475 -0.0205758
3.30187 0.030273 -0.013313
3.33166 0.0301316 -0.00474684
3.36117 0.0302472 0.00392025
3.39151 0.0306275 0.0125325
3.42224 0.0312429 0.0200247
3.45135 0.0319915 0.0257153
3.48244 0.0329146 0.029695
3.51222 0.0338485 0.0313554
3.54231 0.0347767 0.0308542
3.5716 0.0356022 0.0281832
3.60061 0.0362863 0.0235792
3.63044 0.0367946 0.0170378
3.65928 0.0370646 0.00936443
3.68943 0.0370849 0.000674351
3.71745 0.0368663 -0.0078023
3.74888 0.0363421 -0.0166756
3.77731 0.0356699 -0.0236523
3.80795 0.0347717 -0.029306
3.83686 0.0338248 -0.0327525
3.86689 0.0327995 -0.0341507
3.89605 0.0318291 -0.033276
3.92403 0.0309759 -0.0304908
3.95085 0.0302766 -0.026078
3.9786 0.0297235 -0.0199268
4.00719 0.0293724 -0.0122794
4.03666 0.0292749 -0.00330979
4.06653 0.0294514 0.00591071
4.09496 0.0298625 0.0144571
4.12513 0.030536 0.0223265
4.15356 0.0313419 0.028347
4.18396 0.0323388 0.032788
4.21254 0.033339 0.0350016
4.24191 0.0343753 0.0352783
4.27028 0.0353263 0.0335259
4.29875 0.0361751 0.0298096
4.32794 0.0368835 0.024266
4.35652 0.0373777 0.0172943
4.38605 0.0376513 0.00926786
4.41782 0.0376608 0.000297848
4.44863 0.0374023 -0.00838815
4.47926 0.0369098 -0.0160786
4.51048 0.0362161 -0.0222259
4.54114 0.0354099 -0.0262955
4.57179 0.0345374 -0.0284618
4.60132 0.0336975 -0.0284437
4.63059 0.0329252 -0.0263862
4.65758 0.0323113 -0.0227415
4.68593 0.0318182 -0.0173991
4.71465 0.0315127 -0.0106356
4.74423 0.0314314 -0.00274896
4.77369 0.0315887 0.00533913
4.80447 0.0320034 0.0134761
4.83508 0.0326292 0.0204469
4.8653 0.0334108 0.0258604
4.89658 0.0343292 0.0293575
4.92693 0.0352564 0.0305573
4.95749 0.0361565 0.0294491
4.9874 0.036941 0.0262327
5.01694 0.0375566 0.0208339
5.04741 0.0379667 0.0134629
5.07609 0.0381194 0.00532159
5.10471 0.0380191 -0.00350375
5.13513 0.0376256 -0.0129338
5.16457 0.0369973 -0.0213432
5.19505 0.0361302 -0.0284477
5.22406 0.0351604 -0.0334301
5.25307 0.0341036 -0.0364253
5.28155 0.0330387 -0.0373881
5.30993 0.0320066 -0.0363657
5.33627 0.0311182 -0.0337292
5.36425 0.0303049 -0.0290654
5.39253 0.0296626 -0.0227171
5.42124 0.0292333 -0.0149508
5.45218 0.0290578 -0.00567291
5.48142 0.0291574 0.00340489
5.5114 0.0295291 0.0123982
5.54248 0.0301685 0.0205753
5.57131 0.0309405 0.0267756
5.60197 0.0319009 0.031325
5.63134 0.0328881 0.0336132
5.66108 0.0338892 0.0336545
5.68991 0.0348033 0.0317138
5.71851 0.0355996 0.0278459
5.74764 0.036246 0.0221864
5.77619 0.0366784 0.0151459
5.80664 0.0368888 0.00690787
5.83803 0.036826 -0.00199965
5.86773 0.0365176 -0.0103837
5.89889 0.0359547 -0.0180626
5.93036 0.0351937 -0.0241821
5.96154 0.0343147 -0.02819
5.99239 0.0333894 -0.0299939
6.02239 0.0325021 -0.0295755
6.0519 0.0317015 -0.0271279
6.0792 0.0310716 -0.0230753
6.10775 0.030577 -0.0173245
6.13636 0.0302856 -0.0101853
6.16609 0.0302277 -0.00194705
6.1962 0.0304324 0.00679759
6.22448 0.0308535 0.0148913
6.25479 0.0315309 0.0223495
6.28332 0.0323231 0.0277652
6.31393 0.0332906 0.0316123
6.3434 0.0342705 0.033245
6.37337 0.0352513 0.0327279
6.4023 0.036121 0.0300686
6.43096 0.0368506 0.0254514
6.46091 0.0374127 0.0187706
6.48979 0.0377272 0.0108879
6.5196 0.0377884 0.00205279
6.54751 0.0376036 -0.00662131
6.57888 0.037108 -0.0158007
6.60682 0.0364663 -0.0229704
6.63712 0.0355908 -0.0288904
6.66622 0.0346412 -0.0326299
6.69587 0.0336246 -0.0342877
6.72464 0.0326537 -0.0337545
6.75199 0.0317937 -0.0314364
6.77873 0.031059 -0.0274755
6.80635 0.0304562 -0.0218232
6.83473 0.0300399 -0.0146705
6.86418 0.0298553 -0.00627066
6.8945 0.0299316 0.00251813
6.92603 0.0302908 0.0113923
6.9571 0.0308827 0.0190495
6.9871 0.0316329 0.0250037
7.01847 0.0325473 0.029148
7.04858 0.0334805 0.0309975
7.07869 0.0344059 0.0307321
7.10801 0.0352384 0.0283911
7.13707 0.0359386 0.0240988
7.16686 0.0364723 0.0179161
7.19573 0.0367755 0.0105021
7.22598 0.0368367 0.00202348
7.25522 0.0366446 -0.00656876
7.28723 0.0361514 -0.0154105
7.31628 0.0355 -0.022422
7.34773 0.034615 -0.0281463
7.37706 0.0336894 -0.0315539
7.40715 0.0326994 -0.0329042
7.43681 0.0317505 -0.0319893
7.46554 0.0309153 -0.0290688
7.49258 0.0302522 -0.0245287
7.52061 0.0297393 -0.0182936
7.5493 0.0294342 -0.0106326
7.57904 0.0293766 -0.00193878
7.60903 0.0295864 0.00699561
7.6368 0.030003 0.0150044
7.66772 0.0307012 0.0225831
7.69609 0.0314988 0.0281071
7.72672 0.0324787 0.0319965
7.75613 0.0334664 0.0335865
7.78542 0.0344379 0.0331596
7.81381 0.0353097 0.0307116
7.84252 0.0360658 0.0263347
7.87136 0.036648 0.0201879
7.89987 0.0370102 0.0127042
7.93024 0.0371338 0.00407077
7.96107 0.0369799 -0.00499413
7.9907 0.0365799 -0.0135017
8.02022 0.0359637 -0.0208686
8.05193 0.0351106 -0.0269094
8.08179 0.0341969 -0.0305924
8.11207 0.0332232 -0.0321653
8.14176 0.0322885 -0.0314744
8.17042 0.0314628 -0.0288137
8.19736 0.0308004 -0.0245837
8.2253 0.0302788 -0.0186674
8.25387 0.0299556 -0.0113149
8.28349 0.0298703 -0.00287979
8.31317 0.0300406 0.00573643
8.34183 0.0304371 0.013833
8.37253 0.0310894 0.0212468
8.40102 0.0318509 0.0267326
8.43224 0.0328084 0.0306684
8.46201 0.0337697 0.0322922
8.49196 0.0347231 0.031829
8.52093 0.0355716 0.0292861
8.54984 0.0362886 0.0248056
8.5795 0.036835 0.0184192
8.60834 0.0371467 0.0108109
8.63854 0.0372119 0.00215915
8.66761 0.0370219 -0.00653598
8.69954 0.0365269 -0.015506
8.72815 0.0358826 -0.022517
8.7594 0.0349992 -0.0282748
8.78855 0.0340738 -0.031739
8.81854 0.0330794 -0.0331544
8.848 0.032127 -0.0323364
8.87627 0.03129 -0.0296028
8.90326 0.0306074 -0.0252903
8.93114 0.0300739 -0.0191397
8.95971 0.0297445 -0.0115292
8.98936 0.0296621 -0.00277827
9.01928 0.0298463 0.0061583
9.04813 0.0302662 0.014552
9.07889 0.0309511 0.0222652
9.10736 0.0317495 0.0280436
9.13786 0.0327328 0.0322389
9.16734 0.0337423 0.0342417
9.19714 0.0347616 0.0342133
9.22597 0.0356883 0.0321461
9.25483 0.0365013 0.0281587
9.28423 0.0371585 0.0223572
9.31294 0.0375955 0.0152229
9.34357 0.037807 0.00690321
9.37531 0.0377424 -0.00203376
9.40575 0.0374226 -0.010505
9.43517 0.0369011 -0.0177233
9.46703 0.0361462 -0.0236989
9.49766 0.0353071 -0.027394
9.5282 0.0344234 -0.028936
9.55809 0.0335779 -0.0282889
9.58696 0.0328358 -0.0257002
9.61396 0.0322529 -0.0215937
9.64207 0.0318081 -0.0158245
9.67074 0.0315593 -0.00867669
9.70048 0.0315393 -0.000671591
9.72958 0.0317533 0.00735254
9.75868 0.0321926 0.0150953
9.78942 0.0328681 0.0219788
9.81908 0.0336714 0.0270801
9.84989 0.0346055 0.0303196
9.8807 0.0355698 0.0312965
9.91115 0.0364815 0.029939
9.94095 0.0372697 0.0264494
9.97044 0.0378851 0.0208702
10.0008 0.0382897 0.0133439
10.0298 0.0384343 0.0049892
10.0596 0.038309 -0.00419796
10.0903 0.0378886 -0.013705
10.1199 0.0372349 -0.0220714
10.1507 0.0363393 -0.029047
10.1796 0.0353633 -0.0338305
10.2084 0.0343059 -0.0366903
10.2371 0.0332286 -0.0375561
10.2658 0.032185 -0.0364044
10.292 0.0313009 -0.0336952
10.3198 0.030491 -0.0291716
10.3485 0.0298348 -0.022803
10.3775 0.0293958 -0.0151322
10.4094 0.0292092 -0.00584742
10.439 0.0292987 0.00303234
10.4689 0.0296485 0.0116837
10.5003 0.0302619 0.0195493
10.5297 0.031012 0.0255057
10.5614 0.0319569 0.0297482
10.5917 0.0329155 0.0316988
10.6218 0.0338668 0.0316018
10.6512 0.0347361 0.0295194
10.6804 0.0354822 0.0256046
10.7095 0.0360655 0.0200298
10.7382 0.0364472 0.0133057
10.7694 0.036615 0.00538307
10.7999 0.0365311 -0.00274569
10.8317 0.0361891 -0.0107598
10.8615 0.0356734 -0.0172758
10.8936 0.0349534 -0.0224924
10.9254 0.0341405 -0.0255498
10.9567 0.0333121 -0.0264169
10.9876 0.0325394 -0.0250693
11.0174 0.0318895 -0.0217618
11.0455 0.0314165 -0.0168662
11.0746 0.0311168 -0.0102787
11.1034 0.0310431 -0.00256142
11.1339 0.0312256 0.00598063
11.1654 0.0316887 0.01471
11.1958 0.0323663 0.0222981
11.226 0.0332261 0.0284887
11.2561 0.0342147 0.032859
11.2861 0.0352676 0.0350925
11.3164 0.0363341 0.0351121
11.3458 0.0373012 0.0329428
11.3748 0.0381339 0.028757
11.4043 0.0388008 0.0225381
11.4328 0.0392245 0.0148892
11.4616 0.0394041 0.0062362
11.491 0.0393179 -0.00292943
11.5213 0.0389472 -0.0122521
11.5492 0.0383878 -0.0200657
11.5794 0.0375803 -0.0267231
11.6079 0.0366888 -0.0312459
11.6371 0.0356991 -0.033904
11.6652 0.0347276 -0.0345381
11.6928 0.0338088 -0.0333721
11.7188 0.0330131 -0.0306301
11.7461 0.0322972 -0.0262078
11.7747 0.0317222 -0.0201054
11.8039 0.0313493 -0.0127571
11.836 0.03122 -0.00402587
11.8666 0.0313557 0.00443532
11.8969 0.0317301 0.0123665
11.9288 0.0323467 0.0192985
11.9602 0.0331128 0.024463
11.9925 0.0340018 0.0275054
12.0235 0.0348764 0.0282175
12.0545 0.035706 0.0267698
12.0853 0.0364197 0.0231339
12.1156 0.0369544 0.0176769
12.1456 0.0372776 0.0107493
12.1748 0.0373671 0.00307066
12.2044 0.0372158 -0.00510626
12.2355 0.0367986 -0.0134088
12.265 0.0361986 -0.020379
12.2968 0.0353657 -0.0261424
12.3263 0.0344921 -0.0296926
12.3565 0.0335461 -0.0312651
12.3865 0.0326265 -0.03065
12.4159 0.0318031 -0.0279999
12.4433 0.0311528 -0.0237838
12.4718 0.0306445 -0.017812
12.5014 0.030341 -0.0102702
12.5315 0.0302917 -0.00163659
12.5615 0.030504 0.00708236
12.5906 0.0309504 0.0153252
12.6214 0.0316528 0.0228085
12.6501 0.0324685 0.0284004
12.6807 0.0334579 0.0323726
12.7109 0.0344866 0.0340799
12.7409 0.0354984 0.0336677
12.77 0.036406 0.0311966
12.7991 0.0371828 0.026777
12.8288 0.0377912 0.0204651
12.8576 0.0381632 0.0129036
12.888 0.0382908 0.00419918
12.9167 0.0381654 -0.00436704
12.9485 0.0377429 -0.0133
12.9768 0.0371664 -0.0203493
13.0078 0.0363545 -0.0261853
13.0372 0.0354786 -0.0298378
13.0672 0.0345339 -0.0314312
13.0964 0.0336348 -0.030856
13.1241 0.0328425 -0.0285263
13.1511 0.0321781 -0.0246073
13.179 0.0316478 -0.0190281
13.2076 0.0313038 -0.0120351
13.2374 0.0311898 -0.00382993
13.2677 0.0313313 0.00466442
13.3002 0.0317626 0.0132844
13.3318 0.0324125 0.0205384
13.3626 0.0332152 0.0260679
13.3941 0.0341486 0.0296723
13.4248 0.0351041 0.0310594
13.4555 0.0360332 0.0302663
13.4858 0.0368625 0.0273525
13.5157 0.0375323 0.0224186
13.546 0.0380077 0.015673
13.5752 0.0382394 0.00795706
13.6059 0.038215 -0.00079215
13.6363 0.037922 -0.0096575
13.6667 0.0373787 -0.0178583
13.6969 0.0366364 -0.0246205
13.727 0.035748 -0.029487
13.7572 0.0347705 -0.0323435
13.7868 0.0337922 -0.0330894
13.8158 0.0328707 -0.0317803
13.8427 0.0320948 -0.0288606
13.8711 0.0314093 -0.024133
13.8999 0.0308977 -0.0177477
13.929 0.0306031 -0.0101067
13.9602 0.0305613 -0.00134353
13.991 0.0307884 0.00735525
14.0205 0.0312369 0.0152393
14.0518 0.0319349 0.0222575
14.0811 0.0327318 0.0272418
14.1124 0.0336836 0.0303931
14.1436 0.0346578 0.0312494
14.1738 0.0355636 0.0299633
14.2038 0.0363617 0.0266515
14.2334 0.0369982 0.0214546
14.2625 0.0374277 0.0147621
14.2911 0.0376346 0.00724186
14.3233 0.0375824 -0.00161652
14.355 0.0372552 -0.010353
14.3858 0.0366986 -0.0180331
14.4171 0.0359397 -0.0242288
14.4479 0.0350677 -0.0283124
14.4789 0.0341322 -0.0302435
14.5089 0.0332292 -0.0300231
14.5387 0.032403 -0.0277408
14.5658 0.0317537 -0.0239757
14.5942 0.0312282 -0.0184809
14.6235 0.0308943 -0.0114237
14.6533 0.0307993 -0.00319211
14.6835 0.0309611 0.00534883
14.7154 0.0314083 0.0140295
14.7466 0.0320769 0.0214264
14.777 0.0329015 0.0271572
