t x vx
0.01 0.0330039 0.000394782
0.02 0.0330133 0.000938398
0.0649964 0.0331538 0.0031211
0.110158 0.0333926 0.00528811
0.156444 0.0337343 0.00738238
0.204439 0.0341798 0.00928179
0.25343 0.0347079 0.0107804
0.302776 0.0352853 0.0117003
0.351868 0.0358691 0.0118923
0.400551 0.0364189 0.0112946
0.448777 0.0368968 0.00990825
0.49694 0.0372698 0.00774469
0.542903 0.037499 0.00498579
0.589329 0.03757 0.00152947
0.634984 0.0374595 -0.00241947
0.679917 0.0371602 -0.00666076
0.726077 0.0366457 -0.0111457
0.770292 0.0359721 -0.0152362
0.814161 0.0351438 -0.018881
0.859003 0.034165 -0.0218277
0.903638 0.0331065 -0.0237147
0.946874 0.0320499 -0.0244372
0.990217 0.0310116 -0.023956
1.03305 0.0300555 -0.0223208
1.07547 0.0292285 -0.0194941
1.11758 0.0285757 -0.015504
1.16051 0.0281302 -0.0103779
1.20452 0.0279337 -0.00446515
1.24566 0.0279939 0.00146308
1.28744 0.0282945 0.00719467
1.32747 0.0287814 0.0121637
1.36652 0.0294096 0.0160867
1.40572 0.0301486 0.0188525
1.44534 0.0309547 0.0203476
1.48302 0.0317275 0.0205086
1.51814 0.032417 0.0196328
1.55359 0.0330468 0.0177611
1.58961 0.0335817 0.0148535
1.62503 0.0339779 0.0111853
1.66288 0.0342293 0.00664213
1.70172 0.0342968 0.00173632
1.74174 0.0341644 -0.00330655
1.78336 0.0338289 -0.00805949
1.82778 0.0332977 -0.0119592
1.87094 0.0326722 -0.0144953
1.91495 0.0319902 -0.0154941
1.9605 0.0313165 -0.0147915
2.00542 0.0307596 -0.0123965
2.04935 0.0303846 -0.00853742
2.09147 0.0302286 -0.00370388
2.13638 0.0303246 0.00213767
2.17996 0.0306761 0.0080648
2.22169 0.0312303 0.0132828
2.26336 0.0319639 0.0176024
2.3054 0.0328333 0.0206824
2.34609 0.0337349 0.0221582
2.38737 0.0346483 0.0221261
2.42893 0.0354929 0.0203257
2.47015 0.0361915 0.0169434
2.50875 0.0366742 0.0125094
2.54854 0.036953 0.00700504
2.58862 0.0369893 0.000906432
2.62905 0.036769 -0.00544969
2.66936 0.0363087 -0.0114161
2.71277 0.0355838 -0.0167023
2.75436 0.0347314 -0.0204907
2.79623 0.0337774 -0.0227888
2.83825 0.0327904 -0.023489
2.8787 0.0318764 -0.0225955
2.91764 0.0310863 -0.0202874
2.95376 0.0304758 -0.0169062
2.99512 0.0299788 -0.0120148
3.03576 0.0297238 -0.00627327
3.07742 0.0297205 -7.9572e-05
3.12078 0.0299938 0.00630444
3.16086 0.0304612 0.0116582
3.20223 0.0311252 0.0160535
3.24527 0.0319498 0.0191569
3.28718 0.0328127 0.0205874
3.33008 0.0336844 0.0203189
3.37184 0.0344513 0.0183651
3.41357 0.0350713 0.0148571
3.45191 0.0354729 0.0104753
3.49318 0.0356774 0.00495538
3.53367 0.0356419 -0.000875215
3.57486 0.035363 -0.00677211
3.61667 0.034856 -0.0121259
3.66065 0.0341297 -0.016514
3.70382 0.0332931 -0.0193809
3.74766 0.0323868 -0.0206742
3.79089 0.0315142 -0.0201832
3.83114 0.0307822 -0.0181889
3.87144 0.0301874 -0.0147555
3.90972 0.0297928 -0.0103118
3.9499 0.0295987 -0.00482957
3.98999 0.029645 0.00115529
4.03507 0.0299933 0.00772616
4.07564 0.0305262 0.013135
4.11753 0.0312661 0.0176629
4.16038 0.032159 0.0208382
4.20175 0.0330816 0.0223016
4.244 0.0340168 0.0221313
4.28606 0.0348658 0.0201864
4.32794 0.0355623 0.016633
4.36631 0.0360285 0.0121503
4.40802 0.0362958 0.0064081
4.44968 0.036305 0.000220929
4.49064 0.0360614 -0.00594695
4.53137 0.0355891 -0.0115941
4.57551 0.0348639 -0.0164329
4.6181 0.034024 -0.0197182
4.6613 0.0330968 -0.0214654
4.70424 0.0321724 -0.0215234
4.74416 0.0313717 -0.0200613
4.78429 0.0306839 -0.0171377
4.82203 0.0301876 -0.0131525
4.86229 0.0298673 -0.00795428
4.90247 0.0297799 -0.00217572
4.94598 0.0299652 0.00425991
4.98762 0.0303865 0.0101182
5.03164 0.0310554 0.0151965
5.07306 0.0318335 0.018782
5.11222 0.0326499 0.0208475
5.15393 0.0335464 0.0214964
5.19531 0.0343875 0.0203242
5.23713 0.0351194 0.0175012
5.2778 0.0356633 0.013373
5.3171 0.0359901 0.00831641
5.35791 0.0360902 0.00245351
5.3985 0.0359422 -0.00364708
5.43885 0.0355615 -0.00943423
5.48258 0.0349215 -0.0146372
5.52373 0.0341658 -0.0183614
5.56399 0.0333333 -0.0206823
5.60661 0.0324156 -0.0215298
5.6492 0.0315395 -0.0205714
5.6882 0.0308288 -0.0182215
5.726 0.0302754 -0.0146418
5.76669 0.0298797 -0.0097242
5.80723 0.029718 -0.00398753
5.848 0.0298053 0.00214026
5.89313 0.0301937 0.00860532
5.93493 0.0307739 0.0138811
5.97539 0.0315011 0.017973
6.01789 0.0323847 0.0207893
6.05895 0.0332852 0.0219326
6.10152 0.0341962 0.0214036
6.14447 0.0350165 0.0190991
6.18614 0.0356535 0.0152849
6.22413 0.0360599 0.0106963
6.26502 0.0362634 0.00497733
6.30518 0.0362228 -0.00101022
6.34753 0.0359176 -0.00720766
6.3914 0.0353552 -0.0128193
6.43428 0.0346182 -0.0171885
6.47688 0.0337614 -0.0201137
6.52065 0.0328221 -0.0214585
6.56365 0.0319174 -0.0210371
6.60288 0.0311645 -0.0191952
6.64207 0.0305386 -0.0159699
6.68036 0.0300928 -0.0116434
6.72033 0.0298426 -0.00625825
6.7604 0.0298267 -0.000396674
6.8035 0.0300833 0.00595232
6.84372 0.0305433 0.0114375
6.88801 0.0312613 0.016213
6.9312 0.0321023 0.0194705
6.97286 0.0329786 0.0210332
7.01512 0.0338654 0.0209838
7.05656 0.0346614 0.0192125
7.09848 0.0353251 0.0158299
7.13746 0.0357709 0.0114368
7.17943 0.0360145 0.00580483
7.22047 0.0360068 -0.000187076
7.26115 0.0357547 -0.00619874
7.30203 0.0352752 -0.0117315
7.34644 0.0345429 -0.0164872
7.3896 0.0336935 -0.0196823
7.43201 0.0327894 -0.0213131
7.47515 0.03187 -0.0213116
7.51571 0.0310699 -0.0197278
7.5564 0.0303921 -0.0166589
7.59414 0.0299184 -0.0125528
7.63473 0.0296254 -0.00721685
7.67516 0.0295717 -0.00132996
7.71827 0.0297928 0.00512912
7.75967 0.0302463 0.0109547
7.80398 0.030956 0.0160145
7.846 0.031778 0.0195653
7.8857 0.032632 0.0215084
7.92744 0.0335495 0.0219849
7.96875 0.0344029 0.020653
8.01009 0.0351353 0.0177213
8.05 0.0356767 0.0135624
8.09004 0.0360115 0.00836303
8.13074 0.0361117 0.00246206
8.17143 0.0359632 -0.00364957
8.2115 0.0355872 -0.00938369
8.25482 0.0349581 -0.014523
8.29623 0.0342034 -0.0182237
8.33658 0.0333764 -0.020495
8.37943 0.0324639 -0.0212918
8.42193 0.0316016 -0.0202935
8.46116 0.0308992 -0.0179011
8.49896 0.0303584 -0.0143097
8.54076 0.0299703 -0.00928424
8.58189 0.0298262 -0.00350412
8.62318 0.0299349 0.00263174
8.66807 0.030337 0.00895795
8.7101 0.0309312 0.0141387
8.75109 0.0316736 0.0181091
8.79374 0.0325582 0.0207435
8.83505 0.0334558 0.0217258
8.87768 0.0343513 0.0210092
8.92074 0.03515 0.0185471
8.96232 0.0357583 0.0146276
9.00056 0.0361384 0.00994173
9.04146 0.0363091 0.00417297
9.08149 0.0362363 -0.00181898
9.12428 0.0358935 -0.00801015
9.16773 0.0353091 -0.0134517
9.20982 0.0345664 -0.0176452
9.25182 0.0337084 -0.0204249
9.29493 0.0327753 -0.0216482
9.33769 0.0318716 -0.0211288
9.37663 0.0311235 -0.0192147
9.41539 0.0305051 -0.0159532
9.45386 0.0300606 -0.011556
9.49383 0.0298159 -0.00612203
9.534 0.0298072 -0.000216553
9.57726 0.0300732 0.00614962
9.6174 0.0305384 0.0115895
9.66183 0.0312635 0.0163191
9.70525 0.0321104 0.0195083
9.74696 0.0329863 0.0209988
9.78945 0.033873 0.0208679
9.83097 0.0346626 0.0190192
9.87311 0.035318 0.0155511
9.91187 0.0357498 0.0111401
9.9539 0.0359806 0.00549281
9.99532 0.0359591 -0.00051978
10.0361 0.0356942 -0.00649098
10.0775 0.0351994 -0.0119667
10.1221 0.0344586 -0.0166113
10.1659 0.033595 -0.0197004
10.209 0.0326826 -0.0211815
10.2522 0.0317754 -0.020986
10.2926 0.0309966 -0.0192668
10.3332 0.0303445 -0.0160911
10.3713 0.0298921 -0.0118686
10.4117 0.0296295 -0.00649631
10.452 0.0296047 -0.00061516
10.4953 0.0298568 0.00581858
10.5359 0.0303212 0.0114444
10.5806 0.0310543 0.0163978
10.6241 0.0319153 0.0198189
10.6658 0.0328129 0.021527
10.7079 0.0337245 0.0216473
10.7495 0.0345581 0.0200237
10.7911 0.0352566 0.0167974
10.8304 0.0357477 0.0124903
10.8718 0.0360378 0.00701317
10.9127 0.0360809 0.00105469
10.9534 0.0358769 -0.00501543
10.994 0.0354448 -0.0106401
11.0374 0.0347698 -0.0155279
11.0797 0.0339683 -0.0189412
11.1209 0.033109 -0.0208625
11.1641 0.0321926 -0.0212238
11.2056 0.0313672 -0.0199072
11.2456 0.0306804 -0.0171636
11.2833 0.0301787 -0.0133214
11.3244 0.0298434 -0.00814533
11.3652 0.0297479 -0.0023401
11.4082 0.0299201 0.00400946
11.4503 0.030339 0.00995327
11.4945 0.0310094 0.0151416
11.536 0.0317902 0.0188401
11.5762 0.0326364 0.0210453
11.6179 0.0335452 0.021776
11.6596 0.0344094 0.0207217
11.7018 0.0351694 0.0180117
11.7429 0.0357423 0.0139431
11.782 0.0360938 0.00899724
11.823 0.0362229 0.0031513
11.8635 0.0361042 -0.00293064
11.9051 0.0357346 -0.00888108
11.9496 0.0351023 -0.0142049
11.9911 0.0343536 -0.018021
12.032 0.0335192 -0.0204486
12.0747 0.0326061 -0.021381
12.1174 0.0317281 -0.020543
12.1564 0.0310132 -0.0183287
12.1944 0.0304482 -0.0148781
12.2348 0.0300388 -0.0101209
12.2753 0.0298562 -0.00450912
12.3161 0.0299173 0.00150077
12.362 0.0302834 0.00797649
12.4036 0.0308341 0.0132184
12.4446 0.0315451 0.0173423
12.4876 0.0324135 0.0201921
12.5296 0.0333094 0.0213443
12.5731 0.0342129 0.0207954
12.6158 0.0350041 0.0185178
12.6576 0.0356201 0.0147416
12.6962 0.0360117 0.0101421
12.7375 0.0361947 0.00442708
12.7776 0.0361349 -0.00148996
12.8198 0.0358157 -0.00756781
12.8636 0.0352439 -0.0130528
12.9065 0.0345007 -0.017321
12.9493 0.0336382 -0.0201446
12.9934 0.0326959 -0.0213943
13.0367 0.0317924 -0.0208775
13.0761 0.031045 -0.0189651
13.1154 0.030428 -0.015697
13.154 0.0299913 -0.0113183
13.1941 0.0297543 -0.00590567
13.2343 0.0297531 -2.92876e-05
13.278 0.0300306 0.00634976
13.3184 0.030506 0.0117736
13.3628 0.0312389 0.0164819
13.4064 0.032096 0.0196544
13.4483 0.0329801 0.0211149
13.491 0.0338749 0.0209654
13.5327 0.0346717 0.0191076
13.575 0.035333 0.0156208
13.6139 0.0357684 0.0111984
13.656 0.036002 0.0055561
13.6975 0.0359831 -0.00045636
13.7385 0.0357205 -0.00641609
13.78 0.0352273 -0.0118668
13.8252 0.0344824 -0.0164952
13.8691 0.033625 -0.0195214
13.9126 0.0327137 -0.0209597
13.956 0.031815 -0.0206998
13.9965 0.031048 -0.0189442
14.0369 0.0304107 -0.0157593
14.0753 0.0299685 -0.011514
14.1157 0.0297196 -0.00617023
14.156 0.029706 -0.000337818
14.1995 0.0299695 0.00604554
14.2401 0.0304393 0.0115709
14.285 0.0311753 0.0164222
14.3286 0.0320352 0.0197271
14.3705 0.0329292 0.0213193
14.4129 0.0338332 0.0213117
14.4547 0.0346512 0.019586
14.4967 0.0353333 0.0162392
14.5361 0.0358003 0.0118551
14.5779 0.036063 0.00628177
14.619 0.0360757 0.000308532
14.6599 0.0358424 -0.00571627
14.7008 0.035382 -0.0112503
14.7455 0.0346641 -0.0160474
14.7882 0.0338422 -0.0192517
14.8305 0.0329547 -0.020968
14.8739 0.0320428 -0.0210571
14.9149 0.0312399 -0.019563
14.9558 0.0305621 -0.0165875
14.9937 0.0300847 -0.012566
15.0344 0.0297866 -0.00732761
15.0749 0.0297245 -0.00153149
15.1184 0.029936 0.00486086
15.1603 0.030382 0.0106446
15.2047 0.0310763 0.015647
15.2469 0.031884 0.0191561
15.2864 0.0327159 0.0210716
15.3285 0.0336232 0.0215468
15.3701 0.0344657 0.0202239
15.4121 0.0351907 0.0172711
15.4527 0.0357218 0.013073
15.4927 0.0360377 0.00791019
15.5337 0.0361204 0.00201535
15.5744 0.0359548 -0.00406233
15.6147 0.0355637 -0.00972744
15.658 0.0349229 -0.0147951
15.6996 0.0341555 -0.0184245
15.7401 0.0333217 -0.0206174
15.7832 0.0324017 -0.0213408
15.8257 0.0315386 -0.0202904
15.8652 0.0308332 -0.0178473
15.9031 0.0302941 -0.0142216
15.9455 0.0299074 -0.00912071
15.9871 0.0297704 -0.00330053
16.0288 0.0298895 0.0028553
16.0734 0.0302946 0.00908823
16.1157 0.0308982 0.0142438
16.1574 0.0316549 0.0181692
16.2002 0.0325395 0.0206785
16.2418 0.033437 0.0215658
16.2844 0.0343214 0.0207571
16.3275 0.0351076 0.0182426
16.369 0.0357017 0.0143236
16.4075 0.0360721 0.00961406
16.4484 0.0362312 0.00388499
16.4883 0.0361497 -0.00204288
16.5319 0.0357918 -0.00820679
16.5756 0.0352005 -0.0135391
16.618 0.034455 -0.0175837
16.66 0.0336075 -0.0201956
16.7034 0.0326834 -0.0212839
16.7464 0.0317964 -0.0206256
16.7856 0.031067 -0.0186003
16.8245 0.0304738 -0.0152699
16.8637 0.0300515 -0.0107758
16.904 0.0298374 -0.00531069
16.9445 0.0298611 0.000585016
16.9891 0.0301712 0.00695218
17.0298 0.0306703 0.0122454
17.0725 0.0313798 0.0166373
17.116 0.0322354 0.0196525
17.1582 0.0331193 0.0209502
17.2014 0.0340089 0.0205925
17.2434 0.0347873 0.0185565
17.2856 0.0354186 0.0149365
17.3245 0.0358241 0.010422
17.3664 0.036023 0.00475406
17.4072 0.0359756 -0.00116252
17.4485 0.0356825 -0.00709447
17.4918 0.0351392 -0.0125441
17.5362 0.0343882 -0.0169221
17.5792 0.0335392 -0.0197465
17.6237 0.0326029 -0.021041
17.6674 0.0317055 -0.0205616
17.7075 0.0309572 -0.0186597
17.7475 0.0303422 -0.0153725
17.7862 0.029916 -0.01101
17.8265 0.0296896 -0.0056183
17.8667 0.0296991 0.000234773
17.9111 0.0299946 0.00665556
17.9518 0.030487 0.0120835
17.9962 0.0312298 0.0167628
18.0399 0.032101 0.0199235
18.0819 0.0329996 0.0213684
18.1248 0.033909 0.0212019
18.1668 0.0347205 0.0193402
18.2094 0.0353947 0.0158375
18.2485 0.0358404 0.0113877
18.2907 0.0360822 0.00573285
18.3324 0.0360696 -0.000303481
18.3735 0.0358114 -0.00628216
18.4154 0.0353198 -0.0117465
18.461 0.034571 -0.0163933
18.5049 0.0337213 -0.0193767
18.549 0.0328048 -0.0208012
18.5925 0.0319111 -0.020505
18.633 0.031152 -0.0187484
18.6733 0.0305238 -0.0155853
18.712 0.0300852 -0.0113404
18.7523 0.0298416 -0.00603982
18.7926 0.0298311 -0.000261338
18.8365 0.0300976 0.00607361
18.8774 0.0305697 0.0115433
18.9223 0.0313022 0.0163054
18.9661 0.0321567 0.0195142
19.0083 0.0330438 0.0210068
19.0511 0.033937 0.0208945
19.0929 0.034736 0.0190885
19.1354 0.0354007 0.0156344
19.175 0.0358428 0.0111842
19.2173 0.0360768 0.0055221
19.2588 0.0360574 -0.000469261
19.2998 0.0357935 -0.00643166
19.3418 0.0352938 -0.0119096
19.3874 0.0345378 -0.0165595
19.4313 0.0336813 -0.0195377
19.4753 0.0327587 -0.0209551
19.5188 0.0318593 -0.0206604
19.5593 0.031094 -0.0189016
19.5997 0.0304592 -0.0157223
19.6382 0.0300173 -0.0114752
19.6785 0.0297692 -0.00615364
19.7188 0.0297552 -0.000348417
19.7626 0.0300188 0.00601616
19.8035 0.0304903 0.0115244
19.8484 0.0312238 0.0163296
19.8922 0.0320806 0.0195813
19.9344 0.0329721 0.0211214
19.9771 0.0338725 0.021064
20.019 0.0346807 0.0193192
20.0614 0.0353573 0.0159365
20.1009 0.0358132 0.0115449
20.1434 0.0360646 0.0059191
20.1849 0.0360618 -6.73394e-05
20.226 0.0358133 -0.0060513
20.2676 0.0353337 -0.0115335
20.3132 0.0345914 -0.0162516
20.3567 0.0337528 -0.0192958
20.3999 0.0328529 -0.0208171
20.4436 0.0319511 -0.0206629
20.4845 0.0311746 -0.0189885
20.5253 0.0305263 -0.0158596
20.5637 0.0300779 -0.0116902
20.6041 0.0298188 -0.00640571
20.6445 0.029794 -0.000614466
20.6883 0.0300454 0.00574129
20.7296 0.0305115 0.0113005
20.7746 0.0312385 0.0161357
20.8177 0.0320735 0.0194038
