t x vx
0.01 0.0330049 0.000486445
0.02 0.0330262 0.00213108
0.0556508 0.0332894 0.00738442
0.0931037 0.0337426 0.0120987
0.134898 0.0344238 0.0162992
0.178253 0.0352683 0.0194795
0.22147 0.0361952 0.0214464
0.271774 0.0373005 0.0219743
0.322668 0.0383517 0.0206537
0.375125 0.0392743 0.0175879
0.42883 0.0399615 0.012795
0.478226 0.0403158 0.00717387
0.527241 0.0403492 0.000680317
0.573442 0.0400644 -0.00616304
0.620757 0.0394098 -0.013836
0.663786 0.0385098 -0.0209167
0.711207 0.0371612 -0.0284372
0.752889 0.0357145 -0.0347082
0.794865 0.0340116 -0.0405699
0.838423 0.0320149 -0.0458402
0.880778 0.029887 -0.0502395
0.9231 0.0276093 -0.0538181
0.96449 0.025272 -0.0564703
1.00513 0.0229093 -0.0581379
1.04424 0.0206109 -0.0587662
1.08213 0.0184013 -0.0583193
1.11867 0.0163344 -0.0565668
1.15395 0.0144602 -0.0531162
1.16733 0.0137624 -0.0521695
1.18004 0.0131088 -0.051434
1.19059 0.0125749 -0.0505632
