t x vx
0.01 0.0330002 1.96566e-05
0.02 0.0330005 3.29205e-05
0.0527137 0.0330026 6.19332e-05
0.0854368 0.0330057 9.59108e-05
0.118788 0.0330104 0.000140197
0.152522 0.0330169 0.000194627
0.18648 0.0330258 0.00025996
0.220531 0.0330372 0.000335671
0.254627 0.0330515 0.000418729
0.288734 0.0330687 0.000505354
0.322835 0.0330889 0.000593657
0.356921 0.0331123 0.000684127
0.39099 0.0331388 0.000778186
0.425042 0.0331686 0.000876572
0.459078 0.0332019 0.000978872
0.493098 0.0332388 0.00108396
0.527104 0.0332793 0.00119066
0.561099 0.0333234 0.00129809
0.595084 0.0333712 0.00140571
0.629061 0.0334226 0.00151334
0.663031 0.0334777 0.00162109
0.696995 0.0335364 0.0017293
0.730953 0.0335989 0.00183845
0.764905 0.033665 0.00194912
0.798852 0.033735 0.00206191
0.832793 0.0338089 0.00217738
0.866728 0.0338869 0.00229602
0.900656 0.0339689 0.00241821
0.934577 0.0340552 0.00254421
0.968489 0.0341459 0.00267415
1.00239 0.0342411 0.00280798
1.03629 0.0343409 0.00294541
1.07018 0.0344455 0.00308607
1.10405 0.0345549 0.00322945
1.13792 0.0346692 0.00337499
1.17177 0.0347884 0.00352207
1.20561 0.0349126 0.00367009
1.23945 0.0350418 0.00381847
1.27327 0.035176 0.00396661
1.30708 0.0353151 0.00411408
1.34088 0.0354591 0.00426064
1.37466 0.035608 0.00440595
1.40844 0.0357616 0.00454988
1.44221 0.0359201 0.0046924
1.47597 0.0360833 0.00483349
1.50972 0.0362511 0.00497322
1.54346 0.0364236 0.00511161
1.5772 0.0366006 0.00524848
1.61092 0.0367822 0.00538372
1.64464 0.0369682 0.0055171
1.67835 0.0371586 0.00564819
1.71205 0.0373533 0.00577632
1.74574 0.0375521 0.00590104
1.77943 0.037755 0.00602141
1.81312 0.0379617 0.00613615
1.84678 0.0381719 0.00624439
1.88042 0.0383853 0.00634502
1.91404 0.0386017 0.00643711
1.94764 0.0388208 0.00651949
1.98122 0.0390421 0.00659097
2.01479 0.0392654 0.00665044
2.04835 0.0394901 0.00669722
2.0819 0.0397159 0.0067307
2.11544 0.0399423 0.00675017
2.14898 0.0401689 0.00675514
2.18251 0.0403951 0.00674474
2.21605 0.0406204 0.0067185
2.24959 0.0408443 0.00667567
2.28315 0.0410663 0.00661566
2.31671 0.0412857 0.00653777
2.35028 0.041502 0.00644125
2.38387 0.0417145 0.00632505
2.41749 0.0419224 0.00618796
2.45111 0.0421252 0.00602894
2.48475 0.0423219 0.00584722
2.51837 0.0425116 0.00564275
2.55195 0.0426934 0.00541543
2.58551 0.0428667 0.00516462
2.61902 0.0430306 0.00489009
2.65251 0.0431844 0.00459186
2.68597 0.0433273 0.00427003
2.7194 0.0434585 0.00392509
2.7528 0.0435773 0.00355724
2.78618 0.043683 0.00316706
2.81953 0.0437749 0.00275567
2.85286 0.0438524 0.00232435
2.88618 0.0439148 0.00187438
2.91947 0.0439617 0.00140678
2.95276 0.0439924 0.000922816
2.98602 0.0440065 0.000424224
3.01927 0.0440036 -8.74867e-05
3.05251 0.0439833 -0.000610521
3.08573 0.0439454 -0.0011419
3.11895 0.0438895 -0.00168041
3.15217 0.0438156 -0.00222475
3.18539 0.0437235 -0.00277366
3.21861 0.043613 -0.00332615
3.25184 0.043484 -0.00388138
3.28508 0.0433365 -0.00443884
3.31833 0.0431703 -0.00499848
3.3516 0.0429853 -0.00556046
3.38489 0.0427814 -0.00612539
3.4182 0.0425584 -0.00669409
3.45153 0.0423161 -0.0072675
3.4849 0.0420543 -0.0078474
3.51829 0.0417726 -0.00843597
3.55171 0.0414707 -0.00903595
3.58516 0.0411478 -0.00965025
3.61865 0.0408035 -0.010282
3.65215 0.0404372 -0.0109344
3.68568 0.0400479 -0.011611
3.71923 0.0396347 -0.0123156
3.75279 0.0391967 -0.0130511
3.78635 0.0387328 -0.0138204
3.81992 0.0382418 -0.0146255
3.8535 0.0377226 -0.0154672
3.88705 0.0371741 -0.0163464
3.92057 0.0365954 -0.017265
3.95405 0.0359852 -0.0182241
3.98748 0.0353425 -0.0192237
4.02084 0.0346667 -0.0202636
4.0541 0.0339568 -0.0213425
4.08725 0.0332123 -0.0224577
4.12028 0.0324326 -0.0236056
4.15316 0.0316177 -0.0247835
4.18587 0.0307676 -0.025988
4.2184 0.0299091 -0.0263881
4.25074 0.0290165 -0.0276044
4.28287 0.0280921 -0.0287728
4.3148 0.0271372 -0.0299042
4.34654 0.0261534 -0.0309998
4.37804 0.0251436 -0.0320553
4.4093 0.0241102 -0.0330604
4.44031 0.0230555 -0.0340015
4.47108 0.0219833 -0.0348522
4.50158 0.0208981 -0.0355818
4.53183 0.0198048 -0.0361438
4.56185 0.0187098 -0.0364743
4.59173 0.0176196 -0.036485
4.62162 0.016542 -0.0360509
4.65178 0.0154864 -0.0349985
4.66412 0.0150629 -0.0343131
4.67676 0.0146379 -0.0336174
4.68925 0.0142304 -0.0326279
4.7017 0.0138402 -0.0313409
4.71407 0.0134719 -0.0297822
4.72636 0.0131277 -0.0280026
4.73858 0.012809 -0.0260833
4.75073 0.0125157 -0.0241328
4.76283 0.012253 -0.0217212
