t x vx
0.01 0.0329842 -0.00157567
0.02 0.032914 -0.00702636
0.0399678 0.0325806 -0.0166964
0.0616312 0.0320304 -0.0253959
0.0844353 0.0312807 -0.0328765
0.106546 0.0304322 -0.038377
0.130669 0.0294177 -0.0420544
0.158072 0.028245 -0.0427919
0.186054 0.0271099 -0.0405681
0.214847 0.0261087 -0.034772
0.24166 0.0253865 -0.0269363
0.265996 0.0249391 -0.0183828
0.291564 0.0247435 -0.00764966
0.3163 0.0248404 0.00391611
0.342447 0.0252803 0.0168263
0.366185 0.0259717 0.0291263
0.391199 0.0270032 0.0412348
0.414835 0.0282369 0.052198
0.439059 0.0297532 0.0625968
0.461717 0.0313688 0.0713024
0.483972 0.0331264 0.078973
0.505889 0.0350027 0.0856092
0.527054 0.0369309 0.0911044
0.54804 0.038938 0.0956378
0.568833 0.0409991 0.0991271
0.590007 0.0431465 0.101415
0.610667 0.0452629 0.102441
0.63159 0.0473957 0.101936
0.652005 0.0494283 0.0995623
0.672079 0.0513357 0.0950241
0.679732 0.052055 0.0939686
0.686986 0.0527365 0.0939575
0.693233 0.0533224 0.0937841
