t x vx
0.01 0.0329998 -2.13979e-05
0.02 0.0329995 -2.54409e-05
0.0636412 0.0329978 -3.87384e-05
0.107425 0.0329954 -5.52916e-05
0.152274 0.0329922 -7.14143e-05
0.198763 0.032988 -8.9692e-05
0.246359 0.0329832 -0.000101171
0.295145 0.0329792 -8.1709e-05
0.344648 0.0329785 -1.56805e-05
0.394456 0.0329827 8.4853e-05
0.443222 0.0329935 0.000222246
0.491507 0.0330101 0.000343256
0.53921 0.0330306 0.000430379
0.58695 0.0330539 0.000487731
0.63427 0.0330773 0.000494846
0.681045 0.0330979 0.000439897
0.727654 0.0331128 0.00031986
0.773909 0.0331197 0.000148359
0.820576 0.033117 -5.68366e-05
0.866866 0.0331045 -0.000270803
0.912858 0.0330814 -0.000502154
0.958603 0.0330463 -0.000767363
1.00413 0.0329973 -0.00107546
1.04948 0.0329334 -0.00140993
1.09469 0.0328551 -0.00173166
1.13963 0.0327652 -0.00200001
1.18426 0.0326679 -0.00218045
1.22865 0.0325681 -0.00224892
1.27282 0.0324718 -0.00217948
1.31675 0.0323863 -0.00194573
1.3604 0.0323197 -0.0015268
1.40374 0.0322801 -0.000913656
1.44676 0.0322752 -0.000113975
1.48942 0.0323112 0.000844657
1.53166 0.0323923 0.00191843
1.57341 0.0325205 0.00307111
1.61462 0.0326958 0.00425287
1.65532 0.0329168 0.00543322
1.69558 0.0331812 0.00656497
1.73555 0.0334835 0.00756234
1.77536 0.0338155 0.0083398
1.81507 0.0341662 0.0088328
1.85472 0.0345227 0.00899143
1.89436 0.0348706 0.00877555
1.93412 0.0351947 0.00815139
1.97416 0.0354878 0.00732036
2.01467 0.0357321 0.00603006
2.05513 0.0359055 0.00428646
2.09472 0.0359911 0.00216148
2.1334 0.0359794 -0.000301318
2.17263 0.0358583 -0.00308786
2.21187 0.0356182 -0.00611923
2.2505 0.0352611 -0.00924413
2.28866 0.0347914 -0.0123094
2.3266 0.0342157 -0.0151735
2.36448 0.033544 -0.0177297
2.40255 0.0327884 -0.0198525
2.44094 0.0319677 -0.0213761
2.47957 0.0311127 -0.0221308
2.51808 0.0302616 -0.0221034
2.55673 0.0294378 -0.0213094
2.59595 0.0286701 -0.0195779
2.63574 0.027998 -0.0168907
2.67546 0.0274648 -0.0134249
2.71399 0.027101 -0.00944203
2.75155 0.0269105 -0.00507132
2.78813 0.0268976 -0.000353601
2.82393 0.0270614 0.00457454
2.85969 0.0274056 0.00962524
2.89593 0.0279389 0.014717
2.93108 0.0286209 0.0194001
2.96446 0.0294057 0.0235135
2.99685 0.0302853 0.0271551
3.03011 0.0312968 0.0304158
3.06328 0.0323906 0.0329726
3.09677 0.0335581 0.0348571
3.13291 0.0348577 0.0359666
3.16975 0.0361863 0.0360585
3.20711 0.0374989 0.0351335
3.24497 0.038756 0.0332094
3.28361 0.0399273 0.0303079
3.32411 0.0409923 0.0262982
3.36601 0.0418792 0.0211694
3.40841 0.0425192 0.0150937
3.44965 0.0428755 0.00863896
3.49091 0.0429623 0.00210359
3.53059 0.0427925 -0.00427853
3.56981 0.0423782 -0.0105655
3.60938 0.0417198 -0.016637
3.64895 0.0408418 -0.022191
3.68687 0.0398107 -0.0271899
3.72489 0.0385991 -0.0318663
3.76146 0.0372824 -0.0360079
3.79698 0.0358705 -0.039744
3.83166 0.0343762 -0.0430882
3.86514 0.0328338 -0.0460761
3.89845 0.0312102 -0.048737
3.93218 0.0294958 -0.0508226
3.96477 0.0277885 -0.0523982
3.99856 0.0259884 -0.0532674
4.03108 0.024255 -0.0533043
4.06501 0.0224779 -0.05237
4.09831 0.0208038 -0.050281
4.13181 0.0192394 -0.0466949
4.16517 0.0178607 -0.0413253
4.19909 0.0167063 -0.0340356
4.23285 0.0158709 -0.0247481
4.24603 0.0155991 -0.0206223
4.25924 0.0153811 -0.0165009
4.2726 0.0152173 -0.0122553
4.28565 0.0151125 -0.00803559
4.2983 0.0150623 -0.00396753
4.31011 0.0150603 -0.000164084
4.32208 0.0151044 0.00368519
4.33392 0.0151918 0.00737999
4.34517 0.0153125 0.0107213
4.35567 0.0154564 0.0137117
4.3657 0.015622 0.016506
4.37593 0.0158195 0.0193053
4.38673 0.0160593 0.0222041
4.41459 0.016892 0.0298936
4.44324 0.0179685 0.037573
4.47856 0.0196119 0.0465282
4.5108 0.0213657 0.0544013
4.54341 0.023391 0.0621008
4.57318 0.0254421 0.068903
4.60242 0.0276467 0.0753887
4.63023 0.0299078 0.0812981
4.65746 0.0322681 0.0866976
4.68419 0.0347127 0.0914494
4.71113 0.0372882 0.0956074
4.73855 0.0400017 0.0989522
4.76541 0.0427258 0.101409
4.7925 0.0455134 0.102906
4.81934 0.048288 0.103366
4.84521 0.0509431 0.102645
4.85504 0.0519793 0.105432
4.86391 0.0529367 0.107915
