t x vx
0.01 0.0329847 -0.00152588
0.02 0.0329139 -0.00708238
0.0398264 0.0325787 -0.0169091
0.0608344 0.0320417 -0.0255579
0.0836053 0.0312877 -0.0331164
0.106748 0.0303907 -0.0387591
0.130967 0.029366 -0.0423062
0.158488 0.0281763 -0.0432307
0.1865 0.0270297 -0.0409346
0.215395 0.0260034 -0.0355156
0.242112 0.0252511 -0.0281596
0.26616 0.0247735 -0.0198612
0.292413 0.0245193 -0.00968183
0.317281 0.0245451 0.00103613
0.343375 0.0248813 0.012884
0.368304 0.0254963 0.0246729
0.393287 0.026393 0.0358935
0.41841 0.0275661 0.0466935
0.443379 0.028978 0.0565447
0.467732 0.0305659 0.065205
0.492087 0.0323353 0.0726504
0.515405 0.0341729 0.0788071
0.538605 0.0361216 0.0839928
0.561433 0.0381331 0.0881164
0.583977 0.0401897 0.0912284
0.606376 0.0422784 0.0932453
0.628969 0.0444029 0.0940366
0.651351 0.0464933 0.0933943
0.673352 0.0485004 0.0912284
0.695018 0.0503925 0.08733
0.7034 0.0511211 0.0869241
0.711391 0.0518167 0.0870552
0.718262 0.0524154 0.0871215
0.724905 0.052993 0.0869578
0.731306 0.053546 0.0863955
