t x vx
0.01 0.0329994 -5.61869e-05
0.02 0.0329975 -0.000190869
0.144814 0.0327846 -0.00170632
0.286507 0.0323543 -0.00303672
0.442352 0.0317366 -0.00396319
0.606404 0.0310415 -0.00423741
0.775336 0.0304318 -0.00360898
0.950779 0.0300612 -0.00211248
1.124 0.030046 -8.76155e-05
1.29333 0.0304007 0.00209452
1.45994 0.0311063 0.00423488
1.6233 0.0321244 0.00623265
1.78306 0.0334073 0.00803065
1.94001 0.0349053 0.00954426
2.09473 0.0365372 0.010547
2.24692 0.0381676 0.010713
2.39082 0.0395544 0.00963702
2.52524 0.0404783 0.00687358
2.6531 0.0409148 0.0034136
2.77757 0.0409361 0.000171537
2.89842 0.0406191 -0.00262271
3.01454 0.0400363 -0.00501941
3.1258 0.0392339 -0.00721141
3.2329 0.0382455 -0.00922917
3.34042 0.0370365 -0.0112449
3.44536 0.0356542 -0.0131716
3.55076 0.0340704 -0.0150267
3.66089 0.032223 -0.0167748
3.77312 0.0301811 -0.0181938
3.88854 0.0279815 -0.0190573
4.00671 0.0257414 -0.0189564
4.12273 0.0237193 -0.0174294
4.23063 0.0221925 -0.0141494
4.33134 0.021261 -0.00924954
4.42713 0.0209099 -0.00366571
4.52019 0.0210743 0.00176711
4.61012 0.0216642 0.00655937
4.69429 0.0225467 0.0104839
4.77428 0.0236427 0.013702
4.85302 0.0249376 0.0164468
4.92868 0.0263574 0.0187641
5.0117 0.0281025 0.0210223
5.09987 0.0301325 0.0230216
5.18672 0.0322714 0.024628
5.28178 0.0347394 0.0259632
5.38641 0.0375316 0.0266863
5.48996 0.0402853 0.0265939
5.59925 0.0430572 0.0253602
5.7006 0.0453666 0.0227889
5.79504 0.0471143 0.0185047
5.88021 0.0481704 0.0123997
5.95999 0.0485907 0.00526912
6.03755 0.0484453 -0.00187543
6.11035 0.0478456 -0.00823748
6.17889 0.0469159 -0.0135643
6.24525 0.0457333 -0.0178196
6.30985 0.0443657 -0.0211713
6.37764 0.0427315 -0.0241058
6.45048 0.0407872 -0.0266923
6.53112 0.0384442 -0.0290555
6.61664 0.035805 -0.0308619
6.70703 0.032912 -0.0320055
6.80773 0.0296573 -0.0323191
6.91325 0.0263216 -0.0316124
7.02367 0.0230266 -0.0298415
7.1312 0.020142 -0.026826
7.22909 0.0179506 -0.0223857
7.31649 0.0165446 -0.0160877
7.39491 0.015901 -0.00820649
7.42423 0.0157566 -0.00492415
7.45204 0.0157055 -0.00183823
7.47743 0.0157333 0.00109484
7.50078 0.0158252 0.00393492
7.52273 0.0159702 0.00660722
7.57623 0.0166444 0.0126012
7.62939 0.0175943 0.0178705
7.67951 0.0186991 0.0220418
7.7337 0.0200927 0.025716
7.79356 0.0218316 0.0290495
7.86185 0.0240228 0.0320872
7.943 0.0268502 0.0348408
8.02384 0.0298104 0.03662
8.11826 0.0333934 0.0379463
8.20712 0.0367689 0.0379868
8.31951 0.0408876 0.0366481
8.43171 0.0446782 0.0337838
8.53917 0.0478698 0.0296999
8.63457 0.0501818 0.0242358
8.66713 0.0509157 0.0225408
8.69543 0.0514999 0.0206405
8.71934 0.0519455 0.0186345
8.74183 0.0523132 0.0163508
8.76356 0.0526121 0.0137598
8.78394 0.0528358 0.0109706
8.80343 0.052992 0.00801544
8.82187 0.053084 0.00498939
8.8392 0.0531154 0.00181353
8.85641 0.05309 -0.00147775
8.8736 0.0530091 -0.00470533
8.88908 0.0528922 -0.00755101
8.9045 0.0527338 -0.0102728
8.92023 0.0525303 -0.0129429
8.9371 0.0522649 -0.0157225
8.95457 0.0519427 -0.0184486
8.97313 0.0515506 -0.0211219
8.99259 0.0510897 -0.0236884
9.01294 0.0505577 -0.0261476
9.03643 0.0498823 -0.0287494
9.09849 0.0477285 -0.0347059
9.16516 0.0451562 -0.0385823
9.23378 0.0423242 -0.0412671
9.3164 0.038726 -0.0435539
9.40949 0.0345533 -0.0448247
9.51169 0.0299546 -0.044996
9.61977 0.0252807 -0.0432431
9.73446 0.0207422 -0.0395746
9.84783 0.0168582 -0.0342596
9.94748 0.0141136 -0.0275413
9.98058 0.013276 -0.0253079
