t x vx
0.01 0.0330054 0.000544581
0.02 0.0330277 0.00222686
0.0603006 0.0333538 0.00809151
0.101275 0.033887 0.0130135
0.145319 0.0346442 0.0171913
0.193336 0.0356208 0.0203388
0.244878 0.0367548 0.0220017
0.297522 0.037907 0.0218859
0.351176 0.0389786 0.0199721
0.406059 0.0398728 0.0162928
0.462053 0.0404857 0.0109459
0.518245 0.0407234 0.00423128
0.574238 0.040529 -0.00347227
0.629382 0.0398674 -0.0119985
0.683767 0.038744 -0.020655
0.73763 0.0371844 -0.0289566
0.790183 0.0352731 -0.036368
0.841919 0.0330581 -0.0428146
0.892237 0.0306356 -0.0481437
0.940293 0.0281219 -0.0523073
0.98624 0.0255763 -0.0554027
1.03039 0.0230418 -0.0574133
1.07285 0.0205678 -0.0582604
1.11357 0.0182118 -0.0578509
1.15249 0.0160339 -0.0559644
1.18951 0.0141014 -0.0521987
1.2034 0.0133914 -0.0511429
1.21606 0.0127552 -0.0502393
