t x vx
0.01 0.0329915 -0.000851493
0.02 0.0329717 -0.0019737
0.0518274 0.0328068 -0.00518179
0.0838434 0.0325386 -0.00837751
0.116528 0.032164 -0.01146
0.150405 0.0316797 -0.0142972
0.185038 0.0311035 -0.0166372
0.219927 0.0304702 -0.0181524
0.254486 0.029825 -0.0186676
0.28892 0.0292012 -0.0181183
0.323043 0.0286378 -0.0165089
0.357044 0.0281691 -0.0137862
0.38987 0.0278333 -0.0102285
0.422116 0.0276411 -0.00596118
0.454217 0.0276057 -0.00110145
0.484479 0.0277282 0.00404697
0.516391 0.0280386 0.00972506
0.547681 0.0285135 0.0151779
0.578921 0.0291435 0.0201678
0.610632 0.0299194 0.0244657
0.641946 0.0307877 0.0277301
0.673401 0.0317329 0.0300486
0.704058 0.0326737 0.030688
0.734208 0.0335799 0.030056
0.76484 0.0344366 0.0279691
0.796429 0.0352053 0.0243346
0.827592 0.0358096 0.01939
0.857857 0.036217 0.0134619
0.887087 0.0364244 0.00709571
0.91825 0.0364275 9.82412e-05
0.948088 0.0362335 -0.00650166
0.978196 0.0358621 -0.0123349
1.00779 0.0353656 -0.0167763
1.0375 0.0347789 -0.0197502
1.06648 0.0341725 -0.0209226
1.0949 0.0335914 -0.0204426
1.12199 0.0330912 -0.0184695
1.14899 0.0326834 -0.0151014
1.1761 0.0324026 -0.0103574
1.20372 0.0322783 -0.00450274
1.23291 0.0323428 0.00221067
1.26178 0.0325988 0.00886986
1.29123 0.0330444 0.0151284
1.32033 0.0336336 0.0202434
1.3503 0.0343491 0.0238764
1.38196 0.0351603 0.0256232
1.41333 0.0359477 0.0251005
1.44352 0.0366264 0.0224792
1.47385 0.0371622 0.0176675
1.50338 0.0374956 0.0112873
1.53366 0.0376061 0.00365061
1.56264 0.0374781 -0.00441762
1.59278 0.0370935 -0.0127587
1.62222 0.0365024 -0.0200761
1.65283 0.0357068 -0.0259936
1.68176 0.0348407 -0.0299337
1.71058 0.0339197 -0.0319642
1.73955 0.0329946 -0.0319306
1.76808 0.0321435 -0.0298333
1.7947 0.0314473 -0.0261534
1.82231 0.0308742 -0.0207534
1.85127 0.0304802 -0.01361
1.88078 0.0303149 -0.00559878
1.91141 0.0304055 0.002958
1.94167 0.0307488 0.0113434
1.97116 0.0312943 0.018502
2.00064 0.0320092 0.0242444
2.03122 0.0328719 0.0282074
2.06142 0.0337763 0.0299463
2.09161 0.0346665 0.02949
2.12048 0.0354456 0.0269893
2.14898 0.0360912 0.0226555
2.17867 0.036581 0.0164945
2.2071 0.0368466 0.00934124
2.23598 0.0368904 0.00151704
2.26361 0.0367218 -0.00610382
2.29423 0.0363021 -0.0137067
2.32274 0.0357449 -0.0195427
2.35297 0.0350218 -0.0239258
2.38198 0.0342584 -0.026312
2.41192 0.0334607 -0.0266445
2.44107 0.0327404 -0.0247109
2.46909 0.0321538 -0.0209375
2.49596 0.0317304 -0.015754
2.52397 0.0314763 -0.00907091
2.55265 0.0314388 -0.00130736
2.58219 0.0316409 0.0068391
2.61357 0.0321108 0.0149759
2.64279 0.032742 0.0216049
2.67218 0.0335305 0.026829
2.70239 0.0344461 0.030305
2.73237 0.0353929 0.0315774
2.76255 0.0363159 0.0305809
2.79154 0.037114 0.0275302
2.82025 0.0377608 0.0225379
2.85017 0.0382308 0.0157012
2.87889 0.0384591 0.00795175
2.90717 0.0384515 -0.000270392
2.93725 0.0381843 -0.00888065
2.9666 0.0377001 -0.0165032
2.99622 0.0370322 -0.0225479
3.02489 0.0362657 -0.0267289
3.05354 0.0354373 -0.0289169
3.08232 0.0345996 -0.0291071
3.11063 0.0338274 -0.0272776
3.13719 0.0331933 -0.0238779
3.16488 0.0326757 -0.0186888
3.1932 0.0323313 -0.0121617
3.22198 0.0322 -0.00456174
3.25218 0.0323129 0.00373726
3.28223 0.0326651 0.0117192
3.31103 0.0331993 0.018552
3.34236 0.0339601 0.0242839
3.37149 0.0347717 0.0278599
3.40234 0.0356803 0.0294564
3.43318 0.0365629 0.0286147
3.46288 0.0373239 0.025624
3.49231 0.0379283 0.0205346
3.52161 0.038333 0.013814
3.55081 0.038509 0.00602748
3.57885 0.0384499 -0.00211043
3.60878 0.0381313 -0.0106414
3.63766 0.0376092 -0.0180785
3.66715 0.0369019 -0.0239845
3.69592 0.0360945 -0.0280689
3.72446 0.0352344 -0.0301348
3.75317 0.0343691 -0.0301368
3.78143 0.0335744 -0.0281276
3.80802 0.0329218 -0.0245396
3.83609 0.0323862 -0.0190777
3.86468 0.0320348 -0.0122955
3.89383 0.0319052 -0.00444385
3.92426 0.0320276 0.00402164
3.95436 0.0323924 0.0121171
3.98371 0.0329512 0.0190425
4.01438 0.0337095 0.0247238
4.04413 0.0345532 0.0283595
4.07487 0.0354723 0.0298944
4.10556 0.0363642 0.0290654
4.13501 0.0371344 0.0261563
4.16429 0.0377542 0.0211632
4.19374 0.038181 0.0144936
4.22255 0.0383776 0.0068236
4.25046 0.0383424 -0.00126223
4.28033 0.0380496 -0.00980023
4.30934 0.0375471 -0.0173242
4.33957 0.0368396 -0.0234038
4.36838 0.0360462 -0.0275319
4.39709 0.0351952 -0.0296503
4.42597 0.0343379 -0.0296809
4.45444 0.0335504 -0.0276597
4.48117 0.0329077 -0.0240502
4.50896 0.0323895 -0.018645
4.53739 0.0320514 -0.0118909
4.56639 0.0319331 -0.00408097
4.59659 0.0320633 0.00431195
4.62688 0.0324397 0.0124232
4.65632 0.033008 0.019309
4.6868 0.0337675 0.0249165
4.71702 0.0346295 0.0285169
4.74774 0.0355493 0.0299452
4.77836 0.0364387 0.0290481
4.80777 0.037206 0.0260885
4.83709 0.037823 0.0210419
4.86666 0.0382461 0.0143105
4.89542 0.0384367 0.00662604
4.92337 0.0383954 -0.00147632
4.95337 0.0380941 -0.010045
4.98235 0.0375855 -0.0175466
5.01257 0.0368726 -0.0235949
5.04139 0.0360747 -0.0276862
5.07005 0.0352215 -0.0297641
5.0989 0.0343629 -0.029756
5.12735 0.0335748 -0.0277069
5.15405 0.0329319 -0.0240729
5.18196 0.0324122 -0.0186272
5.21043 0.0320749 -0.0118441
5.23947 0.0319581 -0.00402249
5.26979 0.0320909 0.00438103
5.30015 0.0324697 0.0124781
5.32971 0.0330415 0.0193435
5.36021 0.0338009 0.0248989
5.39061 0.0346657 0.0284506
5.4214 0.0355834 0.0298025
5.45201 0.036466 0.0288309
5.48146 0.0372261 0.0258132
5.51085 0.0378347 0.0207048
5.54052 0.0382475 0.0139125
5.56928 0.0384264 0.0062215
5.59722 0.0383744 -0.00186202
5.62749 0.0380579 -0.0104543
5.65648 0.0375396 -0.0178855
5.68638 0.0368271 -0.0238276
5.71525 0.0360228 -0.0278582
5.74398 0.0351651 -0.0298579
5.77284 0.034306 -0.0297587
5.80129 0.0335202 -0.0276236
5.82799 0.0328817 -0.0239135
5.85606 0.0323657 -0.018382
5.88462 0.032037 -0.0115112
5.91373 0.0319312 -0.00363398
5.94424 0.0320775 0.00479641
5.9748 0.0324715 0.0128905
6.00508 0.0330695 0.0197516
6.03538 0.033831 0.0251313
6.06644 0.0347183 0.0285653
6.09698 0.0356256 0.0297172
6.12753 0.0364993 0.0285969
6.15694 0.037248 0.0254572
6.18637 0.0378434 0.0202265
6.21633 0.0382418 0.0132999
6.24503 0.0384024 0.00559383
6.27304 0.0383329 -0.00247995
6.30341 0.037998 -0.0110272
6.33256 0.0374627 -0.0183659
6.36199 0.0367525 -0.0241314
6.39078 0.0359453 -0.0280319
6.4196 0.0350838 -0.029895
6.44846 0.0342289 -0.0296211
6.4769 0.0334522 -0.0273158
6.50354 0.0328272 -0.0234603
6.53185 0.0323238 -0.0177765
6.56048 0.0320158 -0.0107586
6.58966 0.0319344 -0.00278988
6.62043 0.032109 0.00567363
6.65168 0.0325403 0.0138017
6.68137 0.0331463 0.0204145
6.71154 0.0339179 0.0255773
6.74239 0.034807 0.0288184
6.77279 0.0357126 0.0297889
6.80316 0.036578 0.0284889
6.83262 0.0373195 0.0251683
6.86201 0.037901 0.0197904
6.89215 0.0382839 0.0127023
6.92087 0.0384257 0.0049368
6.9489 0.0383375 -0.00314662
6.97966 0.0379767 -0.0117318
7.00951 0.0374081 -0.0190437
7.0385 0.0366947 -0.0246055
7.06723 0.0358812 -0.0283199
7.09643 0.035006 -0.0299728
7.12526 0.0341575 -0.0294356
7.15381 0.0333899 -0.0268878
7.18027 0.0327854 -0.022837
7.20861 0.0323036 -0.017007
7.23741 0.0320206 -0.00982328
7.26668 0.0319693 -0.00175358
7.29691 0.0321673 0.006548
7.32802 0.0326199 0.0145505
7.35777 0.0332451 0.0210192
7.38732 0.0340105 0.0258992
7.41807 0.0349014 0.0289677
7.44872 0.0358123 0.0297263
7.47898 0.036666 0.0282112
7.50851 0.0373952 0.0246898
7.53787 0.037957 0.0191385
7.56787 0.0383153 0.0119435
7.59679 0.0384331 0.00407159
7.62524 0.0383161 -0.00411132
7.65632 0.037922 -0.012679
7.68524 0.0373528 -0.0196849
7.71383 0.0366363 -0.0250582
7.74199 0.035831 -0.0286011
7.77131 0.0349475 -0.0301292
7.79989 0.0341057 -0.0294586
7.82837 0.0333423 -0.0268026
7.85468 0.0327458 -0.022669
7.88296 0.0322714 -0.0167765
7.91184 0.0319963 -0.00952255
7.94119 0.0319553 -0.00139679
7.97057 0.0321528 0.00672115
8.00155 0.0326074 0.0146753
8.03121 0.0332333 0.0211013
8.06058 0.0339946 0.0259232
8.09122 0.0348821 0.0289569
8.12179 0.0357894 0.0296881
8.15199 0.0366396 0.0281435
8.18148 0.037365 0.0246013
8.2108 0.0379229 0.0190325
8.24086 0.0382779 0.0118079
8.26985 0.0383912 0.003908
8.2984 0.0382687 -0.00429295
8.32955 0.0378683 -0.0128519
8.35844 0.037296 -0.0198111
8.38706 0.0365762 -0.0251494
8.41522 0.0357695 -0.0286505
8.44458 0.0348849 -0.0301336
8.47316 0.0340437 -0.0294252
8.50166 0.0332817 -0.0267402
8.52798 0.0326873 -0.0225826
8.55625 0.0322159 -0.0166736
8.58521 0.0319439 -0.00939179
8.61459 0.0319071 -0.00125293
8.64383 0.0321069 0.00683167
8.67456 0.0325596 0.0147303
8.7042 0.0331868 0.0211569
8.73373 0.0339542 0.0259886
8.76436 0.0348424 0.0290032
8.79482 0.0357483 0.0297341
8.82502 0.0365995 0.0281911
8.85448 0.0373259 0.0246548
8.88379 0.0378855 0.0190954
8.91393 0.0382429 0.0118589
8.94297 0.0383577 0.0039502
8.97137 0.0382382 -0.00420755
9.00249 0.0378412 -0.0127539
9.03146 0.03727 -0.0197231
9.06012 0.0365515 -0.0250644
9.08833 0.0357459 -0.0285586
9.11774 0.0348628 -0.0300306
9.14638 0.0340233 -0.0293072
9.17492 0.033264 -0.0266048
9.20127 0.032673 -0.022434
9.22951 0.0322062 -0.0165248
9.25849 0.0319385 -0.0092389
9.28785 0.0319058 -0.00111336
9.31702 0.0321082 0.00693794
9.34764 0.0325611 0.0147938
9.37731 0.0331903 0.021207
9.40691 0.0339609 0.0260276
9.43754 0.0348496 0.0290145
9.46798 0.0357546 0.0297326
9.49819 0.0366058 0.0281747
9.52767 0.0373318 0.0246253
9.557 0.0378906 0.019056
9.58735 0.0382478 0.0117673
9.61645 0.0383595 0.00383774
9.64464 0.038239 -0.0042718
9.67581 0.0378397 -0.0128151
9.70472 0.0372682 -0.0197683
9.73336 0.0365491 -0.025101
9.76157 0.0357429 -0.0285864
9.79099 0.0348587 -0.0300487
9.81965 0.0340185 -0.0293206
9.84819 0.0332588 -0.0266141
9.87455 0.0326671 -0.0224476
9.90281 0.0321997 -0.0165399
9.9318 0.0319314 -0.00925323
9.96119 0.0318982 -0.00113212
9.99035 0.0320996 0.0069089
10.0209 0.0325507 0.0147462
10.0507 0.0331794 0.0211567
10.0803 0.033949 0.0259698
10.1109 0.0348362 0.0289437
10.1414 0.0357394 0.0296506
10.1716 0.0365883 0.0280812
10.2011 0.0373118 0.024522
10.2305 0.0378678 0.0189449
10.2609 0.0382219 0.0116457
10.29 0.0383301 0.00371397
10.3181 0.0382074 -0.00436536
10.3494 0.0378044 -0.0128996
10.3783 0.0372313 -0.0198285
10.4069 0.0365108 -0.0251384
10.4352 0.0357041 -0.0285975
10.4646 0.0348191 -0.0300327
10.4933 0.0339792 -0.0292757
10.5219 0.0332207 -0.0265415
10.5483 0.032631 -0.0223511
10.5765 0.0321667 -0.0164281
10.6056 0.0319019 -0.00912132
10.635 0.0318726 -0.000995387
10.664 0.0320757 0.00700371
10.6944 0.0325249 0.0147871
10.7241 0.0331545 0.0211929
10.7538 0.0339275 0.0260025
10.7845 0.0348153 0.0289559
10.8149 0.0357177 0.0296526
10.8451 0.0365664 0.0280745
10.8746 0.0372899 0.0245088
10.904 0.0378456 0.0189262
10.9344 0.0381992 0.0116208
10.9636 0.0383066 0.00367876
10.992 0.0381803 -0.0044495
11.0233 0.0377749 -0.0129661
11.0522 0.0372004 -0.0198668
11.0809 0.0364781 -0.0251504
11.1091 0.0356723 -0.0285712
11.1386 0.0347878 -0.0299734
11.1673 0.0339497 -0.0291863
11.1959 0.0331939 -0.026428
11.2223 0.0326075 -0.0222167
11.2506 0.0321474 -0.0162896
11.2797 0.0318866 -0.00896616
11.3091 0.0318617 -0.000845325
11.338 0.0320671 0.00711269
11.3682 0.0325153 0.0148415
11.3979 0.0331461 0.0212321
11.4276 0.0339205 0.0260232
11.4583 0.0348085 0.0289513
11.4887 0.0357097 0.029628
11.519 0.0365576 0.02803
11.5485 0.0372795 0.0244458
11.5779 0.0378333 0.018847
11.6083 0.038184 0.0115424
11.6375 0.038289 0.00358927
11.6658 0.0381612 -0.00451463
11.6972 0.0377526 -0.01303
11.7261 0.0371775 -0.0199087
11.7548 0.0364548 -0.0251709
11.783 0.035649 -0.0285703
11.8125 0.0347643 -0.0299525
11.8413 0.0339268 -0.0291505
11.8699 0.0331721 -0.0263826
11.8963 0.0325868 -0.0221631
11.9245 0.0321283 -0.0162352
11.9536 0.031869 -0.00890335
11.9831 0.0318459 -0.000784077
12.012 0.0320527 0.00716133
12.0421 0.0325007 0.0148646
12.0718 0.0331326 0.0212454
12.1016 0.0339073 0.0260224
12.1323 0.0347956 0.028932
12.1628 0.0356962 0.0295908
12.193 0.0365429 0.027975
12.2226 0.0372632 0.0243704
12.252 0.0378148 0.0187601
12.2826 0.0381635 0.0114065
12.3118 0.0382644 0.00344806
12.3403 0.0381309 -0.00468723
12.3717 0.0377163 -0.0131873
12.4006 0.037139 -0.0200223
12.4293 0.0364131 -0.025246
12.4575 0.0356071 -0.0285985
12.4871 0.0347218 -0.0299373
12.5158 0.0338856 -0.0291007
12.5444 0.0331329 -0.0263107
12.5708 0.0325499 -0.0220686
12.5991 0.0320946 -0.0161289
12.6283 0.0318386 -0.00877191
12.6578 0.0318196 -0.000644808
12.6865 0.0320287 0.00726919
12.7165 0.0324757 0.0149273
12.7462 0.0331101 0.0213028
12.776 0.033885 0.0260551
12.8067 0.0347745 0.028943
12.8372 0.0356751 0.0295782
12.8674 0.0365209 0.0279361
12.897 0.0372394 0.0243067
12.9264 0.0377887 0.0186798
12.957 0.0381347 0.0113151
12.9862 0.0382328 0.00335287
13.0147 0.0380974 -0.00476192
13.0462 0.0376791 -0.013263
13.075 0.0371012 -0.0200686
13.1038 0.0363737 -0.0252691
13.132 0.0355679 -0.0285946
13.1616 0.0346822 -0.029909
13.1904 0.0338468 -0.0290503
13.219 0.0330957 -0.0262468
13.2454 0.0325144 -0.0219941
13.2736 0.0320616 -0.0160524
13.3029 0.0318078 -0.00867999
13.3324 0.0317916 -0.000547973
13.3611 0.0320031 0.0073568
13.391 0.0324512 0.0149957
13.4208 0.0330887 0.0213685
13.4506 0.0338645 0.0260958
13.4813 0.0347556 0.0289621
13.5118 0.0356566 0.0295705
13.5421 0.0365016 0.0279009
13.5717 0.0372183 0.0242439
13.6011 0.0377653 0.0186006
13.6316 0.0381085 0.0112224
13.6609 0.0382037 0.00325248
13.6894 0.0380653 -0.00486301
13.721 0.037642 -0.0133683
13.7498 0.0370625 -0.0201432
13.7786 0.0363325 -0.025319
13.8068 0.0355259 -0.0286145
13.8365 0.0346394 -0.0298998
13.8653 0.0338044 -0.0290173
13.8939 0.0330545 -0.0261946
13.9203 0.0324746 -0.0219274
13.9485 0.032024 -0.0159807
13.9778 0.0317723 -0.00859153
14.0074 0.0317589 -0.000454295
14.0361 0.0319727 0.00744128
14.0659 0.0324208 0.015054
14.0958 0.033062 0.0214279
14.1255 0.0338383 0.0261286
14.1563 0.034731 0.0289721
14.1868 0.0356327 0.0295466
14.2171 0.0364761 0.0278431
14.2467 0.0371903 0.0241551
14.2761 0.0377341 0.0184942
14.3067 0.0380737 0.0111025
14.336 0.0381654 0.00313194
14.3646 0.0380219 -0.00501145
14.3963 0.0375947 -0.0134889
14.425 0.0370136 -0.0202237
14.4539 0.0362805 -0.0253656
14.4821 0.0354736 -0.0286196
14.5118 0.0345866 -0.0298671
14.5406 0.0337528 -0.0289539
14.5692 0.0330051 -0.0261055
14.5957 0.0324277 -0.0218167
14.6239 0.0319808 -0.015863
14.6532 0.0317325 -0.0084516
14.6828 0.0317234 -0.000307793
