t x vx
0.01 0.0329847 -0.00152639
0.02 0.0329136 -0.00711531
0.0398048 0.0325779 -0.0169504
0.0604443 0.0320526 -0.0254509
0.0831532 0.031304 -0.0329654
0.105886 0.0304289 -0.0384918
0.130164 0.0294096 -0.0419851
0.157548 0.028238 -0.0427836
0.185577 0.0271068 -0.0403605
0.214411 0.0261024 -0.0348336
0.241144 0.0253703 -0.0273863
0.265398 0.0249108 -0.0189455
0.291178 0.024684 -0.00879708
0.316061 0.0247356 0.00207227
0.341706 0.0250934 0.0139517
0.366508 0.0257358 0.0259022
0.391582 0.0266714 0.037313
0.416333 0.0278587 0.0479679
0.440991 0.0292801 0.0576482
0.464925 0.0308637 0.0661615
0.488653 0.0326078 0.0735078
0.511549 0.03443 0.0795835
0.534198 0.036348 0.0846877
0.556146 0.0382972 0.0888059
0.578273 0.0403307 0.0919036
0.600012 0.0423724 0.0939195
0.622345 0.0444855 0.0946142
0.644268 0.0465435 0.0938774
0.665864 0.0485235 0.091682
0.687253 0.0503969 0.0875903
0.695593 0.0511227 0.0870138
0.703595 0.0518193 0.0870623
0.710557 0.052425 0.0869999
0.717218 0.0530022 0.0866531
0.723625 0.0535524 0.085874
