t x vx
0.01 0.0329911 -0.000888794
0.02 0.0329703 -0.00207749
0.0517369 0.0327971 -0.00545731
0.0836558 0.0325157 -0.00881798
0.116335 0.0321217 -0.0120563
0.150143 0.0316133 -0.0150389
0.184698 0.031008 -0.0175151
0.219429 0.030344 -0.0191184
0.253832 0.0296816 -0.0192531
0.288098 0.0290574 -0.0182184
0.322028 0.0285133 -0.0160352
0.355886 0.0280853 -0.0126427
0.388537 0.0278136 -0.00831884
0.42031 0.0277142 -0.00312905
0.451973 0.0278003 0.00272019
0.481858 0.0280497 0.00834233
0.511747 0.0284924 0.0148121
0.54252 0.0291463 0.0212505
0.572583 0.0299607 0.0270883
0.601531 0.0308866 0.0319868
0.630833 0.0319367 0.0358378
0.659425 0.0330319 0.0383015
0.688611 0.0341781 0.0392744
0.717886 0.0353068 0.0385551
0.747444 0.036376 0.0361723
0.778266 0.0373598 0.0319185
0.809878 0.0381788 0.0259096
0.839551 0.0387403 0.0189219
0.869753 0.0390737 0.0110391
0.899983 0.0391612 0.00289431
0.928316 0.039031 -0.00459595
0.956947 0.0387084 -0.0112686
0.985765 0.0382307 -0.0165756
1.0142 0.037658 -0.0201381
1.0419 0.0370558 -0.0217435
1.06899 0.0364707 -0.0215996
1.09437 0.0359629 -0.0200008
1.12049 0.0355207 -0.0169343
1.14675 0.0351914 -0.0125427
1.17409 0.0350052 -0.0068087
1.20298 0.0350051 -1.16396e-06
1.23166 0.0352019 0.00686232
1.26113 0.0356021 0.01358
1.29 0.0361553 0.0191596
1.32035 0.0368642 0.0233607
1.35055 0.0376405 0.0256974
1.38145 0.0384393 0.0258588
1.41274 0.0391794 0.0236482
1.44416 0.0397759 0.0189805
1.47541 0.0401597 0.0122875
1.50506 0.04029 0.00439173
1.53273 0.0401814 -0.00392393
1.5627 0.0397936 -0.0129392
1.59047 0.0392134 -0.0208898
1.61771 0.0384669 -0.0274056
1.64472 0.0375934 -0.0323361
1.67226 0.0366142 -0.0355653
1.69944 0.0356107 -0.0369165
1.7264 0.0346296 -0.0363921
1.75241 0.0337422 -0.0341218
1.77918 0.0329353 -0.0301366
1.80833 0.0322287 -0.0242424
1.83713 0.0317376 -0.0170526
1.86755 0.0314723 -0.00871845
1.89772 0.0314688 -0.000116527
1.92766 0.0317105 0.00807217
1.95641 0.0321433 0.015055
1.98819 0.0328076 0.0208998
2.01698 0.0335123 0.0244835
2.04715 0.0343017 0.0261608
2.07753 0.0350765 0.0255059
2.10721 0.0357533 0.0228021
2.13669 0.0362852 0.0180419
2.16661 0.0366335 0.0116398
2.19505 0.0367625 0.00453571
2.22353 0.036672 -0.00317462
2.25437 0.036327 -0.0111898
2.28432 0.0357845 -0.0181141
2.31443 0.0350767 -0.0235071
2.3445 0.0342638 -0.0270311
2.37478 0.0334017 -0.0284697
2.40455 0.032577 -0.0277055
2.43392 0.0318498 -0.0247542
2.46116 0.0312994 -0.0202126
2.48942 0.0309005 -0.0141127
2.51832 0.0307117 -0.00653487
2.54742 0.030764 0.00179771
2.57644 0.0310576 0.0101168
2.60462 0.031559 0.0177988
2.635 0.0323069 0.0246108
2.66415 0.0331695 0.0295955
2.69428 0.0341569 0.0327708
2.724 0.0351575 0.0336724
2.75354 0.0361142 0.0323816
2.78186 0.0369378 0.0290848
2.81023 0.0376157 0.023889
2.84035 0.0381205 0.0167616
2.86954 0.0383743 0.0086934
2.89881 0.0383777 0.000116206
2.92903 0.0381181 -0.00858922
2.95797 0.0376499 -0.0161768
2.98794 0.0369823 -0.0222784
3.01688 0.0362187 -0.0263861
3.0459 0.0353927 -0.0284592
3.07473 0.0345723 -0.0284537
3.10322 0.0338204 -0.0263969
3.12953 0.0332201 -0.0228147
3.15751 0.0327322 -0.0174353
3.18604 0.0324275 -0.0106814
3.21464 0.0323414 -0.00300843
3.24565 0.0325095 0.00542262
3.2761 0.0329183 0.0134238
3.30624 0.0335268 0.0201862
3.33703 0.0343122 0.0255132
3.36785 0.0351994 0.0287791
3.39867 0.0361171 0.0297836
3.42938 0.0369897 0.0284155
3.45904 0.0377295 0.0249382
3.48875 0.0383039 0.0193354
3.51857 0.0386652 0.0121168
3.54734 0.038785 0.00416121
3.5756 0.0386668 -0.00418184
3.60627 0.0382695 -0.0129551
3.63493 0.0376888 -0.0202612
3.66327 0.0369537 -0.025939
3.69126 0.0361185 -0.0298416
3.72017 0.0351999 -0.0317713
3.74834 0.0343102 -0.0315819
3.77656 0.033481 -0.0293792
3.80266 0.03281 -0.0257088
3.83095 0.0322429 -0.0200485
3.85958 0.0318682 -0.0130851
3.88891 0.0317205 -0.00503807
3.91989 0.0318345 0.0036813
3.94971 0.0321884 0.0118659
3.97929 0.0327494 0.0189633
4.0102 0.0335152 0.0247834
4.04048 0.0343784 0.0284998
4.07129 0.0353028 0.0300045
4.10174 0.0361912 0.0291746
4.13109 0.0369633 0.0263035
4.16034 0.0375874 0.0213393
4.19001 0.0380216 0.0146346
4.21856 0.0382213 0.00699495
4.24682 0.0381871 -0.00120969
4.27683 0.0378917 -0.00984553
4.30615 0.0373777 -0.0175302
4.33641 0.0366596 -0.0237285
4.36535 0.0358503 -0.0279682
4.39425 0.034978 -0.0301798
4.42325 0.0340998 -0.0302875
4.45181 0.0332906 -0.0283259
4.47855 0.0326286 -0.0247632
4.50625 0.0320917 -0.019383
4.53465 0.0317335 -0.0126136
4.56356 0.0315963 -0.00474439
4.59378 0.0317117 0.00381842
4.62401 0.0320781 0.0121214
4.65337 0.0326433 0.0192491
4.68386 0.0334093 0.0251293
4.71389 0.0342803 0.029006
4.7446 0.0352238 0.0307118
4.77516 0.036143 0.0300819
4.80444 0.0369441 0.0273611
4.83349 0.0376011 0.0226172
4.86286 0.0380741 0.0161057
4.89147 0.0383169 0.0084855
4.92011 0.0383228 0.000202869
4.94983 0.038071 -0.00846766
4.97924 0.0375892 -0.0163889
5.00794 0.0369377 -0.022695
5.03744 0.0361308 -0.0273553
5.06676 0.035254 -0.0298999
5.09573 0.0343745 -0.0303574
5.12398 0.0335614 -0.0287818
5.15077 0.0328769 -0.0255576
5.17785 0.0323186 -0.0206099
5.20603 0.0319193 -0.0141709
5.23474 0.031732 -0.00652295
5.26353 0.0317801 0.00167155
5.29346 0.0320775 0.00993368
5.32106 0.0325489 0.0170787
5.35168 0.0332656 0.0234086
5.38073 0.0340704 0.0277029
5.41146 0.0349955 0.030099
5.44222 0.0359201 0.0300656
5.47199 0.0367473 0.0277833
5.50117 0.0374334 0.0235138
5.53018 0.0379388 0.0174238
5.55988 0.0382297 0.00979277
5.58863 0.0382766 0.00163067
5.61663 0.0380904 -0.0066497
5.64671 0.0376404 -0.014961
5.67564 0.0370133 -0.02167
5.70521 0.0362228 -0.0267363
5.73468 0.0353458 -0.0297606
5.76397 0.034447 -0.0306874
5.79222 0.0336125 -0.0295406
5.81957 0.0328836 -0.0266505
5.84613 0.0322954 -0.0221433
5.87427 0.0318457 -0.0159819
5.90346 0.0316008 -0.00839191
5.9332 0.0316014 2.06556e-05
5.96132 0.0318258 0.00798037
5.99015 0.0322774 0.0156689
6.01981 0.0329367 0.0222218
6.04868 0.0337179 0.0270574
6.0793 0.0346391 0.0300903
6.10955 0.0355708 0.0308051
6.13968 0.0364508 0.0292045
6.1689 0.0371999 0.0256294
6.19799 0.0377822 0.0200212
6.22823 0.0381652 0.012663
6.25731 0.0382999 0.00463235
6.28541 0.0382002 -0.00354552
6.3158 0.0378329 -0.0120905
6.34492 0.0372708 -0.0193033
6.37411 0.0365448 -0.0248693
6.40244 0.0357367 -0.0285209
6.43173 0.0348527 -0.0301806
6.4604 0.0340026 -0.0296479
6.48894 0.0332282 -0.0271411
6.51524 0.0326196 -0.0231417
6.54315 0.0321338 -0.0174057
6.57214 0.0318385 -0.0101853
6.60132 0.0317776 -0.00208596
6.63204 0.0319745 0.00641048
6.66307 0.0324257 0.0145354
6.6928 0.0330546 0.0211541
6.72246 0.0338326 0.0262309
6.75328 0.0347404 0.0294595
6.78391 0.0356715 0.0303993
6.81425 0.0365522 0.0290243
6.84377 0.0373094 0.0256528
6.87313 0.0379032 0.0202275
6.90357 0.0382995 0.013017
6.93245 0.0384476 0.00512655
6.96049 0.0383627 -0.00302751
6.99125 0.0380025 -0.0117077
7.02054 0.0374442 -0.0190634
7.04986 0.0367171 -0.0247995
7.07855 0.0358962 -0.028614
7.10759 0.0350134 -0.0303955
7.13639 0.0341495 -0.0299957
7.16496 0.0333614 -0.0275855
7.19141 0.0327353 -0.023668
7.21962 0.0322297 -0.0179251
7.2484 0.0319188 -0.0108008
7.27755 0.0318385 -0.00275596
7.3088 0.0320218 0.00586567
7.34005 0.0324605 0.0140407
7.36989 0.0330782 0.0207039
7.39999 0.0338565 0.0258551
7.43093 0.0347566 0.029092
7.46151 0.0356758 0.0300548
7.49187 0.0365481 0.028731
7.52144 0.0372991 0.0254032
7.55083 0.0378877 0.0200195
7.58134 0.0382796 0.012845
7.61017 0.0384239 0.00500729
7.6382 0.0383364 -0.00312227
7.66904 0.0379722 -0.0118075
7.69852 0.0374067 -0.0191857
7.72787 0.036675 -0.0249305
7.75664 0.0358477 -0.0287526
7.78571 0.0349602 -0.0305341
7.8146 0.0340896 -0.0301296
7.84321 0.0332972 -0.0276987
7.86975 0.0326667 -0.0237568
7.8981 0.0321571 -0.0179736
7.92689 0.0318455 -0.0108264
7.95612 0.0317653 -0.0027417
7.98744 0.0319504 0.00590819
8.01863 0.0323895 0.014082
8.04847 0.0330088 0.0207519
8.07838 0.0337828 0.0258798
8.10934 0.0346846 0.0291254
8.14003 0.0356081 0.030093
8.17035 0.0364808 0.0287766
8.19993 0.0372338 0.0254613
8.2293 0.0378242 0.0201021
8.2598 0.0382193 0.0129545
8.28867 0.0383672 0.00512428
8.3169 0.0382816 -0.00303058
8.34782 0.0379198 -0.0117051
8.37719 0.0373604 -0.0190416
8.40672 0.0366286 -0.0247858
8.43551 0.0358057 -0.028578
8.46457 0.0349243 -0.0303343
8.49352 0.0340585 -0.0299072
8.52219 0.0332713 -0.0274507
8.54878 0.032647 -0.0234827
8.57713 0.0321453 -0.0176976
8.60594 0.0318417 -0.0105398
8.63515 0.0317697 -0.00246207
8.66613 0.0319584 0.00609066
8.69729 0.0324017 0.0142276
8.7272 0.0330259 0.0208698
8.75698 0.0337985 0.0259429
8.78793 0.0347009 0.0291507
8.81867 0.0356253 0.0300757
8.849 0.0364961 0.0287102
8.8786 0.0372464 0.0253475
8.90799 0.0378327 0.0199481
8.9385 0.0382222 0.0127671
8.96742 0.0383643 0.00491134
8.9957 0.0382724 -0.0032499
9.02671 0.0379025 -0.0119255
9.05628 0.0373336 -0.0192415
9.08574 0.0365995 -0.0249196
9.11453 0.0357747 -0.0286471
9.14368 0.0348904 -0.0303301
9.17264 0.0340269 -0.0298246
9.20137 0.0332428 -0.0272929
9.22792 0.0326252 -0.0232644
9.25619 0.0321316 -0.0174544
9.28508 0.0318353 -0.0102565
9.31434 0.0317722 -0.00215772
9.34484 0.0319637 0.00627767
9.37599 0.0324116 0.0143803
9.40595 0.0330405 0.0209919
9.43561 0.033812 0.0260078
9.46654 0.0347146 0.0291786
9.49728 0.0356389 0.0300689
9.52761 0.0365083 0.0286662
9.55724 0.0372568 0.0252635
9.58664 0.0378398 0.019832
9.61715 0.0382251 0.0126258
9.64616 0.0383626 0.00474059
9.67451 0.0382653 -0.00343309
9.70547 0.0378912 -0.0120813
9.73528 0.0373132 -0.0193922
9.76467 0.0365782 -0.0250107
9.79346 0.0357523 -0.0286825
9.82273 0.0348655 -0.0303027
9.85169 0.0340046 -0.0297237
9.88049 0.0332234 -0.0271219
9.90702 0.0326124 -0.0230371
9.93525 0.0321268 -0.0172019
9.96422 0.031838 -0.00996784
9.99352 0.0317839 -0.00184796
10.0236 0.0319781 0.00646632
10.0548 0.0324325 0.0145451
10.0848 0.0330662 0.0211146
10.1144 0.0338377 0.0260674
10.1453 0.0347398 0.0291853
10.176 0.0356624 0.030025
10.2064 0.0365285 0.0285738
10.236 0.0372733 0.0251229
10.2654 0.0378512 0.01965
10.2959 0.0382299 0.0124159
10.325 0.0383607 0.00449472
10.3534 0.0382559 -0.00369107
10.3844 0.0378749 -0.0123161
10.4141 0.0372927 -0.0195779
10.4434 0.0365566 -0.0251465
10.4721 0.0357312 -0.0287809
10.5015 0.0348377 -0.0303681
10.5304 0.0339768 -0.0297466
10.5592 0.0331955 -0.0271083
10.5857 0.0325862 -0.0229981
10.6139 0.0321026 -0.0171521
10.6429 0.0318155 -0.00989604
10.6723 0.0317638 -0.00175849
10.7021 0.0319576 0.00650028
10.7334 0.0324132 0.0145717
10.7634 0.0330476 0.0211305
10.7929 0.0338175 0.0260622
10.8238 0.0347189 0.0291683
10.8546 0.0356407 0.0299977
10.8849 0.0365055 0.0285339
10.9145 0.0372486 0.0250715
10.9439 0.0378248 0.0195912
10.9744 0.0382015 0.0123512
11.0035 0.0383305 0.00443013
11.0322 0.0382219 -0.0037975
11.0631 0.0378381 -0.0124064
11.0928 0.0372549 -0.0196341
11.1221 0.0365174 -0.0251767
11.1507 0.0356929 -0.0287769
11.1802 0.0348 -0.0303345
11.2091 0.0339404 -0.0296824
11.238 0.0331615 -0.0270131
11.2645 0.0325552 -0.0228742
11.2927 0.0320758 -0.0170098
11.3217 0.0317931 -0.00973047
11.3511 0.0317466 -0.00158235
11.3807 0.031943 0.00662811
11.4118 0.032398 0.014648
11.4418 0.0330345 0.0211994
11.4712 0.0338031 0.0261064
11.5021 0.0347046 0.0292033
11.5328 0.0356273 0.0300257
11.5631 0.0364929 0.0285531
11.5928 0.0372357 0.0250816
11.6222 0.037812 0.0195991
11.6527 0.0381889 0.0123515
11.6818 0.0383178 0.0044214
11.7105 0.0382083 -0.00381722
11.7414 0.0378236 -0.0124257
11.7712 0.0372391 -0.0196502
11.8005 0.0365003 -0.0251833
11.8292 0.0356748 -0.0287716
11.8587 0.0347821 -0.0303163
11.8877 0.0339226 -0.0296512
11.9165 0.0331443 -0.0269648
11.943 0.0325391 -0.0228178
11.9712 0.0320614 -0.0169482
12.0003 0.0317804 -0.0096621
12.0297 0.0317359 -0.00151268
12.0593 0.0319336 0.00668239
12.0903 0.0323885 0.014676
12.1203 0.0330266 0.0212248
12.1498 0.0337947 0.0261105
12.1806 0.034696 0.0291973
12.2114 0.0356185 0.0300094
12.2417 0.0364838 0.0285284
12.2713 0.0372255 0.0250433
12.3007 0.0378006 0.01955
12.3313 0.038176 0.0122952
12.3604 0.0383031 0.004358
12.3892 0.0381912 -0.00389461
12.4201 0.0378042 -0.0124948
12.4499 0.0372186 -0.0197019
12.4792 0.0364784 -0.0252253
12.5079 0.0356522 -0.0288045
12.5374 0.0347578 -0.0303401
12.5664 0.0338974 -0.029664
12.5952 0.0331187 -0.0269687
12.6218 0.0325133 -0.0228145
12.65 0.0320359 -0.0169373
12.6791 0.0317552 -0.00964391
12.7085 0.0317115 -0.00148652
12.738 0.0319094 0.00669842
12.7689 0.032363 0.0146721
12.799 0.0330014 0.0212262
12.8285 0.033771 0.0261115
12.8593 0.0346721 0.0291934
12.8901 0.0355935 0.0300039
12.9204 0.0364589 0.0285266
12.95 0.0372004 0.0250385
12.9794 0.0377755 0.0195461
13.01 0.0381509 0.0122953
13.0391 0.038278 0.00435884
13.0681 0.0381641 -0.00393439
13.099 0.0377762 -0.0125235
13.1288 0.0371894 -0.019723
13.1582 0.0364475 -0.0252363
13.1869 0.0356207 -0.0287975
13.2164 0.0347273 -0.0303147
13.2454 0.0338673 -0.0296225
13.2743 0.0330894 -0.0269115
13.3009 0.0324856 -0.0227437
13.3291 0.0320103 -0.0168613
13.3582 0.0317318 -0.00955708
13.3876 0.0316907 -0.0013969
13.4171 0.03189 0.00676563
13.4479 0.0323427 0.0147047
13.4779 0.0329821 0.0212594
13.5075 0.0337565 0.0261459
13.5384 0.0346582 0.0292094
13.5691 0.0355785 0.030011
13.5994 0.0364439 0.0285326
13.629 0.0371854 0.025035
13.6585 0.0377604 0.0195405
13.689 0.0381356 0.0122884
13.7182 0.0382624 0.0043469
13.7473 0.0381462 -0.00398714
13.7783 0.0377567 -0.0125655
13.808 0.0371694 -0.0197489
13.8375 0.0364266 -0.0252465
13.8662 0.0356004 -0.0287837
13.8957 0.0347073 -0.0302806
13.9247 0.0338483 -0.0295698
13.9536 0.0330723 -0.0268419
13.9802 0.0324704 -0.0226595
14.0084 0.0319977 -0.016773
14.0375 0.0317218 -0.00945993
14.067 0.0316835 -0.00130015
14.0963 0.0318844 0.00683753
14.127 0.0323365 0.0147427
14.1571 0.032977 0.0212919
14.1869 0.0337559 0.0261714
14.2177 0.0346581 0.0292145
14.2484 0.0355773 0.0300002
14.2787 0.0364421 0.0285116
14.3083 0.0371827 0.0249976
14.3378 0.0377565 0.0194878
14.3683 0.0381298 0.0122247
14.3975 0.0382545 0.00427558
14.427 0.0381329 -0.00412884
14.458 0.037739 -0.0126973
14.4876 0.0371503 -0.0198462
14.517 0.036406 -0.0253192
14.5457 0.0355805 -0.0288249
14.5752 0.034685 -0.0303019
14.6043 0.0338261 -0.0295739
14.6332 0.0330507 -0.0268395
14.6597 0.0324494 -0.0226488
14.6879 0.0319772 -0.016762
