t x vx
0.01 0.0330004 3.9395e-05
0.02 0.0330026 0.000217405
0.162008 0.0333471 0.00242632
0.306871 0.0339293 0.00401858
0.466948 0.0347507 0.00513149
0.630696 0.03566 0.00555307
0.796835 0.0365303 0.00523848
0.963317 0.0372348 0.00423142
1.12936 0.0376795 0.00267844
1.29418 0.0378071 0.000774232
1.45809 0.0375869 -0.00134379
1.62199 0.0369964 -0.00360225
1.78707 0.0360178 -0.00592816
1.95536 0.0346337 -0.00822515
2.12152 0.0329352 -0.0102216
2.28061 0.0310738 -0.0117
2.4333 0.0291585 -0.0125446
2.57939 0.0273198 -0.012586
2.71883 0.0257005 -0.0116126
2.85202 0.0244438 -0.00943512
2.98015 0.0236497 -0.00619736
3.10476 0.0233643 -0.00229101
3.22747 0.0235896 0.00183613
3.34796 0.0242934 0.00584171
3.46959 0.0254673 0.00965078
3.59518 0.0271293 0.0132336
3.72751 0.0293238 0.0165838
3.86727 0.0320631 0.0196009
4.00977 0.0352031 0.0220348
4.1474 0.0384585 0.0236522
4.27838 0.0416399 0.0242895
4.40045 0.0445297 0.0236745
4.51328 0.0469521 0.0214683
4.61716 0.0487466 0.0172747
4.71321 0.0498099 0.0110697
4.80398 0.0501308 0.00353632
4.83977 0.0501442 0.000374062
4.87683 0.05004 -0.00281182
4.96782 0.0491076 -0.0102471
5.05983 0.0476036 -0.0163466
5.16262 0.0453853 -0.0215814
5.27897 0.0423889 -0.0257513
5.40735 0.0387115 -0.028645
5.54936 0.0344062 -0.0303181
5.68854 0.0301411 -0.0306437
5.82319 0.0260951 -0.0300489
5.94978 0.022478 -0.0285732
6.06621 0.0194394 -0.0260977
6.17175 0.0170813 -0.0223435
6.26688 0.0154748 -0.0168863
6.3016 0.0149771 -0.0143381
6.33461 0.014596 -0.0115436
6.36491 0.0143357 -0.00859054
6.39497 0.014175 -0.00534754
6.42582 0.01412 -0.00178153
6.45759 0.0141839 0.0020116
6.4908 0.0143815 0.00594894
6.52591 0.0147296 0.00991427
6.56248 0.0152311 0.0137163
6.60156 0.0159098 0.0173623
6.64336 0.0167784 0.0207839
6.75242 0.0198411 0.0280807
6.86642 0.0235812 0.0328082
6.99915 0.0283934 0.0362564
7.14713 0.0340204 0.0380249
7.29195 0.0395204 0.0379782
7.42944 0.0445474 0.0365631
7.55361 0.0487531 0.0338715
7.66278 0.051974 0.0295026
