t x vx
0.01 0.0330004 4.47221e-05
0.02 0.0330023 0.000186831
0.163754 0.0333011 0.00207857
0.310149 0.0338019 0.00342047
0.471886 0.0344984 0.00430679
0.637354 0.0352503 0.00454413
0.805511 0.0359377 0.00408763
0.97433 0.036439 0.00296935
1.14326 0.0366601 0.0013087
1.31174 0.0365369 -0.000730789
1.48019 0.036027 -0.00302726
1.64952 0.0350996 -0.00547687
1.82131 0.0337321 -0.00796015
1.99688 0.0319282 -0.0102747
2.16415 0.0299227 -0.011989
2.3233 0.0278658 -0.0129249
2.47348 0.0259367 -0.012845
2.61484 0.0243137 -0.0114814
2.74839 0.0231527 -0.00869399
2.87531 0.0225359 -0.0048594
2.99826 0.0224711 -0.000527058
3.11818 0.0229249 0.00378443
3.23669 0.0238529 0.0078304
3.35811 0.0252618 0.0116038
3.48418 0.0271613 0.0150674
3.61849 0.029613 0.0182537
3.76175 0.0326263 0.0210332
3.90152 0.0358456 0.0230335
4.03678 0.0391245 0.0242421
4.16455 0.0422471 0.0244379
4.28367 0.0450297 0.0233603
4.39364 0.0473003 0.0206475
4.49514 0.048916 0.0159186
4.58938 0.0497871 0.00924277
4.67914 0.0499069 0.00133467
4.76892 0.0492971 -0.006792
4.86214 0.0479691 -0.0142459
4.96328 0.0458725 -0.0207281
5.07663 0.0429167 -0.0260782
5.19893 0.039253 -0.0299548
5.33653 0.0347663 -0.0326075
5.4759 0.0300678 -0.0337128
5.6111 0.0255298 -0.0335644
5.73829 0.0214223 -0.0322954
5.85419 0.0179657 -0.0298251
5.95782 0.0152898 -0.025821
5.99442 0.0144093 -0.0240561
6.02703 0.0136895 -0.0220704
6.05482 0.0131402 -0.0197691
6.08231 0.012678 -0.0168116
6.11028 0.0123141 -0.0130103
6.13993 0.0120743 -0.0080879
