t x vx
0.01 0.0330053 0.000532618
0.02 0.0330273 0.00219666
0.0557372 0.0332963 0.00752735
0.0935478 0.0337647 0.0123882
0.130207 0.0343669 0.0164268
0.170637 0.0351726 0.0199275
0.21769 0.0362311 0.0224961
0.262784 0.0372922 0.0235306
0.313529 0.0384539 0.0228932
0.364873 0.0394993 0.0203609
0.41804 0.0403491 0.015984
0.471274 0.0408801 0.00997413
0.522847 0.0410316 0.00293798
0.57041 0.0408148 -0.00455834
0.622043 0.0401123 -0.0136049
0.667643 0.0391153 -0.0218646
0.71668 0.0376225 -0.0304419
0.76113 0.0359443 -0.0377562
0.806215 0.0339354 -0.0445577
0.849359 0.0317586 -0.0504524
0.891298 0.0294305 -0.0555129
0.93221 0.0269882 -0.0596966
0.972109 0.0244764 -0.0629542
1.01136 0.0219186 -0.0651729
1.04879 0.0194302 -0.0664747
1.08472 0.0170345 -0.0666844
1.11875 0.014802 -0.0655865
1.13166 0.0139435 -0.0665137
1.1434 0.0131508 -0.0675388
1.15304 0.0124916 -0.0683515
