t x vx
0.01 0.0330002 1.64906e-05
0.02 0.0330004 2.05575e-05
0.0527255 0.0330014 3.24983e-05
0.0857296 0.0330026 3.44493e-05
0.119385 0.0330038 3.75308e-05
0.154209 0.0330053 4.1844e-05
0.189882 0.0330061 2.12904e-05
0.226338 0.0330056 -1.11934e-05
0.263483 0.0330046 -2.70955e-05
0.300718 0.033004 -1.74315e-05
0.337772 0.0330053 3.60147e-05
0.37458 0.0330084 8.33817e-05
0.410975 0.0330108 6.63729e-05
0.446478 0.0330094 -3.86446e-05
0.481496 0.0330034 -0.000171457
0.516576 0.032993 -0.000296036
0.551456 0.0329789 -0.000406565
0.586072 0.0329619 -0.000488952
0.620493 0.0329438 -0.000526192
0.654777 0.0329267 -0.000499326
0.688934 0.0329134 -0.000390201
0.722955 0.0329069 -0.000190056
0.75684 0.0329109 0.000117873
0.790604 0.0329285 0.000521476
0.824121 0.0329617 0.000990126
0.85741 0.0330116 0.00150019
0.89051 0.0330789 0.00203062
0.923455 0.0331636 0.00257372
0.956273 0.0332661 0.00312093
0.988987 0.0333857 0.00365797
1.02163 0.0335222 0.00418194
1.05423 0.033674 0.0046543
1.08683 0.0338388 0.00505532
1.11944 0.0340135 0.00535901
1.15205 0.0341944 0.0055463
1.18465 0.0343769 0.00559742
1.21722 0.0345557 0.0054891
1.24975 0.0347247 0.00519509
1.28222 0.0348771 0.00469456
1.31463 0.0350067 0.00399951
1.34697 0.0351077 0.00312199
1.37908 0.0351746 0.00208524
1.41081 0.0352044 0.000939271
1.44203 0.0351953 -0.000293958
1.47268 0.035148 -0.00154228
1.5036 0.0350624 -0.00276835
1.53463 0.0349401 -0.0039399
1.56564 0.0347847 -0.0050135
1.59672 0.0346001 -0.00593819
1.62777 0.0343934 -0.00665772
1.65885 0.0341721 -0.00712182
1.6905 0.0339415 -0.00728365
1.72177 0.0337185 -0.00713288
1.75239 0.0335134 -0.00669731
1.78376 0.0333253 -0.00599597
1.81495 0.0331668 -0.00508104
1.84656 0.0330391 -0.00404131
1.87889 0.0329439 -0.00294447
1.91031 0.0328841 -0.00190288
1.94145 0.0328537 -0.000975375
1.97184 0.0328442 -0.000313745
2.00189 0.0328451 2.8713e-05
2.03334 0.0328464 4.41794e-05
2.0649 0.0328387 -0.000245955
2.09706 0.0328107 -0.000870171
2.12908 0.0327534 -0.00179087
2.16003 0.0326627 -0.00292777
2.19026 0.0325363 -0.0041822
2.22067 0.0323702 -0.00546153
2.25075 0.0321707 -0.00663314
2.28111 0.0319396 -0.00761292
2.31196 0.0316837 -0.00829719
2.34309 0.0314179 -0.00853528
2.37376 0.0311659 -0.00821618
2.40392 0.0309455 -0.00730822
2.43414 0.0307709 -0.00577876
2.46422 0.0306604 -0.0036744
2.49391 0.0306297 -0.00103101
2.52295 0.0306852 0.00190853
2.55154 0.0308288 0.00502268
2.58077 0.0310686 0.00820365
2.60982 0.0313929 0.0111637
2.63843 0.031784 0.0136662
2.66665 0.0322209 0.015483
2.69617 0.032709 0.016539
2.72593 0.0332037 0.016621
2.75566 0.0336691 0.0156541
2.78521 0.0340753 0.0137453
2.81349 0.0343861 0.0109917
2.84088 0.0345917 0.00750604
2.86835 0.034684 0.00336015
2.89689 0.0346419 -0.00147411
2.92704 0.0344407 -0.0066752
2.95679 0.0340965 -0.0115712
2.98695 0.0336236 -0.0156786
3.01744 0.0330519 -0.0187512
3.04843 0.0324202 -0.0203832
3.07948 0.0317878 -0.0203649
3.11012 0.0312154 -0.0186788
3.14008 0.0307487 -0.0155778
3.17013 0.0304172 -0.0110321
3.2001 0.0302576 -0.00532767
3.22986 0.0302953 0.00126936
3.25883 0.0305284 0.00804359
3.28953 0.0309856 0.0148952
3.31961 0.0316089 0.0207179
3.35016 0.0323801 0.0252484
3.38012 0.0332193 0.0280044
3.41017 0.034085 0.0288092
3.43933 0.0348928 0.0277068
3.4681 0.0356067 0.0248139
3.49662 0.0361825 0.0201854
3.52483 0.0365804 0.0141041
3.55277 0.0367782 0.00708037
3.58283 0.0367468 -0.00104187
3.6127 0.0364715 -0.00921911
3.64372 0.0359428 -0.0170414
3.6737 0.035246 -0.0232414
3.70427 0.0343976 -0.0277565
3.73431 0.0334916 -0.030155
3.7637 0.0325977 -0.0304185
3.79297 0.0317619 -0.028557
3.8201 0.031085 -0.024945
3.84794 0.0305386 -0.0196276
3.8762 0.0301764 -0.0128196
3.90493 0.0300377 -0.00482658
3.93431 0.0301443 0.00362809
3.96418 0.0305037 0.0120337
3.99408 0.0310854 0.0194562
4.02281 0.0318122 0.025295
4.05331 0.0327137 0.0295553
4.08333 0.0336603 0.0315369
4.11306 0.0345916 0.0313258
4.14167 0.0354197 0.0289368
4.16986 0.036117 0.0247358
4.19972 0.0366649 0.0183541
4.22785 0.0369702 0.0108509
4.25656 0.0370431 0.0025398
4.28586 0.0368606 -0.00622771
4.3148 0.0364365 -0.0146537
4.34341 0.0358114 -0.0218513
4.3743 0.0349557 -0.0277016
4.40288 0.0340618 -0.031281
4.43193 0.0331053 -0.0329176
4.46088 0.0321699 -0.0323199
4.48954 0.0313188 -0.0296901
4.51592 0.030648 -0.0254306
4.54353 0.0301098 -0.0194926
4.57256 0.0297641 -0.0119068
4.60169 0.0296661 -0.00336513
4.63031 0.0298152 0.0052101
4.65901 0.0302024 0.0134893
4.68892 0.0308265 0.0208617
4.7169 0.0315652 0.0264017
4.74747 0.0324963 0.0304633
4.77719 0.0334535 0.0322072
4.80682 0.034396 0.0318055
4.83524 0.0352273 0.029258
4.86367 0.0359347 0.0248808
4.89362 0.0364856 0.0183916
4.92256 0.0367947 0.0106788
4.95229 0.0368579 0.00212651
4.98139 0.036668 -0.00652561
5.0117 0.0362109 -0.0150775
5.04035 0.0355805 -0.0220057
5.07156 0.0347186 -0.0276178
5.10042 0.0338263 -0.0309152
5.12989 0.0328771 -0.0322099
5.15912 0.0319647 -0.0312139
5.18767 0.0311592 -0.0282118
5.21433 0.0305316 -0.0235483
5.24203 0.0300517 -0.0173202
5.27076 0.0297765 -0.00958142
5.29995 0.0297467 -0.00101945
5.3295 0.0299743 0.00770162
5.35671 0.0303941 0.01543
5.387 0.0310781 0.0225795
5.41561 0.0318721 0.0277539
5.44621 0.0328275 0.0312255
5.47562 0.0337803 0.0323913
5.50473 0.0346954 0.0314365
5.53287 0.0354946 0.0284033
5.56136 0.0361633 0.0234688
5.59042 0.0366497 0.0167384
5.619 0.0369048 0.00892487
5.64944 0.0369067 6.30878e-05
5.67695 0.03668 -0.00824225
5.70795 0.0361587 -0.0168117
5.73656 0.0354874 -0.0234719
5.76672 0.0346233 -0.0286467
5.79584 0.0337005 -0.0316849
5.82559 0.0327301 -0.0326212
5.8545 0.0318249 -0.0313096
5.88196 0.0310515 -0.0281661
5.90892 0.0304233 -0.0232988
5.93672 0.0299539 -0.0168847
5.96508 0.0296957 -0.00910598
5.99464 0.0296833 -0.0004173
6.02426 0.029931 0.00836205
6.05185 0.0303757 0.016117
6.08204 0.0310742 0.0231349
6.11081 0.0318891 0.0283261
6.14161 0.0328663 0.0317294
6.17134 0.0338422 0.03282
6.2003 0.0347631 0.0318002
6.2284 0.0355717 0.0287746
6.25703 0.0362548 0.0238614
6.28576 0.0367516 0.0172887
6.31438 0.0370285 0.00967444
6.3446 0.0370645 0.00119223
6.3721 0.036879 -0.00674672
6.40349 0.0364143 -0.0148039
6.43249 0.0358067 -0.0209527
6.46298 0.0350294 -0.0254982
6.4933 0.034181 -0.0279729
6.52294 0.0333444 -0.0282236
6.55231 0.0325732 -0.0262644
6.57967 0.0319568 -0.0225291
6.60748 0.0314812 -0.0171024
6.6358 0.0311928 -0.0101809
6.66435 0.0311307 -0.00217614
6.69485 0.0313316 0.00658639
6.72563 0.0317984 0.0151656
6.75527 0.0324656 0.0225095
6.78493 0.0333075 0.0283835
6.8144 0.034262 0.0323905
6.84377 0.0352701 0.0343202
6.87344 0.0362809 0.0340651
6.90255 0.0371984 0.0315183
6.93119 0.0379727 0.0270422
6.9609 0.0385807 0.0204591
6.98945 0.0389405 0.0126034
7.01845 0.0390547 0.00393758
7.04592 0.0389261 -0.00467999
7.07665 0.0385024 -0.0137845
7.10435 0.0379193 -0.021052
7.13359 0.0371341 -0.0268591
7.16302 0.0362315 -0.0306659
7.19208 0.03529 -0.032396
7.22005 0.0343946 -0.0320213
7.2471 0.0335861 -0.029886
7.27334 0.0329002 -0.0261395
7.30096 0.0323307 -0.0206203
7.32962 0.0319406 -0.0136114
7.35902 0.0317795 -0.00547984
7.38996 0.0318815 0.00329652
7.41989 0.0322282 0.011587
7.44928 0.0327806 0.0187895
7.48066 0.0335595 0.0248214
7.51068 0.0344197 0.028662
7.54164 0.0353592 0.030338
7.57221 0.036265 0.0296302
7.60199 0.0370643 0.0268435
7.63162 0.0377132 0.0219011
7.6616 0.0381665 0.0151197
7.69015 0.0383776 0.00739455
7.71878 0.0383475 -0.00105331
7.74877 0.0380481 -0.00998535
7.77844 0.0375076 -0.0182134
7.80804 0.0367701 -0.0249165
7.83724 0.0359004 -0.0297883
7.86648 0.0349466 -0.0326202
7.89554 0.0339763 -0.0333889
7.92399 0.0330638 -0.0320666
7.95072 0.0322853 -0.0291271
7.9783 0.0316124 -0.0243968
8.00662 0.0311041 -0.0179532
8.03549 0.0308094 -0.0102074
8.06571 0.0307673 -0.00139318
8.09504 0.0309783 0.00719411
8.12373 0.0314146 0.0152069
8.15413 0.0320918 0.0222809
8.18258 0.0328726 0.0274373
8.21359 0.0338304 0.0308895
8.24355 0.0347897 0.0320239
8.27348 0.0357148 0.0309028
8.30259 0.0365228 0.0277628
8.33143 0.0371766 0.0226644
8.36104 0.0376451 0.0158222
8.38971 0.0378769 0.00808876
8.4201 0.0378598 -0.00056541
8.45063 0.0375761 -0.00929068
8.4806 0.0370632 -0.0171109
8.51058 0.036362 -0.0233896
8.54039 0.0355351 -0.0277425
8.57043 0.0346339 -0.0300026
8.59969 0.033754 -0.0300718
8.62859 0.0329426 -0.0280786
8.65529 0.0322886 -0.0244961
8.68356 0.0317502 -0.0190404
8.71242 0.031402 -0.0120649
8.74139 0.0312851 -0.00403503
8.77259 0.0314361 0.00483907
8.80364 0.0318535 0.0134429
8.83426 0.0324925 0.0208676
8.86495 0.033315 0.0268084
8.89596 0.0342685 0.0307433
8.92619 0.0352478 0.0323909
8.95667 0.0362108 0.0316002
8.98603 0.0370503 0.0285912
9.01512 0.0377365 0.0235864
9.04516 0.0382348 0.0165885
9.07362 0.0384788 0.0085762
9.10251 0.0384723 -0.000227061
9.13116 0.038207 -0.00925555
9.16029 0.0376851 -0.0179182
9.18931 0.0369543 -0.0251847
9.21919 0.0360356 -0.0307496
9.24832 0.0350409 -0.0341445
9.27726 0.0340128 -0.0355286
9.3053 0.0330353 -0.0348613
9.33201 0.0321668 -0.0325132
9.35884 0.0314031 -0.0284597
9.3868 0.0307697 -0.0226598
9.41532 0.0303292 -0.0154404
9.44506 0.0301209 -0.00700525
9.47616 0.0301801 0.00190373
9.50778 0.0305164 0.010635
9.53878 0.0310755 0.0180376
9.56914 0.0317949 0.0236907
9.60035 0.0326499 0.0273991
9.63093 0.0335311 0.0288091
9.66105 0.0343737 0.0279844
9.69046 0.0351138 0.0251641
9.71951 0.0357056 0.0203699
9.74934 0.0361168 0.0137829
9.77816 0.0362969 0.00625044
9.80846 0.0362292 -0.0022338
9.83758 0.0359236 -0.0104969
9.86887 0.0353442 -0.0185179
9.89896 0.0345975 -0.0248129
9.9299 0.0336894 -0.0293503
9.9602 0.03273 -0.0316635
9.99026 0.0317749 -0.0317756
10.0198 0.0308987 -0.0296475
10.0475 0.030186 -0.0257184
10.0754 0.0296259 -0.020086
10.1039 0.0292579 -0.0128983
10.1327 0.0291255 -0.00459773
10.1622 0.0292487 0.00418251
10.1924 0.0296401 0.0129455
10.2221 0.0302513 0.0205886
10.2506 0.0310093 0.0265885
10.2812 0.031961 0.0310752
10.3107 0.0329412 0.0332345
10.3405 0.0339313 0.0333304
10.3687 0.0348171 0.0313847
10.397 0.0355969 0.0275512
10.4272 0.0362499 0.0215975
10.4561 0.0366628 0.0142883
10.4856 0.0368406 0.00602278
10.5168 0.0367482 -0.00296353
10.5473 0.0363951 -0.0115808
10.5775 0.0358188 -0.0191075
10.6083 0.0350444 -0.0250929
10.6392 0.0341518 -0.0289294
10.6699 0.0332158 -0.0305087
10.6995 0.0323318 -0.0298302
10.7289 0.0315371 -0.0270403
10.7558 0.0309288 -0.0226369
10.7839 0.0304608 -0.0166502
10.8126 0.0301954 -0.00923786
10.8419 0.0301676 -0.000948197
10.8716 0.0303912 0.00753123
10.8995 0.0308154 0.0152005
10.9301 0.0314952 0.022234
10.9593 0.0322923 0.0273444
10.9902 0.033241 0.0307014
11.0204 0.0341997 0.031731
11.0501 0.0351097 0.0305881
11.0789 0.0358982 0.0274191
11.1077 0.0365414 0.0223378
11.1374 0.036999 0.0154015
11.1663 0.0372152 0.00748425
11.1968 0.0371723 -0.00140377
11.2257 0.0368848 -0.00997601
11.2563 0.0363253 -0.0182727
11.2861 0.0355827 -0.0249157
11.3166 0.0346762 -0.0297175
11.3469 0.0336978 -0.0322937
11.3765 0.0327302 -0.0326749
11.4055 0.0318352 -0.0309022
11.4325 0.0310935 -0.0274629
11.4604 0.0304731 -0.0221983
11.489 0.0300346 -0.0153622
11.5178 0.029822 -0.00737891
11.5485 0.0298681 0.00149775
11.5791 0.0301816 0.0102636
11.6097 0.0307346 0.0180942
11.6404 0.0314901 0.0245478
11.6711 0.0323822 0.0290515
11.7012 0.0333219 0.0312747
11.7315 0.0342721 0.0313257
11.7604 0.0351179 0.0292517
11.789 0.0358404 0.0252692
11.819 0.0364155 0.0192159
11.8473 0.0367547 0.0119533
11.8763 0.0368644 0.00378845
11.9061 0.0367174 -0.00493137
11.935 0.0363356 -0.0132333
11.9645 0.0357254 -0.020639
11.9963 0.0348783 -0.0266493
12.026 0.0339786 -0.0302696
12.0562 0.0330171 -0.0318458
12.0858 0.0320958 -0.0311418
12.1151 0.0312666 -0.0283551
12.1419 0.0306239 -0.0239609
12.1698 0.0301223 -0.0179423
12.1989 0.029821 -0.0103664
12.2282 0.0297643 -0.00193348
12.2573 0.0299554 0.00657035
12.2854 0.0303614 0.014459
12.3158 0.03102 0.021669
12.3448 0.0318019 0.0269902
12.376 0.032757 0.0306211
12.4061 0.0337177 0.0318929
12.4358 0.0346396 0.0310585
12.4644 0.0354462 0.0281979
12.4932 0.036121 0.0234271
12.5228 0.0366193 0.0168243
12.5517 0.0368828 0.00912625
12.5822 0.0368956 0.000419032
12.6105 0.0366709 -0.00793283
12.6421 0.0361526 -0.0164241
12.6708 0.0354939 -0.0229724
12.7015 0.0346306 -0.0281085
12.7305 0.0337309 -0.0310063
12.7607 0.0327679 -0.0318388
12.7902 0.0318726 -0.0304064
12.8182 0.0311133 -0.027113
12.8454 0.0305102 -0.0221468
12.8734 0.0300707 -0.0156855
12.902 0.0298434 -0.00795082
12.9319 0.0298622 0.000629788
12.962 0.0301405 0.0092646
12.9908 0.0306286 0.0169272
13.0216 0.0313576 0.0236856
13.0515 0.0322079 0.0284643
13.082 0.0331613 0.0311941
13.1123 0.0341217 0.0317119
13.1414 0.0349989 0.0301095
13.17 0.0357591 0.026603
13.1994 0.0363781 0.0210763
13.2279 0.0367808 0.0141066
13.2568 0.0369581 0.00614645
13.288 0.0368697 -0.00283064
13.3189 0.0365091 -0.0116633
13.3497 0.0359079 -0.0195184
13.38 0.0351316 -0.0256613
13.4102 0.034231 -0.02977
13.4407 0.0332644 -0.0316767
13.4702 0.0323406 -0.0313644
13.4995 0.0314909 -0.0289561
13.5264 0.0308211 -0.0249516
13.5545 0.0302803 -0.0192234
13.5837 0.0299331 -0.0118834
13.6129 0.0298282 -0.00359228
13.6421 0.0299708 0.00487888
13.6721 0.0303719 0.0134016
13.7022 0.0310008 0.020836
13.7311 0.031769 0.0265852
13.7621 0.0327154 0.0305454
13.7924 0.0336902 0.0322095
13.8225 0.034646 0.0317546
13.8514 0.0354905 0.0292175
13.8802 0.0362049 0.0247655
13.9105 0.0367586 0.0183075
13.9396 0.037069 0.0106498
13.9697 0.0371319 0.00209298
13.9989 0.036943 -0.00647156
14.0304 0.036465 -0.0151378
14.0591 0.0358365 -0.021927
14.0905 0.034976 -0.0274351
14.1195 0.034087 -0.0305845
14.1496 0.0331321 -0.0317212
14.1792 0.0322279 -0.0306019
14.2076 0.0314449 -0.0275662
14.2346 0.0308255 -0.0228996
14.2626 0.0303589 -0.0167018
14.2913 0.030096 -0.00916248
14.321 0.0300738 -0.00074729
14.3512 0.0303104 0.00782697
14.3789 0.0307376 0.015444
14.4101 0.0314347 0.0223528
14.4389 0.0322197 0.0271914
14.4701 0.0331621 0.0302813
14.501 0.0341205 0.0310188
14.5306 0.0349964 0.0295892
14.5595 0.0357553 0.0262509
14.5887 0.0363662 0.0209322
14.6177 0.0367746 0.0140403
14.6465 0.0369533 0.0062176
14.6778 0.0368687 -0.00269788
14.7089 0.0365097 -0.0115395
14.7398 0.0359105 -0.019432
14.77 0.035136 -0.0256343
14.8004 0.0342289 -0.0298479
14.831 0.0332547 -0.0318646
14.8605 0.0323179 -0.0316924
14.8899 0.0314533 -0.0294096
