t x vx
0.01 0.0330003 3.12239e-05
0.02 0.033001 7.24569e-05
0.0642994 0.0330118 0.000243414
0.108692 0.0330305 0.000419845
0.15428 0.0330574 0.000590356
0.201421 0.0330926 0.000746258
0.249658 0.0331351 0.000883107
0.298851 0.0331837 0.00098684
0.348656 0.033235 0.0010305
0.398505 0.033287 0.00104258
0.445373 0.0333355 0.00103505
0.491442 0.0333812 0.000992924
0.539563 0.0334237 0.000881465
0.587154 0.0334575 0.000710781
0.633965 0.0334794 0.000467843
0.680282 0.0334864 0.000152127
0.726496 0.0334756 -0.000234402
0.772858 0.0334453 -0.00065267
0.819292 0.0333961 -0.00106153
0.86521 0.0333299 -0.00144014
0.911072 0.0332479 -0.00178814
0.956811 0.0331523 -0.00209029
1.00235 0.0330464 -0.00232634
1.04774 0.0329342 -0.00247121
1.09305 0.0328212 -0.00249414
1.13836 0.0327137 -0.00237214
1.18325 0.0326198 -0.00209168
1.22764 0.0325464 -0.00165475
1.27158 0.0324991 -0.00107585
1.31512 0.0324825 -0.000381566
1.35832 0.0324989 0.000379456
1.40122 0.0325484 0.00115437
1.44389 0.0326302 0.00191761
1.4864 0.0327424 0.00263925
1.52883 0.0328813 0.0032748
1.57123 0.0330421 0.00379178
1.61365 0.0332184 0.00415617
1.65612 0.0334026 0.00433579
1.69868 0.0335861 0.00431263
1.74137 0.0337609 0.00409431
1.78425 0.033919 0.00368744
1.82728 0.0340534 0.00312415
1.8699 0.0341579 0.00245034
1.91186 0.0342296 0.00170993
1.95386 0.0342687 0.00093107
1.9961 0.034275 0.00014839
2.03848 0.0342498 -0.000593918
2.08077 0.0341967 -0.0012558
2.12293 0.0341203 -0.00181256
2.16539 0.0340257 -0.00222891
2.20772 0.0339215 -0.00246124
2.24965 0.0338159 -0.00251905
2.29109 0.0337155 -0.00242183
2.33197 0.0336256 -0.00219844
2.3724 0.0335496 -0.00188059
2.4126 0.0334883 -0.00152528
2.45285 0.0334399 -0.00120127
2.4935 0.0334008 -0.00096262
2.53421 0.0333654 -0.000868347
2.5738 0.0333282 -0.000941107
2.61279 0.0332821 -0.00118109
2.65172 0.0332205 -0.00158276
2.69095 0.0331376 -0.00211316
2.72942 0.0330335 -0.00270723
2.76716 0.0329085 -0.00331205
2.8052 0.0327603 -0.00389547
2.84448 0.0325876 -0.00439653
2.8852 0.0323952 -0.00472521
2.92629 0.0321981 -0.00479631
2.9676 0.0320098 -0.00455941
3.00855 0.0318463 -0.0039916
3.04892 0.0317214 -0.00309371
3.08838 0.0316452 -0.00193216
3.12728 0.0316219 -0.000599237
3.16581 0.0316522 0.000786102
3.20418 0.0317341 0.00213659
3.24307 0.031865 0.00336536
3.28295 0.0320407 0.00440626
3.32299 0.0322487 0.00519297
3.3626 0.0324731 0.00566647
3.402 0.0327003 0.00576536
3.44088 0.0329141 0.00550048
3.47868 0.0330974 0.00484903
3.5152 0.0332377 0.00384297
3.55312 0.0333314 0.0024686
3.58965 0.0333634 0.000877463
3.62628 0.0333307 -0.000893041
3.6648 0.0332228 -0.00279989
3.7032 0.0330453 -0.0046233
3.74233 0.0328019 -0.00621886
3.78189 0.0325102 -0.0073747
3.82149 0.0321965 -0.00792304
3.86153 0.0318867 -0.00773683
3.90333 0.0316051 -0.00673498
3.94505 0.0313996 -0.00492801
3.98674 0.0312978 -0.0024408
4.02672 0.0313186 0.000519184
4.06616 0.0314643 0.00369604
4.10635 0.0317411 0.00688552
4.14642 0.0321301 0.00970906
4.18554 0.0325925 0.0118208
4.22504 0.0331106 0.0131165
4.26622 0.0336627 0.0134058
4.30652 0.034167 0.0125145
4.3457 0.0345801 0.0105432
4.38543 0.0348765 0.00746036
4.42334 0.0350154 0.00366512
4.46335 0.0349778 -0.000940082
4.502 0.0347606 -0.0056198
4.54133 0.0343646 -0.0100688
4.58436 0.033762 -0.014004
4.62547 0.0330765 -0.0166753
4.668 0.0323128 -0.0179553
4.71037 0.0315636 -0.0176817
4.75129 0.030911 -0.0159502
4.79145 0.0303932 -0.0128919
4.83007 0.0300564 -0.00872161
4.86861 0.0299137 -0.00370331
4.90678 0.0299828 0.00181002
4.94985 0.0303229 0.00789721
4.99124 0.0308677 0.0131623
5.03051 0.031546 0.0172726
5.0711 0.032366 0.0202001
5.11109 0.0332246 0.021472
5.15183 0.0340835 0.0210816
5.19202 0.0348443 0.0189322
5.23181 0.0354508 0.015241
5.26863 0.0358393 0.0105519
5.30775 0.0360262 0.00477715
5.34641 0.0359716 -0.00141241
5.38515 0.0356788 -0.00755911
5.42627 0.0351329 -0.0132755
5.46619 0.0344269 -0.0176858
5.50682 0.0335867 -0.0206752
5.54852 0.0326678 -0.0220384
5.58936 0.0317886 -0.0215279
5.62684 0.0310578 -0.0194982
5.66435 0.0304556 -0.016056
5.70064 0.0300384 -0.0114956
5.73857 0.0298156 -0.00587529
5.77653 0.0298255 0.000262332
5.818 0.0301109 0.0068819
5.85566 0.0305788 0.012424
5.8955 0.0312586 0.0170642
5.93614 0.0320841 0.020311
5.97543 0.0329416 0.0218231
6.01536 0.0338053 0.0216344
6.05454 0.0345743 0.0196256
6.09422 0.0352079 0.0159699
6.13057 0.0356183 0.01129
6.16992 0.0358307 0.00539608
6.20881 0.0357971 -0.000863524
6.2474 0.0355224 -0.00711987
6.28633 0.0350222 -0.0128471
6.32626 0.034322 -0.0175358
6.36623 0.0334914 -0.0207822
6.40655 0.0325867 -0.02244
6.44732 0.0316768 -0.0223165
6.48548 0.0308927 -0.0205467
6.52405 0.0302286 -0.0172178
6.55959 0.0297723 -0.0128415
6.59776 0.0294962 -0.00723082
6.6358 0.029456 -0.00105819
6.67607 0.029683 0.00563727
6.71387 0.0301192 0.0115408
6.75585 0.0308229 0.0167613
6.79681 0.0316591 0.0204138
6.83593 0.0325317 0.0223063
6.87537 0.0334229 0.0225972
6.91464 0.0342489 0.0210325
6.95359 0.0349431 0.0178228
6.99076 0.0354401 0.0133706
7.02909 0.0357383 0.00778105
7.0675 0.0358017 0.00165118
7.10591 0.0356227 -0.00466296
7.14351 0.0352272 -0.0105164
7.1841 0.0345911 -0.015671
7.22369 0.0338256 -0.0193345
7.26231 0.0329955 -0.0214989
7.30306 0.0320965 -0.0220593
7.34284 0.0312696 -0.0207851
7.38052 0.0305914 -0.0180015
7.41651 0.0300868 -0.0140211
7.45617 0.029747 -0.00856857
7.49538 0.0296512 -0.00244156
7.53527 0.0298157 0.00412304
7.57434 0.0302181 0.0102985
7.61576 0.0308685 0.0157017
7.65446 0.0316257 0.0195683
7.69213 0.0324522 0.0219388
7.73122 0.0333433 0.0227929
7.77047 0.0341984 0.021791
7.80996 0.0349499 0.0190294
7.84883 0.035525 0.0147915
7.88534 0.0358776 0.00966064
7.92394 0.036017 0.00361054
7.96245 0.0359103 -0.00277166
8.00216 0.0355492 -0.00909117
8.04316 0.0349499 -0.0146146
8.08284 0.0342073 -0.0187199
8.12178 0.0333766 -0.0213308
8.16238 0.032468 -0.0223806
8.20277 0.0315976 -0.0215507
8.23961 0.0308888 -0.0192402
8.27587 0.0303226 -0.0156148
8.31343 0.0299203 -0.0107089
8.35155 0.0297347 -0.00486928
8.38983 0.0297895 0.00143237
8.43302 0.0301456 0.00824586
8.47219 0.0306839 0.0137388
8.51054 0.0313758 0.0180448
8.55084 0.0322247 0.0210634
8.59011 0.0331012 0.0223203
8.63062 0.0339847 0.0218092
8.67093 0.0347681 0.0194342
8.71073 0.0353837 0.0154682
8.74683 0.0357678 0.0106394
8.78576 0.0359504 0.00469181
8.8242 0.0358902 -0.00156684
8.86355 0.03558 -0.00788508
8.90523 0.0350104 -0.0136634
8.94523 0.034288 -0.01806
8.98598 0.0334317 -0.0210142
9.02788 0.0324971 -0.0223081
9.06885 0.0316076 -0.0217079
9.10618 0.0308755 -0.0196097
9.14348 0.030275 -0.0161027
9.18009 0.0298556 -0.0114564
9.21804 0.0296367 -0.00576574
9.25595 0.0296531 0.000430621
9.29769 0.0299514 0.00714709
9.33553 0.0304335 0.0127426
9.37538 0.031129 0.0174519
9.41619 0.0319766 0.0207668
9.45562 0.0328554 0.0222933
9.49569 0.0337418 0.0221183
9.53523 0.0345368 0.0201069
9.57497 0.0351907 0.0164511
9.6116 0.0356203 0.0117306
9.65126 0.0358499 0.00578771
9.69029 0.0358305 -0.000496755
9.72882 0.0355707 -0.00674169
9.76748 0.0350901 -0.0124323
9.80819 0.0343908 -0.0171779
9.84843 0.0335695 -0.0204109
9.88873 0.0326804 -0.0220639
9.92973 0.031781 -0.0219332
9.968 0.0310095 -0.0201595
10.0066 0.0303595 -0.0168451
10.0425 0.0299123 -0.0124544
10.0806 0.02965 -0.00688154
10.1186 0.0296208 -0.000768202
10.1592 0.029859 0.00587356
10.1971 0.0303021 0.011688
10.2392 0.0310097 0.0168103
10.2802 0.0318452 0.0203536
10.3196 0.0327159 0.0221291
10.3593 0.0336001 0.0222838
10.3987 0.0344109 0.0205785
10.438 0.0350877 0.0172209
10.4753 0.0355599 0.0126388
10.5138 0.0358274 0.00694769
10.5523 0.0358574 0.000779427
10.5908 0.0356452 -0.00552381
10.6289 0.0352123 -0.0113469
10.6701 0.0345371 -0.0163981
10.71 0.0337432 -0.0198982
10.749 0.0328906 -0.0218761
10.7897 0.0319854 -0.0222174
10.8289 0.0311701 -0.0207949
10.867 0.0304903 -0.0178479
10.9028 0.0299977 -0.0137588
10.9418 0.0296746 -0.00827877
10.9805 0.02959 -0.00218851
11.0211 0.0297714 0.00446916
11.06 0.0301831 0.0105778
11.1015 0.0308434 0.0159168
11.1408 0.0316203 0.0197378
11.1781 0.0324379 0.0219696
11.2173 0.0333307 0.0227251
11.2566 0.0341782 0.0215971
11.2959 0.0349155 0.0187492
11.3345 0.0354745 0.014467
11.3715 0.035816 0.00924253
11.4101 0.0359384 0.00316648
11.4488 0.0358146 -0.00320303
11.4877 0.0354512 -0.00933959
11.5294 0.0348336 -0.0148017
11.5689 0.0340947 -0.018729
11.6076 0.0332742 -0.0211927
11.6483 0.0323741 -0.0220962
11.689 0.0315155 -0.0211112
11.7262 0.0308232 -0.0186325
11.7624 0.0302846 -0.0148717
11.801 0.0299088 -0.00973732
11.8395 0.0297625 -0.00379764
11.8782 0.0298613 0.00255335
11.9196 0.0302372 0.00908
11.9594 0.0308153 0.0145145
11.998 0.0315356 0.0186581
12.0382 0.0323984 0.0214565
12.0773 0.0332775 0.0225285
12.1176 0.0341586 0.0218342
12.1583 0.0349433 0.0192683
12.1979 0.0355431 0.0151718
12.2339 0.0359129 0.0102583
12.2726 0.0360789 0.00429615
12.3105 0.036005 -0.0019467
12.3506 0.0356709 -0.0083369
12.3917 0.0350959 -0.0139804
12.4321 0.0343572 -0.0183258
12.4722 0.0335081 -0.0211618
12.5136 0.0325805 -0.0223846
12.5545 0.0316923 -0.0217324
12.5916 0.0309652 -0.0196066
12.6285 0.0303707 -0.0160987
12.6653 0.0299506 -0.0114124
12.7033 0.029734 -0.00569697
12.7414 0.0297533 0.000506819
12.7833 0.0300549 0.0071997
12.8212 0.0305385 0.012746
12.8609 0.0312281 0.0173775
12.9018 0.0320719 0.0206373
12.9414 0.032947 0.022101
12.9817 0.0338278 0.0218457
13.0213 0.0346109 0.019776
13.0615 0.035255 0.0160471
13.0981 0.0356695 0.0113002
13.1377 0.0358819 0.00536869
13.177 0.0358452 -0.000935682
13.2157 0.0355685 -0.00716093
13.2555 0.0350551 -0.0128729
13.2964 0.0343407 -0.0175041
13.3376 0.0334888 -0.0206354
13.3792 0.0325697 -0.0221017
13.4203 0.0316773 -0.021736
13.4584 0.0309232 -0.0197999
13.4965 0.030299 -0.0163824
13.5328 0.0298679 -0.0118655
13.5709 0.0296304 -0.00624124
13.6088 0.0296265 -0.00010177
13.65 0.0298978 0.00657365
13.688 0.0303635 0.0122708
13.7297 0.0310808 0.0172158
13.7708 0.0319285 0.0206178
13.8102 0.032805 0.0222249
13.8503 0.0336928 0.0221683
13.8898 0.0344936 0.0202705
13.9294 0.0351561 0.0167209
13.9664 0.0356019 0.0120523
14.006 0.0358462 0.00616846
14.0448 0.0358439 -5.95671e-05
14.0833 0.035601 -0.0063075
14.1217 0.0351412 -0.0119932
14.1632 0.0344408 -0.0168701
14.2038 0.033622 -0.0201712
14.2435 0.0327537 -0.0218859
14.2846 0.0318534 -0.0218978
14.3232 0.0310715 -0.0202215
14.3622 0.03041 -0.0169903
14.3982 0.0299535 -0.0126702
14.4365 0.0296798 -0.00713899
14.4748 0.0296398 -0.00104686
14.5154 0.0298671 0.00559038
14.5539 0.0303087 0.0114813
14.5961 0.0310104 0.0166368
14.6365 0.0318273 0.020211
14.6751 0.0326796 0.0220699
14.7148 0.0335671 0.0223573
14.7542 0.0343861 0.0207696
14.7937 0.0350769 0.0174937
14.8316 0.0355669 0.0129458
14.8697 0.0358472 0.00734861
14.9084 0.0358932 0.00118991
14.9469 0.035695 -0.00513792
14.9852 0.0352754 -0.0109846
15.0263 0.0346124 -0.0161056
15.0664 0.0338231 -0.0196916
15.1052 0.0329787 -0.0217383
15.1461 0.0320728 -0.0221774
15.1856 0.0312493 -0.0208217
15.2236 0.0305675 -0.0179521
15.2595 0.030068 -0.0139216
15.2988 0.0297352 -0.008472
15.3377 0.0296422 -0.00239069
15.3781 0.029813 0.00421909
15.4172 0.0302163 0.0103354
15.4587 0.0308689 0.0157065
15.4977 0.0316319 0.0195462
15.5353 0.0324522 0.0218465
15.5747 0.033345 0.0226472
15.6141 0.0341951 0.0215705
15.6538 0.0349395 0.0187531
15.6928 0.0355038 0.0144848
15.7297 0.0358471 0.00930433
15.7685 0.0359727 0.00323765
15.807 0.0358532 -0.00310008
15.8462 0.0354907 -0.00925004
15.8879 0.0348778 -0.014704
15.9275 0.0341386 -0.0186518
15.9664 0.0333189 -0.0211208
16.0072 0.0324185 -0.0220393
16.048 0.0315594 -0.0210728
16.0852 0.0308653 -0.0186282
16.1216 0.0303238 -0.0148878
16.1601 0.0299465 -0.0097962
16.1987 0.0297964 -0.00389047
16.2374 0.02989 0.00241477
16.2793 0.0302648 0.00894893
16.3194 0.0308408 0.0143754
16.3581 0.0315576 0.0185128
16.3985 0.0324181 0.0213048
16.4377 0.0332947 0.0223732
16.4783 0.0341753 0.0216804
16.5193 0.0349582 0.0191108
16.5589 0.0355534 0.0150289
16.5951 0.0359204 0.0101168
16.634 0.0360821 0.00416407
16.6719 0.0360047 -0.00204053
16.7121 0.0356667 -0.00840271
16.7532 0.0350919 -0.01399
16.7938 0.0343483 -0.0183067
16.8339 0.0335023 -0.021081
16.8755 0.0325765 -0.0222446
16.9166 0.031693 -0.0215374
16.9538 0.0309719 -0.0193652
16.9908 0.0303865 -0.0158173
17.0278 0.0299763 -0.0110956
17.0659 0.0297715 -0.00537266
17.1041 0.0298026 0.000814048
17.1468 0.0301243 0.00753291
17.1852 0.0306239 0.0130171
17.2246 0.0313152 0.0175239
17.2656 0.0321619 0.0206799
17.3054 0.033039 0.0220325
17.3461 0.0339206 0.0216661
17.3859 0.0346973 0.0194887
17.426 0.0353255 0.0156806
17.4627 0.0357263 0.0109067
17.5022 0.0359231 0.00498824
17.5411 0.0358744 -0.00125186
17.5801 0.0355833 -0.0074718
17.6217 0.0350327 -0.0132233
17.6629 0.0343036 -0.0177151
17.7039 0.0334545 -0.0206881
17.7461 0.0325258 -0.0220203
17.7874 0.0316387 -0.0214908
17.8253 0.0309016 -0.0194393
17.8631 0.0302985 -0.0159478
17.8998 0.0298821 -0.0113408
17.9379 0.0296655 -0.00568563
17.9759 0.0296829 0.000459678
18.018 0.0299839 0.00715435
18.0562 0.0304706 0.0127387
18.0966 0.031176 0.0174599
18.1377 0.03203 0.0207635
18.1774 0.0329135 0.022244
18.2179 0.0338052 0.0220337
18.2576 0.0346002 0.0200086
18.2979 0.0352564 0.0163037
18.3349 0.0356839 0.0115596
18.3747 0.0359078 0.00562317
18.414 0.035882 -0.000657284
18.4527 0.0356154 -0.00687958
18.4923 0.0351195 -0.0125427
18.5339 0.0344009 -0.0172434
18.5755 0.0335534 -0.0203753
18.6169 0.0326509 -0.0218408
18.6581 0.0317641 -0.0215147
18.6963 0.0310137 -0.0196112
18.7345 0.0303938 -0.0162353
18.7711 0.0299645 -0.0117496
18.8091 0.0297293 -0.00617657
18.8471 0.0297258 -9.00356e-05
18.8886 0.0299973 0.00654679
18.9268 0.0304632 0.0122058
18.969 0.0311871 0.0171376
19.0104 0.0320347 0.0204864
19.0501 0.0329095 0.0220314
19.0904 0.0337926 0.0219043
19.1301 0.0345843 0.019961
19.17 0.0352379 0.0163468
19.2073 0.0356709 0.0116306
19.2471 0.0358988 0.00571584
19.2862 0.0358785 -0.000519056
19.3249 0.0356177 -0.00674504
19.3639 0.0351335 -0.012404
19.4057 0.034416 -0.0171832
19.4472 0.0335686 -0.0203834
19.4878 0.0326785 -0.0219194
19.529 0.0317845 -0.0217144
19.5675 0.0310193 -0.0198935
19.606 0.0303818 -0.0165571
19.6423 0.0299414 -0.0121354
19.6804 0.0296906 -0.00657425
19.7184 0.0296721 -0.000487916
19.7596 0.0299257 0.00616006
19.7978 0.0303805 0.0119058
19.8401 0.0310976 0.0169518
19.8813 0.0319391 0.0204072
