t x vx
0.01 0.0330001 5.80526e-06
0.02 0.0330001 4.36556e-06
0.0527524 0.0329995 -1.75519e-05
0.0857089 0.032998 -4.60369e-05
0.119313 0.0329955 -7.51204e-05
0.154196 0.0329919 -0.000101761
0.189877 0.0329873 -0.000130927
0.226401 0.0329815 -0.000157299
0.263485 0.0329748 -0.000180426
0.300672 0.0329668 -0.000216559
0.337695 0.0329573 -0.000256896
0.37441 0.0329458 -0.000311957
0.410832 0.0329323 -0.000371125
0.447014 0.0329174 -0.000411418
0.48289 0.0329025 -0.000416223
0.518471 0.0328889 -0.000380664
0.553689 0.0328782 -0.000304889
0.58869 0.0328719 -0.000180005
0.623574 0.0328719 5.73556e-08
0.658378 0.0328802 0.00023818
0.693137 0.0328988 0.000536697
0.727889 0.03293 0.000896702
0.762435 0.0329753 0.00131227
0.79681 0.0330363 0.00177211
0.831032 0.0331134 0.0022545
0.865127 0.0332069 0.00274128
0.899114 0.0333159 0.00320682
0.933007 0.0334388 0.00362774
0.966822 0.0335736 0.00398527
1.00058 0.0337176 0.00426782
1.03429 0.0338676 0.00444868
1.06798 0.0340195 0.00450803
1.10164 0.0341688 0.00443669
1.13527 0.0343113 0.00423517
1.16886 0.0344426 0.00391109
1.2024 0.0345588 0.00346301
1.23587 0.0346554 0.0028882
1.26915 0.0347283 0.00218879
1.30219 0.0347737 0.001374
1.33486 0.0347889 0.000465411
1.36704 0.0347723 -0.000516331
1.39888 0.0347228 -0.00155219
1.43068 0.0346394 -0.00262588
1.46283 0.0345198 -0.0037194
1.49495 0.0343658 -0.00479227
1.52691 0.0341803 -0.0058062
1.55889 0.0339651 -0.00672718
1.59077 0.0337256 -0.00751333
1.62241 0.0334684 -0.00813153
1.65401 0.0331982 -0.00854635
1.68562 0.0329222 -0.00873092
1.71721 0.0326483 -0.00867345
1.74888 0.0323832 -0.00836928
1.78073 0.0321339 -0.00782929
1.81283 0.0319068 -0.00707306
1.84518 0.0317085 -0.00613146
1.87697 0.0315477 -0.00505831
1.90816 0.0314258 -0.00390772
1.9391 0.031342 -0.00270996
1.96988 0.0312954 -0.00151329
2.00093 0.0312842 -0.00036006
2.03223 0.0313057 0.000685951
2.06383 0.0313562 0.00159909
2.09567 0.0314314 0.00236223
2.12789 0.0315276 0.00298564
2.16019 0.0316383 0.00342757
2.19238 0.031758 0.00371748
2.22507 0.0318849 0.003882
2.25743 0.032012 0.00392705
2.28945 0.0321361 0.00387616
2.32135 0.0322568 0.00378265
2.35308 0.0323742 0.00370139
2.38503 0.0324913 0.00366527
2.41777 0.0326119 0.00368573
2.45038 0.0327347 0.00376335
2.48202 0.0328588 0.00392203
2.5134 0.0329893 0.00415741
2.54446 0.0331273 0.00444543
2.57537 0.0332734 0.00472635
2.60689 0.0334289 0.00493401
2.63837 0.0335869 0.00501921
2.66971 0.0337421 0.00495138
2.70087 0.0338884 0.00469398
2.73243 0.0340207 0.00419299
2.76421 0.0341298 0.00343225
2.79577 0.0342062 0.00242267
2.82654 0.0342443 0.00123619
2.85687 0.0342431 -3.78951e-05
2.8869 0.0342027 -0.00134755
2.91675 0.0341219 -0.00270635
2.94684 0.0339987 -0.00409384
2.97636 0.0338393 -0.00539817
3.00565 0.0336474 -0.00655116
3.03517 0.0334273 -0.00745827
3.06524 0.0331846 -0.00807124
3.09518 0.0329347 -0.00834549
3.12365 0.0326994 -0.0082672
3.15138 0.0324806 -0.00788575
3.17885 0.0322825 -0.00721291
3.20628 0.03211 -0.0062878
3.234 0.0319667 -0.00517244
3.26235 0.0318556 -0.00391697
3.2917 0.0317805 -0.0025587
3.32184 0.031746 -0.00114627
3.35156 0.0317519 0.000199015
3.38151 0.0317938 0.00139739
3.41125 0.0318652 0.00240343
3.44153 0.0319645 0.00327762
3.47287 0.0320893 0.00398247
3.50526 0.0322342 0.00447414
3.53787 0.0323869 0.00468247
3.57085 0.0325367 0.00454312
3.60377 0.0326697 0.00404004
3.63614 0.0327728 0.00318373
3.66841 0.0328392 0.0020588
3.70094 0.0328615 0.000684373
3.73422 0.0328319 -0.00088896
3.76775 0.032747 -0.0025324
3.80114 0.0326119 -0.00404461
3.83459 0.0324358 -0.00526667
3.8677 0.0322365 -0.00601698
3.89989 0.0320359 -0.00623361
3.93126 0.0318496 -0.00593757
3.96304 0.031688 -0.00508561
3.99437 0.0315734 -0.00365606
4.02502 0.0315213 -0.00170032
4.05519 0.0315416 0.000672774
4.08539 0.0316432 0.00336316
4.11643 0.031839 0.00630899
4.1479 0.0321321 0.00930987
4.17823 0.0324962 0.01201
4.20912 0.0329369 0.0142634
4.24031 0.0334316 0.0158612
4.27128 0.0339449 0.0165751
4.30231 0.0344512 0.0163177
4.3334 0.0349174 0.0149951
4.36384 0.0353012 0.0126078
4.39313 0.0355762 0.00938969
4.42168 0.0357327 0.00547901
4.45029 0.0357593 0.000929065
4.4802 0.0356306 -0.00430225
4.51028 0.0353387 -0.00970301
4.54127 0.0348766 -0.0149133
4.57245 0.0342723 -0.0193733
4.60291 0.0335808 -0.0227097
4.6331 0.032834 -0.0247296
4.66417 0.0320497 -0.0252427
4.69432 0.031318 -0.0242709
4.72446 0.0306578 -0.0219083
4.75485 0.0301023 -0.0182778
4.78539 0.0296937 -0.0133776
4.81713 0.0294654 -0.00719399
4.8492 0.0294549 -0.000328163
4.87986 0.0296509 0.00639137
4.91197 0.0300707 0.0130735
4.94179 0.0306336 0.0188778
4.97307 0.031372 0.0236097
5.0044 0.0322104 0.026759
5.03522 0.0330791 0.0281893
5.06619 0.0339439 0.027923
5.0965 0.0347379 0.0261897
5.12593 0.0354209 0.0232111
5.15446 0.0359658 0.0190992
5.18518 0.0363842 0.0136174
5.21553 0.0366125 0.00752446
5.24832 0.0366396 0.000825474
5.28102 0.0364517 -0.00574464
5.31234 0.0360947 -0.0114015
5.34471 0.0355758 -0.0160244
5.37675 0.0349634 -0.0191192
5.40875 0.0343062 -0.0205361
5.44137 0.0336484 -0.0201671
5.47207 0.0330883 -0.0182409
5.50289 0.0326318 -0.0148139
5.53251 0.0323293 -0.0102117
5.56233 0.0321956 -0.0044852
5.59498 0.0322773 0.00250409
5.62593 0.0325674 0.00936961
5.65877 0.0331002 0.016227
5.6924 0.0338433 0.022092
5.72435 0.0346827 0.0262753
5.7558 0.0355839 0.02866
5.78758 0.0365102 0.0291471
5.81936 0.0373876 0.027606
5.85123 0.0381553 0.0240913
5.88298 0.0387487 0.0186886
5.91321 0.0391112 0.0119886
5.94337 0.0392405 0.00429037
5.97552 0.0390934 -0.00457765
6.00675 0.0386766 -0.0133424
6.03813 0.0380026 -0.0214764
6.06849 0.0371445 -0.0282641
6.09918 0.0361154 -0.0335395
6.12944 0.0349985 -0.036905
6.15877 0.0338709 -0.0384439
6.18725 0.0327792 -0.0383374
6.21427 0.031782 -0.0369036
6.24327 0.0307999 -0.0338621
6.27324 0.0299274 -0.0291156
6.30523 0.0292056 -0.0225626
6.33843 0.0287203 -0.0146169
6.37097 0.0285173 -0.00624003
6.40284 0.0285803 0.0019762
6.4338 0.028875 0.00951772
6.46562 0.0293935 0.0162939
6.49778 0.0300901 0.0216628
6.52846 0.0308655 0.0252727
6.55912 0.0317021 0.027289
6.59014 0.0325586 0.0276143
6.62052 0.0333619 0.0264382
6.6502 0.0340729 0.0239567
6.67906 0.0346601 0.0203455
6.71091 0.0351463 0.0152618
6.74224 0.0354433 0.0094811
6.77571 0.0355504 0.00320189
6.80925 0.0354547 -0.00285503
6.8426 0.0351799 -0.00823859
6.87549 0.0347747 -0.0123196
6.90876 0.0342806 -0.0148523
6.94035 0.033784 -0.0157186
6.97337 0.0332945 -0.0148247
7.00579 0.0328956 -0.0123078
7.03785 0.0326289 -0.00831739
7.06832 0.0325305 -0.00322707
7.09855 0.0326176 0.00288062
7.13082 0.0329349 0.00983173
7.1628 0.0334658 0.0166019
7.1957 0.0342142 0.0227527
7.22744 0.0350891 0.0275572
7.25972 0.0360806 0.0307236
7.29115 0.0370856 0.0319733
7.32251 0.038063 0.0311595
7.35405 0.038955 0.0282846
7.38559 0.0396913 0.0233451
7.41717 0.0402104 0.0164401
7.44726 0.0404641 0.00842896
7.47657 0.0404572 -0.000235382
7.50828 0.040141 -0.00997082
7.53725 0.0395955 -0.0188301
7.56809 0.0387573 -0.027185
7.59765 0.0377543 -0.0339209
7.62735 0.0365946 -0.0390594
7.65615 0.0353729 -0.0424172
7.6842 0.0341342 -0.0441589
7.71008 0.0329811 -0.0445478
7.73938 0.0317084 -0.0434421
7.76824 0.0305315 -0.0407832
7.79813 0.0294368 -0.0366268
7.82995 0.0284548 -0.030858
7.86317 0.0276683 -0.0236726
7.89664 0.0271416 -0.0157387
7.9301 0.0268865 -0.00762395
7.96332 0.0268865 5.42569e-07
7.99577 0.0271106 0.00690651
8.02674 0.0274973 0.0124861
8.05807 0.0280272 0.0169148
8.08919 0.0286485 0.0199631
8.1211 0.0293382 0.0216082
8.15222 0.0300209 0.0219445
8.18281 0.030669 0.0211799
8.21179 0.0312338 0.0194927
8.24357 0.0317697 0.0168661
8.2746 0.0321933 0.0136489
8.30839 0.0325284 0.00991756
8.34286 0.0327413 0.00617515
8.37724 0.032841 0.00290008
8.41227 0.0328572 0.000462074
8.4465 0.032829 -0.000823047
8.48149 0.0328024 -0.000759901
8.51465 0.0328252 0.000687544
8.54884 0.0329495 0.00363485
8.58104 0.0331985 0.00773356
8.61285 0.0336042 0.0127551
8.64569 0.0342045 0.0182813
8.67703 0.0349426 0.0235478
8.7101 0.0358792 0.0283247
8.74233 0.0369053 0.0318383
8.77385 0.0379717 0.0338348
8.80463 0.0390238 0.0341745
8.83525 0.0400247 0.0326892
8.86619 0.0409275 0.0291804
8.89796 0.0416748 0.0235216
8.92979 0.0421789 0.0158354
8.96154 0.0423902 0.00665625
8.99222 0.0422923 -0.00319346
9.02167 0.0419075 -0.0130639
9.05225 0.0412058 -0.0229498
9.08039 0.0403288 -0.0311565
9.10844 0.0392608 -0.0380882
9.13665 0.0380308 -0.043593
9.16422 0.0367198 -0.0475466
9.19045 0.0354038 -0.0501855
9.21683 0.0340416 -0.0516213
9.24516 0.0325745 -0.0517958
9.2732 0.0311534 -0.0506792
9.30258 0.0297381 -0.0481695
9.33233 0.0284155 -0.0444615
9.36312 0.0271981 -0.0395334
9.39476 0.0261362 -0.0335685
9.42756 0.0252627 -0.0266281
9.46165 0.0246155 -0.0189897
9.4951 0.0242293 -0.011541
9.52657 0.0240714 -0.0050174
9.56008 0.0241088 0.00111405
9.59334 0.0243093 0.00602896
9.62572 0.024622 0.00965795
9.65834 0.0250192 0.0121749
9.69088 0.0254634 0.0136528
9.72239 0.0259131 0.0142711
9.75196 0.0263327 0.0141888
9.78406 0.0267713 0.013664
9.81505 0.0271667 0.0127608
9.84925 0.0275648 0.0116391
9.88432 0.0279315 0.0104576
9.91922 0.0282654 0.00956588
9.95393 0.0285853 0.00921645
9.98815 0.0289136 0.00959277
10.0221 0.0292802 0.0107992
10.0557 0.0297132 0.0128896
10.0891 0.0302443 0.0158867
10.1222 0.0308963 0.0197148
10.1552 0.0316932 0.0241773
10.1873 0.0326212 0.0288339
10.219 0.0336744 0.0332236
10.2505 0.0348387 0.0369544
10.2818 0.0360754 0.0396351
10.3121 0.0373208 0.0410118
10.3421 0.0385486 0.0409482
10.372 0.0397247 0.0393285
10.402 0.0408028 0.0359928
10.4321 0.041734 0.030932
10.4632 0.0424807 0.0240077
10.4947 0.0429632 0.0153084
10.5257 0.0431402 0.00569664
10.5566 0.0430045 -0.00439431
10.5867 0.0425799 -0.014105
10.6159 0.0419095 -0.0230075
10.6444 0.0410347 -0.0306338
10.6728 0.0399868 -0.0369017
10.7001 0.0388491 -0.0416778
10.7265 0.037658 -0.0451959
10.7521 0.0364333 -0.0476981
10.78 0.0350635 -0.0492025
10.8083 0.0336621 -0.0494853
10.8374 0.0322463 -0.0486951
10.8673 0.0308466 -0.0468113
10.8977 0.0295098 -0.043967
10.9288 0.0282585 -0.0401954
10.9606 0.0271259 -0.035654
10.9932 0.026131 -0.0305028
11.0267 0.0252976 -0.0248742
11.0612 0.0246412 -0.0190002
11.0953 0.0241834 -0.0134451
11.1298 0.0238909 -0.00848888
11.1639 0.0237426 -0.00433615
11.1985 0.0237107 -0.000925895
11.2317 0.0237643 0.00161202
11.2647 0.0238768 0.00341104
11.2981 0.024034 0.00470873
11.3295 0.0242124 0.00567101
11.3623 0.0244289 0.00661501
11.3944 0.0246741 0.0076311
11.4292 0.0249925 0.00914403
11.4634 0.0253711 0.0110748
11.4969 0.0258261 0.0135855
11.5298 0.0263778 0.0167489
11.5626 0.0270494 0.0205231
11.5948 0.0278536 0.0249158
11.6269 0.028808 0.0297966
11.6582 0.0298985 0.034761
11.689 0.0311162 0.0395872
11.7191 0.032436 0.043869
11.7487 0.0338348 0.0472433
11.7776 0.0352692 0.0496039
11.8066 0.0367395 0.0507466
11.8353 0.0381912 0.0505642
11.864 0.0395949 0.048996
11.8927 0.0409179 0.0460301
11.9218 0.0421235 0.0414334
11.9515 0.0431672 0.0351225
11.9823 0.0440009 0.0270583
12.0143 0.0445549 0.0173467
12.046 0.0447797 0.00707329
12.077 0.0446884 -0.00294469
12.1077 0.0443126 -0.0122713
12.1362 0.0437376 -0.0201404
12.165 0.0429664 -0.0268227
12.1933 0.0420548 -0.0321296
12.2213 0.0410433 -0.036222
12.2467 0.0400456 -0.0392064
12.2745 0.0388886 -0.041619
12.3028 0.0376678 -0.0431003
12.3327 0.0363632 -0.0437421
12.3633 0.0350342 -0.043438
12.3947 0.0337045 -0.0423478
12.4262 0.0324207 -0.0406407
12.4583 0.03119 -0.0384081
12.4906 0.0300321 -0.0358119
12.5234 0.0289498 -0.0330095
12.5567 0.0279473 -0.0301237
12.5904 0.0270255 -0.0273338
12.6246 0.02618 -0.024757
12.659 0.0254047 -0.0225191
12.6936 0.0246894 -0.0206508
12.7283 0.0240256 -0.0191423
12.7629 0.0234082 -0.0178581
12.7974 0.0228334 -0.0166554
12.8319 0.0223053 -0.0153232
12.8659 0.0218398 -0.0136786
12.8991 0.0214565 -0.0115413
12.9315 0.0211737 -0.00873949
12.9631 0.0210126 -0.00508325
12.9943 0.0209955 -0.00054956
13.0248 0.0211449 0.00489457
13.0549 0.0214823 0.011202
13.0844 0.0220202 0.0182332
13.1134 0.0227688 0.0258205
13.1423 0.0237406 0.0336852
13.1715 0.0249575 0.0416087
13.1998 0.0263411 0.0488404
13.2274 0.0278573 0.0550178
13.2543 0.0294713 0.0600347
13.2802 0.0311325 0.0639472
13.3061 0.0328619 0.0667818
13.332 0.0346323 0.0685742
13.3582 0.0364533 0.0693462
13.3849 0.0382948 0.0690643
13.4115 0.0401009 0.0678367
13.4383 0.0418605 0.0656411
13.4651 0.043531 0.0623762
13.4921 0.0450951 0.0578903
13.5194 0.0465198 0.0522675
13.5471 0.0477754 0.0452413
13.5755 0.0488188 0.0367402
13.6047 0.0496072 0.027023
13.6351 0.0501072 0.0164605
13.6474 0.0502563 0.01207
13.6597 0.0503526 0.00783613
13.6718 0.0503981 0.00377112
13.6837 0.0503973 -6.78637e-05
13.6956 0.0503535 -0.00369872
13.7071 0.0502726 -0.00699563
13.7186 0.0501576 -0.0100176
13.7298 0.0500156 -0.01272
13.7577 0.0494876 -0.0188974
13.7851 0.0488311 -0.0240187
13.8102 0.048119 -0.0282674
13.8373 0.0472406 -0.0325151
13.8661 0.0461792 -0.0368268
13.8956 0.0449661 -0.0411079
13.9246 0.0436561 -0.0451941
13.9536 0.0422269 -0.0492806
13.9824 0.0406929 -0.0532739
14.0107 0.0390754 -0.0570538
14.0387 0.037382 -0.0606086
14.0664 0.0356124 -0.0638885
14.0937 0.0337818 -0.0668812
14.1212 0.0318754 -0.0694615
14.1483 0.0299356 -0.0714465
14.1751 0.0279854 -0.0728178
14.2014 0.0260518 -0.0734748
14.2275 0.0241416 -0.0732826
14.2532 0.0222879 -0.0721442
14.2787 0.0205001 -0.0699717
14.3039 0.0188207 -0.0666573
14.329 0.0172675 -0.0619525
14.3541 0.0158713 -0.055655
14.3642 0.0153351 -0.0532692
14.3742 0.0148185 -0.0512493
14.3831 0.0143795 -0.0492882
14.3923 0.0139493 -0.046888
14.4013 0.0135514 -0.0441411
14.4103 0.0131838 -0.0409752
14.4193 0.0128484 -0.0373709
14.4283 0.0125472 -0.0333535
14.4374 0.0122839 -0.0288555
