t x vx
0.01 0.033003 0.000304755
0.02 0.0330092 0.000617625
0.0530922 0.0330611 0.00156895
0.0864481 0.0331465 0.00256036
0.12067 0.0332696 0.00359559
0.155899 0.0334336 0.00465459
0.191605 0.0336364 0.00567949
0.228037 0.0338748 0.00654349
0.264844 0.0341406 0.00722282
0.301114 0.0344164 0.00760467
0.336666 0.0346925 0.00776559
0.369212 0.0349441 0.00773064
0.404313 0.0352042 0.0074101
0.439046 0.0354388 0.0067543
0.473019 0.0356391 0.00589618
0.506613 0.0358033 0.00488774
0.54034 0.0359274 0.00367864
0.573739 0.0360055 0.00233804
0.606794 0.0360342 0.000868748
0.639582 0.0360109 -0.000710767
0.672103 0.0359343 -0.0023563
0.704649 0.0358058 -0.00394726
0.737247 0.0356272 -0.00547937
0.769991 0.0354015 -0.00689324
0.802977 0.0351347 -0.00808585
0.836246 0.0348376 -0.00893264
0.869796 0.0345248 -0.00932169
0.903417 0.0342167 -0.00916316
0.936727 0.0339349 -0.00846046
0.969701 0.0336948 -0.00728085
1.00229 0.0335087 -0.00571326
1.03393 0.0333866 -0.00385641
1.06469 0.0333303 -0.00183187
1.09575 0.0333386 0.000266965
1.1269 0.0334108 0.00231735
1.15737 0.0335389 0.00420467
1.18767 0.0337149 0.0058095
1.21795 0.0339261 0.00697297
1.24812 0.0341543 0.00756569
1.27812 0.0343787 0.00747941
1.30836 0.0345807 0.00667839
1.33905 0.0347399 0.00518615
1.3705 0.0348325 0.00294525
1.40148 0.0348329 1.34185e-05
1.43097 0.0347374 -0.00323648
1.46137 0.0345319 -0.00676147
1.49116 0.0342253 -0.0102894
1.52046 0.0338321 -0.0134194
1.54967 0.0333662 -0.0159538
1.57838 0.0328588 -0.0176726
1.6072 0.032328 -0.018418
1.63534 0.0318176 -0.018137
1.66325 0.0313479 -0.0168261
1.69103 0.0309467 -0.0144399
1.71847 0.0306416 -0.0111219
1.74606 0.0304515 -0.00688886
1.77512 0.0304046 -0.00161692
1.80488 0.0305305 0.00423154
1.83465 0.0308297 0.0100492
1.86411 0.0312839 0.015419
1.89459 0.0318883 0.0198344
1.92547 0.0325929 0.0228116
1.95625 0.0333361 0.0241442
1.98637 0.0340511 0.0237401
2.01667 0.0347053 0.0215918
2.04632 0.0352349 0.0178635
2.07504 0.0356052 0.0128916
2.10287 0.0358004 0.00701438
2.13172 0.0358061 0.000197477
2.16128 0.0355982 -0.00703179
2.19194 0.0351671 -0.0140623
2.22302 0.0345489 -0.0198936
2.25452 0.0337844 -0.0242709
2.285 0.0329717 -0.026656
2.31558 0.0321445 -0.027058
2.34617 0.0313676 -0.0253982
2.37505 0.0307347 -0.0219144
2.40311 0.0302588 -0.0169596
2.43231 0.0299577 -0.0103065
2.46134 0.0298802 -0.00267266
2.49144 0.030049 0.00560772
2.51921 0.030418 0.0132907
2.5491 0.0310317 0.0205296
2.57742 0.0317707 0.0260976
2.60792 0.0326917 0.0301948
2.63765 0.0336439 0.0320319
2.66703 0.0345767 0.0317464
2.69534 0.0354083 0.0293748
2.72328 0.036112 0.0251882
2.75277 0.0366693 0.0188964
2.78072 0.0369905 0.0114903
2.8094 0.0370825 0.00320871
2.83819 0.0369266 -0.00541556
2.86822 0.0365043 -0.0140641
2.89658 0.0359035 -0.0211877
2.92747 0.035067 -0.0270738
2.9559 0.0341948 -0.0306798
2.98496 0.0332545 -0.0323615
3.01379 0.0323377 -0.0317994
3.04214 0.0315089 -0.029235
3.06844 0.0308506 -0.0250244
3.09587 0.0303251 -0.0191636
3.12452 0.0299892 -0.0117245
3.15348 0.029894 -0.00328664
3.18197 0.0300418 0.00519135
3.21065 0.0304266 0.0134125
3.2405 0.0310454 0.0207296
3.26845 0.0317787 0.0262431
3.29909 0.0327072 0.0302985
3.32885 0.0336605 0.0320347
3.35852 0.0345984 0.031609
3.38699 0.0354249 0.0290281
3.41545 0.036125 0.0246062
3.44547 0.036667 0.0180564
3.47442 0.0369655 0.0103096
3.50409 0.0370166 0.0017205
3.53284 0.0368184 -0.00689207
3.56427 0.0363247 -0.01571
3.5926 0.0356851 -0.0225747
3.6232 0.0348244 -0.0281292
3.65173 0.0339271 -0.0314499
3.68142 0.0329534 -0.0327932
3.71048 0.0320287 -0.0318276
3.73873 0.0312119 -0.0289141
3.76526 0.0305656 -0.0243507
3.79286 0.0300637 -0.0181922
3.82155 0.0297622 -0.0105043
3.85082 0.0297063 -0.00191214
3.87987 0.0299014 0.00671893
3.90738 0.0303031 0.0145968
3.93786 0.0309695 0.0218655
3.96644 0.0317457 0.0271576
3.9971 0.0326897 0.0307869
4.02665 0.0336385 0.0321158
4.05593 0.0345552 0.0313116
4.08417 0.0353577 0.0284115
4.11269 0.0360314 0.0236235
4.14201 0.0365293 0.0169804
4.17072 0.0367942 0.00922555
4.20099 0.0368088 0.000480438
4.22883 0.03659 -0.00785943
4.25995 0.0360784 -0.0164393
4.28827 0.0354247 -0.0230778
4.31875 0.0345603 -0.0283632
4.34756 0.0336538 -0.0314698
4.3775 0.0326799 -0.0325288
4.40659 0.0317692 -0.0313023
4.43442 0.0309848 -0.0281899
4.46128 0.0303566 -0.0233839
4.489 0.0298843 -0.0170347
4.51744 0.0296211 -0.00925898
4.54689 0.0296036 -0.000593133
4.57648 0.0298461 0.00819644
4.60399 0.0302858 0.0159794
4.63417 0.0309813 0.0230499
4.6629 0.0317899 0.0281382
4.69354 0.0327534 0.0314484
4.72296 0.0337072 0.0324273
4.75185 0.0346116 0.0312978
4.77982 0.0353983 0.028124
4.80833 0.036055 0.0230361
4.83708 0.0365213 0.0162189
4.86566 0.0367596 0.00834006
4.89608 0.0367433 -0.000537367
4.92356 0.0365018 -0.00878965
4.95466 0.0359658 -0.0172346
4.9838 0.0352722 -0.0237973
5.01393 0.0344075 -0.0287049
5.04388 0.033464 -0.0314995
5.07346 0.0325151 -0.0320794
5.10247 0.0316309 -0.0304742
5.1296 0.030896 -0.0270885
5.15713 0.0302928 -0.021917
5.18527 0.0298643 -0.0152227
5.21367 0.0296567 -0.00731095
5.24382 0.0297026 0.00152331
5.27405 0.0300156 0.0103525
5.3039 0.0305606 0.0182565
5.33391 0.0313061 0.0248463
5.36419 0.0322017 0.02958
5.39384 0.0331538 0.032101
5.4238 0.034125 0.032424
5.4524 0.0349996 0.0305707
5.4804 0.0357513 0.0268564
5.50958 0.0363657 0.0210552
5.53786 0.0367573 0.013846
5.56667 0.0369211 0.00568321
5.59586 0.0368325 -0.00303621
5.62647 0.0364677 -0.0119149
5.65645 0.0358772 -0.0196964
5.68655 0.0350991 -0.0258545
5.71642 0.0342038 -0.0299699
5.74658 0.0332405 -0.0319389
5.77576 0.032317 -0.0316523
5.8048 0.0314669 -0.0292663
5.83136 0.0307962 -0.0252578
5.85918 0.0302523 -0.0195506
5.88817 0.0298983 -0.0122082
5.91708 0.0297862 -0.00387861
5.94643 0.0299264 0.00477779
5.97658 0.0303284 0.0133362
6.00648 0.0309483 0.0207258
6.0351 0.0317044 0.0264207
6.06583 0.0326427 0.0305388
6.09545 0.0336013 0.0323583
6.12542 0.0345612 0.0320341
6.15409 0.0354088 0.0295628
6.18267 0.0361297 0.0252192
6.21303 0.0366975 0.0187073
6.24207 0.0370164 0.0109793
6.27168 0.0370884 0.00243147
6.30076 0.036907 -0.0062398
6.33111 0.036456 -0.0148619
6.35969 0.0358312 -0.0218622
6.39089 0.034971 -0.02757
6.41973 0.0340787 -0.0309342
6.44929 0.0331238 -0.0323072
6.47852 0.0322065 -0.0313844
6.50703 0.0313944 -0.0284849
6.53368 0.0307565 -0.0239348
6.56139 0.0302632 -0.0177989
6.59015 0.0299706 -0.0101762
6.6195 0.0299217 -0.00166687
6.64873 0.0301227 0.00687856
6.67638 0.0305282 0.0146635
6.70682 0.0311918 0.0218035
6.73555 0.0319673 0.0269925
6.76685 0.0329222 0.0305094
6.79659 0.0338638 0.0316571
6.82606 0.0347679 0.0306831
6.85456 0.035556 0.0276469
6.88332 0.0362088 0.0227043
6.91266 0.0366778 0.0159819
6.94139 0.0369137 0.00821246
6.972 0.0368951 -0.000607193
6.99974 0.0366486 -0.0088853
7.03093 0.0361068 -0.0173685
7.06006 0.035408 -0.0239939
7.09036 0.0345291 -0.0290075
7.12008 0.0335822 -0.031854
7.14988 0.0326126 -0.0325366
7.17888 0.0317127 -0.0310265
7.2063 0.0309527 -0.0277184
7.23356 0.0303348 -0.0226715
7.26164 0.0298832 -0.0160816
7.29021 0.0296487 -0.00821017
7.3201 0.0296645 0.000529245
7.35001 0.0299426 0.00929956
7.37933 0.0304467 0.0171918
7.40965 0.031174 0.0239879
7.43982 0.0320451 0.0288657
7.46986 0.0329943 0.0316023
7.49978 0.0339566 0.0321603
7.52851 0.034835 0.0305774
7.55667 0.0355979 0.0270908
7.58581 0.0362266 0.0215781
7.61412 0.0366403 0.0146099
7.64281 0.0368307 0.0066359
7.67335 0.036762 -0.00224867
7.70397 0.0364229 -0.0110719
7.73461 0.0358413 -0.0189851
7.76457 0.035086 -0.0252035
7.79481 0.0341948 -0.0294723
7.8252 0.0332362 -0.0315511
7.85441 0.0323191 -0.0313871
7.88359 0.03147 -0.0291004
7.91042 0.0307953 -0.0251491
7.93857 0.0302477 -0.019456
7.96753 0.0298952 -0.0121708
7.99646 0.0297826 -0.00388955
8.02585 0.0299214 0.00472169
8.05621 0.0303245 0.0132802
8.08613 0.0309424 0.0206487
8.11491 0.0317005 0.0263421
8.14566 0.0326367 0.0304476
8.17539 0.0335959 0.0322578
8.20538 0.0345533 0.0319318
8.23407 0.0353998 0.0294963
8.26271 0.0361203 0.0251596
8.29306 0.0366875 0.0186911
8.32219 0.0370076 0.01099
8.35188 0.0370805 0.00245547
8.38122 0.0368976 -0.00623742
8.4115 0.0364491 -0.0148074
8.44017 0.0358245 -0.0217901
8.47147 0.0349643 -0.0274816
8.50044 0.0340716 -0.0308198
8.53008 0.0331184 -0.0321517
8.55942 0.0322032 -0.0312
8.58799 0.0313955 -0.0282709
8.61473 0.0307616 -0.0237
8.64253 0.0302739 -0.0175503
8.67131 0.0299876 -0.00994261
8.70077 0.0299449 -0.00145149
8.73045 0.0301571 0.00714859
8.7581 0.0305676 0.0148478
8.78879 0.0312414 0.0219565
8.81749 0.0320178 0.0270464
8.84871 0.0329686 0.0304594
8.87863 0.0339115 0.0315175
8.90813 0.03481 0.0304499
8.93672 0.035592 0.0273489
8.96558 0.0362366 0.0223375
8.99484 0.0366925 0.0155851
9.02353 0.0369167 0.00781395
9.05435 0.0368845 -0.00104537
9.08236 0.0366226 -0.00935181
9.11346 0.0360713 -0.0177263
9.14319 0.0353477 -0.0243379
9.17364 0.034459 -0.0291884
9.20379 0.0334987 -0.0318411
9.2336 0.032536 -0.0323014
9.26271 0.0316459 -0.0305751
9.29001 0.0309057 -0.0271118
9.31765 0.0303011 -0.0218763
9.34601 0.0298731 -0.0150893
9.37472 0.0296691 -0.00710752
9.40506 0.029721 0.00171051
9.43584 0.0300467 0.0105826
9.46592 0.0305998 0.0183844
9.4962 0.0313519 0.0248414
9.5268 0.0322533 0.0294522
9.55672 0.0332043 0.0317863
9.58698 0.034171 0.0319514
9.61576 0.0350338 0.0299724
9.64413 0.0357742 0.0261013
9.6739 0.0363741 0.0201549
9.70224 0.0367406 0.0129301
9.73122 0.0368786 0.00476243
9.76128 0.0367571 -0.00404332
9.79094 0.0363846 -0.0125605
9.82077 0.0357847 -0.0201108
9.85176 0.0349741 -0.0261532
9.8819 0.0340706 -0.0299727
9.91226 0.0331101 -0.0316359
9.94184 0.0321924 -0.0310308
9.97113 0.0313624 -0.0283349
9.99786 0.0307196 -0.0240471
10.0257 0.0302141 -0.0181313
10.0547 0.0299056 -0.0106711
10.0839 0.0298382 -0.00230727
10.1125 0.0300134 0.00610558
10.1411 0.0304175 0.0141512
10.1713 0.031064 0.021384
10.1998 0.0318271 0.0267653
10.2311 0.0327812 0.0305679
10.2609 0.0337368 0.0319908
10.2908 0.0346731 0.0312947
10.3195 0.0354916 0.0285298
10.3483 0.0361769 0.0238521
10.3783 0.0366938 0.0172182
10.4073 0.0369688 0.00946552
10.4376 0.0369929 0.000796933
10.4659 0.0367769 -0.00761907
10.4975 0.036264 -0.0162271
10.526 0.0356137 -0.0228609
10.5567 0.0347503 -0.0281356
10.5856 0.0338495 -0.0311684
10.6158 0.0328785 -0.0321623
10.6451 0.031972 -0.0308894
10.6731 0.0311948 -0.0277438
10.7002 0.0305738 -0.0229263
10.7281 0.0301107 -0.0165938
10.7567 0.0298556 -0.00891599
10.7865 0.029845 -0.000355574
10.8165 0.030094 0.00830543
10.8442 0.0305343 0.0158949
10.8749 0.0312373 0.0228623
10.9037 0.0320374 0.0277697
10.9345 0.0329882 0.0308739
10.9648 0.0339469 0.0316741
10.9941 0.0348358 0.0303197
11.0227 0.0356078 0.0270279
11.0517 0.0362391 0.0217768
11.0805 0.0366695 0.0149224
11.1092 0.0368724 0.00707058
11.1405 0.0368135 -0.00188235
11.1706 0.0364942 -0.0105927
11.2015 0.0359178 -0.0186239
11.2316 0.0351688 -0.0249406
11.2622 0.0342704 -0.0293696
11.2927 0.0333062 -0.0315627
11.3222 0.032375 -0.0315452
11.3515 0.0315133 -0.0294048
11.3786 0.0308208 -0.0256066
11.407 0.0302532 -0.019995
11.4359 0.0298822 -0.0128377
11.4649 0.0297479 -0.00463209
11.495 0.0298712 0.00408997
11.5255 0.0302562 0.0126539
11.5555 0.0308604 0.0200897
11.5847 0.0316169 0.0259058
11.6156 0.0325451 0.0300845
11.6457 0.0335075 0.0319571
11.6758 0.0344624 0.031707
11.7047 0.0353109 0.029341
11.7335 0.0360327 0.025054
11.764 0.0366013 0.0186723
11.7931 0.0369236 0.0110756
11.8229 0.0370011 0.0026026
11.8525 0.0368216 -0.00606359
11.8825 0.0363862 -0.0144965
11.9114 0.0357647 -0.0214761
11.9429 0.0349093 -0.027156
11.9722 0.034018 -0.0304483
12.002 0.0330721 -0.0317176
12.0316 0.0321639 -0.0307421
12.0603 0.0313658 -0.0277731
12.0872 0.0307421 -0.0231741
12.1152 0.0302668 -0.0170028
12.144 0.0299952 -0.00941896
12.1736 0.0299662 -0.000985029
12.2037 0.0301961 0.00763803
12.2313 0.0306163 0.0152125
12.2623 0.0313075 0.0222573
12.2912 0.0320933 0.0272334
12.3222 0.0330377 0.0304684
12.3527 0.0339947 0.0313729
12.3822 0.0348839 0.0301209
12.4109 0.0356573 0.0269264
12.44 0.03629 0.0217822
12.4691 0.0367264 0.0149875
12.4978 0.0369331 0.00720387
12.529 0.03688 -0.00170059
12.5582 0.0365823 -0.0102071
12.5892 0.0360138 -0.0183465
12.6192 0.0352681 -0.0247932
12.6501 0.0343616 -0.0293827
12.6807 0.0333911 -0.0317059
12.7105 0.0324427 -0.0318306
12.7398 0.0315694 -0.0298081
12.767 0.0308593 -0.026123
12.7953 0.0302759 -0.0206148
12.824 0.0298857 -0.0135577
12.853 0.0297286 -0.00542732
12.8841 0.0298373 0.00348997
12.9147 0.0302085 0.0121266
12.9449 0.0308007 0.0196448
12.9744 0.0315554 0.0255747
13.0053 0.0324779 0.0298294
13.0356 0.0334416 0.0317727
13.0658 0.0343949 0.0315879
13.0949 0.0352457 0.0293009
13.1238 0.0359706 0.0250876
13.1542 0.0365433 0.0188039
13.1833 0.0368713 0.0112936
13.213 0.0369569 0.00287515
13.243 0.0367818 -0.00583756
13.2726 0.0363636 -0.0141501
13.3018 0.0357426 -0.0212093
13.3335 0.03489 -0.0269314
13.363 0.0339975 -0.0302467
13.393 0.0330532 -0.0315306
13.4226 0.032147 -0.0305705
13.4515 0.03135 -0.027604
13.4785 0.030729 -0.023012
13.5065 0.0302567 -0.0168378
13.5354 0.029989 -0.00926038
13.5649 0.0299634 -0.000869496
13.595 0.0301967 0.00773875
13.6227 0.0306188 0.0152835
13.6538 0.031314 0.0223217
13.6827 0.0321025 0.0272791
13.7137 0.0330478 0.0304824
13.7445 0.0340134 0.0313535
13.7741 0.0349018 0.0300711
13.8028 0.035675 0.0268606
13.832 0.0363068 0.0216956
13.861 0.0367404 0.0149081
13.8898 0.0369453 0.00713359
13.9211 0.0368899 -0.00176887
13.9506 0.0365854 -0.0103259
13.9815 0.036015 -0.0184077
14.0117 0.0352677 -0.0248095
14.0426 0.0343589 -0.0293389
14.0733 0.0333901 -0.0315945
14.1031 0.0324465 -0.0316543
14.1325 0.0315778 -0.029575
14.1597 0.0308745 -0.0258462
14.1881 0.0302971 -0.0203069
14.217 0.0299151 -0.0132279
14.246 0.0297677 -0.00508033
14.2768 0.0298816 0.00371033
14.3074 0.030259 0.012302
14.3376 0.0308553 0.0197494
14.3672 0.0316119 0.0256007
14.3981 0.0325338 0.0297674
14.4287 0.0335009 0.031626
14.4589 0.0344473 0.0313405
14.488 0.0352899 0.0289643
14.517 0.0360042 0.0246572
14.5474 0.0365618 0.018324
14.5766 0.0368763 0.0107679
14.6066 0.0369454 0.00231039
14.636 0.0367611 -0.00625478
14.6667 0.0363105 -0.0147053
14.6956 0.0356849 -0.0215913
14.7272 0.034827 -0.0271794
14.7565 0.0339382 -0.0303812
14.7865 0.0329905 -0.031595
