t x vx
0.01 0.0329922 -0.00077539
0.02 0.032975 -0.0017281
0.0523071 0.032829 -0.00451748
0.0847411 0.03259 -0.00736868
0.117796 0.032252 -0.0102266
0.15214 0.0318058 -0.0129903
0.18709 0.0312662 -0.0154393
0.222568 0.0306537 -0.0172661
0.257519 0.0300167 -0.0182262
0.292271 0.0293837 -0.0182121
0.326868 0.0287881 -0.0172169
0.361206 0.0282679 -0.0151501
0.394676 0.027864 -0.0120653
0.4283 0.0275925 -0.0080758
0.460274 0.0274806 -0.00350123
0.490971 0.0275284 0.00155802
0.521757 0.02775 0.00719694
0.552153 0.0281638 0.0136143
0.583014 0.0287812 0.0200067
0.613778 0.0295816 0.0260177
0.643145 0.0304987 0.031229
0.672773 0.031545 0.0353136
0.701178 0.0326338 0.038331
0.729583 0.033775 0.0401783
0.758044 0.0349317 0.0406394
0.786833 0.0360719 0.0396053
0.815907 0.0371511 0.0371215
0.846025 0.0381423 0.032909
0.876422 0.0389679 0.0271601
0.906362 0.0395674 0.0200232
0.933978 0.0399114 0.0124586
0.963912 0.0400271 0.00386541
0.992667 0.0398929 -0.00466852
1.02175 0.0395213 -0.0127752
1.05011 0.0389644 -0.0196369
1.07816 0.0382635 -0.0249906
1.1056 0.0374769 -0.0286631
1.13231 0.0366583 -0.0306527
1.15768 0.0358698 -0.0310799
1.18363 0.035088 -0.0301265
1.20964 0.0343645 -0.0278123
1.23699 0.0337071 -0.0240369
1.26595 0.0331666 -0.0186658
1.29463 0.0328131 -0.0123246
1.32437 0.0326546 -0.00532876
1.35352 0.0327056 0.00174791
1.38307 0.0329547 0.00843135
1.41375 0.0333922 0.014258
1.44482 0.0339688 0.0185614
1.47627 0.0346286 0.0209816
1.50672 0.035279 0.021355
1.53745 0.0358835 0.0196723
1.5684 0.0363752 0.0158862
1.59956 0.0366932 0.0102058
1.6297 0.036791 0.00324323
1.65868 0.0366621 -0.00444503
1.68938 0.0362669 -0.0128734
1.71924 0.0356467 -0.0207696
1.74906 0.034825 -0.0275575
1.77838 0.0338645 -0.0327605
1.80724 0.0328215 -0.0361335
1.83548 0.0317615 -0.0375383
1.86479 0.0306806 -0.0368802
1.89322 0.0297085 -0.0341942
1.92031 0.0288987 -0.0298855
1.94932 0.0282161 -0.0235317
1.97903 0.0277558 -0.0154955
2.00928 0.0275734 -0.00602805
2.03915 0.0276845 0.00371966
2.0678 0.0280547 0.0129193
2.09668 0.0286647 0.0211219
2.12577 0.0294795 0.0280112
2.1552 0.0304579 0.0332469
2.18401 0.0315058 0.0363666
2.21243 0.0325714 0.0374966
2.23998 0.0335865 0.036847
2.26789 0.0345443 0.034316
2.29607 0.0353878 0.0299342
2.3241 0.0360624 0.0240629
2.35389 0.0365562 0.0165755
2.38421 0.0368072 0.00827958
2.41676 0.0367787 -0.000873743
2.44692 0.0365004 -0.00922937
2.47787 0.0359829 -0.0167201
2.50899 0.0352774 -0.0226686
2.54009 0.0344495 -0.0266221
2.57048 0.0335852 -0.028441
2.6009 0.032729 -0.028149
2.63005 0.0319737 -0.0259127
2.65773 0.0313646 -0.0219996
2.68653 0.0308934 -0.0163606
2.71493 0.030627 -0.00938102
2.7452 0.0305905 -0.00120477
2.77551 0.0308109 0.00727205
2.80329 0.0312266 0.0149654
2.8337 0.0319023 0.0222186
2.86209 0.032687 0.0276403
2.89286 0.0336544 0.0314419
2.92205 0.0346176 0.0329939
2.95184 0.0355822 0.0323811
2.98094 0.0364432 0.0295805
3.00964 0.0371556 0.0248294
3.03927 0.0376893 0.0180088
3.06791 0.0379775 0.0100624
3.09777 0.0380078 0.00101553
3.12573 0.0377855 -0.00795243
3.15627 0.0372571 -0.0172959
3.18508 0.0365376 -0.0249759
3.21475 0.0356134 -0.0311509
3.24338 0.034604 -0.0352561
3.27254 0.0335142 -0.0373719
3.30078 0.0324594 -0.0373486
3.32757 0.0315058 -0.0356051
3.3542 0.0306505 -0.0321139
3.38175 0.0299115 -0.0268238
3.41006 0.0293481 -0.0199025
3.43945 0.0290082 -0.0115618
3.47076 0.0289389 -0.00221298
3.50123 0.0291501 0.00692794
3.5301 0.0295862 0.0151118
3.56094 0.0302783 0.0224375
3.59123 0.031122 0.0278546
3.62163 0.0320705 0.031199
3.65107 0.0330259 0.0324514
3.67986 0.03394 0.0317512
3.70841 0.0347693 0.0290465
3.73823 0.0354972 0.0244085
3.76637 0.036012 0.0182968
3.79496 0.036327 0.011018
3.82549 0.0364069 0.00261767
3.85461 0.036236 -0.00586965
3.8863 0.0357774 -0.0144707
3.91539 0.035155 -0.0213975
3.94703 0.0342975 -0.027095
3.97709 0.0333805 -0.030512
4.0078 0.0324045 -0.0317789
4.03788 0.0314799 -0.0307336
4.06681 0.0306796 -0.0276698
4.09402 0.0300553 -0.0229418
4.12226 0.0295888 -0.0165189
4.15059 0.0293403 -0.00877343
4.18084 0.0293427 8.14746e-05
4.21113 0.0296206 0.00917347
4.24063 0.0301381 0.0175385
4.2707 0.0308878 0.0249366
4.30101 0.031815 0.030595
4.33058 0.0328233 0.0340973
4.3599 0.0338632 0.0354664
4.38854 0.0348606 0.0348178
4.41664 0.0357646 0.0321783
4.44554 0.0365604 0.02753
4.47346 0.0371552 0.0213039
4.50175 0.0375416 0.0136608
4.53248 0.0376867 0.00472058
4.56233 0.0375538 -0.00445201
4.59324 0.0371332 -0.0136095
4.62209 0.0365199 -0.0212598
4.65323 0.0356556 -0.0277508
4.6826 0.0347163 -0.0319844
4.71256 0.0336929 -0.0341519
4.7419 0.0326921 -0.0341145
4.7699 0.0317906 -0.0321927
4.79674 0.0310223 -0.0286308
4.82445 0.0303754 -0.0233435
4.85263 0.0299098 -0.0165232
4.88214 0.0296654 -0.00828188
4.91364 0.0296902 0.000787658
4.94543 0.0300011 0.00977593
4.97683 0.0305607 0.017824
5.0075 0.0313069 0.0243306
5.03873 0.0322105 0.0289297
5.06877 0.0331497 0.0312742
5.09896 0.0341014 0.031521
5.12819 0.0349695 0.0296933
5.15712 0.0357188 0.0259029
5.1868 0.0363185 0.0202075
5.21551 0.0366957 0.0131356
5.24532 0.0368443 0.00498552
5.27585 0.0367273 -0.00383272
5.30492 0.0363709 -0.0122616
5.33542 0.0357549 -0.0201969
5.36642 0.0349278 -0.0266779
5.39719 0.0339721 -0.0310567
5.42763 0.0329589 -0.0332921
5.45752 0.031962 -0.0333491
5.48704 0.0310392 -0.0312529
5.514 0.0302965 -0.0275484
5.5422 0.0296748 -0.0220482
5.57102 0.0292455 -0.0149011
5.60049 0.0290624 -0.00620931
5.63048 0.0291433 0.00269503
5.66153 0.0295116 0.0118617
5.69228 0.0301344 0.0202606
5.72157 0.0309272 0.027061
5.75176 0.0319001 0.0322237
5.78055 0.0329131 0.0351896
5.80975 0.0339688 0.0361513
5.83837 0.0349731 0.0350927
5.86681 0.0358842 0.0320407
5.89656 0.0366885 0.0270304
5.92534 0.037278 0.020485
5.95475 0.0376515 0.0126988
5.98479 0.0377768 0.00417248
6.01251 0.0376647 -0.00404316
6.04421 0.0372638 -0.0126434
6.07223 0.0367228 -0.0193101
6.10337 0.0359485 -0.0248642
6.13337 0.0350997 -0.0282936
6.1636 0.0342039 -0.029635
6.1935 0.0333421 -0.0288237
6.22137 0.0326105 -0.0262503
6.24912 0.0320002 -0.0219962
6.27735 0.0315458 -0.0160946
6.3059 0.0312933 -0.00884463
6.33563 0.0312769 -0.000552182
6.36646 0.0315261 0.00808136
6.395 0.031981 0.0159414
6.42588 0.0326955 0.023138
6.45486 0.0335201 0.028455
6.4851 0.0344872 0.0319846
6.51487 0.0354792 0.0333257
6.54515 0.0364609 0.0324112
6.57483 0.0373292 0.0292581
6.60414 0.0380355 0.024099
6.63413 0.0385459 0.0170173
6.66291 0.0388043 0.00897787
6.69322 0.038801 -0.000109719
6.72306 0.0385199 -0.0094196
6.75252 0.037987 -0.0180927
6.78226 0.03723 -0.0254522
6.81188 0.0363126 -0.0309687
6.84083 0.035314 -0.034495
6.86975 0.0342717 -0.0360386
6.89802 0.0332636 -0.0356585
6.92423 0.0323801 -0.0337169
6.95208 0.0315474 -0.0298899
6.98045 0.0308565 -0.0243579
7.00912 0.0303574 -0.0174081
7.04042 0.0300821 -0.00879611
7.07283 0.0300986 0.000508642
7.10437 0.0303914 0.0092831
7.13435 0.0309005 0.0169793
7.16619 0.0316442 0.0233599
7.19714 0.0324999 0.0276494
7.22749 0.033407 0.0298903
7.25805 0.0343249 0.0300356
7.28783 0.0351598 0.0280332
7.31726 0.0358685 0.0240829
7.34717 0.0364142 0.018241
7.37599 0.0367365 0.0111819
7.40601 0.0368285 0.00306751
7.43571 0.0366663 -0.00546384
7.46704 0.0362234 -0.0141329
7.49673 0.0355866 -0.0214506
7.52851 0.0347116 -0.0275383
7.55857 0.0337679 -0.0313958
7.5893 0.0327494 -0.0331403
7.61932 0.0317684 -0.0326737
7.6484 0.0308897 -0.0302208
7.67555 0.0301782 -0.0262014
7.70384 0.0296038 -0.0203056
7.73239 0.0292356 -0.0128957
7.76243 0.0291132 -0.00407567
7.79331 0.0292754 0.00525397
7.822 0.0296735 0.0138748
7.85244 0.0303448 0.0220555
7.88083 0.0311525 0.0284467
7.91105 0.0321594 0.0333147
7.93978 0.0331942 0.0360175
7.96916 0.0342751 0.0367915
7.9978 0.0352949 0.0356182
8.02623 0.0362186 0.0324813
8.05545 0.0370225 0.0275182
8.08393 0.0376235 0.0211016
8.114 0.0380198 0.0131798
8.14421 0.0381606 0.00465979
8.17234 0.0380588 -0.00361758
8.20418 0.0376687 -0.012254
8.23227 0.0371365 -0.0189465
8.26337 0.0363727 -0.0245539
8.29365 0.0355242 -0.0280218
8.32373 0.0346399 -0.0293962
8.35363 0.0337831 -0.0286606
8.38139 0.0330551 -0.0262268
8.40925 0.0324386 -0.022125
8.43754 0.0319738 -0.0164308
8.46623 0.0317043 -0.00939296
8.49623 0.0316639 -0.00134754
8.52697 0.0318787 0.00698769
8.55612 0.032307 0.0146958
8.58777 0.0329919 0.0216389
8.61749 0.033787 0.0267521
8.64856 0.0347197 0.0300245
8.67916 0.0356702 0.0310547
8.70973 0.0365824 0.0298374
8.74006 0.0373837 0.0264218
8.77001 0.0380126 0.0209964
8.80018 0.0384279 0.0137666
8.82914 0.0385929 0.00569708
8.85908 0.0384977 -0.00317849
8.88895 0.0381333 -0.0122034
8.9181 0.03754 -0.0203555
8.94876 0.0367014 -0.0273441
8.97768 0.0357696 -0.0322202
9.00674 0.034745 -0.0352628
9.03574 0.0336925 -0.0362974
9.06463 0.0326692 -0.0354099
9.09099 0.0318013 -0.0329263
9.11879 0.0310053 -0.028634
9.14766 0.0303541 -0.0225589
9.17685 0.0299115 -0.0151605
9.20854 0.0297135 -0.00624714
9.23892 0.0297933 0.00262578
9.26972 0.0301411 0.011291
9.30121 0.0307417 0.019071
9.33233 0.0315195 0.024995
9.36382 0.032431 0.0289456
9.39413 0.0333618 0.0307041
9.42458 0.0342875 0.0304092
9.45452 0.035127 0.0280381
9.48399 0.0358293 0.0238264
9.51336 0.0363551 0.0179091
9.54203 0.036666 0.0108434
9.5728 0.0367461 0.0026013
9.60243 0.0365735 -0.00582463
9.63432 0.0361146 -0.014392
9.66371 0.0354855 -0.0214082
9.69556 0.0346174 -0.0272479
9.7258 0.0336849 -0.0308462
9.75671 0.0326849 -0.032343
9.78702 0.0317262 -0.0316353
9.81609 0.0308831 -0.0289974
9.84355 0.0302027 -0.0247848
9.87201 0.0296668 -0.0188272
9.90054 0.0293388 -0.0114944
9.93121 0.0292519 -0.00283313
9.96153 0.0294334 0.00598443
9.99002 0.0298361 0.014138
10.0212 0.0305186 0.0218667
10.0496 0.0313014 0.0276141
10.0803 0.032278 0.0317846
10.1099 0.0332744 0.0337149
10.1395 0.0342703 0.0336236
10.1683 0.0351785 0.0315457
10.197 0.0359698 0.0275151
10.2258 0.0365969 0.0217771
10.2542 0.0370133 0.0146606
10.2854 0.0372051 0.00615623
10.3169 0.037112 -0.00295365
10.3464 0.0367718 -0.0115297
10.3767 0.036184 -0.0193936
10.4084 0.0353616 -0.0259601
10.4395 0.0344186 -0.0303236
10.4702 0.0334226 -0.0324943
10.5002 0.032445 -0.0324877
10.5295 0.0315537 -0.0304903
10.5565 0.0308244 -0.0269529
10.5848 0.0302114 -0.0216856
10.6133 0.029786 -0.0149211
10.6432 0.0295856 -0.00669712
10.6736 0.0296438 0.0019191
10.7057 0.0299923 0.0108358
10.7372 0.0305827 0.0187524
10.7675 0.0313415 0.0250541
10.7991 0.0322773 0.0296017
10.8293 0.0332402 0.0318811
10.8597 0.0342142 0.0320922
10.8892 0.0351064 0.0302487
10.9183 0.0358772 0.0264289
10.9483 0.0364965 0.0206884
10.9773 0.0368899 0.0135687
11.0074 0.0370516 0.00536255
11.039 0.0369361 -0.00365704
11.0684 0.0365799 -0.0121262
11.0989 0.0359685 -0.0200213
11.1305 0.0351292 -0.0265441
11.1614 0.0341757 -0.0308836
11.1922 0.0331586 -0.0330702
11.2223 0.032162 -0.0330683
11.2518 0.0312479 -0.0310185
11.2789 0.0305041 -0.0274333
11.3072 0.0298779 -0.0221077
11.3359 0.0294413 -0.0152139
11.3658 0.0292356 -0.00688742
11.396 0.0292908 0.00182703
11.428 0.0296389 0.0108792
11.4593 0.0302318 0.0189594
11.4892 0.0309908 0.0254105
11.5207 0.0319438 0.0301959
11.5507 0.0329243 0.032686
11.5809 0.0339242 0.0331312
11.6101 0.0348459 0.0315488
11.6391 0.0356562 0.0279643
11.6689 0.0363267 0.0225001
11.6978 0.0367773 0.0155685
11.7279 0.0370024 0.00748091
11.7595 0.0369538 -0.00153789
11.7909 0.0366246 -0.0104905
11.8225 0.0360367 -0.0186309
11.8542 0.0352354 -0.0252573
11.8852 0.0343153 -0.0297312
11.9161 0.033323 -0.0320614
11.946 0.0323606 -0.0322033
11.9756 0.031463 -0.0303119
12.0028 0.0307314 -0.0268642
12.0314 0.0301135 -0.0216577
12.0601 0.0296857 -0.0148881
12.09 0.0294855 -0.006699
12.1204 0.0295444 0.00193593
12.1526 0.0298947 0.0108945
12.1839 0.0304865 0.018881
12.2142 0.0312524 0.0252992
12.2457 0.0321986 0.029981
12.2761 0.0331807 0.0323882
12.3064 0.0341736 0.0327163
12.3359 0.0350863 0.030996
12.365 0.0358812 0.0272749
12.3951 0.0365302 0.0215875
12.4242 0.0369516 0.014477
12.4542 0.0371409 0.0063032
12.4859 0.037053 -0.00277377
12.5156 0.036715 -0.0113888
12.5464 0.0361159 -0.0194393
12.5779 0.0352955 -0.0260686
12.609 0.0343454 -0.030552
12.6397 0.0333342 -0.032871
12.6698 0.0323402 -0.0330073
12.6993 0.0314239 -0.0311027
12.7264 0.0306741 -0.0276839
12.7547 0.0300354 -0.0225242
12.7834 0.0295827 -0.0157962
12.8132 0.029355 -0.00763218
12.8443 0.029391 0.0011584
12.8771 0.0297246 0.0101994
12.9087 0.0303025 0.0182489
12.9396 0.0310681 0.02478
12.9712 0.0319982 0.0294717
13.0017 0.0329725 0.0319179
13.0321 0.033953 0.0322993
13.0615 0.0348563 0.0306749
13.0907 0.0356452 0.0270553
13.1206 0.0362903 0.0215415
13.1497 0.0367149 0.0146071
13.1799 0.0369134 0.00656221
13.2115 0.0368395 -0.00234303
13.2416 0.036511 -0.0109158
13.273 0.035915 -0.0189476
13.3045 0.0351143 -0.0254298
13.3358 0.0341811 -0.0298425
13.3668 0.0331869 -0.0320655
13.3969 0.0322202 -0.0321136
13.4266 0.0313246 -0.030115
13.4539 0.0305988 -0.0265748
13.4825 0.0299909 -0.0212758
13.5113 0.0295751 -0.0144497
13.5413 0.0293893 -0.00619972
13.5712 0.0294598 0.00235318
13.6028 0.0298151 0.0112356
13.6341 0.0304158 0.0192266
13.6639 0.0311781 0.0255861
13.6955 0.0321353 0.0303006
13.7259 0.0331303 0.0327135
13.7562 0.0341314 0.0330489
13.7856 0.0350537 0.0313553
13.8147 0.0358585 0.027651
13.8447 0.0365185 0.022023
13.8737 0.036953 0.0149725
13.9038 0.0371582 0.00681225
13.9355 0.0370864 -0.0022655
13.9657 0.0367542 -0.0109926
13.9969 0.036158 -0.0190971
14.0285 0.0353475 -0.0257166
14.0596 0.0344058 -0.0302045
14.0905 0.0334027 -0.0325354
14.1206 0.0324179 -0.032695
14.1501 0.0315095 -0.030826
14.1772 0.0307647 -0.0274573
14.2056 0.0301291 -0.0223653
14.2342 0.0296786 -0.0157347
14.2642 0.0294494 -0.00765604
14.2953 0.0294821 0.00105066
14.3282 0.0298177 0.0102026
14.36 0.0304016 0.018367
14.3912 0.0311761 0.0248541
14.4229 0.0321129 0.0295231
14.4537 0.033099 0.0319663
14.4842 0.0340848 0.032339
14.5139 0.0349949 0.0307087
14.5432 0.0357881 0.0270722
14.5732 0.0364356 0.021556
14.6023 0.0368616 0.0146317
14.6326 0.037062 0.0066066
14.6642 0.0369903 -0.00227132
14.6942 0.0366664 -0.0108003
14.7256 0.0360767 -0.0187969
14.7572 0.0352769 -0.0253012
14.7885 0.0343458 -0.029736
14.8195 0.0333534 -0.0319993
14.8498 0.0323815 -0.032092
14.8795 0.0314849 -0.0301556
