t x vx
0.01 0.0330031 0.000308784
0.02 0.0330101 0.00069893
0.0581878 0.0330891 0.00206896
0.0964115 0.0332228 0.00349822
0.135566 0.0334177 0.00497747
0.176069 0.0336788 0.00644551
0.21754 0.0340007 0.00776195
0.259648 0.0343711 0.00879662
0.301856 0.0347678 0.00940049
0.34339 0.0351644 0.00954865
0.383957 0.0355382 0.00921301
0.424481 0.0358794 0.00842147
0.462514 0.0361577 0.00731654
0.502517 0.0363891 0.00578314
0.541752 0.0365423 0.00390693
0.580352 0.0366118 0.00179998
0.618811 0.0365932 -0.00048449
0.657926 0.0364791 -0.00291664
0.696922 0.0362667 -0.00544663
0.735298 0.0359615 -0.00795376
0.773662 0.0355673 -0.0102756
0.812338 0.0350922 -0.0122829
0.851067 0.0345543 -0.0138899
0.889942 0.033971 -0.0150037
0.929144 0.0333633 -0.0155026
0.967441 0.0327759 -0.0153362
1.00523 0.0322292 -0.0144699
1.04246 0.0317492 -0.012893
1.07897 0.0313584 -0.0107039
1.11536 0.0310671 -0.00800519
1.15122 0.030891 -0.00491055
1.18621 0.0308338 -0.00163375
1.22048 0.0308878 0.00157543
1.2542 0.0310432 0.00460843
1.2878 0.0312912 0.00738001
1.32163 0.0316196 0.00970819
1.35598 0.0320096 0.0113544
1.39057 0.0324279 0.0120909
1.42401 0.0328258 0.0118993
1.45624 0.0331752 0.0108438
1.48776 0.0334587 0.00899208
1.52007 0.0336622 0.00629779
1.5525 0.0337574 0.00293612
1.58595 0.0337261 -0.000936013
1.62136 0.0335486 -0.00501347
1.65459 0.0332647 -0.00854333
1.68971 0.0328621 -0.011462
1.72407 0.032409 -0.0131846
1.75693 0.0319608 -0.0136397
1.79039 0.0315315 -0.0128318
1.82337 0.0311776 -0.0107327
1.8559 0.0309331 -0.00751498
1.88799 0.0308252 -0.00336337
1.91914 0.0308691 0.00141082
1.95155 0.0310856 0.00667964
1.98416 0.0314717 0.0118399
2.01877 0.0320394 0.0164058
2.05571 0.0327756 0.0199281
2.0906 0.0335365 0.0218046
2.1261 0.0343195 0.0220597
2.16291 0.0350715 0.0204287
2.19978 0.0356927 0.0168483
2.23411 0.0361012 0.0118995
2.26653 0.0363023 0.00620146
2.30159 0.0362837 -0.000528622
2.33628 0.0360315 -0.00727155
2.37219 0.0355457 -0.0135276
2.40763 0.0348896 -0.0185127
2.44262 0.034122 -0.0219417
2.4797 0.033243 -0.0236998
2.51369 0.0324471 -0.0234203
2.54699 0.0317323 -0.0214655
2.58045 0.0311358 -0.0178278
2.61319 0.0307173 -0.0127818
2.64659 0.0304962 -0.00662088
2.67949 0.0304976 4.37942e-05
2.71477 0.0307508 0.00717385
2.74813 0.0311979 0.0134071
2.78451 0.0318753 0.0186139
2.82026 0.0326645 0.0220787
2.85413 0.0334643 0.0236153
2.88888 0.0342721 0.0232472
2.92331 0.0349883 0.0208028
2.95817 0.0355591 0.0163722
2.99098 0.035912 0.0107561
3.02413 0.0360507 0.0041828
3.05773 0.0359534 -0.00289726
3.09127 0.0356222 -0.00987214
3.12624 0.0350566 -0.0161742
3.1606 0.0343324 -0.0210761
3.19483 0.0334988 -0.0243527
3.23028 0.0325835 -0.0258261
3.26454 0.0317179 -0.0252602
3.29698 0.0309737 -0.0229405
3.32939 0.0303586 -0.0189831
3.3625 0.0299129 -0.0134611
3.39548 0.0296853 -0.00689941
3.42824 0.0296918 0.000196654
3.46353 0.0299666 0.00778983
3.49627 0.030434 0.0142767
3.53277 0.0311594 0.0198728
3.56843 0.0320027 0.0236472
3.60246 0.0328671 0.0254001
3.63696 0.0337386 0.0252637
3.67134 0.0345297 0.0230106
3.70531 0.0351708 0.0188726
3.73747 0.0356043 0.0134784
3.77143 0.0358358 0.00681679
3.8052 0.0358253 -0.000309134
3.83886 0.0355761 -0.00740498
3.8726 0.0351093 -0.0138322
3.90898 0.0344099 -0.0192238
3.94446 0.033601 -0.0228046
3.97992 0.0327311 -0.0245289
4.01328 0.0319215 -0.0242686
4.04656 0.031182 -0.0222205
4.08003 0.0305679 -0.0183491
4.11253 0.0301432 -0.0130674
4.1461 0.0299221 -0.00658471
4.1789 0.0299353 0.000400402
4.21423 0.0302144 0.0079018
4.24716 0.0306867 0.0143426
4.28363 0.0314114 0.019871
4.31937 0.0322545 0.0235876
4.35353 0.0331179 0.0252765
4.388 0.0339818 0.0250627
4.42253 0.0347663 0.0227193
4.45663 0.0353956 0.0184565
4.48926 0.0358163 0.0128923
4.52251 0.0360245 0.00626038
4.55614 0.0359944 -0.000895509
4.58973 0.0357255 -0.00800317
4.62371 0.0352348 -0.0144436
4.6597 0.0345238 -0.0197537
4.69449 0.0337144 -0.0232639
4.73098 0.0328032 -0.0249699
4.76443 0.0319801 -0.0246115
4.79736 0.0312389 -0.0225089
4.83041 0.0306225 -0.0186484
4.86316 0.0301861 -0.0133239
4.89649 0.0299577 -0.00685335
4.9293 0.0299618 0.000125637
4.9645 0.0302299 0.00761709
4.99751 0.0306949 0.0140865
5.03417 0.031415 0.0196456
5.06986 0.0322494 0.0233727
5.10415 0.0331095 0.0250853
5.13866 0.0339685 0.0248922
5.17311 0.0347466 0.0225908
5.20727 0.035374 0.0183628
5.23998 0.0357935 0.0128248
5.27333 0.0360005 0.00620666
5.307 0.0359691 -0.000931766
5.34067 0.0356989 -0.00802753
5.37475 0.035206 -0.0144614
5.41081 0.0344933 -0.0197616
5.44568 0.0336829 -0.0232442
5.48226 0.0327715 -0.024918
5.51576 0.0319499 -0.0245177
5.54877 0.0312115 -0.0223736
5.58191 0.0305997 -0.0184587
5.61462 0.0301713 -0.0130985
5.64798 0.0299509 -0.00660422
5.68079 0.0299639 0.000395721
5.71617 0.0302435 0.00790297
5.74912 0.0307154 0.014322
5.78575 0.0314419 0.0198313
5.82151 0.0322824 0.0235082
5.85577 0.0331444 0.0251602
5.89039 0.0340066 0.0248997
5.92489 0.0347838 0.022529
5.95915 0.0354085 0.0182353
5.99175 0.0358215 0.0126678
6.02537 0.0360226 0.00598142
6.05912 0.0359829 -0.00117594
6.09274 0.0357056 -0.00824896
6.12751 0.0351942 -0.014706
6.16357 0.0344763 -0.019912
6.19815 0.0336709 -0.0232871
6.23464 0.032763 -0.0248842
6.2683 0.0319418 -0.024396
6.30127 0.031211 -0.0221653
6.33428 0.0306104 -0.0181944
6.36718 0.0301906 -0.0127572
6.40038 0.0299828 -0.00626133
6.43317 0.0300073 0.000747059
6.4689 0.0303029 0.00827316
6.50191 0.0307854 0.0146182
6.53856 0.0315197 0.0200349
6.5744 0.0323661 0.0236178
6.60868 0.0332287 0.02516
6.64348 0.0340907 0.0247677
6.67804 0.0348604 0.0222764
6.71249 0.0354756 0.0178589
6.74497 0.035873 0.0122352
6.77907 0.0360583 0.00543469
6.81297 0.0359989 -0.00175387
6.84665 0.0357024 -0.00880126
6.88224 0.0351603 -0.0152335
6.9174 0.0344494 -0.0202213
6.95196 0.0336373 -0.0234946
6.98813 0.0327345 -0.0249619
7.02223 0.0319044 -0.0243447
7.05509 0.0311824 -0.0219712
7.08782 0.0305956 -0.0179279
7.1211 0.030184 -0.012369
7.15414 0.0299906 -0.00585354
7.18693 0.0300292 0.00117821
7.22334 0.0303482 0.00876226
7.25646 0.0308451 0.0150049
7.29187 0.0315612 0.0202166
7.32761 0.0324096 0.0237423
7.36199 0.033276 0.0252023
7.39697 0.0341401 0.024701
7.43163 0.0349063 0.0221073
7.46637 0.035517 0.0175808
7.49878 0.0359031 0.0119122
7.53335 0.0360762 0.00500843
7.5674 0.0360013 -0.00220001
7.60119 0.0356898 -0.0092208
7.63642 0.0351431 -0.0155188
7.67093 0.0344396 -0.0203844
7.70549 0.0336238 -0.0236044
7.74139 0.0327257 -0.0250162
7.77596 0.0318845 -0.0243348
7.80872 0.0311672 -0.0218926
7.84124 0.0305873 -0.0178326
7.87484 0.0301772 -0.0122081
7.90785 0.0299896 -0.00568195
7.94072 0.0300345 0.00136434
7.97755 0.0303653 0.00898264
8.01077 0.0308693 0.0151721
8.04556 0.0315749 0.0202816
8.08123 0.032423 0.0237717
8.1157 0.033291 0.0251874
8.15078 0.0341549 0.0246232
8.18557 0.034919 0.0219672
8.22054 0.0355263 0.017366
8.25291 0.0359041 0.0116696
8.28778 0.0360682 0.00470805
8.32195 0.0359822 -0.00251831
8.35579 0.0356603 -0.00951236
8.39084 0.0351092 -0.0157223
8.42499 0.0344092 -0.0205005
8.45921 0.0335996 -0.0236583
8.49497 0.0327041 -0.0250409
8.52987 0.0318555 -0.0243131
8.56259 0.0311414 -0.0218237
8.59499 0.0305666 -0.0177421
8.62876 0.0301589 -0.0120721
8.66175 0.0299763 -0.0055362
8.69468 0.0300263 0.00151991
8.73179 0.0303665 0.00916533
8.76517 0.030878 0.0153228
8.79958 0.0315785 0.0203583
8.83519 0.0324265 0.0238137
8.86969 0.0332957 0.0251945
8.90485 0.0341601 0.0245843
8.93975 0.0349238 0.021881
8.97493 0.0355297 0.0172258
9.00725 0.0359019 0.0115155
9.0421 0.0360607 0.00455557
9.07644 0.0359681 -0.00269561
9.11036 0.0356399 -0.00967444
9.14542 0.0350847 -0.0158357
9.17944 0.0343855 -0.0205554
9.21348 0.0335801 -0.0236608
9.24917 0.0326874 -0.0250082
9.28408 0.0318411 -0.0242438
9.31681 0.0311301 -0.0217211
9.34919 0.03056 -0.017609
9.38305 0.0301568 -0.0119064
9.41603 0.02998 -0.00536058
9.44899 0.030036 0.00169909
9.48625 0.0303842 0.00934522
9.5198 0.0309036 0.0154787
9.55396 0.0316021 0.0204494
9.58951 0.0324507 0.0238663
9.62403 0.0333209 0.0252118
9.65925 0.0341858 0.0245589
9.69429 0.0349499 0.0218074
9.72963 0.0355545 0.0171078
9.76189 0.0359219 0.0113872
9.79663 0.0360761 0.00443901
9.83114 0.0359781 -0.00284155
9.86513 0.0356446 -0.00981162
9.90027 0.0350844 -0.0159424
9.93426 0.0343837 -0.0206191
9.96814 0.0335814 -0.0236782
10.0038 0.0326893 -0.0249939
10.0387 0.0318452 -0.0241919
10.0714 0.0311372 -0.0216387
10.1038 0.0305709 -0.0175028
10.1378 0.0301712 -0.0117713
10.1707 0.0299992 -0.00521711
10.2037 0.0300601 0.00184497
10.2411 0.0304151 0.00948932
10.2749 0.0309407 0.0155937
10.3089 0.0316384 0.0205075
10.3444 0.0324867 0.0238792
10.3789 0.0333566 0.025184
10.4142 0.0342205 0.0244815
10.4494 0.0349826 0.0216809
10.4847 0.0355812 0.0169625
10.5169 0.0359431 0.0112331
10.5516 0.036092 0.00429427
10.5862 0.0359875 -0.00301302
10.6203 0.0356478 -0.00997686
10.6554 0.0350821 -0.0160846
10.6894 0.0343773 -0.0207311
10.7232 0.0335759 -0.0237532
10.7588 0.0326841 -0.0250469
10.7937 0.0318393 -0.0242191
10.8264 0.0311313 -0.0216472
10.8587 0.0305658 -0.017497
10.8927 0.0301662 -0.0117431
10.9257 0.0299954 -0.00518193
10.9587 0.0300577 0.00188432
10.9963 0.0304156 0.00953451
11.03 0.0309437 0.015627
11.064 0.0316402 0.0205112
11.0995 0.0324873 0.0238606
11.1341 0.0333563 0.0251474
11.1694 0.0342194 0.024424
11.2046 0.0349803 0.0215984
11.2399 0.0355751 0.0168802
11.272 0.035934 0.0111544
11.3066 0.0360804 0.0042304
11.3412 0.0359749 -0.00305393
11.3753 0.0356334 -0.0100139
11.4105 0.0350662 -0.0161077
11.4446 0.0343601 -0.0207391
11.4783 0.0335599 -0.0237425
11.5139 0.0326686 -0.0250194
11.5488 0.031825 -0.0241711
11.5815 0.0311184 -0.0215813
11.6139 0.0305553 -0.0174164
11.6479 0.0301585 -0.0116486
11.6809 0.0299909 -0.00508335
11.714 0.0300564 0.00198059
11.7516 0.0304184 0.00962401
11.7855 0.0309516 0.0157066
11.8194 0.031648 0.0205528
11.8549 0.0324952 0.0238734
11.8894 0.0333631 0.025138
11.9248 0.0342266 0.0243938
11.9602 0.0349878 0.0215371
11.9954 0.0355796 0.0168103
12.0275 0.035936 0.0110848
12.0621 0.03608 0.00417064
12.0965 0.0359737 -0.00308876
12.1307 0.0356302 -0.0100508
12.1659 0.0350614 -0.0161323
12.2 0.0343537 -0.0207505
12.2337 0.0335546 -0.0237336
12.2693 0.0326638 -0.0249944
12.3043 0.0318212 -0.024128
12.337 0.0311158 -0.0215245
12.3694 0.0305545 -0.0173504
12.4035 0.0301598 -0.0115721
12.4365 0.0299948 -0.00500531
12.4696 0.0300627 0.00205297
12.5073 0.0304281 0.00968924
12.5414 0.0309656 0.0157617
12.5752 0.0316618 0.0205711
12.6107 0.0325082 0.0238603
12.6452 0.0333742 0.0251026
12.6807 0.0342374 0.0243352
12.7161 0.0349973 0.0214474
12.7513 0.035585 0.0167098
12.7834 0.035938 0.0109823
12.8179 0.0360787 0.00407882
12.8522 0.0359706 -0.00315323
12.8864 0.035624 -0.0101165
12.9218 0.0350526 -0.0161835
12.9559 0.0343428 -0.0207812
12.9895 0.0335453 -0.0237367
13.0252 0.0326549 -0.0249783
13.0601 0.0318134 -0.0240895
13.0929 0.0311093 -0.0214681
13.1252 0.0305503 -0.017281
13.1594 0.0301579 -0.0114883
13.1924 0.0299957 -0.00491749
13.2255 0.0300665 0.00213765
13.2633 0.0304357 0.00976687
13.2976 0.0309787 0.0158363
13.3314 0.0316756 0.0206133
13.3668 0.0325221 0.0238709
13.4013 0.0333864 0.0250895
13.4368 0.03425 0.0242981
13.4724 0.0350098 0.0213756
13.5075 0.0355938 0.0166268
13.5396 0.0359438 0.0108992
13.5741 0.0360818 0.00400645
13.6082 0.0359727 -0.00319597
13.6426 0.0356233 -0.010165
13.6779 0.0350495 -0.0162242
13.7122 0.0343377 -0.0208024
13.7457 0.0335417 -0.0237312
13.7813 0.0326519 -0.0249556
13.8163 0.0318117 -0.0240451
13.8491 0.031109 -0.0214067
13.8815 0.0305522 -0.0172082
13.9157 0.0301624 -0.0114025
13.9487 0.030003 -0.00482881
13.9818 0.0300766 0.00222063
14.0197 0.0304492 0.00983805
14.0542 0.0309977 0.0159028
14.088 0.0316953 0.0206421
14.1234 0.0325412 0.0238621
14.1579 0.0334035 0.025051
14.1935 0.0342665 0.0242283
14.2291 0.0350245 0.0212679
14.2642 0.0356036 0.0165075
14.2963 0.0359495 0.0107784
14.3307 0.0360836 0.00389643
14.3647 0.0359722 -0.00328008
14.3991 0.0356187 -0.0102495
14.4346 0.0350409 -0.0162974
14.4689 0.0343266 -0.020848
14.5023 0.0335325 -0.0237428
14.538 0.0326412 -0.0249425
14.573 0.0318027 -0.0239981
14.6058 0.0311019 -0.0213344
14.6382 0.0305481 -0.0171147
14.6724 0.0301616 -0.0112853
14.7055 0.0300063 -0.00470506
14.7386 0.030084 0.00234102
14.7766 0.0304615 0.00994458
14.8114 0.0310189 0.016009
14.8452 0.0317183 0.020696
14.8806 0.0325636 0.023864
14.915 0.0334231 0.0250123
14.9507 0.0342858 0.0241475
14.9865 0.035042 0.0211321
15.0215 0.0356147 0.0163544
15.0536 0.0359552 0.0106183
15.0879 0.036084 0.00375035
15.1217 0.0359694 -0.00339396
15.1563 0.0356102 -0.0103665
15.1919 0.0350274 -0.0163944
15.2262 0.0343103 -0.0209052
15.2595 0.0335187 -0.0237534
15.2953 0.0326279 -0.0249178
15.3302 0.0317919 -0.0239298
15.3631 0.0310939 -0.0212314
15.3954 0.0305446 -0.0169824
15.4297 0.0301631 -0.0111202
15.4628 0.0300135 -0.00453054
15.496 0.030097 0.00251454
15.5337 0.0304762 0.0100569
15.5686 0.0310389 0.016108
15.6024 0.0317402 0.020754
15.6378 0.0325855 0.0238754
15.6721 0.0334427 0.024989
15.7079 0.0343051 0.0240886
15.7439 0.0350606 0.0210272
15.7788 0.0356278 0.0162317
15.8108 0.0359638 0.0104882
15.8451 0.0360883 0.00363263
15.8787 0.0359711 -0.00348785
15.9135 0.0356071 -0.0104643
15.9492 0.0350198 -0.0164783
15.9835 0.0342997 -0.020954
16.0168 0.0335094 -0.023766
16.0524 0.0326221 -0.0249017
16.0873 0.0317876 -0.02389
16.1202 0.0310912 -0.0211679
16.1526 0.0305447 -0.0169013
16.1869 0.0301661 -0.0110185
16.22 0.03002 -0.00442295
16.2532 0.0301071 0.00261966
16.2908 0.0304868 0.0101175
16.3256 0.0310501 0.0161461
16.3594 0.0317522 0.0207704
16.3949 0.0325975 0.0238643
16.4292 0.0334534 0.0249568
16.465 0.0343151 0.0240392
16.501 0.0350696 0.0209497
16.5359 0.0356333 0.0161438
16.568 0.0359663 0.0103966
16.6022 0.0360877 0.00354689
16.6357 0.0359684 -0.00355834
16.6706 0.0356012 -0.0105316
16.7063 0.035011 -0.016534
16.7407 0.0342886 -0.0209835
16.774 0.0334989 -0.0237663
16.8095 0.0326142 -0.0248766
16.8445 0.0317812 -0.023842
16.8774 0.0310862 -0.0211011
16.9097 0.0305422 -0.0168203
16.9442 0.0301666 -0.0109191
16.9772 0.0300238 -0.0043173
17.0105 0.0301145 0.00272447
17.0479 0.030495 0.0101831
17.0827 0.0310597 0.0161948
17.1166 0.0317639 0.0208035
17.152 0.0326097 0.0238702
17.1863 0.033465 0.0249414
17.2221 0.0343249 0.0240104
