t x vx
0.01 0.0329924 -0.000757776
0.02 0.0329754 -0.00170414
0.0525022 0.0328293 -0.0044935
0.0852463 0.0325874 -0.00738809
0.118367 0.0322455 -0.0103243
0.152788 0.0317896 -0.0132448
0.187835 0.0312305 -0.0159519
0.223195 0.0305982 -0.0178824
0.257902 0.0299312 -0.0192186
0.292243 0.0292672 -0.019333
0.326617 0.0286349 -0.0183953
0.360885 0.0280747 -0.0163483
0.39434 0.0276344 -0.0131605
0.426833 0.027344 -0.00893722
0.458901 0.0272253 -0.00370219
0.491284 0.0273074 0.00253573
0.521105 0.0275776 0.00906106
0.551393 0.0280745 0.0164047
0.581095 0.0287786 0.0237069
0.610231 0.0296798 0.0309287
0.637834 0.0307144 0.0374831
0.665352 0.0319048 0.0432595
0.692275 0.0331937 0.0478735
0.718606 0.0345402 0.0511379
0.744313 0.0359055 0.0531068
0.769931 0.0372823 0.0537472
0.795376 0.038632 0.0530421
0.820931 0.0399369 0.0510604
0.847509 0.0411964 0.0473913
0.875501 0.0423635 0.0416937
0.904751 0.0433576 0.0339866
0.934396 0.0440837 0.0244938
0.962848 0.0444913 0.014324
0.991791 0.0446002 0.00376398
1.01886 0.0444377 -0.00600361
1.04598 0.0440348 -0.0148543
1.07122 0.0434785 -0.0220484
1.09721 0.0427515 -0.0279693
1.12183 0.0419581 -0.0322241
1.14512 0.0411379 -0.0352144
1.16965 0.0402206 -0.0373907
1.1946 0.0392577 -0.0385979
1.22089 0.0382379 -0.0387836
1.24797 0.0372127 -0.0378576
1.27594 0.0362085 -0.0359046
1.30504 0.0352492 -0.0329713
1.33362 0.0344128 -0.0292622
1.36334 0.0336713 -0.0249483
1.39486 0.0330394 -0.0200495
1.42593 0.0325653 -0.0152601
1.45721 0.032226 -0.0108463
1.48861 0.0320063 -0.00699775
1.52112 0.0318731 -0.00409762
1.55556 0.0317936 -0.00230749
1.58918 0.0317273 -0.00197186
1.62276 0.0316271 -0.00298544
1.65563 0.0314534 -0.00528354
1.68878 0.031169 -0.00858026
1.72105 0.0307663 -0.0124746
1.75273 0.0302434 -0.0165092
1.78524 0.0295835 -0.0202958
1.81885 0.0288016 -0.0232677
1.85186 0.0279811 -0.0248577
1.8848 0.0271634 -0.0248181
1.91758 0.0264106 -0.022966
1.95036 0.0257824 -0.0191622
1.98301 0.0253484 -0.0132952
2.01528 0.0251707 -0.00550876
2.04637 0.0252836 0.00363162
2.07573 0.025674 0.0133003
2.10369 0.026313 0.0228498
2.13184 0.0272147 0.0320328
2.15861 0.0282883 0.0401077
2.18478 0.0295192 0.0470356
2.21025 0.0308612 0.0526862
2.23478 0.0322581 0.056953
2.25894 0.0337074 0.059987
2.28342 0.0352202 0.0617853
2.30757 0.0367277 0.0624283
2.33186 0.0382374 0.0621513
2.35709 0.0397692 0.0607036
2.38269 0.0412517 0.0579169
2.40952 0.0426908 0.0536395
2.43699 0.0440101 0.0480294
2.46558 0.0451794 0.0408959
2.49532 0.0461385 0.0322552
2.52691 0.0468432 0.0223065
2.55898 0.0472283 0.0120098
2.59055 0.0473066 0.0024796
2.62097 0.0471234 -0.00602358
2.65102 0.0467264 -0.0132146
2.6796 0.0461881 -0.0188327
2.70714 0.0455512 -0.0231307
2.7331 0.0448679 -0.026313
2.76073 0.0440704 -0.0288704
2.78866 0.0432124 -0.0307234
2.81704 0.0423051 -0.0319691
2.84511 0.0413845 -0.0327966
2.8726 0.0404695 -0.0332773
2.90003 0.039552 -0.0334508
2.9276 0.0386309 -0.0334063
2.95555 0.0376996 -0.0333204
2.98389 0.0367581 -0.0332267
3.01276 0.035801 -0.0331509
3.04237 0.0348183 -0.0331834
3.07316 0.0337895 -0.0334168
3.10358 0.0327578 -0.0339085
3.13409 0.031697 -0.0347808
3.1651 0.0305816 -0.0359589
3.1967 0.0294037 -0.0372847
3.22824 0.0281845 -0.0386519
3.25967 0.0269311 -0.039884
3.29065 0.0256699 -0.0407029
3.32101 0.0244286 -0.0408898
3.35099 0.023225 -0.0401373
3.38069 0.0220918 -0.0381583
3.41019 0.0210702 -0.03463
3.43995 0.0201937 -0.0294552
3.46944 0.0195267 -0.0226154
3.49859 0.0191171 -0.0140535
3.52774 0.0190077 -0.00375172
3.55663 0.0192299 0.00768975
3.58227 0.0197069 0.0186086
3.60827 0.0204775 0.0296308
3.63474 0.0215378 0.0400617
3.65971 0.0227656 0.0491712
3.68389 0.0241458 0.0570707
3.70793 0.0256874 0.0641457
3.73043 0.0272646 0.0700716
3.75344 0.0289959 0.0752592
3.7752 0.0307257 0.0794915
3.79724 0.0325594 0.0831874
3.819 0.0344372 0.0863213
3.84084 0.0363781 0.0888643
3.86411 0.0384846 0.0904996
3.88645 0.0405267 0.0914136
3.90928 0.0426172 0.0915796
3.93199 0.0446816 0.0909081
3.95518 0.0467505 0.0891975
3.97852 0.048762 0.0862083
4.00146 0.0506419 0.081925
4.0103 0.0513611 0.0813918
4.01875 0.0520489 0.08143
4.02615 0.0526523 0.0814803
4.03319 0.0532249 0.0813763
