t x vx
0.01 0.0330046 0.000463622
0.02 0.0330246 0.00199778
0.0552039 0.0332657 0.00684777
0.0927068 0.0336868 0.0112284
0.134739 0.0343219 0.0151104
0.177776 0.0350962 0.017992
0.221349 0.0359571 0.0197562
0.270454 0.0369461 0.0201408
0.321606 0.0379094 0.0188318
0.374174 0.0387446 0.0158892
0.427679 0.0393582 0.011468
0.478031 0.0396741 0.00627416
0.526537 0.0396974 0.000479889
0.573841 0.0394246 -0.00576629
0.622152 0.0388149 -0.0126212
0.666628 0.0379718 -0.018956
0.716876 0.03668 -0.0257088
0.760752 0.0353102 -0.0312189
0.805131 0.0337015 -0.0362507
0.85001 0.031881 -0.0405637
0.894627 0.0299166 -0.0440267
0.938752 0.0278618 -0.0465687
0.98311 0.0257272 -0.0481217
1.02608 0.0236368 -0.0486474
1.06806 0.0216137 -0.0481913
1.10922 0.0196973 -0.0465579
1.14966 0.0179396 -0.0434687
1.18961 0.016394 -0.0386886
1.22959 0.0151136 -0.0320209
1.24581 0.0146443 -0.0289513
1.26241 0.0142205 -0.0255178
1.27789 0.0138822 -0.0218552
1.29349 0.0136045 -0.0178062
1.30936 0.0133913 -0.0134361
1.32522 0.0132499 -0.0089077
1.34087 0.0131805 -0.00443802
1.35611 0.0131773 -0.000210222
1.37069 0.0132297 0.00359435
1.38457 0.0133261 0.00694624
1.39786 0.0134577 0.00989692
1.41103 0.013624 0.0126278
1.42389 0.0138188 0.0151551
1.43515 0.0140129 0.0172314
1.44798 0.0142635 0.0195383
1.4607 0.0145402 0.0217505
1.47503 0.0148876 0.0242364
1.48994 0.015287 0.0267974
1.50441 0.0157107 0.0292817
1.51868 0.016164 0.0317536
1.55333 0.0174719 0.0377488
1.58707 0.0189367 0.0434143
1.62573 0.0208612 0.0497742
1.66321 0.0229401 0.0554802
1.70023 0.0251913 0.0607997
1.73749 0.0276372 0.0656565
1.77285 0.0301092 0.0698993
1.80786 0.0326883 0.07368
1.84259 0.03536 0.0769174
1.87764 0.0381503 0.0796211
1.91267 0.0410127 0.0816918
1.94891 0.044023 0.083065
1.98486 0.0470282 0.0836131
2.01985 0.0499438 0.083322
2.05314 0.0526774 0.0821175
