t x vx
0.01 0.0329834 -0.00166361
0.02 0.0329129 -0.00704179
0.0441845 0.0324848 -0.0177032
0.0687921 0.0318422 -0.0261149
0.0950762 0.0309809 -0.0327668
0.122049 0.0299753 -0.0372821
0.149566 0.0288838 -0.0396687
0.17747 0.0277681 -0.0399812
0.205748 0.0266838 -0.0383458
0.234453 0.0256806 -0.0349475
0.263654 0.0248045 -0.0300029
0.293362 0.0240973 -0.023806
0.323661 0.0235908 -0.0167167
0.354377 0.0233059 -0.00927538
0.385443 0.0232441 -0.00198783
0.417264 0.0233962 0.00477758
0.449656 0.023737 0.0105213
0.482207 0.024222 0.0149011
0.515494 0.0248152 0.0178199
0.548661 0.0254515 0.0191862
0.581867 0.0260869 0.0191353
0.615264 0.0266821 0.01782
0.64892 0.0272005 0.0154045
0.682719 0.0276099 0.0121106
0.71665 0.0278884 0.00821018
0.750611 0.0280246 0.00400923
0.784658 0.028019 -0.000163895
0.818221 0.0278873 -0.00392339
0.851173 0.0276564 -0.00700894
0.883663 0.0273569 -0.00921757
0.915831 0.027022 -0.0104103
0.947805 0.0266856 -0.0105206
0.979774 0.0263803 -0.00955058
1.01189 0.0261374 -0.00756291
1.04432 0.0259853 -0.00468859
1.07719 0.0259487 -0.00111592
1.11063 0.0260457 0.00290152
1.14465 0.0262845 0.00702135
1.1794 0.0266634 0.0109035
1.21372 0.0271481 0.0141181
1.24773 0.0277079 0.016465
1.2815 0.0283101 0.0178286
1.31519 0.028922 0.0181654
1.3489 0.0295118 0.0174973
1.38261 0.0300483 0.0159114
1.41637 0.0305058 0.0135529
1.45022 0.0308645 0.0105962
1.4841 0.0311112 0.00728228
1.51806 0.0312425 0.0038671
1.55218 0.031263 0.000601014
1.58622 0.0311871 -0.0022312
1.61983 0.0310391 -0.00440409
1.65314 0.0308468 -0.00577149
1.68624 0.0306399 -0.00625213
1.71918 0.0304476 -0.00583738
1.75213 0.0302967 -0.00458017
1.78516 0.0302108 -0.00259805
1.81838 0.0302091 -5.19084e-05
1.85185 0.030304 0.00283556
1.88564 0.0304998 0.0057928
1.9198 0.0307916 0.00854305
1.95421 0.0311633 0.0108044
1.98829 0.0315835 0.0123276
2.02214 0.0320232 0.0129895
2.05579 0.0324513 0.0127253
2.08925 0.0328378 0.0115483
2.12266 0.0331563 0.0095333
2.1561 0.0333841 0.00681218
2.18959 0.0335036 0.00356778
2.2232 0.033504 1.30943e-05
2.25697 0.0333829 -0.00358643
2.29103 0.0331454 -0.00697355
2.32516 0.0328091 -0.00985312
2.35887 0.032405 -0.0119864
2.39228 0.0319619 -0.0132644
2.42549 0.0315088 -0.0136395
2.45857 0.0310746 -0.0131291
2.49159 0.0306844 -0.0118142
2.52471 0.0303589 -0.00983099
2.55795 0.0301139 -0.00737006
2.59137 0.0299582 -0.00465755
2.62509 0.029893 -0.00193352
2.6593 0.0299121 0.000559421
2.69401 0.030001 0.0025612
2.72836 0.0301324 0.00382428
2.76244 0.0302771 0.00424449
2.79627 0.0304051 0.0037859
2.82998 0.030489 0.00248839
2.86363 0.0305044 0.000456319
2.89725 0.030432 -0.00215328
2.9309 0.0302589 -0.00514353
2.96461 0.0299801 -0.00827042
2.99847 0.0295989 -0.0112601
3.03215 0.0291337 -0.0138106
3.0653 0.0286136 -0.0156887
3.09803 0.0280649 -0.0167689
3.13045 0.0275147 -0.0169693
3.16272 0.0269899 -0.016264
3.19501 0.0265155 -0.0146906
3.22743 0.0261148 -0.0123589
3.26014 0.0258067 -0.00941848
3.29331 0.0256055 -0.00606463
3.32695 0.0255195 -0.00255687
3.3611 0.0255473 0.0008151
3.396 0.0256786 0.00376152
3.43057 0.0258841 0.00594555
3.4649 0.0261329 0.00724668
3.49904 0.026393 0.00761865
3.53302 0.0266341 0.0070934
3.56694 0.0268297 0.00576861
3.60083 0.026958 0.00378655
3.63467 0.0270036 0.00134707
3.66854 0.0269593 -0.00130802
3.70244 0.0268259 -0.0039348
3.73606 0.0266149 -0.00627666
3.76915 0.0263468 -0.0081017
3.80182 0.0260446 -0.00924974
3.83423 0.0257332 -0.00961014
3.86652 0.0254384 -0.00912869
3.89888 0.0251857 -0.00780882
3.93146 0.0249996 -0.00571307
3.96444 0.024902 -0.00295731
3.99797 0.0249115 0.000282598
4.03208 0.0250401 0.00376894
4.06697 0.0252913 0.00720047
4.10171 0.0256458 0.0102035
4.13616 0.026078 0.0125453
4.17039 0.0265599 0.0140797
4.20448 0.0270618 0.0147246
4.23851 0.0275548 0.0144853
4.27245 0.0280103 0.0134203
4.30639 0.0284055 0.0116449
4.3403 0.0287214 0.00931577
4.37424 0.0289464 0.00663074
4.40822 0.0290758 0.00380821
4.44228 0.0291127 0.00108132
4.47619 0.0290687 -0.00129749
4.5097 0.0289639 -0.00312587
4.54291 0.0288222 -0.00426671
4.5759 0.0286697 -0.0046251
4.60878 0.0285327 -0.00416645
4.64167 0.0284366 -0.00292202
4.67467 0.0284042 -0.000979641
4.70792 0.0284548 0.00152179
4.74145 0.0286017 0.00437861
4.77536 0.028851 0.00735254
4.80975 0.0292011 0.010182
4.8443 0.0296356 0.0125751
4.87853 0.0301248 0.0142903
4.91253 0.0306418 0.0152052
4.94638 0.0311579 0.01525
4.98005 0.0316436 0.0144257
5.01364 0.0320735 0.0127953
5.04726 0.0324256 0.0104735
5.08087 0.032682 0.00762812
5.11458 0.0328327 0.00446985
5.14845 0.0328739 0.00121597
5.18248 0.0328099 -0.00187987
5.21675 0.032653 -0.00457845
5.25064 0.0324281 -0.00663638
5.28423 0.032162 -0.00792214
5.31759 0.0318826 -0.00837226
5.35082 0.0316171 -0.00799186
5.38403 0.0313895 -0.00685222
5.41725 0.0312209 -0.00507536
5.45061 0.0311266 -0.00282694
5.48413 0.0311157 -0.000324538
5.51793 0.0311899 0.00219298
5.55216 0.0313428 0.00446876
5.5867 0.0315588 0.00625275
5.62092 0.0318096 0.00732884
5.65484 0.0320669 0.00758588
5.68852 0.032302 0.00698132
5.72208 0.0324881 0.00554427
5.7556 0.0326009 0.00336511
5.78912 0.0326205 0.000585867
5.82269 0.0325331 -0.00260419
5.85635 0.0323319 -0.00597509
5.89025 0.0320176 -0.00927252
5.92442 0.0316005 -0.0122087
5.95811 0.0311119 -0.0144999
5.99141 0.0305787 -0.0160151
6.0244 0.0300289 -0.0166635
6.05723 0.0294899 -0.0164182
6.08999 0.0289881 -0.0153158
6.12278 0.0285471 -0.0134531
6.15572 0.0281853 -0.0109816
6.18889 0.0279164 -0.00810726
6.22238 0.0277757 -0.00419902
6.25632 0.0277648 -0.000323029
6.29075 0.0278785 0.00330113
6.32549 0.0281021 0.00643851
6.35991 0.0284085 0.0089018
6.3941 0.0287724 0.010643
6.42813 0.0291696 0.0116717
6.46209 0.0295791 0.0120593
6.49603 0.0299836 0.0119189
6.52993 0.0303702 0.0114047
6.5639 0.030734 0.0107075
6.59797 0.0310755 0.0100249
6.63221 0.0314028 0.00955677
6.66669 0.0317301 0.00949525
6.7009 0.0320721 0.00999779
6.73487 0.0324516 0.0111683
6.76867 0.0328929 0.0130574
6.80238 0.0334204 0.0156476
6.83601 0.0340541 0.0188428
6.86971 0.0348128 0.0225163
6.90343 0.0357047 0.0264494
6.9366 0.0367114 0.0303422
6.96903 0.0378119 0.0339414
7.0007 0.0389846 0.0370312
7.03163 0.040205 0.0394456
7.06191 0.0414485 0.0410687
7.09163 0.0426915 0.0418251
7.12089 0.043911 0.0416785
7.14984 0.0450869 0.0406231
7.17865 0.0462012 0.0386807
7.20746 0.0472356 0.0359039
7.23643 0.048174 0.032393
7.26584 0.0490057 0.0282713
7.29603 0.0497212 0.0237006
7.32726 0.0503113 0.0188942
7.3403 0.0505313 0.0168704
7.35359 0.0507301 0.0149691
7.36676 0.0509029 0.0131234
7.37984 0.0510512 0.0113328
7.39284 0.051176 0.00960135
7.40576 0.0512785 0.00793117
7.41861 0.0513597 0.00632162
7.4314 0.0514207 0.00477065
7.44414 0.0514624 0.00327617
7.4568 0.0514857 0.00183543
7.46941 0.0514913 0.000445045
7.48197 0.05148 -0.000898928
7.49449 0.0514525 -0.00219822
7.50699 0.0514093 -0.00345556
7.51948 0.0513509 -0.00467458
7.53195 0.0512779 -0.00585651
7.54441 0.0511906 -0.00700436
7.55685 0.0510896 -0.00811941
7.56926 0.0509754 -0.0092025
7.58166 0.0508482 -0.010256
7.59406 0.0507084 -0.0112815
7.60646 0.050556 -0.0122801
7.61888 0.0503914 -0.0132526
7.63133 0.0502147 -0.0141995
7.64377 0.0500266 -0.0151188
7.67487 0.0494919 -0.017192
7.70598 0.048898 -0.0190922
7.73728 0.0482407 -0.0210022
7.76882 0.0475179 -0.0229159
7.80055 0.0467304 -0.0248158
7.83245 0.0458791 -0.0266861
7.86457 0.0449632 -0.0285205
7.89695 0.0439814 -0.0303186
7.92962 0.042933 -0.0320841
7.96263 0.041817 -0.0338131
7.99599 0.0406327 -0.0354987
8.02934 0.0393949 -0.0371151
8.06254 0.0381117 -0.0386475
8.09557 0.0367882 -0.040073
8.12839 0.0354303 -0.0413755
8.16099 0.0340439 -0.0425288
8.19336 0.032636 -0.0434977
8.22549 0.0312142 -0.0442499
8.25736 0.029788 -0.0447471
8.28897 0.0283673 -0.0449457
8.32034 0.0269622 -0.0447856
8.35148 0.0255856 -0.0442084
8.38235 0.0242532 -0.0431674
8.41293 0.0229807 -0.0416152
8.44325 0.0217824 -0.0395109
8.47336 0.0206738 -0.0368208
8.50336 0.0196683 -0.0335213
8.53341 0.0187786 -0.0296068
8.56379 0.0180168 -0.0250765
8.59468 0.017399 -0.0200002
8.62634 0.0169402 -0.0144903
8.65923 0.0166557 -0.00864931
8.69284 0.0165621 -0.00278529
8.72631 0.0166552 0.00278137
8.75965 0.0169201 0.00794312
8.79293 0.0173417 0.0126719
8.82612 0.0179053 0.0169761
8.85928 0.0185979 0.0208879
8.89244 0.0194085 0.0244488
8.9256 0.020327 0.0276966
8.95882 0.0213474 0.0307192
8.99213 0.022466 0.0335791
9.02537 0.0236732 0.0363159
9.05841 0.0249614 0.0389949
9.09123 0.0263288 0.0416579
9.12384 0.0277747 0.0443428
9.1562 0.0292984 0.0470828
9.1883 0.0309 0.049889
9.22009 0.0325769 0.0527601
9.25148 0.0343249 0.055679
9.28243 0.0361385 0.0586076
9.31282 0.0380072 0.0614866
9.34259 0.0399191 0.0642326
9.37165 0.0418591 0.0667551
9.39989 0.0438062 0.0689286
9.42723 0.0457362 0.0706088
9.45355 0.0476211 0.07162
9.4788 0.0494321 0.0717205
9.50292 0.0511341 0.0705688
9.51214 0.0517828 0.0702811
9.5211 0.0524117 0.0702272
9.52908 0.0529668 0.0695885
