t x vx
0.01 0.0330048 0.000476625
0.02 0.0330272 0.00223964
0.0633772 0.0334038 0.00868351
0.107336 0.0340117 0.0138291
0.155037 0.034876 0.0181189
0.203978 0.0359152 0.0212328
0.253852 0.0370689 0.0231328
0.304337 0.0382705 0.023802
0.355341 0.0394569 0.023259
0.40689 0.0405678 0.0215522
0.45904 0.0415457 0.0187513
0.511964 0.0423369 0.0149489
0.565801 0.0428903 0.0102802
0.620712 0.0431635 0.00497459
0.676502 0.0431254 -0.000683702
0.733189 0.0427563 -0.00651067
0.791041 0.0420418 -0.0123498
0.850586 0.0409652 -0.0180806
0.908623 0.03961 -0.023351
0.965246 0.0380167 -0.0281394
1.02057 0.0362222 -0.032432
1.07466 0.0342627 -0.0362288
1.12752 0.0321735 -0.0395277
1.17914 0.0299891 -0.04231
1.22956 0.0277435 -0.0445384
1.27885 0.0254683 -0.0461629
1.32685 0.0232068 -0.0471198
1.37354 0.0209972 -0.0473226
1.41876 0.0188874 -0.0466585
1.46246 0.0169221 -0.0449721
1.50438 0.0151583 -0.0420757
1.52047 0.0144965 -0.0411236
1.53619 0.0138667 -0.0400613
1.55039 0.0133169 -0.0387148
1.56474 0.0127879 -0.0368646
1.57945 0.0122827 -0.0343439
