t x vx
0.01 0.0330002 1.74332e-05
0.02 0.0330004 2.11453e-05
0.0527255 0.0330014 3.23124e-05
0.0857296 0.0330025 3.30011e-05
0.119385 0.0330037 3.45419e-05
0.154209 0.033005 3.6143e-05
0.189882 0.0330053 1.05481e-05
0.226338 0.0330043 -2.86056e-05
0.263483 0.0330024 -5.10342e-05
0.300717 0.0330006 -4.73798e-05
0.33777 0.0330007 1.83813e-06
0.374576 0.0330023 4.43287e-05
0.410972 0.033003 1.85772e-05
0.44647 0.0329996 -9.59792e-05
0.481467 0.0329913 -0.000237354
0.516585 0.0329783 -0.000369563
0.551466 0.0329613 -0.000486702
0.586079 0.0329415 -0.000572952
0.620506 0.0329204 -0.000612175
0.654797 0.0329005 -0.000580478
0.688961 0.032885 -0.000455784
0.722986 0.0328774 -0.000221429
0.756874 0.0328822 0.000140316
0.790634 0.032903 0.000618424
0.824141 0.0329426 0.00118019
0.857414 0.0330027 0.00180725
0.890488 0.0330849 0.00248417
0.923395 0.0331902 0.00320117
0.95616 0.0333191 0.00393339
0.988802 0.0334713 0.00466114
1.02135 0.033646 0.00536798
1.05384 0.0338409 0.00600018
1.08631 0.034052 0.00650059
1.11878 0.0342732 0.00681327
1.15123 0.0344971 0.00689849
1.18367 0.0347145 0.00670143
1.2161 0.0349151 0.00618758
1.2485 0.0350879 0.005333
1.28084 0.0352216 0.00413465
1.3129 0.0353055 0.00261615
1.34469 0.0353321 0.00083646
1.3762 0.0352955 -0.00116138
1.40726 0.0351941 -0.0032631
1.43795 0.0350281 -0.00541057
1.46842 0.0347976 -0.00756714
1.49875 0.0345051 -0.00964156
1.52913 0.0341557 -0.0115006
1.55927 0.033763 -0.0130281
1.58949 0.0333344 -0.014183
1.62004 0.0328796 -0.0148867
1.6512 0.0324102 -0.0150683
1.68169 0.0319621 -0.0146944
1.71282 0.0315338 -0.01376
1.74334 0.0311578 -0.0123191
1.77381 0.0308425 -0.0103459
1.80485 0.0305946 -0.00798742
1.83599 0.0304283 -0.00533951
1.86567 0.0303513 -0.0025961
1.89526 0.0303597 0.000284014
1.92507 0.0304475 0.0029461
1.95463 0.0306133 0.00560958
1.98445 0.0308605 0.00829039
2.01487 0.0311922 0.0109013
2.04543 0.0315977 0.0132725
2.07577 0.0320587 0.0151952
2.10602 0.0325602 0.0165735
2.13597 0.033082 0.0174243
2.1661 0.0336157 0.017715
2.19658 0.0341465 0.0174142
2.22773 0.0346609 0.0165108
2.26014 0.0351459 0.0149667
2.29254 0.0355629 0.0128705
2.32455 0.0358966 0.0104254
2.3563 0.036143 0.00776095
2.38802 0.036298 0.00488636
2.41948 0.0363571 0.00187723
2.45082 0.0363199 -0.00118559
2.48201 0.0361874 -0.00424786
2.51371 0.0359573 -0.00725981
2.54519 0.0356394 -0.0101007
2.5768 0.0352383 -0.0126851
2.60862 0.034764 -0.0149085
2.641 0.0342191 -0.0168234
2.67334 0.0336253 -0.0183635
2.7059 0.0329886 -0.0195581
2.73831 0.0323293 -0.0203426
2.77025 0.0316675 -0.0207157
2.8024 0.0310021 -0.0206957
2.83474 0.0303503 -0.0201575
2.86751 0.0297251 -0.0190792
2.90058 0.0291551 -0.0172359
2.93384 0.0286604 -0.0148749
2.9668 0.0282695 -0.0118579
2.99938 0.0280075 -0.00804155
3.03111 0.0278893 -0.00372834
3.06266 0.0279039 0.000463107
3.09372 0.02808 0.00566878
3.12392 0.0284146 0.0110818
3.15443 0.0289275 0.0168096
3.18487 0.0296123 0.022499
3.21495 0.0304518 0.0279084
3.24354 0.0313911 0.0328551
3.27207 0.0324525 0.0372042
3.29992 0.0335924 0.0409294
3.32793 0.0348236 0.0439506
3.35575 0.0361041 0.0460283
3.3833 0.0373993 0.0470088
3.41124 0.0387054 0.0467483
3.43964 0.0399845 0.0450492
3.46821 0.0411799 0.041834
3.4975 0.0422642 0.0370245
3.52761 0.0431859 0.0306053
3.5564 0.0438522 0.0231438
3.585 0.0442754 0.0147975
3.61296 0.0444451 0.006071
3.64054 0.0443633 -0.0029653
3.66703 0.0440497 -0.0118434
3.69135 0.0435613 -0.0200751
3.71688 0.0428328 -0.0285398
3.74153 0.0419451 -0.0360127
3.76518 0.0409346 -0.042719
3.7885 0.039791 -0.0490438
3.81261 0.0384617 -0.05514
3.83701 0.0369808 -0.0606892
3.8612 0.0353961 -0.0655206
3.88602 0.0336596 -0.0699423
3.90992 0.0319002 -0.073615
3.9337 0.0300756 -0.0767363
3.95728 0.0282104 -0.0791085
3.98111 0.0262891 -0.0806331
4.00492 0.0243571 -0.081133
4.02924 0.0224033 -0.0803389
4.05321 0.0205283 -0.0782282
4.07703 0.0187553 -0.0744392
4.10064 0.0171307 -0.0687915
4.12416 0.0156985 -0.06089
4.13362 0.0151543 -0.0575682
4.14327 0.0146282 -0.0544878
4.15191 0.0141841 -0.0514265
4.1607 0.0137642 -0.0477365
4.16965 0.0133763 -0.0433446
4.17861 0.0130334 -0.0382824
4.18766 0.0127385 -0.0325778
4.19683 0.0124977 -0.0262658
4.20601 0.0123181 -0.0195701
4.21512 0.0122011 -0.0128277
4.22415 0.0121452 -0.00619798
4.23295 0.0121433 -0.000218954
4.24157 0.0121871 0.00508283
4.25001 0.0122695 0.00976783
4.25823 0.0123836 0.013892
4.26649 0.0125296 0.017679
4.27434 0.0126945 0.020987
4.28199 0.012878 0.023985
4.29003 0.013095 0.0269849
4.29862 0.0133531 0.0300557
4.30775 0.0136562 0.0331891
4.31666 0.0139779 0.0361203
4.32552 0.0143232 0.0389889
4.33435 0.0146928 0.0418249
4.3432 0.0150881 0.0446951
4.35212 0.0155135 0.047711
4.36096 0.015963 0.0508409
4.38249 0.0172317 0.0589105
4.40349 0.0186305 0.0666086
4.42615 0.0203367 0.0753005
4.44946 0.0222974 0.0841221
4.47119 0.0243049 0.0923719
4.49306 0.0265024 0.100505
4.51371 0.0287356 0.1081
4.53424 0.0311013 0.115258
4.55485 0.0336123 0.121833
4.57507 0.0361955 0.127725
4.59534 0.0388896 0.132908
4.61558 0.0416691 0.137335
4.63544 0.0444704 0.141047
4.65539 0.0473388 0.143785
4.67459 0.0501326 0.14551
4.682 0.0512487 0.150662
4.68875 0.0522982 0.155537
4.6944 0.0532038 0.160257
