t x vx
0.01 0.0330004 4.25865e-05
0.02 0.0330017 0.000123761
0.166231 0.033174 0.00117856
0.32409 0.0334891 0.00199634
0.506868 0.0339255 0.00238719
0.696442 0.0343133 0.00204565
0.889187 0.0345152 0.00104753
1.08094 0.0344798 -0.000184383
1.26775 0.034233 -0.00132122
1.44925 0.0338139 -0.00230899
1.62709 0.0332361 -0.00324917
1.80369 0.0325031 -0.00415045
1.97727 0.0316514 -0.00490677
2.14659 0.0307548 -0.00529519
2.31182 0.029951 -0.00486492
2.47561 0.0294747 -0.00290773
2.63363 0.0293707 -0.000658179
2.78529 0.0294972 0.000833974
2.9278 0.0297531 0.00179535
3.06646 0.0301257 0.00268735
3.20149 0.0306277 0.00371751
3.33037 0.031257 0.00488331
3.45701 0.0320382 0.00616805
3.584 0.0329931 0.00752025
3.70748 0.0340749 0.0087605
3.82975 0.0352684 0.00976128
3.95543 0.0365554 0.0102409
4.08475 0.0378017 0.00963699
4.21517 0.0387132 0.00698858
4.33883 0.0391117 0.00322231
4.45844 0.0391209 7.72969e-05
4.57281 0.0388864 -0.00205058
4.68263 0.0384985 -0.00353228
4.789 0.037981 -0.00486453
4.88898 0.0373645 -0.00616616
4.98768 0.0366203 -0.00753995
5.08582 0.0357378 -0.00899297
5.18207 0.0347319 -0.0104512
5.27967 0.0335669 -0.0119356
5.3808 0.0322132 -0.0133862
5.48322 0.0307162 -0.0146155
5.58568 0.0291377 -0.0154073
5.69098 0.0275163 -0.015398
5.80096 0.0259934 -0.0138463
5.9104 0.0249232 -0.00977808
6.01242 0.0244509 -0.00463015
6.11128 0.0244355 -0.000155951
6.20481 0.0247174 0.00301463
6.29521 0.0251926 0.00525585
6.38151 0.0258068 0.00711809
6.46298 0.0265233 0.00879421
6.54254 0.0273479 0.0103643
6.62149 0.0282847 0.0118645
6.70733 0.0294389 0.0134468
6.79235 0.030698 0.0148086
6.87467 0.0320131 0.0159761
6.96173 0.0334981 0.0170579
7.05405 0.0351504 0.0178975
7.1472 0.036858 0.0183323
7.24687 0.038662 0.0181001
7.35624 0.0404536 0.0163797
7.46026 0.0417616 0.0125759
7.5587 0.0424361 0.00685093
7.65086 0.0425638 0.00138592
7.74082 0.0423035 -0.00289311
7.82604 0.0418008 -0.0058993
7.90778 0.0411254 -0.00826307
7.98476 0.040339 -0.010216
8.06165 0.0394151 -0.0120152
8.14003 0.0383392 -0.0137273
8.2171 0.037165 -0.0152338
8.2975 0.0358254 -0.0166631
8.37697 0.0344081 -0.0178348
8.46402 0.0327703 -0.0188128
8.55498 0.0310089 -0.0193648
8.65069 0.0291387 -0.0195411
8.75071 0.0272229 -0.0191537
8.85387 0.0253979 -0.017691
8.96134 0.0238861 -0.014067
9.0599 0.0230775 -0.0082044
9.15173 0.0228619 -0.00234775
9.23954 0.0230532 0.00217842
9.3246 0.0235154 0.00543428
9.40396 0.0241351 0.00780899
9.48008 0.0248819 0.00980959
9.55166 0.0257078 0.0115379
9.62218 0.0266358 0.0131606
9.69796 0.0277573 0.0148008
9.77817 0.0290639 0.0162879
9.8592 0.0304891 0.0175882
9.9362 0.0319223 0.0186127
10.02 0.0335568 0.0194941
10.1093 0.0353397 0.0199659
10.2011 0.0371741 0.0199945
10.2982 0.0390572 0.0193967
10.4072 0.0409443 0.0173132
10.5102 0.0423032 0.013184
10.6075 0.0429919 0.00707912
10.6972 0.0431138 0.00135946
10.7849 0.0428424 -0.00309673
10.8675 0.0423317 -0.00617786
10.9467 0.0416529 -0.00857609
11.0211 0.0408708 -0.0105119
11.0953 0.0399591 -0.0122825
11.1718 0.0388899 -0.0139846
11.2477 0.0377148 -0.0154886
11.3265 0.0363811 -0.0169196
11.404 0.0349751 -0.0181328
11.4896 0.0333283 -0.0192343
11.579 0.0315481 -0.0199121
11.6723 0.0296649 -0.0201911
11.7707 0.027698 -0.0199892
11.874 0.0257521 -0.018832
11.9815 0.0240577 -0.0157734
12.0814 0.0230317 -0.0102673
12.1736 0.0226603 -0.00402574
12.262 0.0227536 0.00105552
12.3457 0.0231448 0.00467465
12.4247 0.0237159 0.0072283
12.5007 0.0244246 0.00932113
12.5718 0.0252122 0.0110859
12.6415 0.0261004 0.012733
12.7133 0.0271293 0.0143283
12.7918 0.0283775 0.0158995
12.8709 0.0297439 0.0172722
12.9466 0.0311382 0.0184391
13.0281 0.0327314 0.0195319
13.114 0.0344724 0.0202645
13.2047 0.0363358 0.0205646
13.2978 0.0382288 0.0203288
13.4021 0.0402112 0.0190043
13.5072 0.0418772 0.015856
13.6063 0.042908 0.0104001
13.6978 0.0432867 0.00413556
13.7859 0.0431868 -0.00113395
13.8701 0.0427653 -0.00500687
13.9495 0.0421522 -0.00772861
14.0249 0.0414079 -0.00985974
14.0987 0.0405441 -0.0117112
14.1723 0.039557 -0.0134033
14.2494 0.0383976 -0.0150426
14.3253 0.0371479 -0.0164591
14.4036 0.0357559 -0.0177964
14.4813 0.0342853 -0.0189129
14.569 0.0325423 -0.0198847
14.6608 0.0306712 -0.02038
14.7576 0.0286921 -0.0204386
14.8551 0.0267532 -0.0198844
14.9625 0.0248323 -0.0178919
15.0665 0.0234181 -0.013596
15.1625 0.0227177 -0.00729715
15.2515 0.0225876 -0.00146139
15.3363 0.0228344 0.00290652
15.4187 0.023333 0.00605434
15.4964 0.0239871 0.00842212
15.5704 0.0247545 0.0103678
15.6413 0.0256103 0.0120682
15.7104 0.0265512 0.0136169
15.7864 0.0277082 0.0152169
15.8662 0.0290355 0.0166407
15.9477 0.030497 0.0179238
16.0251 0.0319612 0.0189357
16.1095 0.0336361 0.0198275
16.1997 0.0354672 0.0203014
16.2917 0.0373342 0.0202929
16.3899 0.0392553 0.0195724
16.4982 0.0411274 0.0172896
16.6007 0.0424469 0.0128683
16.6967 0.0430855 0.00664973
16.7857 0.0431712 0.000963572
16.8728 0.0428693 -0.00346375
16.9555 0.0423286 -0.00653675
17.034 0.0416325 -0.00887537
17.108 0.0408362 -0.010757
17.1821 0.0399111 -0.0124831
17.2587 0.0388287 -0.0141403
17.3349 0.0376393 -0.0156069
17.414 0.0362929 -0.01701
17.4919 0.0348759 -0.0182006
17.5771 0.0332335 -0.019272
17.668 0.0314212 -0.019942
17.7649 0.0294651 -0.0201836
17.8654 0.0274677 -0.019863
17.9663 0.0255914 -0.0185969
18.0738 0.0239486 -0.0152851
18.1727 0.0230031 -0.00956348
18.2645 0.0226889 -0.003423
18.3523 0.0228193 0.00148326
18.4372 0.0232445 0.00500874
18.5164 0.0238377 0.00749273
18.5927 0.0245643 0.00952679
18.664 0.0253661 0.0112478
18.734 0.0262662 0.0128471
18.8075 0.0273257 0.0144258
18.8869 0.0285924 0.0159527
18.9673 0.0299825 0.0172928
19.044 0.0313956 0.0184123
19.1272 0.0330129 0.0194356
19.2149 0.0347742 0.0200834
19.3073 0.0366484 0.0202834
19.4027 0.0385439 0.0198717
19.5098 0.0404934 0.0182042
19.6149 0.0420254 0.0145764
19.7137 0.0428881 0.00873138
19.8046 0.043138 0.002749
19.8935 0.0429474 -0.00214354
19.9777 0.0424785 -0.00556919
20.0576 0.0418328 -0.00808404
20.1335 0.0410691 -0.0100629
20.2083 0.0401833 -0.0118368
20.2841 0.0391608 -0.0135007
20.3611 0.0380013 -0.0150499
20.4394 0.0367122 -0.0164585
20.5179 0.0353218 -0.0177109
20.5984 0.0338111 -0.0187739
20.6877 0.0320622 -0.0195948
20.7815 0.0301887 -0.0199594
20.88 0.0282319 -0.0198661
20.9785 0.026354 -0.0190746
21.0852 0.0245744 -0.0166706
21.1878 0.0233644 -0.0117916
21.283 0.0228416 -0.00549143
21.3726 0.022832 -0.000107394
21.4584 0.0231625 0.00385081
21.5401 0.0237027 0.0066124
21.6183 0.0243884 0.00876675
21.692 0.0251652 0.0105441
21.7632 0.0260298 0.0121344
21.8345 0.0270015 0.0136348
21.9138 0.0282061 0.0151887
21.9949 0.0295471 0.0165399
22.0754 0.0309743 0.0177321
22.1557 0.0324779 0.0187183
22.2424 0.034169 0.0194949
22.3359 0.0360227 0.0198394
22.4292 0.0378577 0.0196534
22.5316 0.0397598 0.0185745
22.6397 0.041456 0.0157021
22.7411 0.0425299 0.0105866
22.8354 0.0429493 0.00444691
22.9255 0.0428827 -0.000738845
23.0126 0.0424838 -0.00458206
23.0945 0.041891 -0.00724073
23.1726 0.0411645 -0.00929311
23.2485 0.0403249 -0.0110597
23.3245 0.0393602 -0.0126993
23.4027 0.0382432 -0.0142911
23.4807 0.0370175 -0.0157105
23.5609 0.0356501 -0.0170511
23.6407 0.0342007 -0.0181597
23.7298 0.0325002 -0.0190785
23.8231 0.0306779 -0.0195371
23.9211 0.0287584 -0.0195782
24.0181 0.0269114 -0.0190447
24.122 0.025119 -0.0172602
24.2274 0.0237358 -0.0131179
24.3251 0.0230513 -0.00701068
24.4164 0.0229241 -0.00139333
24.5031 0.0231638 0.00276247
24.5877 0.0236513 0.00576695
24.6675 0.0242915 0.00801746
24.7436 0.0250438 0.00989389
24.8161 0.0258812 0.0115398
24.8871 0.0268081 0.0130569
24.9655 0.0279568 0.0146482
25.0468 0.0292618 0.0160576
25.1299 0.0307016 0.0173217
25.2094 0.0321564 0.0183001
25.2955 0.0338032 0.0191279
25.3875 0.0356017 0.019551
25.481 0.037424 0.0194959
25.5814 0.0393008 0.0186822
25.6912 0.0410814 0.0162167
25.7945 0.0422751 0.0115616
25.891 0.0428022 0.00546307
25.9815 0.0428156 0.000148037
26.0703 0.0424671 -0.00392755
26.1543 0.0419013 -0.00673503
26.2343 0.041192 -0.00886962
26.3103 0.0403836 -0.0106314
26.3868 0.0394437 -0.0122807
26.4649 0.0383618 -0.0138647
26.5429 0.0371694 -0.0152801
26.6233 0.0358327 -0.0166221
26.7031 0.0344179 -0.0177341
26.7915 0.0327673 -0.018682
26.884 0.0309905 -0.0192094
26.9813 0.0291084 -0.0193388
27.0821 0.0272042 -0.0188871
27.1858 0.0254115 -0.0172932
27.293 0.0239667 -0.0134683
27.392 0.0232217 -0.00752589
27.4847 0.0230495 -0.00185695
27.573 0.0232612 0.00239821
27.6591 0.0237327 0.00547318
27.7403 0.0243592 0.00772
27.8177 0.025102 0.00959269
27.891 0.0259245 0.0112186
27.9628 0.0268377 0.0127255
28.0411 0.0279578 0.0142991
28.1228 0.0292403 0.0157144
28.2061 0.0306546 0.0169738
28.2859 0.0320885 0.0179587
28.372 0.0337056 0.0187907
28.4635 0.0354671 0.0192375
28.5571 0.0372672 0.0192321
28.6569 0.0391136 0.0185148
28.7675 0.0409052 0.0161892
28.8717 0.0421238 0.0116969
28.9693 0.0426767 0.00566321
29.0607 0.0427105 0.000369333
29.1502 0.0423782 -0.00370987
29.2354 0.0418206 -0.00654412
29.3164 0.0411179 -0.00868244
29.3928 0.0403203 -0.0104307
29.4698 0.0393907 -0.0120742
29.5481 0.0383231 -0.0136426
29.6266 0.0371406 -0.0150535
29.7074 0.035817 -0.0163847
29.7879 0.034409 -0.0174995
29.8765 0.0327746 -0.0184462
29.9695 0.0310107 -0.0189692
30.0674 0.0291392 -0.0191056
30.1691 0.0272431 -0.0186487
30.2724 0.025479 -0.0170796
30.3802 0.0240476 -0.0132736
30.4797 0.0233134 -0.00737979
30.5731 0.0231473 -0.00177893
30.6617 0.0233608 0.00240775
30.7484 0.0238323 0.00544052
30.8301 0.0244586 0.00766282
30.908 0.0251994 0.00951652
30.9817 0.0260191 0.011124
31.0539 0.0269302 0.0126216
31.133 0.0280539 0.0141945
31.2147 0.0293279 0.0155918
31.2978 0.0307258 0.0168305
31.3783 0.03216 0.0178181
31.4644 0.0337652 0.0186312
31.5561 0.035514 0.0190734
31.6497 0.0372986 0.0190662
31.7504 0.0391435 0.0183194
31.8611 0.0409076 0.0159396
31.9655 0.0420944 0.011374
32.0632 0.0426186 0.00536485
32.155 0.0426315 0.000140407
32.2451 0.0422833 -0.00386391
32.3304 0.041719 -0.00661995
32.4116 0.041011 -0.00871498
32.4887 0.0402054 -0.0104455
32.5662 0.0392694 -0.0120736
32.6449 0.0381988 -0.0136169
32.7238 0.0370129 -0.0150163
32.8051 0.035686 -0.0163311
32.8861 0.0342753 -0.0174207
32.9753 0.0326407 -0.0183255
33.0689 0.0308772 -0.0188313
33.1674 0.0290112 -0.0189428
33.2646 0.0272126 -0.0185118
33.3724 0.0254028 -0.0167847
33.4797 0.0240315 -0.0127779
33.5799 0.0233532 -0.00677117
33.6733 0.0232343 -0.00127327
33.7624 0.0234837 0.00280092
33.8491 0.02398 0.005725
33.9311 0.0246265 0.00788162
34.0092 0.0253814 0.00966949
34.0833 0.0262137 0.0112213
34.1561 0.0271365 0.0126742
34.2368 0.028283 0.0142089
34.3194 0.0295658 0.0155437
34.4026 0.0309571 0.0167112
34.4847 0.0324064 0.0176579
34.5718 0.0340083 0.0183925
34.6645 0.0357489 0.0187682
34.7592 0.0375165 0.0186778
34.8618 0.03934 0.0177748
34.9722 0.041014 0.0151587
35.0764 0.04209 0.0103304
35.1737 0.04252 0.00441654
35.2666 0.0424659 -0.00058236
35.3568 0.0420799 -0.00427799
35.4418 0.0415009 -0.00681395
35.5231 0.0407867 -0.00878276
35.6019 0.039961 -0.0104863
35.6804 0.0390121 -0.0120798
35.76 0.0379311 -0.0135881
35.8406 0.0367233 -0.0149877
35.9224 0.0353922 -0.0162626
36.0052 0.0339569 -0.0173369
36.0957 0.0323108 -0.0181793
36.1907 0.0305421 -0.0186249
36.2899 0.0286908 -0.0186711
36.3883 0.0269099 -0.0180957
36.4968 0.0251679 -0.0160491
36.603 0.0239361 -0.011599
36.7019 0.0233829 -0.00559097
36.7954 0.023346 -0.000395703
36.885 0.0236519 0.00341192
36.9707 0.0241726 0.00607468
37.0526 0.0248378 0.00812597
37.1299 0.0255982 0.00983565
37.2032 0.0264292 0.0113342
37.2771 0.0273743 0.0127959
37.3591 0.028548 0.0143168
37.4416 0.0298369 0.0156181
37.5225 0.0311895 0.0167266
37.6065 0.0326768 0.017697
37.6943 0.0342906 0.0183839
37.7885 0.0360553 0.0187228
37.8841 0.0378266 0.0185406
37.9896 0.0396612 0.0173928
38.0988 0.0412364 0.0144175
38.2019 0.0421864 0.0092147
38.2979 0.0425136 0.00340779
38.391 0.0423855 -0.00137652
38.48 0.0419611 -0.00476768
38.5646 0.0413542 -0.0071761
38.6452 0.0406231 -0.00906899
38.7239 0.0397779 -0.010745
38.8021 0.0388152 -0.0123159
38.8821 0.0377091 -0.0138164
38.9635 0.036471 -0.0152109
39.0454 0.0351239 -0.0164438
39.1304 0.0336386 -0.0174844
39.2216 0.0319768 -0.0182203
39.3178 0.0301886 -0.0185798
39.4175 0.0283437 -0.0185051
39.5163 0.0265912 -0.0177435
39.6257 0.0249168 -0.0153112
39.7306 0.0238223 -0.0104249
39.8285 0.0233863 -0.00445769
39.922 0.0234324 0.000492205
40.0114 0.023792 0.00402516
40.0962 0.0243424 0.00648653
40.178 0.0250326 0.00844506
40.2547 0.0258058 0.010078
40.3275 0.0266458 0.0115313
40.403 0.0276268 0.0130001
40.4859 0.0288279 0.0144829
40.5691 0.030138 0.0157555
40.65 0.0314995 0.0168273
40.7355 0.0330179 0.0177596
40.8247 0.0346556 0.0183693
40.9194 0.0364194 0.0186081
41.0162 0.0381874 0.018278
41.1242 0.0400024 0.0167954
41.2324 0.0414468 0.013356
41.3343 0.0422441 0.00781922
41.4294 0.0424598 0.00226723
41.5224 0.0422583 -0.00216841
41.6108 0.0417946 -0.00524478
41.6954 0.0411586 -0.00751321
41.7749 0.0404186 -0.0093054
41.854 0.0395509 -0.0109686
41.9321 0.0385745 -0.0125063
42.0111 0.0374721 -0.0139551
42.0925 0.0362238 -0.0153319
42.1743 0.0348738 -0.0165148
42.2614 0.0333471 -0.0175134
42.353 0.0316832 -0.0181716
42.4494 0.0299026 -0.0184756
42.55 0.0280592 -0.0183175
42.6512 0.0263054 -0.0173333
42.7621 0.0247032 -0.0144503
42.8662 0.0237499 -0.00915558
42.9632 0.0234266 -0.00333371
43.0564 0.0235486 0.00130839
43.146 0.0239597 0.00458904
43.2302 0.0245373 0.00685901
43.3113 0.0252431 0.00870352
43.3874 0.026024 0.010265
43.4605 0.0268791 0.0116995
43.5383 0.0279056 0.0131923
43.6211 0.029117 0.0146224
43.7051 0.0304505 0.0158831
43.7865 0.0318283 0.0169218
43.873 0.0333668 0.0177933
43.9639 0.0350326 0.0183268
44.059 0.0367875 0.0184506
44.1577 0.0385595 0.017946
44.2687 0.0403404 0.0160438
44.3758 0.0416324 0.0120621
44.4766 0.0422685 0.00631475
44.5711 0.0423653 0.00102282
44.6641 0.0420772 -0.00309762
44.7526 0.041551 -0.00595146
44.8371 0.0408687 -0.00807046
44.9159 0.0401005 -0.00975324
44.9954 0.0391977 -0.0113483
45.0743 0.0381865 -0.0128236
45.1545 0.0370462 -0.0142161
45.2365 0.0357728 -0.0155185
45.3193 0.0343972 -0.0166301
45.4083 0.0328364 -0.0175279
45.5019 0.0311472 -0.018053
45.6001 0.0293565 -0.0182231
45.7026 0.0275285 -0.017839
45.807 0.0258167 -0.0163947
45.9168 0.0244148 -0.0127752
