t x vx
0.01 0.0330001 5.80208e-06
0.02 0.0330002 1.36687e-05
0.39883 0.0331066 0.000280854
0.777535 0.0332661 0.000421101
1.16899 0.0334116 0.000371886
1.57225 0.0334658 0.000134231
1.97912 0.0333858 -0.000196608
2.3847 0.033187 -0.000490125
2.78154 0.0329189 -0.000675493
3.17305 0.0326243 -0.000752473
3.56133 0.032352 -0.000701328
3.95072 0.0321773 -0.000448637
4.33728 0.0321802 7.45608e-06
4.72297 0.0323502 0.000440704
5.09932 0.0326087 0.000686881
5.45787 0.0329026 0.000819636
5.80656 0.0332271 0.000930707
6.15091 0.033581 0.0010278
6.49103 0.0339359 0.00104326
6.83226 0.0342185 0.000828391
7.17472 0.0343163 0.000285601
7.52004 0.0342122 -0.00030154
7.86433 0.0339794 -0.000676166
8.19257 0.0336894 -0.00088359
8.51355 0.033343 -0.00107922
8.82752 0.032931 -0.00131222
9.13423 0.0324538 -0.00155586
9.44144 0.0319212 -0.00173361
9.74832 0.0314025 -0.0016902
10.061 0.0310453 -0.00114235
10.3803 0.0310081 -0.000116413
10.6953 0.0312336 0.000715731
10.9968 0.0315688 0.00111199
11.2901 0.0319518 0.00130574
11.5741 0.0323731 0.00148314
11.8532 0.0328539 0.00172239
12.1252 0.0333989 0.00200394
12.3994 0.0340212 0.00226954
12.6755 0.0346793 0.0023839
12.9596 0.0352843 0.00212913
13.2471 0.0356093 0.00113053
13.5396 0.0355564 -0.000181116
13.8229 0.0352596 -0.00104745
14.0924 0.0348748 -0.00142806
14.3565 0.0344452 -0.00162663
14.613 0.0339774 -0.00182358
14.8607 0.0334619 -0.0020812
15.1078 0.0328666 -0.00240879
15.3572 0.0321812 -0.00274841
15.6135 0.0314153 -0.00298834
15.8779 0.0306385 -0.00293865
16.1508 0.0300224 -0.00225716
16.4204 0.0298139 -0.000773171
16.6872 0.0299816 0.000628474
16.943 0.0303448 0.0014201
17.1908 0.0307863 0.0017815
17.4297 0.0312627 0.00199375
17.6631 0.0317796 0.00221547
17.8881 0.0323416 0.00249672
18.1141 0.0329834 0.00284059
18.3412 0.033709 0.00319429
18.5779 0.0345313 0.00347433
18.8167 0.0353718 0.00352023
19.0627 0.0361344 0.00309947
19.3165 0.0365739 0.00173162
19.5685 0.0365745 2.28658e-06
19.8152 0.036266 -0.00125043
20.0511 0.0358265 -0.00186335
20.2824 0.0353269 -0.00215988
20.5069 0.0347953 -0.00236831
20.7219 0.0342367 -0.00259754
20.9367 0.0336155 -0.00289189
21.154 0.0329124 -0.00323609
21.3764 0.0321178 -0.00357216
21.6062 0.0312447 -0.00380016
21.847 0.030341 -0.00375312
22.0928 0.0295655 -0.00315398
22.3398 0.0291749 -0.00158165
22.5887 0.0292414 0.000267094
22.8266 0.0295981 0.00149882
23.056 0.0300789 0.00209655
23.2782 0.0306071 0.00237689
23.4945 0.0311638 0.00257356
23.7036 0.0317469 0.00278876
23.911 0.0323814 0.00305963
24.1206 0.0330877 0.00337049
24.3386 0.0338892 0.0036757
24.567 0.0347744 0.00387596
24.795 0.0356469 0.00382651
25.0332 0.0364301 0.00328861
25.2839 0.0368611 0.00171868
25.5332 0.0368107 -0.000202116
25.7717 0.0364483 -0.00151929
26.0015 0.0359518 -0.00216044
26.2261 0.035403 -0.00244338
26.4447 0.0348307 -0.00261806
26.6537 0.0342446 -0.00280426
26.8636 0.0336042 -0.00305195
27.0765 0.0328923 -0.00334388
27.2942 0.032103 -0.00362518
27.5203 0.0312423 -0.00380604
27.7569 0.0303584 -0.00373643
28.0027 0.029584 -0.0031509
28.2498 0.0291868 -0.00160716
28.4997 0.029257 0.000280988
28.7391 0.029632 0.00156667
28.9696 0.0301355 0.00218443
29.1934 0.0306832 0.00244751
29.4115 0.0312521 0.0026078
29.6229 0.0318403 0.00278294
29.8318 0.03247 0.00301418
30.0435 0.0331657 0.00328676
30.2631 0.0339458 0.00355213
30.4932 0.0348004 0.00371352
30.7243 0.0356387 0.00362795
30.9639 0.0363714 0.00305816
31.2193 0.0367447 0.00146159
31.4717 0.0366461 -0.000390602
31.7133 0.0362556 -0.00161659
31.9473 0.0357424 -0.00219337
32.1754 0.035188 -0.00243049
32.3976 0.0346158 -0.0025748
32.6107 0.0340313 -0.00274317
32.8252 0.0333928 -0.00297608
33.0431 0.0326843 -0.00325249
33.2662 0.0319017 -0.00350745
33.4982 0.0310578 -0.00363812
33.7416 0.0302142 -0.00346564
33.9933 0.0295411 -0.00267444
34.2467 0.0292984 -0.000957454
34.497 0.0294862 0.000750235
34.7377 0.0299165 0.00178775
34.9723 0.0304462 0.00225738
35.199 0.0310028 0.00245484
35.4201 0.0315775 0.00259999
35.6341 0.0321732 0.00278302
35.8488 0.0328228 0.00302657
36.0658 0.0335377 0.00329451
36.2935 0.0343398 0.00352262
36.5306 0.0351895 0.00358336
36.7683 0.0359724 0.00329337
37.0183 0.0365356 0.00225285
37.276 0.0366415 0.000411033
37.5256 0.0363607 -0.00112475
37.7654 0.0358928 -0.00195137
37.9975 0.035361 -0.00229164
38.2239 0.0348058 -0.00245202
38.4439 0.0342339 -0.00260009
38.6609 0.0336255 -0.00280313
38.8813 0.0329501 -0.00306467
39.1081 0.0321932 -0.00333679
39.3399 0.0313765 -0.00352412
39.5808 0.0305362 -0.00348755
39.8334 0.0297871 -0.00296563
40.0886 0.0294022 -0.0015082
40.3452 0.0294794 0.000301223
40.5913 0.0298569 0.00153389
40.8278 0.0303576 0.00211669
41.0582 0.0309003 0.00235609
41.2825 0.0314606 0.0024976
41.5009 0.0320423 0.00266321
41.7165 0.0326653 0.00288988
41.9355 0.0333572 0.00315904
42.1614 0.0341272 0.00340899
42.3989 0.0349655 0.00352972
42.6376 0.0357645 0.00334758
42.885 0.0363984 0.0025619
43.1461 0.0366093 0.000807478
43.4001 0.0363939 -0.000848345
43.6434 0.0359522 -0.00181516
43.8786 0.0354289 -0.0022253
44.1085 0.0348769 -0.00240039
44.3324 0.0343085 -0.00253921
44.5499 0.0337159 -0.00272465
44.7714 0.0330566 -0.00297618
44.9967 0.0323243 -0.00324934
45.2274 0.031526 -0.00346074
45.4675 0.0306908 -0.00347926
45.72 0.0299175 -0.00306253
45.9754 0.0294674 -0.00176224
46.2349 0.0294832 6.09694e-05
46.4838 0.0298287 0.00138799
46.7209 0.0303098 0.00202891
46.9537 0.0308447 0.0022976
47.179 0.0313945 0.00244086
47.4 0.0319694 0.0026015
47.6163 0.0325799 0.00282154
47.8368 0.0332618 0.00309231
48.0616 0.0340155 0.00335262
48.2983 0.0348447 0.00350439
48.537 0.0356514 0.00337959
48.7829 0.0363186 0.00271249
49.0445 0.0365916 0.00104383
49.3006 0.0364206 -0.000667684
49.5456 0.0360002 -0.00171615
49.7825 0.0354844 -0.00217693
50.0138 0.0349369 -0.00236731
50.239 0.0343728 -0.00250477
50.4567 0.0337886 -0.00268348
50.6772 0.0331423 -0.00293014
50.9014 0.0324233 -0.00320833
51.1308 0.0316345 -0.00343791
51.3697 0.0307996 -0.00349467
51.6206 0.0300084 -0.00315319
51.8754 0.0295005 -0.00199317
52.1336 0.029452 -0.000187842
52.3837 0.0297596 0.00122966
52.622 0.0302244 0.00195131
52.8568 0.0307558 0.00226262
53.0825 0.0313011 0.00241663
53.3049 0.0318746 0.00257773
53.5214 0.0324792 0.00279349
53.7425 0.0331571 0.00306532
53.9658 0.0339012 0.00333303
54.2008 0.0347263 0.00351145
54.4387 0.0355449 0.00344045
54.6825 0.0362479 0.00288331
54.9417 0.0365932 0.00133211
55.1983 0.0364805 -0.000439169
55.444 0.036089 -0.00159304
55.6822 0.0355825 -0.00212669
55.9145 0.0350377 -0.0023449
56.141 0.034475 -0.00248488
56.3584 0.0338974 -0.00265645
56.5774 0.0332633 -0.00289496
56.7997 0.0325578 -0.0031748
57.0273 0.0317788 -0.00342257
57.2638 0.0309453 -0.00352362
57.5121 0.0301318 -0.003276
57.7661 0.0295433 -0.0023176
58.0224 0.0294016 -0.000552985
58.2736 0.0296525 0.000998623
58.514 0.0300983 0.00185522
58.7496 0.0306243 0.00223229
58.9762 0.0311692 0.00240404
59.2002 0.0317431 0.0025624
59.4164 0.0323412 0.00276643
59.6349 0.0330033 0.00302951
59.8561 0.0337339 0.0033034
60.0882 0.0345487 0.003511
60.3256 0.0353816 0.00350889
60.5664 0.0361252 0.00308733
60.8219 0.0365705 0.00174322
61.0789 0.0365497 -8.09574e-05
61.327 0.0362014 -0.00140376
61.5649 0.0357152 -0.00204398
61.799 0.0351741 -0.00231157
62.0255 0.0346174 -0.00245655
62.2437 0.0340466 -0.0026167
62.4614 0.0334283 -0.00284037
62.6821 0.0327407 -0.00311511
62.9087 0.0319747 -0.00337999
63.1426 0.0311491 -0.0035298
63.388 0.030317 -0.00339102
63.6421 0.029642 -0.00265698
63.8968 0.0293848 -0.00100988
64.1502 0.0295566 0.000678196
64.3937 0.0299746 0.00171656
64.6308 0.0304933 0.00218787
64.8605 0.0310418 0.00238783
65.0839 0.031608 0.00253423
65.3003 0.0321965 0.00271928
65.5168 0.0328385 0.00296535
65.7358 0.0335474 0.00323767
65.9649 0.0343422 0.00346931
66.203 0.0351832 0.00353121
66.4422 0.0359566 0.00323427
66.6936 0.0365021 0.00216964
66.9512 0.0365935 0.000354946
67.202 0.0363075 -0.00114043
67.4421 0.0358441 -0.0019306
67.6751 0.0353179 -0.00225776
67.9025 0.0347684 -0.0024173
68.123 0.0342016 -0.00256969
68.3409 0.0335962 -0.00277885
68.5619 0.0329231 -0.00304567
68.7898 0.032166 -0.00332142
69.022 0.0313521 -0.00350653
69.2641 0.0305146 -0.00345861
69.5169 0.0297788 -0.00291064
69.7713 0.0294137 -0.0014351
70.0277 0.0295029 0.00034777
70.274 0.0298835 0.00154563
70.5109 0.030383 0.00210795
70.7415 0.0309228 0.00234108
70.9665 0.0314821 0.00248582
71.1849 0.0320621 0.00265656
71.4008 0.0326858 0.00288811
71.6198 0.0333776 0.00315919
71.8463 0.0341497 0.00340846
72.0845 0.0349887 0.00352294
72.3229 0.0357819 0.00332684
72.571 0.0364044 0.0025093
72.8305 0.0366014 0.000758962
73.0841 0.0363802 -0.000872053
73.3272 0.0359387 -0.00181624
73.5625 0.035417 -0.00221734
73.7924 0.0348671 -0.0023927
74.016 0.0343001 -0.00253544
74.2335 0.0337071 -0.00272562
74.4551 0.0330466 -0.0029807
74.6809 0.0323117 -0.00325498
74.9118 0.031512 -0.00346321
75.1518 0.0306783 -0.00347457
75.404 0.0299102 -0.00304522
75.6588 0.0294683 -0.00173428
75.918 0.0294896 8.23317e-05
76.1671 0.0298387 0.0014011
76.4045 0.0303221 0.00203639
76.6373 0.0308578 0.00230157
76.8628 0.031409 0.00244406
77.0839 0.0319847 0.00260391
77.3005 0.0325961 0.00282224
77.5212 0.0332778 0.00308969
77.7465 0.0340317 0.00334498
77.9838 0.0348593 0.00348841
78.2228 0.0356601 0.0033503
78.4693 0.0363163 0.00266162
78.7314 0.0365731 0.000979815
78.9877 0.0363905 -0.000712407
79.2328 0.0359644 -0.00173854
79.4699 0.0354459 -0.0021861
79.7016 0.0348965 -0.00237139
79.9274 0.0343306 -0.0025067
80.1459 0.0337442 -0.00268384
80.3676 0.0330951 -0.00292755
80.5929 0.0323744 -0.00319829
80.8235 0.0315871 -0.00341429
81.0637 0.0307589 -0.00344833
81.3159 0.0299853 -0.00306689
81.5718 0.029515 -0.00183781
81.8314 0.0295056 -3.64382e-05
82.082 0.0298375 0.00132451
82.3206 0.0303136 0.00199549
82.5554 0.0308486 0.0022779
82.7821 0.0313972 0.0024205
83.0052 0.0319719 0.00257591
83.223 0.0325793 0.00278818
83.4454 0.0332581 0.00305292
83.671 0.0340044 0.00330739
83.9087 0.0348259 0.00345614
84.1489 0.0356253 0.00332883
84.3957 0.0362826 0.00266287
84.6583 0.0365471 0.00100759
84.9156 0.0363707 -0.00068568
85.1616 0.0359474 -0.00172025
85.3998 0.0354296 -0.00217364
85.6326 0.0348805 -0.00235961
85.8594 0.0343149 -0.0024931
86.0788 0.0337298 -0.0026675
86.3012 0.0330828 -0.00290852
86.5272 0.0323647 -0.00317676
86.7586 0.0315804 -0.00339014
86.9996 0.0307562 -0.00341988
87.2527 0.0299893 -0.0030296
87.5096 0.029531 -0.00178426
87.7701 0.0295338 1.05575e-05
88.0213 0.0298729 0.00135008
88.2605 0.0303523 0.00200389
88.4957 0.0308878 0.00227657
88.7231 0.0314369 0.00241561
88.9467 0.0320116 0.00256989
89.1653 0.0326198 0.00278197
89.3883 0.0332991 0.00304539
89.6151 0.0340463 0.0032957
89.8539 0.0348664 0.00343336
90.0951 0.035658 0.00328314
90.3432 0.0362955 0.00256872
90.6073 0.0365266 0.000875427
90.8643 0.0363268 -0.000777514
91.1104 0.0358933 -0.00176161
91.3487 0.0353727 -0.00218414
91.5816 0.0348231 -0.00236008
91.8086 0.0342569 -0.00249385
92.0287 0.0336688 -0.00267211
92.2525 0.0330163 -0.00291608
92.48 0.0322926 -0.00318101
92.7128 0.0315053 -0.00338161
92.9554 0.0306848 -0.00338213
93.2104 0.0299372 -0.00293235
93.4681 0.0295266 -0.00159326
93.7292 0.0295761 0.000189765
93.98 0.0299395 0.00144858
94.22 0.0304309 0.00204752
94.4545 0.0309684 0.00229154
94.6824 0.0315212 0.00242554
94.9055 0.0320972 0.00258236
95.1247 0.0327107 0.00279938
95.3478 0.0333938 0.00306194
95.5763 0.0341488 0.00330362
95.817 0.0349706 0.0034134
96.0591 0.0357471 0.00320775
96.3096 0.0363406 0.0023697
96.5736 0.0365046 0.000621141
96.8296 0.0362613 -0.000950621
97.0752 0.0358095 -0.00183941
97.3129 0.0352844 -0.00220848
97.5454 0.0347336 -0.0023699
97.772 0.0341653 -0.0025076
97.9929 0.0335698 -0.00269531
98.218 0.032907 -0.00294491
98.4478 0.0321701 -0.0032057
98.683 0.0313745 -0.00338409
98.9276 0.0305594 -0.00333106
99.1844 0.029847 -0.00277495
99.443 0.0295109 -0.00129986
99.7023 0.0296226 0.000430738
99.9518 0.0300154 0.00157479
100.192 0.0305201 0.00210198
100.426 0.0310622 0.00231654
100.654 0.0316217 0.00245105
100.876 0.0322016 0.00261619
101.096 0.0328263 0.00284292
101.318 0.0335185 0.00310547
101.549 0.0342882 0.00333381
101.792 0.035114 0.00340093
102.035 0.0358707 0.00311246
102.289 0.0363983 0.00208288
102.552 0.036475 0.00029129
102.806 0.0361778 -0.0011679
103.05 0.0357078 -0.00193062
103.287 0.0351773 -0.00224004
103.518 0.0346255 -0.00238617
103.743 0.0340573 -0.00252811
103.965 0.0334514 -0.00272777
104.19 0.0327786 -0.00298299
104.423 0.0320255 -0.00323817
104.66 0.0312231 -0.0033861
104.908 0.0304151 -0.00326178
105.166 0.0297538 -0.00256004
105.425 0.029506 -0.000955345
105.683 0.0296845 0.000693538
105.93 0.0301075 0.00170734
106.171 0.0306278 0.00216044
106.405 0.0311772 0.00234797
106.633 0.0317426 0.00248396
106.854 0.0323299 0.00266022
107.075 0.0329702 0.00289736
107.298 0.0336763 0.00315689
107.532 0.0344622 0.00336227
107.775 0.0352821 0.00336987
108.02 0.0360091 0.00297105
108.277 0.0364468 0.00170434
108.539 0.0364245 -8.51158e-05
108.791 0.0360727 -0.00139389
109.034 0.0355804 -0.00202962
109.272 0.0350342 -0.00228748
109.503 0.0344754 -0.00241869
109.726 0.0339034 -0.00256483
109.949 0.0332864 -0.00277415
110.175 0.0326019 -0.00303174
110.407 0.031843 -0.00326955
110.646 0.0310366 -0.0033724
110.897 0.0302468 -0.00314584
111.156 0.0296673 -0.0022334
111.417 0.0295322 -0.000518945
111.672 0.029789 0.00100383
111.917 0.0302406 0.00184597
112.158 0.0307727 0.00221185
112.389 0.031321 0.00236898
112.618 0.031895 0.00251117
112.839 0.032492 0.00270074
113.062 0.0331507 0.00294819
113.288 0.033875 0.00320058
113.526 0.0346755 0.0033703
113.769 0.0354773 0.00329403
114.016 0.0361538 0.00273756
114.278 0.0364737 0.00122341
114.538 0.0363444 -0.000496903
114.788 0.0359419 -0.00161189
115.03 0.0354283 -0.00212055
115.266 0.0348794 -0.00232191
115.497 0.0343139 -0.00244944
115.719 0.0337343 -0.00260963
115.943 0.0330991 -0.00283633
116.171 0.0323949 -0.0030963
116.404 0.0316241 -0.00330858
116.646 0.0308137 -0.00334505
116.9 0.030057 -0.00297416
117.16 0.0295989 -0.00176606
117.422 0.0295989 1.94141e-07
117.676 0.0299378 0.00133564
117.917 0.0304185 0.00198953
118.155 0.0309555 0.00225921
118.385 0.0315049 0.00239152
118.611 0.0320796 0.0025383
118.832 0.0326864 0.00274302
119.058 0.0333638 0.00299867
119.287 0.0341057 0.00323715
119.529 0.034916 0.00335368
119.773 0.035688 0.00316346
120.024 0.0362823 0.00236648
120.291 0.0364526 0.000637823
120.549 0.0362126 -0.000930502
120.797 0.0357605 -0.0018249
121.037 0.0352347 -0.00219418
121.271 0.0346832 -0.00235192
121.5 0.0341151 -0.00248396
121.723 0.0335211 -0.00266578
121.95 0.0328605 -0.00290858
