t x vx
0.01 0.0330027 0.000267522
0.02 0.0330167 0.00140002
0.0615213 0.0332477 0.00556464
0.104769 0.0336452 0.0091906
0.154562 0.0342618 0.0123841
0.206616 0.0350247 0.0146555
0.260309 0.0358758 0.0158511
0.318864 0.0367932 0.0156673
0.37863 0.0376323 0.0140389
0.439785 0.0383056 0.0110111
0.501719 0.0387223 0.00672734
0.562314 0.0388231 0.00166388
0.617999 0.0386213 -0.00362455
0.678973 0.0380133 -0.00997082
0.731922 0.0371865 -0.0156157
0.789897 0.0359408 -0.0214863
0.841581 0.0345781 -0.0263659
0.893675 0.0329737 -0.0307986
0.946622 0.0311452 -0.0345347
0.998362 0.0292118 -0.0373675
1.04898 0.0272208 -0.0393301
1.09872 0.0252132 -0.0403618
1.14708 0.0232578 -0.0404348
1.1944 0.021392 -0.0394344
1.24056 0.0196748 -0.0372037
1.28646 0.018138 -0.0334752
1.33279 0.0168409 -0.0279981
1.38072 0.0158545 -0.0205792
1.40025 0.015523 -0.0169767
1.41956 0.0152659 -0.0133188
1.43862 0.0150821 -0.00964069
1.4574 0.0149705 -0.0059402
1.47566 0.0149274 -0.00236233
1.49342 0.0149468 0.00109688
1.51016 0.0150191 0.00431252
1.52609 0.0151348 0.00726872
1.54176 0.015293 0.0100964
1.55767 0.0154978 0.0128751
1.57312 0.0157377 0.015522
1.5872 0.0159898 0.0179025
1.62637 0.0169554 0.024654
1.66423 0.0181149 0.0306228
1.70747 0.0197186 0.0370885
1.75322 0.0217042 0.0434044
1.79687 0.0238392 0.0489139
1.83933 0.0261268 0.0538674
1.88202 0.0286185 0.0583752
1.92312 0.0311787 0.0622964
1.96399 0.0338647 0.0657175
2.00512 0.0366852 0.0685788
2.0464 0.0396064 0.0707518
2.08825 0.0426268 0.0721852
2.13016 0.0456771 0.07278
2.17082 0.0486257 0.0725106
2.20993 0.0514149 0.0713196
2.22439 0.0524576 0.0720913
2.23759 0.0534203 0.0729757
2.24813 0.054198 0.0737761
