t x vx
0.01 0.0330083 0.000833629
0.02 0.0330264 0.00180192
0.0521696 0.0331743 0.00459876
0.0845902 0.0334153 0.00743446
0.117989 0.0337587 0.0102812
0.15212 0.0342007 0.0129484
0.186583 0.034726 0.0152429
0.221777 0.0353203 0.0168871
0.256887 0.0359408 0.0176733
0.290745 0.0365337 0.0175109
0.323677 0.0370736 0.0163944
0.356897 0.0375512 0.0143785
0.388693 0.0379179 0.0115303
0.42143 0.0381738 0.00781679
0.453657 0.0382832 0.00339542
0.485264 0.0382327 -0.00159682
0.516807 0.0380097 -0.0070704
0.547109 0.0376308 -0.0125028
0.577722 0.0370846 -0.0178414
0.608123 0.0363968 -0.0226261
0.63826 0.0355944 -0.026626
0.668682 0.0346937 -0.0296063
0.698608 0.0337566 -0.0313117
0.729179 0.0327914 -0.0315727
0.759763 0.0318668 -0.0302313
0.789653 0.0310449 -0.0274993
0.819405 0.0303498 -0.0233616
0.849494 0.0298143 -0.0177988
0.879354 0.0294807 -0.0111713
0.909296 0.0293648 -0.0038704
0.93775 0.0294595 0.00332663
0.967814 0.0297763 0.0105369
0.995295 0.0302252 0.0163355
1.0243 0.0308347 0.0210126
1.05283 0.0315204 0.0240355
1.08066 0.0322242 0.0252912
1.10816 0.032907 0.0248261
1.13521 0.0335192 0.0226337
1.1626 0.0340331 0.0187595
1.18897 0.0343926 0.0136382
1.21548 0.0345936 0.00757965
1.24396 0.0346055 0.000417126
1.27238 0.0344074 -0.00697042
1.30284 0.0339718 -0.0143016
1.33181 0.03339 -0.0200801
1.36361 0.0326073 -0.024616
1.39404 0.0317872 -0.0269512
1.42502 0.0309468 -0.0271258
1.45533 0.030189 -0.0250009
1.48444 0.0295812 -0.0208757
1.51174 0.0291615 -0.0153752
1.54103 0.0289274 -0.00799267
1.57099 0.0289421 0.000490048
1.59949 0.0291977 0.00896771
1.62729 0.0296727 0.0170871
1.65613 0.030373 0.0242798
1.68499 0.031237 0.0299413
1.71402 0.0322196 0.0338538
1.74267 0.0332405 0.0356308
1.77077 0.0342337 0.0353499
1.79755 0.035121 0.0331244
1.82481 0.0359137 0.0290785
1.85405 0.0365843 0.0229366
1.88262 0.0370239 0.0153868
1.91145 0.0372257 0.0070014
1.94123 0.0371682 -0.00193242
1.97173 0.0368388 -0.0107975
2.00109 0.0362994 -0.0183722
2.03167 0.0355516 -0.0244603
2.06184 0.0346938 -0.0284353
2.09189 0.0337852 -0.0302238
2.12096 0.0329196 -0.0297848
2.14981 0.0321328 -0.0272679
2.17628 0.0315212 -0.023112
2.20406 0.0310388 -0.0173633
2.23259 0.0307491 -0.0101558
2.26152 0.0306905 -0.00202378
2.28968 0.0308613 0.00606675
2.31857 0.0312657 0.0139948
2.34819 0.0318842 0.0208789
2.37672 0.0326281 0.0260818
2.40721 0.033533 0.0296779
2.43723 0.0344625 0.0309607
2.46727 0.0353627 0.0299713
2.49624 0.0361432 0.0269418
2.52505 0.0367742 0.0218953
2.55552 0.0372261 0.0148325
2.58438 0.0374239 0.00685303
2.61351 0.0373707 -0.00182471
2.64351 0.037048 -0.010758
2.6731 0.0364883 -0.0189122
2.70211 0.0357504 -0.0254304
2.73201 0.0348462 -0.0302417
2.76142 0.03388 -0.0328576
2.79054 0.0329086 -0.0333619
2.81893 0.0320079 -0.0317204
2.84569 0.031248 -0.0284036
2.87301 0.0306119 -0.0232802
2.90117 0.0301444 -0.0165985
2.92977 0.0298963 -0.00867889
2.95984 0.0299006 0.00014239
2.98936 0.0301604 0.00880252
3.01739 0.0306219 0.0164644
3.04763 0.0313234 0.0231986
3.07679 0.0321379 0.0279321
3.10728 0.0330737 0.0306958
3.13702 0.034001 0.031174
3.16582 0.0348488 0.0294403
3.19398 0.0355779 0.0258886
3.22277 0.036162 0.0202872
3.2512 0.0365378 0.0132197
3.27971 0.0366879 0.00526674
3.30847 0.0365939 -0.00326838
3.33899 0.0362272 -0.0120138
3.369 0.0356369 -0.019674
3.3987 0.0348751 -0.0256515
3.42836 0.0339945 -0.0296872
3.45845 0.0330443 -0.0315709
3.48769 0.032133 -0.031175
3.51666 0.0313037 -0.0286218
3.54332 0.0306529 -0.0244091
3.57134 0.0301347 -0.0184938
3.60012 0.029817 -0.0110401
3.62883 0.0297398 -0.00268815
3.65728 0.0299049 0.00580399
3.68605 0.0303095 0.014062
3.71592 0.0309476 0.0213628
3.7442 0.0317077 0.0268789
3.7749 0.0326546 0.0308473
3.80452 0.0336169 0.0324773
3.83426 0.0345675 0.0319694
3.86263 0.0353995 0.0293257
3.89104 0.0361055 0.0248483
3.92136 0.0366573 0.0182024
3.95047 0.0369598 0.0103913
3.98013 0.0370138 0.00182208
4.00885 0.0368214 -0.00670076
4.04043 0.0363356 -0.0153848
4.06874 0.0357111 -0.0220565
4.0994 0.0348707 -0.0274121
4.12801 0.0339971 -0.0305302
4.15802 0.0330478 -0.0316322
4.18719 0.0321605 -0.0304157
4.21536 0.0313927 -0.0272644
4.24206 0.0307928 -0.0224602
4.26975 0.0303455 -0.0161607
4.2984 0.0301037 -0.00843884
4.3278 0.0301058 7.20919e-05
4.35741 0.0303617 0.0086423
4.38497 0.0308076 0.0161742
4.41527 0.031503 0.0229528
4.44395 0.032298 0.027728
4.4749 0.0332495 0.0307318
4.50479 0.034187 0.0313764
4.53387 0.0350545 0.0298285
4.56214 0.0358009 0.0264023
4.59086 0.0364028 0.0209531
4.61971 0.0368039 0.0139084
4.64827 0.036974 0.00595324
4.67735 0.0368966 -0.002663
4.70777 0.0365469 -0.0114962
4.73756 0.0359716 -0.0193112
4.76695 0.0352225 -0.0254907
4.79674 0.0343336 -0.0298329
4.8267 0.0333753 -0.0319954
4.85595 0.0324414 -0.031926
4.88468 0.0315866 -0.0297469
4.91133 0.0308961 -0.0259155
4.9394 0.0303273 -0.0202623
4.96793 0.0299536 -0.0130953
4.99657 0.029813 -0.00491173
5.02708 0.0299351 0.0040007
5.05696 0.0303089 0.012513
5.08667 0.0309004 0.0199103
5.11547 0.0316402 0.0256884
5.14606 0.0325534 0.0298552
5.17611 0.0335067 0.031717
5.20609 0.0344478 0.0313902
5.23482 0.0352778 0.0288881
5.26342 0.0359791 0.024526
5.29396 0.036528 0.017976
5.32256 0.0368248 0.0103755
5.35197 0.0368825 0.0019609
5.38086 0.0366939 -0.00652679
5.41173 0.0362297 -0.0150347
5.44022 0.0356098 -0.0217562
5.47105 0.0347726 -0.0271551
5.4997 0.0339045 -0.0303027
5.52938 0.0329707 -0.0314666
5.55867 0.032082 -0.0303418
5.58718 0.0313058 -0.02722
5.61387 0.0307065 -0.0224571
5.64158 0.0302577 -0.0161968
5.67033 0.0300139 -0.00847855
5.69972 0.0300144 1.79814e-05
5.72939 0.0302696 0.00860194
5.75696 0.0307147 0.0161451
5.78731 0.0314118 0.0229662
5.81605 0.03221 0.0277778
5.84702 0.0331655 0.0308479
5.87694 0.0341097 0.0315549
5.90604 0.0349857 0.0301074
5.93429 0.0357409 0.0267336
5.96302 0.0363553 0.0213866
5.99191 0.0367716 0.0144044
6.02053 0.0369571 0.00648534
6.05031 0.0368906 -0.0022328
6.0809 0.036552 -0.011071
6.11104 0.0359813 -0.018932
6.14059 0.0352387 -0.0251305
6.17067 0.0343518 -0.0294848
6.20079 0.033399 -0.0316344
6.23015 0.032473 -0.0315409
6.25902 0.0316263 -0.0293307
6.28578 0.0309447 -0.0254683
6.31398 0.0303864 -0.0197943
6.34261 0.0300255 -0.0126107
6.37132 0.0298985 -0.00442055
6.40147 0.0300299 0.00435927
6.43157 0.0304169 0.0128583
6.46134 0.0310175 0.0201727
6.49021 0.0317641 0.0258583
6.52083 0.0326802 0.0299176
6.55087 0.0336318 0.0316807
6.58088 0.0345701 0.0312673
6.60966 0.0353963 0.0287042
6.63833 0.0360917 0.0242563
6.66886 0.036631 0.0176674
6.69762 0.0369195 0.0100317
6.72718 0.036966 0.00157199
6.7557 0.0367713 -0.00682633
6.78728 0.0362841 -0.0154268
6.81562 0.0356589 -0.022055
6.8461 0.0348255 -0.0273471
6.87465 0.0339565 -0.0304393
6.90474 0.0330073 -0.031541
6.93401 0.0321196 -0.0303274
6.96228 0.0313513 -0.0271836
6.98904 0.030752 -0.0223932
7.01677 0.0303051 -0.0161141
7.04548 0.0300634 -0.00841905
7.07497 0.0300653 6.39035e-05
7.10475 0.0303224 0.00863166
7.13238 0.0307681 0.0161326
7.16289 0.0314675 0.0229211
7.19165 0.0322634 0.0276794
7.22264 0.033214 0.030673
7.25279 0.034158 0.0313109
7.28195 0.0350267 0.0297841
7.31034 0.0357747 0.0263517
7.3392 0.0363786 0.020927
7.36806 0.0367806 0.0139256
7.3967 0.0369526 0.00600651
7.42673 0.0368704 -0.00273767
7.4573 0.0365181 -0.0115198
7.48748 0.035936 -0.0192883
7.5171 0.0351844 -0.0253797
7.547 0.0342998 -0.0295825
7.57715 0.0333469 -0.0316029
7.6065 0.0324262 -0.0313782
7.63544 0.0315852 -0.0290538
7.66217 0.0309144 -0.0250949
7.69028 0.0303697 -0.0193803
7.71903 0.0300208 -0.0121337
7.74782 0.0299082 -0.00391232
7.77737 0.0300468 0.00469135
7.80791 0.0304505 0.0132167
7.8377 0.0310589 0.0204271
7.8665 0.0318071 0.0259775
7.89721 0.0327258 0.0299164
7.92728 0.0336745 0.0315504
7.95728 0.034605 0.0310112
7.98607 0.0354213 0.0283589
8.01477 0.0361048 0.0238119
8.04518 0.0366276 0.0171936
8.0742 0.0369033 0.00950043
8.10393 0.0369333 0.0010076
8.13226 0.036726 -0.00731836
8.16372 0.0362285 -0.0158146
8.19208 0.0355944 -0.0223564
8.22243 0.0347587 -0.0275326
8.25103 0.033886 -0.0305207
8.28119 0.0329354 -0.0315118
8.31049 0.0320508 -0.0301916
8.33868 0.0312904 -0.0269722
8.36556 0.0306966 -0.0220903
8.39337 0.0302588 -0.0157443
8.42207 0.0300284 -0.00802853
8.45166 0.0300425 0.000474188
8.48156 0.0303133 0.00905677
8.50972 0.0307803 0.0165874
8.54033 0.0314933 0.0232913
8.56947 0.0323091 0.0279884
8.60021 0.0332563 0.030815
8.6303 0.0341993 0.0313407
8.65937 0.0350633 0.0297273
8.68777 0.0358077 0.0262123
8.71678 0.0364082 0.0206941
8.74548 0.0368006 0.0136734
8.77417 0.0369649 0.00572641
8.80452 0.0368715 -0.00307601
8.83507 0.0365108 -0.0118092
8.86553 0.0359158 -0.0195341
8.8955 0.0351502 -0.0255438
8.92536 0.0342672 -0.0295648
8.95561 0.0333169 -0.0314157
8.98493 0.0324072 -0.0310271
9.01404 0.0315764 -0.0285481
9.04074 0.0309232 -0.0244592
9.06877 0.0303995 -0.0186796
9.09775 0.0300709 -0.0113421
9.1267 0.029981 -0.00310358
9.15549 0.0301328 0.0052723
9.18508 0.0305331 0.0135325
9.21501 0.0311523 0.0206822
9.24378 0.0319033 0.0261112
9.27457 0.0328246 0.0299191
9.30474 0.0337722 0.0314097
9.3348 0.0346955 0.0307135
9.36364 0.0355011 0.0279286
9.39244 0.03617 0.0232252
9.42283 0.036672 0.0165186
9.45205 0.0369274 0.00874194
9.48197 0.0369331 0.000189906
9.51009 0.0367056 -0.00808679
9.5412 0.0361935 -0.0164619
9.56976 0.0355382 -0.0229409
9.60014 0.0346886 -0.0279714
9.62913 0.0337956 -0.0308018
9.65918 0.0328469 -0.0315731
9.68834 0.0319692 -0.0300982
9.71621 0.0312227 -0.0267893
9.74326 0.0306329 -0.0217978
9.77122 0.0302042 -0.0153333
9.79984 0.0299872 -0.00758257
9.82956 0.0300157 0.000959011
9.85964 0.0303035 0.0095682
9.8886 0.0308007 0.0171689
9.91908 0.031524 0.0237283
9.94902 0.0323729 0.0283587
9.97929 0.0333092 0.0309287
10.0095 0.0342534 0.0312947
10.0384 0.0351087 0.0295208
10.0669 0.0358441 0.0258597
10.0961 0.0364347 0.020186
10.1247 0.0368087 0.0130936
10.1535 0.0369553 0.00508916
10.1839 0.0368422 -0.00371933
10.2144 0.0364653 -0.012365
10.2444 0.0358682 -0.0198779
10.2753 0.0350705 -0.0258365
10.3052 0.034185 -0.0295989
10.3355 0.0332396 -0.0312416
10.365 0.0323358 -0.0306322
10.3943 0.0315175 -0.0279395
10.4209 0.0308859 -0.023662
10.4489 0.0303896 -0.0177654
10.4781 0.0300889 -0.0102878
10.5073 0.0300301 -0.00201628
10.5359 0.0302099 0.00627182
10.5645 0.0306148 0.0141753
10.5948 0.0312571 0.0212139
10.6234 0.0320126 0.026397
10.6546 0.032948 0.0299743
10.6849 0.0338931 0.0311627
10.7149 0.0347985 0.0301721
10.7437 0.0355815 0.027172
10.7726 0.036224 0.0222562
10.8027 0.0366896 0.0154548
10.8319 0.0369126 0.00766124
10.8622 0.0368825 -0.000991516
10.8905 0.0366209 -0.00925041
10.9215 0.0360789 -0.0174484
10.9511 0.0353733 -0.0238473
10.9818 0.0344984 -0.0285396
11.0118 0.0335685 -0.0309884
11.0417 0.032633 -0.0312627
11.0709 0.0317757 -0.0293474
11.0984 0.0310707 -0.0256997
11.1261 0.0305073 -0.0203475
11.1545 0.0301236 -0.0134884
11.1833 0.0299649 -0.00551467
11.2137 0.0300612 0.00316514
11.2444 0.0304221 0.0117499
11.2743 0.0309959 0.0191845
11.3038 0.0317377 0.0251184
11.3346 0.0326409 0.0293655
11.3649 0.0335901 0.0313336
11.3952 0.0345338 0.0311576
11.4242 0.0353712 0.0288446
11.453 0.0360798 0.0246333
11.4834 0.0366368 0.0183251
11.5121 0.0369491 0.0108801
11.5414 0.0370248 0.00258159
11.5711 0.0368463 -0.0060167
11.601 0.0364176 -0.0143398
11.6299 0.0358019 -0.0212528
11.6613 0.0349624 -0.0268065
11.6903 0.0340921 -0.0300077
11.7199 0.0331654 -0.0312376
11.7494 0.0322748 -0.0302151
11.7783 0.0314897 -0.0271812
11.8051 0.0308853 -0.0225356
11.833 0.0304286 -0.0163553
11.8621 0.0301752 -0.00872947
11.8911 0.0301619 -0.000456622
11.9211 0.0304034 0.00804411
11.9486 0.0308283 0.0154639
11.9797 0.0315228 0.0223362
12.0086 0.0323079 0.0271326
12.0399 0.0332511 0.0301855
12.0706 0.034201 0.0308649
12.1002 0.0350689 0.0293912
12.1289 0.0358173 0.0260193
12.1581 0.0364195 0.020683
12.1872 0.0368209 0.0137625
12.216 0.0369913 0.00593268
12.2472 0.0368991 -0.00294966
12.278 0.0365407 -0.0116563
12.3087 0.0359437 -0.0194164
12.3387 0.03518 -0.0254467
12.369 0.0342876 -0.0295202
12.3994 0.0333305 -0.0313961
12.429 0.032412 -0.0310581
12.4583 0.031574 -0.0286171
12.4852 0.030912 -0.0245674
12.5136 0.0303799 -0.0187928
12.5426 0.030046 -0.0114885
12.5717 0.0299509 -0.00326598
12.6007 0.0300978 0.00507292
12.6304 0.0304933 0.0133103
12.6605 0.0311086 0.0204553
12.6894 0.0318576 0.0258851
12.7204 0.0327755 0.0296712
12.7508 0.0337216 0.0311251
12.7809 0.0346377 0.0304018
12.8099 0.0354379 0.0276271
12.8388 0.0361006 0.0229174
12.8691 0.0365945 0.0162782
12.8983 0.0368447 0.00856829
12.9284 0.0368459 4.10022e-05
12.9567 0.0366142 -0.00820169
12.9879 0.0361001 -0.0164842
13.0166 0.0354414 -0.0228865
13.0471 0.0345936 -0.0278135
13.0762 0.0337057 -0.0305234
13.1064 0.0327651 -0.0311746
13.1357 0.031897 -0.0295747
13.1637 0.0311661 -0.0261531
13.1909 0.0305916 -0.0210914
13.219 0.0301828 -0.0145519
13.2477 0.0299882 -0.00679099
13.2776 0.0300398 0.00172688
13.3081 0.030356 0.0103377
13.3384 0.0308999 0.0179854
13.3686 0.0316325 0.0242685
13.3992 0.0325117 0.0287391
13.4291 0.0334415 0.0310172
13.4597 0.0343938 0.0311787
13.4887 0.0352405 0.0291846
13.5174 0.0359657 0.0253119
13.5471 0.0365435 0.0194065
13.5757 0.0368923 0.0121919
13.6048 0.0370108 0.00407279
13.6355 0.036865 -0.00475254
13.6649 0.03648 -0.0130795
13.6947 0.035874 -0.0203616
13.7266 0.035038 -0.0262149
13.7562 0.0341608 -0.0296579
13.7861 0.0332282 -0.0311024
13.8157 0.0323312 -0.0303078
13.845 0.031527 -0.0274541
13.8719 0.0309084 -0.023015
13.8999 0.0304325 -0.0169896
13.9291 0.030156 -0.00946199
13.9586 0.0301216 -0.00116887
13.9881 0.0303329 0.00717992
14.0162 0.03075 0.0147946
14.0469 0.0314149 0.0216857
14.0763 0.032199 0.0266656
14.1077 0.0331352 0.0298468
14.1389 0.0340925 0.0306426
14.1688 0.0349662 0.0292575
14.1978 0.0357187 0.0259692
14.227 0.0363238 0.0207253
14.2566 0.0367338 0.0138195
14.2856 0.0369083 0.00602387
14.3168 0.0368225 -0.00275042
14.3479 0.0364659 -0.0114584
14.3786 0.0358771 -0.0191604
14.4088 0.035118 -0.0251761
14.4393 0.034225 -0.0292348
14.47 0.0332715 -0.0310748
14.4998 0.0323574 -0.0307004
14.5293 0.031525 -0.0282079
14.5564 0.0308706 -0.0241008
14.585 0.0303494 -0.0182808
14.6141 0.0300297 -0.0109569
14.6434 0.0299492 -0.00275174
14.6722 0.0301084 0.005517
