t x vx
0.01 0.0329976 -0.000236563
0.02 0.0329922 -0.000540092
0.0530959 0.0329432 -0.00148054
0.0863769 0.0328604 -0.00248796
0.120202 0.0327402 -0.00355361
0.155307 0.0325766 -0.00466198
0.191217 0.0323695 -0.00576542
0.227644 0.0321249 -0.00671527
0.263562 0.0318584 -0.00742028
0.299693 0.0315743 -0.0078631
0.335843 0.0312829 -0.00806178
0.371557 0.0310005 -0.00790642
0.406855 0.0307385 -0.0074226
0.44142 0.0305059 -0.00672853
0.475146 0.0303097 -0.00581808
0.508991 0.0301522 -0.00465213
0.542741 0.0300414 -0.00328366
0.576295 0.0299843 -0.00170303
0.609799 0.029986 5.21411e-05
0.642882 0.0300492 0.00191068
0.67567 0.0301739 0.00380128
0.708268 0.0303602 0.00571671
0.740731 0.030606 0.00757094
0.773131 0.0309061 0.00926337
0.80554 0.0312525 0.0106875
0.838034 0.0316345 0.0117564
0.870688 0.0320403 0.0124275
0.903549 0.0324556 0.0126382
0.936635 0.0328645 0.0123566
0.969456 0.0332447 0.0115843
1.00172 0.0335796 0.010382
1.03348 0.0338585 0.00878081
1.06484 0.0340717 0.00679827
1.09595 0.0342123 0.00451807
1.1263 0.0342745 0.00205023
1.1565 0.0342594 -0.000501165
1.18677 0.0341676 -0.00303061
1.21686 0.0340038 -0.00544499
1.24694 0.0337751 -0.00760309
1.27712 0.0334916 -0.00939404
1.30749 0.0331693 -0.0106109
1.33797 0.0328297 -0.011144
1.3686 0.0324947 -0.010936
1.3997 0.0321841 -0.00998753
1.43053 0.031928 -0.00830686
1.46112 0.0317454 -0.00596841
1.49143 0.0316542 -0.00300763
1.52148 0.0316675 0.00044066
1.5514 0.0317902 0.00410169
1.58085 0.0320202 0.00781107
1.61024 0.0323532 0.0113277
1.6389 0.03276 0.0141992
1.66745 0.0332255 0.0163035
1.6962 0.0337291 0.0175154
1.72507 0.0342411 0.0177336
1.75367 0.0347246 0.0169082
1.78107 0.0351401 0.0151637
1.80775 0.0354747 0.0125415
1.83444 0.0357179 0.00911309
1.86187 0.0358503 0.00482464
1.88953 0.035845 -0.000189919
1.9173 0.0356868 -0.00569703
1.94592 0.0353621 -0.0113481
1.97603 0.034862 -0.0166079
2.0055 0.0342493 -0.0207882
2.03499 0.033551 -0.023679
2.06329 0.0328441 -0.0249768
2.09122 0.0321542 -0.0247085
2.1184 0.0315302 -0.0229524
2.14569 0.0309886 -0.0198476
2.17356 0.0305586 -0.015426
2.20153 0.0302829 -0.00985925
2.22945 0.0301863 -0.00346041
2.25852 0.030294 0.00370793
2.28738 0.0306058 0.0107999
2.31657 0.0311109 0.017307
2.34514 0.0317538 0.0225032
2.37307 0.0324863 0.0262254
2.40203 0.0333052 0.0282755
2.43202 0.0341548 0.0283252
2.46167 0.034938 0.0264191
2.49064 0.0355958 0.0227018
2.52026 0.0361036 0.017148
2.54807 0.0363986 0.0106058
2.57676 0.0364858 0.00303964
2.60489 0.0363518 -0.00476262
2.63559 0.0359574 -0.0128507
2.66394 0.0354066 -0.0194247
2.69506 0.0346286 -0.0250023
2.72439 0.0337927 -0.028494
2.75459 0.0328873 -0.0299813
2.78398 0.0320269 -0.0292745
2.81247 0.0312689 -0.0266045
2.83912 0.0306739 -0.022333
2.86699 0.0302157 -0.0164383
2.89515 0.0299585 -0.00913342
2.92447 0.0299342 -0.000827924
2.95455 0.0301715 0.00788608
2.9818 0.0305965 0.0155995
3.01212 0.0312878 0.0228036
3.04051 0.0320838 0.0280377
3.07067 0.0330369 0.0315941
3.09981 0.0339963 0.0329259
3.12892 0.0349317 0.0321381
3.15711 0.0357571 0.0292792
3.18522 0.0364473 0.024553
3.21426 0.0369675 0.0179095
3.24252 0.0372542 0.010148
3.2726 0.0372923 0.00126679
3.30016 0.0370924 -0.00725583
3.331 0.0365935 -0.0161785
3.35918 0.0359395 -0.0232084
3.38927 0.0350704 -0.0288823
3.41801 0.0341392 -0.0323931
3.44764 0.0331363 -0.0338543
3.47631 0.0321893 -0.0330267
3.50386 0.0313534 -0.0303457
3.53038 0.0306637 -0.0260068
3.55791 0.0301142 -0.0199572
3.58629 0.0297616 -0.0124229
3.61546 0.0296507 -0.00380229
3.64418 0.0297904 0.00486518
3.67274 0.0301719 0.0133574
3.70293 0.030807 0.0210385
3.73078 0.0315549 0.026853
3.76119 0.0325045 0.0312312
3.79056 0.0334838 0.0333336
3.82017 0.0344712 0.0333475
3.84861 0.0353606 0.0312799
3.87706 0.0361318 0.0271038
3.90671 0.0367526 0.0209373
3.93547 0.0371403 0.0134788
3.96527 0.0372903 0.00503411
3.9953 0.0371763 -0.00379755
4.02514 0.0368068 -0.0123842
4.05417 0.0362315 -0.0198122
4.08507 0.0354302 -0.0259295
4.11529 0.0345286 -0.0298376
4.14536 0.0335777 -0.0316207
4.1749 0.0326576 -0.0311506
4.20384 0.0318282 -0.0286571
4.23052 0.0311728 -0.0245711
4.25834 0.0306495 -0.0188118
4.28707 0.0303173 -0.0115588
4.31635 0.0302218 -0.00326182
4.3452 0.0303697 0.00512616
4.37433 0.0307574 0.0133094
4.40467 0.031382 0.02059
4.43302 0.0321211 0.026062
4.46388 0.0330469 0.0299991
4.49357 0.0339857 0.0316294
4.5236 0.0349189 0.0310746
4.55257 0.0357398 0.0283286
4.58137 0.0364209 0.0236559
4.61145 0.036931 0.0169575
4.64037 0.0371961 0.00916466
4.6699 0.0372116 0.000526133
4.69764 0.0369916 -0.00793161
4.72879 0.0364686 -0.0167899
4.75695 0.0358005 -0.0237213
4.78709 0.0349178 -0.0292925
4.8158 0.0339786 -0.0327069
4.84558 0.0329634 -0.0340972
4.87437 0.0320069 -0.0332236
4.90205 0.0311628 -0.0304868
4.92868 0.0304709 -0.0259881
4.95631 0.029921 -0.0199023
4.98484 0.0295698 -0.0123089
5.01419 0.0294634 -0.00362717
5.04309 0.0296107 0.00509667
5.07159 0.0299928 0.0134108
5.10182 0.0306268 0.0209669
5.12982 0.0313716 0.0266002
5.16031 0.0323093 0.0307618
5.18984 0.0332731 0.0326355
5.21939 0.0342305 0.0323938
5.24781 0.0350852 0.0300799
5.27629 0.0358224 0.0258784
5.30588 0.0364042 0.0196698
5.33465 0.0367537 0.0121483
5.36438 0.0368629 0.00366985
5.39387 0.0367125 -0.00509925
5.42273 0.0363228 -0.0134993
5.45199 0.035711 -0.0209132
5.4832 0.03487 -0.0269454
5.51292 0.0339585 -0.0306651
5.54296 0.0329885 -0.0322916
5.57245 0.032057 -0.0315855
5.60143 0.0312223 -0.0288044
5.62812 0.0305713 -0.0243918
5.65592 0.0300617 -0.018327
5.68476 0.0297528 -0.0107126
5.71399 0.0296896 -0.00216377
5.74296 0.0298773 0.00647963
5.77086 0.030283 0.0145405
5.80101 0.0309449 0.0219508
5.82952 0.0317283 0.0274787
5.85996 0.0326837 0.0313862
5.88926 0.0336507 0.0330085
5.91875 0.0346101 0.0325338
5.94714 0.035461 0.0299688
5.97562 0.0361878 0.025518
6.00518 0.0367514 0.0190659
6.03393 0.0370775 0.0113436
6.06374 0.0371574 0.00267838
6.09298 0.0369777 -0.00614275
6.12268 0.0365389 -0.0147778
6.15145 0.0359058 -0.0220084
6.18274 0.0350314 -0.0279388
6.21179 0.0341162 -0.0315096
6.24123 0.0331428 -0.03306
6.27048 0.0321972 -0.0323354
6.29906 0.0313505 -0.0296236
6.32571 0.0306764 -0.0252932
6.35343 0.030142 -0.0192767
6.38221 0.0298043 -0.011731
6.41153 0.0297111 -0.00318156
6.44045 0.0298676 0.00541419
6.46912 0.0302581 0.0136206
6.49945 0.030896 0.0210281
6.52756 0.0316415 0.0265187
6.55837 0.0325818 0.0305246
6.58793 0.0335344 0.0322202
6.61766 0.03448 0.031812
6.64627 0.0353184 0.0293039
6.67494 0.0360325 0.0249052
6.70461 0.0365821 0.0185281
6.73341 0.0368963 0.0109078
6.76334 0.0369659 0.00232323
6.79273 0.0367771 -0.00642439
6.82311 0.0363194 -0.0150608
6.85198 0.0356804 -0.0221426
6.88334 0.0348047 -0.0279235
6.91245 0.0338915 -0.0313619
6.94205 0.0329213 -0.0327806
6.97143 0.0319834 -0.0319248
7.00005 0.0311513 -0.0290703
7.02682 0.0304933 -0.0245781
7.05462 0.0299809 -0.0184354
7.08337 0.0296704 -0.0107997
7.1128 0.0296056 -0.00220079
7.1424 0.0298001 0.00657059
7.17021 0.0302044 0.0145384
7.20064 0.0308714 0.0219142
7.22936 0.0316568 0.0273469
7.26023 0.0326176 0.031123
7.28971 0.0335778 0.0325789
7.31912 0.0345178 0.0319574
7.34754 0.0353495 0.0292692
7.37619 0.0360564 0.0246685
7.40546 0.0365893 0.0182101
7.43414 0.0368915 0.0105361
7.46418 0.0369478 0.0018767
7.49309 0.0367519 -0.00677652
7.52484 0.0362555 -0.0156364
7.55337 0.0356126 -0.0225343
7.58454 0.0347354 -0.0281417
7.61349 0.033825 -0.0314419
7.64336 0.0328482 -0.0327026
7.67272 0.0319184 -0.0316739
7.70096 0.0311072 -0.0287183
7.72785 0.0304593 -0.0240983
7.75561 0.029963 -0.0178784
7.78412 0.0296709 -0.0102464
7.81362 0.0296229 -0.00162901
7.84361 0.0298396 0.00722472
7.87113 0.0302544 0.0150705
7.90189 0.0309441 0.0224224
7.93038 0.0317337 0.0277205
7.96129 0.032703 0.0313549
7.99076 0.0336657 0.0326694
8.02015 0.0346031 0.0318966
8.04855 0.0354285 0.0290661
8.07724 0.0361261 0.0243128
8.10633 0.0366429 0.0177651
8.13497 0.0369306 0.0100448
8.16538 0.0369689 0.00126142
8.19369 0.0367636 -0.0072533
8.2253 0.0362566 -0.0160412
8.25371 0.0356075 -0.0228478
8.28456 0.0347334 -0.0283315
8.31352 0.0338192 -0.0315723
8.34362 0.032834 -0.0327278
8.37294 0.0319073 -0.0316016
8.40086 0.0311091 -0.0285957
8.42788 0.0304632 -0.023903
8.45569 0.0299781 -0.0174439
8.48409 0.029705 -0.00961636
8.51371 0.0296833 -0.000731489
8.54378 0.0299326 0.00828816
8.5713 0.0303812 0.0163015
8.60255 0.0311273 0.0238779
8.6311 0.0319653 0.0293498
8.66126 0.0329634 0.0331009
8.69055 0.0339782 0.034645
8.71989 0.0349796 0.0341307
8.74823 0.0358748 0.0315927
8.77692 0.0366541 0.0271606
8.80586 0.0372604 0.0209526
8.83445 0.0376462 0.0134888
8.86528 0.0377945 0.00481034
8.89443 0.0376863 -0.00371236
8.92595 0.0372974 -0.0123342
8.95473 0.036746 -0.0191599
8.98591 0.0359764 -0.0246817
9.01539 0.035151 -0.028005
9.04555 0.0342693 -0.029227
9.07494 0.0334397 -0.0282292
9.10295 0.032729 -0.0253724
9.13005 0.0321639 -0.0208548
9.15793 0.0317516 -0.0147888
9.18633 0.0315407 -0.00742721
9.21541 0.0315635 0.000785302
9.245 0.031833 0.00910662
9.27319 0.0323041 0.0167097
9.30372 0.0330228 0.0235481
9.33269 0.0338489 0.0285094
9.36319 0.034815 0.0316756
9.39358 0.0358037 0.0325402
9.42372 0.0367409 0.0310938
9.45317 0.0375527 0.0275666
9.48241 0.0381962 0.0220059
9.51249 0.0386353 0.0145964
9.54139 0.0388136 0.00617062
9.57049 0.0387318 -0.00280966
9.60089 0.0383617 -0.0121785
9.62947 0.0377814 -0.0203068
9.6599 0.036954 -0.0271828
9.68854 0.0360408 -0.0318899
9.71725 0.035045 -0.0346863
9.74577 0.034033 -0.0354824
9.77427 0.0330555 -0.0342955
9.80046 0.0322289 -0.0315622
9.82812 0.0314803 -0.0270682
9.85684 0.03088 -0.0209055
9.88576 0.0304886 -0.013529
9.91737 0.0303388 -0.00474067
9.94715 0.0304475 0.00364956
9.9777 0.0308083 0.0118145
10.0092 0.0314044 0.0188996
10.039 0.0321188 0.0240341
10.0709 0.0329907 0.027327
10.102 0.0338698 0.0282538
10.1324 0.034691 0.02698
10.1626 0.035404 0.0236591
10.1922 0.0359489 0.0184042
10.2219 0.0362928 0.0115602
10.2509 0.0364059 0.00390305
10.2809 0.0362708 -0.00450473
10.3111 0.0358814 -0.0129002
10.342 0.0352459 -0.0205742
10.3723 0.0344391 -0.0265616
10.4031 0.0334985 -0.0305825
10.4339 0.0324994 -0.0323812
10.4639 0.0315421 -0.0319738
10.4937 0.0306667 -0.0293966
10.521 0.0299789 -0.0251699
10.5496 0.0294315 -0.0191373
10.5788 0.029095 -0.0115165
10.6082 0.0290083 -0.00295361
10.6376 0.0291809 0.00585888
10.6659 0.0295794 0.0141013
10.6964 0.0302435 0.021789
10.7254 0.0310469 0.0276476
10.7565 0.032036 0.0318409
10.786 0.0330299 0.0336543
10.8154 0.0340139 0.0334538
10.8436 0.0348957 0.0312803
10.8721 0.0356698 0.0271919
10.9015 0.0362936 0.0211772
10.9304 0.0366921 0.0138017
10.9606 0.0368539 0.00536372
10.9921 0.036738 -0.00368468
11.0213 0.0363871 -0.0120007
11.0515 0.035799 -0.0194899
11.0828 0.0350004 -0.0254843
11.1139 0.0340922 -0.0292284
11.1446 0.0331494 -0.0307067
11.1746 0.0322493 -0.0299522
11.2039 0.0314538 -0.0271378
11.231 0.0308394 -0.0227168
11.2592 0.0303681 -0.0166946
11.2878 0.0301016 -0.00932283
11.3175 0.0300732 -0.000958466
11.3479 0.0303082 0.00771965
11.3758 0.0307369 0.0153932
11.4067 0.031434 0.0225479
11.4356 0.0322359 0.0277114
11.4663 0.0331913 0.0311202
11.4967 0.0341703 0.0322334
11.5265 0.0350991 0.0311779
11.5554 0.0359117 0.0280963
11.5843 0.0365778 0.0230662
11.6138 0.0370565 0.0162069
11.6426 0.0372962 0.00833053
11.6733 0.0372779 -0.000597834
11.7015 0.0370207 -0.00911284
11.7324 0.0364755 -0.0176569
11.7625 0.0357362 -0.0245838
11.7929 0.0348332 -0.0296544
11.8234 0.0338418 -0.0325644
11.8531 0.032853 -0.0332537
11.8822 0.0319282 -0.0317911
11.9093 0.0311511 -0.0286303
11.9372 0.0304913 -0.0236708
11.9657 0.030005 -0.0170766
11.9945 0.0297379 -0.00926995
12.0252 0.0297245 -0.000436785
12.0553 0.0299742 0.00828413
12.084 0.0304346 0.0160591
12.1149 0.0311482 0.023062
12.1442 0.0319677 0.0279946
12.1749 0.0329176 0.0309702
12.2054 0.0338844 0.0316824
12.2348 0.0347734 0.0302623
12.2636 0.03555 0.0269233
12.2929 0.0361838 0.0215996
12.3214 0.0366057 0.0148307
12.35 0.0368074 0.00705245
12.3817 0.0367455 -0.00195401
12.4125 0.036413 -0.010784
12.4438 0.0358235 -0.0188428
12.4743 0.0350544 -0.0251978
12.5051 0.0341453 -0.0295655
12.5359 0.0331674 -0.0317149
12.5655 0.03223 -0.0316779
12.5952 0.0313541 -0.0294879
12.6225 0.0306553 -0.0256499
12.651 0.030084 -0.0200284
12.6801 0.0297107 -0.0128057
12.7094 0.0295788 -0.00450756
12.7391 0.029701 0.00411584
12.7698 0.0300941 0.012792
12.8001 0.0307099 0.0203333
12.829 0.0314685 0.0261999
12.8601 0.032415 0.0304929
12.8901 0.0333897 0.0324627
12.9202 0.034363 0.0323399
12.949 0.0352324 0.03015
12.9778 0.0359816 0.0260326
13.0081 0.0365822 0.0198667
13.0372 0.0369427 0.0123721
13.0671 0.0370595 0.00390563
13.0981 0.0369005 -0.00512927
13.1272 0.0365088 -0.0134754
13.157 0.035886 -0.0208793
13.1889 0.0350293 -0.0268926
13.2188 0.0341168 -0.0304991
13.2491 0.0331475 -0.0320156
13.2788 0.0322171 -0.0312906
13.3077 0.031392 -0.0285639
13.3346 0.0307389 -0.0242429
13.3627 0.0302272 -0.0182514
13.3915 0.0299159 -0.0108085
13.4211 0.0298454 -0.00238028
13.4506 0.0300268 0.00614652
13.479 0.0304258 0.0140629
13.5095 0.031077 0.0213057
13.5383 0.0318428 0.0266538
13.5695 0.0327903 0.030366
13.5999 0.033755 0.0317301
13.6297 0.0346801 0.0309783
13.6587 0.0354963 0.0281944
13.6877 0.0361777 0.0234697
13.7173 0.0366794 0.0169649
13.7461 0.036949 0.00934447
13.777 0.0369673 0.000592239
13.8055 0.0367446 -0.00781991
13.8373 0.0362229 -0.0164306
13.8661 0.0355571 -0.0231162
13.897 0.0346786 -0.0284013
13.9261 0.0337633 -0.031455
13.9564 0.0327794 -0.032449
13.986 0.0318573 -0.0311882
14.014 0.0310692 -0.0280765
14.0414 0.0304326 -0.0233099
14.0694 0.0299561 -0.0169662
14.0981 0.0296892 -0.00932285
14.1281 0.0296675 -0.000721721
14.1583 0.0299091 0.00799161
14.1862 0.0303451 0.0156493
14.2173 0.031054 0.0227879
14.2462 0.0318578 0.0278389
14.277 0.0328154 0.0310888
14.3076 0.0337979 0.0320485
14.3371 0.0347086 0.0308911
14.3659 0.0355091 0.027779
14.3951 0.0361727 0.0227031
14.4239 0.0366342 0.0160426
14.4526 0.036873 0.00831539
14.4833 0.0368589 -0.000461288
14.5116 0.03661 -0.00880187
14.5432 0.0360655 -0.01722
14.5728 0.0353626 -0.0238015
14.6036 0.0344764 -0.0287173
14.6337 0.033532 -0.03139
14.6637 0.0325737 -0.0319207
14.6933 0.0316804 -0.0302399
14.7209 0.0309408 -0.026821
14.7488 0.0303365 -0.0216511
