t x vx
0.01 0.0329944 -0.000555753
0.02 0.0329735 -0.00209712
0.0661038 0.0325962 -0.00818357
0.112889 0.0319901 -0.0129536
0.162995 0.0311483 -0.0168009
0.214228 0.0301488 -0.0195086
0.266253 0.0290684 -0.0207665
0.318747 0.0279731 -0.0208655
0.371714 0.0269229 -0.0198275
0.425263 0.0259756 -0.0176909
0.479623 0.0251869 -0.0145087
0.535176 0.0246122 -0.0103452
0.592367 0.0243088 -0.00530541
0.651917 0.0243036 -8.77819e-05
0.713761 0.024653 0.00565001
0.777286 0.0253917 0.0116288
0.839201 0.026466 0.0173505
0.899641 0.0278418 0.0227643
0.95845 0.0294776 0.027815
1.01583 0.0313423 0.0324952
1.07188 0.0334034 0.0367747
1.12654 0.0356234 0.0406137
1.17979 0.0379644 0.043964
1.23156 0.0403854 0.0467673
1.2818 0.0428454 0.0489579
1.33037 0.0452949 0.0504326
1.37708 0.0476799 0.0510678
1.42184 0.0499471 0.0506451
1.46481 0.0520418 0.0487515
1.48152 0.0528425 0.0479024
