t x vx
0.01 0.0329972 -0.000281063
0.02 0.0329913 -0.000586301
0.0580404 0.0329281 -0.00166305
0.096231 0.0328213 -0.00279587
0.135525 0.0326654 -0.0039671
0.176117 0.0324562 -0.00515283
0.217719 0.0321968 -0.00623556
0.260265 0.0318943 -0.0071117
0.302757 0.0315694 -0.00764521
0.344637 0.031245 -0.00774589
0.386091 0.0309378 -0.00741176
0.426037 0.0306692 -0.00672299
0.46622 0.030438 -0.00575292
0.504855 0.0302609 -0.00458474
0.544491 0.0301354 -0.00316562
0.58331 0.0300742 -0.00157777
0.622947 0.0300815 0.000184468
0.66277 0.0301613 0.00200407
0.702582 0.0303133 0.00381845
0.741759 0.0305332 0.00561331
0.78008 0.030814 0.00732583
0.818021 0.0311497 0.00884946
0.855895 0.0315306 0.0100559
0.893783 0.0319416 0.0108496
0.931789 0.0323647 0.011131
0.970082 0.0327813 0.0108805
1.00806 0.033166 0.0101283
1.04451 0.0334922 0.0089492
1.08017 0.0337553 0.00737792
1.1157 0.0339491 0.00545348
1.15164 0.0340664 0.00326526
1.1877 0.034098 0.000877271
1.22198 0.0340472 -0.00148266
1.25509 0.033922 -0.0037816
1.28896 0.033717 -0.00605001
1.32299 0.03344 -0.00814184
1.35574 0.0331169 -0.009865
1.38877 0.0327484 -0.0111575
1.42211 0.0323545 -0.0118139
1.45596 0.0319577 -0.0117217
1.49011 0.0315894 -0.0107874
1.52453 0.0312779 -0.00904748
1.55945 0.0310542 -0.00640728
1.59414 0.0309506 -0.00298431
1.62808 0.0309857 0.00103231
1.66093 0.0311563 0.00519403
1.69305 0.0314528 0.00923228
1.72505 0.0318669 0.0129379
1.75735 0.0323787 0.0158468
1.79028 0.0329631 0.0177479
1.8225 0.0335587 0.0184838
1.85345 0.0341168 0.0180361
1.88343 0.0346099 0.0164428
1.91358 0.0350223 0.0136769
1.94369 0.0353194 0.0098691
1.9742 0.0354773 0.00517412
2.00549 0.0354676 -0.000311298
2.03842 0.0352654 -0.0061402
2.07099 0.0348903 -0.011515
2.10403 0.0343596 -0.0160612
2.13755 0.0337104 -0.0193662
2.17145 0.0329944 -0.0211238
2.20471 0.0322893 -0.0212024
2.2373 0.0316485 -0.0196611
2.26886 0.0311205 -0.0167289
2.30075 0.0307262 -0.0123645
2.3324 0.0305051 -0.00698394
2.36368 0.0304737 -0.00100498
2.39744 0.0306659 0.00569372
2.43147 0.0310754 0.0120327
2.46714 0.0316956 0.0173881
2.50161 0.0324254 0.0211723
2.53558 0.0332169 0.0232951
2.57013 0.034034 0.0236547
2.60551 0.0348112 0.0219646
2.64105 0.0354575 0.0181853
2.67528 0.0359 0.012928
2.70683 0.03612 0.00697293
2.74166 0.0361163 -0.000107315
2.77561 0.0358724 -0.00718321
2.80907 0.0354156 -0.0136513
2.84444 0.0347363 -0.0192072
2.8795 0.0339254 -0.0231297
2.91373 0.0330597 -0.025291
2.94726 0.0322 -0.025638
2.98074 0.0313932 -0.0240942
3.01394 0.030703 -0.0207909
3.04575 0.0301923 -0.0160542
3.07974 0.0298582 -0.00983099
3.11288 0.0297592 -0.00298698
3.14678 0.0299075 0.0043747
3.1808 0.0302954 0.0114044
3.21692 0.0309273 0.0174934
3.25051 0.0316603 0.021821
3.28413 0.0324835 0.0244837
3.31818 0.0333472 0.0253659
3.35265 0.0341783 0.0241127
3.38729 0.0349001 0.0208394
3.42135 0.0354415 0.0158949
3.45292 0.0357583 0.0100333
3.48654 0.0358654 0.00318748
3.51997 0.0357325 -0.00397624
3.55331 0.035374 -0.0107548
3.58975 0.034761 -0.0168205
3.62347 0.034049 -0.0211145
3.65642 0.0332639 -0.0238282
3.69132 0.032398 -0.0248071
3.72582 0.0315826 -0.0236375
3.75865 0.0309018 -0.0207353
3.79082 0.0303782 -0.0162757
3.82506 0.0300288 -0.0102079
3.85802 0.0299143 -0.00347237
3.89118 0.0300376 0.00371818
3.92655 0.0304266 0.0109964
3.96113 0.0310158 0.0170394
3.99479 0.0317431 0.0216084
4.02968 0.0326008 0.0245829
4.06347 0.0334667 0.0256279
4.09832 0.0343249 0.02462
4.13355 0.0350833 0.0215279
4.16805 0.0356582 0.0166657
4.19931 0.0360005 0.0109501
4.23297 0.0361391 0.00411677
4.26638 0.0360368 -0.00306208
4.30107 0.0356843 -0.0101605
4.33675 0.0351025 -0.0163073
4.37081 0.0343914 -0.0208756
4.40413 0.0335977 -0.0238234
4.43933 0.0327163 -0.0250362
4.47397 0.0318808 -0.0241225
4.50653 0.0311817 -0.0214688
4.53866 0.0306271 -0.0172625
4.57275 0.0302372 -0.0114401
4.60567 0.0300828 -0.00468951
4.63881 0.0301679 0.00256878
4.67627 0.0305528 0.0102758
4.71052 0.0311178 0.0164973
4.74389 0.0318304 0.0213548
4.77914 0.0327011 0.0247017
4.81347 0.0335953 0.0260458
4.8488 0.034491 0.0253534
4.88407 0.0352879 0.022589
4.91906 0.0359184 0.0180202
4.95083 0.0363181 0.0125839
4.98507 0.0365221 0.00595886
5.01903 0.0364895 -0.000959085
5.05333 0.036224 -0.00774272
5.08905 0.0357341 -0.0137144
5.12318 0.0351157 -0.0181188
5.15728 0.0344023 -0.0209192
5.19288 0.0336219 -0.0219228
5.22774 0.0328952 -0.0208439
5.26057 0.0323011 -0.0180978
5.29297 0.0318531 -0.0138251
5.32712 0.0315782 -0.00805104
5.36022 0.0315273 -0.00153569
5.39338 0.0317043 0.00533859
5.43105 0.0321785 0.0125866
5.46577 0.0328148 0.0183242
5.50043 0.0336021 0.0227198
5.53628 0.0345121 0.0253864
5.57127 0.035422 0.0259983
5.6072 0.0363008 0.0244579
5.64286 0.0370417 0.0207786
5.67805 0.0375821 0.0153561
5.71093 0.0378789 0.00902959
5.74502 0.0379423 0.0018589
5.77917 0.0377503 -0.00562301
5.81252 0.0373335 -0.0124985
5.84857 0.0366687 -0.018442
5.8829 0.0358925 -0.0226046
5.91847 0.0350045 -0.0249707
5.95188 0.0341558 -0.0254012
5.98426 0.0333762 -0.024078
6.01655 0.0326949 -0.0211008
6.04852 0.0321628 -0.0166422
6.08199 0.0318015 -0.0107936
6.11561 0.031663 -0.00411997
6.15011 0.031768 0.00304124
6.18592 0.0321295 0.010097
6.2193 0.0326593 0.0158703
6.25468 0.0333802 0.0203779
6.29101 0.0342224 0.0231802
6.32649 0.0350685 0.0238506
6.36276 0.0358809 0.0223939
6.39799 0.0365441 0.0188255
6.43292 0.0370173 0.0135476
6.46588 0.0372601 0.00736732
6.50016 0.037271 0.000317072
6.53382 0.0370403 -0.00684957
6.568 0.0365762 -0.0135797
6.60361 0.0358931 -0.0191856
6.63833 0.0350916 -0.0230817
6.67385 0.0341989 -0.0251352
6.70734 0.033352 -0.0252835
6.73991 0.032582 -0.0236485
6.77255 0.0319188 -0.0203117
6.80463 0.0314224 -0.0154783
6.83822 0.03111 -0.00930052
6.87174 0.0310304 -0.00237313
6.90633 0.0312022 0.00496549
6.94369 0.031661 0.0122817
6.97862 0.0322907 0.0180248
7.0124 0.0330431 0.0222799
7.04782 0.0339244 0.0248759
7.08227 0.0348024 0.0254858
7.11804 0.0356596 0.0239666
7.15408 0.03639 0.0202648
7.18849 0.0369073 0.0150355
7.22068 0.037196 0.0089693
7.25483 0.0372633 0.00197182
7.28784 0.037094 -0.00513167
7.32121 0.0367001 -0.0118054
7.35763 0.0360573 -0.0176463
7.39262 0.0352986 -0.0216841
7.42801 0.0344527 -0.0239036
7.46158 0.0336389 -0.0242418
7.49473 0.0328857 -0.0227238
7.52741 0.0322475 -0.019526
7.55911 0.0317753 -0.0148939
7.5929 0.0314769 -0.00883251
7.62642 0.0314088 -0.00203015
7.66064 0.0315846 0.00513644
7.69854 0.0320546 0.0124028
7.73366 0.032689 0.0180631
7.76758 0.0334426 0.0222153
7.80314 0.034321 0.0246987
7.83793 0.0351963 0.0251649
7.87418 0.0360467 0.0234551
7.91048 0.0367552 0.0195238
7.94492 0.0372407 0.0140931
7.97745 0.0374953 0.00782889
8.01184 0.0375184 0.000672011
8.04477 0.037306 -0.00645113
8.07939 0.036846 -0.013288
8.11549 0.0361619 -0.0189507
8.15033 0.0353671 -0.0228145
8.18592 0.034484 -0.0248111
8.21965 0.0336452 -0.0248713
8.25201 0.0328953 -0.0231737
8.2847 0.0322482 -0.0197908
8.31712 0.0317654 -0.0148948
8.35043 0.0314731 -0.00877441
8.38377 0.0314079 -0.00195324
8.41875 0.0315935 0.00530582
8.45641 0.0320626 0.0124548
8.49164 0.0326969 0.0180078
8.52563 0.0334448 0.0220034
8.56124 0.0343105 0.0243083
8.59613 0.0351681 0.0245768
8.63232 0.0359893 0.022694
8.66873 0.0366666 0.0185992
8.70304 0.0371151 0.013074
8.73569 0.0373364 0.00677692
8.77016 0.0373233 -0.000379568
8.80302 0.0370805 -0.00738911
8.83811 0.0365858 -0.0140971
8.87325 0.0359014 -0.0194722
8.90741 0.035112 -0.0231157
8.94276 0.0342302 -0.024942
8.9768 0.0333857 -0.0248114
9.00909 0.032645 -0.0229373
9.04157 0.0320146 -0.0194091
9.07425 0.0315462 -0.0143311
9.10744 0.0312779 -0.00808289
9.14076 0.0312391 -0.00116438
9.17605 0.0314578 0.00619658
9.21155 0.0319224 0.0130868
9.24736 0.0325918 0.0186922
9.28228 0.0333819 0.0226267
9.31713 0.0342437 0.024725
9.35193 0.0351096 0.0248841
9.38731 0.03592 0.0229062
9.42327 0.0365954 0.0187802
9.45746 0.0370474 0.0132217
9.48996 0.0372713 0.00688881
9.52416 0.0372635 -0.000229912
9.55724 0.0370232 -0.00726274
9.59242 0.0365331 -0.013933
9.62758 0.0358561 -0.0192549
9.66169 0.0350771 -0.0228353
9.69716 0.0342049 -0.0245932
9.73122 0.0333747 -0.0243749
9.76357 0.0326492 -0.0224235
9.79606 0.0320376 -0.0188233
9.82882 0.0315893 -0.0136854
9.86197 0.0313438 -0.00740527
9.89518 0.0313275 -0.000491723
9.93057 0.0315699 0.00685149
9.9654 0.0320428 0.0135746
10.0022 0.0327483 0.0191506
10.037 0.0335435 0.0228926
10.0707 0.0343808 0.0248291
10.1056 0.0352491 0.0248582
10.1407 0.0360472 0.0227267
10.1765 0.0367084 0.0184701
10.2107 0.0371455 0.0127828
10.2434 0.0373524 0.00634374
10.2777 0.0373234 -0.00084738
10.311 0.0370598 -0.00791408
10.3461 0.0365496 -0.0145343
10.3805 0.0358701 -0.0197427
10.4145 0.0350796 -0.023267
10.4496 0.0342032 -0.0249549
10.4841 0.033353 -0.0246387
10.5162 0.0326264 -0.0226125
10.5483 0.0320164 -0.018996
10.5813 0.0315618 -0.013777
10.6144 0.031315 -0.00747077
10.6475 0.0312972 -0.000537407
10.6832 0.031542 0.00686342
10.7179 0.0320125 0.0135508
10.755 0.0327219 0.0191151
10.7898 0.0335143 0.0228144
10.8231 0.0343383 0.0247074
10.8581 0.035203 0.0247037
10.8932 0.035993 0.0225395
10.929 0.0366463 0.0182656
10.9631 0.0370757 0.0125728
10.9959 0.0372758 0.00610862
11.0302 0.0372389 -0.00107668
11.0636 0.0369675 -0.00812305
11.0988 0.0364509 -0.0146867
11.1331 0.0357704 -0.0198222
11.1671 0.0349777 -0.023282
11.2023 0.0341029 -0.0248982
11.2368 0.0332564 -0.024496
11.269 0.0325364 -0.0223908
11.3011 0.0319357 -0.0187056
11.3342 0.0314918 -0.0134076
11.3672 0.0312588 -0.0070547
11.4004 0.0312558 -9.14117e-05
11.4361 0.0315177 0.00733215
11.4704 0.031995 0.0139187
11.5072 0.0327102 0.0194236
11.5418 0.0335091 0.0230747
11.5747 0.0343272 0.0249162
11.6097 0.0351987 0.0248854
11.6446 0.0359905 0.0226805
11.6801 0.0366443 0.018403
11.7142 0.037077 0.0126957
11.7471 0.0372803 0.00619061
11.7813 0.0372459 -0.00100444
11.8149 0.0369749 -0.00808137
11.85 0.0364598 -0.0146426
11.8844 0.0357814 -0.0197716
11.9184 0.0349897 -0.0232229
11.9536 0.0341179 -0.0248247
11.9881 0.0332747 -0.0244066
12.0203 0.0325581 -0.0222901
12.0523 0.0319614 -0.0186032
12.0855 0.0315203 -0.0132895
12.1185 0.0312912 -0.00693844
12.1517 0.0312917 1.38371e-05
12.1874 0.0315568 0.00742391
12.2217 0.0320369 0.0139863
12.2586 0.0327544 0.0194645
12.2933 0.0335547 0.0230859
12.3261 0.0343721 0.0248887
12.3612 0.0352424 0.0248136
12.3961 0.036031 0.0225619
12.4317 0.0366798 0.0182377
12.4658 0.037106 0.0124884
12.4987 0.0373017 0.00595247
12.533 0.0372583 -0.00126491
12.5666 0.0369785 -0.00833495
12.6019 0.0364538 -0.0148658
12.6361 0.0357729 -0.0199395
12.6699 0.0349838 -0.0233396
12.7049 0.0341114 -0.0249175
12.7394 0.033267 -0.0244694
12.7715 0.0325506 -0.0223321
12.8035 0.0319536 -0.0186359
12.8368 0.0315111 -0.0132916
12.8698 0.0312824 -0.00693031
12.9029 0.0312833 2.60484e-05
12.9386 0.031549 0.00744013
12.973 0.0320295 0.0139943
13.0099 0.0327472 0.0194648
13.0445 0.0335473 0.0230739
13.0773 0.0343629 0.0248628
13.1124 0.0352329 0.0247784
13.1474 0.0360197 0.0225129
13.183 0.0366666 0.0181824
13.2171 0.0370906 0.0124295
13.25 0.0372843 0.00588012
13.2844 0.0372384 -0.00133866
13.318 0.036956 -0.00840396
13.3533 0.0364291 -0.0149157
13.3874 0.0357475 -0.0199674
13.4212 0.0349592 -0.0233427
13.4563 0.0340868 -0.0248993
13.4908 0.0332434 -0.0244211
13.5229 0.0325289 -0.0222574
13.5549 0.0319347 -0.0185394
13.5883 0.0314957 -0.0131697
13.6213 0.0312715 -0.00679788
13.6544 0.031277 0.000166222
13.6901 0.0315469 0.00757259
13.7244 0.0320318 0.0141128
13.7612 0.0327524 0.0195636
13.796 0.0335563 0.0231566
13.8287 0.0343718 0.0249155
13.8638 0.0352434 0.0248045
13.8988 0.0360296 0.0225133
13.9343 0.0366754 0.0181692
13.9684 0.0370983 0.0124042
14.0014 0.0372907 0.00582986
14.0358 0.0372428 -0.00139587
14.0694 0.0369579 -0.008467
14.1048 0.0364287 -0.0149658
14.1389 0.0357467 -0.0199983
14.1725 0.0349605 -0.0233535
14.2076 0.0340875 -0.0248979
14.2421 0.0332456 -0.0243996
14.2742 0.0325323 -0.0222242
14.3062 0.0319395 -0.0185011
14.3396 0.0315015 -0.0131182
14.3726 0.031279 -0.00674469
14.4058 0.0312862 0.000216953
14.4414 0.0315575 0.00761624
14.4758 0.0320442 0.0141466
14.5127 0.032766 0.0195826
14.5474 0.0335713 0.02316
14.5802 0.034386 0.024893
14.6153 0.0352568 0.0247544
14.6503 0.0360408 0.0224356
14.6859 0.0366834 0.0180678
14.72 0.0371024 0.0122836
14.753 0.0372903 0.00568731
14.7874 0.0372371 -0.00154834
14.8211 0.0369471 -0.00861264
14.8565 0.0364126 -0.0150862
14.8905 0.0357294 -0.0200767
14.924 0.0349461 -0.0233995
14.9591 0.0340704 -0.0249277
14.9937 0.0332268 -0.0243981
15.0258 0.0325139 -0.0222007
15.0579 0.0319225 -0.0184626
15.0913 0.0314856 -0.0130609
15.1243 0.0312652 -0.006684
15.1574 0.0312744 0.000279246
15.193 0.0315475 0.00767418
15.2274 0.0320362 0.0141985
15.2643 0.0327599 0.0196219
15.2991 0.0335674 0.0231879
15.3319 0.034382 0.0248969
15.3671 0.0352533 0.0247399
15.402 0.0360362 0.0223993
15.4376 0.0366772 0.0180144
15.4717 0.0370939 0.0122189
15.5048 0.0372794 0.00560376
15.5392 0.0372231 -0.00163393
15.5729 0.0369301 -0.00869229
15.6084 0.0363929 -0.0151424
15.6424 0.0357099 -0.0200956
15.6758 0.0349292 -0.0233907
15.711 0.0340537 -0.0249028
15.7456 0.03321 -0.02435
15.7777 0.0324988 -0.0221388
15.8098 0.0319098 -0.0183896
15.8433 0.0314749 -0.0129739
15.8762 0.0312574 -0.00659741
15.9094 0.0312695 0.000364903
15.945 0.0315453 0.00775448
15.9794 0.0320367 0.0142683
16.0163 0.0327629 0.019674
16.0512 0.0335731 0.0232209
16.0839 0.0343879 0.0248968
16.1192 0.035259 0.0247112
16.1541 0.0360402 0.0223395
16.1897 0.0366782 0.0179265
16.2238 0.0370912 0.0121111
16.257 0.0372726 0.00547348
16.2914 0.0372117 -0.00176845
16.3252 0.0369143 -0.00881796
16.3607 0.0363723 -0.015246
16.3946 0.0356886 -0.0201581
16.4278 0.0349111 -0.0234201
16.463 0.034034 -0.0249179
16.4978 0.0331886 -0.0243416
16.5299 0.032478 -0.0221168
16.5619 0.0318903 -0.0183547
16.5955 0.0314564 -0.012918
16.6284 0.0312409 -0.00654055
16.6616 0.0312548 0.000419218
16.6971 0.0315284 0.0076983
16.7317 0.0320156 0.0141153
16.7686 0.032733 0.0194167
16.8036 0.0335327 0.0228584
16.8363 0.0343321 0.0244181
16.8716 0.0351829 0.0241105
16.9066 0.0359379 0.0215776
16.9422 0.0365431 0.0169892
16.9763 0.036916 0.0109389
17.0095 0.0370511 0.00406626
17.044 0.036933 -0.00342656
17.0778 0.0365723 -0.0106826
17.1133 0.0359583 -0.0172769
17.147 0.0352067 -0.0223136
