t x vx
0.01 0.0330016 0.000159237
0.02 0.0330053 0.000366289
0.0749509 0.0330828 0.00141155
0.130042 0.0332199 0.00248854
0.186293 0.0334202 0.00356128
0.244639 0.0336882 0.0045927
0.30422 0.0340148 0.00548069
0.364775 0.0343844 0.00610513
0.425553 0.0347712 0.00636349
0.485703 0.0351432 0.0061837
0.544936 0.035474 0.00558602
0.60017 0.0357323 0.00467545
0.657926 0.035926 0.00335458
0.715513 0.0360215 0.00165817
0.771259 0.036001 -0.000367518
0.826484 0.0358556 -0.00263297
0.882428 0.0355723 -0.00506459
0.939132 0.0351419 -0.00759043
0.993884 0.034597 -0.00995173
1.04945 0.0339245 -0.0121024
1.10475 0.0331568 -0.013882
1.15995 0.0323193 -0.0151741
1.21548 0.0314388 -0.0158554
1.26947 0.0305828 -0.0158525
1.3241 0.0297579 -0.0151028
1.37798 0.0290274 -0.0135579
1.4307 0.0284318 -0.011296
1.48365 0.0279907 -0.00833118
1.53488 0.0277409 -0.00487605
1.58434 0.02769 -0.00102952
1.63282 0.0278396 0.00308599
1.68014 0.0281843 0.00728602
1.72646 0.0287093 0.0113336
1.77238 0.0293965 0.0149645
1.81893 0.0302359 0.0180325
1.86708 0.0312165 0.0203648
1.91337 0.0322193 0.0216646
1.95633 0.0331658 0.0220325
2.0007 0.0341191 0.0214823
2.04553 0.0350182 0.020059
2.0916 0.0358351 0.0177314
2.13964 0.0365307 0.0144788
2.19012 0.0370547 0.0103806
2.24108 0.0373496 0.00578703
2.29144 0.0374099 0.00119789
2.34426 0.0372333 -0.00334463
2.39527 0.0368648 -0.00722337
2.4466 0.0363401 -0.0102204
2.49527 0.035749 -0.0121484
2.54435 0.0351049 -0.0131218
2.59238 0.034472 -0.0131765
2.6395 0.0338882 -0.0123907
2.68629 0.033379 -0.0108811
2.73256 0.0329741 -0.00875061
2.78184 0.032681 -0.00594923
2.83012 0.0325406 -0.0029074
2.88312 0.032561 0.000384535
2.93729 0.0327488 0.00346792
2.99154 0.0330687 0.00589529
3.04277 0.0334481 0.0074069
3.09476 0.0338607 0.0079375
3.14954 0.0342613 0.00731226
3.20384 0.0345635 0.00556466
3.25758 0.0347131 0.00278378
3.30901 0.0346771 -0.000699066
3.36128 0.0344307 -0.0047139
3.41246 0.0339851 -0.0087075
3.46337 0.0333605 -0.0122686
3.51546 0.0325728 -0.015121
3.56677 0.0317074 -0.0168657
3.62026 0.0307792 -0.0173528
3.67228 0.0299244 -0.0164319
3.72262 0.0292091 -0.0142108
3.77262 0.0286701 -0.0107785
3.82116 0.0283603 -0.00638269
3.87118 0.0283024 -0.00115647
3.91989 0.0285179 0.00442454
3.96951 0.0290162 0.0100403
4.02024 0.0297825 0.015106
4.07076 0.0307514 0.019177
4.1186 0.0317995 0.0219114
4.16669 0.0329271 0.0234466
4.2147 0.0340587 0.0235686
4.26134 0.0351082 0.0225038
4.30674 0.0360293 0.0202901
4.35322 0.0368173 0.0169509
4.4011 0.0374172 0.0125303
4.4496 0.0377712 0.00729884
4.49925 0.037853 0.00164684
4.55353 0.0376096 -0.0044832
4.60344 0.0371255 -0.00970121
4.6543 0.036407 -0.0141256
4.70356 0.0355536 -0.0173218
4.75411 0.0345779 -0.0193025
4.80349 0.0335935 -0.0199371
4.85119 0.0326685 -0.0193931
4.8967 0.0318583 -0.0178
4.9452 0.0311265 -0.0150893
4.99238 0.0305834 -0.0115134
5.03978 0.0302356 -0.0073374
5.09325 0.0301094 -0.00235962
5.14689 0.0302496 0.0026124
5.19867 0.0306137 0.00703337
5.25056 0.0311617 0.0105586
5.30336 0.0318524 0.0130842
5.3556 0.032597 0.0142507
5.40955 0.0333556 0.0140636
5.46295 0.0340231 0.0124987
5.51279 0.0345116 0.00980179
5.56162 0.0348161 0.00623603
5.61188 0.034915 0.00196712
5.65913 0.0348009 -0.00241405
5.71016 0.0344429 -0.00701501
5.76366 0.0338489 -0.0111043
5.81595 0.0331088 -0.0141534
5.86759 0.0322835 -0.0159793
5.92069 0.0314069 -0.0165105
5.97124 0.0306179 -0.0156081
6.02136 0.029947 -0.0133872
6.07046 0.0294575 -0.00996792
6.11965 0.029185 -0.00553941
6.16873 0.029161 -0.000488069
6.21742 0.0293997 0.00490175
6.26765 0.0299155 0.0102682
6.31925 0.0306901 0.0150119
6.36934 0.0316234 0.0186314
6.41671 0.0326146 0.0209283
6.46544 0.0336863 0.0219923
6.5144 0.0347453 0.021627
6.56242 0.0357026 0.0199351
6.60983 0.0365088 0.0170065
6.65601 0.0371143 0.013112
6.70429 0.0375087 0.00816925
6.75329 0.0376374 0.00262526
6.80512 0.0374612 -0.0034
6.85277 0.0370428 -0.00878055
6.90483 0.0363246 -0.0137932
6.95487 0.0354464 -0.0175498
7.00723 0.0343948 -0.0200867
7.05528 0.0333789 -0.0211389
7.10281 0.0323825 -0.0209672
7.15013 0.0314552 -0.0195969
7.19626 0.0306637 -0.0171561
7.24338 0.0300182 -0.0136981
7.29014 0.0295768 -0.00944159
7.34049 0.0293542 -0.00442119
7.39116 0.0293945 0.000796915
7.44215 0.0296927 0.00584636
7.49464 0.0302314 0.0102643
7.54796 0.0309604 0.0136721
7.59792 0.0317452 0.0157074
7.65029 0.0326123 0.0165585
7.70151 0.0334322 0.0160062
7.75297 0.0341601 0.0141453
7.80108 0.034703 0.0112828
7.85079 0.0350726 0.00743648
7.90109 0.0352208 0.00294601
7.94976 0.0351398 -0.00166489
8.00185 0.0348038 -0.0064494
8.05589 0.0342302 -0.0106142
8.1083 0.0335139 -0.0136661
8.16022 0.0327115 -0.0154559
8.21292 0.031874 -0.0158907
8.2639 0.0311139 -0.0149124
8.31426 0.0304776 -0.0126343
8.36288 0.0300281 -0.00924367
8.41298 0.0297851 -0.00485132
8.46186 0.0297858 1.33056e-05
8.51081 0.0300378 0.00514783
8.56058 0.03054 0.010091
8.61361 0.0313073 0.0144684
8.66481 0.0322098 0.017629
8.71269 0.0331398 0.0194225
8.76271 0.0341401 0.019998
8.81227 0.0350872 0.0191105
8.86236 0.0359298 0.0168211
8.9104 0.0365744 0.0134195
8.95788 0.0370046 0.00905976
9.0067 0.0371943 0.00388474
9.05541 0.0371151 -0.00162453
9.10704 0.0367344 -0.00737476
9.15857 0.0360888 -0.0125279
9.2079 0.035271 -0.0165761
9.25683 0.0343193 -0.0194519
9.30705 0.0332621 -0.021051
9.35656 0.032213 -0.0211901
9.40319 0.0312743 -0.0201328
9.44858 0.0304586 -0.0179718
9.49785 0.0297427 -0.0145273
9.54511 0.0292592 -0.0102317
9.59265 0.0290056 -0.00533435
9.64421 0.0290158 0.000198834
9.69822 0.0293317 0.00584732
9.74996 0.0298816 0.0106291
9.79822 0.0305703 0.0142714
9.84948 0.0314364 0.0168963
9.90051 0.0323664 0.0182225
9.95179 0.0332958 0.0181254
10.0039 0.0341623 0.0166338
10.052 0.0348389 0.0140483
10.099 0.0353371 0.0106112
10.1479 0.0356448 0.0062902
10.195 0.035726 0.0017234
10.2494 0.0355369 -0.00347898
10.2994 0.0351354 -0.00801993
10.3539 0.0344842 -0.0119518
10.4042 0.0337511 -0.0145748
10.4556 0.0329257 -0.0160511
10.5055 0.0321187 -0.0161792
10.556 0.0313606 -0.0150033
10.6065 0.0307283 -0.0125343
10.6543 0.0302943 -0.00907395
10.7039 0.0300594 -0.00473884
10.7516 0.0300573 -4.29736e-05
10.8032 0.0303214 0.00511413
10.8528 0.0308067 0.00978604
10.9061 0.0315436 0.0138324
10.9582 0.0324123 0.0166647
11.0075 0.0333053 0.0181145
11.0586 0.0342404 0.0182991
11.1085 0.0350888 0.0170217
11.1599 0.0358258 0.0143328
11.2074 0.0363332 0.0106713
11.2572 0.0366296 0.00595564
11.3066 0.0366664 0.000744737
11.3553 0.0364405 -0.0046363
11.4042 0.0359636 -0.00976261
11.4572 0.0351998 -0.0144168
11.5078 0.0343009 -0.017754
11.5587 0.0332912 -0.0198269
11.6072 0.0322975 -0.020482
11.6556 0.0313372 -0.0198523
11.7041 0.0304686 -0.0179197
11.7498 0.0297853 -0.0149471
11.7981 0.0292601 -0.0108628
11.8453 0.028972 -0.00610598
11.8948 0.0289357 -0.000734147
11.9479 0.0292031 0.00503308
11.9975 0.0297018 0.010046
12.0492 0.0304406 0.0143019
12.1009 0.03134 0.0174065
12.151 0.0322997 0.0191348
12.2028 0.0333105 0.0195351
12.2537 0.0342536 0.018513
12.3025 0.0350495 0.0163196
12.3481 0.0356543 0.0132586
12.3968 0.0360989 0.00913023
12.4437 0.0363087 0.00447033
12.4946 0.0362716 -0.000728286
12.5478 0.0359492 -0.00606076
12.6016 0.0353733 -0.0107092
12.6528 0.034645 -0.0142059
12.704 0.0338008 -0.0164973
12.7557 0.0328987 -0.0174649
12.8065 0.0320314 -0.0170543
12.8561 0.0312707 -0.0153387
12.9031 0.0306784 -0.0125907
12.953 0.0302443 -0.00871299
13.0008 0.03004 -0.00427338
13.0492 0.0300672 0.000560051
13.1027 0.0303755 0.00577099
13.1526 0.0308846 0.0102027
13.2036 0.0315894 0.0138112
13.256 0.032444 0.0163139
13.3073 0.033339 0.0174388
13.3601 0.034243 0.0171193
13.4107 0.0350227 0.0154168
13.4603 0.0356439 0.0125147
13.5072 0.0360543 0.00874648
13.5571 0.0362541 0.00400739
13.6041 0.0362118 -0.000898461
13.6546 0.0359003 -0.00616684
13.7065 0.035327 -0.0110447
13.7592 0.0345325 -0.015061
13.8103 0.0336265 -0.0177471
13.8634 0.0326102 -0.0191353
13.9128 0.0316676 -0.0190834
13.9611 0.0308087 -0.0177743
14.009 0.0300803 -0.0152232
14.0565 0.0295274 -0.0116221
14.1041 0.0291879 -0.00713138
14.1513 0.0290868 -0.00214718
14.204 0.0292751 0.00356783
14.2554 0.0297316 0.00889248
14.3096 0.0304676 0.0135801
14.361 0.0313417 0.0170032
14.4083 0.032243 0.0190345
14.4591 0.0332536 0.0198999
14.5085 0.034208 0.0193447
14.5591 0.035091 0.0174514
14.6056 0.0357683 0.0145467
14.6557 0.0362911 0.0104299
14.705 0.0365664 0.00558711
14.7536 0.0365887 0.000460111
14.8079 0.0363077 -0.0051735
14.8594 0.0357926 -0.0100141
14.912 0.0350538 -0.0140397
14.9639 0.0341833 -0.0167678
15.0175 0.0332097 -0.0181671
15.0679 0.0322954 -0.0181322
15.1167 0.0314735 -0.0168562
15.1641 0.0307875 -0.0144542
15.2133 0.0302497 -0.0109405
15.261 0.02993 -0.00670072
15.3087 0.0298358 -0.00197313
15.3631 0.0300214 0.00341134
15.4145 0.0304452 0.00825415
15.469 0.031122 0.0124134
15.5221 0.031938 0.0153699
15.5707 0.0327628 0.0169565
15.6234 0.0336748 0.0173319
15.6741 0.034502 0.0162955
15.7249 0.03521 0.0139402
15.7729 0.0357186 0.0105977
15.8232 0.0360305 0.00619765
15.8728 0.0360963 0.00132795
15.9223 0.0359091 -0.00378071
15.9705 0.0354965 -0.00856158
16.0226 0.0348222 -0.012924
16.0728 0.0340137 -0.0161194
16.1225 0.0331139 -0.018101
16.1724 0.0321773 -0.0187596
16.2227 0.0312706 -0.0180561
16.2717 0.0304842 -0.0160268
16.3184 0.0298803 -0.0129507
16.3682 0.0294477 -0.00868426
16.4161 0.0292631 -0.0038514
16.4647 0.0293291 0.00135954
16.5192 0.0297112 0.00700867
16.5705 0.0303159 0.011788
16.6192 0.0310701 0.0154953
16.6704 0.0319997 0.0181529
16.7206 0.0329757 0.0194291
16.772 0.0339682 0.0193278
16.8236 0.034886 0.0177669
16.8726 0.0356212 0.0150052
16.9184 0.0361459 0.0114595
16.9671 0.0364821 0.0069057
17.0141 0.0365771 0.00202372
17.0664 0.0363951 -0.00347641
17.1155 0.0359813 -0.00843401
17.1683 0.0353008 -0.0128836
17.2188 0.0344884 -0.0161049
17.2695 0.0335676 -0.0181322
17.3187 0.0326424 -0.0188136
17.3683 0.0317385 -0.0182289
17.418 0.0309263 -0.0163401
17.4648 0.0302976 -0.0134324
17.5138 0.0298347 -0.00945644
17.5614 0.0296017 -0.00489452
17.612 0.0296144 0.000250578
17.6658 0.0299185 0.00564481
17.7165 0.030437 0.0102391
17.7667 0.031136 0.0139269
17.8189 0.0320014 0.0165644
17.8703 0.0329189 0.0178381
17.9234 0.0338576 0.0176803
17.9744 0.0346798 0.0161437
18.0236 0.0353417 0.0134346
18.0705 0.0358039 0.00985561
18.1202 0.036067 0.00529322
18.1671 0.0360925 0.000543597
18.2186 0.0358519 -0.00467792
18.2681 0.0353892 -0.00934105
18.3227 0.0346531 -0.0134812
18.3739 0.0338205 -0.0162502
18.4257 0.0328992 -0.0177916
18.4748 0.0320157 -0.017984
18.5243 0.0311806 -0.0169011
18.5735 0.0304651 -0.0145254
18.6209 0.0299362 -0.0111502
18.6696 0.0296043 -0.00681675
18.717 0.0295081 -0.00202876
18.7691 0.0296845 0.0033885
18.8215 0.030134 0.00857577
18.8758 0.0308446 0.0130852
18.9276 0.0316902 0.0163371
18.9752 0.0325589 0.0182324
19.0264 0.0335296 0.0189807
19.0766 0.0344466 0.0182729
19.1282 0.0352823 0.0161814
19.1763 0.0359092 0.0130233
19.2256 0.0363441 0.00883474
19.2751 0.0365372 0.00389642
19.3237 0.0364766 -0.00124746
19.3764 0.0361224 -0.00671546
19.4288 0.0355194 -0.0115212
19.48 0.0347367 -0.0152905
19.5304 0.0338388 -0.0178118
19.5821 0.0328549 -0.019023
19.6329 0.0318982 -0.0188199
19.6817 0.0310528 -0.0173418
19.7286 0.0303601 -0.0147543
19.7781 0.0298157 -0.0109989
19.8254 0.0295054 -0.00656177
19.8732 0.029428 -0.00161874
19.9267 0.0296374 0.00391597
19.9775 0.0300875 0.00886704
20.0303 0.0307789 0.0130967
20.0828 0.0316286 0.0161724
20.1322 0.0325117 0.0178793
20.1844 0.0334692 0.0183412
20.2341 0.0343356 0.0174224
20.2842 0.0350985 0.0152451
20.3309 0.0356658 0.012134
20.3809 0.036061 0.00790857
20.4291 0.0362134 0.00316468
20.4785 0.0361192 -0.00190421
20.5289 0.0357675 -0.0069882
20.5824 0.0351466 -0.0116054
20.633 0.0343844 -0.0150467
20.6838 0.0335069 -0.0172925
20.7351 0.0325718 -0.0182048
20.786 0.0316684 -0.0177476
20.8354 0.0308788 -0.0159862
20.8825 0.0302593 -0.013159
20.9325 0.0298016 -0.00915092
20.9802 0.0295834 -0.00457996
21.0285 0.0296031 0.000405487
21.0824 0.0299185 0.00585562
21.1319 0.0304376 0.0104709
21.1827 0.0311628 0.0142888
21.2349 0.0320504 0.0169991
21.2859 0.0329848 0.0183161
21.3385 0.033943 0.0182408
21.3889 0.0347899 0.0167844
21.4385 0.0354882 0.0140923
21.4848 0.0359779 0.0105628
21.5343 0.0362751 0.00601229
21.5813 0.0363315 0.00120058
21.632 0.0361249 -0.00407775
21.6819 0.0356781 -0.0089544
21.7357 0.0349633 -0.0132885
21.7863 0.0341372 -0.0163108
21.8373 0.033213 -0.0181402
21.8864 0.0322971 -0.018624
21.9359 0.0314139 -0.0178394
21.9855 0.0306334 -0.0157476
22.0325 0.0300396 -0.0126477
22.0814 0.0296238 -0.0084974
22.1288 0.0294428 -0.00381587
22.1798 0.0295164 0.00144427
22.2343 0.0298922 0.00689944
22.2865 0.0304948 0.0115424
22.336 0.03124 0.0150678
22.3878 0.0321472 0.0175099
22.4391 0.0331021 0.0185983
22.4915 0.0340581 0.0182467
22.5442 0.0349256 0.0164589
22.5933 0.0355904 0.0135434
22.6403 0.0360505 0.00978242
22.6899 0.0363036 0.00510339
22.7372 0.0363147 0.000234253
22.7906 0.0360372 -0.00518994
22.8411 0.0355378 -0.00989405
22.8953 0.0347815 -0.0139444
22.9474 0.0339148 -0.0166383
23.0014 0.0329411 -0.0180361
23.0512 0.0320441 -0.0180256
23.1004 0.0312174 -0.0167943
23.1489 0.0305213 -0.0143626
23.1975 0.0299928 -0.0108711
23.2457 0.0296766 -0.00655752
23.2935 0.0295921 -0.00176905
23.3476 0.0297924 0.0037026
23.3995 0.0302429 0.0086803
23.4544 0.0309571 0.0129989
23.5067 0.0317956 0.0160432
23.5549 0.0326515 0.0177417
23.6071 0.0336031 0.0182596
23.6575 0.0344785 0.0173538
23.7085 0.03525 0.0151285
23.7563 0.035819 0.0119118
23.8067 0.0362022 0.00759591
23.8564 0.0363356 0.00268321
23.9058 0.0362158 -0.00242815
23.9546 0.0358538 -0.00741619
24.0073 0.03522 -0.0120198
24.0573 0.0344468 -0.0154597
24.1077 0.0335534 -0.0177371
24.1586 0.032602 -0.0186909
24.2094 0.0316739 -0.0182777
24.2587 0.0308569 -0.0165642
24.3057 0.0302098 -0.0137818
24.3558 0.029719 -0.00979272
24.4035 0.0294704 -0.0052115
24.4519 0.0294615 -0.000185207
24.5052 0.0297434 0.00528728
24.5547 0.0302378 0.00998991
24.6067 0.0309638 0.0139695
24.659 0.0318431 0.0167934
24.71 0.0327718 0.0182394
24.7625 0.0337346 0.0183217
24.8129 0.0345928 0.017026
24.8625 0.0353118 0.0145129
24.9089 0.0358292 0.0111322
24.9584 0.0361622 0.00672501
25.0056 0.0362559 0.0019878
25.0562 0.0360946 -0.00319095
25.1053 0.0356997 -0.00803876
