t x vx
0.01 0.0330023 0.000231409
0.02 0.0330122 0.000991527
0.0721112 0.0332457 0.00447959
0.126812 0.0336565 0.00751084
0.184061 0.0342294 0.0100073
0.24298 0.0349261 0.0118246
0.303531 0.0357011 0.0127987
0.373905 0.0365922 0.012663
0.4471 0.037409 0.0111586
0.522323 0.038035 0.00832254
0.59851 0.0383642 0.00432041
0.675343 0.0383202 -0.00057238
0.747906 0.0378985 -0.00581164
0.821556 0.0370543 -0.011462
0.890017 0.0359117 -0.0166909
0.957152 0.0344659 -0.0215351
1.02288 0.0327726 -0.0257608
1.08737 0.030883 -0.0293035
1.15168 0.0288238 -0.0320196
1.21598 0.026653 -0.033759
1.27773 0.0245295 -0.0343906
1.33743 0.0225062 -0.0338903
1.39516 0.0206532 -0.0320975
1.45163 0.0190274 -0.0287883
1.50763 0.0176988 -0.023726
1.56491 0.0167349 -0.0168288
1.62405 0.0162385 -0.00839306
1.68059 0.0162404 3.45288e-05
1.73558 0.0166887 0.00815218
1.7885 0.0175368 0.0160245
1.83794 0.0186815 0.0231565
1.89007 0.0202499 0.0300834
1.93347 0.0217925 0.0355425
1.98568 0.0239631 0.0415732
2.04074 0.0265503 0.046986
2.09433 0.0293136 0.0515694
2.14694 0.0322321 0.055475
2.19839 0.03525 0.0586502
2.24934 0.0383625 0.0610958
2.30179 0.0416487 0.0626564
2.3533 0.0449079 0.0632652
2.40307 0.0480406 0.0629518
2.45024 0.0509461 0.0615924
2.46768 0.052029 0.0620923
2.48345 0.0530183 0.0627429
