t x vx
0.01 0.0329995 -4.6625e-05
0.02 0.0329975 -0.00020265
0.141222 0.0327645 -0.00192249
0.272899 0.032315 -0.00341355
0.427446 0.0316081 -0.00457405
0.59091 0.0307847 -0.00503678
0.759132 0.0300194 -0.00454985
0.929788 0.0294824 -0.00314619
1.10026 0.0292742 -0.00122173
1.2688 0.029457 0.00108493
1.43562 0.0300488 0.00354728
1.59915 0.0310273 0.00598383
1.75743 0.0323314 0.00823914
1.90751 0.0338607 0.0101904
2.0538 0.0355849 0.0117859
2.19783 0.0374348 0.0128438
2.34031 0.0392994 0.0130862
2.47568 0.0409554 0.0122334
2.60391 0.0422294 0.00993443
2.72608 0.0430237 0.00650252
2.84519 0.0433433 0.00268329
2.96184 0.043219 -0.00106608
3.07378 0.0427111 -0.00453724
3.18087 0.0418914 -0.00765434
3.28346 0.0408199 -0.0104442
3.38648 0.039473 -0.0130744
3.48889 0.0378861 -0.0154956
3.59278 0.0360402 -0.0177672
3.69761 0.0339621 -0.0198249
3.80829 0.0315624 -0.0216798
3.92608 0.0288446 -0.0230747
4.0444 0.0260422 -0.0236832
4.15978 0.0233536 -0.0233039
4.26842 0.0209935 -0.0217229
4.36902 0.0191171 -0.0186514
4.4624 0.0178223 -0.0138667
4.55058 0.0171416 -0.00772004
4.6361 0.0170355 -0.00124006
4.71811 0.017443 0.00496892
4.79391 0.0182264 0.0103357
4.86831 0.0193414 0.0149859
4.9436 0.0207687 0.0189581
5.01446 0.0223334 0.022082
5.09625 0.0243907 0.0251512
5.18186 0.0267592 0.027667
5.27504 0.0295404 0.0298469
5.37346 0.032635 0.0314439
5.47704 0.0359899 0.0323902
5.58641 0.0395504 0.0325525
5.69712 0.043066 0.0317559
5.80303 0.0462347 0.029919
5.90039 0.0488612 0.0269766
5.98735 0.0508416 0.0227737
6.01841 0.0515037 0.0213152
6.04643 0.0520549 0.0196775
6.07017 0.052481 0.0179445
6.09257 0.0528377 0.0159241
6.11428 0.0531323 0.0135719
6.13481 0.0533568 0.0109298
6.15449 0.0535163 0.00810745
6.17325 0.0536124 0.00512729
6.19124 0.0536473 0.00193526
6.20909 0.0536247 -0.00126727
6.22814 0.0535377 -0.00456757
6.24492 0.0534133 -0.00740905
6.26143 0.0532477 -0.0100306
6.27869 0.0530296 -0.0126335
6.29784 0.0527344 -0.0154213
6.31647 0.0524001 -0.0179384
6.33823 0.0519506 -0.020659
6.36137 0.0514101 -0.0233555
6.38681 0.0507466 -0.0260862
6.41294 0.0499986 -0.0286204
6.48529 0.0474984 -0.0345602
6.55582 0.0448033 -0.0382107
6.63577 0.0415104 -0.0411882
6.73576 0.0371492 -0.043616
6.83522 0.0327223 -0.0445084
6.95158 0.027587 -0.0441332
7.07268 0.0225028 -0.0419843
7.19078 0.0179429 -0.0386098
7.29876 0.0142484 -0.0342153
7.33533 0.0130362 -0.033144
