t x vx
0.01 0.0330021 0.000212101
0.02 0.0330094 0.000732885
0.0836893 0.0332456 0.00370833
0.152636 0.0336877 0.00641186
0.224094 0.0343054 0.00864376
0.297766 0.0350651 0.010312
0.379821 0.0359908 0.0112819
0.461246 0.0369096 0.0112838
0.551601 0.0378233 0.0101129
0.642857 0.0385287 0.00772913
0.735128 0.0389193 0.00423374
0.827328 0.0389093 -0.000108917
0.918578 0.038449 -0.00504441
1.00857 0.0375227 -0.0102933
1.09573 0.0361829 -0.0153714
1.17836 0.0345328 -0.0199704
1.26026 0.0325572 -0.0241224
1.34051 0.0303442 -0.0275767
1.41804 0.0280044 -0.0301777
1.49138 0.0256706 -0.0318212
1.56123 0.0234036 -0.032456
1.62731 0.0212916 -0.0319594
1.69069 0.0193838 -0.0301027
1.75142 0.0177726 -0.0265307
1.81018 0.0165376 -0.0210188
1.86841 0.0157484 -0.0135526
1.89157 0.0155172 -0.00998293
1.91339 0.0153736 -0.00657847
1.93463 0.0153063 -0.00316924
1.95511 0.0153104 0.000197426
1.97498 0.0153795 0.00347975
1.99463 0.0155109 0.00668826
2.01381 0.0156977 0.00973729
2.03267 0.0159357 0.0126172
2.0503 0.0162043 0.01524
2.09019 0.0170464 0.0211122
2.13091 0.0181319 0.0266539
2.1768 0.0196112 0.0322334
2.22744 0.021516 0.0376207
2.2832 0.0239 0.0427495
2.3449 0.0268347 0.0475636
2.40739 0.0300585 0.0515934
2.46943 0.0334671 0.054936
2.53144 0.0370395 0.0576105
2.59223 0.0406592 0.0595498
2.653 0.0443433 0.0606169
2.71075 0.0478515 0.0607527
2.76478 0.0510909 0.059957
2.78439 0.0522853 0.0608904
2.80163 0.0533535 0.0619821
