t x vx
0.01 0.0329899 -0.00101103
0.02 0.0329467 -0.00432232
0.047514 0.0326106 -0.0122153
0.0763445 0.0320599 -0.0190993
0.106425 0.0313084 -0.0249827
0.137602 0.0303898 -0.0294648
0.17185 0.0292926 -0.0320379
0.207211 0.0281522 -0.0322503
0.244536 0.0270378 -0.0298557
0.282992 0.0260851 -0.0247756
0.322179 0.0254083 -0.0172703
0.356477 0.0250774 -0.00964717
0.392333 0.0250593 -0.000504324
0.426561 0.0253972 0.00987259
0.460647 0.0261089 0.0208774
0.49408 0.0271574 0.0313605
0.52903 0.0286114 0.0416037
0.562574 0.0303069 0.0505461
0.595349 0.0322191 0.0583404
0.626677 0.0342539 0.0649522
0.656797 0.0363817 0.0706462
0.685822 0.0385705 0.0754107
0.714827 0.0408688 0.079239
0.743856 0.0432501 0.0820306
0.772194 0.045622 0.0837001
0.799853 0.0479508 0.0841958
0.826553 0.0501755 0.0833239
0.836811 0.0510463 0.0848889
0.846387 0.0518758 0.0866269
0.854326 0.0525754 0.0881143
