t x vx
0.01 0.0330019 0.00019342
0.02 0.0330091 0.000714979
0.0840628 0.0332468 0.00371121
0.153322 0.0336919 0.00642616
0.22562 0.0343187 0.00866963
0.299145 0.0350771 0.0103153
0.381521 0.0360052 0.0112659
0.463163 0.0369225 0.0112359
0.55362 0.0378299 0.0100311
0.645018 0.0385257 0.00761263
0.737402 0.0389029 0.00408381
0.829569 0.0388772 -0.000279734
0.920425 0.038404 -0.00520817
1.01042 0.0374625 -0.0104613
1.09763 0.0361085 -0.0155259
1.18059 0.0344393 -0.0201211
1.26238 0.0324573 -0.0242305
1.3426 0.0302394 -0.0276493
1.41999 0.0279016 -0.0302085
1.49322 0.0255722 -0.0318106
1.56294 0.0233133 -0.0323978
1.62892 0.021212 -0.0318456
1.69222 0.0193183 -0.0299205
1.75288 0.0177248 -0.0262665
1.81164 0.0165107 -0.0206643
1.86999 0.0157453 -0.0131177
1.89317 0.0155242 -0.00953587
1.91497 0.0153905 -0.00613275
1.93618 0.0153325 -0.00273407
1.95672 0.0153455 0.000633536
1.97666 0.0154234 0.00390369
1.99632 0.0155627 0.00709135
2.01548 0.0157564 0.0101074
2.03416 0.0159981 0.0129389
2.07802 0.0168478 0.0193753
2.1178 0.0178365 0.0248524
2.16115 0.0191508 0.0303162
2.20888 0.0208528 0.0356611
2.25861 0.022871 0.040578
2.32152 0.0257569 0.045876
2.38501 0.0289406 0.050141
2.44741 0.0322909 0.0536909
2.50827 0.0357344 0.0565888
2.56887 0.0393026 0.058874
2.62978 0.0429759 0.0603083
2.68892 0.0465704 0.0607849
2.74419 0.0499071 0.0603665
2.79511 0.0529064 0.0589014
