t x vx
0.01 0.0330007 7.31212e-05
0.02 0.0330019 0.000115458
0.0533206 0.0330099 0.00023917
0.0868488 0.0330216 0.000350902
0.121077 0.0330371 0.000451078
0.156457 0.0330563 0.00054242
0.192601 0.0330781 0.000603252
0.229459 0.0331013 0.000630236
0.26673 0.033125 0.000636889
0.303956 0.0331483 0.000626312
0.340939 0.0331721 0.000641259
0.377433 0.0331934 0.00058383
0.413698 0.0332078 0.000397327
0.448916 0.0332112 9.84086e-05
0.484403 0.0332025 -0.000246764
0.519435 0.0331826 -0.000568142
0.554311 0.0331523 -0.000869233
0.588973 0.0331123 -0.00115324
0.623458 0.0330646 -0.00138381
0.657784 0.0330123 -0.00152216
0.691964 0.0329599 -0.0015321
0.726021 0.0329123 -0.00139791
0.75997 0.0328751 -0.0010968
0.793834 0.0328539 -0.000625529
0.827566 0.0328535 -1.33139e-05
0.861005 0.0328764 0.000684571
0.89416 0.0329242 0.00144406
0.927087 0.032998 0.00223945
0.959844 0.0330982 0.0030596
0.992477 0.0332245 0.0038706
1.02502 0.0333759 0.00465167
1.0575 0.0335503 0.00537155
1.08997 0.0337446 0.00598125
1.1225 0.0339536 0.00642474
1.15513 0.0341706 0.00664986
1.18788 0.0343874 0.00662104
1.22076 0.0345945 0.00629979
1.25346 0.0347801 0.00567671
1.28592 0.0349348 0.00476313
1.31821 0.0350513 0.00360745
1.35035 0.0351237 0.00225527
1.38231 0.035149 0.000790807
1.41386 0.035126 -0.000729589
1.4451 0.0350563 -0.00223116
1.47617 0.0349434 -0.00363364
1.50718 0.0347918 -0.00488882
1.53819 0.0346068 -0.00596547
1.56906 0.0343968 -0.00680378
1.6 0.0341686 -0.007373
1.63133 0.0339289 -0.00765177
1.66311 0.0336867 -0.00762201
1.69482 0.0334554 -0.0072928
1.72648 0.0332433 -0.00670003
1.75787 0.0330584 -0.0058908
1.78894 0.0329055 -0.00492218
1.82011 0.0327848 -0.0038705
1.85119 0.0326986 -0.00277561
1.88225 0.0326442 -0.00174918
1.91275 0.0326172 -0.000886165
1.94315 0.0326098 -0.000242554
1.97441 0.0326127 9.12823e-05
2.00601 0.0326142 4.95677e-05
2.03821 0.0326012 -0.000404926
2.07052 0.0325617 -0.00122185
2.10272 0.0324863 -0.00234238
2.13464 0.0323702 -0.00363863
2.16621 0.0322119 -0.00501276
2.19754 0.0320117 -0.0063905
2.22877 0.0317731 -0.00764153
2.25956 0.0315075 -0.00862555
2.29073 0.0312198 -0.00922973
2.32151 0.0309337 -0.00929194
2.3519 0.0306671 -0.00877254
2.38217 0.0304349 -0.00767182
2.4126 0.0302532 -0.00597141
2.44219 0.0301423 -0.00375071
2.47101 0.0301098 -0.00112588
2.49949 0.0301622 0.00183853
2.52849 0.0303084 0.00504471
2.55767 0.0305528 0.00837281
2.58666 0.0308886 0.011583
2.61525 0.0312983 0.0143344
2.64444 0.0317829 0.0165988
2.67373 0.0323144 0.0181484
2.70298 0.032864 0.0187847
2.73239 0.033407 0.0184652
2.76174 0.0339103 0.0171502
2.78998 0.0343326 0.0149492
2.81725 0.0346593 0.0119852
2.84428 0.0348857 0.00837303
2.87217 0.0349996 0.0040838
2.90169 0.0349759 -0.000802032
2.93152 0.0347983 -0.00595132
2.96266 0.0344586 -0.010909
2.99362 0.0339981 -0.0148729
3.02405 0.0334597 -0.0176912
3.05436 0.0328816 -0.0190766
3.08395 0.032321 -0.0189444
3.11297 0.0318162 -0.0173976
3.1419 0.0313967 -0.0144969
3.16967 0.0311051 -0.0105023
3.19684 0.0309517 -0.00564608
3.22548 0.030962 0.000360119
3.25436 0.0311602 0.00686117
3.28546 0.0315849 0.0136577
3.31628 0.032188 0.0195678
3.34776 0.0329499 0.0242007
3.37857 0.0337847 0.0270924
3.40919 0.034644 0.0280721
3.43919 0.0354569 0.0270926
3.46923 0.0361844 0.0242196
3.49861 0.0367588 0.0195462
3.52754 0.037147 0.0134207
3.5559 0.0373264 0.00632436
3.58586 0.0372723 -0.00180471
3.61485 0.036986 -0.00987903
3.64471 0.0364574 -0.0177007
3.67449 0.0357362 -0.0242144
3.70465 0.0348592 -0.0290842
3.73393 0.0339243 -0.031925
3.76324 0.0329669 -0.0326698
3.79206 0.0320643 -0.0313156
3.81887 0.031306 -0.0282827
3.84655 0.0306559 -0.023488
3.8747 0.030175 -0.017077
3.90332 0.029908 -0.00933468
3.93396 0.029891 -0.000552645
3.96404 0.0301357 0.008135
3.99306 0.0306008 0.0160256
4.02351 0.0312987 0.0229237
4.05287 0.0321171 0.0278711
4.0833 0.0330555 0.0308365
4.11272 0.0339851 0.0315988
4.14157 0.0348582 0.0302636
4.16995 0.0356254 0.0270294
4.19898 0.0362571 0.0217641
4.22686 0.0366775 0.0150753
4.25492 0.0368842 0.00737037
4.28439 0.0368462 -0.00129123
4.31412 0.0365456 -0.0101089
4.34502 0.0359733 -0.0185231
4.3752 0.0352091 -0.0253191
4.40563 0.0342888 -0.0302467
4.43495 0.0333202 -0.0330295
4.46439 0.0323285 -0.0336886
4.49336 0.0313973 -0.0321502
4.52033 0.0306192 -0.0288464
4.54799 0.029963 -0.0237215
4.57628 0.0294838 -0.0169416
4.60484 0.0292299 -0.00888863
4.63527 0.0292362 0.000205323
4.66534 0.0295155 0.00928965
4.69514 0.03004 0.0175977
4.72501 0.030777 0.0246774
4.75524 0.0316832 0.0299779
4.78482 0.032661 0.0330513
4.81395 0.0336508 0.0339819
4.84225 0.0345805 0.0328497
4.87009 0.0354074 0.0297059
4.89914 0.0361217 0.0245867
4.92714 0.0366226 0.0178897
4.95566 0.0369074 0.00998634
4.98556 0.0369415 0.00114027
5.01351 0.0367335 -0.00743878
5.04473 0.0362263 -0.0162516
5.07302 0.0355726 -0.0231019
5.10376 0.0346936 -0.0286005
5.13299 0.0337622 -0.0318598
5.16278 0.0327804 -0.0329564
5.19203 0.0318517 -0.031748
5.21955 0.0310628 -0.0286731
5.24668 0.0304148 -0.0238826
5.27451 0.029928 -0.0174886
5.3027 0.0296524 -0.0097779
5.33245 0.0296226 -0.000998954
5.36231 0.0298596 0.00793706
5.3898 0.0302951 0.0158408
5.42006 0.0309969 0.0231885
5.44838 0.0318054 0.0285487
5.47854 0.032777 0.0322215
5.50754 0.0337527 0.0336469
5.53664 0.0347124 0.0329785
5.5649 0.0355671 0.0302424
5.59348 0.036298 0.0255757
5.62225 0.0368474 0.0190919
5.65069 0.0371696 0.0113277
5.68051 0.0372455 0.00254683
5.70918 0.0370655 -0.00628107
5.74067 0.0365797 -0.015425
5.76892 0.035941 -0.0226109
5.79983 0.0350578 -0.0285675
5.82866 0.0341288 -0.0322262
5.85824 0.0331272 -0.0338584
5.88729 0.0321633 -0.033191
5.91532 0.0313054 -0.0306048
5.94194 0.0306031 -0.0263789
5.96949 0.0300397 -0.0204514
5.99787 0.0296703 -0.0130155
6.02708 0.0295411 -0.00442459
6.056 0.0296645 0.00426959
6.08491 0.0300329 0.0127408
6.11529 0.0306541 0.0204476
6.14329 0.0313896 0.0262669
6.17373 0.0323222 0.0306387
6.20327 0.0332884 0.0327083
6.23305 0.03426 0.0326252
6.26162 0.0351303 0.0304539
6.29016 0.0358827 0.0263636
6.31989 0.036484 0.0202312
6.34867 0.0368511 0.0127548
6.37846 0.0369786 0.00427768
6.40782 0.0368463 -0.00450233
6.43662 0.0364721 -0.012993
6.46604 0.0358641 -0.0206723
6.49693 0.0350312 -0.0269607
6.52725 0.0340903 -0.0310341
6.55752 0.033093 -0.0329443
6.58707 0.0321307 -0.0325665
6.61621 0.0312534 -0.0301078
6.64289 0.0305582 -0.026051
6.67072 0.0299942 -0.0202669
6.69953 0.0296233 -0.0128741
6.72873 0.0294957 -0.00436959
6.75786 0.0296224 0.00434937
6.7873 0.0300039 0.0129572
6.81759 0.0306315 0.0207179
6.8458 0.0313838 0.026667
6.8761 0.0323278 0.0311546
6.90544 0.033306 0.033345
6.93532 0.0343044 0.0334171
6.96391 0.0352021 0.0313944
6.99242 0.0359841 0.0274316
7.02238 0.0366242 0.0213634
7.0513 0.0370262 0.0138974
7.08086 0.0371878 0.00547025
7.11042 0.0370881 -0.0033741
7.13976 0.0367343 -0.0120562
7.16938 0.0361437 -0.0199413
7.20019 0.0353297 -0.0264155
7.23089 0.0343868 -0.0307173
7.26107 0.0333965 -0.0328142
7.29063 0.0324311 -0.0326614
7.31981 0.0315437 -0.030404
7.34648 0.0308356 -0.0265572
7.37441 0.0302502 -0.0209581
7.40327 0.0298539 -0.0137335
7.43247 0.0296968 -0.00537825
7.46245 0.0297996 0.00342661
7.49319 0.0301763 0.0122542
7.52371 0.0307858 0.019976
7.55301 0.0315483 0.0260187
7.58377 0.0324832 0.0303937
7.61336 0.0334435 0.032454
7.64335 0.0344142 0.0323692
7.67233 0.0352878 0.0301468
7.70108 0.036035 0.0259854
7.73108 0.0366273 0.0197478
7.75998 0.0369797 0.0121932
7.78957 0.0370896 0.0037133
7.81881 0.0369412 -0.00507542
7.84775 0.0365469 -0.0136292
7.87716 0.0359212 -0.0212724
7.90839 0.035061 -0.0275422
7.93813 0.0341239 -0.0315039
7.96817 0.033121 -0.0333914
7.99765 0.0321476 -0.033016
8.02657 0.0312628 -0.0305986
8.05323 0.0305541 -0.0265814
8.08102 0.0299754 -0.0208291
8.10982 0.0295879 -0.0134509
8.13908 0.0294432 -0.00494421
8.16841 0.0295545 0.00379216
8.19824 0.0299268 0.0124802
8.22865 0.030542 0.0202343
8.25708 0.0312862 0.0261766
8.28773 0.0322254 0.0306439
8.31726 0.0331934 0.032779
8.34713 0.0341736 0.0328093
8.37582 0.0350558 0.0307546
8.40441 0.0358209 0.0267598
8.43425 0.0364396 0.0207324
8.4631 0.0368245 0.013344
8.49288 0.036972 0.00495301
8.52306 0.0368535 -0.00392906
8.55215 0.0364923 -0.0124157
8.58209 0.0358882 -0.0201752
8.61305 0.0350686 -0.0264705
8.64389 0.0341258 -0.0305739
8.67448 0.0331333 -0.0324471
8.70424 0.0321789 -0.0320691
8.73354 0.0313117 -0.0295945
8.76037 0.0306264 -0.0255416
8.7884 0.0300726 -0.0197581
8.81717 0.029715 -0.0124319
8.84654 0.0295981 -0.0039769
8.8756 0.0297324 0.00461907
8.90514 0.0301204 0.0131382
8.93564 0.0307555 0.0208188
8.96402 0.0315124 0.0266725
8.99477 0.0324674 0.0310505
9.02418 0.0334415 0.0331213
9.05416 0.0344335 0.033099
9.08289 0.0353239 0.030983
9.11154 0.0360952 0.026928
9.14151 0.036719 0.0208128
9.17049 0.0371045 0.013305
9.20027 0.0372478 0.00481097
9.23026 0.037124 -0.00412834
9.25925 0.0367558 -0.0127013
9.2888 0.0361509 -0.0204734
9.31997 0.0353125 -0.0268905
9.35019 0.0343751 -0.0310228
9.38054 0.0333731 -0.033021
9.41011 0.0324038 -0.0327711
9.43915 0.0315189 -0.0304729
9.46586 0.0308087 -0.026595
9.49373 0.0302237 -0.0209882
9.52256 0.0298269 -0.0137622
9.55187 0.0296695 -0.0053708
9.58162 0.0297687 0.00333558
9.61234 0.030141 0.0121161
9.64294 0.0307465 0.0197909
9.67211 0.0314971 0.0257349
9.70325 0.0324333 0.0300629
9.733 0.0333865 0.0320382
9.76299 0.0343433 0.0318985
9.79202 0.0352036 0.0296417
9.82083 0.0359369 0.0254465
9.85071 0.0365121 0.0192552
9.87956 0.0368519 0.011777
9.90945 0.0369506 0.00330112
9.93911 0.0367877 -0.00549363
9.96812 0.0363836 -0.0139308
9.99784 0.0357462 -0.0214445
10.0296 0.0348704 -0.0275787
10.0595 0.0339339 -0.0313374
10.0897 0.0329349 -0.0330292
10.1194 0.0319719 -0.0324614
10.1483 0.0311082 -0.0298819
10.1752 0.0304178 -0.0257125
10.2031 0.0298647 -0.0198062
10.2318 0.0295092 -0.0123698
10.2613 0.0293962 -0.00383514
10.2904 0.0295365 0.00480923
10.3196 0.0299215 0.0132241
10.3502 0.0305626 0.0208956
10.3785 0.0313161 0.0266566
10.4095 0.0322763 0.0309645
10.439 0.0332476 0.0329481
10.4688 0.0342277 0.0328713
10.4975 0.0351088 0.0307495
10.5261 0.0358742 0.0266956
10.5558 0.0364882 0.0207005
10.5847 0.0368729 0.013334
10.6149 0.0370201 0.00486257
10.6458 0.0368927 -0.00412914
10.6749 0.0365281 -0.0125417
10.7048 0.0359228 -0.0202008
10.7363 0.03509 -0.0264551
10.7672 0.0341493 -0.0304421
10.7978 0.0331639 -0.0322006
10.8277 0.0322159 -0.0317247
10.8569 0.0313622 -0.0291924
10.8839 0.0306863 -0.0251027
10.912 0.0301443 -0.0192817
10.9407 0.0298004 -0.0119717
10.9702 0.0296955 -0.00355127
10.9996 0.0298432 0.00502772
11.0289 0.0302342 0.0133604
11.0596 0.0308778 0.0209261
11.0881 0.0316341 0.0265986
11.1195 0.0326001 0.0307795
11.1491 0.0335663 0.0326142
11.179 0.0345369 0.0323836
11.2079 0.0354047 0.0300733
11.2367 0.0361479 0.0258337
11.2665 0.0367323 0.0196246
11.2953 0.0370818 0.0120954
11.3256 0.037187 0.00347972
11.3557 0.0370229 -0.00546014
11.3852 0.0366089 -0.0140409
11.4147 0.035974 -0.021496
11.4463 0.0351004 -0.0276291
11.4759 0.0341699 -0.0314018
11.5059 0.0331777 -0.0331227
11.5355 0.0322137 -0.032615
11.5642 0.0313487 -0.0301175
11.591 0.0306503 -0.0260217
11.6189 0.0300863 -0.0202043
11.6477 0.0297164 -0.0128649
11.6772 0.0295872 -0.00437491
11.7064 0.0297094 0.00418444
11.7361 0.030085 0.0126513
11.7669 0.0307079 0.0202575
11.7954 0.0314483 0.0259713
11.8267 0.0323951 0.0301999
11.8565 0.0333507 0.0320855
11.8864 0.034305 0.0319107
11.9153 0.0351626 0.0296863
11.9441 0.0358993 0.0255363
11.9738 0.0364764 0.0194896
12.0026 0.0368259 0.0121389
12.033 0.0369367 0.00363919
12.0636 0.0367747 -0.00528412
12.0928 0.036377 -0.0136455
12.1227 0.0357456 -0.0211115
12.1546 0.0348768 -0.0272027
12.1849 0.0339414 -0.0309334
12.2154 0.0329472 -0.0325414
12.2453 0.031995 -0.0319046
12.2743 0.0311455 -0.0292462
12.3013 0.030471 -0.025014
12.3294 0.0299358 -0.0190598
12.3581 0.0296014 -0.0116208
12.3878 0.0295091 -0.00311255
12.4178 0.0296784 0.00564558
12.4464 0.0300731 0.0138035
12.4771 0.0307267 0.0213152
12.5056 0.0314936 0.0269137
12.5367 0.0324585 0.0309529
12.5665 0.0334299 0.0326688
12.5962 0.0343915 0.0323326
12.625 0.0352533 0.0299617
12.6538 0.0359928 0.0256635
12.6832 0.0365666 0.0195252
12.7119 0.036914 0.012094
12.7423 0.0370211 0.00351606
12.7731 0.0368522 -0.00548434
12.8026 0.0364423 -0.01391
12.8322 0.0358129 -0.0212529
12.8641 0.0349445 -0.0272713
12.8941 0.0340167 -0.0309365
12.9244 0.0330305 -0.0325004
12.9542 0.0320815 -0.0318291
12.9831 0.0312402 -0.0291678
13.0101 0.0305667 -0.024924
13.0382 0.0300341 -0.0189765
13.0669 0.0297017 -0.0115715
13.0966 0.0296102 -0.00307608
13.1267 0.0297804 0.00565189
13.1554 0.030175 0.0137646
13.186 0.0308254 0.0212095
13.2146 0.0315876 0.0267396
13.2457 0.0325451 0.0306946
13.2756 0.0335122 0.0323421
13.3055 0.0344638 0.0319143
13.3344 0.0353146 0.0294489
13.3633 0.036039 0.0250424
13.3927 0.0365926 0.0188193
13.4215 0.0369191 0.0113529
13.4518 0.0370033 0.00277272
13.4817 0.0368232 -0.00602495
13.5123 0.0363765 -0.0146211
13.5415 0.0357388 -0.021774
13.5732 0.0348644 -0.02763
13.6028 0.0339407 -0.0311601
13.633 0.0329578 -0.0326184
13.6627 0.0320111 -0.031843
13.6914 0.0311762 -0.0290883
13.7185 0.030506 -0.0247315
13.7466 0.0299811 -0.0186971
13.7753 0.0296587 -0.0112352
13.8051 0.0295782 -0.00270122
13.8356 0.0297658 0.00613912
13.8642 0.03017 0.0141645
13.8949 0.0308321 0.021558
13.9238 0.0316128 0.0270392
13.9548 0.0325696 0.0308441
13.9849 0.0335457 0.0323743
14.0146 0.0344903 0.0318177
14.0436 0.0353364 0.0292379
14.0726 0.0360545 0.0247098
14.1018 0.0365934 0.018448
14.1305 0.0369083 0.0109722
14.1609 0.0369807 0.00238537
14.1904 0.0367943 -0.00631412
14.2224 0.0363108 -0.0151306
14.2514 0.0356688 -0.0221119
14.2829 0.0347917 -0.0278145
14.3124 0.0338724 -0.0312077
14.3426 0.0328904 -0.0325271
14.3724 0.0319496 -0.0316057
14.4009 0.031129 -0.0287302
14.4281 0.0304695 -0.0242503
14.4562 0.0299605 -0.018117
14.4848 0.0296568 -0.0106172
14.5147 0.029595 -0.00206621
14.5451 0.0297989 0.00671639
14.5732 0.0302091 0.0145925
14.6042 0.0308905 0.0219702
14.6328 0.0316708 0.0273237
14.6636 0.0326283 0.0310287
14.6939 0.0336102 0.0324609
14.7236 0.0345543 0.0318023
14.7525 0.0353963 0.0291211
14.7816 0.0361092 0.0244959
14.8107 0.0366375 0.0181759
14.8393 0.0369433 0.0106702
14.8697 0.0370053 0.00204285
14.8988 0.0368141 -0.00657178
