t x vx
0.01 0.0329843 -0.00157087
0.02 0.032914 -0.00702635
0.0399537 0.0325809 -0.0166963
0.0616038 0.0320314 -0.0253807
0.0845123 0.031279 -0.0328429
0.10662 0.0304333 -0.0382545
0.130804 0.0294224 -0.0417996
0.158208 0.0282544 -0.0426202
0.186203 0.0271318 -0.0401
0.214945 0.0261444 -0.0343555
0.241799 0.0254448 -0.0260501
0.266034 0.0250306 -0.0170944
0.291185 0.0248676 -0.00648019
0.315697 0.0249926 0.00509912
0.341739 0.0254769 0.0185966
0.365453 0.0262197 0.0313268
0.390767 0.0273391 0.0442177
0.414231 0.0286486 0.0558084
0.438092 0.0302422 0.0667879
0.461096 0.0319948 0.0761889
0.483926 0.0339233 0.084471
0.506398 0.0359793 0.091492
0.528445 0.0381235 0.0972591
0.549932 0.0403119 0.101841
0.571116 0.0425403 0.105194
0.591941 0.0447724 0.107186
0.61254 0.0469888 0.107596
0.632524 0.0491117 0.106229
0.652048 0.0511162 0.102671
0.659526 0.0518842 0.102712
0.666509 0.0526051 0.103217
0.672467 0.0532221 0.103558
