t x vx
0.01 0.0219819 -0.0018128
0.02 0.0219343 -0.00476092
0.0332891 0.0218213 -0.00849812
0.0463356 0.0216633 -0.0121137
0.0610302 0.0214279 -0.0160219
0.0755681 0.0211414 -0.0197021
0.0904358 0.0207952 -0.0232898
0.105413 0.0203982 -0.0265033
0.120698 0.0199528 -0.029138
0.135883 0.0194819 -0.0310108
0.151039 0.0189985 -0.0318976
0.166015 0.0185225 -0.0317815
0.180822 0.0180696 -0.0305894
0.195254 0.0176602 -0.0283673
0.209688 0.0172967 -0.0251864
0.223337 0.0170063 -0.0212764
0.237275 0.0167729 -0.0167417
0.251535 0.0166098 -0.0114413
0.265687 0.0165285 -0.00574098
0.279724 0.0165316 0.000222717
0.293416 0.0166168 0.00622125
0.307588 0.0167924 0.012386
0.322172 0.0170614 0.0184475
0.336689 0.0174109 0.0240726
0.35099 0.017826 0.0290278
0.365121 0.0182967 0.0333135
0.379454 0.0188248 0.03684
0.393954 0.0193977 0.039509
0.408682 0.0200043 0.0411903
0.423598 0.0206282 0.0418295
0.438435 0.0212424 0.0413962
0.453086 0.0218272 0.0399164
0.467838 0.0223794 0.0374301
0.482656 0.0228804 0.0338119
0.497074 0.0233031 0.0293151
0.511734 0.0236537 0.0239138
0.525758 0.0239073 0.0180836
0.540012 0.0240753 0.0117877
0.55406 0.0241509 0.00538312
0.56843 0.024133 -0.00124511
0.582343 0.0240299 -0.0074119
0.595447 0.0238628 -0.0127539
0.609406 0.023615 -0.0177517
0.622792 0.0233238 -0.0217501
0.635441 0.0230116 -0.0246851
0.648656 0.022655 -0.0269878
0.662416 0.0222652 -0.0283263
0.676353 0.0218684 -0.028473
0.690333 0.0214856 -0.0273778
0.704378 0.0211332 -0.0250913
0.719251 0.0208146 -0.0214242
0.733539 0.0205748 -0.0167818
0.747923 0.0204112 -0.0113714
0.762482 0.0203357 -0.0051904
0.776542 0.0203547 0.00135192
0.790978 0.0204723 0.00814489
0.804886 0.0206735 0.0144668
0.818113 0.0209398 0.0201356
0.832247 0.0212994 0.0254428
0.846505 0.0217248 0.0298382
0.86059 0.0221914 0.0331271
0.87426 0.022673 0.0352266
0.888513 0.0231869 0.0360581
0.902842 0.0236967 0.0355758
0.917552 0.0241913 0.033626
0.931989 0.0246285 0.0302855
0.946371 0.0249985 0.025726
0.960397 0.0252794 0.0200281
0.974706 0.0254737 0.0135748
0.988183 0.0255704 0.00717572
1.00138 0.0255762 0.000443071
1.01479 0.0254903 -0.00640354
1.02806 0.0253193 -0.012892
1.04155 0.0250634 -0.0189672
1.05501 0.0247364 -0.0242895
1.069 0.0243334 -0.0288021
1.0822 0.0239081 -0.0322261
1.09539 0.0234518 -0.0346129
1.10975 0.0229352 -0.0359693
1.12452 0.0224039 -0.0359585
1.13953 0.0218859 -0.0345252
1.15451 0.0214118 -0.0316519
1.16942 0.021002 -0.0274807
1.18369 0.020682 -0.0224133
1.19799 0.020446 -0.0165069
1.21176 0.0203054 -0.0102127
1.22622 0.0202601 -0.0031325
1.24029 0.0203146 0.00387387
1.25411 0.0204611 0.0105933
1.26815 0.0206998 0.0170012
1.28216 0.0210185 0.0227538
1.2964 0.0214133 0.027717
1.31065 0.0218636 0.0316055
1.32442 0.0223359 0.0342987
1.33845 0.0228382 0.0357889
1.35298 0.0233604 0.0359576
1.36743 0.0238625 0.0347264
1.38214 0.0243334 0.0320181
1.39689 0.0247435 0.027801
1.41078 0.025058 0.0226443
1.42494 0.0252912 0.0164667
1.43879 0.0254281 0.00988616
1.4524 0.0254689 0.0029967
1.46539 0.0254195 -0.00380564
1.4792 0.0252691 -0.0108941
1.4922 0.0250456 -0.0171884
1.50567 0.0247355 -0.0230115
1.51929 0.0243534 -0.0280694
1.53334 0.0238995 -0.0323072
1.54712 0.0234124 -0.0353345
1.56092 0.0229002 -0.0371335
1.57536 0.0223563 -0.0376695
1.59015 0.0218121 -0.0367842
1.60529 0.0212918 -0.0343563
1.62041 0.0208318 -0.0304282
1.63446 0.0204718 -0.0256293
1.64871 0.02019 -0.0197802
1.66255 0.0200048 -0.0133738
1.67691 0.0199143 -0.00630535
1.6902 0.0199215 0.000540578
1.70424 0.0200297 0.00771358
1.718 0.0202288 0.0144662
1.73137 0.0205033 0.0205352
1.74544 0.0208709 0.0261148
1.7596 0.0213061 0.0307435
1.77319 0.0217711 0.0342134
1.78676 0.0222677 0.0366074
1.80088 0.0228021 0.0378337
1.81522 0.023343 0.0377278
1.82989 0.0238743 0.0362145
1.84431 0.0243538 0.0332516
1.85893 0.0247756 0.0288516
1.87273 0.0251001 0.0235131
1.88702 0.0253453 0.017161
1.9008 0.0254905 0.0105354
1.91413 0.0255407 0.00376582
1.92702 0.025503 -0.00291862
1.94053 0.0253707 -0.00980293
1.95361 0.0251602 -0.0160875
1.96699 0.0248687 -0.0217917
1.98069 0.0245014 -0.0267971
1.99473 0.0240675 -0.0309122
2.00841 0.0236055 -0.0337695
2.02221 0.0231171 -0.0354001
2.03682 0.0225948 -0.0357412
2.05171 0.0220789 -0.0346506
2.06689 0.0215926 -0.0320267
2.08212 0.0211672 -0.0279322
2.09611 0.0208447 -0.0230532
2.11045 0.0205986 -0.0171611
2.12456 0.0204482 -0.0106639
2.13911 0.0203959 -0.00359463
2.1528 0.0204412 0.00331027
2.16722 0.0205919 0.0104496
2.18134 0.0208327 0.0170532
2.19484 0.0211413 0.0228685
2.20915 0.0215443 0.0281585
2.22334 0.0220035 0.0323607
2.23707 0.02249 0.0354363
2.25093 0.0230077 0.0373437
2.26528 0.0235532 0.0380124
2.27961 0.0240871 0.0372626
2.29405 0.0245942 0.0351156
2.30864 0.0250528 0.03143
2.32286 0.0254304 0.0265531
2.33674 0.0257173 0.0206682
2.35074 0.0259145 0.0140864
2.36401 0.0260126 0.00739246
2.37722 0.0260172 0.0003512
2.39075 0.0259248 -0.00682896
2.40409 0.0257442 -0.0135404
2.41765 0.0254762 -0.0197644
2.43063 0.0251518 -0.0249965
2.4444 0.0247431 -0.0296923
2.45831 0.0242789 -0.0333576
2.47217 0.0237828 -0.0358074
2.48667 0.023246 -0.0370172
2.50126 0.0227087 -0.0368133
2.51634 0.0221784 -0.0351706
2.53149 0.0216931 -0.0320418
2.54654 0.0212776 -0.0275962
2.56085 0.020959 -0.0222749
2.57539 0.0207263 -0.0159988
2.58927 0.0205945 -0.00949378
2.60363 0.0205598 -0.00241472
2.61771 0.0206258 0.00468243
2.6315 0.0207842 0.011487
2.64566 0.0210384 0.0179594
2.65972 0.021372 0.0237175
2.67413 0.0217847 0.0286378
2.68795 0.0222318 0.0323658
2.70151 0.0227065 0.0349979
2.71525 0.0232073 0.0364487
2.72956 0.0237316 0.0366417
2.74379 0.0242358 0.035428
2.75765 0.0246916 0.0328985
2.77228 0.0251124 0.0287592
2.78601 0.0254377 0.0236978
2.79999 0.0256833 0.0175622
2.814 0.0258353 0.010853
2.82761 0.0258882 0.00388806
2.84079 0.0258468 -0.00314522
2.85479 0.0257004 -0.010459
2.86776 0.0254822 -0.016816
2.88114 0.0251788 -0.022673
2.89452 0.0248078 -0.027739
2.90848 0.0243596 -0.0321003
2.92249 0.0238643 -0.0353454
2.9367 0.0233332 -0.0373724
2.95113 0.0227841 -0.0380756
2.96597 0.0222291 -0.0373784
2.98112 0.0216965 -0.0351681
2.99636 0.0212169 -0.0314638
3.01088 0.0208288 -0.0267241
3.02542 0.0205246 -0.0209328
3.03946 0.0203205 -0.0145292
3.0537 0.0202122 -0.00760764
3.06736 0.0202035 -0.000638639
3.08133 0.0202942 0.00649659
3.09458 0.0204675 0.0130774
3.10821 0.0207312 0.0193487
3.12206 0.021077 0.0249622
3.13627 0.0214996 0.0297483
3.14979 0.0219504 0.0333323
3.16322 0.0224319 0.0358585
3.17702 0.0229459 0.0372342
3.19117 0.0234741 0.0373412
3.2054 0.0239876 0.0360848
3.2194 0.0244562 0.0334762
3.23407 0.0248858 0.0292776
3.24785 0.0252182 0.024133
3.26192 0.0254707 0.0179375
3.27582 0.0256276 0.011289
3.28949 0.0256868 0.00433601
3.30258 0.0256532 -0.00257006
3.31651 0.0255173 -0.00975692
3.32952 0.0253078 -0.0161041
3.34304 0.0250106 -0.0219828
3.3566 0.0246435 -0.0270628
3.37066 0.0242027 -0.0313582
3.38476 0.0237168 -0.034472
3.39867 0.0232116 -0.0362941
3.4132 0.0226766 -0.0368376
3.42814 0.0221393 -0.0359523
3.44341 0.0216275 -0.0335173
3.45868 0.0211758 -0.0295938
3.47288 0.0208238 -0.0247869
3.48721 0.020552 -0.0189599
3.50117 0.0203768 -0.0125487
3.51569 0.0202972 -0.00548615
3.52915 0.0203156 0.00136919
3.54325 0.0204352 0.00847842
3.5571 0.0206452 0.0151622
3.57053 0.0209292 0.0211655
3.58465 0.0213057 0.0266607
3.59888 0.0217496 0.0311828
3.61253 0.0222209 0.0345382
3.62615 0.022722 0.0367926
3.64023 0.0232551 0.037858
3.65447 0.0237901 0.037579
3.66885 0.024307 0.0359229
3.68324 0.0247788 0.0327869
3.69772 0.0251878 0.0282479
3.71141 0.0254995 0.0227775
3.72564 0.0257317 0.016316
3.73898 0.0258621 0.00977049
3.7518 0.0259016 0.00307948
3.76463 0.0258539 -0.00371234
3.77786 0.0257139 -0.0105836
3.7911 0.0254889 -0.0169906
3.80423 0.0251922 -0.0226044
3.81793 0.0248134 -0.0276447
3.83196 0.0243672 -0.0318047
3.84585 0.0238847 -0.0347457
3.85999 0.0233691 -0.036449
3.87454 0.0228336 -0.0368167
3.88955 0.0222967 -0.0357679
3.90484 0.0217892 -0.0331841
3.92019 0.0213422 -0.0291242
3.93437 0.0209985 -0.0242319
3.94869 0.0207357 -0.0183545
3.9627 0.020569 -0.0118992
3.97732 0.0204989 -0.00479502
3.99087 0.0205272 0.00208374
4.00508 0.0206576 0.00918195
4.01901 0.0208776 0.0157859
4.03235 0.0211664 0.021652
4.04665 0.0215534 0.0270605
4.06076 0.0219958 0.031361
4.0744 0.0224667 0.0345324
4.08803 0.0229652 0.0365626
4.1021 0.0234916 0.0373978
4.11624 0.0240125 0.0368584
4.13028 0.0245039 0.0349918
4.14477 0.0249616 0.0315983
4.15921 0.0253496 0.0268616
4.17327 0.0256457 0.0210592
4.18736 0.0258503 0.0145188
4.20033 0.0259544 0.00802798
4.21306 0.0259704 0.00125828
4.22586 0.0258992 -0.00556698
4.23915 0.025734 -0.0124263
4.25242 0.0254853 -0.0187421
4.26546 0.0251701 -0.0241883
4.27919 0.0247708 -0.0290835
4.29332 0.024303 -0.0330887
4.30746 0.0237961 -0.0358563
4.32188 0.0232574 -0.0373529
4.33661 0.0227057 -0.0374478
4.35166 0.0221627 -0.0360862
4.36698 0.0216543 -0.0331865
4.38228 0.0212127 -0.0288642
4.39634 0.0208784 -0.0237822
4.41076 0.0206236 -0.0176704
4.42494 0.0204673 -0.0110192
4.43953 0.0204119 -0.00379889
4.45321 0.0204559 0.00322062
4.46753 0.0206047 0.0103849
4.48175 0.0208466 0.0170189
4.49551 0.0211613 0.0228784
4.50998 0.0215678 0.0280896
4.52386 0.0220134 0.032097
4.53742 0.0224883 0.0350184
4.5511 0.0229914 0.0367896
4.56535 0.023524 0.0373584
4.57948 0.02404 0.0365225
4.59333 0.0245165 0.0343977
4.60799 0.024966 0.030669
4.62222 0.0253325 0.0257608
4.63611 0.0256084 0.019855
4.6502 0.0257947 0.0132213
4.66346 0.025881 0.0065083
4.67673 0.0258733 -0.000579666
4.69024 0.0257687 -0.00773844
4.70377 0.0255724 -0.0145019
4.71741 0.0252904 -0.0206809
4.73047 0.0249526 -0.0258605
4.74443 0.0245268 -0.0305082
4.75836 0.0240521 -0.0340626
4.77239 0.0235415 -0.0364129
4.78679 0.0230016 -0.0374928
4.80166 0.0224491 -0.0371505
4.81681 0.0219139 -0.0353193
4.8321 0.0214255 -0.0319574
4.84718 0.0210136 -0.027302
4.86148 0.0207019 -0.0218013
4.87588 0.0204798 -0.0154251
4.8897 0.020358 -0.00880895
4.90384 0.0203339 -0.00170417
4.91778 0.0204095 0.00541639
4.9312 0.0205722 0.012122
4.94531 0.0208349 0.0186279
4.95913 0.0211712 0.0243303
4.97344 0.0215901 0.0292837
4.98712 0.0220425 0.0330714
5.00065 0.0225273 0.035807
5.01447 0.0230437 0.037387
5.02873 0.0235815 0.0377184
5.04307 0.0241072 0.0366462
5.057 0.0245843 0.0342445
5.07165 0.0250274 0.0302451
5.08559 0.025379 0.0252244
5.09951 0.0256457 0.0191595
5.11353 0.0258206 0.0124777
5.12752 0.0258957 0.00536423
5.14097 0.0258715 -0.00179847
5.15485 0.0257454 -0.00908536
5.16779 0.0255449 -0.0154952
5.18129 0.0252546 -0.0215054
5.19462 0.0248993 -0.0266505
5.20869 0.0244611 -0.0311396
5.22282 0.0239738 -0.0344855
5.23677 0.0234637 -0.03656
5.25135 0.022919 -0.0373649
5.26632 0.0223694 -0.0367357
5.28161 0.0218406 -0.0345674
5.29696 0.0213665 -0.0308965
5.31165 0.0209823 -0.0261528
5.32632 0.0206836 -0.0203623
5.34057 0.0204855 -0.0139054
5.35481 0.0203854 -0.00702452
5.36859 0.0203848 -4.46003e-05
5.38263 0.0204839 0.00706358
5.39595 0.0206654 0.0136182
5.40969 0.0209383 0.019867
5.42363 0.0212931 0.0254552
5.43787 0.0217229 0.0301813
5.4515 0.0221828 0.0337285
5.46503 0.0226725 0.0362071
5.47891 0.0231934 0.0375143
5.49308 0.0237251 0.037536
5.50731 0.0242404 0.0361962
5.52141 0.0247122 0.033476
5.53607 0.0251398 0.0291666
5.54975 0.0254676 0.0239494
5.56381 0.0257163 0.0176914
5.57757 0.0258681 0.0110308
5.59096 0.0259231 0.00411184
5.60391 0.025887 -0.00279018
5.61765 0.0257502 -0.00995649
5.63053 0.0255406 -0.016279
5.64387 0.0252452 -0.0221268
5.65735 0.0248782 -0.0272236
5.67148 0.0244319 -0.0315952
5.68567 0.0239383 -0.0347853
5.69976 0.0234211 -0.0366972
5.71444 0.0228735 -0.0373058
5.72946 0.0223258 -0.0364796
5.74481 0.0218022 -0.034097
5.76021 0.0213368 -0.0302213
5.77471 0.0209688 -0.0253895
5.78921 0.0206853 -0.0195493
5.80329 0.0205008 -0.0131036
5.81775 0.0204128 -0.00608748
5.8314 0.0204245 0.00085552
5.8455 0.0205367 0.00796294
5.85906 0.0207339 0.0145427
5.87256 0.0210123 0.0206135
5.88659 0.0213785 0.0261083
5.90079 0.021814 0.030664
5.9144 0.0222772 0.0340467
5.92794 0.0227693 0.0363371
5.94189 0.023292 0.0374568
5.95604 0.0238189 0.0372525
5.97015 0.0243228 0.0357085
5.98438 0.0247884 0.0327201
5.99893 0.0251994 0.0282407
6.01262 0.025512 0.0228337
6.02691 0.025746 0.0163794
6.04049 0.025878 0.00971384
6.05347 0.0259157 0.00291049
6.06632 0.0258651 -0.00394547
6.0798 0.025717 -0.0109823
6.09286 0.0254905 -0.0173359
6.10607 0.0251865 -0.0230176
6.11972 0.0248035 -0.0280653
6.13392 0.0243444 -0.0323224
6.14804 0.0238454 -0.0353414
6.16225 0.0233181 -0.0371062
6.17705 0.0227628 -0.0375267
6.1921 0.0222137 -0.0364906
6.20746 0.0216929 -0.0338927
6.22288 0.0212334 -0.029812
6.23713 0.0208788 -0.0248832
6.25151 0.0206063 -0.0189477
6.26545 0.0204326 -0.0124618
6.27998 0.0203551 -0.00533359
6.29351 0.0203767 0.00160046
6.3077 0.0205011 0.00876592
6.32157 0.0207149 0.0154197
6.33493 0.0210003 0.0213582
6.34916 0.0213818 0.0268087
6.36322 0.0218202 0.0311796
6.37679 0.0222874 0.0344268
6.39037 0.0227837 0.0365648
6.40439 0.0233101 0.0375327
6.4185 0.0238343 0.0371458
6.4325 0.0243302 0.0354448
6.4469 0.0247948 0.0322455
6.46141 0.0251958 0.0276408
6.4752 0.0255001 0.0220711
6.48942 0.0257212 0.0155527
6.50273 0.0258406 0.00896551
6.51555 0.0258688 0.00220455
6.52839 0.0258093 -0.00463837
6.54171 0.0256552 -0.0115668
6.55502 0.0254161 -0.017967
6.5682 0.0251057 -0.0235422
6.58205 0.0247103 -0.0285507
6.59635 0.0242431 -0.0326852
6.61041 0.0237432 -0.0355391
6.62465 0.0232146 -0.0371432
6.63953 0.0226582 -0.0373796
6.65464 0.0221122 -0.0361328
6.67003 0.0215994 -0.0333278
6.68549 0.0211502 -0.0290445
6.69958 0.0208121 -0.0240126
6.71404 0.0205528 -0.017926
6.72808 0.0203938 -0.011321
6.74266 0.0203339 -0.00410989
6.7563 0.0203734 0.00290071
6.77068 0.020519 0.0101256
6.78493 0.0207588 0.0168232
6.79838 0.0210633 0.0226435
6.81285 0.021468 0.0279628
6.8268 0.0219158 0.0320934
6.84041 0.0223937 0.035135
6.85411 0.0229014 0.0370429
6.86834 0.0234384 0.0377493
6.88248 0.0239625 0.0370603
6.89642 0.0244513 0.0350649
6.91111 0.0249138 0.0314768
6.92559 0.0252987 0.0265869
6.93963 0.025589 0.020678
6.95375 0.0257873 0.014042
6.96675 0.0258843 0.00746319
6.9796 0.0258917 0.000574385
6.99257 0.0258094 -0.0063405
7.0061 0.0256305 -0.0132233
7.01945 0.0253706 -0.0194644
