t x vx
0.01 0.0220007 7.25983e-05
0.02 0.0220025 0.000177116
0.101604 0.0220842 0.00100088
0.183804 0.0222272 0.00174038
0.276496 0.0224537 0.0024434
0.373442 0.0227453 0.00300727
0.47432 0.0230867 0.00338476
0.577344 0.0234504 0.00352983
0.68153 0.0238065 0.00341798
0.785675 0.0241233 0.00304197
0.889003 0.0243727 0.00241361
0.990783 0.0245312 0.00155776
1.09112 0.0245811 0.000496895
1.18981 0.024509 -0.000730504
1.28733 0.0243053 -0.00208877
1.38432 0.0239615 -0.0035443
1.48114 0.0234712 -0.00506479
1.57764 0.0228365 -0.00657695
1.67365 0.0220648 -0.00803676
1.77044 0.0211538 -0.00941265
1.86422 0.0201597 -0.0105997
1.95404 0.0191234 -0.0115387
2.03905 0.0180883 -0.0121763
2.11947 0.0170865 -0.0124573
2.1942 0.0161666 -0.0123088
2.26372 0.0153556 -0.011666
2.32838 0.0146743 -0.0105374
2.38918 0.0141301 -0.0089501
2.41221 0.0139406 -0.00822488
2.4338 0.0137783 -0.00751833
2.45411 0.0136403 -0.006797
2.47351 0.013523 -0.0060451
2.49207 0.0134253 -0.00526255
2.50986 0.0133461 -0.00445586
2.52724 0.0132832 -0.00362042
2.54425 0.0132361 -0.0027631
2.56111 0.0132043 -0.00188667
2.57809 0.0131876 -0.000983479
2.59505 0.0131866 -6.44421e-05
2.61136 0.0132 0.000822228
2.62769 0.0132279 0.00170799
2.64408 0.0132703 0.00258941
2.66135 0.0133306 0.00349153
2.67946 0.0134103 0.00440233
2.69851 0.013512 0.00533514
2.71662 0.0136243 0.00620126
2.73771 0.0137758 0.0071809
2.76016 0.0139594 0.00818281
2.78416 0.0141806 0.00921694
2.80766 0.0144199 0.0101826
2.86968 0.015205 0.0126569
2.93853 0.0162371 0.0149924
3.016 0.0175713 0.0172205
3.09421 0.0190605 0.0190433
3.17232 0.0206657 0.0205512
3.25123 0.022389 0.0218358
3.32921 0.0241753 0.0229092
3.40524 0.0259835 0.0237813
3.47657 0.0277262 0.0244334
3.54229 0.0293594 0.0248508
3.60129 0.0308329 0.0249713
3.62201 0.0313545 0.0251862
3.6396 0.0318012 0.0253818
3.65324 0.0321486 0.0254798
3.66546 0.0324598 0.0254575
