t x vx
0.01 0.0220021 0.000209456
0.02 0.0220059 0.000378812
0.0354787 0.022016 0.000652858
0.0512433 0.0220309 0.000948776
0.0676943 0.0220517 0.00126036
0.084764 0.0220788 0.00158872
0.102282 0.0221125 0.00192589
0.120058 0.0221525 0.00225084
0.137872 0.0221979 0.00254791
0.155622 0.022248 0.0028196
0.173161 0.0223007 0.00300773
0.190419 0.0223559 0.0031981
0.207403 0.0224132 0.00337108
0.223883 0.0224704 0.00347216
0.239819 0.022526 0.00348758
0.255826 0.0225822 0.00351177
0.271667 0.022638 0.00352573
0.287266 0.0226925 0.00348975
0.302952 0.0227455 0.00338237
0.318932 0.022797 0.00322004
0.334997 0.0228448 0.00297663
0.350973 0.0228873 0.00265645
0.366867 0.0229231 0.00225503
0.382679 0.0229511 0.00177057
0.398435 0.0229701 0.00120884
0.414167 0.0229792 0.000576842
0.429904 0.0229774 -0.000116069
0.445668 0.0229641 -0.000845637
0.461474 0.022939 -0.00158498
0.477325 0.022902 -0.00233233
0.493213 0.0228534 -0.00306252
0.509083 0.022794 -0.00374034
0.524941 0.022725 -0.00435087
0.540805 0.0226476 -0.0048832
0.556683 0.0225627 -0.00534243
0.572553 0.0224719 -0.00572031
0.58841 0.0223773 -0.00596902
0.604174 0.0222823 -0.00602895
0.619794 0.0221902 -0.00589559
0.635399 0.0221029 -0.00559155
0.651078 0.0220221 -0.00515148
0.666753 0.0219501 -0.00459772
0.682441 0.021888 -0.00395326
0.698122 0.0218371 -0.0032469
0.713754 0.0217975 -0.0025326
0.729192 0.0217689 -0.00185293
0.74457 0.0217504 -0.00120583
0.759859 0.0217409 -0.000623565
0.77516 0.0217379 -0.000195718
0.790561 0.0217386 4.56415e-05
0.80589 0.0217397 7.65802e-05
0.821295 0.0217383 -9.37303e-05
0.836866 0.021732 -0.000407759
0.852218 0.0217194 -0.000820311
0.867929 0.0216988 -0.00130723
0.883754 0.0216701 -0.00181307
0.899561 0.0216334 -0.00232207
0.915321 0.0215892 -0.00280575
0.931186 0.0215373 -0.00327019
0.94716 0.0214786 -0.00367335
0.963406 0.0214143 -0.00395851
0.979338 0.0213493 -0.00408409
0.99536 0.021285 -0.00401352
1.0114 0.0212252 -0.00372956
1.02735 0.0211738 -0.00321735
1.04301 0.0211346 -0.0025072
1.05843 0.0211091 -0.00165356
1.07372 0.0210981 -0.000715967
1.08895 0.0211023 0.000276517
1.10401 0.0211219 0.00130139
1.11901 0.0211569 0.00232725
1.13406 0.0212068 0.0033186
1.14921 0.0212708 0.00422557
1.16449 0.0213474 0.00501303
1.17976 0.0214334 0.00563362
1.19507 0.0215261 0.00605062
1.21045 0.021622 0.00623901
1.22578 0.0217172 0.00620739
1.24106 0.0218085 0.00597737
1.25634 0.0218936 0.00556739
1.27161 0.0219697 0.00498522
1.28675 0.0220339 0.00424121
1.30146 0.0220837 0.00338606
1.31579 0.0221192 0.00247357
1.32986 0.022141 0.00154829
1.34383 0.0221498 0.000633202
1.35786 0.0221464 -0.000244219
1.37211 0.0221315 -0.0010471
1.38661 0.0221064 -0.00172816
1.40117 0.0220739 -0.00223311
1.41596 0.022036 -0.00256218
1.43101 0.0219952 -0.00271167
1.44639 0.0219541 -0.00267191
1.46204 0.0219159 -0.00244161
1.47749 0.0218842 -0.00204644
1.49286 0.0218609 -0.00151879
1.50825 0.0218473 -0.000885776
1.52367 0.0218448 -0.000161005
1.53895 0.0218538 0.000589895
1.55413 0.0218736 0.00130317
1.56914 0.0219025 0.00192704
1.58395 0.0219385 0.002428
1.59871 0.0219797 0.00279195
1.61343 0.0220238 0.0030012
1.62785 0.0220677 0.0030409
1.64227 0.0221098 0.00291473
1.65698 0.0221485 0.00263196
1.67219 0.022182 0.00220309
1.68756 0.0222074 0.00165363
1.7029 0.022223 0.00101804
1.71799 0.022228 0.000332792
1.73261 0.0222227 -0.000362443
1.74686 0.022208 -0.00103289
1.76088 0.022185 -0.00164022
1.77484 0.0221551 -0.00214137
1.78897 0.0221197 -0.00250446
1.80315 0.0220815 -0.00269528
1.8175 0.022043 -0.00268735
1.83203 0.0220068 -0.00249148
1.84672 0.0219757 -0.00211248
1.86189 0.0219524 -0.00153901
1.8773 0.0219404 -0.000776306
1.89278 0.0219422 0.000114817
1.90826 0.0219578 0.00101039
1.92358 0.0219853 0.00179357
1.93891 0.0220229 0.00245129
1.95434 0.0220687 0.0029709
1.96988 0.0221199 0.00329408
1.98521 0.0221717 0.00337588
2.00036 0.0222204 0.00321503
2.01552 0.0222632 0.0028213
2.03059 0.0222965 0.00221398
2.04546 0.0223177 0.00142573
2.06028 0.0223249 0.000487432
2.07526 0.0223165 -0.000561564
2.09057 0.0222904 -0.00170618
2.10563 0.0222474 -0.00285496
2.12032 0.0221893 -0.00395715
2.1348 0.0221174 -0.00496456
2.14919 0.0220339 -0.00580276
2.16362 0.0219412 -0.00642649
2.17821 0.0218419 -0.00680804
2.19296 0.0217402 -0.00689141
2.20752 0.0216428 -0.00669259
2.22197 0.0215526 -0.00624167
2.23659 0.0214717 -0.0055339
2.25151 0.0214038 -0.00454872
2.26686 0.0213534 -0.00328224
2.2823 0.021325 -0.00184086
2.29745 0.0213197 -0.000349765
2.31246 0.0213373 0.00117466
2.32721 0.0213763 0.00263945
2.34187 0.0214344 0.00396357
2.35626 0.0215079 0.00510718
2.37057 0.0215946 0.00606039
2.38443 0.0216879 0.00673758
2.3976 0.0217812 0.00707636
2.41057 0.0218734 0.00711195
2.4237 0.0219636 0.00687495
2.43736 0.0220505 0.00635711
2.45174 0.0221303 0.00555262
2.46691 0.0221982 0.00447421
2.48211 0.0222471 0.0032146
2.49674 0.0222745 0.00187353
2.51108 0.0222811 0.000466052
2.52521 0.0222675 -0.000966096
2.53919 0.0222343 -0.00237184
2.55308 0.0221831 -0.00369322
2.56691 0.0221161 -0.00484342
2.58076 0.0220363 -0.00575533
2.59472 0.021947 -0.00639506
2.60851 0.0218541 -0.00673896
2.6222 0.0217609 -0.00681349
2.63597 0.0216696 -0.00662868
2.64992 0.0215827 -0.00622692
2.66371 0.0215054 -0.00560369
2.6775 0.0214392 -0.00480434
2.6915 0.0213848 -0.00388106
2.70586 0.0213438 -0.00285674
2.72057 0.0213174 -0.00179388
2.73533 0.0213064 -0.000747912
2.75026 0.0213099 0.000231349
2.76559 0.0213267 0.00109848
2.78077 0.0213534 0.00176197
2.7959 0.0213869 0.00221078
2.81088 0.0214242 0.00249203
2.82522 0.021462 0.00263425
2.83994 0.0215009 0.0026433
2.85473 0.0215378 0.00249361
2.86941 0.0215699 0.00218811
2.88405 0.0215952 0.00172745
2.89877 0.0216122 0.00115232
2.91371 0.0216194 0.00048748
2.92885 0.0216161 -0.000220233
2.94377 0.021603 -0.000878111
2.95864 0.0215811 -0.00147115
2.9736 0.0215516 -0.00197405
2.98864 0.0215157 -0.00238896
3.00381 0.021475 -0.00267697
3.01911 0.0214322 -0.00279906
3.03447 0.0213903 -0.00272795
3.04987 0.0213527 -0.00244626
3.06407 0.0213239 -0.00202346
3.07724 0.021304 -0.00151036
3.08968 0.0212923 -0.000942532
3.10156 0.0212884 -0.000328201
3.11301 0.0212922 0.000335388
3.12413 0.0213036 0.00102196
3.13501 0.021322 0.00169131
3.14574 0.0213469 0.00232137
3.15641 0.0213778 0.0028935
3.16708 0.021414 0.00339663
3.1778 0.0214551 0.00382645
3.18865 0.0215002 0.00416562
3.19969 0.0215485 0.00437296
3.21104 0.0215986 0.0044094
3.22288 0.0216492 0.00427952
3.23546 0.021699 0.00395944
3.24899 0.0217451 0.00340024
3.26303 0.0217819 0.00262461
3.27772 0.0218063 0.00166323
3.29312 0.0218154 0.000591124
3.30851 0.0218082 -0.00046948
3.32345 0.0217869 -0.00142502
3.33813 0.021754 -0.00224334
3.35268 0.0217117 -0.00290917
3.36727 0.0216618 -0.00342039
3.38147 0.0216087 -0.00373437
3.39459 0.0215585 -0.00382595
3.40682 0.0215129 -0.00372591
3.41839 0.0214729 -0.00345887
3.42943 0.0214391 -0.00306403
3.44 0.0214119 -0.00257811
3.45016 0.0213913 -0.00202829
3.45997 0.0213772 -0.00143553
3.46951 0.0213695 -0.000805208
3.47885 0.0213681 -0.000145738
3.48806 0.0213729 0.000519247
3.49722 0.0213836 0.00116347
3.5064 0.0213998 0.00177233
3.51572 0.0214216 0.00233986
3.52529 0.0214489 0.0028483
3.53531 0.0214817 0.00327575
3.54608 0.0215202 0.0035764
3.55659 0.021559 0.00368856
3.5671 0.0215976 0.00367236
3.57773 0.021635 0.00352098
3.58884 0.0216709 0.00322786
3.60057 0.0217038 0.00280876
3.61311 0.0217322 0.00225917
3.62633 0.0217532 0.00158748
3.63972 0.0217645 0.000847978
3.65348 0.021765 3.58787e-05
3.66786 0.0217531 -0.000827595
3.68316 0.0217275 -0.00167431
3.69819 0.0216921 -0.00235667
3.71321 0.0216492 -0.00285122
3.72865 0.0216008 -0.00313562
3.74379 0.0215526 -0.0031876
3.75734 0.0215111 -0.00306002
3.77098 0.0214735 -0.00275607
3.78525 0.0214413 -0.00225782
3.80043 0.0214172 -0.00158699
3.81583 0.0214054 -0.000768274
3.83065 0.0214067 9.22203e-05
3.84565 0.0214212 0.000966713
3.86055 0.0214482 0.00181195
3.87525 0.0214858 0.00255754
3.88946 0.0215306 0.0031479
3.90316 0.0215794 0.00356129
3.91648 0.0216299 0.00379629
3.92967 0.0216808 0.00385464
3.94302 0.0217308 0.00374593
3.9567 0.0217785 0.00348687
3.97082 0.0218222 0.00309536
3.98547 0.0218603 0.00260476
4.00052 0.0218912 0.0020513
4.01524 0.021913 0.00148178
4.02995 0.0219261 0.000886548
4.04486 0.0219299 0.000260081
4.0596 0.0219247 -0.000358399
4.07424 0.0219107 -0.000950882
4.08894 0.0218888 -0.00149495
4.1038 0.0218596 -0.00195963
4.11892 0.0218246 -0.00231951
4.13298 0.021789 -0.00253219
4.14614 0.0217546 -0.00261128
4.15825 0.0217234 -0.00257794
4.16962 0.0216955 -0.00245256
4.18051 0.0216709 -0.00225545
4.19112 0.0216498 -0.0019908
4.20159 0.0216323 -0.00167616
4.21211 0.0216183 -0.00133086
4.22283 0.0216079 -0.00096583
4.23384 0.0216014 -0.000589404
4.24524 0.021599 -0.000212467
4.25704 0.0216009 0.000161899
4.26921 0.0216073 0.000520915
4.28166 0.0216178 0.000849183
4.29427 0.0216322 0.00113696
4.30691 0.0216494 0.00136537
4.31952 0.0216685 0.00151348
4.33205 0.0216881 0.00156527
4.34451 0.021707 0.00151645
4.3569 0.0217239 0.0013614
4.36928 0.0217376 0.00110603
4.38166 0.0217469 0.000754452
4.39409 0.0217508 0.000314034
4.40636 0.0217487 -0.000174502
4.41818 0.0217408 -0.000665376
4.42965 0.0217276 -0.0011525
4.44082 0.0217095 -0.00161925
4.45182 0.0216871 -0.00203892
4.46273 0.0216608 -0.00241018
4.47371 0.0216308 -0.00273553
4.48489 0.021597 -0.00302324
4.49647 0.0215591 -0.00326535
4.50872 0.0215174 -0.00340766
4.52198 0.0214726 -0.00337853
4.53614 0.0214279 -0.00315948
4.55025 0.0213888 -0.00277061
4.56441 0.0213568 -0.00225719
4.57874 0.0213334 -0.00162924
4.59306 0.0213208 -0.000880804
4.60735 0.0213202 -4.67191e-05
4.62185 0.0213326 0.000857205
4.63684 0.0213593 0.00178388
4.65137 0.0213973 0.00261425
4.66477 0.0214411 0.00326906
4.67736 0.0214887 0.00378037
4.6895 0.0215392 0.0041544
4.70145 0.0215917 0.00439328
4.71339 0.0216455 0.00450335
4.7255 0.0216998 0.00448699
4.73789 0.0217534 0.00432692
4.75071 0.0218046 0.00399875
4.76407 0.0218514 0.00350003
4.77807 0.0218911 0.00283564
4.79282 0.021921 0.00202766
4.80755 0.0219379 0.00114275
4.82198 0.021941 0.000220243
4.8363 0.0219308 -0.000716954
4.85055 0.0219073 -0.00164322
4.86488 0.0218716 -0.00249486
4.87933 0.0218253 -0.00320147
4.89366 0.0217721 -0.00371864
4.9077 0.021715 -0.00406008
4.92153 0.0216566 -0.00422714
4.93533 0.0215986 -0.00420387
4.94906 0.0215439 -0.00397901
4.96288 0.0214949 -0.00354813
4.97686 0.0214538 -0.00294404
4.99076 0.0214227 -0.00223151
5.00485 0.0214025 -0.00143559
5.01932 0.0213942 -0.000573246
5.03441 0.0213996 0.000358627
5.04957 0.021418 0.00121373
5.06429 0.021446 0.00190394
5.0791 0.0214832 0.00250854
5.09377 0.0215266 0.00296157
5.10822 0.0215725 0.00317653
5.12209 0.0216161 0.00314373
5.13565 0.0216557 0.00291906
5.14904 0.0216898 0.00254241
5.16255 0.0217173 0.0020389
5.17657 0.0217376 0.0014444
5.19134 0.0217492 0.000786366
5.20648 0.0217507 0.000102604
5.22189 0.0217416 -0.000595742
5.23757 0.0217213 -0.00129223
5.25304 0.0216914 -0.00192894
5.26823 0.0216539 -0.00246854
5.28326 0.0216109 -0.00286754
5.29726 0.0215674 -0.00310099
5.31019 0.0215263 -0.00317787
5.32235 0.0214885 -0.00311444
5.33393 0.0214546 -0.00292342
5.34514 0.0214253 -0.00261851
5.35618 0.0214009 -0.00220682
5.36724 0.0213821 -0.00170516
5.37846 0.0213695 -0.00111922
5.38999 0.0213643 -0.000451962
5.40192 0.0213676 0.000277469
5.41431 0.0213804 0.00103297
5.42728 0.0214032 0.00176151
5.44101 0.0214363 0.00241127
5.45572 0.0214794 0.00292472
5.47058 0.0215275 0.00323831
5.48482 0.0215748 0.00331929
5.49867 0.0216188 0.00318055
5.51187 0.0216567 0.00287331
5.52433 0.0216872 0.00244622
5.53625 0.0217101 0.0019188
5.54784 0.0217253 0.00131238
5.5593 0.0217329 0.00066097
5.57091 0.0217327 -1.31815e-05
5.58289 0.0217246 -0.000674969
5.5955 0.0217081 -0.00131135
5.60896 0.0216825 -0.00190288
5.62367 0.0216469 -0.00242075
5.63916 0.0216034 -0.00280918
5.65457 0.0215565 -0.00303881
5.66996 0.0215088 -0.0031031
5.68521 0.0214632 -0.002989
5.7003 0.0214229 -0.00267086
5.71534 0.0213907 -0.00213678
5.73045 0.0213695 -0.00140794
5.74539 0.0213618 -0.000513509
5.7602 0.0213691 0.000494331
5.77503 0.0213923 0.00156233
5.79002 0.0214316 0.00262054
5.80507 0.0214853 0.00357325
5.81988 0.0215497 0.00434391
5.83454 0.0216214 0.00489361
5.84908 0.0216975 0.00523515
5.86363 0.0217753 0.00534406
5.87836 0.0218523 0.00522494
5.8934 0.021926 0.0049012
5.90879 0.0219936 0.00439725
5.92445 0.022052 0.00372735
5.94013 0.0220978 0.00292005
5.95583 0.022129 0.00198979
5.97134 0.0221443 0.000986159
5.98644 0.0221439 -2.8423e-05
6.0012 0.0221287 -0.00103232
6.01576 0.0220998 -0.00198078
6.03028 0.0220586 -0.00283648
6.04492 0.0220066 -0.00355682
6.05981 0.0219456 -0.00409123
6.07483 0.0218801 -0.00436346
6.09003 0.0218137 -0.00436949
6.10528 0.0217509 -0.00411331
6.12058 0.0216955 -0.00362159
6.13581 0.0216512 -0.00291517
6.15075 0.0216202 -0.00207252
6.16564 0.0216029 -0.00116347
6.18068 0.0215995 -0.000220051
6.1957 0.0216097 0.000679188
6.21048 0.0216315 0.00147272
6.22507 0.0216626 0.00213236
6.23955 0.0217007 0.00262981
6.25383 0.0217426 0.00293148
6.26786 0.0217848 0.00300963
6.28172 0.0218243 0.00285425
6.29557 0.0218589 0.00249542
6.30954 0.0218866 0.00198506
6.3238 0.0219061 0.00136299
6.33846 0.0219158 0.000663519
6.35367 0.0219145 -8.3114e-05
6.36923 0.0219015 -0.00084106
6.38444 0.0218778 -0.00155252
6.39938 0.0218451 -0.00219196
6.41407 0.0218051 -0.00272266
6.42862 0.0217594 -0.00314175
6.44321 0.0217094 -0.00342249
6.45799 0.0216577 -0.00350437
6.47273 0.0216081 -0.00335929
6.48682 0.0215657 -0.00301207
6.50023 0.0215317 -0.00253657
6.51296 0.0215062 -0.00200356
6.52514 0.0214887 -0.00143178
6.53691 0.021479 -0.000823993
6.54839 0.0214767 -0.000204711
6.55967 0.0214813 0.00040523
6.57084 0.0214922 0.000981665
6.58196 0.0215091 0.00151757
6.59312 0.0215315 0.00200611
6.60436 0.0215588 0.00242942
6.61572 0.0215901 0.00275137
6.62721 0.021624 0.00295325
6.63884 0.0216592 0.00302568
6.65061 0.021694 0.00295977
6.66218 0.0217261 0.00277631
6.6736 0.0217546 0.00249208
6.68491 0.0217786 0.00211887
6.69619 0.0217974 0.00167301
6.70746 0.0218105 0.00116016
6.71875 0.0218171 0.000587728
6.73007 0.0218169 -2.2283e-05
6.74141 0.0218095 -0.000653482
6.75276 0.0217949 -0.00128324
6.76408 0.0217736 -0.00188226
6.77535 0.0217463 -0.0024246
6.78653 0.0217139 -0.00289467
6.79763 0.0216775 -0.00327738
6.80869 0.0216381 -0.0035699
6.81977 0.0215963 -0.00376753
6.83093 0.0215532 -0.00386314
6.84223 0.0215097 -0.00385088
6.85369 0.021467 -0.00372777
6.86534 0.0214264 -0.00348801
6.87712 0.0213895 -0.00312945
6.889 0.0213579 -0.00266089
6.90095 0.0213328 -0.00209584
6.91299 0.0213152 -0.00146594
6.92521 0.0213052 -0.000816845
6.93774 0.0213028 -0.000190427
6.95075 0.0213077 0.000379544
6.9644 0.0213195 0.000863435
6.97884 0.0213372 0.00122192
