t x vx
0.01 0.0219849 -0.00151409
0.02 0.0219458 -0.00390424
0.0342659 0.0218431 -0.00720291
0.0488336 0.0216891 -0.0105682
0.0640139 0.0214755 -0.0140684
0.0793637 0.0212064 -0.0175358
0.0946989 0.0208865 -0.0208559
0.110007 0.0205209 -0.0238864
0.125599 0.020108 -0.0264793
0.141052 0.0196682 -0.0284607
0.156045 0.0192237 -0.0296502
0.171058 0.0187742 -0.0299416
0.186025 0.0183372 -0.029198
0.201133 0.0179239 -0.0273559
0.215824 0.0175625 -0.0245997
0.230027 0.0172643 -0.020991
0.244477 0.0170249 -0.0165672
0.258801 0.0168612 -0.0114335
0.272812 0.0167797 -0.00581716
0.286592 0.0167831 0.000252825
0.30055 0.0168797 0.006916
0.314063 0.0170626 0.0135359
0.328189 0.0173526 0.0205271
0.341606 0.0177168 0.0271477
0.354831 0.0181586 0.0334063
0.368129 0.0186804 0.0392367
0.381881 0.0192945 0.0446553
0.394979 0.0199387 0.049186
0.407286 0.0205894 0.0528724
0.419438 0.0212682 0.055859
0.431618 0.0219758 0.0580925
0.444159 0.0227223 0.0595306
0.456246 0.0234498 0.0601853
0.468652 0.024194 0.0599841
0.481264 0.0249347 0.0587337
0.494347 0.0256722 0.0563713
0.507828 0.0263851 0.0528822
0.521424 0.0270379 0.048015
0.535204 0.0276171 0.0420299
0.54899 0.0280981 0.0348861
0.562507 0.0284628 0.0269827
0.57558 0.0287088 0.0188202
0.588268 0.0288443 0.010681
0.600453 0.0288786 0.00281306
0.611874 0.0288282 -0.0044123
0.624194 0.0286837 -0.0117294
0.63645 0.0284585 -0.0183721
0.64786 0.0281861 -0.0238728
0.660058 0.027833 -0.0289499
0.672891 0.0274051 -0.0333444
0.686028 0.0269208 -0.0368675
0.699738 0.0263782 -0.0395767
0.713566 0.0258059 -0.0413849
0.727725 0.0252078 -0.0422454
0.74176 0.0246164 -0.0421323
0.755586 0.0240478 -0.0411251
0.769499 0.0235034 -0.0391347
0.783694 0.0229907 -0.0361189
0.798334 0.0225227 -0.0319613
0.813604 0.0221168 -0.0265832
0.828138 0.0218176 -0.020585
0.843178 0.0216105 -0.0137741
0.858204 0.0215111 -0.00661658
0.871948 0.021514 0.000215845
0.886037 0.021614 0.00709911
0.900531 0.0218153 0.0138825
0.914915 0.0221049 0.0201397
0.928937 0.0224635 0.0255674
0.943061 0.0228896 0.0301739
0.957286 0.0233702 0.0337822
0.970859 0.0238608 0.0361459
0.98435 0.0243648 0.037357
0.998028 0.0248743 0.0372522
1.01212 0.0253772 0.0356802
1.02671 0.0258504 0.0324438
1.04093 0.026245 0.027752
1.0551 0.0265531 0.0217432
1.06965 0.0267658 0.0146168
1.08347 0.0268645 0.00714431
1.0968 0.0268557 -0.000663261
1.11009 0.026742 -0.00855167
1.1235 0.0265252 -0.0161743
1.13684 0.0262149 -0.023255
1.14955 0.0258423 -0.0293065
1.16269 0.0253864 -0.0347077
1.17619 0.0248566 -0.0392381
1.1896 0.0242839 -0.0427259
1.20324 0.0236673 -0.0451863
1.21644 0.0230538 -0.0464858
1.22962 0.0224379 -0.0467202
1.24294 0.0218272 -0.0458667
1.25666 0.021226 -0.0438193
1.27073 0.0206578 -0.0403745
1.28541 0.0201383 -0.035382
1.29994 0.019715 -0.0291395
1.31433 0.0193997 -0.0219041
1.32784 0.0192046 -0.0144429
1.3422 0.0191196 -0.005915
1.35559 0.0191514 0.00237176
1.36938 0.0193014 0.0108803
1.38294 0.019558 0.0189239
1.39635 0.0199101 0.0262551
1.40981 0.0203508 0.0327312
1.4228 0.0208465 0.0381533
1.43556 0.0213899 0.0425963
1.44832 0.0219769 0.0460234
1.46091 0.0225857 0.0483324
1.47379 0.0232237 0.0495357
1.48682 0.0238689 0.0495314
1.49999 0.0245027 0.0481034
1.51359 0.025117 0.0451715
1.52747 0.0256837 0.040833
1.54159 0.0261772 0.0349522
1.55561 0.0265674 0.0278323
1.56963 0.0268469 0.0199282
1.58343 0.0270083 0.0117024
1.59677 0.0270533 0.00337095
1.6104 0.0269836 -0.00511504
1.62348 0.0268137 -0.0129896
1.6367 0.0265445 -0.0203454
1.64984 0.0261918 -0.0268472
1.66292 0.025767 -0.0324844
1.67576 0.0252914 -0.0370435
1.68886 0.024758 -0.0407111
1.70288 0.0241481 -0.0434907
1.71653 0.0235322 -0.0451394
1.72988 0.0229224 -0.0456857
1.74331 0.0223159 -0.0451453
1.75704 0.021719 -0.0434626
1.77126 0.0211448 -0.0403994
1.78595 0.0206182 -0.0358479
1.80082 0.0201729 -0.029937
1.81528 0.0198396 -0.0230505
1.82905 0.0196227 -0.0157493
1.84317 0.0195147 -0.00765421
1.85632 0.0195186 0.000297466
1.87027 0.0196403 0.00871912
1.88334 0.0198543 0.0163796
1.89595 0.0201497 0.0234209
1.90945 0.0205562 0.0301206
1.92294 0.0210411 0.0359488
1.93612 0.0215782 0.0407317
1.94909 0.0221537 0.0443914
1.96183 0.0227516 0.0469307
1.97482 0.0233799 0.0483659
1.9879 0.0240154 0.0485796
2.00115 0.0246431 0.0473631
2.01485 0.0252538 0.0445918
2.02921 0.025831 0.0401806
2.04377 0.0263284 0.0341589
2.05805 0.0267117 0.0268515
2.07214 0.0269775 0.018862
2.08587 0.0271241 0.0106811
2.09947 0.0271537 0.00217172
2.11308 0.0270678 -0.0063069
2.12633 0.0268799 -0.0141917
2.13978 0.0265898 -0.0215612
2.15293 0.0262221 -0.0279657
2.16607 0.0257819 -0.0334908
2.17924 0.0252816 -0.0380015
2.19257 0.0247275 -0.0415672
2.2066 0.0241072 -0.0442093
2.22005 0.0234923 -0.0457202
2.23337 0.022877 -0.0461752
2.24682 0.0222647 -0.0455387
2.26063 0.0216604 -0.0437407
2.27483 0.0210841 -0.0405915
2.28963 0.0205525 -0.0359208
2.30445 0.0201088 -0.029948
2.31882 0.0197777 -0.0230275
2.33259 0.0195618 -0.015688
2.34667 0.0194552 -0.00756556
2.35982 0.0194605 0.000402821
2.37389 0.0195857 0.00889975
2.38699 0.019803 0.0165846
2.39958 0.0201003 0.0236134
2.41312 0.0205109 0.0303112
2.42668 0.0210007 0.0361241
2.43975 0.0215345 0.0408407
2.45273 0.0221117 0.0444678
2.46551 0.0227119 0.0469802
2.4786 0.0233452 0.0483853
2.49171 0.0239817 0.0485466
2.50505 0.0246121 0.0472652
2.51885 0.0252252 0.0444088
2.53323 0.0257993 0.0399487
2.54776 0.0262921 0.033902
2.56202 0.0266714 0.0265959
2.57615 0.026934 0.0185836
2.58993 0.0270768 0.0103702
2.60344 0.0271031 0.00193986
2.61716 0.0270129 -0.0065701
2.6305 0.0268197 -0.0144749
2.64397 0.0265262 -0.0218034
2.65717 0.0261539 -0.0281905
2.67038 0.0257093 -0.0336685
2.68345 0.0252114 -0.0381022
2.6968 0.0246555 -0.0416229
2.71078 0.0240374 -0.0442149
2.72421 0.0234237 -0.0456904
2.73758 0.0228075 -0.046106
2.75109 0.0221938 -0.0454169
2.76498 0.021589 -0.0435472
2.77925 0.0210137 -0.0403125
2.7941 0.0204858 -0.0355551
2.80886 0.0200497 -0.0295394
2.82319 0.019726 -0.0225935
2.83704 0.0195155 -0.0151883
2.85115 0.0194165 -0.00702702
2.86447 0.0194303 0.00103681
2.87863 0.0195659 0.00957018
2.89194 0.0197962 0.0173127
2.90459 0.0201036 0.0242933
2.9182 0.0205244 0.0309282
2.93177 0.0210218 0.0366499
2.94484 0.0215611 0.0412524
2.95781 0.0221417 0.044764
2.97067 0.022748 0.0471723
2.9839 0.0233891 0.0484623
2.99704 0.0240267 0.048487
3.01052 0.0246603 0.0470348
3.0245 0.0252752 0.0439796
3.03875 0.025837 0.039429
3.05314 0.0263165 0.0333134
3.0673 0.0266848 0.0260141
3.08155 0.0269402 0.0179245
3.09535 0.0270737 0.00967492
3.10858 0.0270927 0.00143014
3.1227 0.0269904 -0.00724295
3.13645 0.0267801 -0.0152968
3.14984 0.0264789 -0.022489
3.16306 0.0260981 -0.0287971
3.17633 0.0256447 -0.0341815
3.18933 0.0251443 -0.0384972
3.20281 0.024579 -0.0419437
3.21669 0.0239623 -0.0444276
3.23008 0.0233488 -0.0458234
3.24347 0.0227305 -0.0461601
3.25706 0.0221139 -0.0453793
3.27099 0.0215093 -0.0434104
3.28538 0.020933 -0.0400466
3.30012 0.0204135 -0.035231
3.31479 0.0199855 -0.0291821
3.32921 0.0196661 -0.0221404
3.34312 0.0194621 -0.0146718
3.3573 0.0193708 -0.00643574
3.37078 0.0193941 0.00172345
3.38489 0.0195382 0.0102169
3.39864 0.0197874 0.0181289
3.41148 0.0201098 0.0250957
3.42518 0.0205432 0.0316502
3.43863 0.0210438 0.0372056
3.45174 0.0215901 0.0416732
3.4647 0.0221737 0.0450411
3.47766 0.022787 0.04732
3.49086 0.0234267 0.0484512
3.50408 0.0240649 0.0483015
3.51767 0.0246989 0.0466403
3.53187 0.0253143 0.0433429
3.54594 0.0258588 0.0386878
3.56029 0.0263241 0.032425
3.57445 0.0266792 0.0250751
3.58883 0.0269221 0.0168934
3.60241 0.0270407 0.00873673
3.6154 0.0270494 0.000667905
3.62948 0.026938 -0.00791484
3.64333 0.0267172 -0.0159427
3.6567 0.0264093 -0.0230276
3.66997 0.026021 -0.0292632
3.68331 0.0255598 -0.0345588
3.69634 0.0250547 -0.038779
3.70992 0.0244821 -0.0421436
3.72371 0.0238685 -0.0445187
3.73708 0.0232556 -0.0458277
3.75052 0.0226363 -0.046073
3.76422 0.0220177 -0.0451768
3.77822 0.0214145 -0.0430733
3.79278 0.0208391 -0.0395242
3.80746 0.0203312 -0.0345923
3.82203 0.0199164 -0.0284653
3.83667 0.0196055 -0.02125
3.8504 0.0194161 -0.0137934
3.86484 0.0193384 -0.00537824
3.87838 0.0193768 0.0028311
3.89265 0.0195392 0.011384
3.90644 0.0198051 0.0192767
3.91991 0.0201604 0.0263896
3.93367 0.020612 0.0327981
3.9471 0.0211239 0.0381337
3.9602 0.0216788 0.042365
3.97317 0.0222687 0.0454926
3.98627 0.0228916 0.0475405
3.99947 0.0235308 0.0484053
4.0128 0.0241698 0.04795
4.02659 0.0248032 0.045932
4.04107 0.0254145 0.0421988
4.05503 0.0259345 0.037252
4.06914 0.0263687 0.0307812
4.08334 0.0266994 0.0233001
4.09757 0.0269147 0.0151149
4.11094 0.0270083 0.00700423
4.12444 0.0269906 -0.00131085
4.13814 0.0268587 -0.00963012
4.15157 0.0266265 -0.0172875
4.16475 0.0263084 -0.0241491
4.17803 0.0259066 -0.0302483
4.19148 0.02543 -0.0354268
4.20461 0.0249111 -0.0395329
4.21853 0.024315 -0.0428097
4.23214 0.0237023 -0.0450179
4.24553 0.0230842 -0.046188
4.25903 0.0224587 -0.046301
4.27279 0.0218359 -0.0452722
4.28692 0.021228 -0.0430135
4.30157 0.0206527 -0.0392716
4.31616 0.0201533 -0.0342271
4.33064 0.0197477 -0.0280205
4.34513 0.0194463 -0.0208012
4.35858 0.0192658 -0.01342
4.37311 0.0191941 -0.00493284
4.38673 0.0192399 0.00336455
4.40072 0.0194047 0.0117811
4.41461 0.0196786 0.0197195
4.42837 0.0200486 0.0268982
4.4422 0.0205089 0.0332681
4.45557 0.0210235 0.0384965
4.46864 0.0215808 0.0426256
4.48164 0.0221742 0.0456703
4.49481 0.0228018 0.0476452
4.50804 0.0234422 0.0484165
4.52143 0.0240833 0.0478491
4.53532 0.0247179 0.0457052
4.5499 0.0253284 0.0418708
4.56391 0.0258443 0.036826
4.57823 0.0262769 0.0302024
4.59236 0.0265982 0.0227367
4.60651 0.0268051 0.0146286
4.61995 0.0268923 0.00648395
4.63362 0.0268669 -0.00185962
4.64723 0.0267303 -0.0100308
4.66042 0.0264998 -0.0174767
4.67364 0.0261789 -0.0242604
4.68699 0.025775 -0.0302596
4.70027 0.0253069 -0.0352608
4.71333 0.0247944 -0.0392466
4.72747 0.0241942 -0.0424484
4.74113 0.0235854 -0.0445437
4.75464 0.0229696 -0.0455814
4.76829 0.0223483 -0.0455429
4.78217 0.0217325 -0.0443399
4.79652 0.0211316 -0.0418725
4.81131 0.0205715 -0.0378849
4.82611 0.0200893 -0.0325769
4.84066 0.0197086 -0.026167
4.85524 0.0194343 -0.0188128
4.86898 0.01928 -0.0112335
4.88286 0.0192371 -0.00309126
4.89605 0.0193021 0.00492874
4.9092 0.0194705 0.0128101
4.92335 0.0197643 0.0207584
4.93698 0.0201427 0.0277707
4.95098 0.0206199 0.0340854
4.96435 0.0211437 0.0391576
4.97755 0.0217131 0.0431465
4.99062 0.0223148 0.0460296
5.00398 0.0229534 0.047815
5.01724 0.0235945 0.0483591
5.03083 0.0242401 0.0475048
5.04497 0.0248771 0.0450237
5.05961 0.0254758 0.0409042
5.07394 0.0259839 0.0354623
5.08822 0.0263927 0.028631
5.1025 0.0266913 0.0209078
5.11617 0.0268686 0.0129695
5.13019 0.026931 0.00445155
5.14377 0.0268787 -0.00385242
5.15687 0.0267263 -0.0116416
5.16953 0.0264895 -0.018705
5.18272 0.0261558 -0.0252953
5.19605 0.025741 -0.0311018
5.20908 0.0252742 -0.0358413
5.22221 0.0247532 -0.0396723
5.23644 0.0241455 -0.0427028
5.25008 0.0235373 -0.0446121
5.26367 0.0229192 -0.0454759
5.27741 0.0222971 -0.0452577
5.29144 0.0216814 -0.0438992
5.30601 0.0210805 -0.0412282
5.32088 0.0205298 -0.0370553
5.33605 0.0200522 -0.0314666
5.35084 0.0196852 -0.0248286
5.36472 0.0194388 -0.0177455
5.37908 0.0192975 -0.00984314
5.3924 0.0192708 -0.00199839
5.40571 0.0193507 0.00600046
5.41867 0.0195278 0.0136634
5.432 0.0198088 0.0210886
5.44577 0.0201947 0.0280149
5.45972 0.020671 0.0341586
5.47304 0.0211918 0.0390896
5.48626 0.0217594 0.0429451
5.49942 0.0223609 0.0456894
5.51283 0.0229954 0.047314
5.5262 0.0236328 0.0476765
5.53995 0.0242736 0.0465875
5.55433 0.024904 0.043848
5.56915 0.0254895 0.0395085
5.58417 0.0259938 0.0335803
5.59866 0.026378 0.0265118
5.61297 0.0266457 0.0187139
5.62669 0.0267931 0.0107427
5.64064 0.026826 0.00235545
5.65437 0.0267453 -0.00587395
5.66753 0.0265676 -0.0134955
5.68057 0.0263006 -0.0204894
5.69396 0.0259413 -0.0268352
5.70744 0.0255058 -0.0322996
5.72034 0.0250332 -0.0366203
5.73373 0.024496 -0.0401292
5.74779 0.0238949 -0.0427393
5.7614 0.023293 -0.0442403
5.77512 0.0226801 -0.0446793
5.78904 0.0220677 -0.0439789
5.80335 0.0214658 -0.0420656
5.81815 0.0208933 -0.0386975
5.83296 0.0203901 -0.03396
5.84775 0.0199762 -0.0279929
5.86242 0.0196679 -0.021006
5.87636 0.0194772 -0.0136793
5.89073 0.0193978 -0.0055318
5.90432 0.0194324 0.00254943
5.91855 0.0195883 0.0109522
5.9325 0.01985 0.0187583
5.94552 0.0201835 0.0256128
5.95956 0.0206346 0.0321338
5.97319 0.0211457 0.0375115
5.98643 0.0216988 0.0417652
5.9997 0.0222946 0.0449042
6.0132 0.0229283 0.0469419
6.02659 0.0235677 0.0477444
6.04036 0.0242169 0.0471669
6.05468 0.0248609 0.0449424
6.06937 0.0254643 0.0410986
6.08357 0.0259757 0.0359961
6.09801 0.0263995 0.0293475
6.11235 0.0267118 0.021789
6.1264 0.0269052 0.0137618
6.14003 0.0269807 0.00553707
6.15405 0.0269392 -0.0029606
6.16758 0.0267906 -0.0109837
6.18058 0.0265536 -0.0182305
6.19378 0.0262251 -0.0248892
6.2072 0.0258117 -0.0308023
6.22054 0.0253352 -0.0357282
6.23365 0.0248152 -0.0396508
6.24777 0.0242111 -0.0427755
6.26135 0.0236028 -0.0447984
6.27496 0.0229798 -0.0457798
6.28873 0.022351 -0.0456694
6.30282 0.0217259 -0.0443696
6.31721 0.0211242 -0.0418064
6.33195 0.0205674 -0.0377741
6.3468 0.0200863 -0.0323973
6.36137 0.0197079 -0.0259643
6.37581 0.0194386 -0.018665
6.38966 0.0192855 -0.011051
6.40343 0.0192442 -0.0029955
6.41658 0.0193092 0.00493939
6.42971 0.0194765 0.0127423
6.44383 0.0197672 0.0205817
6.4575 0.0201432 0.0275226
6.47154 0.0206176 0.033775
6.48488 0.0211347 0.0387685
6.4981 0.0216991 0.0427045
6.51139 0.022305 0.0455679
6.52485 0.0229414 0.0473037
6.53832 0.0235853 0.047787
6.55221 0.0242354 0.0468141
6.5666 0.0248713 0.0441683
6.58142 0.0254622 0.039896
6.59598 0.0259612 0.0342638
6.61048 0.0263567 0.0272725
6.62486 0.0266368 0.0194771
6.63862 0.0267949 0.0114919
6.65265 0.0268373 0.00301914
6.66635 0.0267652 -0.00525866
6.67955 0.0265941 -0.0129693
6.69236 0.0263385 -0.0199466
6.70569 0.0259868 -0.0263816
6.7192 0.0255545 -0.0319986
6.73221 0.0250801 -0.0364775
6.7455 0.0245472 -0.0401046
6.7595 0.0239467 -0.0428638
6.77309 0.0233414 -0.0445411
6.78686 0.0227196 -0.0451611
6.80079 0.0220981 -0.0446335
6.81518 0.0214808 -0.0428779
6.82976 0.0209007 -0.0398052
6.84485 0.0203699 -0.0351713
6.85999 0.0199275 -0.0292102
