t x vx
0.01 0.0220157 0.00156758
0.02 0.0220543 0.00385951
0.0343551 0.0221553 0.00703451
0.0486186 0.022301 0.0102194
0.0635599 0.0225041 0.013594
0.0783507 0.022755 0.0169594
0.0930406 0.0230521 0.0202255
0.107754 0.0233946 0.0232794
0.122689 0.0237833 0.0260276
0.138113 0.0242203 0.0283302
0.153072 0.0246682 0.02994
0.167596 0.0251155 0.0307988
0.181997 0.0255599 0.0308567
0.196499 0.0259952 0.0300226
0.211293 0.0264109 0.0280982
0.225689 0.0267755 0.0253234
0.240192 0.027089 0.0216144
0.254713 0.0273383 0.0171684
0.268776 0.0275105 0.0122493
0.282343 0.027605 0.0069655
0.29578 0.0276222 0.00127638
0.309159 0.027558 -0.00479411
0.322635 0.0274098 -0.0109964
0.335884 0.0271832 -0.0171073
0.34876 0.0268881 -0.022916
0.36147 0.0265275 -0.0283751
0.37429 0.0260975 -0.0335366
0.387439 0.0255933 -0.0383477
0.401216 0.0250036 -0.0428021
0.415255 0.0243495 -0.0465899
0.428411 0.0236997 -0.0493949
0.44125 0.0230398 -0.0513988
0.454 0.0223692 -0.0525959
0.467063 0.0216779 -0.0529178
0.480196 0.0209911 -0.0522951
0.493523 0.0203165 -0.0506216
0.506873 0.0196781 -0.0478194
0.520653 0.0190745 -0.0438015
0.534556 0.0185385 -0.0385568
0.548274 0.018095 -0.0323282
0.560897 0.0177691 -0.025813
0.573828 0.0175298 -0.0185102
0.586251 0.0173921 -0.0110805
0.59873 0.0173496 -0.00340932
0.611512 0.0174067 0.00446888
0.62401 0.0175568 0.0120052
0.636619 0.0177978 0.0191177
0.648582 0.0181009 0.0253355
0.660369 0.0184644 0.0308387
0.67241 0.0188942 0.0356911
0.685074 0.0193991 0.039874
0.697715 0.0199437 0.0430796
0.71068 0.0205312 0.0453142
0.723576 0.0211295 0.0463948
0.736368 0.0217221 0.0463238
0.74937 0.0223078 0.0450465
0.762758 0.022877 0.0425226
0.776528 0.0234092 0.0386438
0.790857 0.0238852 0.0332225
0.804858 0.0242608 0.0268234
0.819071 0.0245369 0.0194273
0.832734 0.0246955 0.0116058
0.845854 0.0247452 0.00378993
0.859347 0.024687 -0.00431003
0.872963 0.0245202 -0.0122551
0.885245 0.0242858 -0.0190826
0.898374 0.0239488 -0.0256695
0.911493 0.0235386 -0.03127
0.923505 0.0231104 -0.0356428
0.935942 0.0226227 -0.039216
0.94909 0.022072 -0.0418858
0.962211 0.0215025 -0.0434041
0.975559 0.0209186 -0.0437407
0.989017 0.0203419 -0.0428539
1.0029 0.0197791 -0.0405348
1.01743 0.01925 -0.0364276
1.03215 0.0187966 -0.0308002
1.04594 0.0184634 -0.0241625
1.05966 0.0182335 -0.0167476
1.07352 0.0181146 -0.00858146
1.08616 0.0181067 -0.000625725
1.09972 0.018215 0.00798853
1.11266 0.0184216 0.0159585
1.12516 0.0187113 0.0231825
1.13844 0.0191109 0.0300839
1.15136 0.0195754 0.0359566
1.16469 0.0201211 0.0409509
1.17773 0.0207056 0.0448
1.19041 0.0213084 0.0475406
1.2028 0.0219179 0.0492167
1.21538 0.0225458 0.0498845
1.22812 0.0231753 0.0494296
1.24105 0.0237922 0.0477159
1.2542 0.0243793 0.0446394
1.26795 0.0249309 0.0401198
1.2823 0.0254182 0.0339502
1.2961 0.0257871 0.026726
1.30976 0.0260434 0.0187766
1.3232 0.026184 0.0104596
1.33648 0.0262082 0.00182349
1.34968 0.0261182 -0.00682148
1.36236 0.0259286 -0.014945
1.37483 0.0256494 -0.0223936
1.3876 0.0252757 -0.0292708
1.40049 0.0248201 -0.0353377
1.41298 0.0243163 -0.0403505
1.42559 0.0237553 -0.0444606
1.43861 0.0231348 -0.0476659
1.45118 0.022509 -0.0498022
1.46399 0.0218563 -0.0509266
1.47687 0.0212015 -0.0508655
1.49016 0.0205439 -0.0494714
1.50347 0.0199209 -0.0467971
1.51721 0.0193373 -0.0424958
1.53127 0.0188214 -0.0366777
1.54514 0.0184104 -0.0296247
1.55917 0.0181089 -0.0214961
1.57278 0.0179319 -0.0130059
1.58561 0.017874 -0.00450977
1.59865 0.0179293 0.00423794
1.61131 0.0180879 0.0125243
1.6237 0.0183374 0.0201454
1.63678 0.018696 0.0274074
1.64982 0.0191364 0.0337821
1.66275 0.0196417 0.0390734
1.67571 0.0202034 0.0433632
1.68877 0.0208117 0.0465587
1.70125 0.0214178 0.0485689
1.71387 0.0220437 0.049589
1.72662 0.0226745 0.0494936
1.73963 0.0233003 0.0480966
1.75274 0.0238948 0.0453433
1.76634 0.0244548 0.0411641
1.78064 0.0249604 0.0353703
1.79518 0.0253687 0.0280741
1.80934 0.0256529 0.0200689
1.82241 0.025811 0.0121021
1.8359 0.0258574 0.00343765
1.84934 0.0257875 -0.00520557
1.86264 0.0256066 -0.0135892
1.87517 0.0253435 -0.0210122
1.88809 0.0249823 -0.0279465
1.90108 0.0245405 -0.0340186
1.91383 0.0240426 -0.0390555
1.92635 0.0235031 -0.0430938
1.93942 0.0228977 -0.046292
1.95204 0.0222874 -0.0483868
1.96504 0.0216445 -0.0494497
1.97801 0.0210052 -0.0492853
1.99143 0.020364 -0.0477853
2.00486 0.0197594 -0.0450043
2.01881 0.019194 -0.0405335
2.03311 0.0187002 -0.0345378
2.04705 0.0183188 -0.0273589
2.06078 0.0180524 -0.0194052
2.07459 0.0179027 -0.0108362
2.08741 0.0178718 -0.00241235
2.1008 0.0179581 0.00644911
2.11365 0.0181473 0.0147197
2.12598 0.0184201 0.0221347
2.13937 0.0188131 0.0293467
2.15237 0.019274 0.0354545
2.1657 0.0198157 0.0406369
2.17884 0.0204027 0.0446835
2.1916 0.0210103 0.0475887
2.20408 0.0216268 0.0493985
2.21675 0.022263 0.0502164
2.22955 0.0229019 0.0499124
2.24246 0.0235255 0.0483107
2.25565 0.0241235 0.0453479
2.26946 0.0246881 0.0408928
2.28389 0.0251901 0.034769
2.298 0.0255776 0.0274679
2.31193 0.0258478 0.0194052
2.32518 0.0259962 0.0111931
2.33841 0.0260307 0.00260756
2.3516 0.025952 -0.00596662
2.36451 0.0257692 -0.0141621
2.37704 0.0254981 -0.0216253
2.38984 0.0251336 -0.0284897
2.40285 0.0246837 -0.0345606
2.41543 0.0241865 -0.0395279
2.4281 0.0236346 -0.0435833
2.44112 0.0230261 -0.0467356
2.45376 0.0224089 -0.0488063
2.4668 0.021759 -0.0498495
2.47981 0.0211127 -0.049657
2.49318 0.0204693 -0.0481383
2.50658 0.0198617 -0.0453324
2.52054 0.0192915 -0.0408457
2.5348 0.0187945 -0.0348639
2.54885 0.0184062 -0.0276271
2.56257 0.0181363 -0.0196791
2.57637 0.017983 -0.0111067
2.58919 0.0179486 -0.00268062
2.60256 0.0180311 0.00616532
2.61537 0.0182155 0.0143911
2.62767 0.0184833 0.0217861
2.64106 0.0188714 0.0289874
2.65412 0.0193298 0.0350996
2.66717 0.0198546 0.0402027
2.68027 0.0204347 0.0442659
2.69303 0.0210367 0.0471839
2.7056 0.0216529 0.0490107
2.71833 0.0222872 0.0498488
2.73121 0.0229256 0.049554
2.74416 0.0235464 0.0479436
2.75748 0.0241449 0.044939
2.77146 0.0247097 0.0404034
2.78601 0.0252075 0.0342091
2.80016 0.0255878 0.026872
2.81411 0.0258498 0.0187879
2.82743 0.0259903 0.010546
2.84069 0.0260162 0.0019523
2.85393 0.0259284 -0.00662764
2.8669 0.0257364 -0.014806
2.87955 0.0254545 -0.0222753
2.89242 0.0250803 -0.0290868
2.90554 0.0246197 -0.0351102
2.91818 0.0241141 -0.0400062
2.9309 0.0235544 -0.0439798
2.94381 0.0229476 -0.0470043
2.9565 0.0223265 -0.048973
2.96953 0.0216761 -0.0498988
2.98264 0.0210262 -0.049565
2.99595 0.0203882 -0.0479191
3.00943 0.0197823 -0.0449632
3.02349 0.0192155 -0.040302
3.03781 0.0187267 -0.0341585
3.05174 0.0183526 -0.0268407
3.06515 0.0180978 -0.0190043
3.07892 0.0179546 -0.0104001
3.0918 0.0179298 -0.00192657
3.10527 0.0180236 0.00696818
3.11827 0.018222 0.0152639
3.13058 0.0185004 0.0226075
3.14402 0.0189 0.0297457
3.1571 0.0193681 0.0357625
3.17023 0.0199034 0.040792
3.18343 0.0204947 0.0447759
3.19612 0.0210981 0.0475678
3.20882 0.0217242 0.0493128
3.22157 0.0223626 0.0500561
3.23449 0.0230041 0.049654
3.24746 0.0236258 0.0479256
3.26096 0.02423 0.0447441
3.27516 0.0247976 0.0399898
3.28964 0.0252851 0.0336606
3.30366 0.0256536 0.0262762
3.31753 0.0259052 0.0181466
3.33101 0.0260365 0.00973645
3.3444 0.0260505 0.00104356
3.35775 0.0259488 -0.00761889
3.37061 0.0257465 -0.0157245
3.38337 0.0254505 -0.0232055
3.39636 0.0250612 -0.0299765
3.40959 0.0245858 -0.0359327
3.42208 0.0240775 -0.0406801
3.43491 0.0235057 -0.0445618
3.44773 0.0228975 -0.0474518
3.46054 0.0222659 -0.049319
3.47356 0.0216133 -0.0501169
3.48684 0.020954 -0.0496312
3.50011 0.020319 -0.0478561
3.51373 0.0197101 -0.0447287
3.5279 0.0191446 -0.0398943
3.54229 0.0186613 -0.0335787
3.5562 0.0182976 -0.0261471
3.56936 0.0180557 -0.0183814
3.5831 0.0179218 -0.0097464
3.59602 0.0179057 -0.00124522
3.60974 0.0180124 0.00777169
3.62314 0.0182299 0.0162282
3.63558 0.0185227 0.0235446
3.64902 0.0189334 0.0305644
3.66218 0.0194131 0.0364564
3.67532 0.019957 0.0413682
3.68866 0.0205602 0.0452375
3.70132 0.0211662 0.0478752
3.71412 0.0218003 0.0495121
3.72693 0.0224422 0.0501187
3.73984 0.0230818 0.0495627
3.75293 0.0237058 0.047645
3.76667 0.0243133 0.0442131
3.78081 0.0248688 0.0392873
3.79507 0.0253376 0.0328719
3.80895 0.0256909 0.0254488
3.8228 0.0259298 0.0172607
3.83671 0.0260485 0.00852909
3.84987 0.0260477 -5.98028e-05
3.86359 0.0259252 -0.00893668
3.87649 0.0257054 -0.0170344
3.88946 0.0253872 -0.0245348
3.9026 0.0249764 -0.0312417
3.91579 0.0244881 -0.0370299
3.92819 0.0239722 -0.0416002
3.9412 0.023382 -0.0453646
3.95395 0.0227695 -0.0480643
3.96702 0.0221187 -0.0497776
3.98007 0.0214618 -0.050344
3.99329 0.0208055 -0.0496255
4.00655 0.0201738 -0.0476432
4.02033 0.0195646 -0.04422
4.03474 0.0190017 -0.0390617
4.04929 0.0185301 -0.0324213
4.06311 0.0181869 -0.024827
4.07642 0.0179624 -0.0168701
4.09036 0.017851 -0.0079941
4.1035 0.0178604 0.000715863
4.11645 0.0179799 0.00922984
4.12984 0.0182157 0.0176135
4.14253 0.0185322 0.024945
4.1559 0.0189575 0.0317997
4.16913 0.0194541 0.037538
4.18216 0.0200049 0.0422635
4.19528 0.0206073 0.0459318
4.20791 0.0212194 0.0484433
4.22071 0.021859 0.0499758
4.2336 0.0225093 0.0504568
4.2465 0.0231509 0.049757
4.25979 0.0237844 0.047636
4.2738 0.0243994 0.0439263
4.28786 0.0249454 0.038827
4.30192 0.0253998 0.0323064
4.3158 0.0257437 0.0247854
4.32964 0.0259722 0.0165114
4.34355 0.0260795 0.00770991
4.35643 0.0260702 -0.000722173
4.37023 0.0259372 -0.00963588
4.38325 0.0257062 -0.017741
4.39651 0.0253707 -0.0252905
4.4097 0.0249499 -0.0319163
4.42272 0.0244612 -0.0375251
4.43511 0.0239411 -0.0419846
4.44827 0.0233402 -0.0456767
4.46102 0.0227248 -0.0482677
4.47415 0.0220696 -0.0498861
4.48727 0.0214088 -0.0503529
4.50049 0.0207541 -0.0495342
4.51383 0.020121 -0.047449
4.52775 0.0195101 -0.0438832
4.54239 0.018946 -0.038537
4.55692 0.0184839 -0.0318131
4.57079 0.018149 -0.0241401
4.58411 0.0179339 -0.0161575
4.59819 0.0178328 -0.00717682
4.61136 0.0178532 0.00154591
4.62408 0.0179787 0.0098721
4.63757 0.0182247 0.0182389
4.65044 0.0185537 0.025563
4.66389 0.0189888 0.0323308
4.67709 0.0194892 0.0379326
4.69011 0.0200433 0.0425448
4.70311 0.0206423 0.0460845
4.71581 0.0212586 0.048517
4.72865 0.0219002 0.0499674
4.74155 0.0225494 0.050355
4.75453 0.0231925 0.0495406
4.76803 0.0238305 0.047251
4.782 0.0244369 0.0434187
4.79617 0.0249777 0.0381645
4.81023 0.025421 0.0315294
4.82424 0.0257559 0.0238936
4.83817 0.0259723 0.0155337
4.852 0.0260656 0.00674984
4.86471 0.026046 -0.0015448
4.87848 0.0259032 -0.0103744
4.89178 0.0256569 -0.0185169
4.90509 0.0253116 -0.0259402
4.91837 0.0248802 -0.032482
4.93131 0.0243894 -0.0379212
4.94378 0.0238623 -0.0422632
4.95688 0.0232625 -0.0458109
4.9697 0.0226434 -0.0482896
4.98287 0.0219879 -0.0497756
4.99615 0.0213226 -0.0500833
5.00941 0.0206716 -0.0490875
5.02298 0.0200367 -0.0468074
5.03711 0.0194297 -0.0429564
5.05173 0.0188824 -0.0374184
5.06589 0.0184476 -0.0307173
5.08019 0.0181219 -0.0227657
5.0933 0.0179272 -0.0148519
5.10739 0.0178448 -0.00584995
5.12057 0.0178824 0.00285055
5.13299 0.0180181 0.0109255
5.14676 0.0182837 0.0193011
5.15999 0.0186364 0.0266505
5.1735 0.0190857 0.0332487
5.18672 0.019597 0.0386868
5.19979 0.0201606 0.043132
5.21268 0.0207597 0.0464749
5.22551 0.0213856 0.0487632
5.23841 0.022031 0.0500508
5.25131 0.0226793 0.0502541
5.26446 0.0233268 0.0492168
5.27829 0.0239714 0.0466187
5.29224 0.0245655 0.0425751
5.30672 0.0251005 0.0369643
5.32121 0.0255339 0.0299064
5.33514 0.0258426 0.0221647
5.34902 0.0260336 0.0137637
5.36276 0.0261016 0.00494834
5.37584 0.0260555 -0.00352506
5.38955 0.025888 -0.0122075
5.40252 0.0256291 -0.0199736
5.41551 0.0252778 -0.0270461
5.42886 0.0248318 -0.0334154
5.44167 0.024337 -0.0386019
5.45432 0.023796 -0.0427779
5.46741 0.0231926 -0.046103
5.48039 0.0225646 -0.0483677
5.49363 0.0219079 -0.0495935
5.50697 0.0212464 -0.0495905
5.52033 0.0206015 -0.0482759
5.53412 0.0199723 -0.0456356
5.54856 0.019376 -0.0413025
5.5631 0.0188601 -0.0354719
5.57725 0.0184566 -0.0285182
5.59175 0.0181613 -0.0203671
5.60566 0.0179958 -0.0118958
5.61903 0.0179519 -0.00328352
5.63202 0.0180196 0.00521162
5.64495 0.0181932 0.0134226
5.65789 0.0184665 0.0211335
5.67134 0.0188474 0.0283076
5.68486 0.0193147 0.0345739
5.69797 0.0198351 0.0396889
5.71113 0.0204116 0.0438123
5.724 0.0210141 0.0467995
5.73696 0.0216462 0.0487591
5.75 0.0222935 0.0496763
5.76307 0.0229398 0.04945
5.77667 0.0235905 0.047838
5.79051 0.0242092 0.0446933
5.80469 0.0247775 0.0400918
5.81954 0.0252795 0.0337993
5.83399 0.0256601 0.0263418
5.84817 0.0259173 0.0181308
5.86172 0.0260497 0.0097733
5.87511 0.0260651 0.00114628
5.88853 0.0259651 -0.0074554
5.90162 0.0257608 -0.0155975
5.91439 0.0254669 -0.0230157
5.92747 0.0250774 -0.0297765
5.94103 0.0245915 -0.0358348
5.95366 0.0240792 -0.0405731
5.9666 0.0235046 -0.0444177
5.97957 0.0228913 -0.0472636
5.9928 0.0222419 -0.0490788
6.0062 0.0215754 -0.0497473
6.01953 0.0209208 -0.0491269
6.03317 0.020277 -0.0471912
6.04738 0.0196551 -0.0437695
6.06205 0.0190878 -0.0386593
6.07662 0.0186193 -0.0321491
6.09057 0.0182751 -0.0246892
6.10392 0.0180496 -0.0168851
6.11792 0.0179353 -0.00816798
6.13125 0.0179415 0.000468478
6.14473 0.0180649 0.00915235
6.15824 0.0183007 0.017447
6.17128 0.0186243 0.0248152
6.18488 0.0190538 0.0315843
6.19829 0.0195531 0.0372468
6.21147 0.0201052 0.0418892
6.22456 0.0207001 0.0454315
6.23759 0.021324 0.0478991
6.25062 0.0219669 0.0493363
6.26364 0.022614 0.049699
6.27705 0.0232688 0.048833
6.29081 0.0239086 0.0464775
6.30477 0.024504 0.0426691
6.3192 0.025043 0.0373463
6.33349 0.0254809 0.0306452
6.34758 0.0258055 0.0230339
6.36185 0.0260134 0.0145778
6.37569 0.0260946 0.00586368
6.38855 0.0260636 -0.0024053
6.40239 0.0259096 -0.0111319
6.41603 0.0256468 -0.0192666
6.4293 0.0252953 -0.0264757
6.44285 0.0248492 -0.0329388
6.45582 0.0243535 -0.0382116
6.46849 0.0238162 -0.0424157
6.48163 0.0232143 -0.0457802
6.4948 0.0225811 -0.0480966
6.50819 0.0219204 -0.0493565
6.52152 0.0212617 -0.0493977
6.53503 0.0206118 -0.0481199
6.54905 0.0199738 -0.045483
6.56353 0.0193774 -0.0411997
6.57811 0.0188606 -0.0354447
6.59236 0.018454 -0.0285336
6.60695 0.018156 -0.020419
6.62084 0.0179887 -0.0120501
6.63433 0.0179423 -0.00343587
6.64728 0.0180066 0.00496573
6.66016 0.0181751 0.0130844
6.67325 0.0184481 0.0208508
