t x vx
0.01 0.0219784 -0.00216316
0.02 0.0219207 -0.00576218
0.0309211 0.0218161 -0.00957997
0.0426758 0.0216563 -0.0135972
0.0548739 0.0214398 -0.0177493
0.0676058 0.0211629 -0.0217466
0.0806832 0.0208303 -0.025434
0.0938745 0.0204538 -0.028539
0.107179 0.0200425 -0.0309135
0.120682 0.0196051 -0.0323927
0.134067 0.0191668 -0.0327499
0.147315 0.0187427 -0.0320095
0.160239 0.0183534 -0.0301218
0.172925 0.0180072 -0.0272958
0.185444 0.0177112 -0.0236419
0.198245 0.0174667 -0.0190958
0.211017 0.0172892 -0.0139019
0.223481 0.0171847 -0.00838155
0.236102 0.0171531 -0.00250125
0.248496 0.0171961 0.00346752
0.260598 0.0173091 0.00933559
0.273232 0.0175028 0.015333
0.286324 0.0177796 0.0211402
0.299305 0.0181217 0.0263563
0.312505 0.0185311 0.031014
0.326172 0.0190089 0.0349638
0.339833 0.019527 0.0379253
0.353708 0.0200799 0.0398468
0.367487 0.0206393 0.0405982
0.381301 0.0211949 0.0402141
0.394656 0.0217123 0.0387438
0.408228 0.0222037 0.0362077
0.42195 0.0226492 0.0324697
0.435791 0.023032 0.0276531
0.44942 0.0233334 0.0221125
0.462733 0.0235485 0.0161622
0.476134 0.0236809 0.0098796
0.489073 0.0237294 0.00375008
0.502334 0.0236974 -0.00241787
0.51518 0.0235946 -0.00799705
0.527785 0.023434 -0.0127432
0.540877 0.0232144 -0.0167717
0.55309 0.0229752 -0.0195854
0.564925 0.0227225 -0.0213528
0.577308 0.0224492 -0.0220745
0.590046 0.0221751 -0.0215174
0.603084 0.0219187 -0.0196688
0.61589 0.0217059 -0.0166106
0.62893 0.0215449 -0.0123515
0.641819 0.0214529 -0.00713785
0.654819 0.0214388 -0.00108068
0.667113 0.0215025 0.00517815
0.68009 0.0216573 0.0119332
0.692703 0.02189 0.0184446
0.705286 0.0221981 0.0244888
0.717921 0.0225762 0.0299205
0.730623 0.023014 0.0344678
0.74336 0.023497 0.0379226
0.755921 0.0240015 0.0401655
0.768694 0.0245254 0.0410156
0.781562 0.0250449 0.0403736
0.794429 0.0255361 0.0381722
0.807267 0.0259776 0.0343857
0.81937 0.0263351 0.0295414
0.831593 0.0266247 0.0236963
0.843729 0.026833 0.0171657
0.855358 0.0269545 0.0104481
0.86716 0.0269953 0.00344975
0.878918 0.0269562 -0.0033227
0.890199 0.0268496 -0.00945201
0.901827 0.0266741 -0.0150889
0.913201 0.0264482 -0.019867
0.925428 0.0261541 -0.0240467
0.93771 0.0258204 -0.0271739
0.94996 0.0254626 -0.0292069
0.963085 0.0250691 -0.0299771
0.976898 0.0246648 -0.029274
0.990684 0.0242917 -0.0270606
1.00455 0.0239672 -0.0234088
1.01734 0.0237248 -0.0189492
1.03062 0.0235468 -0.0134021
1.04337 0.0234537 -0.00730414
1.05615 0.0234444 -0.000726805
1.06905 0.0235232 0.00611383
1.08191 0.0236894 0.0129243
1.09461 0.0239352 0.019352
1.10776 0.0242679 0.0252882
1.12069 0.0246585 0.0302128
1.13355 0.025095 0.0339591
1.1463 0.0255586 0.0363605
1.15891 0.02603 0.0373684
1.17141 0.0264902 0.0368037
1.18388 0.026922 0.0346467
1.19638 0.0273095 0.0309873
1.2089 0.027634 0.0259259
1.22125 0.0278787 0.0198193
1.23322 0.0280343 0.0130023
1.24503 0.0281019 0.00571808
1.25711 0.0280798 -0.00182994
1.26845 0.027982 -0.00861917
1.28059 0.0277929 -0.0155784
1.29109 0.0275713 -0.0211189
1.30394 0.0272292 -0.026619
1.31735 0.0268103 -0.0312358
1.33066 0.0263488 -0.0346813
1.3441 0.0258525 -0.0369169
1.35764 0.0253417 -0.0377308
1.3714 0.02483 -0.0371706
1.38504 0.0243504 -0.0351836
1.39872 0.0239153 -0.0317872
1.41164 0.0235608 -0.0274452
1.42499 0.0232676 -0.0219614
1.43803 0.0230612 -0.0158271
1.45089 0.0229401 -0.00941407
1.46361 0.0229056 -0.00271441
1.4763 0.0229565 0.00401362
1.48944 0.0230968 0.0106756
1.50244 0.0233159 0.0168458
1.51551 0.0236075 0.022311
1.52851 0.0239539 0.0266585
1.54131 0.0243352 0.0297782
1.55394 0.0247354 0.0316943
1.5667 0.0251473 0.0322879
1.57954 0.0255519 0.0315094
1.5924 0.0259296 0.0293617
1.60538 0.0262648 0.0258143
1.61805 0.0265335 0.0212182
1.63073 0.026733 0.015736
1.64328 0.0268528 0.00953746
1.65499 0.0268919 0.00334327
1.66756 0.0268493 -0.00338889
1.68022 0.0267249 -0.00982655
1.69206 0.0265435 -0.0153209
1.70339 0.0263167 -0.0200287
1.71655 0.0259929 -0.0245862
1.73003 0.0256147 -0.0280634
1.74375 0.0251992 -0.0302762
1.75758 0.0247697 -0.0310591
1.77153 0.0243451 -0.0304376
1.78539 0.0239518 -0.0283885
1.7994 0.0236028 -0.0249068
1.81234 0.0233367 -0.0205636
1.82565 0.0231347 -0.0151761
1.83873 0.0230146 -0.00918129
1.8516 0.0229787 -0.00278914
1.86461 0.02303 0.0039449
1.87757 0.0231676 0.010615
1.89024 0.0233812 0.016865
1.90347 0.023682 0.0227279
1.91645 0.0240403 0.027594
1.92949 0.0244488 0.0313256
1.94239 0.0248843 0.03376
1.95512 0.0253266 0.0347655
1.96785 0.0257638 0.0343282
1.98064 0.0261765 0.0322711
1.9934 0.0265434 0.0287496
2.00544 0.0268351 0.0242266
2.01767 0.0270635 0.0186889
2.02964 0.0272131 0.0124909
2.0415 0.0272822 0.00582683
2.05355 0.0272691 -0.00108505
2.06524 0.0271798 -0.00764291
2.07717 0.0270135 -0.0139365
2.08931 0.026773 -0.0198001
2.1005 0.0264998 -0.0244166
2.11321 0.0261364 -0.0285824
2.12669 0.0257087 -0.0317318
2.14031 0.0252518 -0.0335637
2.15389 0.0247896 -0.0340294
2.16785 0.0243275 -0.0330927
2.18166 0.0239037 -0.0307033
2.19535 0.0235342 -0.0269793
2.2082 0.0232461 -0.022419
2.22144 0.0230238 -0.016788
2.23451 0.022886 -0.0105515
2.24726 0.0228347 -0.00401815
2.26019 0.0228712 0.00282281
2.27314 0.0229951 0.00956717
2.28575 0.0231947 0.0158292
2.29881 0.0234775 0.0216548
2.31179 0.0238216 0.0264995
2.32479 0.0242134 0.0301402
2.33762 0.0246301 0.0324732
2.35028 0.0250525 0.0333709
2.36304 0.0254716 0.0328467
2.376 0.0258696 0.0307122
2.38873 0.0262156 0.0271701
2.40097 0.0264919 0.0225722
2.4134 0.0267028 0.0169701
2.42572 0.0268338 0.0106338
2.43817 0.0268798 0.00369231
2.45054 0.0268385 -0.00333569
2.46269 0.026717 -0.0100005
2.47568 0.0265016 -0.0165806
2.48723 0.0262492 -0.0218549
2.49904 0.0259365 -0.0264902
2.51208 0.0255393 -0.0304487
2.52545 0.0250946 -0.033254
2.5389 0.0246282 -0.0346798
2.55251 0.0241563 -0.0346849
2.56635 0.0236963 -0.0332305
2.5801 0.0232791 -0.0303426
2.59327 0.0229325 -0.0263215
2.60683 0.0226456 -0.0211505
2.62006 0.0224451 -0.0151535
2.63274 0.022333 -0.00883753
2.64544 0.0223064 -0.00209668
2.65851 0.0223702 0.00488069
2.67171 0.0225249 0.0117222
2.68482 0.0227607 0.0179933
2.69764 0.0230613 0.0234495
2.71085 0.023431 0.0279649
2.72367 0.0238299 0.0311208
2.73642 0.0242502 0.0329849
2.74896 0.0246695 0.0334068
2.7619 0.0250883 0.0323708
2.77475 0.0254714 0.029829
2.78747 0.0258013 0.0259199
2.79985 0.0260609 0.0209831
2.81227 0.0262491 0.0151529
2.8247 0.0263562 0.0086136
2.83639 0.02638 0.00203904
2.84887 0.0263179 -0.00497926
2.86125 0.0261737 -0.0116446
2.87352 0.0259568 -0.0176736
2.8858 0.0256748 -0.0229695
2.89743 0.0253584 -0.0272089
2.91084 0.0249445 -0.0308562
2.92425 0.0244992 -0.0331966
2.93767 0.0240411 -0.0341425
2.95147 0.0235772 -0.0336212
2.96524 0.0231416 -0.0316373
2.979 0.022754 -0.0281559
2.99171 0.0224517 -0.0237839
3.00507 0.0222086 -0.0182044
3.01807 0.0220527 -0.0119919
3.03064 0.021984 -0.0054597
3.04343 0.0220029 0.00147521
3.05644 0.0221129 0.00845135
3.06876 0.0222962 0.014882
3.08159 0.0225656 0.0210042
3.09436 0.0229011 0.0262622
3.10739 0.0232986 0.0305241
3.12002 0.0237208 0.0334269
3.13251 0.0241591 0.0350693
3.14513 0.0246046 0.0353058
3.15812 0.0250463 0.0340237
3.17101 0.0254486 0.0312013
3.18379 0.0257933 0.026972
3.19615 0.0260619 0.0217301
3.20855 0.0262557 0.0156227
3.22081 0.0263653 0.00894155
3.23214 0.0263923 0.00238885
3.24407 0.0263392 -0.00444861
3.25648 0.0262002 -0.0111965
3.26866 0.0259901 -0.0172554
3.28045 0.0257265 -0.0223706
3.29203 0.0254183 -0.0266028
3.30551 0.0250103 -0.0302725
3.31894 0.0245719 -0.0326485
3.33235 0.0241207 -0.0336287
3.3462 0.0236624 -0.0330876
3.35998 0.0232345 -0.0310578
3.3738 0.0228543 -0.0275209
3.38655 0.02256 -0.0230885
3.39993 0.0223263 -0.0174655
3.41289 0.0221806 -0.0112371
3.42548 0.022122 -0.00465818
3.43823 0.022151 0.00227697
3.45124 0.0222713 0.00925124
3.46357 0.0224648 0.0156847
3.47639 0.022744 0.0217873
3.48915 0.023089 0.0270309
3.50212 0.0234944 0.031268
3.51478 0.023927 0.0341589
3.5273 0.024375 0.0357874
3.53995 0.0248302 0.0359857
3.55292 0.0252795 0.0346406
3.5658 0.0256883 0.0317439
3.57861 0.0260393 0.0273971
3.59081 0.0263088 0.0220904
3.60318 0.0265055 0.015906
3.61544 0.0266171 0.00909504
3.62671 0.0266449 0.00247116
3.63873 0.0265906 -0.00451646
3.65121 0.0264487 -0.0113758
3.66336 0.0262357 -0.0175202
3.67504 0.0259708 -0.0226928
3.68643 0.0256636 -0.0269582
3.6999 0.0252498 -0.0307246
3.71332 0.0248045 -0.0331915
3.7267 0.0243456 -0.0342909
3.74053 0.023877 -0.0338835
3.75429 0.0234366 -0.0319948
3.76812 0.0230409 -0.0286131
3.78099 0.0227284 -0.0242863
3.79453 0.022475 -0.0187229
3.80776 0.0223101 -0.0124633
3.8204 0.0222349 -0.00594556
3.83333 0.0222484 0.00104249
3.84632 0.0223524 0.00800441
3.85886 0.0225346 0.0145332
3.87181 0.0228027 0.020706
3.88469 0.0231377 0.026022
3.89776 0.023534 0.0303115
3.91051 0.0239582 0.0332546
3.92316 0.0243998 0.0349226
3.93581 0.0248446 0.0351636
3.9488 0.0252849 0.033882
3.96169 0.0256851 0.0310594
3.97448 0.0260281 0.0268191
3.98679 0.0262937 0.0215744
3.99922 0.0264858 0.0154551
4.01157 0.026593 0.00868165
4.02294 0.0266167 0.00208394
4.03513 0.0265569 -0.00491263
4.04769 0.0264093 -0.0117462
4.06002 0.0261888 -0.01788
4.07193 0.0259142 -0.023048
4.08345 0.0256 -0.0272723
4.09692 0.0251834 -0.0309337
4.11035 0.0247367 -0.0332741
4.12376 0.0242777 -0.0342321
4.13761 0.0238111 -0.0336894
4.15133 0.0233761 -0.0316872
4.16513 0.022987 -0.0282079
4.17793 0.0226818 -0.0238355
4.19135 0.022437 -0.0182498
4.20454 0.0222791 -0.011965
4.2172 0.0222105 -0.00541848
4.23011 0.0222305 0.00155173
4.24314 0.0223413 0.00850477
4.25556 0.0225271 0.0149496
4.26853 0.0228004 0.0210746
4.28137 0.0231381 0.0262933
4.29443 0.0235358 0.0304719
4.30714 0.0239592 0.0332957
4.31972 0.0243975 0.0348344
4.33237 0.0248396 0.0349538
4.34536 0.0252753 0.0335368
4.35819 0.0256679 0.0306063
4.37099 0.0260042 0.0262692
4.38361 0.0262671 0.0208361
4.39618 0.0264497 0.0145362
4.40823 0.0265443 0.00784603
4.41961 0.0265584 0.00123379
4.4316 0.0264909 -0.00562092
4.44424 0.0263335 -0.0124566
4.4565 0.0261065 -0.0185091
4.46828 0.0258291 -0.0235687
4.47997 0.0255043 -0.0277696
4.49346 0.0250815 -0.0313284
4.50691 0.0246301 -0.0335702
4.52034 0.0241682 -0.0344076
4.53418 0.0237012 -0.0337385
4.54786 0.0232686 -0.0316203
4.56164 0.0228825 -0.0280267
4.57442 0.0225813 -0.0235629
4.58773 0.0223426 -0.0179289
4.60082 0.0221903 -0.0116296
4.61353 0.0221267 -0.00500855
4.62632 0.0221513 0.00192383
4.63931 0.0222663 0.00886105
4.65169 0.0224555 0.0152736
4.66465 0.0227326 0.021376
4.67746 0.0230724 0.0265406
4.69047 0.0234715 0.0306681
4.70315 0.0238956 0.03344
4.71567 0.0243331 0.0349351
4.72835 0.0247768 0.0350175
4.74129 0.0252112 0.0335593
4.75409 0.0256028 0.0305971
4.76694 0.0259395 0.0262027
4.77957 0.0262014 0.0207243
4.79216 0.0263826 0.0143922
4.80418 0.0264752 0.00770936
4.81558 0.0264875 0.00108067
4.82768 0.0264171 -0.00581835
4.84033 0.0262572 -0.0126458
4.85263 0.0260273 -0.0186844
4.86439 0.0257486 -0.0236999
4.8762 0.0254194 -0.0278869
4.88969 0.0249956 -0.031391
4.90315 0.024544 -0.0335783
4.9166 0.024082 -0.0343444
4.93045 0.0236167 -0.0335976
4.94413 0.0231871 -0.0314023
4.95789 0.0228054 -0.0277268
4.9707 0.0225085 -0.0231851
4.98395 0.0222766 -0.0175093
4.99699 0.0221307 -0.0111782
5.0097 0.0220734 -0.00451479
5.02237 0.0221035 0.00237884
5.03534 0.0222243 0.00931045
5.04773 0.0224189 0.0157144
5.06066 0.0227006 0.0217802
5.07343 0.0230441 0.026902
5.08641 0.0234463 0.0309824
5.09907 0.0238731 0.0337128
5.11155 0.0243122 0.0351686
5.12424 0.0247588 0.0352088
5.13716 0.0251941 0.0337013
5.14994 0.0255863 0.0306913
5.16283 0.0259245 0.0262212
5.17546 0.0261858 0.0206874
5.18804 0.0263658 0.014314
5.19998 0.0264569 0.00762763
5.21141 0.0264679 0.000959508
5.22363 0.0263944 -0.00601176
5.23632 0.0262311 -0.0128653
5.24868 0.0259974 -0.0189137
5.26038 0.0257179 -0.023889
5.27233 0.0253821 -0.028089
5.28583 0.0249561 -0.0315537
5.29928 0.024503 -0.0336991
5.31275 0.0240394 -0.0344121
5.3266 0.0235738 -0.0336099
5.34029 0.0231448 -0.031358
5.35406 0.0227644 -0.0276249
5.3669 0.0224688 -0.0230223
5.38011 0.02224 -0.0173143
5.39314 0.0220953 -0.0111056
5.40585 0.0220374 -0.00454933
5.41847 0.0220669 0.00233566
5.43144 0.0221857 0.00915695
5.44385 0.0223776 0.0154636
5.45671 0.0226527 0.021398
5.46947 0.0229896 0.0263982
5.48244 0.0233831 0.0303418
5.49509 0.0237999 0.0329303
5.50757 0.024227 0.034243
5.52027 0.0246608 0.0341456
5.53318 0.0250801 0.0324974
5.54595 0.0254559 0.029426
5.55889 0.0257777 0.0248704
5.57166 0.0260232 0.0192258
5.58429 0.0261843 0.0127494
5.59617 0.0262563 0.00605252
5.60814 0.0262451 -0.000933202
5.62037 0.0261486 -0.00789197
5.63309 0.0259607 -0.0147657
5.6455 0.0257029 -0.0207716
5.6571 0.0254056 -0.0256417
5.66955 0.0250337 -0.0298551
5.68298 0.024589 -0.0331238
5.6964 0.0241184 -0.0350738
5.70986 0.0236396 -0.0355609
5.72362 0.0231644 -0.0345266
5.73728 0.0227273 -0.0320162
5.75096 0.0223437 -0.0280401
5.76395 0.022043 -0.0231338
5.77711 0.021817 -0.0171854
5.78981 0.02168 -0.0107853
5.80258 0.0216301 -0.00390524
5.8152 0.0216686 0.00305225
5.8283 0.0218007 0.0100813
5.84122 0.0220158 0.0166511
5.85378 0.0222979 0.0224586
5.86668 0.0226512 0.0273853
5.87945 0.0230488 0.0311302
5.89201 0.0234709 0.0336075
5.90447 0.0239047 0.0348093
5.91726 0.0243481 0.0346633
5.93012 0.0247719 0.0329552
5.94282 0.0251497 0.0297645
5.956 0.0254794 0.0250164
5.96881 0.0257262 0.0192657
5.98141 0.0258875 0.0127931
5.99324 0.0259608 0.00619503
6.00498 0.0259537 -0.000604765
6.01707 0.0258638 -0.00742809
6.02981 0.0256825 -0.0142398
6.0422 0.0254306 -0.0203277
6.05397 0.0251323 -0.0253368
6.06667 0.0247551 -0.0297084
6.07979 0.0243241 -0.0328386
6.0928 0.0238732 -0.0346795
6.10633 0.0233981 -0.0350982
6.12011 0.0229302 -0.0339655
6.13375 0.0225028 -0.0313325
6.1474 0.022131 -0.0272375
6.16046 0.0218414 -0.0221778
6.17362 0.0216293 -0.0161174
6.18617 0.0215075 -0.00970335
6.19898 0.0214725 -0.00273291
6.21169 0.0215268 0.00426881
6.22489 0.0216762 0.0113236
6.23758 0.0219018 0.0177698
6.25025 0.0221989 0.0234648
6.26332 0.0225692 0.0283166
6.27607 0.022976 0.0319134
6.28864 0.0234065 0.0342664
6.30121 0.0238514 0.0353865
6.31416 0.0243054 0.0350452
6.32715 0.0247348 0.0330499
6.33995 0.0251131 0.0295629
6.3531 0.0254373 0.0246497
6.36589 0.0256773 0.0187696
6.37852 0.0258313 0.012197
6.39035 0.0258956 0.00543249
