t x vx
0.01 0.0220017 0.000165799
0.02 0.022005 0.000332833
0.0581007 0.0220413 0.000952741
0.0962368 0.0221017 0.0015829
0.136011 0.0221908 0.00224245
0.177226 0.0223114 0.0029257
0.219444 0.022464 0.00361437
0.262183 0.022647 0.00428082
0.305124 0.0228567 0.00488449
0.347988 0.0230875 0.00538488
0.390581 0.0233323 0.00574606
0.432798 0.0235827 0.0059307
0.474515 0.0238297 0.00592267
0.515689 0.0240649 0.00571139
0.556502 0.0242812 0.00530042
0.596955 0.0244705 0.00467813
0.636932 0.0246253 0.00387256
0.676539 0.0247404 0.00290654
0.716223 0.0248112 0.00178313
0.755351 0.0248325 0.000546023
0.795089 0.0247993 -0.000834823
0.834572 0.0247093 -0.00228004
0.874052 0.0245606 -0.00376621
0.913374 0.0243532 -0.00527561
0.952855 0.0240852 -0.00678786
0.992004 0.0237624 -0.0082446
1.03062 0.0233913 -0.00961096
1.06907 0.0229738 -0.0108579
1.10787 0.0225103 -0.0119472
1.14701 0.0220083 -0.0128264
1.18573 0.021488 -0.0134343
1.22414 0.0209608 -0.0137283
1.26241 0.0204374 -0.0136737
1.30032 0.0199351 -0.0132525
1.33768 0.019469 -0.0124744
1.37438 0.0190524 -0.0113492
1.41048 0.0186947 -0.00991054
1.44537 0.0184067 -0.00825618
1.47981 0.0181853 -0.00642827
1.51452 0.0180322 -0.00441191
1.5478 0.0179543 -0.00233815
1.58125 0.0179484 -0.000177266
1.61442 0.0180154 0.00202074
1.64769 0.0181555 0.00420941
1.68122 0.0183689 0.00636487
1.71413 0.0186455 0.00840595
1.74678 0.0189825 0.0103207
1.77972 0.0193807 0.0120861
1.81403 0.0198506 0.013698
1.84966 0.0203879 0.0150832
1.88608 0.0209769 0.0161703
1.92294 0.0215999 0.0169005
1.95956 0.022231 0.0172344
1.99662 0.022867 0.0171602
2.03452 0.023498 0.0166477
2.07274 0.0240978 0.0156937
2.11067 0.0246417 0.0143403
2.14826 0.0251163 0.0126265
2.18499 0.0255069 0.0106329
2.22101 0.0258092 0.00839587
2.25647 0.0260223 0.00600741
2.2905 0.026144 0.00357591
2.32586 0.0261788 0.000985567
2.35888 0.0261313 -0.00143971
2.39331 0.0259987 -0.00385273
2.4253 0.0258086 -0.00594049
2.45616 0.025569 -0.00776275
2.48843 0.025265 -0.00942184
2.52133 0.0249087 -0.0108295
2.55565 0.0244981 -0.0119635
2.58933 0.0240691 -0.0127398
2.62461 0.0236033 -0.0132016
2.66257 0.0230987 -0.0132941
2.70224 0.0225846 -0.0129577
2.74253 0.0220936 -0.0121871
2.78288 0.021649 -0.0110186
2.82306 0.0212669 -0.00951072
2.86246 0.0209614 -0.00775206
2.90177 0.0207329 -0.00581298
2.93846 0.0205899 -0.00389924
2.97539 0.0205177 -0.00195407
3.01345 0.0205173 -1.05991e-05
3.05042 0.0205819 0.00174591
3.08846 0.0207084 0.00332622
3.12694 0.0208867 0.00463313
3.16547 0.0211021 0.00559024
3.20347 0.0213358 0.00615116
3.24127 0.0215744 0.00631339
3.27903 0.0218041 0.00608365
3.31614 0.0220081 0.00549456
3.35469 0.0221821 0.00451514
3.39496 0.0223076 0.0031167
3.4354 0.022364 0.00139428
3.47516 0.0223433 -0.000519706
3.51485 0.0222434 -0.00251915
3.55482 0.0220629 -0.00451432
3.59542 0.0218031 -0.00639928
3.63482 0.0214895 -0.00796079
3.67451 0.0211258 -0.00916266
3.71325 0.0207421 -0.00990643
3.75133 0.020355 -0.0101624
3.78866 0.0199859 -0.00988979
3.82596 0.019647 -0.00908452
3.8631 0.0193578 -0.00778874
3.90023 0.0191341 -0.00602199
3.9374 0.0189912 -0.00384477
3.97429 0.0189431 -0.00130462
4.01027 0.0189953 0.00145104
4.04671 0.0191559 0.00440888
4.08124 0.0194053 0.00722251
4.11614 0.0197527 0.0099523
4.15106 0.0201883 0.0124727
4.18652 0.020711 0.014741
4.22168 0.0212951 0.0166124
4.25658 0.0219252 0.0180543
4.29234 0.0226064 0.019051
4.32841 0.0233102 0.0195131
4.36436 0.0240075 0.0193942
4.40038 0.02468 0.0186704
4.43661 0.0253066 0.017296
4.47312 0.0258641 0.0152695
4.5095 0.0263245 0.0126557
4.54594 0.0266704 0.00949308
4.58197 0.0268885 0.00605293
4.61689 0.0269766 0.00252292
4.64972 0.0269471 -0.000899818
4.68368 0.0267977 -0.00439818
4.71552 0.0265576 -0.00754144
4.74617 0.0262405 -0.0103476
4.77832 0.025821 -0.0130448
4.81054 0.0253244 -0.0154135
4.84328 0.0247528 -0.0174601
4.87763 0.0240939 -0.0191801
4.91251 0.0233802 -0.0204636
4.94643 0.0226588 -0.0212665
4.98085 0.021915 -0.0216125
5.01608 0.0211594 -0.0214432
5.05196 0.0204167 -0.0207029
5.0884 0.0197106 -0.0193781
5.12561 0.0190622 -0.0174261
5.16319 0.018502 -0.0149026
5.20063 0.0180579 -0.0118633
5.23595 0.0177528 -0.00863881
5.27133 0.0175686 -0.00520532
5.30569 0.017508 -0.00176517
5.34089 0.0175686 0.00172415
5.37512 0.0177381 0.00495053
5.40793 0.017994 0.00779865
5.44272 0.0183581 0.0104674
5.47685 0.0187921 0.0127157
5.51158 0.0192987 0.014588
5.54677 0.0198626 0.0160261
5.584 0.0204966 0.0170278
5.6218 0.0211592 0.0175263
5.6597 0.0218229 0.0175152
5.69823 0.0224758 0.0169448
5.73762 0.0230982 0.0158016
5.77778 0.0236647 0.0141051
5.81809 0.024144 0.0118893
5.85771 0.0245136 0.00932912
5.89658 0.0247685 0.00655586
5.93487 0.0249082 0.00365072
5.97345 0.0249352 0.000698798
6.01164 0.0248537 -0.00213407
6.0492 0.0246761 -0.00472744
6.08597 0.0244198 -0.00697012
6.12339 0.0240885 -0.00885304
6.16166 0.0236933 -0.0103255
6.1978 0.0232855 -0.0112855
6.23466 0.0228503 -0.0118074
6.27409 0.0223837 -0.0118354
6.3139 0.0219343 -0.0112874
6.354 0.0215262 -0.0101772
6.39367 0.0211852 -0.00859396
6.43383 0.0209218 -0.00656062
6.47287 0.0207546 -0.0042812
6.51221 0.0206843 -0.00178863
6.55113 0.0207163 0.00082353
6.58952 0.0208455 0.00336574
6.62853 0.0210711 0.00578197
6.66756 0.0213795 0.00790154
6.70536 0.0217422 0.0095965
6.74443 0.0221677 0.0108902
6.78296 0.0226164 0.0116448
6.8211 0.0230681 0.0118427
6.8591 0.0235037 0.0114654
6.89723 0.0239038 0.0104923
6.93548 0.0242464 0.00895534
6.97392 0.0245112 0.00688983
7.0122 0.0246796 0.00439983
7.04976 0.0247419 0.00165884
7.08685 0.0246947 -0.00127345
7.12228 0.0245477 -0.00415054
7.15953 0.0242837 -0.00708802
7.19529 0.0239351 -0.00974605
7.23051 0.0235096 -0.0120814
7.26582 0.0230117 -0.014099
7.30251 0.0224328 -0.0157816
7.33887 0.0218165 -0.0169507
7.37517 0.0211779 -0.0175926
7.4116 0.0205344 -0.0176641
7.448 0.0199111 -0.0171225
7.4847 0.0193252 -0.015965
7.52157 0.0188027 -0.0141683
7.5584 0.0183685 -0.0117897
7.59516 0.0180416 -0.00889499
7.63123 0.0178365 -0.00568592
7.66672 0.017754 -0.0023245
7.70088 0.017789 0.00102439
7.73499 0.0179382 0.00437425
7.76866 0.0181918 0.00753385
7.80105 0.0185274 0.0103592
7.83465 0.018964 0.0129934
7.86923 0.0194943 0.0153358
7.90234 0.0200644 0.0172223
7.93792 0.020733 0.018787
7.97375 0.0214438 0.0198418
8.01006 0.0221837 0.0203755
8.04669 0.0229293 0.0203521
8.08349 0.0236567 0.0197682
8.12061 0.0243455 0.0185555
8.1583 0.0249753 0.0167094
8.19644 0.0255198 0.0142779
8.23468 0.0259521 0.0113026
8.27196 0.0262517 0.00803637
8.30845 0.0264203 0.00462249
8.34469 0.0264615 0.00113747
8.3799 0.0263832 -0.00222645
8.41419 0.0261995 -0.00535587
8.44724 0.0259302 -0.00814877
8.4803 0.0255776 -0.0106656
8.51371 0.0251477 -0.0128673
8.54745 0.0246521 -0.0146894
8.58197 0.024095 -0.0161368
8.61919 0.0234544 -0.0172104
8.65648 0.0227924 -0.0177563
8.69402 0.0221249 -0.0177809
8.73195 0.0214694 -0.0172804
8.77045 0.0208441 -0.0162418
8.80958 0.0202714 -0.0146345
8.84926 0.0197752 -0.0125053
8.8881 0.0193881 -0.00996779
8.92497 0.0191209 -0.00724698
8.96272 0.0189594 -0.00427877
8.99908 0.0189123 -0.00129547
9.0349 0.0189708 0.00163371
9.07121 0.0191326 0.00445537
9.10683 0.0193813 0.00698427
9.14455 0.0197316 0.00928746
9.18219 0.0201519 0.0111633
9.21922 0.0206168 0.0125572
9.25604 0.0211125 0.0134597
9.29298 0.0216246 0.0138641
9.33166 0.0221558 0.0137338
9.37104 0.0226685 0.0130196
9.41089 0.023136 0.0117337
9.45098 0.0235324 0.00988659
9.49076 0.0238356 0.00762238
9.53043 0.0240361 0.00505417
9.56918 0.0241262 0.00232287
9.60854 0.024105 -0.000536477
9.64693 0.0239796 -0.00326747
9.68588 0.0237512 -0.005863
9.72465 0.0234354 -0.00814587
9.76243 0.0230582 -0.00998614
9.80137 0.0226132 -0.011425
9.83996 0.0221371 -0.0123388
9.87679 0.0216695 -0.0126937
9.91532 0.0211879 -0.0125007
9.95403 0.0207347 -0.0117071
9.99279 0.0203348 -0.0103176
10.0313 0.0200104 -0.00842663
10.0691 0.0197789 -0.00612136
10.1067 0.0196468 -0.00351487
10.1446 0.0196215 -0.000668362
10.1817 0.0197055 0.00226004
10.2195 0.0199022 0.00520672
10.2561 0.0201906 0.00788371
10.2916 0.0205539 0.0102371
10.3298 0.0210266 0.0123683
10.3681 0.0215647 0.0140511
10.4057 0.0221374 0.0152196
10.4434 0.0227337 0.0158437
10.4809 0.0233297 0.0158725
10.5185 0.0239043 0.0153024
10.556 0.0244348 0.0141189
10.5939 0.0249004 0.0123073
10.6317 0.0252763 0.0099424
10.6691 0.0255425 0.00711376
10.7061 0.0256916 0.00403508
10.7424 0.0257214 0.000818802
10.7766 0.0256413 -0.00233764
10.8125 0.0254418 -0.00555942
10.8463 0.0251553 -0.00846213
10.8794 0.0247897 -0.0110514
10.9137 0.0243308 -0.0134077
10.9475 0.0238102 -0.0153898
10.9824 0.0232175 -0.016995
11.0178 0.022575 -0.0181319
11.0541 0.0218941 -0.0187688
11.0906 0.0212069 -0.0188351
11.1273 0.020535 -0.0183065
11.1644 0.0198965 -0.017176
11.2022 0.0193157 -0.0153905
11.24 0.0188228 -0.0130312
11.2767 0.0184466 -0.0102415
11.3134 0.0181875 -0.00706191
11.3493 0.018053 -0.00374496
11.3835 0.018037 -0.00046675
11.419 0.018141 0.00292776
11.4533 0.0183482 0.00604901
11.4859 0.0186356 0.00879976
11.5217 0.0190462 0.0114713
11.5578 0.0195422 0.0137615
11.5916 0.0200682 0.0155328
11.6272 0.0206705 0.0169359
11.6634 0.0213165 0.0178481
11.7009 0.0220012 0.0182342
11.7387 0.0226833 0.0180707
11.7768 0.0233432 0.0173138
11.8154 0.0239584 0.0159347
11.8545 0.0245046 0.0139884
11.8937 0.0249555 0.0114777
11.9321 0.0252866 0.00862379
11.9703 0.0254973 0.00551679
12.008 0.0255833 0.00228656
12.0427 0.0255579 -0.00073106
12.0802 0.0254127 -0.00387578
12.1164 0.0251699 -0.00671158
12.1519 0.0248427 -0.00920321
12.1877 0.024436 -0.011348
12.2231 0.0239735 -0.0130668
12.258 0.0234734 -0.0143337
12.295 0.022912 -0.0151803
12.3331 0.0223216 -0.0154923
12.3716 0.0217343 -0.0152563
12.4107 0.0211687 -0.0144554
12.4501 0.0206543 -0.0130654
12.4898 0.0202114 -0.0111602
12.5286 0.0198692 -0.00882919
12.5665 0.019633 -0.00622711
12.6045 0.019503 -0.00341937
12.6418 0.0194838 -0.000515299
12.6783 0.0195686 0.0023243
12.715 0.0197535 0.00504113
12.752 0.0200317 0.00752698
12.7898 0.020399 0.0097103
12.8284 0.0208426 0.0114992
12.8669 0.0213358 0.0128044
12.9048 0.0218503 0.0135608
12.9434 0.0223819 0.013771
12.9822 0.0229007 0.0134019
13.0211 0.0233849 0.0124417
13.0603 0.0238128 0.0109058
13.0997 0.0241604 0.00881544
13.1388 0.0244072 0.00632228
13.1773 0.0245447 0.0035696
13.2151 0.0245704 0.000680693
13.2511 0.0244923 -0.00216539
13.2887 0.0243033 -0.00503337
13.3254 0.0240217 -0.0076666
13.3615 0.0236623 -0.0099672
13.3971 0.0232381 -0.011903
13.4338 0.0227437 -0.0134764
13.4704 0.0222103 -0.0145544
13.5073 0.0216546 -0.0150979
13.545 0.0210859 -0.0150685
13.583 0.0205369 -0.0144354
13.6212 0.020033 -0.0131881
13.6596 0.0195979 -0.0113426
13.6971 0.0192589 -0.00903137
13.734 0.0190247 -0.00634563
13.7709 0.0188995 -0.00340144
13.8074 0.0188882 -0.000307928
13.8436 0.0189911 0.00283625
13.8786 0.0191932 0.00577611
13.9148 0.0195037 0.00858895
13.9506 0.0199001 0.011077
13.988 0.0203983 0.0132969
14.0243 0.0209436 0.0150266
14.0614 0.0215484 0.0163141
14.099 0.0221907 0.0170768
14.1365 0.0228388 0.0172613
14.1742 0.0234741 0.0168697
14.2121 0.0240762 0.0158786
14.2504 0.0246214 0.0142556
14.2887 0.0250844 0.0120621
14.3269 0.0254411 0.00935332
14.3642 0.0256778 0.00635163
14.4007 0.0257945 0.00319114
14.4373 0.0257898 -0.000125954
14.4728 0.0256724 -0.00331685
14.5075 0.0254524 -0.00632717
14.5415 0.0251441 -0.0090659
14.5747 0.0247642 -0.0114628
14.6103 0.0242774 -0.0136646
14.6459 0.0237285 -0.0154237
14.6808 0.0231447 -0.0167054
14.7179 0.0224947 -0.0175527
14.7549 0.0218346 -0.0178399
14.7923 0.0211769 -0.0175553
14.8302 0.0205441 -0.016694
14.8688 0.019958 -0.0152045
14.9075 0.0194489 -0.0131455
14.9458 0.0190425 -0.0106054
14.9841 0.0187504 -0.00764211
15.0211 0.0185823 -0.00453692
15.0581 0.0185353 -0.00126901
15.0931 0.0186004 0.00186027
15.1279 0.0187692 0.00485471
15.1632 0.0190397 0.00766813
15.1996 0.0194128 0.0102303
15.2361 0.0198654 0.0124086
15.2716 0.0203657 0.014112
15.3077 0.0209214 0.0153773
15.344 0.0215076 0.0161436
15.3822 0.0221343 0.0163922
15.4207 0.022752 0.0160671
15.4595 0.0233389 0.0151315
15.4987 0.0238727 0.0136086
15.5381 0.024327 0.0115223
15.5769 0.0246757 0.00899359
15.6155 0.0249134 0.00616408
15.6528 0.0250328 0.00320243
15.6906 0.0250366 9.99184e-05
15.7275 0.0249298 -0.00289164
15.7648 0.0247149 -0.00575994
15.8004 0.0244212 -0.00825414
15.8359 0.0240512 -0.010421
15.8731 0.0235945 -0.0122718
15.9099 0.023094 -0.0136325
15.9458 0.0225739 -0.0144838
15.9841 0.0220055 -0.0148349
16.0226 0.0214427 -0.0146041
16.0615 0.0209059 -0.013788
16.1007 0.020422 -0.0123693
16.14 0.0200119 -0.0104253
16.1791 0.0196989 -0.00801201
16.2169 0.0194969 -0.00534225
16.2546 0.0194036 -0.00247343
16.2914 0.019421 0.000472539
16.3284 0.0195479 0.0034247
16.3645 0.0197699 0.00615034
16.3998 0.020072 0.00857785
16.4379 0.0204851 0.0108239
16.4763 0.0209701 0.0126371
16.5142 0.0214985 0.0139555
16.552 0.0220564 0.0147402
16.5903 0.0226294 0.0149548
16.6287 0.0231894 0.0145936
16.6672 0.0237138 0.0136334
16.706 0.0241827 0.0120673
16.7449 0.0245695 0.00994499
16.7834 0.0248526 0.0073577
16.8218 0.025024 0.00446717
16.8589 0.0250787 0.00147233
16.8949 0.0250218 -0.00157486
16.9312 0.024856 -0.00456736
16.967 0.0245922 -0.00737011
17.0024 0.0242429 -0.00988596
17.0367 0.0238298 -0.0120272
17.0729 0.0233275 -0.0138853
17.1092 0.0227735 -0.0152741
17.1452 0.022192 -0.0161552
17.1826 0.0215738 -0.0165096
17.2202 0.0209625 -0.0162649
17.2581 0.020377 -0.0154255
17.2965 0.0198425 -0.0139522
17.3349 0.0193851 -0.0118917
17.3724 0.0190335 -0.00938897
17.4095 0.0187922 -0.00650573
17.4464 0.018666 -0.0034171
17.4822 0.0186566 -0.00026189
17.518 0.0187613 0.00292459
17.5526 0.0189645 0.00587568
17.5871 0.0192607 0.00859604
17.6236 0.0196682 0.0111469
17.6605 0.0201595 0.0133313
17.6958 0.0206897 0.0150205
17.7325 0.0212886 0.0162972
17.7698 0.0219246 0.0170554
17.8076 0.0225765 0.0172522
17.8455 0.023217 0.0168832
17.8838 0.0238256 0.0159094
17.9224 0.0243788 0.0143177
17.9613 0.0248513 0.0121625
17.9997 0.0252168 0.00950917
18.0375 0.0254647 0.0065565
18.0743 0.025592 0.00346358
18.1115 0.0255996 0.000203764
18.1475 0.0254936 -0.00293778
18.1833 0.0252816 -0.00592717
18.2177 0.0249857 -0.00859267
18.2519 0.0246122 -0.0109491
18.2881 0.0241384 -0.0130638
18.3243 0.0236059 -0.0147249
18.3597 0.0230436 -0.0158973
18.3972 0.0224196 -0.0166166
18.4348 0.0217887 -0.0167678
18.473 0.0211651 -0.0163555
