t x vx
0.01 0.0220016 0.000162915
0.02 0.0220053 0.00036547
0.0397097 0.0220203 0.00075935
0.0596612 0.0220434 0.00116172
0.0804331 0.0220763 0.00158237
0.10203 0.0221201 0.00202944
0.124261 0.0221752 0.00247912
0.146757 0.0222409 0.00291888
0.169339 0.0223159 0.00331908
0.191852 0.022398 0.00364912
0.214122 0.0224837 0.00384806
0.235864 0.022569 0.00392144
0.257371 0.022654 0.00395183
0.278318 0.0227351 0.00387441
0.298754 0.0228112 0.00372083
0.318917 0.0228826 0.00354512
0.339177 0.0229503 0.00334246
0.359378 0.0230134 0.00312182
0.37949 0.0230712 0.00287288
0.399981 0.0231243 0.00259371
0.420749 0.0231718 0.0022858
0.441597 0.0232122 0.00193558
0.462581 0.0232447 0.00155208
0.483471 0.0232678 0.00110317
0.504234 0.0232801 0.000592379
0.524878 0.0232807 2.84828e-05
0.545427 0.0232684 -0.00059673
0.565927 0.0232424 -0.00126855
0.586433 0.0232023 -0.00195739
0.606997 0.0231481 -0.00263592
0.627497 0.0230807 -0.00328637
0.647924 0.0230012 -0.00388901
0.668369 0.0229109 -0.00441834
0.688909 0.0228116 -0.00483538
0.709604 0.022706 -0.00510238
0.730492 0.0225972 -0.00520749
0.751268 0.0224901 -0.00515733
0.771814 0.0223881 -0.00496228
0.79217 0.0222935 -0.00464955
0.812385 0.0222075 -0.00425119
0.832376 0.0221316 -0.00379677
0.851677 0.0220677 -0.0033131
0.871216 0.0220129 -0.00280303
0.890631 0.0219682 -0.00230272
0.910114 0.0219322 -0.00184712
0.929657 0.0219033 -0.00147797
0.949066 0.0218795 -0.00123033
0.968598 0.0218575 -0.00112487
0.988363 0.0218344 -0.00116899
1.00833 0.0218073 -0.00135728
1.02826 0.0217739 -0.00167444
1.04808 0.0217325 -0.00209045
1.06782 0.0216816 -0.00257826
1.08732 0.0216215 -0.00308135
1.10634 0.0215536 -0.00356852
1.12541 0.0214766 -0.00404091
1.14512 0.0213884 -0.00447468
1.16505 0.0212923 -0.00481851
1.18479 0.0211932 -0.00502488
1.2046 0.0210932 -0.00504501
1.22484 0.020995 -0.00485129
1.24555 0.0209033 -0.0044293
1.26575 0.0208258 -0.00383701
1.28552 0.0207639 -0.00312796
1.30505 0.020718 -0.00235213
1.32452 0.0206889 -0.00149647
1.34365 0.0206771 -0.000617905
1.36267 0.0206815 0.00023515
1.38144 0.0207012 0.00104657
1.40012 0.0207355 0.00183653
1.41885 0.0207835 0.00256112
1.43778 0.0208438 0.00318987
1.45689 0.0209147 0.00370735
1.47594 0.0209926 0.00408948
1.49482 0.0210742 0.00432437
1.51358 0.0211569 0.00440614
1.53231 0.0212383 0.00434883
1.55097 0.0213162 0.00417279
1.5695 0.0213883 0.00389136
1.58796 0.0214532 0.00351833
1.60657 0.0215105 0.0030756
1.62557 0.0215596 0.00258286
1.64524 0.0215999 0.00205094
1.66554 0.0216303 0.0014962
1.68553 0.0216495 0.000963082
1.70498 0.0216588 0.00047416
1.72406 0.0216597 4.94955e-05
1.74294 0.0216541 -0.000294401
1.76192 0.021644 -0.000536126
1.78126 0.0216313 -0.000656066
1.80071 0.0216187 -0.000645745
1.82028 0.0216086 -0.000516418
1.84017 0.021603 -0.000284327
1.86055 0.0216035 2.77669e-05
1.88093 0.0216113 0.000381977
1.90105 0.0216263 0.000744279
1.92092 0.0216477 0.00107813
1.94062 0.0216743 0.00134817
1.96024 0.0217042 0.00152686
1.97963 0.0217353 0.00160289
1.99894 0.0217658 0.00158177
2.01833 0.0217942 0.00146489
2.03794 0.0218189 0.00125635
2.0575 0.0218378 0.00096948
2.07693 0.02185 0.000625694
2.09659 0.0218549 0.000251514
2.11679 0.0218523 -0.000130561
2.13693 0.0218423 -0.000495703
2.1566 0.0218261 -0.000825905
2.17588 0.0218046 -0.0011119
2.19487 0.0217793 -0.00133437
2.21378 0.0217515 -0.00147009
2.23284 0.0217229 -0.00150089
2.2521 0.0216954 -0.00142535
2.27146 0.0216711 -0.00125768
2.2911 0.0216512 -0.00101247
2.3107 0.0216371 -0.000717392
2.33052 0.0216293 -0.000394173
2.35042 0.0216277 -8.00405e-05
2.37006 0.0216316 0.00019574
2.38954 0.0216397 0.000416923
2.40848 0.0216505 0.000568205
2.42708 0.0216626 0.000653303
2.44548 0.021675 0.000672158
2.46388 0.0216866 0.000632113
2.48245 0.0216967 0.000542314
2.50137 0.0217044 0.000410182
2.52078 0.0217092 0.00024225
2.5408 0.0217101 4.73088e-05
2.56113 0.0217069 -0.000157648
2.58099 0.0217 -0.000345168
2.60061 0.0216902 -0.000503122
2.6202 0.021678 -0.000623246
2.63993 0.0216643 -0.000693692
2.65998 0.0216502 -0.00070306
2.68011 0.0216371 -0.000647318
2.7001 0.0216265 -0.000534145
2.72008 0.0216189 -0.000381023
2.74037 0.0216146 -0.00021037
2.76029 0.0216134 -5.7745e-05
2.77991 0.0216145 5.56787e-05
2.79942 0.021617 0.000124487
2.81868 0.0216199 0.000150313
2.83754 0.0216226 0.000146359
2.85615 0.021625 0.000128475
2.87465 0.0216271 0.000112787
2.89319 0.021629 0.000101785
2.91195 0.0216305 8.36586e-05
2.93107 0.0216316 5.25678e-05
2.94911 0.0216318 1.32897e-05
2.96643 0.0216316 -1.27159e-05
2.98331 0.0216311 -2.93491e-05
3.00017 0.0216302 -5.33684e-05
3.01733 0.0216287 -8.73962e-05
3.03508 0.0216265 -0.000123634
3.05309 0.0216235 -0.000165213
3.07084 0.0216199 -0.000204078
3.08815 0.021616 -0.000225493
3.10462 0.0216121 -0.000233615
3.12025 0.0216085 -0.000230358
3.13511 0.0216053 -0.000214958
3.14922 0.0216027 -0.000185402
3.16267 0.0216008 -0.000145751
3.17557 0.0215994 -0.000104442
3.18802 0.0215986 -6.53726e-05
3.2002 0.0215982 -3.00377e-05
3.21226 0.0215982 -1.72624e-06
3.22431 0.0215984 1.68876e-05
3.23645 0.0215987 1.99686e-05
3.24878 0.0215987 5.71026e-06
3.26134 0.0215984 -2.74754e-05
3.27413 0.0215974 -8.08486e-05
3.28712 0.0215953 -0.000154778
3.30023 0.0215921 -0.000248907
3.31343 0.0215873 -0.00036316
3.32671 0.0215807 -0.000497399
3.34005 0.021572 -0.000648546
3.35347 0.0215611 -0.000810813
3.36703 0.0215479 -0.00097965
3.38087 0.021532 -0.00114966
3.39522 0.0215131 -0.00131302
3.41033 0.0214911 -0.00145438
3.42649 0.0214662 -0.00154564
3.44403 0.021439 -0.00154828
3.46327 0.0214114 -0.00143477
3.48429 0.0213861 -0.00120212
3.50539 0.0213668 -0.000914616
3.52675 0.0213544 -0.000581095
3.5481 0.0213496 -0.00022584
3.56935 0.0213522 0.000123183
3.59043 0.0213614 0.000437274
3.61029 0.0213752 0.000692873
3.62985 0.021393 0.00090809
3.65014 0.0214149 0.00107994
3.67118 0.0214399 0.00118817
3.692 0.0214653 0.00122181
3.71264 0.0214899 0.00118972
3.73308 0.0215122 0.0010923
3.75342 0.0215312 0.000933339
3.77359 0.0215458 0.000725963
3.79346 0.0215556 0.000493023
3.81317 0.0215607 0.000258476
3.8329 0.0215615 4.11294e-05
3.85282 0.0215587 -0.000141469
3.87279 0.0215532 -0.000273419
3.89248 0.0215464 -0.000344515
3.91202 0.0215397 -0.000344888
3.93155 0.0215345 -0.000268784
3.95119 0.0215322 -0.000116089
3.97105 0.0215343 0.000104944
3.9912 0.0215418 0.000373275
4.01135 0.0215552 0.000664009
4.03109 0.0215739 0.000948366
4.05047 0.0215972 0.00120546
4.06961 0.0216244 0.00141739
4.08834 0.0216535 0.00155667
4.10641 0.0216827 0.00161133
4.12411 0.0217108 0.0015917
4.14171 0.0217372 0.00150098
4.15949 0.0217611 0.00134265
4.17695 0.0217809 0.00113361
4.19374 0.0217959 0.000893614
4.21029 0.0218063 0.000630609
4.22691 0.0218121 0.000348369
4.24392 0.0218127 3.59134e-05
4.26164 0.0218074 -0.00030025
4.27886 0.0217967 -0.000625336
4.29574 0.0217812 -0.000915987
4.31274 0.0217615 -0.0011603
4.33006 0.0217379 -0.00135896
4.34774 0.0217115 -0.00149394
4.36473 0.021685 -0.00156273
4.38103 0.0216592 -0.00158084
4.39715 0.0216342 -0.00155191
4.41357 0.02161 -0.00147288
4.43071 0.0215871 -0.00133307
4.44826 0.0215672 -0.00113511
4.46583 0.0215515 -0.000895594
4.48334 0.0215403 -0.000637165
4.50103 0.0215336 -0.000379754
4.51918 0.0215311 -0.000140553
4.53759 0.0215323 6.4509e-05
4.55602 0.0215365 0.000231193
4.57466 0.0215432 0.000357067
4.5936 0.0215515 0.000437355
4.61288 0.0215605 0.000469337
4.63232 0.0215693 0.00045358
4.65173 0.021577 0.000397067
4.67115 0.0215831 0.000314853
4.69062 0.0215875 0.000223032
4.71026 0.0215901 0.00013275
4.72973 0.0215912 5.64913e-05
4.74912 0.0215912 1.27926e-06
4.76828 0.0215905 -3.71105e-05
4.78719 0.0215893 -6.5614e-05
4.80603 0.0215876 -8.64104e-05
4.82511 0.0215857 -0.000102775
4.84455 0.0215834 -0.000115585
4.86441 0.0215811 -0.000118913
4.88478 0.0215789 -0.00010775
4.90509 0.0215772 -8.46521e-05
4.92494 0.021576 -5.69323e-05
4.94452 0.0215754 -3.36332e-05
4.96397 0.0215751 -1.4027e-05
4.9834 0.0215753 8.76317e-06
5.00258 0.0215759 3.4511e-05
5.02126 0.0215771 6.24403e-05
5.03962 0.0215789 9.70622e-05
5.05793 0.0215816 0.000146958
5.0764 0.0215855 0.000214007
5.09521 0.0215911 0.000294239
5.11453 0.0215985 0.000385231
5.13397 0.0216078 0.000477394
5.15337 0.0216185 0.000552505
5.17286 0.0216301 0.00059436
5.19264 0.0216418 0.000591637
5.21281 0.0216528 0.000544159
5.23274 0.0216619 0.000459033
5.25232 0.0216687 0.000345485
5.27168 0.0216728 0.000214269
5.29098 0.0216743 7.4506e-05
5.31048 0.0216731 -6.01122e-05
5.33045 0.0216695 -0.000181484
5.35107 0.0216637 -0.00027933
5.37163 0.0216566 -0.000344399
5.39233 0.0216489 -0.000371853
5.41262 0.0216415 -0.000363819
5.43263 0.021635 -0.000325128
5.45246 0.0216299 -0.00025644
5.47233 0.0216266 -0.000166281
5.49228 0.0216254 -6.33712e-05
5.51241 0.0216263 4.44745e-05
5.53274 0.0216293 0.000146436
5.55317 0.0216339 0.00022855
5.57326 0.0216395 0.000277921
5.59311 0.0216454 0.000297881
5.61288 0.0216512 0.000290127
5.6323 0.021656 0.000250577
5.65132 0.0216596 0.000188377
5.67017 0.0216618 0.000114996
5.68909 0.0216626 4.31035e-05
5.70828 0.0216623 -1.332e-05
5.72793 0.0216614 -4.80687e-05
5.74799 0.0216601 -6.18621e-05
5.76797 0.0216591 -5.34636e-05
5.78779 0.0216588 -1.46876e-05
5.8074 0.0216597 4.68212e-05
5.82674 0.0216619 0.000112139
5.84579 0.0216651 0.000167467
5.86465 0.0216689 0.000200916
5.88338 0.0216728 0.000208903
5.9021 0.0216764 0.000193048
5.92091 0.0216793 0.00015495
5.93992 0.0216811 9.69795e-05
5.95883 0.0216817 2.93462e-05
5.97768 0.021681 -3.60636e-05
5.99664 0.0216793 -8.82981e-05
6.01588 0.021677 -0.000119593
6.03517 0.0216746 -0.000128654
6.05409 0.0216723 -0.000116801
6.07263 0.0216706 -9.22631e-05
6.09086 0.0216697 -5.20171e-05
6.1089 0.0216698 3.95984e-06
6.12682 0.0216711 7.51394e-05
6.14467 0.0216738 0.000153063
6.16246 0.021678 0.000236844
6.17982 0.0216835 0.000315767
6.19689 0.02169 0.000378899
6.21385 0.021697 0.000415164
6.23087 0.0217042 0.000423117
6.24817 0.0217114 0.000412019
6.26568 0.021718 0.000377647
6.28316 0.0217235 0.000316601
6.30092 0.0217278 0.000240304
6.31915 0.0217306 0.000155982
6.33763 0.0217318 6.33106e-05
6.35574 0.0217311 -4.08168e-05
6.3736 0.0217282 -0.000158993
6.39131 0.0217232 -0.000282432
6.40891 0.0217162 -0.000399652
6.42583 0.0217076 -0.000506291
6.44206 0.0216979 -0.000598355
6.45773 0.0216873 -0.000674177
6.47296 0.0216763 -0.000728293
6.48786 0.0216648 -0.000766049
6.50252 0.0216532 -0.000792636
6.51703 0.0216415 -0.000810027
6.53148 0.0216296 -0.00081842
6.54601 0.0216177 -0.000817896
6.56043 0.0216061 -0.000808911
6.57466 0.0215948 -0.000795269
6.58877 0.0215837 -0.00078096
6.60284 0.0215729 -0.000767976
6.61688 0.0215623 -0.000757286
6.63097 0.0215518 -0.00074771
6.64514 0.0215414 -0.000733428
6.65947 0.0215312 -0.000711411
6.67402 0.0215213 -0.000681513
6.68889 0.0215117 -0.000646201
6.70417 0.0215024 -0.000608373
6.71996 0.0214934 -0.0005705
6.73658 0.0214846 -0.000525991
6.75443 0.0214764 -0.000457811
6.77269 0.0214696 -0.00037384
6.791 0.0214646 -0.000276909
6.80954 0.0214614 -0.000169769
6.82817 0.0214601 -6.8259e-05
6.84707 0.0214605 1.97702e-05
6.86645 0.0214624 9.55014e-05
6.88615 0.0214655 0.000160835
6.9057 0.0214698 0.000218675
6.92484 0.021475 0.00027036
6.94341 0.0214808 0.00031342
6.96136 0.0214868 0.000332668
6.97874 0.0214924 0.000323134
6.99562 0.0214973 0.000288494
7.01212 0.0215011 0.000234092
7.02836 0.0215038 0.000167851
7.04448 0.0215054 9.86713e-05
7.06062 0.021506 3.29288e-05
7.07691 0.0215056 -2.52969e-05
7.09346 0.0215043 -7.51955e-05
7.11011 0.0215024 -0.000117305
7.12658 0.0214998 -0.000153666
7.1429 0.0214968 -0.000187544
7.15902 0.0214932 -0.000221721
7.17494 0.0214891 -0.000256975
7.19061 0.0214845 -0.000293154
7.20599 0.0214795 -0.00032774
7.22102 0.0214741 -0.000359195
7.23559 0.0214684 -0.000386726
7.24965 0.0214626 -0.000411059
7.26319 0.0214568 -0.000431562
7.27633 0.0214509 -0.000451734
7.28917 0.0214448 -0.000473378
7.30182 0.0214385 -0.000498818
7.31434 0.0214319 -0.000529145
7.32682 0.0214248 -0.000563075
7.33936 0.0214173 -0.000598491
7.3521 0.0214092 -0.000634187
7.36468 0.0214009 -0.000666494
7.377 0.0213923 -0.000693408
7.38912 0.0213837 -0.000711707
7.4011 0.0213751 -0.000720188
7.41298 0.0213665 -0.000718495
7.42481 0.0213581 -0.000708611
7.43665 0.0213499 -0.00069401
7.44852 0.0213419 -0.000677246
7.46049 0.021334 -0.000661258
7.4726 0.0213261 -0.00065106
7.4849 0.0213181 -0.000650474
7.49745 0.0213098 -0.000662405
7.51032 0.0213009 -0.000690009
7.5236 0.0212911 -0.000737216
7.53738 0.02128 -0.000806785
7.55178 0.0212671 -0.000895092
7.56689 0.0212521 -0.000993765
7.58288 0.0212346 -0.00109154
7.59993 0.0212146 -0.00117495
7.61824 0.0211922 -0.00122284
7.63807 0.0211681 -0.00121558
7.65909 0.0211445 -0.00112091
7.68009 0.0211248 -0.000939683
7.70109 0.0211104 -0.000683807
7.72218 0.0211025 -0.000377833
7.74314 0.0211017 -3.95014e-05
7.76385 0.0211083 0.000321596
7.78432 0.0211225 0.000695368
7.80446 0.0211437 0.00105162
7.82427 0.0211708 0.00136687
7.84375 0.0212026 0.00162969
7.86295 0.0212376 0.00182495
7.88202 0.0212749 0.00195672
7.90126 0.0213141 0.00203829
7.92091 0.0213549 0.0020743
7.94106 0.0213956 0.0020202
7.9611 0.0214326 0.00184722
7.98104 0.0214641 0.0015794
8.00146 0.0214891 0.00122633
8.02194 0.0215061 0.000828255
8.04225 0.0215149 0.00043056
8.062 0.0215161 6.57382e-05
8.08128 0.0215117 -0.000230205
8.10034 0.0215033 -0.000439193
8.11903 0.0214929 -0.00055852
8.13774 0.021482 -0.000581868
8.15675 0.0214724 -0.00050692
8.17614 0.0214657 -0.000344451
8.196 0.0214633 -0.00012047
8.21604 0.021466 0.00013508
8.23622 0.0214742 0.000403671
8.25666 0.0214878 0.000669213
8.27741 0.0215066 0.000905035
8.29845 0.0215294 0.00108497
8.31962 0.0215545 0.00118361
8.34099 0.0215799 0.00118632
8.36214 0.0216031 0.00109959
8.38311 0.0216227 0.000933572
8.40395 0.0216372 0.000696555
8.42472 0.0216456 0.000404134
8.44551 0.0216471 7.45808e-05
8.46621 0.0216417 -0.000261545
8.48666 0.0216302 -0.000562352
8.50661 0.0216139 -0.000817715
8.52608 0.0215943 -0.00100986
8.54515 0.0215727 -0.00113123
8.56398 0.0215505 -0.00117638
8.58278 0.0215291 -0.00113929
8.60171 0.0215101 -0.00100318
8.62059 0.0214955 -0.000773691
8.63918 0.0214867 -0.000472583
8.65765 0.0214844 -0.00012457
8.67631 0.0214892 0.000254469
8.69537 0.0215017 0.000655104
8.71498 0.0215224 0.00105517
8.73462 0.0215501 0.00141328
8.75443 0.0215836 0.0016891
8.7741 0.0216204 0.00187168
8.79291 0.0216568 0.00193716
8.81078 0.0216906 0.00189018
8.82798 0.0217204 0.0017344
8.84476 0.0217454 0.00148548
8.86135 0.0217647 0.00116784
8.87799 0.0217781 0.000801244
8.89497 0.0217846 0.000385024
8.91262 0.0217832 -8.05931e-05
8.93118 0.0217726 -0.000571494
8.95086 0.0217521 -0.00104192
8.97019 0.0217247 -0.00141691
8.98913 0.0216925 -0.00170147
9.00807 0.0216566 -0.00189407
9.02721 0.0216186 -0.00198444
9.04673 0.0215804 -0.00195711
9.0663 0.0215453 -0.00179581
9.08619 0.0215154 -0.00150087
9.10648 0.021493 -0.00110384
9.12664 0.02148 -0.000645651
9.14652 0.0214768 -0.000161906
9.16588 0.0214828 0.000310784
9.18493 0.0214971 0.000748516
