t x vx
0.01 0.0219971 -0.000286047
0.02 0.0219901 -0.000700912
0.0394549 0.0219607 -0.00151039
0.0591871 0.0219144 -0.00234745
0.0797598 0.0218481 -0.00322183
0.101001 0.0217607 -0.00411653
0.122848 0.021651 -0.00502307
0.145082 0.0215199 -0.00589467
0.16729 0.0213722 -0.00665045
0.189444 0.0212118 -0.00723898
0.210951 0.0210475 -0.00763975
0.232225 0.0208819 -0.00778466
0.253526 0.0207191 -0.00764382
0.273708 0.0205718 -0.00729839
0.294369 0.0204333 -0.00670431
0.314895 0.020311 -0.00595869
0.335426 0.0202077 -0.00502998
0.35549 0.0201281 -0.00396833
0.375342 0.0200727 -0.00278961
0.395698 0.0200426 -0.00147774
0.415957 0.0200403 -0.000115076
0.436441 0.0200667 0.00128878
0.456908 0.0201215 0.00267581
0.47773 0.0202067 0.00409451
0.498602 0.0203211 0.00548083
0.519219 0.0204607 0.00676907
0.539598 0.0206222 0.00792868
0.559786 0.0208026 0.00893173
0.579879 0.0209983 0.00973976
0.599975 0.0212055 0.0103139
0.620156 0.02142 0.0106256
0.640442 0.0216361 0.010654
0.660604 0.021846 0.0104132
0.680612 0.0220449 0.00993936
0.70044 0.0222286 0.00926322
0.720084 0.0223935 0.00839584
0.739612 0.0225372 0.00735739
0.758934 0.022657 0.00620012
0.778222 0.0227525 0.00495295
0.797643 0.0228236 0.00365838
0.817102 0.0228698 0.00237605
0.836635 0.0228923 0.00115435
0.856238 0.022893 3.12069e-05
0.875929 0.0228742 -0.000950918
0.895701 0.0228398 -0.00174029
0.915456 0.022794 -0.00231787
0.935041 0.0227417 -0.00267259
0.954502 0.0226876 -0.00277977
0.973909 0.0226366 -0.00262626
0.993272 0.0225939 -0.00220744
1.01261 0.0225639 -0.00154912
1.03205 0.0225509 -0.000671957
1.05159 0.0225585 0.000388808
1.07111 0.0225893 0.00157703
1.09039 0.0226433 0.00280652
1.10943 0.0227199 0.00401968
1.12831 0.0228168 0.00513249
1.14715 0.0229319 0.00610799
1.16593 0.0230619 0.00692418
1.18454 0.0232021 0.00753447
1.20318 0.0233496 0.00790981
1.22191 0.0234995 0.008008
1.2405 0.0236448 0.00781343
1.25927 0.0237826 0.00734052
1.27846 0.0239087 0.00657121
1.29764 0.0240155 0.00556756
1.31666 0.024099 0.00439421
1.33539 0.0241576 0.00312793
1.35378 0.0241914 0.00183477
1.37159 0.0242019 0.000589564
1.38859 0.0241925 -0.000553102
1.40531 0.024166 -0.00158464
1.42199 0.0241247 -0.00247318
1.43874 0.0240712 -0.00319355
1.45587 0.0240072 -0.00373945
1.47336 0.0239355 -0.00409532
1.491 0.0238606 -0.00424468
1.50887 0.0237856 -0.0042001
1.52727 0.0237125 -0.00397126
1.54638 0.0236449 -0.00354227
1.56594 0.0235877 -0.00292263
1.58496 0.0235463 -0.00217596
1.60309 0.0235217 -0.00135461
1.62166 0.023513 -0.000472215
1.6401 0.0235199 0.000374345
1.65864 0.0235415 0.00116865
1.67718 0.0235762 0.00187359
1.69602 0.0236224 0.00244842
1.71475 0.0236755 0.00283848
1.7333 0.0237318 0.00303054
1.75192 0.0237878 0.00300891
1.77094 0.0238403 0.00276383
1.79064 0.0238855 0.00229158
1.81048 0.0239174 0.00160708
1.82999 0.0239321 0.000753327
1.8493 0.0239279 -0.000217732
1.86836 0.0239046 -0.00122262
1.88672 0.0238647 -0.00217299
1.90474 0.02381 -0.00303529
1.92279 0.0237412 -0.00381049
1.94104 0.0236596 -0.00447197
1.95952 0.0235674 -0.00498858
1.97819 0.0234678 -0.00533583
1.99698 0.0233647 -0.00548777
2.01582 0.0232626 -0.00541803
2.03477 0.0231658 -0.00511045
2.054 0.0230776 -0.00458125
2.07338 0.0230024 -0.00388432
2.09229 0.022945 -0.00303498
2.11104 0.0229066 -0.00204617
2.13008 0.0228887 -0.000941021
2.14971 0.0228938 0.000260872
2.1694 0.0229223 0.0014445
2.1887 0.022971 0.00252412
2.20762 0.0230362 0.003446
2.22621 0.0231128 0.00412363
2.24462 0.0231963 0.00453352
2.2627 0.0232804 0.00465229
2.28053 0.0233603 0.00448322
2.29841 0.0234324 0.00403239
2.31513 0.0234888 0.00337322
2.33137 0.0235301 0.00254472
2.34722 0.0235553 0.00158952
2.36293 0.0235637 0.000534142
2.37873 0.0235542 -0.000605287
2.39489 0.0235251 -0.00179968
2.41177 0.023474 -0.00302388
2.42975 0.0233975 -0.00425833
2.44677 0.0233066 -0.00534042
2.46349 0.0232025 -0.0062278
2.48027 0.0230869 -0.00688431
2.49739 0.022962 -0.0072967
2.51486 0.0228325 -0.0074133
2.53237 0.0227059 -0.00723282
2.55 0.0225866 -0.00676523
2.56824 0.0224774 -0.00598674
2.58715 0.0223848 -0.00489623
2.60599 0.0223168 -0.00360943
2.62541 0.0222756 -0.00212234
2.64388 0.0222647 -0.000588253
2.66185 0.0222818 0.000951633
2.68032 0.0223278 0.00248745
2.69859 0.0223995 0.00392942
2.71644 0.022493 0.00523525
2.73408 0.0226047 0.0063334
2.75096 0.022725 0.00712606
2.76729 0.0228494 0.00761772
2.78311 0.0229732 0.00782567
2.79848 0.0230926 0.00776904
2.81343 0.0232043 0.00747316
2.828 0.0233058 0.00696202
2.84223 0.0233949 0.00626032
2.85617 0.02347 0.00538957
2.86987 0.02353 0.004381
2.8834 0.0235742 0.00326729
2.89682 0.0236021 0.00207779
2.91019 0.0236134 0.00084243
2.92364 0.0236078 -0.000415081
2.93724 0.023585 -0.00167072
2.95107 0.0235446 -0.00292362
2.96516 0.0234861 -0.0041556
2.97949 0.02341 -0.00530421
2.99402 0.0233183 -0.00631066
3.00866 0.0232137 -0.00714268
3.02333 0.0230997 -0.00777678
3.03796 0.0229797 -0.0082042
3.05261 0.0228563 -0.00841739
3.06739 0.022732 -0.00840986
3.08246 0.0226091 -0.00816157
3.09796 0.0224902 -0.00767066
3.11409 0.0223789 -0.00690183
3.13099 0.0222801 -0.00584048
3.14883 0.0221997 -0.00451079
3.16777 0.0221456 -0.00285311
3.18769 0.0221271 -0.000930494
3.20672 0.0221449 0.000937981
3.22556 0.0221975 0.0027863
3.24472 0.0222852 0.00457846
3.26354 0.0224015 0.00617979
3.28228 0.022543 0.00755363
3.30068 0.0227019 0.00863909
3.31916 0.0228759 0.00941471
3.33709 0.0230525 0.00984251
3.3543 0.0232234 0.00993419
3.37053 0.0233812 0.00972394
3.38576 0.0235221 0.00924878
3.4 0.023644 0.00855771
3.41335 0.0237469 0.00771203
3.42603 0.0238324 0.00674758
3.43821 0.0239017 0.00568115
3.45005 0.0239553 0.00453511
3.46163 0.0239939 0.00332569
3.47304 0.0240175 0.00207473
3.48429 0.0240266 0.000804994
3.49539 0.0240214 -0.00046499
3.50636 0.0240026 -0.00171751
3.51717 0.0239708 -0.00293969
3.52784 0.0239268 -0.00412079
3.53838 0.0238716 -0.00524393
3.54881 0.0238059 -0.00629552
3.55918 0.0237306 -0.00726582
3.56953 0.0236462 -0.00814911
3.57997 0.0235529 -0.00894325
3.59058 0.0234506 -0.00964209
3.60146 0.0233391 -0.0102387
3.61274 0.0232183 -0.0107162
3.62452 0.0230882 -0.0110405
3.63694 0.0229496 -0.0111611
3.65014 0.022804 -0.0110311
3.66424 0.0226544 -0.0106086
3.67942 0.0225049 -0.00985271
3.69588 0.022362 -0.00868009
3.71399 0.022235 -0.00701098
3.7326 0.0221436 -0.00491338
3.75116 0.0220973 -0.00249358
3.76951 0.0220987 7.90831e-05
3.78764 0.022148 0.00271504
3.80629 0.0222501 0.00547712
3.82479 0.0224007 0.00814054
3.84361 0.0226002 0.0106047
3.86227 0.0228374 0.0127061
3.88086 0.0231039 0.014336
3.89944 0.0233906 0.0154341
3.91802 0.023687 0.0159502
3.93631 0.0239766 0.0158354
3.95459 0.0242527 0.0151036
3.97305 0.0245067 0.0137577
3.99201 0.0247292 0.0117335
4.01086 0.0249002 0.00907552
4.02916 0.0250101 0.00600273
4.04761 0.0250557 0.00247318
4.06557 0.0250325 -0.0012934
4.08284 0.0249452 -0.00505321
4.1007 0.0247863 -0.00889426
4.11839 0.0245654 -0.0124952
4.13527 0.0243014 -0.0156343
4.15165 0.0240016 -0.0182997
4.16879 0.0236494 -0.020555
4.18688 0.0232468 -0.0222508
4.20532 0.0228187 -0.0232134
4.22428 0.0223767 -0.0233217
4.24358 0.0219424 -0.0224968
4.26219 0.0215547 -0.020832
4.28133 0.0212052 -0.0182623
4.29975 0.0209272 -0.0150901
4.31817 0.0207182 -0.0113461
4.3368 0.0205884 -0.00696865
4.35497 0.0205473 -0.00226413
4.37349 0.0205972 0.0026955
4.39137 0.0207303 0.00744439
4.40844 0.0209324 0.0118409
4.42658 0.0212231 0.0160202
4.44453 0.0215735 0.0195282
4.46204 0.0219628 0.0222359
4.47922 0.0223776 0.0241331
4.49642 0.0228109 0.0251933
4.51429 0.0232642 0.0253661
4.53154 0.0236877 0.0245541
4.54855 0.0240766 0.0228679
4.56628 0.0244353 0.0202227
4.58479 0.0247413 0.0165315
4.60334 0.0249661 0.0121241
4.62075 0.0250965 0.00748826
4.63793 0.0251405 0.00255972
4.65485 0.0250993 -0.00243765
4.67184 0.0249744 -0.00735172
4.68864 0.0247737 -0.011943
4.70562 0.0245 -0.0161227
4.72337 0.0241477 -0.0198427
4.74021 0.0237657 -0.0226937
4.75672 0.0233567 -0.0247659
4.77377 0.0229125 -0.0260557
4.79231 0.0224229 -0.0264016
4.81108 0.0219406 -0.0256976
4.83045 0.02148 -0.0237853
4.84971 0.0210803 -0.0207484
4.86751 0.020776 -0.0170915
4.88562 0.0205465 -0.012675
4.90332 0.0204073 -0.00786141
4.92151 0.0203609 -0.00255398
4.93933 0.0204101 0.00276355
4.95728 0.0205546 0.00804577
4.97459 0.0207782 0.0129205
4.99186 0.0210779 0.017345
5.01008 0.0214668 0.0213463
5.02809 0.0219089 0.0245585
5.04574 0.0223837 0.0268991
5.06348 0.022887 0.0283628
5.08205 0.0234228 0.0288556
5.10075 0.0239514 0.0282632
5.11956 0.024451 0.0265616
5.13824 0.0248946 0.0237483
5.15653 0.0252611 0.0200352
5.1747 0.0255437 0.0155547
5.19272 0.0257347 0.0106054
5.20984 0.0258306 0.00559615
5.22702 0.0258364 0.000337909
5.2445 0.0257502 -0.00493166
5.26161 0.0255826 -0.0097936
5.27881 0.0253376 -0.0142408
5.29552 0.0250365 -0.0180172
5.31423 0.0246354 -0.0214435
5.33202 0.0242103 -0.0238923
5.34962 0.0237624 -0.0254521
5.36853 0.0232694 -0.0260651
5.3878 0.0227763 -0.0255879
5.40736 0.0223074 -0.0239746
5.42692 0.021892 -0.0212431
5.4455 0.0215621 -0.0177519
5.46453 0.0213072 -0.0133966
5.48305 0.0211481 -0.00858942
5.50192 0.0210856 -0.00331323
5.51979 0.0211199 0.00192155
5.53789 0.0212497 0.00716968
5.55542 0.021461 0.0120521
5.57335 0.0217589 0.0166127
5.59141 0.0221307 0.0205943
5.60968 0.0225667 0.0238681
5.62773 0.0230403 0.026237
5.64548 0.0235317 0.0276756
5.66368 0.0240433 0.0281056
5.68218 0.0245509 0.0274471
5.70073 0.0250269 0.0256607
5.71912 0.0254453 0.0227515
5.73687 0.025783 0.0190282
5.75486 0.0260437 0.0144827
5.77285 0.0262127 0.00939805
5.79057 0.0262845 0.00404804
5.80827 0.0262578 -0.00150901
5.82613 0.0261326 -0.00700708
5.84291 0.0259335 -0.0118658
5.85975 0.0256596 -0.0162612
5.87646 0.0253244 -0.0200568
5.89468 0.0248972 -0.0234504
5.91293 0.0244226 -0.0260069
5.93173 0.0239026 -0.0276569
5.95055 0.0233705 -0.0282728
5.96983 0.0228341 -0.0278315
5.98946 0.0223184 -0.0262602
6.00914 0.0218544 -0.0235835
6.02811 0.0214735 -0.0200817
6.0472 0.0211732 -0.0157248
6.06552 0.0209734 -0.010909
6.08392 0.0208678 -0.00573634
6.10194 0.0208607 -0.000395365
6.12006 0.0209507 0.00496465
6.13738 0.0211227 0.00992902
6.15553 0.021389 0.0146814
6.17343 0.0217255 0.018785
6.19178 0.0221332 0.0222206
6.20954 0.0225721 0.024723
6.22702 0.0230321 0.0263163
6.24487 0.0235134 0.0269607
6.26336 0.0240042 0.026546
6.28177 0.0244652 0.025031
6.29973 0.0248686 0.0224652
6.31803 0.0252148 0.0189183
6.33642 0.0254816 0.0145104
6.35464 0.0256558 0.00955922
6.37166 0.0257338 0.00458696
6.38865 0.0257231 -0.000629875
6.40561 0.025625 -0.00578436
6.4234 0.0254312 -0.0108959
6.44104 0.0251581 -0.0154824
6.45796 0.0248313 -0.019316
6.47638 0.0244125 -0.0227265
6.49476 0.0239478 -0.0252911
6.51371 0.0234379 -0.026905
6.53275 0.022915 -0.0274683
6.55208 0.0223941 -0.0269454
6.57171 0.021898 -0.0252689
6.59137 0.0214565 -0.0224621
6.61004 0.0211039 -0.0188807
6.629 0.0208305 -0.014429
6.64744 0.0206548 -0.00952657
6.6662 0.020577 -0.00414568
6.68399 0.0205984 0.00120346
6.70208 0.020718 0.00660918
6.71967 0.0209229 0.0116496
6.73741 0.0212123 0.0163186
6.75538 0.0215797 0.0204358
6.7737 0.0220173 0.0238888
6.79157 0.0224896 0.0264315
6.80918 0.022984 0.0280767
6.8274 0.0235079 0.0287479
6.84602 0.0240355 0.0283418
6.86468 0.0245359 0.0268206
6.8832 0.0249836 0.0241732
6.90156 0.0253605 0.0205283
6.9197 0.0256525 0.0160885
6.93774 0.0258531 0.0111225
6.95462 0.0259569 0.0061482
6.97136 0.0259729 0.00095792
6.98813 0.0259024 -0.00420648
7.0058 0.0257372 -0.0093485
7.02321 0.0254938 -0.0139841
7.0398 0.0251976 -0.0178574
7.05819 0.024804 -0.0214014
7.07642 0.0243649 -0.0240884
7.09478 0.0238905 -0.0258377
7.11374 0.0233862 -0.0265911
7.13314 0.022877 -0.0262487
7.15287 0.0223886 -0.0247556
7.17258 0.0219524 -0.0221296
7.19175 0.0215957 -0.0186144
7.21081 0.0213234 -0.0142843
7.22915 0.0211488 -0.00951804
7.24759 0.0210684 -0.00435687
7.2657 0.0210859 0.000966951
7.28392 0.0212009 0.00631068
7.30134 0.0213968 0.0112446
7.31955 0.0216872 0.0159504
7.33744 0.0220453 0.0200156
7.35596 0.0224796 0.0234488
7.37398 0.022947 0.0259439
7.39172 0.0234355 0.027527
7.40985 0.0239453 0.0281186
7.42835 0.0244563 0.0276347
7.44688 0.024939 0.0260337
7.46521 0.0253663 0.023313
7.48327 0.025721 0.0196447
7.50138 0.0259955 0.0151567
7.51939 0.0261777 0.0101201
7.53645 0.0262631 0.00500636
7.55402 0.0262544 -0.000498087
7.57125 0.0261535 -0.00585419
7.58867 0.0259624 -0.0109699
7.60585 0.025695 -0.015565
7.62256 0.0253696 -0.019476
7.64087 0.0249484 -0.0229963
7.65915 0.0244789 -0.0256898
7.67804 0.0239597 -0.0274815
7.69696 0.0234254 -0.0282474
7.71623 0.0228866 -0.0279457
7.73592 0.0223647 -0.026516
7.75567 0.0218913 -0.0239681
7.7751 0.0214933 -0.0204864
7.79371 0.0211894 -0.0163256
7.81204 0.020977 -0.0115894
7.83011 0.0208587 -0.00654776
7.8485 0.0208379 -0.00113114
7.86675 0.020916 0.00428355
7.88432 0.0210802 0.00934439
7.90253 0.021338 0.0141591
7.92044 0.0216665 0.0183366
7.939 0.0220729 0.0218878
7.95686 0.0225101 0.0244933
7.97445 0.0229711 0.0261942
7.99228 0.0234512 0.0269417
8.01088 0.0239469 0.0266464
8.0294 0.0244144 0.0252388
8.04734 0.0248232 0.0227903
8.06591 0.0251811 0.0192707
8.0844 0.0254564 0.0148917
8.10266 0.0256385 0.00996711
8.11971 0.025724 0.00502001
8.13644 0.0257222 -0.000107409
8.1533 0.0256337 -0.00524859
8.17084 0.025452 -0.0103636
8.18843 0.0251877 -0.0150232
8.20544 0.0248653 -0.0189546
8.22366 0.0244565 -0.0224291
8.24212 0.0239929 -0.0251261
8.26066 0.0234949 -0.0268583
8.27973 0.0229688 -0.0275858
8.29904 0.0224433 -0.0272131
8.3187 0.0219383 -0.0256924
8.33842 0.0214843 -0.0230212
8.35757 0.0211119 -0.0194448
8.37668 0.0208246 -0.0150273
8.39498 0.0206381 -0.0101966
8.41346 0.0205471 -0.00492126
8.43142 0.0205557 0.000474332
8.44964 0.020664 0.00594253
8.46695 0.0208536 0.0109545
8.48524 0.0211424 0.0157928
8.50325 0.0215022 0.0199719
8.52171 0.0219364 0.0235166
8.53961 0.0224041 0.0261416
8.55721 0.022895 0.027886
8.57539 0.0234162 0.0286673
8.59405 0.0239456 0.0283767
8.61275 0.0244499 0.0269684
8.63125 0.0249022 0.0244452
8.64995 0.0252915 0.0208157
8.66801 0.0255886 0.0164502
8.68616 0.0257972 0.0114946
8.70307 0.0259077 0.00653474
8.71955 0.0259314 0.0014408
8.73612 0.0258706 -0.0036717
8.75338 0.0257187 -0.00879656
8.77067 0.0254851 -0.0135098
8.78742 0.0251917 -0.0175183
8.80554 0.0248089 -0.0211315
8.82401 0.0243656 -0.0239893
8.84244 0.0238888 -0.0258792
8.8613 0.0233837 -0.0267754
8.88073 0.0228676 -0.0265703
8.90045 0.0223701 -0.0252197
8.92027 0.0219201 -0.0227118
