t x vx
0.01 0.0220007 7.09495e-05
0.02 0.0220018 0.000109155
0.0354924 0.0220051 0.000211663
0.0512827 0.0220104 0.000337716
0.0677726 0.0220185 0.000490012
0.0848655 0.0220299 0.000668565
0.102449 0.0220452 0.000867657
0.120373 0.0220648 0.00109313
0.138357 0.0220888 0.00133572
0.156248 0.0221179 0.00162778
0.17401 0.0221532 0.00198525
0.191519 0.022196 0.0024431
0.208817 0.0222472 0.00296021
0.225758 0.0223065 0.00350176
0.242357 0.0223733 0.00402509
0.258792 0.0224491 0.00461367
0.274999 0.0225341 0.00524554
0.290168 0.0226222 0.00580243
0.305825 0.022721 0.00631621
0.322038 0.0228309 0.00677633
0.338385 0.0229477 0.00714359
0.354613 0.0230685 0.00744518
0.370555 0.0231907 0.00766731
0.386219 0.0233132 0.00781687
0.401828 0.0234365 0.00789914
0.417467 0.0235602 0.00790811
0.43308 0.0236828 0.00785776
0.448718 0.0238041 0.00775571
0.464427 0.0239237 0.00761293
0.480244 0.0240413 0.00743266
0.496103 0.0241558 0.00722074
0.511935 0.0242663 0.00698226
0.527786 0.024373 0.00672972
0.5437 0.024476 0.00646951
0.559695 0.0245753 0.00620833
0.575763 0.024671 0.00595555
0.591894 0.0247635 0.00573424
0.608076 0.0248535 0.00556265
0.624247 0.0249416 0.00544745
0.64036 0.0250283 0.00538447
0.656447 0.0251147 0.00537218
0.672526 0.0252016 0.00540179
0.688608 0.0252894 0.00546007
0.704683 0.0253784 0.00553363
0.72073 0.0254684 0.00560801
0.736732 0.025559 0.00566158
0.752688 0.0256495 0.00567216
0.768607 0.0257389 0.00561851
0.784514 0.0258261 0.00548041
0.80044 0.0259096 0.00524173
0.816417 0.0259876 0.00488341
0.832367 0.0260577 0.00439836
0.848178 0.0261177 0.00379525
0.863834 0.026166 0.0030848
0.879365 0.0262015 0.00228484
0.894843 0.0262235 0.00142331
0.910231 0.0262318 0.000536462
0.925245 0.0262267 -0.000339753
0.940062 0.026209 -0.00119131
0.954838 0.0261795 -0.00200066
0.969704 0.0261387 -0.00274657
0.98471 0.0260878 -0.00339031
0.999879 0.0260286 -0.0039001
1.01521 0.0259636 -0.00424272
1.03068 0.0258956 -0.00439542
1.04627 0.0258279 -0.00434413
1.06193 0.0257639 -0.00408195
1.07763 0.025707 -0.00362732
1.09333 0.0256591 -0.00304847
1.10903 0.0256214 -0.00240044
1.12459 0.0255941 -0.00175442
1.14001 0.0255763 -0.00115866
1.15529 0.0255669 -0.000610797
1.17048 0.0255647 -0.000143904
1.1856 0.0255674 0.000177808
1.2007 0.0255728 0.000352902
1.21585 0.0255793 0.00043228
1.23106 0.0255859 0.000433509
1.24631 0.0255917 0.000377757
1.26163 0.0255948 0.000204011
1.27671 0.0255935 -8.6985e-05
1.29145 0.0255861 -0.000497617
1.30566 0.0255726 -0.000955767
1.31894 0.025554 -0.0013953
1.33229 0.0255297 -0.00182406
1.34598 0.0254985 -0.00227354
1.36011 0.0254602 -0.00271148
1.37453 0.0254158 -0.00308223
1.38866 0.0253689 -0.00332171
1.40275 0.0253206 -0.0034242
1.41702 0.0252714 -0.00345074
1.43178 0.0252211 -0.00340434
1.44694 0.0251718 -0.00325609
1.46222 0.0251256 -0.00301995
1.47766 0.0250844 -0.00266932
1.49195 0.0250524 -0.00223814
1.50628 0.0250278 -0.00172054
1.52103 0.0250111 -0.00112813
1.53648 0.0250038 -0.000471791
1.55239 0.0250064 0.000160164
1.56871 0.0250188 0.000758972
1.58511 0.0250408 0.00134468
1.60132 0.0250719 0.0019173
1.6173 0.0251105 0.00241606
1.63318 0.0251546 0.00277486
1.64892 0.0252013 0.00296666
1.66483 0.0252485 0.00296611
1.68074 0.0252927 0.00278118
1.6968 0.0253323 0.00246429
1.71248 0.0253634 0.00198686
1.72744 0.0253844 0.00139907
1.74249 0.0253951 0.000715621
1.75796 0.0253949 -1.38123e-05
1.7736 0.0253833 -0.000742104
1.78927 0.0253609 -0.00142896
1.80464 0.0253294 -0.0020517
1.81983 0.0252896 -0.00261936
1.83439 0.0252446 -0.00309019
1.84833 0.0251971 -0.0034076
1.86255 0.0251461 -0.00358478
1.87722 0.0250928 -0.00363095
1.89204 0.025041 -0.00349843
1.9072 0.0249938 -0.00311595
1.92262 0.0249548 -0.00252809
1.93816 0.0249271 -0.00177932
1.95358 0.0249134 -0.000894018
1.96921 0.0249148 9.4833e-05
1.9851 0.024933 0.00114555
2.00109 0.0249686 0.0022211
2.01688 0.0250194 0.00321919
2.03223 0.0250823 0.00409961
2.04509 0.025143 0.00471932
2.06038 0.0252238 0.00528452
2.07277 0.0252928 0.00556618
2.08777 0.025377 0.00561661
2.10232 0.0254562 0.00544049
2.1171 0.0255299 0.00498601
2.13166 0.0255919 0.00426262
2.146 0.02564 0.00334753
2.16014 0.0256729 0.00233156
2.17443 0.0256895 0.00115984
2.18879 0.0256874 -0.000146993
2.20305 0.0256661 -0.00149121
2.21743 0.0256259 -0.00279372
2.23173 0.0255692 -0.00396788
2.24601 0.0254984 -0.00496035
2.26034 0.0254166 -0.0057046
2.27477 0.0253281 -0.00613008
2.28936 0.0252375 -0.00621488
2.30416 0.0251492 -0.00596797
2.31935 0.0250668 -0.00541981
2.33495 0.0249949 -0.00461449
2.35086 0.024938 -0.00357447
2.36635 0.0249004 -0.00242631
2.38148 0.0248821 -0.00121194
2.39661 0.0248847 0.000172654
2.41188 0.0249099 0.00165244
2.42746 0.0249567 0.00300631
2.4428 0.0250219 0.00425044
2.4583 0.0251062 0.00543856
2.4739 0.0252076 0.00650088
2.48927 0.0253208 0.00736347
2.50451 0.0254424 0.00797479
2.51969 0.0255678 0.0082658
2.53487 0.0256927 0.00822435
2.54986 0.0258101 0.00783537
2.56472 0.0259165 0.00716287
2.5794 0.0260075 0.00619818
2.59359 0.0260789 0.00502769
2.60814 0.0261315 0.00361528
2.62264 0.0261614 0.00206379
2.63693 0.0261675 0.000429511
2.65142 0.0261493 -0.00125567
2.66544 0.0261098 -0.00282114
2.67927 0.026051 -0.00425144
2.69318 0.0259743 -0.00551432
2.70743 0.0258807 -0.0065682
2.72207 0.0257728 -0.00736955
2.73683 0.0256572 -0.00782734
2.75168 0.0255402 -0.00788318
2.76675 0.0254267 -0.00753194
2.78215 0.0253223 -0.00678256
2.79769 0.0252347 -0.00563419
2.81339 0.0251693 -0.00416239
2.8292 0.0251301 -0.00247983
2.84437 0.025118 -0.000796288
2.85943 0.0251304 0.000817709
2.87458 0.0251653 0.00230787
2.88934 0.025219 0.00363536
2.90376 0.0252872 0.00473217
2.91834 0.0253695 0.00564
2.93277 0.0254597 0.00624889
2.94735 0.0255556 0.00658476
2.96201 0.0256525 0.00660398
2.97671 0.0257432 0.0061758
2.99127 0.0258216 0.00537913
3.00588 0.0258838 0.00425922
3.02053 0.0259254 0.00283947
3.03525 0.0259422 0.00114026
3.04946 0.0259328 -0.000661126
3.06354 0.0258978 -0.00248391
3.07748 0.0258395 -0.00418288
3.09125 0.0257614 -0.00566826
3.10434 0.0256716 -0.00686393
3.1167 0.025576 -0.00773667
3.1289 0.0254747 -0.00830574
3.14081 0.0253726 -0.00856531
3.15254 0.0252727 -0.00852147
3.1641 0.0251775 -0.00822924
3.17554 0.0250891 -0.00773453
3.18687 0.0250092 -0.00704996
3.19813 0.0249395 -0.0061895
3.20935 0.0248814 -0.00517874
3.22062 0.024836 -0.00402412
3.232 0.0248044 -0.00277966
3.2436 0.0247872 -0.00147965
3.25551 0.024786 -0.000100042
3.26784 0.0248024 0.00132955
3.28069 0.0248373 0.00271576
3.2941 0.0248898 0.00391186
3.30755 0.024955 0.00485152
3.32161 0.0250348 0.00567488
3.33556 0.0251215 0.00621121
3.34979 0.0252131 0.00643693
3.36351 0.0253002 0.00635015
3.37651 0.0253778 0.00596835
3.38877 0.0254431 0.00532804
3.40037 0.0254947 0.00444839
3.41143 0.0255323 0.00340052
3.42203 0.025556 0.00223215
3.43225 0.0255658 0.000964601
3.4422 0.0255622 -0.000365968
3.45193 0.0255453 -0.00173526
3.46153 0.0255153 -0.00312489
3.47106 0.0254723 -0.00451492
3.48057 0.0254164 -0.00587691
3.49011 0.0253479 -0.00717846
3.49977 0.025267 -0.00838143
3.5096 0.0251739 -0.00946251
3.51967 0.0250692 -0.0103993
3.53002 0.0249537 -0.0111624
3.54067 0.0248291 -0.0116974
3.55161 0.0246982 -0.0119639
3.56294 0.0245631 -0.0119302
3.5747 0.0244269 -0.0115774
3.58693 0.0242937 -0.0108851
3.59967 0.0241683 -0.00985107
3.61287 0.0240576 -0.00837908
3.62657 0.0239696 -0.00642975
3.64078 0.0239128 -0.00399234
3.65552 0.0238957 -0.00116379
3.6708 0.0239258 0.00196773
3.68622 0.0240064 0.00523336
3.70209 0.0241439 0.00866345
3.71731 0.0243275 0.0120619
3.73226 0.0245558 0.0152769
3.74748 0.024832 0.0181407
3.76274 0.0251439 0.0204398
3.77778 0.025474 0.0219389
3.79276 0.0258126 0.0226054
3.80753 0.0261434 0.0224102
3.82213 0.0264559 0.0213924
3.83651 0.0267382 0.0196306
3.85067 0.0269815 0.0171877
3.86416 0.0271737 0.0142486
3.87784 0.0273211 0.0107692
3.89129 0.027414 0.00690816
3.90449 0.027451 0.00280048
3.91747 0.0274327 -0.00140835
3.93055 0.0273585 -0.00567193
3.94399 0.0272245 -0.00997305
3.95742 0.0270359 -0.0140389
3.97046 0.0268067 -0.0175731
3.98392 0.0265285 -0.0206745
3.99804 0.0261997 -0.0232924
4.01242 0.0258365 -0.0252461
4.02726 0.0254441 -0.0264485
4.04257 0.0250341 -0.02678
4.05808 0.0246282 -0.0261686
4.07304 0.0242588 -0.0246937
4.08792 0.0239262 -0.0223616
4.10303 0.0236351 -0.0192546
4.11844 0.0233982 -0.015375
4.1335 0.0232346 -0.0108654
4.14863 0.0231471 -0.0057849
4.16297 0.0231388 -0.000573713
4.17744 0.0232081 0.00478958
4.1924 0.0233621 0.0102972
4.20681 0.0235839 0.0153858
4.2215 0.023877 0.019949
4.23598 0.024218 0.0235597
4.25002 0.0245846 0.0261014
4.26386 0.0249663 0.0275949
4.27775 0.0253549 0.0279734
4.2914 0.025727 0.0272596
4.30503 0.0260733 0.0254076
4.31875 0.026381 0.0224202
4.3325 0.0266347 0.0184478
4.34632 0.0268222 0.0135767
4.3593 0.0269292 0.00823767
4.3726 0.0269595 0.00227727
4.38539 0.0269109 -0.00379553
4.39808 0.0267872 -0.00975277
4.41105 0.0265852 -0.0155682
4.42422 0.026309 -0.0209846
4.43764 0.0259622 -0.0258223
4.45039 0.0255835 -0.029705
4.46366 0.0251478 -0.0328534
4.47768 0.0246555 -0.035102
4.49214 0.0241317 -0.0362283
4.50694 0.0235955 -0.0362288
4.5219 0.0230721 -0.034985
4.53685 0.0225863 -0.0324879
4.55172 0.0221576 -0.0288448
4.5661 0.0218072 -0.0243665
4.5808 0.0215298 -0.0188675
4.59505 0.0213455 -0.0129317
4.60983 0.0212525 -0.00629482
4.62392 0.0212588 0.00045021
4.63858 0.0213676 0.00742141
4.65245 0.0215593 0.0138168
4.6661 0.0218285 0.0197153
4.6804 0.022186 0.0250011
4.69431 0.0225922 0.0292005
4.70788 0.0230295 0.0322313
4.72119 0.0234833 0.0341001
4.73464 0.0239503 0.0347191
4.74812 0.0244096 0.0340712
4.76176 0.0248477 0.0321155
4.77567 0.0252469 0.0287112
4.78938 0.0255787 0.0241908
4.80344 0.0258388 0.018497
4.81683 0.0260052 0.012433
4.83029 0.0260832 0.00579896
4.84349 0.0260692 -0.00106649
4.85695 0.0259606 -0.00807073
4.86949 0.0257811 -0.0143063
4.88253 0.0255184 -0.0201548
4.89565 0.0251865 -0.0253018
4.90939 0.0247767 -0.0298024
4.92241 0.0243446 -0.0332045
4.93534 0.0238839 -0.0356138
4.94934 0.0233666 -0.0369731
4.96399 0.0228242 -0.0370194
4.97878 0.0222957 -0.0357174
4.9938 0.0218008 -0.032968
5.00886 0.021367 -0.0287991
5.02266 0.0210362 -0.0239623
5.03686 0.0207798 -0.0180581
5.05078 0.0206191 -0.0115467
5.06516 0.0205569 -0.0043234
5.07894 0.0205962 0.00284652
5.09327 0.0207422 0.0101862
5.10721 0.0209796 0.0170451
5.12066 0.0212912 0.0231639
5.1346 0.0216912 0.0286905
5.14846 0.0221516 0.0332224
5.1619 0.0226441 0.0366253
5.17545 0.0231708 0.0388957
5.18937 0.0237265 0.0399226
5.20351 0.0242856 0.0395262
5.21733 0.024807 0.0377242
5.23146 0.0252938 0.0344683
5.24528 0.0257068 0.0298646
5.25876 0.0260347 0.0243302
5.27272 0.0262833 0.0178126
5.28616 0.0264317 0.0110384
5.29878 0.0264853 0.00424528
5.31162 0.02645 -0.00275012
5.32457 0.0263246 -0.00969032
5.33758 0.0261141 -0.0161677
5.35043 0.0258338 -0.0218282
5.36378 0.0254751 -0.0268685
5.37748 0.0250492 -0.0310716
5.39116 0.0245818 -0.0341645
5.40528 0.0240722 -0.0360979
5.41994 0.023534 -0.0367122
5.4347 0.0230034 -0.0359395
5.44975 0.0224963 -0.0336968
5.46468 0.0220475 -0.030065
5.47884 0.0216865 -0.0254848
5.49339 0.0213991 -0.0197574
5.50773 0.0212093 -0.0132418
5.52222 0.0211202 -0.00614553
5.53614 0.0211353 0.00108364
5.55021 0.0212532 0.00837719
5.56374 0.021459 0.0152156
5.57774 0.0217637 0.021767
5.59163 0.022146 0.0275177
5.60589 0.0226085 0.0324227
5.61963 0.0231043 0.0360973
5.6332 0.0236283 0.0385966
5.647 0.0241774 0.0397912
5.66107 0.0247342 0.03958
5.67514 0.0252668 0.0378593
5.68905 0.0257498 0.0347199
5.70305 0.0261712 0.0300978
5.71656 0.0265025 0.0245316
5.7302 0.0267478 0.0179863
5.74365 0.0268958 0.0109988
5.75623 0.0269464 0.00402511
5.76928 0.0269028 -0.0033486
5.78222 0.0267661 -0.0105622
5.79517 0.0265434 -0.0171961
5.80787 0.0262509 -0.023017
5.82053 0.0258957 -0.0280619
5.83426 0.0254488 -0.0325556
5.8484 0.0249395 -0.0360159
5.86264 0.0243947 -0.0382758
5.8771 0.0238265 -0.0392894
5.89165 0.0232593 -0.038984
5.90659 0.0227024 -0.0372674
5.92155 0.0221917 -0.0341323
5.9364 0.0217505 -0.0297241
5.9508 0.0213995 -0.024372
5.96526 0.0211388 -0.0180314
5.97933 0.0209801 -0.0112737
5.99391 0.0209244 -0.0038192
6.00797 0.0209745 0.00356846
6.02227 0.0211304 0.0108928
6.03646 0.0213816 0.0177078
6.05051 0.0217153 0.0237489
6.06469 0.0221249 0.0288802
6.07841 0.0225755 0.0328413
6.09185 0.0230539 0.0356152
6.10527 0.0235528 0.037163
6.11931 0.024078 0.0374013
6.13321 0.0245805 0.0361573
6.14676 0.0250362 0.0336428
6.16082 0.025453 0.0296357
6.17484 0.0257955 0.0244423
6.18874 0.026049 0.018232
6.20231 0.0262063 0.0115842
6.21576 0.0262673 0.00453934
6.22929 0.0262282 -0.00288725
6.24313 0.0260856 -0.0103095
6.25621 0.0258655 -0.0168285
6.26947 0.0255639 -0.0227481
6.28261 0.0251981 -0.0278309
6.29656 0.0247478 -0.0322748
6.3108 0.0242401 -0.0356469
6.32513 0.0236987 -0.0377956
6.33943 0.0231456 -0.0386629
6.35417 0.0225833 -0.0381633
6.36918 0.0220398 -0.0361994
6.38417 0.0215484 -0.0327811
6.39879 0.0211363 -0.0281807
6.41331 0.0208094 -0.0225216
6.42753 0.0205807 -0.0160844
6.44138 0.0204528 -0.00923802
6.45537 0.0204263 -0.00189419
6.46943 0.0205046 0.00557373
6.48275 0.0206715 0.0125237
6.49667 0.0209398 0.0192778
6.51029 0.0212831 0.0252075
6.5244 0.0217126 0.0304436
6.53791 0.0221787 0.0345071
6.55123 0.0226779 0.0374783
6.56487 0.0232138 0.039279
6.57897 0.0237745 0.0397729
6.59313 0.0243237 0.0387648
6.60696 0.0248272 0.0364265
6.62109 0.0252877 0.0325748
6.63506 0.0256721 0.027517
6.64853 0.0259626 0.0215594
6.66245 0.0261686 0.0148082
6.67547 0.0262733 0.00804133
6.68826 0.026286 0.000998803
6.70121 0.0262073 -0.0060786
6.71488 0.0260281 -0.0131057
6.72836 0.0257665 -0.0194147
6.74115 0.0254509 -0.0246742
6.75504 0.0250417 -0.0294522
6.76883 0.0245851 -0.0331253
6.78255 0.024096 -0.0356433
6.797 0.0235616 -0.0369731
6.8117 0.0230194 -0.0369034
6.82672 0.0224877 -0.0353855
6.8417 0.0220023 -0.0324086
6.85676 0.0215802 -0.0280263
6.87091 0.0212571 -0.0228308
6.88529 0.021018 -0.016626
6.89925 0.0208797 -0.00990991
6.91387 0.0208441 -0.00243519
6.92803 0.0209152 0.0050245
6.94231 0.021092 0.0123765
6.95644 0.0213636 0.0192253
6.97039 0.0217173 0.025347
6.98454 0.0221513 0.030669
6.99848 0.0226379 0.0349086
7.01207 0.0231541 0.0379783
7.0258 0.0237006 0.0398067
7.03996 0.0242711 0.0403006
7.054 0.024823 0.0393126
7.06801 0.0253401 0.0369081
7.08207 0.0258046 0.0330187
7.09594 0.0261912 0.027889
7.10934 0.0264844 0.0218809
7.12314 0.0266924 0.0150682
7.13609 0.0267984 0.0081867
