t x vx
0.01 0.0220002 2.47006e-05
0.02 0.0220005 2.8795e-05
0.0475535 0.0220021 5.73143e-05
0.0752646 0.0220047 9.3145e-05
0.104113 0.0220089 0.000144873
0.134013 0.0220151 0.00020835
0.164913 0.0220239 0.000286201
0.19648 0.0220359 0.00037934
0.228371 0.0220515 0.000489079
0.260365 0.0220711 0.00061237
0.29218 0.0220952 0.000757064
0.323658 0.0221247 0.000938414
0.354816 0.0221604 0.00114449
0.385565 0.0222026 0.00137412
0.416018 0.0222522 0.00162817
0.445936 0.0223091 0.00190109
0.475127 0.0223728 0.00218083
0.504457 0.0224452 0.00246996
0.533514 0.0225252 0.00275364
0.563143 0.0226149 0.00302561
0.592874 0.0227123 0.00327766
0.622608 0.0228165 0.00350347
0.652365 0.0229261 0.00368309
0.682153 0.0230392 0.0037957
0.711885 0.023153 0.00382772
0.741376 0.0232644 0.00377818
0.77066 0.0233711 0.00364498
0.799499 0.0234701 0.00343114
0.827932 0.0235594 0.00314074
0.855997 0.0236375 0.002784
0.883674 0.0237033 0.00237559
0.911034 0.0237559 0.00192497
0.938145 0.0237931 0.00137122
0.965076 0.0238145 0.000793765
0.991879 0.0238198 0.000197321
1.01862 0.0238088 -0.00041139
1.04538 0.0237814 -0.0010231
1.07221 0.0237376 -0.00163323
1.09915 0.0236772 -0.00223943
1.12621 0.0236003 -0.00284421
1.15339 0.0235068 -0.00343992
1.18071 0.0233972 -0.00401003
1.20821 0.0232726 -0.00453316
1.23591 0.0231343 -0.00499302
1.26382 0.0229845 -0.00536747
1.29193 0.0228259 -0.00564169
1.32021 0.0226616 -0.00580658
1.34862 0.0224955 -0.00584978
1.37701 0.0223318 -0.00576435
1.40518 0.0221755 -0.00554843
1.43306 0.0220302 -0.00520994
1.46058 0.0218991 -0.00476705
1.48759 0.0217844 -0.00424426
1.51404 0.021687 -0.00368172
1.53991 0.0216065 -0.00311509
1.56526 0.0215413 -0.00257138
1.59039 0.0214896 -0.00205558
1.61555 0.0214501 -0.00157143
1.64067 0.0214218 -0.00112705
1.66571 0.0214034 -0.000734323
1.69103 0.0213932 -0.000402437
1.71676 0.0213896 -0.000139997
1.74243 0.0213909 4.96181e-05
1.76824 0.0213955 0.000179979
1.79434 0.0214024 0.000263936
1.8209 0.0214108 0.000317526
1.84792 0.0214205 0.000359503
1.87502 0.0214316 0.000406199
1.90189 0.0214441 0.000467097
1.92852 0.0214587 0.000548501
1.95501 0.0214761 0.000655312
1.98157 0.0214972 0.00079741
2.00841 0.0215237 0.000984655
2.03571 0.021557 0.00122125
2.06347 0.0215987 0.00150315
2.09169 0.0216501 0.00182085
2.1199 0.0217111 0.00216012
2.14787 0.0217811 0.00250378
2.17572 0.0218599 0.00283091
2.20351 0.0219465 0.00311686
2.23098 0.0220383 0.00333933
2.2585 0.0221343 0.00348901
2.28563 0.0222309 0.00356097
2.31236 0.0223261 0.00356099
2.3389 0.0224188 0.00349371
2.36543 0.0225079 0.00335879
2.3921 0.0225922 0.00315844
2.41902 0.0226701 0.00289563
2.4463 0.0227403 0.00257089
2.4737 0.0228004 0.00219522
2.50095 0.022849 0.00178413
2.52791 0.0228854 0.00135048
2.55485 0.0229098 0.000904676
2.58128 0.022922 0.000462673
2.6076 0.0229228 3.12023e-05
2.63415 0.0229126 -0.000385817
2.66105 0.0228916 -0.000781378
2.68838 0.0228601 -0.00115154
2.71554 0.0228198 -0.00148546
2.74184 0.0227731 -0.00177468
2.76793 0.0227203 -0.0020243
2.79414 0.0226617 -0.00223653
2.82077 0.0225975 -0.00240823
2.84774 0.0225291 -0.00253721
2.87457 0.0224588 -0.00262073
2.9013 0.0223877 -0.00266017
2.92802 0.0223168 -0.00265337
2.95494 0.0222467 -0.00260181
2.98218 0.0221784 -0.00251018
3.00974 0.0221127 -0.00238215
3.03765 0.0220508 -0.00221742
3.06532 0.0219949 -0.0020224
3.09288 0.0219449 -0.00181278
3.11991 0.0219017 -0.00159998
3.14666 0.0218645 -0.00138953
3.17356 0.0218326 -0.00118355
3.20092 0.0218057 -0.000983409
3.22766 0.0217846 -0.000792345
3.2527 0.0217692 -0.000612511
3.27661 0.0217586 -0.000443526
3.30023 0.0217521 -0.000274718
3.32436 0.0217497 -0.000102402
3.34985 0.0217517 7.86791e-05
3.37561 0.0217584 0.000261011
3.40075 0.0217694 0.000436978
3.42613 0.0217848 0.000608731
3.4524 0.0218051 0.000771709
3.47971 0.02183 0.000913155
3.50732 0.0218582 0.0010189
3.53532 0.0218887 0.00109102
3.56331 0.0219205 0.00113639
3.59145 0.0219533 0.00116534
3.6191 0.021986 0.00118154
3.64673 0.0220188 0.00118949
3.67426 0.0220516 0.00118872
3.70164 0.0220839 0.00117954
3.72898 0.0221155 0.00115807
3.75639 0.0221465 0.00112829
3.78397 0.0221768 0.00109959
3.8114 0.0222062 0.00107073
3.83864 0.0222343 0.00103278
3.86629 0.0222613 0.00097588
3.89446 0.0222864 0.000893738
3.92281 0.0223088 0.000788043
3.95135 0.0223278 0.000665349
3.97986 0.0223431 0.000539139
4.00804 0.0223549 0.000418015
4.03598 0.0223633 0.000298393
4.06382 0.0223681 0.000173452
4.09187 0.0223693 4.45443e-05
4.12041 0.0223668 -8.87868e-05
4.14936 0.0223604 -0.000221308
4.17812 0.0223504 -0.000347143
4.20678 0.022337 -0.000466689
4.23546 0.0223205 -0.000577743
4.264 0.0223012 -0.000673919
4.29244 0.0222799 -0.000748823
4.32046 0.0222577 -0.00079257
4.34803 0.0222357 -0.000797754
4.37538 0.0222147 -0.000767438
4.40276 0.0221954 -0.000708202
4.43024 0.0221781 -0.000626291
4.45778 0.0221637 -0.000526239
4.48553 0.0221522 -0.000412185
4.5132 0.0221442 -0.000290307
4.54035 0.0221396 -0.000169274
4.56743 0.022138 -5.97058e-05
4.59461 0.0221388 2.95123e-05
4.6215 0.0221414 9.73556e-05
4.64827 0.0221453 0.000146294
4.67513 0.0221501 0.00017791
4.7022 0.0221553 0.00019436
4.72955 0.0221607 0.000196117
4.75722 0.0221656 0.000176011
4.78525 0.0221693 0.000133933
4.8129 0.0221715 7.94894e-05
4.84001 0.0221721 2.02849e-05
4.86694 0.0221709 -4.41289e-05
4.89423 0.0221677 -0.000117986
4.92251 0.022162 -0.000199602
4.95086 0.0221542 -0.000277141
4.97904 0.0221446 -0.000341096
5.00708 0.0221339 -0.000378839
5.0351 0.0221233 -0.000378164
5.06313 0.022114 -0.000334692
5.09119 0.0221069 -0.000250076
5.11925 0.0221034 -0.000126969
5.14742 0.0221042 3.06782e-05
5.1757 0.0221104 0.00021785
5.20349 0.0221221 0.0004196
5.23117 0.0221393 0.000622926
5.25929 0.0221622 0.000813303
5.28812 0.0221904 0.000978476
5.31696 0.0222222 0.00110314
5.34564 0.0222559 0.00117476
5.37412 0.0222898 0.00118919
5.40252 0.0223224 0.0011486
5.43093 0.0223524 0.00105803
5.45927 0.0223785 0.000920403
5.48764 0.0223993 0.000733182
5.51617 0.0224136 0.000499247
5.54456 0.0224203 0.000235822
5.57279 0.022419 -4.55771e-05
5.60103 0.0224095 -0.000336689
5.6295 0.0223918 -0.000621116
5.658 0.0223666 -0.000883496
5.68664 0.0223345 -0.00112168
5.71532 0.0222966 -0.00131953
5.74395 0.0222552 -0.00144646
5.77249 0.0222131 -0.00147677
5.801 0.022173 -0.00140774
5.82945 0.0221376 -0.00124361
5.85802 0.0221092 -0.000992613
5.88635 0.0220901 -0.000673714
5.91477 0.0220815 -0.000303471
5.94303 0.0220839 8.62551e-05
5.97091 0.022097 0.000467874
5.99847 0.0221195 0.000817011
6.02592 0.02215 0.00111154
6.05343 0.0221868 0.00133621
6.081 0.0222276 0.00148073
6.1077 0.0222688 0.00154388
6.13392 0.022309 0.00153247
6.16021 0.022347 0.00144422
6.18723 0.0223812 0.00126917
6.21482 0.0224091 0.0010109
6.24255 0.0224282 0.00068745
6.2706 0.0224369 0.00031131
6.29854 0.0224343 -9.29184e-05
6.32641 0.0224204 -0.000500335
6.35427 0.0223956 -0.000890374
6.38219 0.0223606 -0.00125173
6.40995 0.0223173 -0.00156096
6.43739 0.0222683 -0.00178624
6.4645 0.0222165 -0.0019107
6.49127 0.0221652 -0.00191569
6.51778 0.0221174 -0.0018027
6.54427 0.0220755 -0.00158254
6.57107 0.0220415 -0.00126911
6.59824 0.0220176 -0.000878771
6.62565 0.0220057 -0.000435808
6.65314 0.0220064 2.59881e-05
6.68007 0.022019 0.000468813
6.70659 0.0220423 0.000876906
6.73293 0.0220746 0.00122915
6.75926 0.0221143 0.00150734
6.78525 0.0221584 0.00169447
6.81102 0.0222043 0.00178293
6.83689 0.0222501 0.00176922
6.86274 0.0222929 0.00165806
6.88876 0.0223308 0.00145469
6.91497 0.0223614 0.00116887
6.9411 0.0223826 0.000809892
6.96675 0.0223931 0.000407871
6.99217 0.0223927 -1.20768e-05
7.01761 0.0223817 -0.000432554
7.04337 0.0223601 -0.00083848
7.06966 0.022328 -0.00122328
7.09634 0.022286 -0.00157191
7.12339 0.0222358 -0.0018582
7.15098 0.0221792 -0.00204981
7.17853 0.0221212 -0.00210643
7.20585 0.0220661 -0.00201641
7.23154 0.0220197 -0.00180833
7.25609 0.0219824 -0.00151807
7.27975 0.0219548 -0.00116444
7.30269 0.0219371 -0.000771063
7.32507 0.0219292 -0.000355372
7.34701 0.0219308 7.13544e-05
7.36861 0.0219414 0.00049186
7.38991 0.0219604 0.000892797
7.4109 0.0219868 0.00126007
7.43164 0.0220198 0.001587
7.45232 0.0220584 0.00186842
7.47319 0.0221022 0.0021004
7.4946 0.0221511 0.00228124
7.51689 0.0222045 0.00239809
7.53937 0.0222592 0.00243103
7.56172 0.0223122 0.00237156
7.58387 0.0223612 0.00221499
7.60592 0.0224046 0.00196554
7.62816 0.0224409 0.00163218
7.65102 0.0224688 0.00121927
7.675 0.0224861 0.000725089
7.70029 0.0224901 0.000155178
7.72594 0.0224785 -0.000450758
7.75127 0.0224513 -0.00107335
7.777 0.0224074 -0.00170776
7.80343 0.0223464 -0.00230758
7.83054 0.0222697 -0.00282887
7.8588 0.0221785 -0.00322797
7.88737 0.0220798 -0.00345223
7.91615 0.0219793 -0.00349386
7.94554 0.0218807 -0.00335318
7.97485 0.0217917 -0.0030393
8.00378 0.0217174 -0.00256542
8.03247 0.0216616 -0.00194703
8.06037 0.0216276 -0.00121711
8.08731 0.0216158 -0.000440789
8.11398 0.0216254 0.00036016
8.14021 0.0216556 0.00115316
8.16661 0.0217065 0.00192913
8.19313 0.0217769 0.00265409
8.21978 0.0218647 0.00329481
8.24628 0.021966 0.00382284
8.27319 0.0220801 0.00423902
8.30069 0.0222048 0.0045339
8.32881 0.0223366 0.00468549
8.35686 0.0224676 0.00467238
8.38435 0.0225911 0.0044931
8.41153 0.0227042 0.00415903
8.43829 0.0228026 0.00367872
8.46461 0.0228835 0.00307429
8.49056 0.022945 0.00237166
8.51623 0.022986 0.00159568
8.54177 0.0230056 0.000766864
8.56731 0.0230034 -8.81325e-05
8.59299 0.0229793 -0.00093685
8.61879 0.0229342 -0.00174807
8.64443 0.0228703 -0.00249262
8.66965 0.0227911 -0.00313805
8.69431 0.0227007 -0.00366721
8.71843 0.0226023 -0.00408204
8.74264 0.022496 -0.00439073
8.76722 0.0223832 -0.0045888
8.7922 0.0222666 -0.00466686
8.81831 0.0221461 -0.00461244
8.84598 0.0220241 -0.00441017
8.87343 0.0219119 -0.00408666
8.90031 0.0218132 -0.0036728
8.92699 0.0217279 -0.00319577
8.95304 0.0216579 -0.00268986
8.97877 0.0216018 -0.00217864
9.00465 0.0215585 -0.00167225
9.0296 0.0215285 -0.00120539
9.05441 0.0215092 -0.000778613
9.08025 0.0214991 -0.000390199
9.10662 0.0214973 -6.6113e-05
9.13358 0.0215023 0.000185685
9.1612 0.0215126 0.000370506
9.18777 0.0215259 0.000502879
9.21504 0.0215426 0.000612335
9.24269 0.0215619 0.000695855
9.27051 0.0215829 0.000754386
9.2986 0.0216054 0.000804225
9.32612 0.0216288 0.000849086
9.35384 0.0216538 0.000899844
9.38172 0.0216804 0.000956283
9.40961 0.0217087 0.00101395
9.43691 0.0217382 0.00108171
9.46395 0.0217698 0.00116745
9.49101 0.0218045 0.00128394
9.51822 0.0218433 0.00142421
9.54574 0.0218869 0.0015836
9.5728 0.0219344 0.0017579
9.59972 0.0219868 0.00194461
9.62677 0.0220444 0.00212787
9.65418 0.0221071 0.00228971
9.68207 0.0221747 0.00242432
9.71021 0.0222459 0.00252918
9.73859 0.0223195 0.00259223
9.76721 0.0223937 0.00259481
9.79597 0.0224663 0.00252211
9.82455 0.022534 0.00236928
9.85285 0.0225945 0.00214007
9.88094 0.0226462 0.00184044
9.9089 0.0226876 0.00148041
9.9368 0.0227176 0.00107388
9.96471 0.0227354 0.000636889
9.99269 0.0227406 0.000185708
10.0207 0.0227333 -0.00025838
10.0483 0.0227149 -0.00066934
10.0756 0.0226865 -0.00103775
10.1027 0.0226497 -0.00135496
10.1295 0.0226065 -0.00161568
10.1561 0.0225579 -0.00182343
10.1829 0.0225049 -0.00198254
10.2098 0.0224485 -0.00209207
10.2373 0.0223894 -0.00215185
10.2648 0.0223302 -0.00215471
10.2922 0.0222725 -0.0021063
10.3198 0.0222169 -0.00201032
10.3475 0.0221651 -0.00186878
10.3748 0.0221187 -0.00170411
10.4018 0.0220774 -0.00152577
10.4286 0.0220416 -0.00133833
10.4553 0.022011 -0.00114615
10.482 0.0219852 -0.000964668
10.5083 0.0219642 -0.000802375
10.5346 0.0219466 -0.000668387
10.5613 0.0219314 -0.000565969
10.5884 0.0219181 -0.000493525
10.6158 0.0219058 -0.000446664
10.6433 0.0218942 -0.000424279
10.6708 0.0218831 -0.000401771
10.6982 0.0218735 -0.00034941
10.726 0.0218662 -0.000265279
10.7539 0.021862 -0.000147462
10.7821 0.0218624 1.12451e-05
10.8105 0.0218684 0.000213166
10.839 0.0218813 0.000451994
10.8676 0.0219017 0.000715234
10.8964 0.0219301 0.000985569
10.9254 0.0219663 0.00124438
10.9538 0.0220081 0.00147223
10.9816 0.0220542 0.00165781
11.0091 0.0221035 0.00179552
11.0366 0.0221552 0.00188054
11.0639 0.0222073 0.00190905
11.0909 0.0222579 0.00187295
11.118 0.0223057 0.00176396
11.1448 0.0223481 0.0015842
11.1715 0.0223843 0.00135089
11.1987 0.0224135 0.00107702
11.2259 0.0224345 0.000773211
11.2533 0.0224468 0.000448901
11.2796 0.0224502 0.000126927
11.3051 0.0224457 -0.000177013
11.3303 0.022434 -0.000460593
11.3554 0.0224164 -0.000704136
11.3801 0.0223944 -0.000889399
11.4051 0.0223689 -0.00101848
11.431 0.0223406 -0.0010917
11.4581 0.0223104 -0.00111668
11.4854 0.0222805 -0.00109836
11.5127 0.0222522 -0.00103247
11.5407 0.0222264 -0.000920746
11.5692 0.0222045 -0.0007727
11.5971 0.0221874 -0.000611011
11.625 0.0221747 -0.000454804
11.6534 0.0221656 -0.000318489
11.6821 0.0221596 -0.000211101
11.7107 0.022156 -0.000127147
11.7385 0.0221541 -6.58184e-05
11.7662 0.0221535 -2.39225e-05
11.7942 0.0221533 -4.25305e-06
11.8223 0.0221531 -8.61159e-06
11.8504 0.0221522 -3.25597e-05
11.8779 0.0221502 -7.08033e-05
11.9051 0.022147 -0.000120075
11.932 0.022142 -0.000183433
11.9587 0.022135 -0.000262807
11.9852 0.0221256 -0.000355748
12.0115 0.0221136 -0.000456176
12.0377 0.022099 -0.000555974
12.0639 0.0220823 -0.00064151
12.0901 0.0220639 -0.000699962
12.1165 0.0220449 -0.000718512
12.1432 0.0220264 -0.000694234
12.1702 0.0220093 -0.000634336
12.1975 0.0219945 -0.000538829
12.2249 0.0219834 -0.0004069
12.2523 0.0219767 -0.000243365
12.2797 0.0219748 -6.983e-05
12.3071 0.0219775 9.79975e-05
12.3347 0.0219845 0.000252732
12.3625 0.0219952 0.000387563
12.3905 0.0220094 0.00050326
12.4189 0.0220266 0.000607313
12.4477 0.0220467 0.000699371
12.4755 0.0220684 0.000779017
12.5037 0.0220922 0.000847032
12.5319 0.0221173 0.00088454
12.559 0.0221411 0.000881611
12.5856 0.0221637 0.000848484
12.6128 0.022185 0.000783015
12.6413 0.0222041 0.000671307
12.6698 0.0222188 0.000515699
12.6984 0.0222281 0.000324384
12.7269 0.0222315 0.000118713
12.7554 0.0222291 -8.34272e-05
12.7837 0.0222219 -0.000256
12.8114 0.0222116 -0.000371991
12.8385 0.0221998 -0.000435153
12.8652 0.0221877 -0.0004507
12.892 0.0221764 -0.000422302
12.9188 0.022167 -0.000352379
12.9452 0.0221607 -0.000239949
12.9715 0.0221581 -9.88518e-05
12.998 0.0221595 5.50964e-05
13.0249 0.0221652 0.000210814
13.0526 0.0221752 0.000361103
13.0808 0.0221888 0.000484193
13.1091 0.0222049 0.0005665
13.1373 0.0222222 0.000614654
13.1653 0.0222401 0.00063723
13.1934 0.022258 0.000640382
13.2211 0.022275 0.000612226
13.248 0.0222893 0.000529668
13.2752 0.0222996 0.000382643
13.3025 0.0223046 0.000179807
13.3301 0.0223025 -7.34437e-05
13.3582 0.0222921 -0.000372177
13.3864 0.0222721 -0.000706612
13.4146 0.0222422 -0.00106369
13.4427 0.0222023 -0.00141736
13.4709 0.0221536 -0.00172929
13.4991 0.0220985 -0.00195317
13.5271 0.0220411 -0.00205256
13.5546 0.0219853 -0.0020249
