t x vx
0.01 0.0219953 -0.000467597
0.02 0.0219835 -0.00117947
0.0384786 0.0219379 -0.00247167
0.0571659 0.0218667 -0.00380563
0.0766343 0.0217655 -0.00520031
0.0967106 0.0216327 -0.00661664
0.117177 0.0214688 -0.00800632
0.137907 0.0212765 -0.00927484
0.158632 0.021063 -0.0103043
0.179237 0.0208364 -0.0109965
0.199632 0.0206075 -0.0112217
0.219774 0.0203848 -0.0110583
0.239487 0.020179 -0.0104411
0.2585 0.0199995 -0.00944101
0.277456 0.0198466 -0.00806663
0.296838 0.0197242 -0.0063113
0.315871 0.0196433 -0.00424981
0.33465 0.0196057 -0.00200572
0.353903 0.0196149 0.00047968
0.372739 0.0196717 0.00301305
0.391616 0.0197766 0.00556124
0.410677 0.0199317 0.00813377
0.429886 0.0201367 0.0106711
0.448854 0.0203844 0.0130604
0.467708 0.0206726 0.0152877
0.486588 0.0209999 0.0173351
0.505604 0.0213634 0.019116
0.524906 0.0217601 0.0205507
0.544503 0.0221827 0.0215651
0.563795 0.0226089 0.0220903
0.582781 0.0230285 0.0221004
0.601492 0.0234327 0.0216026
0.620013 0.0238133 0.020551
0.638376 0.0241645 0.0191233
0.656608 0.0244795 0.0172809
0.67372 0.0247394 0.0151874
0.691314 0.0249635 0.0127387
0.708088 0.0251334 0.0101293
0.724993 0.0252567 0.00729275
0.74165 0.0253289 0.0043305
0.758323 0.02535 0.00127059
0.77524 0.0253189 -0.00184156
0.792472 0.0252351 -0.00486135
0.809956 0.025101 -0.00767161
0.8273 0.0249251 -0.0101411
0.844459 0.0247158 -0.0121961
0.861825 0.024476 -0.0138101
0.879612 0.02421 -0.0149573
0.897914 0.0239278 -0.0154196
0.916017 0.0236513 -0.0152713
0.934087 0.0233895 -0.0144885
0.952046 0.0231542 -0.0130989
0.970214 0.0229491 -0.0112897
0.988152 0.0227875 -0.00901095
1.00595 0.022674 -0.00637724
1.02401 0.0226127 -0.00339248
1.04165 0.0226107 -0.000114021
1.05881 0.0226657 0.00320416
1.0755 0.0227722 0.00638076
1.09191 0.0229263 0.00939401
1.10831 0.0231249 0.0121038
1.12447 0.0233568 0.0143572
1.14048 0.0236145 0.0160899
1.15679 0.0238948 0.0171918
1.17306 0.0241791 0.0174688
1.18943 0.0244576 0.0170085
1.20601 0.0247193 0.0157928
1.2226 0.0249486 0.0138203
1.2394 0.0251353 0.011111
1.25646 0.0252673 0.00773429
1.27302 0.0253316 0.00388883
1.2903 0.0253214 -0.000595811
1.30701 0.0252362 -0.00509672
1.32366 0.025077 -0.0095592
1.3404 0.024846 -0.0138039
1.35722 0.0245505 -0.0175648
1.37421 0.0241972 -0.0207871
1.39099 0.0238058 -0.0233363
1.40817 0.0233725 -0.0252254
1.42609 0.0229 -0.0263487
1.44416 0.0224211 -0.0265085
1.46221 0.0219572 -0.0257036
1.47993 0.021532 -0.023996
1.49769 0.0211512 -0.0214378
1.51561 0.0208287 -0.0179988
1.53319 0.0205826 -0.0140006
1.55092 0.0204145 -0.009486
1.5684 0.020332 -0.00471645
1.5859 0.020336 0.000230242
1.60292 0.0204211 0.0049976
1.62023 0.0205871 0.00959132
1.63725 0.0208195 0.0136516
1.65374 0.0210999 0.0170018
1.67017 0.0214219 0.0195957
1.68653 0.0217712 0.0213526
1.70311 0.0221398 0.0222299
1.72056 0.0225256 0.0221113
1.73775 0.0228855 0.020936
1.7553 0.0232136 0.0186977
1.77329 0.0234915 0.0154462
1.7911 0.0236952 0.0114366
1.80849 0.0238155 0.00692383
1.82607 0.0238493 0.00191777
1.84249 0.0238012 -0.00292516
1.85962 0.023666 -0.00788951
1.87619 0.0234591 -0.012486
1.89272 0.0231835 -0.0166766
1.90952 0.0228406 -0.0204057
1.92696 0.0224301 -0.0235449
1.94402 0.0219899 -0.0257941
1.96184 0.0215062 -0.0271571
1.97995 0.0210088 -0.027454
1.99816 0.0205236 -0.0266527
2.01637 0.0200741 -0.0246802
2.03461 0.0196783 -0.0216993
2.05235 0.0193627 -0.0177957
2.06937 0.0191344 -0.0134138
2.08686 0.018987 -0.00842961
2.10373 0.0189301 -0.00336867
2.1208 0.0189618 0.00185549
2.1375 0.0190758 0.00682952
2.15385 0.0192629 0.0114401
2.17053 0.0195248 0.0157067
2.18722 0.0198475 0.0193267
2.20377 0.0202152 0.0222169
2.2211 0.0206382 0.0244083
2.23895 0.0210966 0.0256851
2.25751 0.0215767 0.025862
2.27606 0.022038 0.0248745
2.29475 0.0224639 0.0227856
2.31339 0.0228299 0.0196279
2.33201 0.0231204 0.0156061
2.35007 0.0233207 0.0110929
2.36742 0.02343 0.00629791
2.38463 0.023453 0.0013356
2.40087 0.0233975 -0.00341356
2.4171 0.0232675 -0.0080154
2.43391 0.0230591 -0.0123943
2.45095 0.0227813 -0.0163066
2.46855 0.0224356 -0.0196426
2.48615 0.0220456 -0.0221584
2.5039 0.0216245 -0.0237286
2.52226 0.0211793 -0.0242418
2.54059 0.0207463 -0.0236199
2.55896 0.0203451 -0.0218489
2.57741 0.0199934 -0.0190536
2.59539 0.0197182 -0.0153111
2.61274 0.0195262 -0.0110625
2.63067 0.0194159 -0.00615427
2.64777 0.0193954 -0.0012006
2.66533 0.0194653 0.00398243
2.68255 0.019619 0.00892517
2.69926 0.0198439 0.0134599
2.71663 0.0201514 0.0176998
2.73398 0.02052 0.0212378
2.75113 0.0209314 0.0239954
2.76922 0.0214024 0.0260392
2.78756 0.021899 0.0270695
2.806 0.0223963 0.0269741
2.82451 0.0228726 0.0257314
2.84305 0.0233059 0.0233688
2.86145 0.0236732 0.0199623
2.87982 0.0239626 0.015752
2.89747 0.0241588 0.0111194
2.91444 0.024264 0.00619757
2.93195 0.0242805 0.000945396
2.94794 0.0242187 -0.00386696
2.96396 0.0240822 -0.00852003
2.98058 0.0238667 -0.0129698
2.99732 0.0235833 -0.0169259
3.01466 0.0232312 -0.020312
3.03194 0.0228359 -0.0228688
3.04974 0.0223992 -0.0245272
3.06817 0.0219366 -0.025112
3.08662 0.0214835 -0.0245523
3.10509 0.0210619 -0.0228364
3.12363 0.0206898 -0.0200669
3.14178 0.0203928 -0.0163657
3.15941 0.0201805 -0.0120403
3.17702 0.0200528 -0.00724888
3.19449 0.0200139 -0.00222554
3.2116 0.0200624 0.00283186
3.22844 0.0201915 0.00766485
3.24551 0.0204012 0.0122886
3.26286 0.0206879 0.0165215
3.27993 0.0210292 0.019998
3.29644 0.0214032 0.0226585
3.31372 0.0218286 0.0246113
3.33133 0.0222795 0.025606
3.34967 0.0227467 0.0254827
3.368 0.0231905 0.024197
3.38648 0.0235926 0.0217646
3.40468 0.023926 0.0183216
3.42283 0.0241822 0.0141143
3.44034 0.024348 0.00947294
3.45731 0.024425 0.00453513
3.4748 0.0244122 -0.000731761
3.49136 0.0243189 -0.00563746
3.50765 0.0241509 -0.0103085
3.52437 0.0239046 -0.0147301
3.54104 0.0235941 -0.0186273
3.55849 0.0232104 -0.021989
3.57609 0.0227787 -0.0245336
3.59432 0.0223018 -0.0261589
3.6127 0.021811 -0.026697
3.63115 0.021329 -0.0261334
3.6496 0.0208787 -0.0243969
3.6681 0.0204786 -0.021634
3.68624 0.0201537 -0.0179091
3.70371 0.0199162 -0.0135937
3.72087 0.0197643 -0.00885297
3.73809 0.0196983 -0.00383361
3.75495 0.0197195 0.00126232
3.77151 0.0198212 0.00613439
3.78849 0.0200054 0.0108533
3.80563 0.0202661 0.0152046
3.8226 0.0205857 0.018843
3.83889 0.0209384 0.0216409
3.85598 0.0213446 0.0237697
3.87341 0.0217801 0.0249845
3.89163 0.0222377 0.0251182
3.90999 0.02268 0.0240929
3.92853 0.0230869 0.0219383
3.94688 0.0234304 0.0187211
3.96527 0.0237 0.0146698
3.98306 0.0238801 0.0101172
4.00007 0.0239702 0.00529976
4.01751 0.0239728 0.000145842
4.03341 0.0239001 -0.00457088
4.0493 0.0237547 -0.00915396
4.06616 0.0235245 -0.0136443
4.08303 0.0232271 -0.0176326
4.10055 0.0228578 -0.0210834
4.1183 0.0224363 -0.0237432
4.13613 0.0219825 -0.0254506
4.15449 0.021503 -0.0261196
4.17287 0.0210313 -0.025657
4.19128 0.0205891 -0.0240144
4.20975 0.020195 -0.0213466
4.22797 0.0198733 -0.0176509
4.24536 0.0196405 -0.0133925
4.26248 0.019492 -0.00867606
4.27954 0.0194291 -0.00368441
4.29632 0.0194525 0.00139791
4.31258 0.0195543 0.00625954
4.32958 0.0197422 0.0110557
4.34648 0.0200034 0.0154535
4.3639 0.0203397 0.0193026
4.38034 0.0207055 0.022251
4.39762 0.02113 0.0245676
4.41527 0.0215888 0.0259903
4.43357 0.022071 0.0263517
4.45199 0.0225416 0.0255435
4.47052 0.0229791 0.0236147
4.48911 0.0233614 0.0205637
4.50753 0.0236675 0.0166227
4.52556 0.0238857 0.0120974
4.54295 0.0240121 0.0072727
4.56041 0.0240496 0.00214547
4.57659 0.0240061 -0.00268453
4.59311 0.0238828 -0.00746499
4.60982 0.0236825 -0.0119858
4.62662 0.0234126 -0.0160634
4.64395 0.0230728 -0.0196139
4.66163 0.0226763 -0.0224179
4.67911 0.0222518 -0.0242915
4.69755 0.0217876 -0.0251765
4.71599 0.021328 -0.0249151
4.73446 0.0208943 -0.0234889
4.75295 0.0205055 -0.0210249
4.77137 0.0201832 -0.0174929
4.78895 0.0199487 -0.013347
4.80607 0.0197985 -0.00876701
4.82341 0.0197326 -0.00380176
4.84012 0.0197524 0.00118331
4.85664 0.0198521 0.00603806
4.8735 0.0200335 0.0107574
4.891 0.0203008 0.0152728
4.90866 0.020639 0.0191464
4.92521 0.0210044 0.0220847
4.94238 0.0214228 0.0243697
4.95992 0.0218749 0.0257745
4.97821 0.0223527 0.0261302
4.9966 0.0228183 0.0253058
5.01509 0.0232501 0.0233564
5.03364 0.0236262 0.0202812
5.05198 0.0239259 0.0163319
5.06998 0.0241379 0.0117836
5.08734 0.0242582 0.00692711
5.10486 0.0242886 0.00173656
5.12086 0.0242397 -0.00305849
5.13732 0.0241104 -0.00785619
5.15391 0.023905 -0.0123802
5.17062 0.0236293 -0.0164913
5.18786 0.023283 -0.0200897
5.20563 0.0228749 -0.0229715
5.22309 0.0224398 -0.0249149
5.24154 0.0219621 -0.0258938
5.25999 0.0214871 -0.0257413
5.27847 0.0210357 -0.0244288
5.29698 0.0206274 -0.0220566
5.31544 0.0202837 -0.0186173
5.33327 0.0200254 -0.0144864
5.35054 0.0198546 -0.00989429
5.3682 0.0197688 -0.00485415
5.38493 0.0197715 0.000162762
5.40169 0.0198574 0.00512117
5.41852 0.0200236 0.00987901
5.43609 0.0202779 0.0144728
5.45359 0.0206 0.0184031
5.47001 0.0209514 0.0213977
5.48694 0.021353 0.0237306
5.50428 0.0217902 0.0252104
5.52239 0.022255 0.0256679
5.54074 0.0227129 0.0249496
5.55922 0.0231399 0.0231031
5.57778 0.0235132 0.0201117
5.59616 0.0238113 0.0162248
5.61426 0.0240233 0.011709
5.63164 0.0241431 0.00689883
5.64925 0.0241732 0.00170884
5.66547 0.0241225 -0.00312798
5.68229 0.023988 -0.00799862
5.69902 0.0237783 -0.0125401
5.71583 0.0234983 -0.0166515
5.73314 0.0231478 -0.0202477
5.75103 0.022734 -0.0231328
5.76851 0.0222958 -0.0250594
5.78696 0.0218159 -0.0260205
5.8054 0.0213391 -0.0258522
5.82387 0.0208862 -0.0245177
5.8424 0.0204765 -0.0221152
5.86087 0.0201321 -0.0186445
5.87877 0.0198731 -0.0144706
5.89604 0.0197031 -0.00984469
5.91364 0.0196189 -0.00478559
5.93036 0.019623 0.000248311
5.94703 0.01971 0.00521402
5.96384 0.019878 0.00999743
5.98144 0.0201351 0.0146107
5.99901 0.0204615 0.0185728
6.01543 0.0208161 0.0215944
6.03243 0.0212234 0.0239705
6.04986 0.0216679 0.0254979
6.06801 0.0221399 0.0259999
6.08639 0.0226055 0.0253302
6.10489 0.0230409 0.0235346
6.12348 0.0234237 0.0205958
6.14188 0.0237317 0.0167393
6.16008 0.0239544 0.0122336
6.17748 0.0240839 0.00744042
6.19523 0.0241236 0.0022368
6.21164 0.0240801 -0.00265025
6.22864 0.0239516 -0.00756134
6.24547 0.0237474 -0.0121313
6.2623 0.0234739 -0.0162431
6.27959 0.023131 -0.0198324
6.29744 0.0227258 -0.0227103
6.31489 0.0222959 -0.0246377
6.33335 0.0218233 -0.0255978
6.3518 0.0213541 -0.0254226
6.3703 0.0209088 -0.0240802
6.38883 0.0205071 -0.0216758
6.40731 0.0201708 -0.0181999
6.42514 0.0199204 -0.0140434
6.44237 0.0197577 -0.00943907
6.45994 0.0196803 -0.00440422
6.47668 0.0196906 0.000614876
6.49336 0.0197833 0.00555771
6.5102 0.0199571 0.010322
6.52785 0.0202206 0.0149207
6.54549 0.0205532 0.0188566
6.56198 0.0209134 0.0218516
6.57904 0.0213264 0.0241967
6.59652 0.0217753 0.0256838
6.61474 0.0222513 0.0261368
6.63312 0.0227186 0.0254151
6.65162 0.0231545 0.0235655
6.67018 0.0235364 0.0205763
6.68855 0.0238428 0.016683
6.70669 0.0240633 0.0121506
6.72404 0.0241906 0.0073338
6.7417 0.0242281 0.00212799
6.75797 0.0241836 -0.00273516
6.77479 0.0240556 -0.00761503
6.79152 0.0238518 -0.0121734
6.80831 0.0235783 -0.0162933
6.82558 0.0232347 -0.0198967
6.8434 0.0228286 -0.0227885
6.86083 0.0223974 -0.0247322
6.87931 0.0219222 -0.0257155
6.89779 0.0214498 -0.0255652
6.9163 0.0210009 -0.0242502
6.93486 0.020595 -0.02187
6.95337 0.0202541 -0.0184173
6.97127 0.0199987 -0.0142676
6.98859 0.0198314 -0.00965731
7.00628 0.01975 -0.00460541
7.02304 0.019757 0.000417516
7.03982 0.0198473 0.00538227
7.05666 0.0200182 0.010145
7.07425 0.0202773 0.0147334
7.09183 0.0206055 0.0186679
7.10829 0.0209621 0.0216624
7.12529 0.02137 0.0239971
7.14269 0.0218134 0.0254779
7.16085 0.0222843 0.0259293
7.17921 0.0227471 0.0252069
7.19771 0.023179 0.0233551
7.21626 0.0235567 0.020358
7.23462 0.023859 0.0164628
7.25275 0.0240752 0.0119296
7.27011 0.0241986 0.00710988
7.28774 0.0242323 0.00190729
7.30397 0.0241845 -0.00294279
7.32079 0.024053 -0.00781945
7.33752 0.0238461 -0.0123674
7.35431 0.0235692 -0.0164847
7.37161 0.0232219 -0.0200859
7.38947 0.0228113 -0.0229792
7.40694 0.0223761 -0.0249166
7.42543 0.0218973 -0.0258937
7.44391 0.0214216 -0.0257379
7.46244 0.0209693 -0.0244185
7.48101 0.02056 -0.0220304
7.49954 0.020216 -0.0185692
7.51749 0.0199575 -0.0144016
7.53483 0.019788 -0.00977258
7.55253 0.0197048 -0.0047043
7.56929 0.0197103 0.000328755
7.58607 0.0197993 0.00530459
7.60292 0.019969 0.0100779
7.62049 0.0202269 0.0146727
7.63807 0.0205541 0.0186156
7.65451 0.0209096 0.0216181
7.67151 0.0213168 0.0239653
7.68891 0.0217601 0.0254609
7.70706 0.0222306 0.0259301
7.72543 0.0226941 0.0252286
7.74394 0.0231272 0.023397
7.76251 0.0235063 0.0204213
7.78089 0.0238103 0.0165383
7.79905 0.0240284 0.0120123
7.81642 0.0241536 0.00720221
7.83411 0.0241889 0.00199763
7.85042 0.0241421 -0.00286842
7.86731 0.0240112 -0.00775463
7.88408 0.0238047 -0.0123083
7.90091 0.0235285 -0.016418
7.91821 0.0231822 -0.0200087
7.93608 0.0227733 -0.0228888
7.95354 0.0223401 -0.0248133
7.97204 0.0218633 -0.0257743
7.99053 0.0213899 -0.0256001
8.00906 0.0209403 -0.0242595
8.02765 0.0205341 -0.0218523
8.04618 0.0201937 -0.0183722
8.06409 0.0199394 -0.0142006
8.08139 0.0197737 -0.00957326
8.09904 0.0196941 -0.00451252
8.1158 0.0197028 0.000521659
8.13255 0.0197948 0.0054893
8.14938 0.0199674 0.0102569
8.16701 0.0202293 0.0148534
8.18461 0.0205599 0.0187857
8.20107 0.0209183 0.0217795
8.21811 0.0213294 0.0241216
8.23556 0.0217762 0.025608
8.25374 0.0222501 0.0260631
8.27213 0.0227162 0.025347
8.29065 0.0231514 0.0234999
8.30921 0.0235321 0.0205121
8.32759 0.0238375 0.0166173
8.34573 0.0240567 0.0120809
8.36311 0.0241828 0.00726074
8.38078 0.0242191 0.00205056
8.39708 0.0241732 -0.00281656
8.41392 0.0240435 -0.00769767
8.43069 0.0238381 -0.012252
8.44749 0.0235631 -0.0163642
8.46479 0.0232179 -0.0199574
8.48264 0.0228103 -0.0228397
8.50009 0.022378 -0.0247686
8.5186 0.0219017 -0.0257356
8.5371 0.0214286 -0.0255659
8.55565 0.0209791 -0.0242311
8.57426 0.020573 -0.0218288
8.59281 0.0202326 -0.0183507
8.61073 0.0199784 -0.0141833
8.62806 0.0198128 -0.00955552
8.64575 0.0197334 -0.00449163
8.66252 0.0197424 0.000541514
8.67931 0.019835 0.00551271
8.69616 0.0200081 0.0102761
8.71378 0.0202701 0.0148657
8.73137 0.0206006 0.018789
8.74783 0.0209591 0.0217748
8.76487 0.0213698 0.0241045
8.78231 0.0218158 0.0255767
8.80049 0.0222887 0.0260165
