t x vx
0.01 0.0220001 8.52094e-06
0.02 0.0219997 -3.35581e-05
0.0527389 0.0219949 -0.0001494
0.0856021 0.0219863 -0.000260706
0.119862 0.021974 -0.00035905
0.155448 0.0219583 -0.000441828
0.19216 0.0219399 -0.00049914
0.229641 0.0219204 -0.000521703
0.26737 0.0219014 -0.000504564
0.305095 0.0218848 -0.000439935
0.342527 0.0218729 -0.000316107
0.379589 0.0218683 -0.00012396
0.416169 0.0218724 0.000111745
0.452238 0.0218863 0.000384112
0.487636 0.0219104 0.000682411
0.522896 0.0219459 0.00100552
0.557674 0.0219928 0.00134942
0.591343 0.0220493 0.0016787
0.624791 0.0221158 0.00198859
0.65935 0.0221953 0.00229817
0.694146 0.022281 0.00246369
0.729716 0.0223744 0.00262588
0.765308 0.0224727 0.00276304
0.800718 0.0225743 0.0028679
0.835941 0.0226819 0.00305545
0.870988 0.0227936 0.00318543
0.905885 0.0229068 0.00324547
0.940657 0.0230191 0.00322981
0.97533 0.0231279 0.00313728
1.00987 0.0232305 0.0029697
1.04423 0.0233204 0.00261595
1.07848 0.0233959 0.00220605
1.11263 0.0234555 0.00174403
1.14672 0.0234978 0.0012404
1.18079 0.0235217 0.000703644
1.21488 0.0235296 0.000230443
1.24872 0.023521 -0.000252976
1.28252 0.0234964 -0.000727303
1.31663 0.0234562 -0.00117986
1.35098 0.0234015 -0.00159277
1.38539 0.0233344 -0.00194937
1.41997 0.023257 -0.0022394
1.45461 0.0231721 -0.0024511
1.48921 0.0230829 -0.00257695
1.52364 0.0229927 -0.00261821
1.55792 0.0229042 -0.00258297
1.59209 0.0228195 -0.00247964
1.62613 0.0227406 -0.00231855
1.66 0.0226691 -0.0021112
1.69374 0.0226059 -0.0018721
1.72741 0.0225514 -0.00161731
1.76108 0.0225055 -0.00136512
1.79476 0.0224673 -0.00113252
1.8284 0.0224359 -0.000934958
1.86192 0.0224095 -0.000785595
1.89537 0.0223864 -0.000691007
1.92878 0.0223646 -0.000651906
1.96221 0.0223424 -0.000664819
1.99575 0.0223182 -0.000723046
2.02913 0.0222909 -0.000817857
2.06225 0.0222598 -0.000938019
2.09467 0.0222252 -0.00106717
2.12636 0.0221876 -0.00118711
2.15766 0.0221475 -0.00128159
2.18894 0.0221057 -0.00133387
2.2205 0.022064 -0.0013241
2.25254 0.0220244 -0.00123603
2.28506 0.0219897 -0.0010656
2.3179 0.0219627 -0.000821855
2.35085 0.0219459 -0.000508907
2.38383 0.0219417 -0.000130172
2.41659 0.0219516 0.000303612
2.44917 0.0219772 0.000786212
2.48167 0.0220197 0.00130782
2.51418 0.0220799 0.00185037
2.54664 0.0221575 0.00239017
2.57894 0.0222512 0.00290144
2.61106 0.022359 0.00335715
2.64303 0.0224785 0.00373609
2.67494 0.0226068 0.00402262
2.70689 0.0227411 0.00420419
2.73901 0.0228782 0.00426702
2.77116 0.0230134 0.0042057
2.80331 0.0231429 0.00402591
2.83577 0.023264 0.00373422
2.86875 0.0233741 0.00333698
2.90228 0.0234696 0.00284811
2.93562 0.0235463 0.00229986
2.96834 0.0236027 0.00172533
2.99993 0.0236394 0.00115941
3.03065 0.0236585 0.00062301
3.06087 0.0236624 0.000128336
3.09106 0.0236527 -0.000321674
3.12171 0.0236306 -0.000720637
3.1525 0.0235979 -0.00106082
3.18362 0.023556 -0.00134572
3.21533 0.0235062 -0.00157017
3.2479 0.0234499 -0.00173031
3.2814 0.0233885 -0.00183363
3.3146 0.0233262 -0.00187521
3.34622 0.0232675 -0.00185577
3.37715 0.0232119 -0.00179847
3.40775 0.0231592 -0.00172171
3.43844 0.0231089 -0.00164003
3.46958 0.0230603 -0.00156077
3.50149 0.0230126 -0.00149352
3.53372 0.0229657 -0.00145445
3.56631 0.0229183 -0.00145728
3.59925 0.0228686 -0.00150827
3.63216 0.0228158 -0.00160463
3.66532 0.0227581 -0.00173796
3.69906 0.0226942 -0.00189524
3.73245 0.0226253 -0.00206349
3.76533 0.022552 -0.0022304
3.7975 0.0224754 -0.00237774
3.82906 0.0223967 -0.00249418
3.86035 0.0223163 -0.0025706
3.89171 0.0222351 -0.00258962
3.9235 0.0221545 -0.00253576
3.95543 0.0220777 -0.0024034
3.98764 0.0220071 -0.00219326
4.02028 0.0219449 -0.00190542
4.05321 0.0218939 -0.00154961
4.08668 0.0218561 -0.00112876
4.11976 0.0218341 -0.00066358
4.1528 0.0218285 -0.000172245
4.1861 0.0218393 0.000325743
4.21877 0.0218655 0.000802276
4.25111 0.021906 0.00125043
4.28352 0.0219596 0.00165643
4.3163 0.0220254 0.00200785
4.34891 0.0221001 0.00228754
4.38163 0.0221816 0.00249147
4.41477 0.0222682 0.00261509
4.44865 0.0223582 0.00265539
4.48303 0.022448 0.00261275
4.5172 0.0225333 0.00249677
4.55157 0.022613 0.00231765
4.5853 0.0226838 0.00209916
4.61819 0.0227451 0.00186389
4.65041 0.0227975 0.00162723
4.68215 0.0228421 0.00140518
4.71365 0.0228803 0.00121222
4.74521 0.0229137 0.00105752
4.77712 0.0229439 0.000946251
4.80896 0.022972 0.000883443
4.8409 0.0229997 0.000867053
4.87298 0.0230282 0.000887058
4.90514 0.0230581 0.000931826
4.93778 0.0230904 0.000988016
4.97116 0.0231251 0.00103918
5.00449 0.0231607 0.00106759
5.03737 0.0231954 0.0010563
5.06987 0.0232276 0.000991679
5.10222 0.0232555 0.000863251
5.13421 0.0232769 0.000668393
5.16583 0.0232899 0.000411361
5.19734 0.0232931 0.000101844
5.229 0.0232853 -0.000248222
5.26104 0.0232653 -0.000624699
5.2937 0.023232 -0.00101968
5.32623 0.0231861 -0.00141121
5.35884 0.0231279 -0.00178284
5.3908 0.0230605 -0.00210893
5.42184 0.0229869 -0.00237339
5.45248 0.0229079 -0.00257785
5.48316 0.0228245 -0.0027181
5.51437 0.0227376 -0.0027827
5.5458 0.0226508 -0.00276241
5.57689 0.0225681 -0.0026598
5.60827 0.0224902 -0.00248163
5.64059 0.0224183 -0.00222579
5.67311 0.0223562 -0.00190915
5.70651 0.0223046 -0.00154419
5.73993 0.022263 -0.00124599
5.77279 0.0222314 -0.000960267
5.80532 0.0222082 -0.000715801
5.83751 0.022191 -0.00053183
5.86922 0.0221777 -0.000421277
5.90032 0.0221656 -0.000388815
5.93087 0.0221525 -0.00042739
5.96105 0.0221368 -0.000522499
5.99119 0.0221168 -0.000661124
6.0216 0.0220915 -0.000832269
6.05131 0.0220613 -0.00101593
6.08002 0.022027 -0.00119484
6.10826 0.0219887 -0.00135724
6.13644 0.0219484 -0.00142953
6.16489 0.0219066 -0.00146895
6.19383 0.0218642 -0.00146591
6.22341 0.0218225 -0.00141121
6.25387 0.021783 -0.00129701
6.28537 0.0217448 -0.00121243
6.31785 0.0217102 -0.00106447
6.35042 0.0216826 -0.000848186
6.38298 0.0216673 -0.00046773
6.41566 0.0216661 -3.85473e-05
6.44862 0.0216802 0.000426844
6.48206 0.0217108 0.000916541
6.51532 0.0217576 0.00140603
6.54843 0.0218197 0.00187659
6.58081 0.0218942 0.00229935
6.61259 0.0219785 0.00265444
6.64431 0.0220717 0.00293832
6.67544 0.0221698 0.00314967
6.70533 0.022268 0.00328656
6.73399 0.0223642 0.00335562
6.76148 0.0224567 0.00336572
6.78797 0.0225448 0.00332546
6.81364 0.022628 0.0032434
6.8387 0.0227064 0.00312827
6.86337 0.0227802 0.00298832
6.88784 0.0228494 0.00283056
6.9123 0.0229145 0.00266023
6.93692 0.0229756 0.00248302
6.96192 0.0230332 0.00230287
6.9862 0.023085 0.00213522
7.00967 0.0231317 0.0019877
7.0325 0.0231742 0.00186315
7.05482 0.0232135 0.00176164
7.07673 0.0232504 0.00168385
7.0982 0.0232854 0.00162958
7.11917 0.0233189 0.0015951
7.13963 0.0233512 0.00157789
7.15979 0.0233829 0.00157482
7.1797 0.0234144 0.00158195
7.19942 0.0234458 0.00159226
7.21899 0.0234771 0.00159886
7.23847 0.0235082 0.00159507
7.25794 0.0235388 0.00157572
7.27765 0.0235691 0.00153544
7.29779 0.0235987 0.00146742
7.31862 0.023627 0.00136096
7.34047 0.0236533 0.00120314
7.36255 0.0236753 0.000995079
7.38453 0.0236917 0.000747251
7.40691 0.023702 0.000459482
7.42999 0.0237048 0.000123699
7.45427 0.0236981 -0.000275864
7.48049 0.0236786 -0.00074408
7.50941 0.0236418 -0.00127243
7.54004 0.0235859 -0.00182653
7.57238 0.0235089 -0.00238111
7.60469 0.0234162 -0.00286969
7.63704 0.0233105 -0.00326508
7.66901 0.0231971 -0.00354769
7.70101 0.0230778 -0.00372714
7.73416 0.0229516 -0.00380672
7.76959 0.022818 -0.00377219
7.80506 0.0226896 -0.00362075
7.84056 0.0225699 -0.00337195
7.87578 0.0224624 -0.0030507
7.91004 0.0223704 -0.00268661
7.9451 0.0222905 -0.00227887
7.98021 0.0222252 -0.00186005
8.01456 0.0221746 -0.00147378
8.0487 0.022136 -0.00113036
8.08274 0.0221073 -0.000841765
8.11638 0.0220865 -0.000618864
8.14982 0.0220712 -0.00045807
8.18379 0.0220592 -0.000352164
8.21734 0.0220493 -0.000295002
8.25115 0.0220401 -0.000273568
8.28471 0.0220307 -0.000277891
8.31806 0.0220213 -0.00028363
8.3511 0.0220122 -0.000274097
8.38397 0.0220045 -0.000235724
8.41679 0.0219992 -0.000160112
8.44962 0.0219949 -0.000131656
8.48252 0.0219931 -5.50733e-05
8.51554 0.021995 5.91834e-05
8.5488 0.0220017 0.000199908
8.58216 0.0220137 0.000361064
8.61567 0.0220318 0.000539957
8.64951 0.0220563 0.000724046
8.68326 0.0220865 0.000893697
8.71686 0.0221212 0.00103412
8.74987 0.0221586 0.00113236
8.78272 0.0221973 0.00117758
8.81553 0.0222354 0.00116184
8.84734 0.0222699 0.00108534
8.87872 0.0222999 0.000955285
8.91038 0.0223246 0.000779412
8.94269 0.0223427 0.000560764
8.97417 0.0223526 0.000315169
9.00565 0.022354 4.26288e-05
9.03763 0.0223462 -0.000243773
9.07038 0.0223291 -0.000521909
9.10229 0.0223047 -0.000764651
9.13363 0.0222745 -0.000963524
9.16492 0.0222398 -0.00110819
9.19653 0.0222023 -0.00118682
9.22824 0.0221644 -0.00119459
9.26022 0.0221281 -0.00113625
9.29265 0.0220951 -0.00101687
9.32534 0.0220673 -0.000850484
9.35749 0.0220461 -0.00065863
9.38954 0.0220315 -0.000457474
9.42192 0.022023 -0.000261728
9.4549 0.02202 -9.06747e-05
9.48737 0.0220212 3.70106e-05
9.51943 0.022025 0.000118116
9.55129 0.0220298 0.000149884
9.5824 0.0220338 0.000128925
9.61259 0.0220356 6.11278e-05
9.64221 0.0220342 -4.71617e-05
9.67177 0.0220287 -0.000188055
9.70173 0.0220181 -0.000353897
9.73256 0.0220014 -0.00054
9.76463 0.0219779 -0.000732667
9.79688 0.0219485 -0.000911822
9.82919 0.0219141 -0.00106429
9.86137 0.0218765 -0.00116981
9.89296 0.0218382 -0.00121046
9.92378 0.0218018 -0.00118212
9.95444 0.0217711 -0.00100079
9.9854 0.0217478 -0.000752935
10.0171 0.021734 -0.000434731
10.0486 0.0217293 -0.000152321
10.08 0.0217349 0.000180707
10.1119 0.0217553 0.000637077
10.1449 0.0217921 0.00111576
10.1787 0.0218457 0.00158904
10.2125 0.0219106 0.00191666
10.2463 0.0219847 0.00219264
10.2798 0.0220648 0.00239124
10.3128 0.0221472 0.00249674
10.3454 0.0222323 0.00261232
10.3775 0.0223167 0.00263369
10.409 0.0223975 0.00256285
10.4399 0.0224722 0.00241226
10.4705 0.0225396 0.00220215
10.501 0.0225989 0.00194988
10.5315 0.0226499 0.0016676
10.5625 0.0226922 0.00136555
10.5941 0.0227258 0.00106431
10.6256 0.0227506 0.000789156
10.6572 0.0227685 0.00056359
10.6891 0.0227812 0.00039881
10.7206 0.0227905 0.000294854
10.7519 0.0227954 0.000156827
10.7827 0.022798 8.48128e-05
10.8135 0.0228001 6.86126e-05
10.8448 0.0228032 0.000100736
10.8765 0.0228086 0.000168002
10.9068 0.0228186 0.000331605
10.9357 0.0228326 0.000481923
10.9637 0.0228496 0.00061079
10.991 0.0228689 0.000705804
11.0181 0.0228895 0.000758766
11.0454 0.0229103 0.00076285
11.0734 0.0229303 0.000712143
11.1025 0.0229475 0.000593357
11.1332 0.0229599 0.000401226
11.1649 0.0229643 0.000139679
11.1968 0.0229586 -0.000177824
11.2294 0.0229413 -0.000531088
11.2626 0.0229113 -0.00090111
11.296 0.0228692 -0.00126618
11.3293 0.0228157 -0.00160018
11.3614 0.0227558 -0.00186681
11.3928 0.0226912 -0.00205936
11.4241 0.0226233 -0.00217246
11.4556 0.022554 -0.00219773
11.4876 0.0224859 -0.002127
11.5199 0.0224225 -0.0019624
11.5525 0.0223667 -0.00171056
11.5845 0.0223194 -0.00147838
11.6159 0.0222844 -0.00111496
11.6471 0.0222616 -0.000730842
11.679 0.0222506 -0.000344623
11.7109 0.0222511 1.34295e-05
11.7422 0.0222609 0.000313068
11.7718 0.0222768 0.000538236
11.7996 0.0222961 0.000693839
11.8259 0.0223168 0.000789509
11.8512 0.0223381 0.000836798
11.8762 0.0223592 0.000845358
11.9015 0.0223798 0.000818735
11.9274 0.0223995 0.000756393
11.9532 0.0224166 0.000663829
11.9793 0.0224309 0.000547323
12.0058 0.0224401 0.000346908
12.0332 0.0224459 0.000210244
12.0623 0.0224479 7.0777e-05
12.094 0.0224458 -6.57112e-05
12.1279 0.0224397 -0.000180443
12.1618 0.0224315 -0.00024232
12.1956 0.0224235 -0.00023727
12.2289 0.0224148 -0.000259319
12.2625 0.0224109 -0.000116276
12.2966 0.0224138 8.56797e-05
12.331 0.0224255 0.000337663
12.3646 0.0224428 0.000514847
12.3973 0.0224653 0.000688878
12.4295 0.0224923 0.000840167
12.4619 0.0225232 0.000953186
12.4947 0.0225564 0.00101122
12.527 0.0225887 0.000998395
12.5588 0.0226175 0.000908491
12.5901 0.0226409 0.000747044
12.6212 0.0226571 0.000519155
12.6525 0.0226643 0.000229832
12.6846 0.0226604 -0.000120927
12.7176 0.0226432 -0.000521247
12.7518 0.0226105 -0.000955224
12.785 0.0225647 -0.00137774
12.8173 0.0225078 -0.00176431
12.849 0.0224412 -0.00210166
12.8805 0.0223663 -0.00237453
12.9123 0.0222847 -0.00256708
12.9447 0.0221984 -0.00266444
12.9776 0.0221111 -0.00265448
13.011 0.0220262 -0.00253764
13.0449 0.0219475 -0.0023246
13.0793 0.0218776 -0.00203491
13.1132 0.0218199 -0.00169736
13.1463 0.0217756 -0.00134012
13.1792 0.0217435 -0.000977765
13.2115 0.0217229 -0.000636531
13.2431 0.0217121 -0.000341125
13.2741 0.0217089 -0.00010408
13.3048 0.021711 6.96809e-05
13.3346 0.0217165 0.000183371
13.3639 0.0217237 0.00024807
13.3932 0.0217318 0.000273446
13.4233 0.0217398 0.000265422
13.4546 0.0217468 0.000226299
13.4855 0.0217519 0.000163261
13.5164 0.0217545 8.57823e-05
13.5477 0.0217548 8.42868e-06
13.5794 0.0217532 -5.09964e-05
13.6115 0.0217505 -8.27955e-05
13.6442 0.021748 -7.60323e-05
13.6775 0.0217472 -2.52673e-05
13.711 0.0217495 6.81038e-05
13.7445 0.0217561 0.000197504
13.7782 0.0217683 0.000361784
13.8123 0.0217874 0.000561527
13.8462 0.0218142 0.000788596
13.8798 0.0218487 0.00102662
13.913 0.0218904 0.00125446
13.946 0.0219381 0.00144979
13.9787 0.0219902 0.00159329
14.0112 0.0220446 0.00167286
14.0434 0.0221019 0.00178017
14.0753 0.0221598 0.00181653
14.107 0.0222164 0.00178607
14.1385 0.0222699 0.00169678
14.1699 0.0223191 0.0015638
14.2015 0.0223634 0.00140201
14.2336 0.0224028 0.00122971
14.2662 0.0224376 0.00106649
14.2987 0.0224679 0.000932392
14.331 0.022495 0.000837816
14.3633 0.0225203 0.000787087
14.3953 0.0225454 0.000783493
14.4267 0.0225715 0.000829758
14.4577 0.0226001 0.000924045
14.4881 0.0226324 0.00106087
14.5186 0.02267 0.001232
14.5495 0.0227142 0.00143388
14.5797 0.022764 0.00164803
14.6098 0.0228201 0.00186047
14.6405 0.0228833 0.00205826
14.6722 0.0229536 0.00221763
14.7045 0.0230279 0.00230433
14.7369 0.0231024 0.00229451
14.7688 0.023172 0.00218394
14.8001 0.0232342 0.00198458
14.8316 0.0232878 0.00170237
14.864 0.0233309 0.00133309
14.8963 0.0233597 0.000891346
14.9283 0.0233726 0.000403773
14.9604 0.0233693 -0.000103012
14.9928 0.0233499 -0.000599909
15.0244 0.0233171 -0.00103897
15.0557 0.0232733 -0.00139899
15.0872 0.0232205 -0.00167214
15.1173 0.023165 -0.00184632
15.1462 0.0231092 -0.00193197
15.1747 0.0230539 -0.00194208
15.2032 0.023 -0.00188609
15.2324 0.0229483 -0.00177047
15.2628 0.0228998 -0.00159767
15.2947 0.022856 -0.00137276
15.3276 0.0228193 -0.00111648
15.3603 0.0227911 -0.000861586
15.3923 0.0227706 -0.000640877
15.4239 0.0227556 -0.000473892
15.4553 0.0227439 -0.000375121
15.487 0.0227326 -0.000356149
15.5188 0.0227193 -0.000416552
15.5504 0.0227022 -0.000539952
15.5823 0.0226796 -0.000710698
15.6142 0.0226505 -0.000912225
15.6464 0.0226141 -0.00112835
15.6793 0.0225701 -0.00133949
15.7127 0.0225192 -0.00152396
15.7462 0.0224635 -0.00166446
