t x vx
0.01 0.022001 0.000103713
0.02 0.0220027 0.000168874
0.0449318 0.0220107 0.000320454
0.0699934 0.0220227 0.000479255
0.0961207 0.0220397 0.000650893
0.123375 0.0220624 0.000832838
0.151497 0.022091 0.00101702
0.180211 0.0221256 0.00120389
0.209118 0.0221654 0.00137771
0.238092 0.0222098 0.0015317
0.266811 0.0222569 0.00164085
0.295175 0.0223052 0.00170242
0.323144 0.0223539 0.00174116
0.350576 0.0224014 0.00173207
0.377422 0.0224461 0.00166238
0.404047 0.0224881 0.00157899
0.430616 0.0225275 0.00148397
0.457357 0.0225643 0.00137506
0.483648 0.022597 0.00124251
0.50997 0.0226257 0.00109341
0.536686 0.0226502 0.000915604
0.563642 0.0226694 0.000711592
0.590649 0.0226828 0.00049727
0.617501 0.0226903 0.000278978
0.64418 0.0226918 5.49232e-05
0.670705 0.022687 -0.00017939
0.697127 0.0226758 -0.000424124
0.723502 0.0226579 -0.000679587
0.749859 0.0226331 -0.0009406
0.77616 0.0226015 -0.00120144
0.802487 0.022563 -0.00146295
0.828887 0.0225173 -0.0017306
0.855231 0.0224647 -0.00199463
0.881142 0.0224068 -0.00223641
0.906917 0.0223439 -0.00243851
0.932694 0.0222773 -0.00258464
0.958684 0.0222083 -0.00265379
0.984722 0.02214 -0.00262364
1.01064 0.0220755 -0.00248803
1.03666 0.0220168 -0.00225966
1.06297 0.0219651 -0.00196346
1.08925 0.0219223 -0.00162655
1.11511 0.0218893 -0.00127709
1.14064 0.0218656 -0.000927364
1.16601 0.0218507 -0.000589695
1.19118 0.0218437 -0.000277566
1.2163 0.0218436 -4.63659e-06
1.24156 0.021849 0.000216197
1.26671 0.0218584 0.00037124
1.29202 0.0218698 0.000449535
1.31769 0.0218811 0.000443355
1.34381 0.0218905 0.000356966
1.36998 0.0218958 0.000203481
1.39611 0.0218959 3.07239e-06
1.42225 0.0218898 -0.000230654
1.4485 0.021877 -0.000489639
1.47497 0.0218567 -0.000767711
1.5016 0.021829 -0.00103862
1.52834 0.0217947 -0.0012815
1.5552 0.0217553 -0.00146779
1.58205 0.0217132 -0.00157019
1.60869 0.0216714 -0.00156906
1.63498 0.021633 -0.00145827
1.66103 0.0216006 -0.00124574
1.68689 0.0215761 -0.00094722
1.71263 0.0215611 -0.000581952
1.73824 0.0215566 -0.00017711
1.76373 0.0215628 0.000243033
1.78907 0.0215794 0.00065587
1.81423 0.0216056 0.00104369
1.83923 0.0216402 0.00138292
1.86407 0.0216813 0.00165416
1.88868 0.0217266 0.00184289
1.91315 0.0217742 0.00194497
1.93765 0.0218223 0.00196123
1.96185 0.021868 0.00189064
1.98582 0.0219097 0.00173762
2.00978 0.021946 0.00151414
2.034 0.0219759 0.00123582
2.05875 0.0219987 0.000920968
2.08428 0.0220136 0.000582844
2.10971 0.0220201 0.000255998
2.13484 0.0220192 -3.61788e-05
2.15978 0.0220123 -0.000276213
2.18456 0.0220012 -0.000448143
2.20932 0.0219877 -0.000542981
2.23416 0.0219738 -0.000562677
2.25923 0.021961 -0.00050748
2.28467 0.0219513 -0.000383361
2.31006 0.0219462 -0.000201075
2.33561 0.0219469 2.98281e-05
2.36083 0.021954 0.000281106
2.38574 0.0219675 0.000540077
2.41027 0.0219871 0.000797823
2.43476 0.0220125 0.00103785
2.45939 0.022043 0.00124119
2.48435 0.0220776 0.0013833
2.50931 0.0221137 0.00144652
2.53437 0.0221494 0.00142428
2.55984 0.0221828 0.00131061
2.58599 0.0222116 0.00110201
2.61237 0.022233 0.000811002
2.6386 0.022245 0.000459627
2.66446 0.0222469 7.43026e-05
2.68969 0.0222389 -0.000318638
2.71443 0.0222216 -0.000698928
2.73885 0.0221962 -0.00104116
2.76316 0.022164 -0.00132371
2.78758 0.0221267 -0.00152922
2.81207 0.0220864 -0.00164409
2.83647 0.0220457 -0.00166622
2.86102 0.0220065 -0.00159783
2.88591 0.0219705 -0.00144872
2.91132 0.021939 -0.00123946
2.93723 0.0219137 -0.000975873
2.96273 0.0218965 -0.000673368
2.98805 0.0218876 -0.000350492
3.01311 0.0218867 -3.90066e-05
3.03787 0.0218924 0.000231019
3.06225 0.0219032 0.000445308
3.08666 0.0219177 0.000593584
3.11123 0.0219342 0.000670861
3.13522 0.0219503 0.000670014
3.15898 0.0219646 0.000601752
3.18292 0.0219757 0.000465986
3.20747 0.0219821 0.000258945
3.23283 0.0219816 -2.07799e-05
3.25808 0.0219728 -0.000346835
3.28319 0.0219553 -0.000698683
3.30776 0.0219298 -0.00103854
3.33185 0.0218975 -0.00133783
3.35563 0.02186 -0.00157994
3.37925 0.0218186 -0.00175092
3.40297 0.0217751 -0.00183153
3.42679 0.0217321 -0.00180724
3.45068 0.021692 -0.00167673
3.47487 0.0216571 -0.00144582
3.49918 0.0216294 -0.00113638
3.52394 0.0216106 -0.000761119
3.54919 0.0216023 -0.000328341
3.57404 0.0216054 0.000125051
3.59854 0.0216191 0.000560354
3.62247 0.0216416 0.000938428
3.64595 0.0216709 0.00124969
3.66941 0.0217057 0.00148296
3.69187 0.0217419 0.00161051
3.71372 0.0217777 0.00163872
3.73537 0.0218118 0.00157369
3.7573 0.021843 0.0014232
3.77996 0.02187 0.00119236
3.80366 0.0218912 0.000895246
3.82859 0.021905 0.000551798
3.85415 0.0219099 0.000191994
3.87921 0.021906 -0.000153906
3.90372 0.0218946 -0.000467059
3.9278 0.021877 -0.000731342
3.95166 0.021855 -0.000922697
3.97555 0.0218306 -0.00102049
3.99952 0.0218061 -0.00101937
4.02334 0.0217841 -0.000927067
4.04703 0.0217662 -0.00075384
4.0708 0.0217541 -0.000507456
4.09505 0.0217494 -0.000197025
4.11924 0.0217533 0.000161528
4.14336 0.0217664 0.000545702
4.16783 0.0217893 0.000932725
4.19268 0.0218212 0.00128479
4.21712 0.0218592 0.0015537
4.24122 0.0219007 0.00172272
4.26516 0.0219435 0.00178956
4.28893 0.0219853 0.00175655
4.31239 0.0220234 0.00162379
4.33548 0.0220556 0.00139732
4.35761 0.0220801 0.00110524
4.37925 0.0220967 0.000767206
4.40083 0.0221053 0.000399977
4.4227 0.0221058 1.98805e-05
4.44516 0.0220978 -0.000355983
4.4685 0.0220814 -0.000700704
4.49299 0.022057 -0.000996434
4.51787 0.0220268 -0.00121313
4.54273 0.0219938 -0.0013302
4.56728 0.0219609 -0.00133631
4.59146 0.0219311 -0.00123568
4.6152 0.0219065 -0.00103693
4.63871 0.0218889 -0.000746011
4.66223 0.02188 -0.000377204
4.68598 0.021881 4.1743e-05
4.70873 0.0218914 0.000456561
4.73003 0.0219092 0.000834369
4.75003 0.0219325 0.00116671
4.76889 0.0219599 0.00144916
4.78683 0.02199 0.00167815
4.80413 0.022022 0.00185034
4.82104 0.0220552 0.00196258
4.8378 0.0220888 0.00200966
4.85457 0.0221222 0.00198999
4.87149 0.0221544 0.00190282
4.88867 0.0221845 0.00174952
4.90618 0.0222113 0.00153123
4.92407 0.0222336 0.00125028
4.9423 0.0222503 0.000912845
4.96079 0.0222601 0.000531807
4.97943 0.0222624 0.000121423
4.9981 0.0222568 -0.000298011
5.01669 0.0222438 -0.000699758
5.0351 0.0222241 -0.00106834
5.05325 0.0221989 -0.00138859
5.07106 0.0221695 -0.00165074
5.08851 0.0221373 -0.00185065
5.1056 0.0221033 -0.0019851
5.12244 0.0220688 -0.0020514
5.13906 0.0220346 -0.0020543
5.15549 0.0220018 -0.00200033
5.17173 0.021971 -0.00189361
5.18777 0.0219431 -0.00173778
5.20359 0.0219189 -0.0015336
5.21918 0.0218989 -0.00128289
5.23451 0.0218836 -0.000994796
5.24959 0.0218734 -0.000678878
5.26446 0.0218682 -0.000347313
5.27916 0.021868 -1.36551e-05
5.29375 0.0218726 0.00031414
5.30824 0.0218818 0.000633223
5.32269 0.0218954 0.000941196
5.33715 0.0219132 0.00123245
5.35165 0.0219349 0.0014983
5.36628 0.0219602 0.00172917
5.38109 0.0219886 0.00191456
5.39623 0.0220196 0.00204607
5.41187 0.0220527 0.00211933
5.42827 0.0220876 0.00212765
5.44581 0.0221237 0.00205531
5.46498 0.0221596 0.00187395
5.48564 0.0221919 0.00156527
5.50696 0.0222163 0.00114497
5.52903 0.0222304 0.00063862
5.55176 0.0222325 9.00175e-05
5.57544 0.0222213 -0.000469712
5.60003 0.0221964 -0.00101424
5.62567 0.0221576 -0.00151273
5.65112 0.022109 -0.0019101
5.67615 0.0220544 -0.00218306
5.70099 0.0219964 -0.00233429
5.72573 0.0219382 -0.00235225
5.75059 0.0218832 -0.00221081
5.77581 0.0218351 -0.0019071
5.80138 0.0217978 -0.00145931
5.82589 0.0217754 -0.000916257
5.85012 0.0217677 -0.000315881
5.8745 0.021775 0.000301012
5.89852 0.0217958 0.000865359
5.92267 0.0218287 0.00135912
5.94706 0.0218713 0.00174741
5.97166 0.0219205 0.0019995
5.99559 0.021971 0.00211098
6.01892 0.0220196 0.0020844
6.04183 0.0220635 0.00191403
6.06478 0.0221004 0.00160776
6.08834 0.0221281 0.00117686
6.11289 0.0221436 0.000631558
6.1386 0.0221437 3.68279e-06
6.16444 0.0221272 -0.000636077
6.18972 0.0220959 -0.00124014
6.21469 0.0220511 -0.00179487
6.2392 0.0219953 -0.00227668
6.26358 0.0219304 -0.00266105
6.28795 0.0218588 -0.00293992
6.31231 0.0217837 -0.00308148
6.33668 0.0217087 -0.0030757
6.36114 0.0216371 -0.00293072
6.38583 0.0215719 -0.00263943
6.41031 0.0215179 -0.00220613
6.43451 0.0214778 -0.00165525
6.45874 0.0214535 -0.00100423
6.48318 0.0214465 -0.000286578
6.5075 0.0214571 0.000437839
6.53177 0.0214842 0.00111595
6.55596 0.0215256 0.00170934
6.57986 0.0215782 0.00220029
6.60334 0.0216384 0.00256519
6.62653 0.021703 0.00278603
6.64954 0.0217688 0.00285737
6.67238 0.021832 0.00276903
6.69504 0.0218892 0.00252658
6.7176 0.0219377 0.00214572
6.74023 0.0219747 0.00163671
6.76316 0.0219982 0.001024
6.78663 0.0220063 0.000346521
6.81086 0.0219978 -0.000351078
6.83526 0.0219732 -0.00100663
6.85884 0.0219362 -0.00157286
6.88186 0.0218891 -0.00204454
6.90451 0.0218344 -0.00241497
6.92689 0.0217747 -0.00266683
6.94924 0.0217126 -0.0027793
6.97174 0.0216508 -0.0027451
6.9943 0.0215929 -0.00256552
7.01665 0.0215429 -0.00224089
7.03895 0.0215034 -0.00176807
7.06089 0.0214778 -0.00116983
7.08121 0.021467 -0.000528664
7.10008 0.0214691 0.000108525
7.11765 0.0214818 0.000722643
7.13421 0.0215035 0.00130933
7.14997 0.0215328 0.0018639
7.16514 0.0215689 0.00237908
7.17988 0.0216109 0.00285076
7.19434 0.0216583 0.00327835
7.20867 0.0217108 0.0036635
7.22302 0.0217683 0.00400586
7.2375 0.0218306 0.00429882
7.25227 0.0218975 0.00452983
7.26748 0.0219688 0.00468555
7.28335 0.0220442 0.00475303
7.30011 0.022123 0.00470327
7.31809 0.022204 0.0045061
7.33778 0.0222853 0.0041253
7.35964 0.0223623 0.00352557
7.38341 0.0224272 0.00272969
7.40854 0.0224717 0.00177201
7.43343 0.022491 0.000772597
7.45799 0.0224867 -0.000173124
7.48192 0.0224625 -0.00101224
7.50518 0.0224224 -0.00172334
7.52811 0.0223702 -0.00227609
7.55064 0.0223107 -0.00264144
7.5729 0.0222482 -0.00280654
7.59529 0.022186 -0.00277926
7.61759 0.0221289 -0.00256265
7.63984 0.0220806 -0.00216958
7.66189 0.0220446 -0.00163266
7.68358 0.022023 -0.000994101
7.70529 0.0220172 -0.000270791
7.72746 0.0220285 0.000511235
7.75063 0.0220586 0.00129757
7.77403 0.022106 0.00202679
7.79696 0.0221668 0.00265308
7.81911 0.0222361 0.00313031
7.84112 0.0223119 0.00343943
7.86241 0.0223877 0.00356184
7.88331 0.0224606 0.00348628
7.90429 0.022528 0.00321509
7.9261 0.0225881 0.00275544
7.94933 0.0226373 0.00211748
7.97267 0.0226691 0.00136145
7.99516 0.0226812 0.000541975
8.01786 0.0226736 -0.000339006
8.04145 0.0226437 -0.0012647
8.06632 0.0225891 -0.00219432
8.09109 0.022514 -0.00303446
8.11508 0.0224249 -0.00371446
8.13828 0.0223274 -0.00420005
8.16094 0.0222257 -0.00449017
8.18346 0.0221223 -0.0045929
8.20624 0.0220197 -0.00450141
8.22966 0.021921 -0.00421743
8.25363 0.0218312 -0.00374452
8.27777 0.021756 -0.00311572
8.3018 0.021699 -0.00236898
8.32522 0.0216629 -0.00154442
8.34869 0.0216469 -0.00067872
8.37161 0.0216507 0.000161934
8.39464 0.0216733 0.000981095
8.4172 0.021712 0.00171859
8.43992 0.0217653 0.00234586
8.46164 0.0218264 0.00281375
8.48286 0.0218924 0.00311001
8.504 0.0219606 0.00322697
8.52557 0.0220289 0.00316577
8.54791 0.0220942 0.00291973
8.57124 0.0221522 0.00248698
8.59567 0.0221979 0.0018721
8.62027 0.0222253 0.00111413
8.64488 0.0222319 0.000266323
8.6699 0.0222166 -0.00061142
8.69573 0.0221783 -0.00148249
8.72207 0.0221174 -0.00231158
8.74825 0.0220377 -0.00304239
8.77431 0.0219429 -0.00364027
8.80059 0.0218362 -0.00405792
8.82685 0.0217241 -0.0042697
8.85249 0.0216145 -0.00427453
8.87732 0.0215126 -0.00410536
8.90165 0.0214204 -0.00378928
8.92575 0.0213403 -0.00332286
8.94946 0.0212761 -0.00270797
8.97349 0.0212294 -0.00194224
8.99708 0.0212036 -0.00109363
9.02095 0.021199 -0.000196226
9.04532 0.021216 0.000699781
9.06964 0.0212536 0.00154531
9.09372 0.0213092 0.00230984
9.11785 0.0213808 0.0029678
9.14213 0.0214653 0.00347968
9.1666 0.0215587 0.00381741
9.19052 0.0216532 0.00395124
9.21434 0.021746 0.0038913
9.23859 0.0218345 0.00365066
9.26353 0.021915 0.00323052
9.28866 0.0219816 0.00265058
9.3142 0.0220313 0.00194415
9.33972 0.0220609 0.00115848
9.36505 0.0220694 0.00033844
9.39035 0.0220577 -0.000465323
9.41544 0.0220278 -0.00118861
9.44003 0.0219836 -0.00179904
9.46439 0.021928 -0.00228427
9.48862 0.0218646 -0.00261632
9.51278 0.0217975 -0.00277785
9.53695 0.0217304 -0.00277594
9.56136 0.0216662 -0.00262889
9.58578 0.0216092 -0.00233479
9.61022 0.021563 -0.00188775
9.63454 0.0215312 -0.00131041
9.65882 0.0215156 -0.000639779
9.6832 0.0215174 7.4025e-05
9.70756 0.021537 0.000802955
9.73192 0.0215743 0.00153023
9.75619 0.0216282 0.0022222
9.78065 0.0216974 0.00283104
9.80541 0.0217793 0.00330412
9.8301 0.0218679 0.00359248
9.85442 0.0219575 0.00368321
9.87869 0.0220445 0.00358248
9.90315 0.0221249 0.00328675
9.92788 0.0221943 0.00280712
9.95282 0.0222482 0.00216293
9.97784 0.022283 0.00139013
10.0029 0.0222964 0.0005349
10.0281 0.0222876 -0.000350604
10.0532 0.0222571 -0.00121452
10.078 0.0222072 -0.00201484
10.1027 0.0221396 -0.002734
10.1268 0.0220591 -0.00333956
10.1504 0.0219687 -0.00382286
10.1739 0.0218706 -0.00417219
10.1975 0.0217672 -0.00437884
10.2214 0.0216613 -0.004431
10.2458 0.0215562 -0.00431348
10.2708 0.0214559 -0.00402302
10.2955 0.0213671 -0.0035831
10.32 0.0212929 -0.00302635
10.3442 0.0212354 -0.00238113
10.3681 0.0211951 -0.00168812
10.3916 0.0211717 -0.000991503
10.4147 0.0211642 -0.00032606
10.4378 0.0211709 0.00029038
10.4604 0.0211895 0.000820216
10.4824 0.0212168 0.00124345
10.5041 0.0212504 0.00155413
10.5256 0.0212882 0.00175014
10.547 0.0213273 0.00183102
10.5682 0.0213656 0.00180327
10.5898 0.0214017 0.0016742
10.6117 0.0214337 0.0014581
10.6331 0.0214588 0.00117978
10.6539 0.0214766 0.000849131
10.6747 0.0214866 0.000483399
10.6957 0.0214888 0.000106242
10.7162 0.0214838 -0.000246094
10.7365 0.0214723 -0.000563655
10.7569 0.0214553 -0.000834586
10.7773 0.0214342 -0.00103887
10.7963 0.0214122 -0.00115488
10.8145 0.0213907 -0.00118223
10.8325 0.0213706 -0.00111785
10.8506 0.0213531 -0.000964928
10.8681 0.0213402 -0.000738494
10.8845 0.0213327 -0.000458527
10.9001 0.0213305 -0.000137961
10.915 0.0213337 0.000212198
10.9294 0.0213421 0.000587299
10.9434 0.0213559 0.000983351
10.9571 0.021375 0.00139631
10.9706 0.0213996 0.00182184
10.9839 0.0214297 0.00225392
10.9972 0.0214653 0.0026881
11.0104 0.0215065 0.00311629
11.0236 0.0215532 0.00352889
11.0369 0.0216054 0.00391877
11.0504 0.0216632 0.00427911
11.0643 0.0217267 0.00460037
11.0785 0.0217961 0.00487053
11.0933 0.0218714 0.00507594
11.1087 0.0219511 0.00520297
11.1237 0.0220302 0.00524223
11.1392 0.0221103 0.00519495
11.1553 0.0221917 0.00504552
11.1728 0.0222752 0.00476799
11.1926 0.0223606 0.0043209
11.2119 0.0224333 0.00375747
11.233 0.0224976 0.00305235
11.2562 0.0225484 0.00219196
11.2782 0.0225776 0.00132379
11.2987 0.0225883 0.000521762
11.3195 0.022583 -0.000251256
11.3413 0.0225615 -0.000987147
11.3643 0.0225236 -0.00164761
11.3885 0.0224708 -0.00218244
