t x vx
0.01 0.0220039 0.000390172
0.02 0.0220144 0.00104825
0.0542871 0.0221227 0.00315941
0.0892864 0.0223019 0.00511959
0.128226 0.0225759 0.00703614
0.16873 0.0229298 0.00873681
0.210671 0.0233556 0.0101527
0.253365 0.0238342 0.0112119
0.296568 0.0243471 0.0118708
0.339949 0.0248712 0.012081
0.383199 0.0253815 0.0117985
0.426308 0.0258555 0.0109949
0.469401 0.0262721 0.00966797
0.512354 0.0266088 0.00784006
0.55518 0.0268475 0.00557405
0.597989 0.026973 0.00292956
0.640251 0.0269733 8.85365e-06
0.682156 0.0268431 -0.00310881
0.723291 0.0265823 -0.00633975
0.76463 0.0261812 -0.00970307
0.805106 0.0256525 -0.0130608
0.84223 0.0250538 -0.0161268
0.882151 0.0242814 -0.019349
0.922912 0.0233609 -0.0225826
0.961582 0.0223728 -0.0255508
0.999943 0.0212839 -0.0283859
1.03607 0.0201668 -0.0309215
1.07163 0.0189846 -0.0332418
1.10599 0.0177739 -0.0352466
1.13927 0.0165442 -0.0369497
1.17076 0.015338 -0.0382974
1.20044 0.0141734 -0.0392378
1.21144 0.0137318 -0.0401386
1.22152 0.0133196 -0.0409089
1.23002 0.012966 -0.0415785
1.23805 0.0126276 -0.0421474
1.24555 0.0123079 -0.042621
1.25263 0.012004 -0.0429619
1.25921 0.0117201 -0.0431194
1.26529 0.0114587 -0.0430327
