t x vx
0.01 0.0220003 3.38496e-05
0.02 0.0220008 4.7427e-05
0.0561717 0.0220049 0.00011242
0.0924233 0.0220115 0.000183878
0.130122 0.0220218 0.000271519
0.169287 0.0220365 0.000375195
0.209823 0.0220565 0.000494506
0.251335 0.0220827 0.000630166
0.293256 0.0221155 0.000783811
0.335172 0.0221554 0.000950298
0.376882 0.0222028 0.00113629
0.418172 0.0222577 0.0013304
0.458904 0.0223202 0.00153325
0.498998 0.0223896 0.00173223
0.538801 0.0224654 0.00190327
0.578224 0.0225467 0.00206267
0.617342 0.022633 0.00220631
0.655555 0.0227215 0.0023172
0.694632 0.022815 0.00239159
0.733939 0.0229102 0.00242151
0.773388 0.0230048 0.00239788
0.81269 0.0230911 0.00219595
0.851765 0.0231672 0.00194921
0.890574 0.0232314 0.00165232
0.929124 0.0232815 0.00129964
0.967483 0.0233155 0.000888707
1.00574 0.0233317 0.00042248
1.04398 0.0233282 -9.23925e-05
1.08217 0.0233035 -0.000646037
1.12027 0.0232569 -0.00122351
1.15837 0.0231879 -0.00181199
1.19646 0.0230965 -0.00239758
1.23476 0.022983 -0.00296394
1.27324 0.0228489 -0.00348624
1.31196 0.0226964 -0.00393797
1.3509 0.0225293 -0.00429144
1.3897 0.0223539 -0.00452056
1.42825 0.022176 -0.00461489
1.46648 0.0220011 -0.00457469
1.50439 0.0218341 -0.00440475
1.542 0.0216795 -0.00411162
1.57936 0.0215409 -0.00370843
1.61639 0.0214219 -0.00321498
1.6529 0.0213249 -0.00265612
1.68873 0.0212511 -0.00206019
1.72487 0.021199 -0.00143992
1.76037 0.0211696 -0.000830023
1.79574 0.021161 -0.000241585
1.83155 0.0211722 0.000313457
1.86727 0.0212011 0.000807541
1.90315 0.0212452 0.00122952
1.93932 0.021302 0.00157085
1.97573 0.0213685 0.00182548
2.01231 0.0214413 0.00199088
2.04926 0.0215177 0.002066
2.08668 0.0215944 0.00205135
2.1243 0.0216679 0.00195204
2.16128 0.0217339 0.00178522
2.19783 0.0217914 0.00157426
2.23423 0.0218403 0.00134271
2.27059 0.0218808 0.00111363
2.30701 0.0219137 0.000905267
2.34358 0.0219405 0.000730222
2.3802 0.0219623 0.000597768
2.41686 0.0219811 0.000512328
2.45372 0.0219988 0.000479525
2.49057 0.0220172 0.000500127
2.5276 0.0220383 0.000569318
2.565 0.0220636 0.000677379
2.60287 0.0220943 0.000809211
2.6402 0.0221294 0.000939227
2.67694 0.0221678 0.00104644
2.71316 0.0222083 0.00111757
2.7487 0.0222489 0.00114344
2.78391 0.0222883 0.00111965
2.81907 0.0223249 0.0010407
2.85438 0.0223568 0.000903777
2.88942 0.0223819 0.000713954
2.92389 0.0223984 0.000480865
2.95836 0.0224057 0.000211912
2.99323 0.0224028 -8.37938e-05
3.02878 0.0223888 -0.000393009
3.06513 0.0223633 -0.000702518
3.10187 0.0223269 -0.000990675
3.13812 0.0222821 -0.00123512
3.17417 0.0222307 -0.0014266
3.21026 0.0221746 -0.00155507
3.24661 0.0221159 -0.00161452
3.28286 0.0220578 -0.00160155
3.31913 0.0220028 -0.00151875
3.35582 0.0219524 -0.00137139
3.39331 0.0219122 -0.00107315
3.4316 0.0218806 -0.000825106
3.46923 0.0218632 -0.00046311
3.5064 0.0218591 -0.000109285
3.54293 0.0218669 0.000212641
3.57863 0.0218843 0.000487853
3.61374 0.0219095 0.000716089
3.64748 0.0219396 0.000893111
3.68011 0.021973 0.00102425
3.71206 0.0220086 0.00111498
3.74383 0.0220458 0.0011711
3.77587 0.0220843 0.0012018
3.80863 0.0221241 0.00121478
3.84248 0.0221653 0.00121514
3.87681 0.0222069 0.00121139
3.9117 0.0222492 0.00121388
3.94688 0.0222926 0.00123361
3.98274 0.0223382 0.00127214
4.01858 0.0223859 0.00132986
4.05455 0.0224366 0.00140831
4.09042 0.0224905 0.00150455
4.12612 0.0225481 0.00161419
4.16188 0.0226098 0.00172522
4.19788 0.0226757 0.0018297
4.23401 0.0227452 0.00192303
4.2694 0.0228158 0.00199442
4.30151 0.0228809 0.00202792
4.33111 0.0229408 0.00202473
4.35903 0.0229963 0.0019865
4.3859 0.0230477 0.00191449
4.41227 0.0230954 0.00180786
4.4386 0.0231392 0.00166395
4.4653 0.0231787 0.00147992
4.49271 0.0232131 0.00125308
4.52113 0.023241 0.000982126
4.55083 0.0232608 0.000668167
4.58213 0.0232707 0.000315158
4.61513 0.0232685 -6.7471e-05
4.6466 0.0232548 -0.000435401
4.67692 0.0232309 -0.000785431
4.70637 0.023198 -0.00111833
4.73532 0.0231564 -0.00143666
4.76421 0.0231062 -0.00173874
4.79348 0.023047 -0.00202192
4.82358 0.0229783 -0.00228321
4.85498 0.0228992 -0.00251755
4.88808 0.0228093 -0.00271605
4.92309 0.022709 -0.00286566
4.95979 0.0226005 -0.00295508
4.99697 0.02249 -0.00297265
5.03488 0.0223796 -0.00291218
5.07198 0.0222764 -0.00278164
5.10895 0.0221773 -0.00268254
5.14673 0.0220845 -0.00245557
5.18558 0.0219995 -0.00218695
5.22385 0.0219268 -0.00190122
5.2617 0.0218661 -0.00160265
5.29974 0.0218171 -0.00128778
5.33776 0.0217804 -0.00096625
5.37524 0.0217559 -0.00065366
5.4123 0.0217428 -0.000352162
5.44929 0.0217404 -6.68435e-05
5.48673 0.0217478 0.000198716
5.52426 0.0217643 0.000439754
5.56145 0.0217885 0.000651534
5.59803 0.0218191 0.000835123
5.63344 0.0218542 0.000990858
5.66818 0.0218934 0.00113043
5.70275 0.0219371 0.00126402
5.73753 0.0219859 0.00140069
5.77271 0.0220402 0.0015449
5.80839 0.0221008 0.00169979
5.8447 0.0221686 0.00186732
5.88165 0.0222393 0.00191198
5.91885 0.0223125 0.00196749
5.95627 0.0223884 0.00202865
5.99401 0.0224671 0.00208615
6.0305 0.0225446 0.00212189
6.06439 0.0226166 0.00212597
6.09583 0.0226825 0.00209613
6.12551 0.0227428 0.00203218
6.15409 0.022798 0.00193064
6.18205 0.022848 0.00178868
6.20996 0.0228927 0.00160152
6.23834 0.0229314 0.00136204
6.26768 0.0229626 0.00106294
6.29845 0.022984 0.000697364
6.33103 0.0229925 0.000261071
6.3657 0.022984 -0.000246147
6.40168 0.0229551 -0.000802106
6.43831 0.0229046 -0.0013784
6.47453 0.0228345 -0.00193603
6.50958 0.0227489 -0.0024418
6.54407 0.0226495 -0.0028838
6.57844 0.0225379 -0.00324548
6.61282 0.0224171 -0.00351303
6.64693 0.0222918 -0.00367498
6.68146 0.0221629 -0.00373338
6.71689 0.0220323 -0.00368565
6.75344 0.0219033 -0.00352953
6.79118 0.0217799 -0.003268
6.82823 0.0216715 -0.00292606
6.86414 0.0215805 -0.00253578
6.89943 0.0215057 -0.00211988
6.93391 0.0214467 -0.00170911
6.96771 0.021402 -0.00132315
7.00094 0.0213696 -0.000973923
7.03298 0.021348 -0.000676915
7.06419 0.0213344 -0.000435217
7.09508 0.0213268 -0.000246096
7.12617 0.0213236 -0.0001021
7.15785 0.0213237 4.23736e-06
7.19036 0.0213262 7.69159e-05
7.22295 0.0213301 0.000117913
7.25598 0.0213345 0.000135153
7.28976 0.0213392 0.000136565
7.32448 0.0213437 0.000131938
7.3593 0.0213483 0.000131333
7.39377 0.0213534 0.000147782
7.42817 0.0213601 0.000195895
7.46267 0.02137 0.000286517
7.49739 0.0213848 0.000424844
7.5314 0.0214054 0.000606077
7.56532 0.0214336 0.000831621
7.59978 0.0214715 0.00110147
7.635 0.0215211 0.00140726
7.6702 0.0215819 0.00172724
7.7057 0.0216546 0.00204876
7.74109 0.0217378 0.00235055
7.77602 0.0218291 0.00261284
7.81054 0.0219264 0.00281805
7.84356 0.0220236 0.00294383
7.87586 0.0221202 0.00299058
7.90825 0.0222159 0.00295489
7.94136 0.0223096 0.00283029
7.97557 0.022399 0.002612
8.0111 0.0224807 0.00229965
8.04763 0.02255 0.00189865
8.08484 0.022603 0.00142419
8.12255 0.022637 0.000901155
8.15929 0.0226509 0.000377658
8.19503 0.0226466 -0.0001202
8.22989 0.0226267 -0.000570733
8.26418 0.0225937 -0.000960696
8.29829 0.0225501 -0.00127802
8.33265 0.0224982 -0.00151123
8.36711 0.0224412 -0.00165553
8.40211 0.0223813 -0.00171155
8.43805 0.0223208 -0.00168092
8.47303 0.0222657 -0.00157578
8.50778 0.0222166 -0.00141497
8.54338 0.0221734 -0.00121236
8.57914 0.0221378 -0.000994968
8.61431 0.0221099 -0.000794558
8.64925 0.0220879 -0.000627819
8.6841 0.0220703 -0.000507218
8.71759 0.0220554 -0.000443251
8.7502 0.0220412 -0.00043524
8.78233 0.0220257 -0.000483045
8.8143 0.0220071 -0.00058161
8.8465 0.0219839 -0.00072192
8.87933 0.0219545 -0.000894053
8.91305 0.0219179 -0.0010863
8.94788 0.0218732 -0.00128217
8.98402 0.0218204 -0.00146245
9.02 0.0217627 -0.00160318
9.05565 0.0217023 -0.00169556
9.0919 0.0216396 -0.00172933
9.12835 0.0215779 -0.00169121
9.16479 0.0215207 -0.00157008
9.20142 0.0214708 -0.00136124
9.23794 0.0214313 -0.00108155
9.27459 0.0214041 -0.000743473
9.31157 0.0213907 -0.00036066
9.34851 0.0213926 5.02237e-05
9.38504 0.0214096 0.000465532
9.42131 0.021441 0.00086414
9.45705 0.0214847 0.00122269
9.49214 0.0215382 0.00152481
9.527 0.0215996 0.00176359
9.56042 0.0216641 0.00192805
9.59266 0.0217293 0.00202272
9.62451 0.0217947 0.00205467
9.65674 0.02186 0.00202513
9.68999 0.0219244 0.00193653
9.72467 0.0219866 0.00179347
9.75938 0.0220423 0.0016067
9.79438 0.022091 0.00138885
9.83017 0.022132 0.00114726
9.86671 0.0221647 0.000894858
9.90283 0.0221884 0.000655608
9.93895 0.0222042 0.00043813
9.97538 0.0222133 0.000250187
10.0123 0.0222169 9.74687e-05
10.0491 0.0222167 -7.68635e-06
10.0856 0.0222144 -6.27661e-05
10.1226 0.0222117 -7.2161e-05
10.1606 0.02221 -4.39654e-05
10.1983 0.0222104 9.77435e-06
10.2355 0.0222132 7.47142e-05
10.2724 0.0222183 0.000138395
10.3089 0.0222252 0.000189836
10.3453 0.0222332 0.000218692
10.3814 0.0222411 0.000218299
10.4172 0.0222477 0.000184784
10.4525 0.0222517 0.000115026
10.4874 0.022252 8.4794e-06
10.5218 0.0222475 -0.000131104
10.556 0.0222374 -0.000296562
10.5898 0.0222211 -0.000481733
10.6232 0.0221985 -0.000677908
10.6562 0.0221694 -0.000879421
10.6891 0.0221339 -0.00107995
10.722 0.022092 -0.00127435
10.755 0.0220439 -0.00145656
10.7883 0.0219902 -0.00161443
10.8218 0.0219319 -0.00174064
10.8555 0.0218703 -0.00182871
10.8894 0.0218069 -0.00186981
10.9235 0.0217436 -0.00185688
10.9576 0.0216826 -0.00178511
10.9918 0.021626 -0.00165774
11.0258 0.0215756 -0.0014831
11.0595 0.0215328 -0.00126659
11.093 0.0214989 -0.00101308
11.1261 0.0214746 -0.000735014
11.1588 0.02146 -0.000445732
11.1912 0.0214549 -0.000156468
11.2231 0.0214588 0.000122616
11.2545 0.0214708 0.000382018
11.2853 0.0214898 0.000614262
11.3156 0.0215144 0.000813546
11.3452 0.0215434 0.000977553
11.3743 0.0215754 0.00110455
11.4027 0.0216094 0.00119541
11.4306 0.0216444 0.00125419
11.4581 0.0216798 0.00128506
11.4854 0.0217151 0.00129334
11.5126 0.02175 0.00128478
11.5398 0.0217844 0.00126421
11.5671 0.0218182 0.00123503
11.5946 0.0218512 0.00120027
11.6222 0.0218832 0.00116258
11.6499 0.0219144 0.00112476
11.6777 0.0219447 0.00109064
11.7057 0.0219744 0.00106374
11.7337 0.0220037 0.00104286
11.7619 0.0220326 0.00102567
11.7903 0.0220613 0.00101226
11.8191 0.0220902 0.00100347
11.8484 0.0221195 0.000998182
11.8783 0.0221493 0.000994372
11.9092 0.0221797 0.000988277
11.9412 0.022211 0.000975495
11.9748 0.0222429 0.000951458
12.0106 0.0222755 0.00090928
12.048 0.0223068 0.000835872
12.0859 0.0223342 0.000723863
12.1229 0.0223554 0.000573054
12.1596 0.0223695 0.00038308
12.1959 0.0223753 0.000160195
12.2323 0.022372 -9.07876e-05
12.2689 0.0223586 -0.000364655
12.3059 0.0223344 -0.000653597
12.3433 0.0222991 -0.000945814
12.381 0.0222528 -0.00122897
12.4186 0.0221967 -0.00148985
12.456 0.0221326 -0.00171521
12.493 0.0220625 -0.00189375
12.5297 0.0219884 -0.00201828
12.5665 0.0219119 -0.00208302
12.6034 0.0218348 -0.00208373
12.6403 0.0217605 -0.00201458
12.6766 0.0216922 -0.00188059
12.7127 0.0216314 -0.001686
12.7487 0.0215797 -0.00143655
12.785 0.0215383 -0.00113948
12.8219 0.0215086 -0.000805383
12.8592 0.0214917 -0.000454676
12.8961 0.0214874 -0.000115367
12.933 0.0214947 0.000197911
12.9699 0.0215122 0.000474343
13.0071 0.0215384 0.000703779
13.0447 0.0215715 0.000878943
13.0826 0.0216091 0.000994214
13.1198 0.0216481 0.00104936
13.1565 0.0216867 0.00105103
13.1931 0.0217237 0.00101028
13.2298 0.0217582 0.000940132
13.267 0.0217899 0.000852518
13.3048 0.0218185 0.000756195
13.3425 0.0218433 0.000659057
13.3798 0.0218645 0.000569023
13.4168 0.0218828 0.000494146
13.4536 0.0218993 0.000446277
13.488 0.0219139 0.000427332
13.5199 0.0219278 0.000433782
13.5497 0.0219415 0.000459504
13.5779 0.0219555 0.000496315
13.6049 0.0219702 0.000542904
13.6312 0.0219858 0.000594545
13.6571 0.0220026 0.000648933
13.6829 0.0220207 0.000703898
13.7087 0.0220403 0.000758316
13.7347 0.0220614 0.000810722
13.7612 0.0220842 0.000859085
13.7885 0.0221087 0.000900725
13.8168 0.0221351 0.000934241
13.8464 0.0221635 0.000958158
13.8776 0.0221937 0.000968027
13.9106 0.0222252 0.000955012
13.9456 0.0222571 0.000909527
13.983 0.0222878 0.00082002
14.0214 0.0223141 0.000685366
14.0602 0.0223339 0.000510463
14.0982 0.0223456 0.000307256
14.1361 0.0223487 8.31868e-05
14.1741 0.022343 -0.000149864
14.2123 0.0223321 -0.000286689
14.251 0.0223161 -0.000413101
14.2899 0.0222961 -0.000513495
14.329 0.0222737 -0.000572926
14.3683 0.022251 -0.000580429
14.4076 0.02223 -0.000531731
14.4464 0.0222135 -0.000427596
14.4847 0.022203 -0.00027254
14.5226 0.022196 -0.000184564
14.5602 0.0221939 -5.61623e-05
14.5979 0.0222016 0.000205209
14.6353 0.0222194 0.000474345
14.6722 0.0222464 0.000732243
14.7089 0.022282 0.000969483
14.7454 0.0223249 0.00117584
14.7819 0.0223737 0.00133784
14.8181 0.022426 0.00144158
14.8544 0.0224798 0.00148112
14.8905 0.0225322 0.00145517
14.9256 0.0225804 0.00137121
14.9602 0.0226233 0.00124068
14.9947 0.0226604 0.00107444
15.0292 0.0226908 0.000883699
15.0639 0.0227145 0.000680984
15.099 0.0227313 0.00047875
15.1346 0.0227415 0.000287243
15.1708 0.0227456 0.000114122
15.2068 0.0227446 -2.94554e-05
15.2428 0.0227397 -0.000136202
15.2791 0.0227326 -0.000195861
15.3148 0.022725 -0.000212744
15.3506 0.022718 -0.000195564
15.3868 0.0227125 -0.000151205
15.4239 0.0227094 -8.35663e-05
15.462 0.0227094 -3.45276e-07
15.4986 0.0227123 7.90883e-05
15.5341 0.0227172 0.000139251
15.5688 0.0227233 0.00017355
15.6031 0.0227293 0.00017538
15.6374 0.022734 0.000138691
15.6719 0.0227361 6.04497e-05
15.707 0.022734 -5.95455e-05
15.7422 0.0227265 -0.000213274
15.776 0.0227136 -0.00038208
15.8091 0.0226951 -0.000558915
15.8419 0.022671 -0.00073604
15.8748 0.0226411 -0.000905028
15.9081 0.0226059 -0.00105887
15.942 0.0225655 -0.00119208
15.9766 0.0225206 -0.0012973
16.0119 0.0224723 -0.00136765
16.0481 0.0224217 -0.00139676
16.0852 0.0223706 -0.00137813
16.1234 0.0223207 -0.00130662
16.1626 0.0222744 -0.0011834
16.2019 0.0222345 -0.00101249
16.2408 0.0222032 -0.000804221
16.2791 0.0221814 -0.000569441
16.3169 0.0221692 -0.000322633
16.3549 0.0221662 -7.88425e-05
16.3923 0.0221717 0.000146776
16.4293 0.0221846 0.000348728
16.4663 0.022204 0.000522675
16.5034 0.0222287 0.00066479
16.5402 0.022257 0.000769683
16.5768 0.0222878 0.000840875
16.6138 0.0223203 0.000881117
16.6514 0.0223539 0.000891675
16.6883 0.0223863 0.000879795
16.725 0.0224178 0.00085953
16.7616 0.0224485 0.000835624
16.7985 0.0224782 0.000808414
16.8354 0.022507 0.000779319
16.8721 0.0225345 0.000750348
16.9087 0.0225611 0.000725483
16.9455 0.0225871 0.000706555
16.9828 0.022613 0.000694858
17.0204 0.0226389 0.00068866
17.0579 0.0226646 0.000685552
17.0956 0.0226904 0.000684228
17.1338 0.0227163 0.000677311
17.1725 0.0227418 0.000659077
17.2115 0.0227661 0.00062371
17.2493 0.0227876 0.00056683
17.2865 0.0228055 0.000483172
17.3231 0.0228193 0.000375646
17.3595 0.0228284 0.00024928
17.3958 0.0228325 0.000113865
17.4322 0.0228315 -2.69548e-05
17.4686 0.0228253 -0.000170439
17.5051 0.0228139 -0.000313182
