t x vx
0.01 0.022001 9.88688e-05
0.02 0.0220029 0.000186662
0.0590843 0.0220236 0.000529765
0.0982036 0.0220581 0.000882053
0.138854 0.0221088 0.00124872
0.181092 0.0221776 0.00162867
0.224483 0.0222651 0.00201651
0.268472 0.0223708 0.00240225
0.312812 0.0224937 0.00277287
0.357153 0.0226315 0.00310763
0.401332 0.0227805 0.00337237
0.44514 0.0229364 0.00355726
0.488416 0.0230941 0.00364598
0.531245 0.0232501 0.00364191
0.573644 0.0234004 0.00354498
0.615401 0.0235395 0.00332946
0.656963 0.0236644 0.00300574
0.697917 0.0237706 0.0025939
0.739253 0.0238571 0.00209175
0.780081 0.0239183 0.00150043
0.820839 0.0239516 0.00081574
0.861835 0.0239535 4.73117e-05
0.902862 0.0239214 -0.000783056
0.943745 0.0238543 -0.00164165
0.984543 0.0237512 -0.00252733
1.02523 0.0236114 -0.00343579
1.06603 0.0234337 -0.00435373
1.10644 0.0232217 -0.00524624
1.14669 0.0229767 -0.00608748
1.18731 0.0226986 -0.0068464
1.22822 0.0223932 -0.00746575
1.2692 0.0220694 -0.00790054
1.31034 0.0217354 -0.00811843
1.35082 0.0214077 -0.00809678
1.39062 0.0210959 -0.00783365
1.4295 0.0208103 -0.00734662
1.46713 0.0205592 -0.0066725
1.50442 0.0203419 -0.00582584
1.54152 0.0201629 -0.00482595
1.5788 0.0200251 -0.00369487
1.6151 0.0199346 -0.00249456
1.65168 0.0198898 -0.00122418
1.68746 0.0198918 5.44518e-05
1.7232 0.0199392 0.00132812
1.76008 0.0200347 0.00258958
1.79676 0.0201727 0.00376087
1.83325 0.0203485 0.00481965
1.86963 0.0205576 0.00574574
1.90611 0.0207951 0.00651119
1.94298 0.0210567 0.00709706
1.98018 0.0213355 0.00749189
2.01765 0.0216235 0.00768762
2.05576 0.0219162 0.0076799
2.09481 0.0222076 0.00746147
2.13338 0.0224797 0.00705567
2.17211 0.0227309 0.00648562
2.21098 0.0229552 0.00577159
2.25014 0.0231489 0.00494553
2.2885 0.023305 0.00406917
2.32617 0.0234246 0.00317412
2.36324 0.0235096 0.00229287
2.3997 0.0235624 0.00144764
2.4356 0.0235855 0.000643828
2.47114 0.0235818 -0.000104577
2.50674 0.0235541 -0.000775753
2.54235 0.0235063 -0.00134342
2.57812 0.0234415 -0.00181037
2.61468 0.0233619 -0.00217844
2.65155 0.0232722 -0.00243446
2.68884 0.0231757 -0.00258723
2.72701 0.0230749 -0.00263972
2.76654 0.0229723 -0.00259503
2.80591 0.0228755 -0.00245893
2.84503 0.0227873 -0.00225476
2.88421 0.0227091 -0.00199697
2.92344 0.0226417 -0.00171835
2.96258 0.0225845 -0.0014614
3.00164 0.0225352 -0.00126096
3.04047 0.0224909 -0.00114182
3.07925 0.0224479 -0.0011092
3.11753 0.0224031 -0.00116837
3.1553 0.0223533 -0.0013189
3.19306 0.0222947 -0.00155207
3.23119 0.0222239 -0.0018564
3.26993 0.0221378 -0.00222261
3.30917 0.0220343 -0.00263894
3.34831 0.021914 -0.00307404
3.38794 0.0217749 -0.00350828
3.42758 0.0216203 -0.00390088
3.4659 0.0214592 -0.00420236
3.5036 0.0212934 -0.00439988
3.54114 0.0211254 -0.00447616
3.57878 0.0209593 -0.00441232
3.6167 0.0208005 -0.00418757
3.65501 0.0206551 -0.00379569
3.69379 0.0205295 -0.00323801
3.73295 0.0204307 -0.00252203
3.77191 0.0203658 -0.00166607
3.80999 0.0203392 -0.00070008
3.84766 0.0203523 0.000349898
3.8841 0.0204042 0.00142194
3.92053 0.0204956 0.00251037
3.95773 0.0206303 0.00362136
3.99429 0.0208011 0.00467103
4.03029 0.0210038 0.00563232
4.06631 0.0212379 0.00649944
4.10264 0.0215012 0.00724572
4.13799 0.0217775 0.00781621
4.17298 0.0220647 0.0082084
4.20834 0.0223622 0.0084117
4.24456 0.0226663 0.00839877
4.2818 0.0229698 0.00814866
4.32038 0.0232644 0.007636
4.36059 0.0235398 0.00684723
4.40074 0.0237742 0.00583911
4.44048 0.0239596 0.00466464
4.4799 0.0240925 0.00337256
4.51865 0.0241702 0.0020057
4.55736 0.0241925 0.000576224
4.59591 0.0241594 -0.000859731
4.63333 0.0240764 -0.00221822
4.67125 0.023943 -0.00351665
4.70723 0.0237762 -0.00463588
4.74222 0.0235812 -0.00557232
4.77737 0.0233583 -0.00634269
4.81358 0.0231073 -0.0069321
4.85042 0.0228382 -0.00730317
4.88625 0.0225718 -0.00743715
4.92245 0.0223057 -0.00735144
4.96018 0.0220403 -0.00703303
4.99985 0.0217839 -0.00646351
5.03868 0.021563 -0.00568778
5.07789 0.0213785 -0.00470698
5.11661 0.0212405 -0.00356333
5.15551 0.0211516 -0.002285
5.19336 0.0211156 -0.000952358
5.23031 0.0211295 0.000377072
5.26814 0.0211933 0.00168593
5.3054 0.0213006 0.00287818
5.34252 0.0214457 0.00391078
5.37923 0.0216191 0.00472401
5.41615 0.0218148 0.00529962
5.45208 0.0220159 0.00559723
5.48709 0.0222127 0.00562179
5.5222 0.0224015 0.0053776
5.55864 0.0225778 0.00483884
5.59747 0.0227318 0.00396414
5.63628 0.0228409 0.00281226
5.67436 0.0228964 0.00145728
5.7127 0.0228929 -9.12187e-05
5.7507 0.0228265 -0.00174893
5.78877 0.0226947 -0.00346041
5.82551 0.0225083 -0.00507423
5.86368 0.0222563 -0.00660323
5.90097 0.0219631 -0.0078608
5.93633 0.0216524 -0.00878908
5.97127 0.0213239 -0.00940197
6.00692 0.0209795 -0.00966088
6.04365 0.0206303 -0.0095067
6.08039 0.0203031 -0.00890385
6.11755 0.0200112 -0.00785596
6.15443 0.0197743 -0.00642457
6.19177 0.0196021 -0.00460982
6.22827 0.0195108 -0.00250255
6.26419 0.0195049 -0.000163592
6.29946 0.0195866 0.00231715
6.33467 0.0197569 0.0048351
6.36908 0.0200069 0.00726329
6.40446 0.0203462 0.00959422
6.44041 0.0207667 0.0116952
6.47571 0.0212411 0.0134378
6.51028 0.0217522 0.014785
6.54559 0.0223084 0.0157499
6.5828 0.0229134 0.0162611
6.61944 0.0235074 0.0162133
6.65447 0.024055 0.0156322
6.69127 0.0245878 0.0144755
6.72854 0.0250619 0.0127236
6.76571 0.0254486 0.0104026
6.80227 0.0257298 0.00769167
6.83819 0.0258995 0.00472426
6.87391 0.0259548 0.00154885
6.90849 0.0258988 -0.00162002
6.94259 0.025738 -0.00471535
6.97546 0.0254897 -0.00755558
7.00754 0.0251652 -0.0101141
7.04183 0.0247351 -0.0125437
7.07564 0.0242433 -0.0145452
7.10842 0.0237156 -0.0160982
7.14328 0.0231127 -0.0172937
7.17968 0.0224571 -0.0180114
7.2161 0.0217949 -0.0181812
7.25311 0.0211367 -0.0177836
7.29071 0.0205055 -0.0167897
7.32877 0.0199286 -0.0151592
7.36695 0.0194328 -0.0129855
7.40384 0.0190495 -0.0103908
7.44006 0.0187778 -0.00749903
7.47617 0.0186188 -0.00440426
7.51111 0.0185743 -0.00127282
7.54663 0.0186422 0.00191132
7.58111 0.0188099 0.00486177
7.61384 0.0190547 0.00748092
7.64987 0.0194154 0.0100103
7.68527 0.0198443 0.0121167
7.71994 0.0203223 0.0137873
7.75486 0.0208474 0.0150346
7.79213 0.0214379 0.0158451
7.82981 0.0220449 0.0161086
7.86817 0.022652 0.0158268
7.90642 0.0232238 0.0149517
7.94545 0.0237503 0.0134891
7.98468 0.0242005 0.0114759
8.02323 0.0245483 0.00902084
8.06165 0.0247889 0.00626219
8.09888 0.024914 0.00336004
8.13691 0.0249247 0.000281773
8.17395 0.0248254 -0.0026817
8.21165 0.0246161 -0.00555085
8.24825 0.0243204 -0.00807874
8.284 0.023955 -0.0102222
8.32202 0.0234965 -0.0120583
8.35958 0.0229939 -0.0133828
8.39529 0.0224885 -0.0141519
8.43336 0.0219397 -0.014415
8.47165 0.0214002 -0.0140902
8.51028 0.0208912 -0.0131741
8.54911 0.0204384 -0.0116641
8.58722 0.0200692 -0.00968736
8.62552 0.0197916 -0.00724854
8.66312 0.0196202 -0.00455601
8.7011 0.019558 -0.00163795
8.73742 0.0196045 0.00127868
8.77519 0.0197653 0.00425652
8.81203 0.0200218 0.00696463
8.8467 0.0203434 0.0092766
8.88524 0.0207841 0.0114332
8.92367 0.0212881 0.0131132
8.96121 0.021824 0.014276
8.99908 0.022388 0.0148957
9.03698 0.0229537 0.0149267
9.0749 0.0234989 0.0143767
9.11297 0.0240021 0.0132176
9.15123 0.024441 0.0114716
9.18958 0.0247931 0.00918077
9.22731 0.0250383 0.00649846
9.26432 0.0251714 0.00359729
9.30132 0.0251904 0.000513308
9.33617 0.025104 -0.00247842
9.37299 0.0249001 -0.00553968
9.40818 0.024608 -0.0082988
9.44248 0.0242403 -0.0107221
9.47739 0.0237917 -0.0128489
9.51198 0.0232876 -0.0145773
9.54755 0.0227223 -0.0158875
9.58368 0.022119 -0.016703
9.62055 0.0214933 -0.0169681
9.65775 0.0208744 -0.0166397
9.6953 0.0202843 -0.0157102
9.73321 0.0197482 -0.0141443
9.77123 0.0192918 -0.0120023
9.80828 0.0189427 -0.00942515
9.84492 0.0187047 -0.00649388
9.88122 0.0185819 -0.00338309
9.9161 0.0185732 -0.000249229
9.95154 0.0186778 0.00295102
9.98604 0.0188825 0.00593257
10.0196 0.0191715 0.00862001
10.0559 0.0195779 0.0111894
10.0926 0.0200691 0.0133964
10.1272 0.0205926 0.0150911
10.1637 0.0211897 0.0163973
10.2007 0.0218258 0.0171897
10.2382 0.022479 0.0174198
10.2759 0.0231235 0.0170868
10.3139 0.0237369 0.0161517
10.3522 0.0242964 0.0145996
10.3906 0.0247768 0.0124872
10.4288 0.0251532 0.00987009
10.4662 0.0254134 0.00696037
10.5025 0.025555 0.00389853
10.5395 0.0255789 0.000646472
10.5753 0.0254894 -0.00249708
10.6111 0.0252919 -0.00552042
10.6457 0.0250077 -0.00822345
10.6796 0.0246487 -0.0105976
10.7158 0.0241865 -0.0127401
10.7519 0.0236667 -0.0144152
10.787 0.0231196 -0.0155918
10.8244 0.0225092 -0.0163171
10.8618 0.0218932 -0.0164673
10.8997 0.0212844 -0.0160549
10.9382 0.0207052 -0.0150548
10.9769 0.0201847 -0.0134421
11.0158 0.0197447 -0.0113071
11.0542 0.0194099 -0.00871458
11.0912 0.0191913 -0.00592091
11.1283 0.0190829 -0.00291757
11.1641 0.0190866 0.000102977
11.2014 0.0192057 0.00319752
11.2373 0.0194219 0.00601297
11.2713 0.0197089 0.00845391
11.3092 0.0201173 0.0107816
11.3474 0.0206026 0.0126783
11.3842 0.0211187 0.014043
11.421 0.0216669 0.0149062
11.4591 0.0222477 0.0152361
11.4974 0.0228228 0.0149958
11.5359 0.0233678 0.0141586
11.5747 0.023862 0.0127304
11.6137 0.0242805 0.0107454
11.6522 0.0245998 0.00829012
11.6906 0.0248118 0.00552024
11.7284 0.0249088 0.00256717
11.7662 0.024889 -0.000522162
11.8026 0.0247628 -0.00346424
11.8391 0.0245335 -0.00628134
11.8746 0.0242223 -0.00877636
11.9096 0.0238398 -0.0109297
11.9472 0.0233583 -0.0128086
11.9843 0.0228319 -0.0141772
12.0203 0.0222915 -0.015005
12.0581 0.0217137 -0.015308
12.096 0.0211441 -0.0150172
12.1343 0.0206032 -0.0141246
12.1727 0.020118 -0.0126157
12.2113 0.0197108 -0.0105714
12.2495 0.0194027 -0.00805161
12.2869 0.0192066 -0.00524647
12.3241 0.0191229 -0.00225244
12.3596 0.0191493 0.000744734
12.3963 0.0192894 0.003817
12.4322 0.0195286 0.00665863
12.4662 0.0198397 0.00913641
12.504 0.0202735 0.0114953
12.5418 0.0207818 0.013425
12.5781 0.0213203 0.0148365
12.6153 0.0219066 0.0157715
12.6531 0.0225163 0.0161477
12.6909 0.02312 0.0159417
12.7289 0.0236956 0.0151518
12.7672 0.0242209 0.0137384
12.8055 0.0246719 0.0117517
12.8439 0.0250261 0.00923747
12.8813 0.0252658 0.00641119
12.9178 0.0253904 0.00340643
12.9547 0.0253983 0.000215002
12.9906 0.0252943 -0.00290087
13.0264 0.0250825 -0.00591201
13.0612 0.0247826 -0.00862669
13.0949 0.0244125 -0.0109868
13.1315 0.0239308 -0.0131574
13.1665 0.0234128 -0.0148123
13.2016 0.0228498 -0.0160221
13.2387 0.0222283 -0.0167661
13.2758 0.0215999 -0.0169337
13.3134 0.0209791 -0.0165203
13.3514 0.0203898 -0.0155072
13.3897 0.0198588 -0.0138593
13.4281 0.0194101 -0.0116696
13.4658 0.0190694 -0.00903188
13.5028 0.0188438 -0.00610845
13.5395 0.0187336 -0.00300354
13.5746 0.0187372 0.000102021
13.6112 0.0188578 0.00329975
13.6468 0.0190804 0.00624875
13.6804 0.0193767 0.00881403
13.7178 0.0197987 0.0112899
13.7554 0.020301 0.0133484
13.7909 0.0208282 0.0148677
13.8273 0.0214082 0.0159439
13.8645 0.0220223 0.0165039
13.9024 0.0226486 0.0165049
13.9406 0.0232572 0.0159275
13.9791 0.0238235 0.0147361
14.0178 0.0243258 0.0129672
14.0567 0.0247397 0.0106415
14.0947 0.0250413 0.00792827
14.1328 0.0252289 0.00493052
14.1699 0.0252968 0.00183126
14.2048 0.025256 -0.00116588
14.2422 0.0250959 -0.00427883
14.278 0.0248422 -0.00709036
14.3134 0.0245021 -0.00959921
14.3483 0.0240926 -0.0117339
14.3831 0.0236234 -0.0134794
14.4187 0.0230974 -0.0148029
14.4549 0.0225302 -0.015649
14.4926 0.0219296 -0.0159577
14.5305 0.0213346 -0.0156847
14.5689 0.0207653 -0.0148191
14.6075 0.0202502 -0.0133367
14.6464 0.0198105 -0.0113165
14.6846 0.0194724 -0.00884132
14.7221 0.0192451 -0.00607019
14.7592 0.0191295 -0.00311837
14.7953 0.0191259 -9.8506e-05
14.8317 0.0192333 0.00294595
14.8672 0.0194375 0.00576146
14.9016 0.0197229 0.00828271
14.9391 0.0201217 0.0106486
14.9767 0.0205954 0.0126006
15.0133 0.0211112 0.0140658
15.0503 0.0216673 0.0150423
15.0884 0.0222566 0.0154828
15.1266 0.0228433 0.0153494
15.1649 0.0234045 0.0146313
15.2036 0.0239184 0.0133049
15.2424 0.0243613 0.0114119
15.281 0.0247091 0.00899931
15.319 0.0249472 0.00626142
15.3561 0.0250711 0.00334307
15.3938 0.0250796 0.000224321
15.4299 0.0249789 -0.00278639
15.467 0.0247652 -0.00576303
15.5028 0.0244632 -0.00842255
15.5376 0.0240906 -0.0107108
15.5744 0.0236223 -0.0127341
15.6099 0.0231158 -0.014263
15.6455 0.022571 -0.0153237
15.6829 0.0219767 -0.0158905
15.7205 0.0213794 -0.0158707
15.7585 0.0207988 -0.0152621
15.7969 0.0202597 -0.0140392
15.8355 0.0197885 -0.0122162
15.8732 0.0194139 -0.00993562
15.9108 0.0191425 -0.00722598
15.9476 0.0189838 -0.00431391
15.9848 0.0189394 -0.00119399
16.0212 0.0190099 0.0019363
16.0565 0.0191827 0.00489631
16.093 0.0194653 0.00773168
16.1283 0.0198245 0.0101806
16.166 0.0202922 0.0124055
16.203 0.0208152 0.0141508
16.2399 0.0213854 0.0154187
16.2771 0.021987 0.0161682
16.3151 0.0226074 0.016361
16.3531 0.0232159 0.0159823
16.3914 0.0237894 0.0150017
16.43 0.0243068 0.013408
16.4686 0.0247421 0.0112578
16.5068 0.0250715 0.00862751
16.5446 0.025287 0.00570609
16.5818 0.0253844 0.0026178
16.6186 0.0253633 -0.000573132
16.6544 0.0252332 -0.00363494
16.6897 0.025003 -0.00652348
16.7242 0.0246881 -0.00912293
16.7581 0.0243012 -0.0113882
16.7942 0.0238181 -0.0133983
16.8303 0.023278 -0.0149501
16.8659 0.0227087 -0.0160013
16.9033 0.0220901 -0.0165599
16.9408 0.0214697 -0.016539
16.9787 0.0208647 -0.0159382
17.0172 0.0202981 -0.0147249
17.0559 0.0197992 -0.0129063
17.0942 0.0193931 -0.0105955
17.1323 0.0190944 -0.00783297
17.1695 0.0189131 -0.00487266
17.2069 0.0188489 -0.00171867
17.2434 0.0189015 0.00144029
17.2793 0.0190617 0.00446908
17.3156 0.0193274 0.00731617
17.3511 0.0196753 0.00980529
17.3886 0.020127 0.0120469
17.4256 0.0206384 0.0138212
17.4624 0.0211952 0.0151127
17.4994 0.0217839 0.0158926
17.5376 0.0223985 0.0161295
17.5758 0.0230034 0.0157977
17.6143 0.0235753 0.0148618
17.6532 0.024093 0.0133245
17.6922 0.0245307 0.0112286
17.7306 0.0248637 0.008663
17.7687 0.0250847 0.00580119
17.8061 0.0251884 0.00277357
17.8436 0.0251738 -0.00039048
17.8799 0.0250501 -0.00341072
17.9159 0.0248238 -0.0062786
17.9508 0.0245161 -0.00882097
17.9854 0.0241337 -0.0110424
18.0222 0.0236558 -0.0129894
18.0589 0.0231257 -0.0144565
18.0947 0.0225738 -0.0154051
18.1325 0.0219752 -0.0158499
18.1704 0.0213797 -0.0157076
18.2088 0.0208048 -0.0149791
18.2475 0.0202775 -0.0136331
18.2863 0.0198218 -0.0117201
18.3242 0.0194673 -0.0093727
18.3618 0.0192175 -0.0066383
18.399 0.0190795 -0.00371211
18.4359 0.019056 -0.000636069
18.472 0.0191427 0.00240742
18.5074 0.01933 0.00529087
18.5436 0.01962 0.00800237
18.5799 0.0199976 0.0103946
18.6177 0.0204692 0.0124749
