t x vx
0.01 0.0220005 4.80857e-05
0.02 0.0220012 6.70669e-05
0.0449356 0.0220048 0.000147778
0.0701224 0.0220111 0.000247713
0.0963355 0.0220209 0.000373109
0.123595 0.0220351 0.000522271
0.151818 0.0220546 0.000691717
0.180698 0.0220801 0.000881915
0.209814 0.022112 0.00109737
0.238894 0.0221509 0.001338
0.267761 0.0221973 0.00160523
0.296403 0.0222461 0.00170595
0.324669 0.0222979 0.00183047
0.352403 0.0223519 0.0019492
0.379833 0.0224075 0.00202562
0.40709 0.0224645 0.00209094
0.434134 0.0225223 0.00213811
0.460116 0.0225818 0.00228926
0.486369 0.022641 0.00225495
0.513294 0.0226995 0.0021728
0.54037 0.022758 0.00216089
0.567416 0.0228145 0.00208757
0.594243 0.0228673 0.00197028
0.620827 0.0229156 0.00181609
0.64723 0.0229586 0.00162827
0.67352 0.0229958 0.00141342
0.699758 0.0230269 0.00118557
0.726003 0.0230519 0.000954228
0.752183 0.023071 0.000728367
0.778348 0.0230806 0.000367429
0.80457 0.0230813 2.79962e-05
0.830896 0.0230739 -0.000281617
0.857187 0.0230593 -0.000554629
0.883419 0.0230384 -0.000799652
0.909262 0.0230122 -0.00101246
0.934744 0.022982 -0.00118464
0.960115 0.0229488 -0.00130939
0.985562 0.0229136 -0.00138293
1.01131 0.0228774 -0.00140482
1.03675 0.0228425 -0.00137085
1.06224 0.0228098 -0.00128487
1.08797 0.02278 -0.00115653
1.11394 0.0227541 -0.000996816
1.14012 0.0227327 -0.000818131
1.16639 0.022716 -0.000637334
1.19262 0.0227036 -0.000474059
1.21871 0.0226943 -0.000356143
1.24466 0.0226865 -0.000300244
1.27054 0.0226783 -0.000315899
1.29646 0.0226677 -0.000407355
1.32235 0.022653 -0.000570648
1.34821 0.0226324 -0.000796609
1.3742 0.0226046 -0.00106824
1.40036 0.0225688 -0.00136926
1.4264 0.022525 -0.00168103
1.45236 0.0224735 -0.00198535
1.47813 0.0224149 -0.00227159
1.50382 0.02235 -0.00252766
1.52985 0.0222784 -0.00274929
1.55524 0.0222045 -0.00291142
1.58033 0.0221293 -0.00299849
1.60578 0.0220532 -0.00298927
1.63189 0.0219784 -0.00286412
1.65775 0.0219103 -0.00263184
1.6838 0.0218506 -0.00229316
1.70991 0.0218021 -0.00185785
1.73578 0.0217668 -0.00136478
1.76145 0.0217447 -0.000860851
1.78676 0.0217351 -0.000378319
1.8117 0.0217365 5.71506e-05
1.83634 0.0217469 0.000418697
1.86083 0.0217663 0.000792397
1.88495 0.0217895 0.000961929
1.90879 0.0218141 0.00103366
1.93265 0.0218381 0.0010057
1.9566 0.0218592 0.000881271
1.98026 0.0218751 0.000673485
2.00405 0.0218844 0.000390346
2.02836 0.0218854 4.15852e-05
2.05362 0.0218767 -0.000346628
2.07865 0.0218618 -0.000595231
2.10339 0.0218421 -0.000796156
2.12755 0.0218195 -0.000934996
2.15136 0.0217954 -0.0010136
2.17511 0.0217678 -0.00116091
2.19901 0.0217412 -0.00111398
2.22322 0.0217172 -0.000990473
2.24747 0.0216985 -0.000769012
2.27194 0.0216881 -0.000426364
2.29644 0.0216887 2.25647e-05
2.32078 0.0216989 0.000421577
2.34493 0.0217204 0.000889094
2.36933 0.0217547 0.00140767
2.39342 0.0218015 0.00194012
2.41729 0.02186 0.00245045
2.44111 0.0219293 0.00291041
2.465 0.022008 0.0032957
2.48815 0.0220908 0.00357676
2.51093 0.0221791 0.0038762
2.53376 0.0222714 0.00404285
2.55696 0.0223659 0.00407105
2.58067 0.0224598 0.00395954
2.60493 0.0225497 0.00370557
2.62882 0.0226291 0.00332621
2.65233 0.0226963 0.00285816
2.67569 0.022751 0.0023401
2.69911 0.0227932 0.00180431
2.72277 0.0228236 0.00128389
2.74654 0.0228431 0.000818761
2.77003 0.0228537 0.000451703
2.79337 0.0228584 0.000203088
2.81659 0.0228603 8.25823e-05
2.83972 0.0228625 9.15829e-05
2.86265 0.0228677 0.000227596
2.88547 0.022879 0.000496736
2.90813 0.0228993 0.000894119
2.93099 0.0229309 0.00138265
2.95437 0.0229762 0.00194021
2.97772 0.0230354 0.00253435
3.00102 0.0231083 0.00312751
3.02473 0.0231957 0.00368548
3.04868 0.0232954 0.00416202
3.07211 0.0234012 0.004519
3.09539 0.0235117 0.00474351
3.11846 0.0236226 0.0048071
3.14088 0.0237277 0.00468906
3.16291 0.0238247 0.00440054
3.18493 0.0239117 0.00395385
3.20733 0.0239867 0.00334847
3.23045 0.0240469 0.00260417
3.25449 0.0240891 0.00175511
3.27856 0.0241099 0.000863992
3.30301 0.0241088 -4.66576e-05
3.32742 0.0240862 -0.00092615
3.35076 0.0240468 -0.00168727
3.37366 0.0239938 -0.00231521
3.39634 0.0239305 -0.00278983
3.41883 0.0238608 -0.00309783
3.44129 0.0237882 -0.00323323
3.46411 0.0237151 -0.00320454
3.48767 0.0236442 -0.00301039
3.51107 0.0235815 -0.00267715
3.53428 0.0235296 -0.00223498
3.55789 0.0234897 -0.00169201
3.58224 0.0234638 -0.00106313
3.60678 0.0234547 -0.000369371
3.63065 0.0234627 0.000335052
3.65495 0.0234875 0.00102108
3.67919 0.0235275 0.00164848
3.70302 0.0235793 0.00217498
3.72669 0.02364 0.00256542
3.7502 0.0237055 0.00278501
3.77314 0.0237698 0.00280072
3.79585 0.0238292 0.00261636
3.8187 0.0238803 0.00223751
3.84204 0.0239195 0.0016786
3.8661 0.0239423 0.000948845
3.89044 0.0239446 9.36817e-05
3.91393 0.0239259 -0.000796084
3.93751 0.0238856 -0.00170827
3.96086 0.0238251 -0.00259288
3.9841 0.0237457 -0.00341386
4.00639 0.0236541 -0.00411174
4.02824 0.0235519 -0.00467851
4.04989 0.0234415 -0.00509756
4.07175 0.0233244 -0.00535778
4.09428 0.023202 -0.00543003
4.1178 0.0230776 -0.00528889
4.14212 0.0229575 -0.00493909
4.16607 0.0228517 -0.00441637
4.18972 0.0227628 -0.00375875
4.21369 0.0226913 -0.00298463
4.23831 0.0226391 -0.00212081
4.26381 0.0226083 -0.00120601
4.28811 0.0225998 -0.000351338
4.31199 0.0226101 0.000429101
4.33621 0.0226374 0.00112813
4.35975 0.0226773 0.00169673
4.38281 0.0227263 0.00212383
4.40587 0.0227818 0.0024075
4.42839 0.0228383 0.00251058
4.45043 0.0228913 0.00240489
4.47249 0.0229377 0.00210004
4.49502 0.0229738 0.00160395
4.51829 0.0229957 0.000942784
4.54179 0.0229997 0.000166434
4.56536 0.0229836 -0.000680286
4.5894 0.0229466 -0.00154098
4.61339 0.0228898 -0.00236473
4.63705 0.0228162 -0.00311064
4.65966 0.0227326 -0.00370141
4.68114 0.0226446 -0.00409609
4.7019 0.0225555 -0.00428864
4.72271 0.0224664 -0.00428682
4.74403 0.0223791 -0.00409115
4.76569 0.022299 -0.00370011
4.7869 0.0222321 -0.00315151
4.80865 0.022179 -0.00244276
4.83148 0.0221434 -0.00155971
4.85503 0.0221311 -0.000520607
4.87878 0.0221465 0.000646392
4.90234 0.0221906 0.00187274
4.9261 0.022265 0.00313011
4.94986 0.0223684 0.00435188
4.97353 0.0224981 0.00548108
4.99694 0.0226492 0.00645617
5.02024 0.0228174 0.00721789
5.04268 0.0229903 0.00770652
5.06491 0.0231665 0.00792314
5.08718 0.0233414 0.00785596
5.11 0.0235124 0.00749195
5.13343 0.0236725 0.00683132
5.15763 0.0238147 0.00587698
5.18194 0.0239292 0.00471215
5.20606 0.0240114 0.00340513
5.23004 0.024059 0.00198643
5.25339 0.0240719 0.000554046
5.27681 0.0240519 -0.000856573
5.3006 0.0239996 -0.00219833
5.32282 0.0239258 -0.00331854
5.34463 0.0238334 -0.00424086
5.36625 0.0237261 -0.00496107
5.38715 0.0236118 -0.00547063
5.40757 0.0234936 -0.00578803
5.42762 0.0233753 -0.00590103
5.44762 0.0232592 -0.00580375
5.46796 0.0231477 -0.00548396
5.48895 0.0230443 -0.00492623
5.51102 0.0229537 -0.00410101
5.53473 0.0228833 -0.00297051
5.55979 0.0228439 -0.00157079
5.58473 0.0228438 -3.96998e-06
5.60884 0.0228825 0.00160381
5.63268 0.0229589 0.0032035
5.65686 0.023074 0.00476064
5.68074 0.0232216 0.00618123
5.70451 0.0233969 0.00737497
5.7278 0.0235894 0.00826543
5.75095 0.0237932 0.00880339
5.77371 0.0239969 0.00894965
5.79563 0.0241886 0.00874396
5.81719 0.0243654 0.00820436
5.83877 0.0245236 0.00732852
5.86079 0.0246582 0.00611107
5.8836 0.024762 0.00455111
5.90691 0.0248243 0.00267296
5.92949 0.0248385 0.000627524
5.95171 0.0248045 -0.00152614
5.97473 0.024717 -0.00380338
5.9977 0.0245775 -0.00607446
6.021 0.0243847 -0.00827357
6.04318 0.0241587 -0.0101862
6.06549 0.0238949 -0.0118272
6.08841 0.0235936 -0.0131448
6.11233 0.0232573 -0.0140625
6.13692 0.0229012 -0.0144801
6.1616 0.0225472 -0.014343
6.18647 0.0222082 -0.0136318
6.21084 0.0219049 -0.0124448
6.23529 0.0216409 -0.010799
6.2599 0.0214268 -0.00869596
6.284 0.0212766 -0.00623591
6.30763 0.0211935 -0.00351618
6.33173 0.0211812 -0.000508462
6.35465 0.0212383 0.00249262
6.37765 0.0213656 0.00553403
6.40077 0.0215614 0.00846729
6.42421 0.021823 0.0111574
6.4472 0.0221305 0.0133756
6.46959 0.0224672 0.015042
6.4919 0.0228279 0.0161627
6.51423 0.0232003 0.0166774
6.53686 0.0235742 0.0165292
6.55936 0.0239279 0.0157174
6.58229 0.0242551 0.0142671
6.60605 0.0245429 0.0121156
6.62913 0.0247611 0.00945432
6.65215 0.0249064 0.00631042
6.67479 0.0249711 0.00285785
6.69773 0.0249514 -0.000858299
6.71936 0.0248556 -0.00442714
6.74053 0.0246908 -0.00778835
6.76239 0.024451 -0.0109696
6.7852 0.0241351 -0.0138524
6.806 0.0238014 -0.0160378
6.82701 0.0234292 -0.0177172
6.84922 0.023011 -0.0188304
6.87284 0.0225563 -0.0192473
6.89717 0.0220982 -0.0188347
6.92161 0.0216692 -0.0175499
6.9454 0.0213 -0.0155226
6.96981 0.0209891 -0.0127319
6.99333 0.0207666 -0.00946058
7.01688 0.0206302 -0.00579427
7.04026 0.0205872 -0.00183583
7.06338 0.0206385 0.00221646
7.08558 0.0207733 0.00607475
7.10816 0.0209948 0.00981087
7.13038 0.021287 0.0131506
7.15352 0.0216589 0.0160695
7.17613 0.022073 0.0183121
7.19818 0.0225111 0.0198728
7.22038 0.0229714 0.0207368
7.24296 0.0234418 0.0208327
7.26591 0.0239035 0.0201164
7.28835 0.0243207 0.0185908
7.31106 0.0246895 0.0162439
7.33403 0.0249928 0.0131995
7.35747 0.0252152 0.00948657
7.38011 0.0253411 0.00556301
7.40188 0.0253745 0.00153298
7.42352 0.0253198 -0.00252668
7.44566 0.0251747 -0.00655552
7.46702 0.0249574 -0.0101732
7.48818 0.0246743 -0.0133801
7.51053 0.0243116 -0.0162284
7.53348 0.0238861 -0.0185377
7.55526 0.0234474 -0.0201394
7.57734 0.0229825 -0.0210573
7.60106 0.0224803 -0.0211763
7.62535 0.0219842 -0.0204166
7.64988 0.0215244 -0.0187496
7.67424 0.0211286 -0.0162504
7.6976 0.0208203 -0.0131952
7.72067 0.0205981 -0.00963265
7.7433 0.0204677 -0.00576
7.76679 0.0204328 -0.00148676
7.78979 0.0204957 0.00273521
7.81236 0.0206492 0.00679886
7.83468 0.0208855 0.0105883
7.85674 0.0211928 0.0139308
7.88057 0.0215957 0.0169048
7.90435 0.0220514 0.0191701
7.92751 0.0225302 0.0206675
7.95084 0.0230284 0.0213613
7.97473 0.0235346 0.0211859
7.99868 0.0240161 0.0201014
8.02284 0.0244535 0.0181055
8.04699 0.0248215 0.0152381
8.07029 0.0250965 0.0118014
8.09391 0.0252816 0.00783634
8.11618 0.0253667 0.00382217
8.13749 0.0253621 -0.000215447
8.159 0.0252708 -0.00424677
8.18123 0.0250882 -0.00821013
8.20356 0.024824 -0.0118292
8.22501 0.0245054 -0.0148556
8.2481 0.0241009 -0.0175193
8.27144 0.0236443 -0.0195635
8.29472 0.0231587 -0.020858
8.31861 0.022649 -0.0213365
8.34287 0.0221414 -0.0209304
8.36739 0.0216606 -0.0196044
8.39197 0.0212334 -0.0173805
8.41536 0.0208932 -0.0145427
8.43889 0.0206325 -0.0110815
8.46212 0.020465 -0.00721183
8.48561 0.0203948 -0.00298483
8.50794 0.0204216 0.00119673
8.53118 0.0205486 0.00546821
8.55367 0.0207604 0.00941752
8.57598 0.0210501 0.012986
8.59912 0.0214233 0.0161258
8.62302 0.0218703 0.0187044
8.64639 0.0223497 0.0205127
8.66946 0.0228463 0.021525
8.69322 0.0233617 0.0216942
8.71707 0.0238611 0.0209377
8.74108 0.0243241 0.0192836
8.76514 0.0247264 0.0167221
8.78843 0.0250415 0.0135273
8.81183 0.0252686 0.0097048
8.8352 0.0253986 0.00556371
8.85774 0.0254285 0.00132724
8.87948 0.025367 -0.00282801
8.90247 0.0252056 -0.00702171
8.92414 0.0249743 -0.0106773
8.94582 0.0246723 -0.0139225
8.96801 0.0243017 -0.0167035
8.99196 0.0238461 -0.0190242
9.01474 0.0233779 -0.0205527
9.0381 0.0228798 -0.0213235
9.06213 0.0223695 -0.0212332
9.08662 0.0218739 -0.0202388
9.11121 0.0214233 -0.0183229
9.13536 0.0210459 -0.0156269
9.15929 0.0207518 -0.0122926
9.18277 0.020552 -0.00850903
9.20641 0.0204497 -0.00432915
9.22925 0.020448 -7.25833e-05
9.25214 0.0205437 0.0041794
9.27422 0.0207234 0.00813833
9.29733 0.0209989 0.011923
9.31991 0.0213408 0.0151416
9.34349 0.0217624 0.0178819
9.36691 0.0222287 0.0199055
9.38988 0.0227146 0.021156
9.41351 0.0232245 0.021577
9.43734 0.0237269 0.0210815
9.46128 0.0241982 0.0196905
9.48535 0.0246167 0.0173821
9.50911 0.0249568 0.0143166
9.53252 0.0252061 0.0106531
9.55596 0.0253605 0.00658647
9.57815 0.0254154 0.00247304
9.60047 0.0253754 -0.00179326
9.62321 0.0252391 -0.00599531
9.64515 0.0250248 -0.00976704
9.66714 0.0247355 -0.0131574
9.68884 0.0243879 -0.0160132
9.71287 0.0239434 -0.018503
9.73549 0.0234863 -0.0202041
9.75868 0.0229952 -0.0211808
9.78263 0.0224846 -0.0213203
9.80705 0.0219822 -0.0205692
9.83164 0.0215178 -0.0188906
9.85617 0.0211168 -0.0163483
9.87958 0.0208065 -0.0132498
9.90271 0.0205837 -0.00963663
9.92542 0.0204542 -0.00569872
9.94897 0.0204219 -0.00137288
9.97197 0.0204884 0.00289321
9.99458 0.0206466 0.0069998
10.017 0.0208891 0.0108171
10.0391 0.0212022 0.0141708
10.0629 0.0216109 0.0171542
10.0867 0.0220728 0.0194332
10.1097 0.0225541 0.020932
10.1329 0.0230573 0.0216293
10.1568 0.0235689 0.0214527
10.1807 0.0240555 0.0203694
10.2048 0.0244979 0.0183705
10.2288 0.0248709 0.0154946
10.2521 0.0251511 0.0120395
10.2757 0.0253409 0.00805734
10.2979 0.0254303 0.00402762
10.3191 0.0254296 -3.39212e-05
10.3406 0.0253419 -0.00408906
10.3628 0.0251625 -0.00808003
10.385 0.0249017 -0.0117172
10.4064 0.0245859 -0.0147607
10.4295 0.0241826 -0.017457
10.4528 0.0237288 -0.0195284
10.4761 0.0232435 -0.0208514
10.4999 0.0227334 -0.0213613
10.5243 0.022223 -0.0209879
10.5489 0.0217385 -0.0196985
10.5736 0.0213061 -0.0175005
10.5971 0.0209604 -0.0146689
10.6208 0.0206954 -0.0112098
10.6441 0.0205239 -0.00733672
10.6678 0.0204505 -0.00310713
10.6901 0.0204744 0.00106866
10.7133 0.0205974 0.00531531
10.7357 0.0208044 0.00924179
10.7581 0.0210917 0.0128158
10.7812 0.0214596 0.0159396
10.8049 0.0218997 0.0185106
10.8283 0.0223752 0.0203271
10.8514 0.0228671 0.0213451
10.8752 0.0233794 0.0215204
10.899 0.023875 0.0207736
10.923 0.0243344 0.0191283
10.9471 0.0247335 0.0165732
10.9704 0.0250454 0.0133842
10.9938 0.0252694 0.00956812
11.0172 0.0253963 0.00543366
11.0398 0.0254232 0.00119044
11.0615 0.0253587 -0.00296455
11.0846 0.0251935 -0.00716698
11.1063 0.0249583 -0.0108279
11.128 0.0246525 -0.0140713
11.1502 0.0242784 -0.0168486
11.1743 0.0238163 -0.0191776
11.197 0.0233467 -0.0206982
11.2205 0.0228431 -0.0214687
11.2446 0.0223284 -0.0213761
11.2691 0.0218284 -0.0203821
11.2937 0.0213736 -0.0184674
11.318 0.0209914 -0.0157555
11.3419 0.0206941 -0.0124075
11.3653 0.0204922 -0.00862592
11.3889 0.0203874 -0.00445309
11.4118 0.0203833 -0.000179713
11.4347 0.020477 0.00409075
11.4567 0.0206546 0.00805742
11.4798 0.0209278 0.0118474
11.5023 0.0212671 0.0150718
11.5258 0.0216872 0.0178349
11.5493 0.0221528 0.0198835
11.5722 0.0226382 0.0211599
11.5958 0.0231479 0.0216156
11.6197 0.0236532 0.0211601
11.6436 0.024128 0.0198083
11.6678 0.024551 0.0175312
11.6917 0.0248971 0.0144745
11.7152 0.0251514 0.010815
11.7387 0.0253102 0.00674991
11.7608 0.0253691 0.00267348
11.7827 0.0253356 -0.0015264
