t x vx
0.01 0.0220001 1.24399e-05
0.02 0.0220003 1.54678e-05
0.0950443 0.0220041 5.07223e-05
0.170125 0.0220107 8.79249e-05
0.247803 0.0220209 0.000131449
0.328443 0.0220355 0.000180953
0.411607 0.022055 0.000235004
0.496532 0.0220799 0.000292291
0.582549 0.02211 0.000350598
0.668833 0.0221452 0.000407381
0.755073 0.022185 0.000461741
0.840911 0.0222289 0.000512151
0.926061 0.022276 0.00055226
1.01042 0.0223249 0.000579896
1.09415 0.0223743 0.000590558
1.17685 0.0224222 0.000579338
1.25908 0.0224667 0.000540013
1.34171 0.0225054 0.000468545
1.4241 0.0225352 0.000361942
1.50611 0.0225531 0.000217982
1.58783 0.0225562 3.79996e-05
1.6691 0.022542 -0.000173895
1.74981 0.0225088 -0.000411939
1.82991 0.022455 -0.000671122
1.90945 0.0223797 -0.000946648
1.98859 0.0222824 -0.00123044
2.06744 0.0221631 -0.00151303
2.14586 0.0220234 -0.00178134
2.22415 0.0218651 -0.00202204
2.30201 0.0216925 -0.00221648
2.37944 0.0215108 -0.00234706
2.45677 0.0213255 -0.00239592
2.53431 0.0211438 -0.00234305
2.61234 0.0209746 -0.00216782
2.69019 0.0208303 -0.00185355
2.76705 0.020723 -0.00139648
2.84286 0.0206623 -0.000800269
2.91769 0.0206569 -7.25308e-05
2.99142 0.0207134 0.000766556
3.06403 0.0208369 0.00170011
3.13574 0.0210308 0.00270358
3.20669 0.0212969 0.00375117
3.27708 0.021636 0.00481777
3.3474 0.0220488 0.00586963
3.41598 0.0225179 0.00684092
3.48358 0.0230387 0.00770281
3.55074 0.0236038 0.00841485
3.61774 0.0242012 0.00891559
3.68268 0.0247951 0.00914665
3.74611 0.0253704 0.00906904
3.80858 0.0259106 0.00864809
3.8705 0.0263968 0.00785128
3.93194 0.0268059 0.00665866
3.99105 0.0271097 0.00513942
4.0483 0.0273019 0.00335721
4.10376 0.027379 0.00139148
4.15754 0.0273422 -0.000685458
4.20927 0.0271982 -0.00278381
4.25923 0.0269546 -0.00487491
4.30739 0.0266204 -0.00694053
4.35258 0.0262174 -0.00891675
4.40055 0.0256869 -0.0110596
4.451 0.025015 -0.0133178
4.50691 0.0241318 -0.0157958
4.56209 0.0231288 -0.0181768
4.61733 0.0219992 -0.0204504
4.67054 0.0208016 -0.0225062
4.7236 0.0195085 -0.0243725
4.77404 0.0182004 -0.0259314
4.82201 0.0168972 -0.0271667
4.86717 0.0156311 -0.0280351
4.9094 0.0144286 -0.0284794
4.94818 0.0133262 -0.0284231
4.96226 0.0129235 -0.0285991
4.97478 0.0125637 -0.0287354
4.98514 0.0122658 -0.0287748
4.99466 0.0119925 -0.0287026
5.0035 0.0117406 -0.0285039
5.01178 0.0115073 -0.0281473
5.01957 0.0112925 -0.0275823
