t x vx
0.01 0.0220012 0.000120428
0.02 0.0220029 0.000172241
0.0360302 0.0220073 0.000270634
0.0523711 0.0220136 0.000388602
0.0694221 0.0220227 0.000533528
0.0871177 0.0220352 0.000705775
0.105325 0.0220515 0.000896333
0.123843 0.0220719 0.00110123
0.142449 0.0220968 0.00133726
0.160985 0.0221264 0.00159708
0.179356 0.0221607 0.00186937
0.197495 0.0222 0.00216581
0.215373 0.0222444 0.0024826
0.232556 0.0222918 0.00275586
0.249305 0.0223412 0.00295268
0.266139 0.0223946 0.00316964
0.282825 0.0224511 0.00338814
0.298597 0.022507 0.00354565
0.31483 0.0225665 0.00366301
0.331396 0.0226286 0.00374775
0.348084 0.0226916 0.00377651
0.36467 0.0227543 0.00378104
0.381175 0.0228163 0.00375855
0.3976 0.0228774 0.00371634
0.413965 0.022937 0.00364029
0.430285 0.0229944 0.00352216
0.446567 0.0230492 0.00336269
0.462834 0.0231007 0.00316506
0.479104 0.0231485 0.00293875
0.495396 0.0231923 0.0026904
0.511719 0.0232319 0.00242637
0.528083 0.0232673 0.00216319
0.54442 0.0232987 0.00191761
0.560723 0.0233264 0.00170031
0.577019 0.0233514 0.00153421
0.593336 0.0233749 0.00143938
0.609698 0.0233985 0.00144236
0.626119 0.0234204 0.00133281
0.642574 0.0234466 0.00159686
0.65898 0.0234792 0.00198645
0.6753 0.0235199 0.00249027
0.691539 0.0235698 0.00307568
0.707712 0.0236296 0.00369581
0.723843 0.0236996 0.00434041
0.739954 0.0237793 0.00494987
0.756074 0.0238678 0.00548866
0.772238 0.0239635 0.00591951
0.78848 0.0240644 0.00621364
0.804704 0.0241675 0.00635358
0.820974 0.0242704 0.00632429
0.837317 0.0243704 0.00611585
0.853562 0.0244635 0.00573631
0.869789 0.024548 0.00520562
0.886012 0.0246218 0.00454678
0.902102 0.024683 0.00380614
0.918112 0.0247317 0.00304104
0.934275 0.0247687 0.00228989
0.950763 0.024795 0.00159414
0.966832 0.0248115 0.00102484
0.982875 0.0248209 0.000585216
0.999176 0.0248254 0.000279898
1.01588 0.0248277 0.000137444
1.0328 0.0248305 0.000162738
1.0496 0.0248362 0.000341385
1.06631 0.0248467 0.000625533
1.08299 0.0248633 0.000999077
1.09967 0.0248871 0.00142484
1.11625 0.0249179 0.00185746
1.1327 0.0249552 0.00226707
1.14902 0.0249981 0.00263094
1.16525 0.0250456 0.00292707
1.18143 0.0250963 0.00313612
1.19744 0.0251486 0.00325991
1.21339 0.025201 0.00328753
1.2293 0.0252518 0.00319216
1.24492 0.025298 0.00295927
1.26074 0.0253389 0.002584
1.27643 0.0253719 0.0021062
1.2919 0.0253964 0.00158028
1.30642 0.0254115 0.00104068
1.32051 0.0254183 0.000481694
1.33469 0.0254172 -7.30562e-05
1.34927 0.0254088 -0.000581253
1.36392 0.0253941 -0.000999268
1.37877 0.025375 -0.0012887
1.39382 0.0253529 -0.00146472
1.40943 0.0253287 -0.00155343
1.42586 0.0253029 -0.00157198
1.44218 0.0252771 -0.00157637
1.4587 0.0252521 -0.00151591
1.47428 0.0252303 -0.00139845
1.48975 0.0252105 -0.00128267
1.50555 0.0251918 -0.00117782
1.52198 0.0251739 -0.00109106
1.53846 0.0251576 -0.000988291
1.55494 0.0251431 -0.000879075
1.57132 0.0251317 -0.000699966
1.58751 0.0251234 -0.00051047
1.60366 0.0251171 -0.000389024
1.62001 0.0251108 -0.000386598
1.63628 0.0251027 -0.000501079
1.65265 0.0250909 -0.000716813
1.66873 0.025075 -0.000988651
1.6841 0.0250547 -0.00132346
1.69942 0.0250278 -0.00175328
1.71484 0.0249933 -0.00224018
1.73052 0.0249505 -0.00273008
1.74654 0.0249002 -0.00314019
1.76269 0.0248434 -0.0035128
1.77849 0.024783 -0.00382186
1.79406 0.0247198 -0.00406213
1.80947 0.0246544 -0.00424253
1.82427 0.0245905 -0.0043225
1.83858 0.0245289 -0.00429917
1.8529 0.024469 -0.00418264
1.86756 0.0244102 -0.00401251
1.88301 0.0243517 -0.00378722
1.89872 0.0242965 -0.0035115
1.91479 0.0242464 -0.00312204
1.93121 0.0242028 -0.00265281
1.94773 0.0241666 -0.00219276
1.96425 0.0241379 -0.00173848
1.98023 0.0241154 -0.00140383
1.99609 0.0240965 -0.00119054
2.01217 0.0240796 -0.00105704
2.0284 0.0240634 -0.000995485
2.0445 0.024047 -0.0010155
2.06054 0.02403 -0.00106359
2.07609 0.0240121 -0.00115261
2.09169 0.0239913 -0.00133063
2.10749 0.0239666 -0.00156537
2.12342 0.0239375 -0.00182399
2.13948 0.0239039 -0.00209453
2.15583 0.023865 -0.00237938
2.17179 0.0238221 -0.00268345
2.18792 0.0237739 -0.00299285
2.20425 0.0237205 -0.00326815
2.22012 0.023666 -0.00343529
2.2352 0.0236138 -0.00345925
2.25008 0.0235639 -0.00335691
2.26513 0.0235163 -0.00316128
2.28068 0.0234721 -0.00284126
2.29645 0.0234337 -0.00243769
2.31236 0.023403 -0.00192595
2.32868 0.0233806 -0.00137209
2.34515 0.0233664 -0.000861307
2.36104 0.0233597 -0.000422726
2.37666 0.023359 -4.96511e-05
2.39229 0.023364 0.000324126
2.40767 0.0233734 0.000608608
2.42298 0.0233851 0.000763739
2.43836 0.0233973 0.000794461
2.45337 0.0234081 0.000722951
2.46795 0.023417 0.000604534
2.48246 0.0234233 0.000434659
2.49727 0.0234236 2.09114e-05
2.51277 0.0234159 -0.000494898
2.52831 0.0233988 -0.00110278
2.544 0.0233708 -0.00178327
2.5603 0.0233301 -0.00249506
2.57735 0.0232757 -0.00319237
2.59421 0.0232109 -0.00384105
2.6107 0.0231422 -0.00416453
2.62711 0.0230712 -0.00432907
2.64358 0.0230006 -0.00428795
2.6603 0.0229299 -0.00423092
2.67705 0.0228673 -0.0037338
2.69346 0.0228165 -0.00309513
2.71001 0.0227784 -0.00230063
2.7264 0.0227546 -0.00145518
2.74209 0.0227454 -0.000588027
2.75726 0.0227501 0.000312542
2.77302 0.0227701 0.00126749
2.78853 0.0228042 0.00220111
2.80372 0.0228508 0.00306326
2.81885 0.0229085 0.00381989
2.83374 0.0229752 0.00447469
2.84842 0.0230482 0.00497434
2.86312 0.0231264 0.00531636
2.87812 0.0232085 0.00547439
2.89368 0.0232925 0.00539838
2.90921 0.0233716 0.00509461
2.92476 0.0234429 0.00458708
2.94037 0.0235038 0.00389954
2.95613 0.0235516 0.00303204
2.97176 0.0235833 0.00202648
2.98727 0.0235982 0.000960837
3.00279 0.0235966 -0.000100068
3.01817 0.0235799 -0.00108661
3.03305 0.0235483 -0.0021259
3.04786 0.0235035 -0.00302307
3.06277 0.0234474 -0.00376049
3.07778 0.0233826 -0.00431431
3.09291 0.0233121 -0.00466318
3.1081 0.0232392 -0.00480051
3.1233 0.0231674 -0.00472361
3.13865 0.0230991 -0.00444822
3.15366 0.0230417 -0.00382721
3.1688 0.022992 -0.00328371
3.18433 0.0229513 -0.00261574
3.19985 0.0229222 -0.00187405
3.21542 0.0229051 -0.00109857
3.23069 0.0228994 -0.000377397
3.24578 0.0229028 0.000228963
3.2608 0.0229126 0.000648593
3.27588 0.0229255 0.000858692
3.29095 0.0229384 0.000851341
3.30595 0.0229475 0.000609627
3.32091 0.0229496 0.00013957
3.33594 0.0229418 -0.000516848
3.35122 0.0229214 -0.00133471
3.36684 0.0228863 -0.00224889
3.38266 0.0228361 -0.00317546
3.39852 0.0227712 -0.00409292
3.41387 0.0226953 -0.00493831
3.42942 0.0226066 -0.00570588
3.44472 0.0225096 -0.00633914
3.45921 0.0224112 -0.00679406
3.47325 0.0223125 -0.00702608
3.48746 0.0222123 -0.00704906
3.50226 0.022111 -0.00684784
3.51735 0.0220142 -0.00641129
3.53241 0.0219272 -0.00578037
3.54755 0.0218523 -0.00494558
3.56315 0.0217909 -0.00393803
3.5793 0.0217454 -0.0028171
3.59582 0.0217173 -0.00170051
3.61179 0.021707 -0.000643884
3.62757 0.0217122 0.000324775
3.64307 0.0217294 0.00111355
3.65819 0.0217548 0.00167669
3.67311 0.0217848 0.00201399
3.68796 0.0218163 0.00212127
3.70232 0.0218446 0.00196696
3.71645 0.0218665 0.00154945
3.7307 0.0218794 0.000906156
3.74541 0.0218805 7.51919e-05
3.76058 0.0218671 -0.000878559
3.77575 0.0218387 -0.00187413
3.79023 0.0217974 -0.0028493
3.80405 0.0217454 -0.00376589
3.81741 0.0216838 -0.00460927
3.83051 0.0216138 -0.00535058
3.84345 0.0215366 -0.00596572
3.85632 0.0214535 -0.00644904
3.8692 0.0213661 -0.00678656
3.88216 0.0212763 -0.00693108
3.89529 0.0211861 -0.00687297
3.90865 0.0210977 -0.00661201
3.92233 0.0210138 -0.00613217
3.93643 0.0209377 -0.00540182
3.95104 0.0208733 -0.00440987
3.96588 0.0208259 -0.00319306
3.98089 0.0207983 -0.00183635
3.99629 0.0207914 -0.00044629
4.01133 0.0208043 0.000855017
4.0261 0.0208343 0.00203155
4.04068 0.0208783 0.00301947
4.05517 0.0209336 0.00381799
4.06965 0.0209974 0.00439964
4.08384 0.0210641 0.00470291
4.09777 0.0211297 0.00471312
4.11174 0.0211916 0.00442843
4.12602 0.0212468 0.00386474
4.14083 0.0212919 0.00304474
4.15634 0.0213227 0.00198672
4.17209 0.0213339 0.000713345
4.18792 0.0213234 -0.000666015
4.2034 0.0212918 -0.00203827
4.21807 0.0212429 -0.00333688
4.23175 0.0211812 -0.00450943
4.24439 0.0211118 -0.00549323
4.25622 0.0210375 -0.00627365
4.26745 0.0209606 -0.0068544
4.27824 0.0208824 -0.00723782
4.28875 0.0208044 -0.00742872
4.29911 0.0207274 -0.00742925
4.30947 0.0206523 -0.00724636
4.31995 0.0205801 -0.00689478
4.33067 0.0205117 -0.00637839
4.34172 0.020449 -0.00567302
4.3532 0.0203944 -0.00475694
4.3652 0.0203509 -0.00362629
4.3778 0.0203219 -0.00230178
4.39107 0.0203111 -0.000813948
4.40508 0.0203223 0.000799751
4.41905 0.0203561 0.00242275
4.4334 0.0204145 0.00406594
4.44793 0.0204957 0.0055903
4.46239 0.0205967 0.00698146
4.47695 0.0207161 0.00820737
4.49159 0.0208504 0.00917385
4.50608 0.0209933 0.00985737
4.52074 0.0211432 0.0102226
4.53572 0.0212957 0.0101844
4.55103 0.0214442 0.00970048
4.56684 0.0215826 0.00875001
4.58269 0.0216994 0.00736817
4.59848 0.021789 0.00567349
4.61432 0.0218489 0.0037819
4.63028 0.0218774 0.00178448
4.64622 0.0218731 -0.000268077
4.66213 0.021837 -0.00226438
4.67804 0.0217707 -0.00417242
4.69384 0.0216777 -0.00588597
4.70945 0.0215624 -0.00738526
4.72491 0.02143 -0.00856681
4.74041 0.0212856 -0.00931579
4.75608 0.0211352 -0.00959926
4.77195 0.0209858 -0.00941312
4.78775 0.0208476 -0.00874716
4.80334 0.0207284 -0.00764291
4.81878 0.0206335 -0.0061461
4.83415 0.0205667 -0.0043461
4.84913 0.0205314 -0.00235659
4.86418 0.0205285 -0.000190979
4.87879 0.0205579 0.00200899
4.89332 0.0206194 0.00423564
4.9078 0.0207117 0.00637228
4.92216 0.0208311 0.00831562
4.93637 0.0209737 0.0100414
4.95052 0.0211363 0.011491
4.96473 0.0213154 0.0125948
4.97916 0.0215073 0.0133012
4.99337 0.0216997 0.0135428
5.00784 0.0218918 0.0132745
5.02291 0.0220794 0.0124493
5.03756 0.0222425 0.0111329
5.05227 0.0223798 0.00933211
5.06737 0.0224867 0.00708475
5.08256 0.0225549 0.00448699
5.09779 0.0225792 0.00159698
5.11291 0.022558 -0.00140034
5.12794 0.0224914 -0.00443526
5.1427 0.022382 -0.00741038
5.15688 0.0222383 -0.0101348
5.1708 0.0220637 -0.0125453
5.18473 0.0218611 -0.0145419
5.19881 0.0216353 -0.0160308
5.21309 0.021394 -0.0169062
5.22696 0.0211564 -0.0171302
5.24091 0.0209228 -0.0167432
5.25523 0.0206982 -0.0156769
5.27002 0.0204928 -0.0138908
5.2843 0.0203271 -0.0116077
5.29852 0.0202009 -0.00887181
5.31294 0.0201187 -0.00570068
5.32718 0.0200862 -0.00228352
5.34085 0.020102 0.00115385
5.35497 0.020168 0.00467913
5.36888 0.0202797 0.00802836
5.38282 0.0204349 0.0111303
5.3966 0.0206264 0.0139057
5.41006 0.0208447 0.0162182
5.42283 0.0210736 0.0179227
5.43535 0.0213126 0.0190883
5.44794 0.0215605 0.0196867
5.46124 0.0218221 0.019677
5.47528 0.0220881 0.0189454
5.49028 0.0223484 0.017347
5.50529 0.0225727 0.0149471
5.51993 0.0227472 0.0119205
5.53451 0.0228677 0.00826016
5.54909 0.0229274 0.0040945
5.56373 0.0229207 -0.000456659
5.5787 0.0228425 -0.00522395
5.59324 0.0226986 -0.00989704
5.60775 0.0224901 -0.0143627
5.62241 0.0222217 -0.0183183
5.63614 0.0219273 -0.0214271
5.64943 0.0216108 -0.0238217
5.66288 0.0212678 -0.0254994
5.67662 0.0209063 -0.0263079
5.69056 0.0205423 -0.0261191
5.7052 0.0201786 -0.0248348
5.71978 0.0198517 -0.0224284
5.73471 0.0195685 -0.0189739
5.7492 0.0193542 -0.0147867
5.76353 0.0192109 -0.00999748
5.77761 0.0191434 -0.00479626
5.7917 0.0191526 0.000657572
5.8054 0.0192341 0.00594503
5.81873 0.0193806 0.0109941
5.83267 0.0196021 0.0158872
5.8469 0.0198901 0.0202426
5.86076 0.0202198 0.0237803
5.87442 0.0205817 0.0264952
5.88874 0.0209875 0.0283508
5.90367 0.0214224 0.0291264
5.9187 0.0218545 0.0287304
5.93308 0.0222454 0.0272037
5.94706 0.0225907 0.0246891
5.96116 0.02289 0.0212243
5.97564 0.023133 0.0167885
5.99074 0.0233068 0.0115104
6.00497 0.0233932 0.00607517
6.01903 0.0233986 0.000378734
6.03278 0.0233269 -0.00521142
6.04694 0.0231751 -0.0107223
6.06086 0.0229558 -0.0157543
6.07519 0.0226655 -0.0202523
6.08988 0.0223124 -0.0240462
6.10342 0.0219503 -0.0267385
6.11697 0.0215636 -0.028544
6.13093 0.0211545 -0.029303
6.14576 0.0207263 -0.028863
6.16101 0.0203144 -0.0270177
6.17591 0.0199584 -0.0238949
6.19098 0.0196613 -0.0197067
6.20588 0.0194425 -0.0146843
6.22035 0.0193087 -0.00925225
6.23446 0.0192591 -0.00351299
6.24825 0.0192902 0.00225986
6.26228 0.0194022 0.00797842
6.27595 0.0195836 0.013278
6.28964 0.0198317 0.0181237
6.30419 0.0201596 0.0225204
6.31892 0.0205436 0.0260766
6.33305 0.0209472 0.0285657
6.34762 0.0213854 0.0300716
6.36294 0.0218513 0.0304138
6.3782 0.0223001 0.0294108
6.39379 0.0227223 0.0270856
6.40949 0.0230909 0.0234747
6.42453 0.0233765 0.0189858
6.43971 0.0235827 0.01358
6.45469 0.023699 0.00776198
6.46945 0.0237248 0.00175021
6.48369 0.023666 -0.00412791
6.49849 0.0235178 -0.0100149
6.5128 0.0232978 -0.0153698
6.52745 0.0230024 -0.0201616
6.54234 0.0226428 -0.0241565
6.55654 0.0222579 -0.0271093
6.57001 0.0218671 -0.0290167
6.58411 0.0214446 -0.0299534
6.59951 0.0209895 -0.0295572
6.61486 0.0205641 -0.0277147
6.63012 0.0201892 -0.0245685
6.64489 0.019888 -0.0203968
6.65933 0.0196644 -0.0154761
6.67338 0.019521 -0.0102075
6.68796 0.0194584 -0.00429578
6.70226 0.0194831 0.00173145
6.71673 0.0195942 0.00767618
6.73026 0.0197704 0.0130143
6.74425 0.0200232 0.0180821
6.75904 0.0203579 0.0226224
6.77433 0.0207609 0.026367
6.78887 0.0211814 0.0289196
6.8039 0.0216389 0.0304363
6.81928 0.0221111 0.0307073
6.83463 0.0225659 0.0296283
6.85028 0.0229915 0.0271885
6.86594 0.0233591 0.0234668
6.88091 0.0236417 0.0188839
6.8961 0.0238449 0.0133788
6.91105 0.023957 0.00749882
6.92579 0.0239777 0.00140132
6.9398 0.0239154 -0.00445033
6.95456 0.023762 -0.0103897
6.96862 0.0235412 -0.0157011
6.9831 0.0232447 -0.0204845
6.99804 0.0228784 -0.024512
7.01248 0.0224814 -0.0274865
7.02619 0.0220789 -0.0293707
7.04053 0.0216454 -0.030223
7.056 0.0211861 -0.0296995
7.07143 0.020758 -0.0277335
7.08679 0.0203825 -0.0244532
7.10152 0.0200853 -0.0201765
7.11603 0.0198658 -0.0151294
7.13014 0.0197285 -0.00973188
7.14477 0.0196744 -0.00369504
7.15913 0.0197089 0.0024055
7.17362 0.0198306 0.00840168
7.18719 0.0200177 0.013784
7.20104 0.0202781 0.0187975
7.21587 0.0206239 0.0233213
7.23109 0.021035 0.0270056
7.24556 0.0214615 0.0294762
7.26034 0.0219181 0.0308959
7.27559 0.0223924 0.0310993
7.29091 0.0228508 0.0299321
7.30648 0.0232775 0.027394
7.32202 0.023644 0.0235914
7.33687 0.0239251 0.0189333
7.35205 0.0241274 0.0133196
7.36681 0.0242368 0.0074159
7.38117 0.0242566 0.0013775
7.39503 0.0241944 -0.00449171
7.40968 0.0240407 -0.010488
7.4236 0.0238209 -0.0157881
7.4379 0.0235267 -0.020569
7.45281 0.0231592 -0.0246488
7.46746 0.0227538 -0.0276748
7.48129 0.0223449 -0.0295602
7.49574 0.0219059 -0.0303791
7.51128 0.021443 -0.0298035
7.52676 0.0210129 -0.0277824
