t x vx
0.01 0.0219919 -0.000808592
0.02 0.0219713 -0.00206304
0.038292 0.0218936 -0.00424854
0.056938 0.0217732 -0.00645705
0.0762589 0.0216046 -0.00872352
0.0961482 0.0213846 -0.0110644
0.116469 0.0211137 -0.0133268
0.136961 0.0208019 -0.0152179
0.157483 0.0204594 -0.0166888
0.177883 0.0200996 -0.01764
0.198028 0.0197364 -0.0180288
0.217931 0.0193823 -0.0177876
0.237665 0.0190495 -0.0168659
0.257315 0.0187473 -0.01538
0.276113 0.0184948 -0.0134305
0.295445 0.0182837 -0.0109217
0.314573 0.0181302 -0.00802555
0.333186 0.0180395 -0.00486913
0.351814 0.018012 -0.00148101
0.371189 0.018056 0.00227354
0.389489 0.0181638 0.00589127
0.408755 0.0183508 0.00970516
0.427761 0.0186049 0.0133712
0.446738 0.0189241 0.0168179
0.465807 0.0193041 0.0199273
0.485092 0.0197408 0.0226461
0.504156 0.0202144 0.0248394
0.523695 0.0207325 0.0265201
0.543371 0.0212744 0.0275419
0.562804 0.0218161 0.0278758
0.582334 0.0223537 0.0275231
0.601494 0.0228614 0.026502
0.620372 0.0233318 0.0249123
0.639534 0.0237664 0.0226843
0.657989 0.024135 0.0199717
0.676635 0.0244473 0.0167475
0.695032 0.0246891 0.0131448
0.713113 0.024858 0.0093437
0.731239 0.0249545 0.00531931
0.749337 0.0249767 0.00122823
0.766352 0.024934 -0.00251052
0.78429 0.0248244 -0.00610834
0.801652 0.0246649 -0.00918896
0.817889 0.0244761 -0.0116232
0.834459 0.0242514 -0.013566
0.851891 0.0239905 -0.0149626
0.869552 0.0237129 -0.0157172
0.887892 0.0234232 -0.0158
0.906054 0.0231481 -0.015146
0.924848 0.0228901 -0.0137274
0.944425 0.0226647 -0.0115126
0.963899 0.0224965 -0.00863699
0.983288 0.0223971 -0.00512694
1.00193 0.022374 -0.00123698
1.02081 0.02243 0.00296053
1.03968 0.0225661 0.00721398
1.05847 0.022779 0.0113352
1.07721 0.0230623 0.0151123
1.09601 0.023407 0.0183387
1.11478 0.0237978 0.0208251
1.13339 0.0242151 0.0224255
1.15188 0.0246424 0.0231057
1.17024 0.0250607 0.0227791
1.18848 0.0254512 0.0214145
1.20643 0.0257953 0.0191664
1.22444 0.0260832 0.0159836
1.2421 0.026298 0.0121644
1.2597 0.0264349 0.0077772
1.27715 0.0264869 0.00298053
1.29448 0.0264525 -0.00198403
1.31093 0.0263434 -0.00663236
1.32785 0.0261553 -0.0111159
1.34391 0.0259148 -0.0149786
1.36082 0.0256008 -0.0185653
1.37816 0.0252269 -0.021564
1.3952 0.0248206 -0.0238529
1.41319 0.024363 -0.0254272
1.43217 0.0238679 -0.0260895
1.4512 0.0233777 -0.0257619
1.47076 0.0229004 -0.0243993
1.49029 0.0224707 -0.0219969
1.5091 0.0221166 -0.0188295
1.52838 0.0218305 -0.0148357
1.54698 0.0216367 -0.0104195
1.56571 0.0215307 -0.00566278
1.58399 0.0215162 -0.00079071
1.60233 0.0215909 0.00407545
1.62004 0.0217431 0.00859202
1.6384 0.0219791 0.0128522
1.65651 0.0222773 0.0164671
1.67519 0.0226393 0.0193735
1.69319 0.0230231 0.0213218
1.71095 0.0234197 0.0223318
1.72876 0.0238187 0.0224097
1.74724 0.0242147 0.0214274
1.76525 0.0245653 0.0194588
1.7828 0.024857 0.0166302
1.80158 0.0250978 0.0128195
1.82006 0.0252521 0.00834652
1.83736 0.0253173 0.00377191
1.85426 0.025301 -0.000965265
1.87185 0.0251986 -0.00582081
1.88962 0.0250109 -0.0105683
1.90737 0.0247469 -0.0148701
1.92463 0.0244269 -0.0185328
1.94244 0.0240417 -0.0216357
1.96119 0.0235896 -0.024107
1.98011 0.0231035 -0.0256965
1.99934 0.0225979 -0.026289
2.0187 0.0220985 -0.0258025
2.03826 0.021625 -0.0242011
2.05791 0.0212023 -0.0215193
2.0763 0.0208697 -0.0180805
2.09526 0.0206075 -0.0138274
2.11405 0.020437 -0.009078
2.13256 0.0203629 -0.00400015
2.15006 0.0203804 0.000999101
2.16827 0.0204917 0.00611537
2.18592 0.020683 0.0108386
2.20398 0.0209584 0.0152458
2.22201 0.0213013 0.0190262
2.24073 0.0217168 0.0221936
2.25872 0.0221556 0.0243873
2.27666 0.022616 0.0256625
2.29524 0.0230983 0.0259555
2.31411 0.0235732 0.0251678
2.33306 0.0240142 0.0232756
2.35169 0.0243935 0.020357
2.36983 0.0246965 0.016701
2.38844 0.0249238 0.0122195
2.40669 0.0250593 0.0074236
2.42435 0.0251041 0.00253852
2.44161 0.0250644 -0.00230391
2.45982 0.0249332 -0.00720326
2.47699 0.0247361 -0.0114845
2.49442 0.024469 -0.015321
2.51222 0.0241383 -0.0185821
2.53073 0.0237462 -0.0211776
2.54892 0.0233303 -0.0228637
2.56718 0.0228994 -0.0236025
2.58634 0.0224534 -0.0232713
2.606 0.0220252 -0.0217883
2.62571 0.0216466 -0.0191985
2.64389 0.0213576 -0.0158977
2.66276 0.0211348 -0.0118129
2.68144 0.0209995 -0.00723946
2.69999 0.0209573 -0.00227688
2.71749 0.0210024 0.00258066
2.73559 0.0211388 0.00753229
2.75337 0.0213548 0.0121524
2.77184 0.0216592 0.0164842
2.79014 0.0220281 0.0201493
2.80866 0.0224561 0.0231086
2.82729 0.022925 0.0251771
2.84559 0.0234059 0.0262771
2.8643 0.0238982 0.0263142
2.883 0.0243703 0.0252389
2.90182 0.0248043 0.023062
2.92067 0.0251778 0.019823
2.93853 0.0254623 0.0159264
2.95663 0.0256677 0.0113449
2.97425 0.025782 0.00648765
2.99081 0.0258092 0.00164058
3.00799 0.0257513 -0.00336974
3.02545 0.0256065 -0.00829097
3.04283 0.0253848 -0.0127565
3.05974 0.0251045 -0.0165791
3.07712 0.0247595 -0.0198481
3.09566 0.0243415 -0.0225443
3.11366 0.0239038 -0.0243257
3.13265 0.0234254 -0.0251816
3.15173 0.0229491 -0.0249676
3.17137 0.0224846 -0.023653
3.19096 0.0220682 -0.0212529
3.20966 0.021731 -0.0180353
3.22872 0.021464 -0.014006
3.2474 0.0212869 -0.00948495
3.26622 0.0212017 -0.0045241
3.28428 0.0212102 0.000468687
3.30247 0.0213093 0.00544911
3.31998 0.0214852 0.0100515
3.3381 0.0217464 0.014412
3.35597 0.0220707 0.0181412
3.37458 0.022466 0.0212416
3.39277 0.0228917 0.0234074
3.41068 0.0233333 0.0246595
3.42905 0.0237905 0.0248938
3.44775 0.0242403 0.0240412
3.46658 0.0246564 0.0220999
3.48516 0.0250118 0.0191316
3.50319 0.0252899 0.0154226
3.52137 0.0254899 0.0109979
3.53946 0.025601 0.00614623
3.5566 0.0256223 0.00124262
3.57382 0.0255578 -0.00374618
3.59192 0.0253992 -0.00876353
3.60927 0.0251707 -0.0131708
3.62643 0.0248785 -0.0170228
3.64358 0.0245311 -0.0202577
3.66257 0.0240942 -0.0230135
3.68163 0.0236205 -0.0248517
3.70084 0.0231272 -0.0256724
3.72014 0.0226364 -0.0254303
3.73981 0.0221627 -0.0240868
3.75951 0.0217364 -0.0216404
3.77833 0.0213912 -0.0183465
3.7974 0.0211193 -0.0142579
3.81605 0.0209387 -0.00968502
3.83485 0.020851 -0.00466313
3.85288 0.0208581 0.000395999
3.871 0.0209567 0.00543815
3.8885 0.0211336 0.0101066
3.90668 0.0213978 0.0145413
3.92461 0.0217268 0.0183401
3.94315 0.0221256 0.0215168
3.96121 0.0225546 0.0237604
3.97904 0.0230022 0.0251032
3.99735 0.0234685 0.0254597
4.01611 0.0239328 0.0247512
4.03496 0.0243652 0.0229449
4.05357 0.0247394 0.0201
4.07163 0.0250373 0.0165014
4.09002 0.0252602 0.012116
4.10826 0.0253935 0.00730617
4.12587 0.0254353 0.00237177
4.14325 0.0253901 -0.00259855
4.16146 0.0252519 -0.0075916
4.17853 0.0250483 -0.0119255
4.19583 0.024775 -0.0157987
4.21323 0.0244433 -0.0190643
4.23251 0.0240222 -0.0218382
4.25046 0.0235986 -0.0236042
4.26926 0.0231385 -0.0244705
4.28849 0.0226717 -0.0242775
4.30817 0.0222198 -0.0229562
4.32787 0.0218155 -0.0205326
4.34656 0.0214922 -0.0172873
4.3656 0.0212398 -0.0132603
4.38447 0.0210756 -0.00870128
4.40325 0.0210054 -0.00373669
4.4212 0.0210277 0.00124038
4.43927 0.0211398 0.00620513
4.45688 0.0213307 0.0108364
4.47517 0.021609 0.0152168
4.49323 0.0219513 0.0189532
4.51183 0.0223613 0.0220434
4.5302 0.0228061 0.0242149
4.54825 0.0232656 0.0254507
4.56683 0.0237422 0.0256609
4.58556 0.0242064 0.0247811
4.6044 0.024636 0.0228064
4.62329 0.0250091 0.0197537
4.64126 0.0252968 0.016005
4.65951 0.0255071 0.0115223
4.67759 0.0256272 0.00664252
4.69466 0.0256569 0.00173828
4.71182 0.0256012 -0.00324172
4.72978 0.0254533 -0.00823656
4.74703 0.0252352 -0.0126391
4.76411 0.0249538 -0.0164802
4.78138 0.024613 -0.0197311
4.80031 0.0241877 -0.0224736
4.81828 0.0237517 -0.0242544
4.83729 0.0232742 -0.0251253
4.85647 0.0227959 -0.0249302
4.87614 0.0223312 -0.0236244
4.89581 0.0219139 -0.02122
4.9146 0.021576 -0.0179786
4.93367 0.0213102 -0.0139435
4.95238 0.0211341 -0.00940866
4.97121 0.0210506 -0.00443364
4.98929 0.021061 0.000574858
5.00747 0.0211623 0.0055693
5.02501 0.0213411 0.0101898
5.04317 0.0216054 0.0145625
5.06106 0.0219328 0.0183012
5.07969 0.022332 0.0214246
5.09791 0.0227622 0.0236115
5.11587 0.0232092 0.0248874
5.13428 0.0236722 0.0251525
5.15303 0.0241287 0.0243406
5.1719 0.0245521 0.0224378
5.1906 0.0249165 0.0194915
5.20864 0.0252018 0.0158135
5.22692 0.0254101 0.0113932
5.24507 0.025529 0.00655365
5.26236 0.0255574 0.00164128
5.27962 0.0254998 -0.00333586
5.29774 0.0253488 -0.00833528
5.31496 0.02513 -0.012706
5.33215 0.0248453 -0.0165567
5.34943 0.0245032 -0.0198016
5.36862 0.0240703 -0.0225638
5.38683 0.0236269 -0.0243485
5.40599 0.0231441 -0.025203
5.42526 0.0226625 -0.0249862
5.44495 0.0221967 -0.0236574
5.46468 0.021778 -0.0212232
5.48348 0.0214404 -0.0179526
5.50255 0.0211755 -0.0138912
5.52131 0.0210006 -0.00932584
5.54014 0.0209191 -0.0043285
5.55818 0.0209316 0.000694114
5.57632 0.0210351 0.00570272
5.59388 0.0212167 0.0103454
5.61211 0.0214855 0.0147429
5.63011 0.0218185 0.0185014
5.6487 0.0222207 0.0216285
5.66691 0.0226544 0.0238275
5.68484 0.0231048 0.0251104
5.70327 0.0235728 0.0253947
5.72205 0.0240349 0.0246061
5.74094 0.0244639 0.0227176
5.75968 0.0248345 0.0197772
5.77773 0.0251253 0.0161089
5.79608 0.0253396 0.0116786
5.81427 0.0254641 0.00683975
5.83168 0.0254975 0.00192009
5.84893 0.0254451 -0.00303877
5.86709 0.0252992 -0.00803318
5.88425 0.0250868 -0.0123805
5.90148 0.024807 -0.0162297
5.91886 0.0244688 -0.0194736
5.93799 0.0240437 -0.0222132
5.95593 0.0236139 -0.0239674
5.97485 0.0231444 -0.0248158
5.99411 0.0226704 -0.024597
6.01382 0.0222122 -0.0232536
6.03359 0.021801 -0.0208024
6.05232 0.0214724 -0.0175361
6.0714 0.0212153 -0.0134741
6.0903 0.0210474 -0.00889026
6.10912 0.0209739 -0.00390322
6.12714 0.0209935 0.00109044
6.14526 0.0211035 0.0060689
6.16287 0.0212918 0.0106936
6.18125 0.0215689 0.0150755
6.19942 0.0219107 0.0188064
6.21805 0.022318 0.0218701
6.23638 0.0227582 0.0240135
6.25441 0.0232131 0.0252237
6.27297 0.0236848 0.0254199
6.29175 0.0241456 0.0245321
6.31065 0.0245717 0.0225435
6.32955 0.0249398 0.0194842
6.3476 0.0252237 0.0157237
6.3659 0.0254292 0.0112338
6.38395 0.0255444 0.00637654
6.40108 0.0255697 0.0014784
6.41825 0.0255099 -0.00348075
6.43625 0.0253576 -0.00845815
6.45355 0.0251356 -0.0128368
6.47071 0.0248497 -0.01666
6.48808 0.0245042 -0.0198875
6.50706 0.0240755 -0.0225879
6.52505 0.0236378 -0.0243231
6.54408 0.0231596 -0.025138
6.56334 0.0226803 -0.0248807
6.58305 0.0222171 -0.0234996
6.60283 0.0218015 -0.0210117
6.62153 0.02147 -0.017727
6.64065 0.0212095 -0.0136298
6.65957 0.021039 -0.00901207
6.6784 0.0209636 -0.00400333
6.69639 0.0209814 0.000991286
6.71453 0.0210898 0.00597779
6.73215 0.0212767 0.0106014
6.75065 0.0215539 0.0149909
6.76883 0.0218939 0.0187011
6.78744 0.0222986 0.02174
6.8057 0.0227342 0.0238555
6.82372 0.0231854 0.0250434
6.84225 0.0236528 0.0252214
6.86106 0.0241103 0.0243191
6.87999 0.0245327 0.0223147
6.89881 0.0248951 0.0192587
6.91694 0.0251758 0.0154884
6.93525 0.0253772 0.0109948
6.95326 0.0254882 0.00616017
6.9704 0.02551 0.00127258
6.9876 0.0254468 -0.00367319
7.00561 0.0252913 -0.00863299
7.02296 0.0250658 -0.0129977
7.04017 0.0247765 -0.0168053
7.05762 0.0244274 -0.0200146
7.07668 0.0239949 -0.022686
7.09471 0.0235552 -0.024384
7.11378 0.0230755 -0.0251551
7.13309 0.0225957 -0.0248479
7.1528 0.0221343 -0.0234118
7.17259 0.0217212 -0.0208716
7.19121 0.0213943 -0.0175565
7.21036 0.0211375 -0.0134147
7.22937 0.0209712 -0.00874839
7.24818 0.0209011 -0.00372411
7.26602 0.0209233 0.00124317
7.28412 0.0210361 0.00622729
7.30191 0.0212296 0.0108815
7.32032 0.0215101 0.0152373
7.33847 0.0218537 0.0189235
7.35714 0.0222632 0.021946
7.37541 0.0227025 0.0240373
7.39346 0.0231571 0.0251921
7.41205 0.0236281 0.0253371
7.43088 0.0240878 0.0244026
7.44983 0.0245115 0.0223583
7.46872 0.0248751 0.0192556
7.48687 0.0251555 0.0154462
7.50521 0.0253558 0.0109213
7.52313 0.025465 0.00609723
7.54022 0.0254858 0.00121749
7.55741 0.0254219 -0.00372064
7.57534 0.0252667 -0.00865639
7.59272 0.0250403 -0.0130207
7.60994 0.0247509 -0.0168145
7.62747 0.0244 -0.020017
7.64646 0.0239698 -0.0226546
7.66452 0.0235304 -0.0243283
7.68353 0.0230539 -0.0250678
7.70286 0.0225759 -0.0247277
7.72257 0.0221175 -0.0232517
7.74238 0.0217081 -0.0206713
7.76093 0.0213865 -0.0173409
7.77999 0.0211349 -0.0131971
7.79888 0.0209734 -0.00854983
7.81768 0.0209071 -0.00352633
7.83545 0.0209323 0.00141877
7.85355 0.0210481 0.00639594
7.87134 0.0212445 0.0110421
7.88967 0.0215262 0.0153712
7.90783 0.0218721 0.0190445
7.92653 0.0222844 0.0220532
7.94484 0.0227262 0.0241273
7.96292 0.0231829 0.0252602
7.98155 0.0236558 0.0253771
8.00039 0.0241158 0.0244128
8.01936 0.0245393 0.0223368
8.0383 0.0249029 0.0191947
8.05646 0.0251818 0.0153523
8.07481 0.02538 0.0108041
8.09266 0.0254867 0.00597803
8.10969 0.0255055 0.00110165
8.12689 0.0254394 -0.00384409
8.14476 0.0252826 -0.00877379
8.16219 0.0250534 -0.0131492
8.17939 0.0247621 -0.0169367
8.19695 0.0244085 -0.0201369
8.2159 0.023977 -0.0227632
8.23399 0.0235352 -0.0244278
8.25302 0.0230565 -0.0251537
8.27238 0.0225764 -0.0247965
8.2921 0.0221169 -0.0233045
8.31191 0.0217066 -0.0207077
8.33046 0.0213845 -0.0173664
8.3495 0.0211329 -0.0132159
8.36835 0.0209714 -0.0085672
8.38716 0.0209048 -0.00353707
8.40492 0.0209298 0.00140744
8.42304 0.0210456 0.00638747
8.44083 0.0212418 0.011032
8.45911 0.0215224 0.0153491
8.47727 0.0218678 0.0190195
8.49597 0.0222798 0.0220234
8.51427 0.0227206 0.0240902
8.53234 0.0231763 0.0252173
8.55098 0.0236483 0.0253301
8.56983 0.0241075 0.024363
8.5888 0.0245303 0.0222832
8.60773 0.0248926 0.0191406
8.62592 0.0251708 0.0152927
8.64428 0.025368 0.0107412
8.66213 0.0254736 0.00591765
8.67917 0.0254913 0.0010401
8.69637 0.0254242 -0.00390321
8.71425 0.0252663 -0.00883211
8.73169 0.025036 -0.0132046
8.74891 0.0247435 -0.0169881
8.76649 0.0243887 -0.0201846
8.78546 0.023956 -0.022805
8.80356 0.0235133 -0.0244617
8.8226 0.0230339 -0.0251785
8.84199 0.0225527 -0.0248087
8.86171 0.0220932 -0.0233033
8.88154 0.0216829 -0.0206935
8.90008 0.0213613 -0.0173416
8.9191 0.0211106 -0.0131854
8.93793 0.0209498 -0.0085354
8.95674 0.020884 -0.00350015
8.97448 0.0209096 0.00144171
8.99262 0.0210261 0.00642715
9.01041 0.0212232 0.0110732
9.02867 0.0215041 0.0153848
9.04684 0.0218503 0.0190549
9.06557 0.0222634 0.0220586
9.08387 0.0227048 0.0241224
9.10194 0.0231612 0.0252466
9.12059 0.023634 0.0253565
9.13945 0.024094 0.0243875
9.15843 0.0245174 0.0223049
9.17738 0.0248803 0.0191573
