t x vx
0.01 0.0220003 3.19981e-05
0.02 0.0220008 4.51689e-05
0.0398995 0.0220024 8.40753e-05
0.0599859 0.0220052 0.000138864
0.0809501 0.0220097 0.00021233
0.102756 0.0220164 0.000306364
0.125233 0.0220255 0.000407424
0.148137 0.0220373 0.000515268
0.171191 0.0220518 0.000629044
0.194227 0.0220692 0.000752491
0.217078 0.0220896 0.000895597
0.239647 0.022114 0.00107936
0.261832 0.0221427 0.00129524
0.282911 0.0221741 0.00148677
0.303895 0.0222096 0.00169193
0.324976 0.0222508 0.00195476
0.34606 0.0222987 0.00227112
0.366228 0.0223503 0.00256228
0.386305 0.0224075 0.00284959
0.406926 0.0224723 0.00314119
0.427855 0.0225436 0.00340808
0.449171 0.0226216 0.0036592
0.470395 0.0227041 0.00388391
0.491422 0.0227898 0.00407829
0.51224 0.0228779 0.00422974
0.532865 0.022967 0.00431951
0.553353 0.023056 0.00434271
0.573774 0.0231437 0.0042949
0.594191 0.0232289 0.00417583
0.614642 0.0233104 0.00398505
0.63514 0.0233866 0.00371672
0.655686 0.0234557 0.00336508
0.676263 0.0235161 0.00293246
0.696785 0.0235658 0.00242451
0.717261 0.0236038 0.00185237
0.737694 0.0236291 0.00123858
0.758102 0.0236415 0.000607579
0.778505 0.0236412 -1.38471e-05
0.798928 0.0236291 -0.000594365
0.819399 0.0236062 -0.00111449
0.83996 0.023574 -0.00156977
0.860657 0.0235333 -0.00196212
0.881531 0.0234854 -0.00229774
0.902563 0.0234313 -0.00257321
0.923514 0.023373 -0.0027797
0.944356 0.0233122 -0.00291652
0.965067 0.0232505 -0.0029832
0.98567 0.0231891 -0.00297845
1.00621 0.0231295 -0.00290131
1.02675 0.0230729 -0.00275378
1.04734 0.0230205 -0.00254413
1.06804 0.0229729 -0.00229947
1.08885 0.0229304 -0.00204655
1.10973 0.0228927 -0.00180371
1.13073 0.0228594 -0.00158754
1.15171 0.0228296 -0.00141856
1.17261 0.0228024 -0.00130033
1.1934 0.022777 -0.00122463
1.21412 0.0227526 -0.00117724
1.23484 0.0227289 -0.00114153
1.25566 0.0227059 -0.00110517
1.27656 0.0226837 -0.00106174
1.29753 0.0226624 -0.00101895
1.31863 0.0226417 -0.000981173
1.33956 0.0226223 -0.00092457
1.36024 0.0226053 -0.000823454
1.38106 0.0225912 -0.000676683
1.40227 0.0225805 -0.000502534
1.42339 0.0225735 -0.00033402
1.44423 0.0225699 -0.000170428
1.46467 0.0225696 -1.42491e-05
1.4852 0.0225719 0.000111492
1.50568 0.0225765 0.000224146
1.52604 0.0225833 0.000334421
1.54619 0.0225925 0.00045546
1.5664 0.0226045 0.000593285
1.58678 0.0226195 0.000736823
1.60731 0.0226376 0.00087889
1.62805 0.0226587 0.00102058
1.64899 0.0226825 0.00113555
1.67005 0.0227075 0.00118763
1.69103 0.022732 0.00116721
1.71176 0.0227546 0.00108862
1.73227 0.0227742 0.000958916
1.75264 0.02279 0.00077636
1.77299 0.0228012 0.000550393
1.79307 0.0228072 0.00029433
1.81308 0.0228077 2.76001e-05
1.83316 0.022803 -0.000233428
1.85345 0.0227935 -0.00046882
1.87392 0.0227799 -0.000663138
1.89439 0.0227635 -0.000803313
1.91483 0.0227451 -0.000899997
1.93528 0.0227257 -0.000948194
1.9558 0.0227063 -0.000944208
1.97647 0.0226877 -0.000903458
1.99736 0.0226701 -0.00083801
2.01813 0.0226546 -0.000746296
2.03821 0.0226422 -0.000618132
2.05808 0.0226332 -0.000456319
2.07853 0.0226277 -0.0002694
2.09878 0.0226258 -9.20498e-05
2.11889 0.0226272 7.03025e-05
2.13897 0.0226318 0.000226487
2.15923 0.0226394 0.000376927
2.17945 0.02265 0.000525263
2.1998 0.0226634 0.000656051
2.22044 0.0226789 0.000752879
2.24162 0.022696 0.000805239
2.26268 0.0227131 0.000812034
2.28358 0.0227292 0.000770693
2.30439 0.0227437 0.000699836
2.32501 0.0227564 0.0006129
2.34567 0.0227668 0.000504367
2.36627 0.0227742 0.000358874
2.38657 0.0227779 0.000183365
2.40692 0.0227776 -1.51092e-05
2.4274 0.0227734 -0.000203458
2.44752 0.0227659 -0.000371701
2.46734 0.0227556 -0.000520018
2.48733 0.0227427 -0.000648776
2.50769 0.0227273 -0.000755382
2.528 0.0227102 -0.000841855
2.54835 0.0226919 -0.000897404
2.56858 0.0226736 -0.000904757
2.58893 0.0226568 -0.000826502
2.60853 0.0226439 -0.000657839
2.62844 0.0226356 -0.000418821
2.6488 0.0226328 -0.000136564
2.66857 0.022636 0.000163482
2.68837 0.0226457 0.000486616
2.70829 0.0226621 0.00082704
2.72827 0.0226853 0.00116025
2.74849 0.0227147 0.00145371
2.7686 0.0227482 0.00166427
2.78855 0.0227838 0.00178529
2.80858 0.0228203 0.00182194
2.82841 0.0228554 0.00177233
2.84834 0.0228882 0.00164576
2.86844 0.0229172 0.00144037
2.88818 0.02294 0.00115442
2.90771 0.0229554 0.000789682
2.92714 0.0229626 0.000368571
2.94656 0.0229614 -6.09924e-05
2.9659 0.022953 -0.000433826
2.98512 0.0229386 -0.000748352
3.00399 0.0229194 -0.00101684
3.02265 0.0228963 -0.00123784
3.0413 0.0228698 -0.00142085
3.06006 0.0228404 -0.00156782
3.07904 0.0228088 -0.00166501
3.09834 0.0227763 -0.00168676
3.11744 0.0227457 -0.00159746
3.13659 0.0227183 -0.00143455
3.15597 0.0226946 -0.00122136
3.17583 0.0226758 -0.000947535
3.1962 0.0226634 -0.000607385
3.217 0.022659 -0.000211547
3.23779 0.0226634 0.000209719
3.25869 0.0226761 0.000610898
3.27965 0.0226963 0.000961963
3.30062 0.0227223 0.00124083
3.3214 0.0227522 0.00143602
3.34201 0.022784 0.00154505
3.36225 0.0228159 0.00157479
3.38215 0.0228463 0.00152767
3.40183 0.0228736 0.00138647
3.42145 0.022896 0.0011436
3.44048 0.0229115 0.000817129
3.45893 0.0229195 0.00043
3.47704 0.0229199 2.31843e-05
3.49511 0.0229127 -0.000401211
3.51339 0.0228974 -0.00083308
3.53211 0.0228739 -0.00125493
3.55137 0.0228421 -0.00165087
3.56995 0.0228051 -0.00199245
3.58823 0.0227638 -0.00226235
3.60666 0.0227189 -0.00243325
3.62527 0.0226727 -0.00248381
3.64366 0.0226285 -0.00240461
3.66169 0.0225886 -0.00221264
3.67996 0.0225537 -0.00190787
3.69877 0.0225259 -0.00147894
3.71825 0.0225079 -0.000926177
3.73753 0.022502 -0.000304624
3.75721 0.022509 0.00035924
3.77764 0.0225301 0.0010292
3.79783 0.022563 0.00162935
3.81775 0.0226053 0.00212342
3.83741 0.022654 0.00247759
3.85693 0.0227062 0.00267752
3.87596 0.0227581 0.00272602
3.89442 0.0228066 0.00262653
3.91245 0.0228498 0.00239889
3.9303 0.0228869 0.00207454
3.94827 0.0229172 0.0016886
3.96661 0.0229405 0.00126618
3.98554 0.022956 0.000823329
4.00485 0.0229633 0.000375285
4.02406 0.0229621 -6.22381e-05
4.04325 0.0229533 -0.000457936
4.06235 0.022938 -0.000804091
4.08135 0.022917 -0.00110239
4.10029 0.0228921 -0.00131579
4.11904 0.0228657 -0.00140942
4.13771 0.0228399 -0.00137931
4.15632 0.0228166 -0.0012531
4.17506 0.0227967 -0.00105864
4.19421 0.0227813 -0.000808746
4.21312 0.0227714 -0.000519574
4.23217 0.022768 -0.000179821
4.25188 0.0227721 0.000208497
4.27204 0.0227842 0.00060085
4.29224 0.0228031 0.000936589
4.31208 0.0228263 0.00116598
4.33189 0.0228517 0.00128532
4.35177 0.0228775 0.00129543
4.37184 0.0229017 0.00120618
4.39212 0.0229224 0.00102209
4.41241 0.0229374 0.00073576
4.43234 0.0229446 0.000363918
4.45193 0.0229433 -6.69665e-05
4.47138 0.0229335 -0.000502155
4.49081 0.0229163 -0.000885667
4.51037 0.0228926 -0.0012149
4.52993 0.0228632 -0.00149943
4.54938 0.0228294 -0.00173866
4.56861 0.0227925 -0.00191935
4.58778 0.0227532 -0.00205172
4.60703 0.0227124 -0.00212061
4.62643 0.0226716 -0.00210173
4.64579 0.0226335 -0.00196519
4.66486 0.0226005 -0.00173378
4.68384 0.0225732 -0.00143814
4.70289 0.0225526 -0.00108161
4.72209 0.0225399 -0.000662281
4.74149 0.0225363 -0.000184284
4.76104 0.0225425 0.000317771
4.78016 0.0225575 0.000783628
4.79908 0.0225798 0.00118079
4.818 0.0226084 0.00151077
4.83711 0.0226424 0.00178034
4.85651 0.0226809 0.0019826
4.87631 0.0227226 0.00210866
4.89637 0.0227658 0.00215122
4.91612 0.0228072 0.00209438
4.9355 0.0228449 0.00194988
4.95425 0.0228773 0.00172355
4.97232 0.0229031 0.00143126
4.98893 0.0229217 0.00111618
5.00448 0.0229339 0.000789467
5.0192 0.0229407 0.000456158
5.03319 0.0229424 0.000125218
5.04655 0.0229397 -0.000204339
5.05936 0.022933 -0.000524071
5.07179 0.0229225 -0.000837973
5.084 0.0229087 -0.00113806
5.09614 0.0228914 -0.00141752
5.10839 0.022871 -0.00166641
5.12093 0.0228476 -0.00187205
5.134 0.0228209 -0.00203613
5.14784 0.0227912 -0.00214937
5.1625 0.0227591 -0.00219087
5.17673 0.0227286 -0.00214366
5.19104 0.0227 -0.00199406
5.20527 0.0226752 -0.0017443
5.21949 0.0226553 -0.00140162
5.23373 0.0226413 -0.000984801
5.24812 0.0226338 -0.00051571
5.26285 0.0226338 -1.42549e-06
5.27816 0.0226426 0.00057206
5.29457 0.0226624 0.00120801
5.31219 0.0226952 0.00185947
5.3285 0.0227342 0.00238978
5.3444 0.0227792 0.00283364
5.36029 0.0228298 0.00318409
5.37627 0.0228847 0.00343362
5.39235 0.0229422 0.00357832
5.40872 0.0230013 0.00361182
5.42563 0.023061 0.00352704
5.44333 0.0231198 0.00332296
5.46163 0.0231748 0.00300924
5.48095 0.0232246 0.00257531
5.50106 0.0232655 0.00203572
5.521 0.0232942 0.00143621
5.54111 0.0233105 0.000811416
5.56138 0.0233146 0.000200817
5.58172 0.0233069 -0.00037907
5.60201 0.0232879 -0.000937463
5.62203 0.0232581 -0.00148461
5.64171 0.0232189 -0.00199541
5.66113 0.0231713 -0.0024479
5.68056 0.0231162 -0.00283441
5.70027 0.0230543 -0.00314303
5.71988 0.022988 -0.00337897
5.73928 0.0229196 -0.0035286
5.75878 0.0228496 -0.00358638
5.77863 0.0227796 -0.0035293
5.79887 0.0227123 -0.00332581
5.81939 0.0226508 -0.00299437
5.84034 0.0225969 -0.00257638
5.86124 0.0225532 -0.00208778
5.88205 0.0225216 -0.00152197
5.90278 0.0225028 -0.000903954
5.92349 0.0224972 -0.000271014
5.94409 0.022504 0.000327856
5.9645 0.0225218 0.00087595
5.98476 0.0225491 0.00134732
6.00479 0.0225831 0.00169402
6.02464 0.0226209 0.00190542
6.04445 0.0226602 0.00198549
6.06413 0.0226983 0.00193625
6.08346 0.0227324 0.00176417
6.10254 0.0227608 0.00148551
6.12154 0.0227826 0.00115113
6.14066 0.0227979 0.000796554
6.16006 0.0228063 0.000436676
6.17922 0.0228078 7.65191e-05
6.19845 0.0228023 -0.000284685
6.21749 0.0227903 -0.000631135
6.23645 0.0227727 -0.000929001
6.25513 0.0227513 -0.00114396
6.27348 0.0227284 -0.00124817
6.2917 0.0227054 -0.00126419
6.31007 0.0226833 -0.00120158
6.32851 0.0226637 -0.00106399
6.34688 0.0226478 -0.000866899
6.3655 0.0226365 -0.000605842
6.38476 0.0226312 -0.000277718
6.40484 0.0226333 0.000106476
6.42527 0.022644 0.000523655
6.44573 0.0226632 0.000939195
6.46622 0.0226901 0.00131436
6.48667 0.0227235 0.00163126
6.50709 0.0227617 0.00187062
6.52708 0.0228019 0.00201198
6.5466 0.0228419 0.00204823
6.56563 0.0228798 0.00199238
6.58423 0.0229142 0.0018473
6.60248 0.0229436 0.00161438
6.62047 0.0229671 0.00130515
6.63828 0.0229841 0.000954438
6.65604 0.0229946 0.000590684
6.67384 0.0229987 0.000229194
6.69177 0.0229963 -0.000135341
6.70989 0.022987 -0.000511864
6.7283 0.0229703 -0.00090562
6.74727 0.0229452 -0.00132408
6.76565 0.0229139 -0.00170342
6.78368 0.0228777 -0.00200901
6.80189 0.0228375 -0.00220576
6.82027 0.0227959 -0.00226251
6.83898 0.0227547 -0.00220136
6.85813 0.0227154 -0.00205379
6.87771 0.0226799 -0.00181283
6.8976 0.0226503 -0.00149017
6.91729 0.0226282 -0.0011202
6.93713 0.0226138 -0.000725495
6.9572 0.0226072 -0.000328682
6.97759 0.0226084 5.8015e-05
6.998 0.0226169 0.000418197
7.01841 0.0226318 0.000727066
7.0387 0.0226513 0.00096249
7.05881 0.022674 0.0011286
7.07878 0.0226979 0.0011941
7.09874 0.0227204 0.00113193
7.11883 0.0227395 0.000950351
7.13879 0.0227533 0.000691427
7.15854 0.0227613 0.000403727
7.17828 0.022763 8.60169e-05
7.19783 0.0227579 -0.000259687
7.21731 0.0227461 -0.000608304
7.23689 0.0227273 -0.000956398
7.25659 0.0227023 -0.0012738
7.2762 0.0226722 -0.00153063
7.29575 0.0226394 -0.00167913
7.31525 0.0226059 -0.0017204
7.33472 0.0225733 -0.00167071
7.3542 0.0225435 -0.00153097
7.3738 0.0225182 -0.00129098
7.39361 0.0224992 -0.000957601
7.41371 0.0224883 -0.000545865
7.43357 0.0224869 -6.76324e-05
7.45336 0.0224957 0.000442547
7.47344 0.0225147 0.000948046
7.49375 0.0225433 0.00140767
7.51382 0.0225793 0.00179329
7.53365 0.0226206 0.00208413
7.55329 0.0226652 0.00226874
7.57281 0.0227112 0.00235741
7.59241 0.0227569 0.00233257
7.61165 0.022799 0.00218499
7.63054 0.0228352 0.00191847
7.64931 0.0228647 0.00156898
7.66824 0.0228869 0.00117524
7.68757 0.0229016 0.000757775
7.7072 0.0229079 0.000325473
7.72657 0.0229061 -9.76989e-05
7.74539 0.0228969 -0.000484227
7.76388 0.0228817 -0.000823028
7.78226 0.0228615 -0.0011026
7.80079 0.0228373 -0.00130237
7.81936 0.0228113 -0.00140098
7.83758 0.0227857 -0.00140673
7.85569 0.0227614 -0.00134204
7.87406 0.0227388 -0.00122651
7.8929 0.0227189 -0.00106077
7.91195 0.022703 -0.000830857
7.93087 0.0226929 -0.000537463
7.95008 0.0226897 -0.000165542
7.96981 0.022695 0.000270309
7.98971 0.0227091 0.000705739
8.00929 0.0227301 0.00107648
8.02869 0.0227568 0.00137619
8.0482 0.022788 0.00159868
8.06796 0.0228223 0.00173215
8.0881 0.0228579 0.00177026
8.10806 0.0228919 0.00170272
8.12774 0.022922 0.00153025
8.14654 0.0229458 0.00126726
8.1646 0.0229627 0.000935409
8.182 0.0229728 0.000578001
8.19879 0.0229763 0.000212528
8.21502 0.0229738 -0.000155872
8.23072 0.0229658 -0.000510709
8.24594 0.0229529 -0.000846449
8.26072 0.0229357 -0.00116646
8.27513 0.0229146 -0.00146128
8.28926 0.0228904 -0.00171553
8.30319 0.0228638 -0.00190697
8.31701 0.0228359 -0.00202003
8.3308 0.0228077 -0.00204734
8.34465 0.0227799 -0.0020044
8.35862 0.0227533 -0.00190241
8.37279 0.0227286 -0.00174737
8.38722 0.0227066 -0.0015255
8.40193 0.0226884 -0.00123123
8.41691 0.0226755 -0.000862512
8.4321 0.0226692 -0.000415768
8.44735 0.0226705 8.77579e-05
8.46253 0.0226798 0.000609834
8.47796 0.0226972 0.00112762
8.49374 0.0227227 0.0016178
8.5101 0.0227566 0.00207078
8.52721 0.0227992 0.00248681
8.54529 0.0228505 0.00284076
8.56456 0.0229101 0.00309225
8.5846 0.0229737 0.00317626
8.60455 0.0230352 0.00307956
8.62463 0.0230919 0.00282386
8.64432 0.0231398 0.00243033
8.66366 0.0231773 0.0019404
8.68283 0.0232037 0.00137588
8.70208 0.0232182 0.000755933
8.72164 0.0232202 0.000100924
8.74122 0.0232094 -0.000548774
8.76066 0.0231875 -0.00113099
8.77954 0.0231569 -0.00162
8.79806 0.0231197 -0.00200488
8.81652 0.0230775 -0.00228699
8.83467 0.0230327 -0.00247025
8.85242 0.022987 -0.00257371
8.86982 0.0229416 -0.00260979
8.88568 0.0229007 -0.00258024
8.90034 0.0228639 -0.00250757
8.91409 0.0228309 -0.00240134
8.92712 0.0228014 -0.00226667
8.93965 0.022775 -0.00210718
8.95184 0.0227514 -0.00192871
8.96382 0.0227307 -0.001734
8.97571 0.0227125 -0.00152567
8.98763 0.022697 -0.00130234
8.99965 0.0226842 -0.00106366
9.01141 0.0226747 -0.00081244
9.02285 0.0226682 -0.0005625
9.034 0.0226645 -0.000333628
9.04492 0.022663 -0.000135553
9.05564 0.0226634 3.83257e-05
9.06626 0.0226656 0.000199589
9.07685 0.0226692 0.000348386
9.0875 0.0226745 0.000489273
9.09831 0.0226812 0.000623876
9.10936 0.0226895 0.000753329
9.12072 0.0226995 0.000876182
9.13256 0.0227112 0.000988149
9.14516 0.0227247 0.00107196
9.15888 0.0227399 0.00110792
9.17417 0.0227567 0.00109682
9.19168 0.0227749 0.00103919
9.2102 0.0227919 0.000922701
9.22924 0.0228064 0.00075854
9.24799 0.0228173 0.00058456
9.26682 0.0228249 0.000399311
9.28591 0.0228285 0.000190365
9.30547 0.0228276 -4.50147e-05
9.32569 0.0228217 -0.00029012
9.34644 0.0228108 -0.000525845
9.36764 0.0227952 -0.000740003
9.38868 0.0227754 -0.000938398
9.40941 0.0227525 -0.00110386
