t x vx
0.01 0.0220003 3.04831e-05
0.02 0.0220007 4.43548e-05
0.0398995 0.0220024 8.40731e-05
0.0599859 0.0220052 0.000138813
0.0809501 0.0220096 0.00021084
0.102756 0.0220162 0.00030174
0.125233 0.0220252 0.000398968
0.148138 0.0220367 0.000502218
0.171192 0.0220507 0.00060925
0.194229 0.0220674 0.000723055
0.217079 0.0220869 0.000852407
0.23965 0.0221098 0.00101524
0.261833 0.0221365 0.00120463
0.2829 0.0221653 0.00136923
0.303891 0.0221978 0.00154496
0.324975 0.022235 0.00176753
0.346074 0.0222779 0.00203365
0.366272 0.0223239 0.00227326
0.38632 0.0223741 0.0025048
0.406952 0.0224305 0.0027345
0.427884 0.022492 0.00293773
0.449206 0.0225586 0.00312245
0.470407 0.0226281 0.00327999
0.491413 0.0226998 0.00341205
0.512213 0.0227728 0.00350931
0.532826 0.0228461 0.00355876
0.553312 0.022919 0.0035565
0.573748 0.0229905 0.00349916
0.594198 0.0230598 0.00339039
0.614693 0.0231261 0.00323211
0.635243 0.0231882 0.00302503
0.65584 0.0232453 0.00276906
0.676467 0.0232962 0.0024711
0.697053 0.0233384 0.00204795
0.717592 0.0233714 0.00160599
0.738086 0.0233952 0.00116163
0.758556 0.0234101 0.000730376
0.779029 0.0234167 0.000322133
0.799539 0.0234158 -4.73202e-05
0.820127 0.0234082 -0.000367611
0.840833 0.023395 -0.000638125
0.861549 0.023377 -0.000866085
0.882218 0.0233551 -0.00106026
0.902846 0.0233298 -0.00122996
0.92346 0.0233014 -0.00137662
0.944087 0.0232704 -0.00150105
0.964736 0.0232373 -0.00160311
0.985401 0.0232023 -0.00169274
1.00607 0.0231653 -0.00179074
1.02674 0.0231274 -0.00183279
1.04736 0.0230882 -0.00190508
1.06772 0.0230475 -0.00199597
1.08808 0.0230048 -0.00209851
1.10857 0.0229599 -0.00219068
1.12928 0.0229131 -0.00226127
1.1497 0.0228664 -0.00228721
1.1704 0.0228198 -0.00225204
1.19164 0.0227741 -0.00214738
1.21279 0.0227331 -0.00194105
1.23392 0.0226983 -0.00164634
1.25493 0.0226708 -0.00131119
1.27513 0.0226512 -0.000966266
1.29516 0.0226396 -0.000581335
1.31569 0.022637 -0.000125038
1.33577 0.0226443 0.000363199
1.35543 0.0226611 0.000855959
1.37503 0.0226879 0.00136691
1.39499 0.0227255 0.00188242
1.41508 0.0227728 0.00235588
1.43527 0.0228285 0.00275674
1.45561 0.0228907 0.00305911
1.47615 0.0229569 0.00322357
1.49679 0.0230228 0.0031929
1.51747 0.023084 0.00295597
1.53797 0.0231356 0.00251627
1.55834 0.0231744 0.00190435
1.57863 0.0231984 0.00118551
1.59892 0.0232062 0.000384698
1.619 0.0231973 -0.000445623
1.63886 0.0231725 -0.00124806
1.65853 0.0231338 -0.00196852
1.67834 0.0230826 -0.0025807
1.69742 0.0230244 -0.00305288
1.71587 0.0229622 -0.00336997
1.73395 0.0228981 -0.00354537
1.75205 0.0228329 -0.00360241
1.77053 0.0227675 -0.00353722
1.78965 0.0227037 -0.00333864
1.80902 0.0226459 -0.00298533
1.82908 0.0225965 -0.00246153
1.84888 0.022561 -0.00179135
1.86815 0.0225413 -0.00102203
1.88777 0.0225379 -0.000174108
1.90724 0.0225511 0.000675021
1.92646 0.0225796 0.00148587
1.94556 0.0226221 0.00222345
1.96466 0.0226765 0.00285113
1.98381 0.0227405 0.00333753
2.00308 0.0228109 0.00365452
2.02254 0.0228827 0.00369286
2.04207 0.0229515 0.00352219
2.06153 0.0230124 0.00312885
2.08099 0.023063 0.00259705
2.1006 0.0230998 0.0018806
2.12051 0.0231199 0.00100853
2.14051 0.0231211 6.02917e-05
2.16042 0.0231033 -0.000893994
2.17998 0.0230682 -0.00179799
2.19875 0.0230177 -0.00268854
2.21678 0.0229555 -0.00344838
2.23458 0.0228835 -0.0040481
2.2526 0.022803 -0.00446936
2.27074 0.0227177 -0.00470046
2.28907 0.0226311 -0.00472578
2.30696 0.0225498 -0.00454134
2.32508 0.0224745 -0.00415633
2.34382 0.0224095 -0.00346776
2.36322 0.0223587 -0.00262051
2.38334 0.0223242 -0.00171336
2.40376 0.0223095 -0.000719389
2.42385 0.0223147 0.000260239
2.44378 0.022338 0.00116947
2.4633 0.0223765 0.00197237
2.48273 0.0224272 0.00260884
2.5018 0.0224856 0.00306394
2.52068 0.0225482 0.00330934
2.5391 0.0226087 0.00328702
2.55668 0.0226611 0.0029835
2.57378 0.0227027 0.00243156
2.59082 0.0227314 0.00168591
2.60823 0.0227447 0.000763236
2.62635 0.0227393 -0.000300344
2.64532 0.0227117 -0.00145191
2.66455 0.0226618 -0.00259888
2.68329 0.0225926 -0.00368958
2.70198 0.0225045 -0.00471337
2.71978 0.0224051 -0.00558643
2.73693 0.0222977 -0.00626038
2.7537 0.0221853 -0.00670284
2.77036 0.0220703 -0.00690386
2.78724 0.0219545 -0.00685798
2.80475 0.02184 -0.00654247
2.82207 0.021736 -0.00600293
2.8393 0.0216458 -0.00523837
2.85708 0.0215711 -0.00419897
2.87581 0.0215169 -0.00289529
2.8951 0.0214896 -0.00141476
2.91443 0.021493 0.000177972
2.93337 0.0215259 0.00173447
2.9519 0.0215843 0.00315174
2.96986 0.0216634 0.00440789
2.98756 0.0217606 0.00548646
3.00464 0.0218676 0.00626752
3.02088 0.0219767 0.00672325
3.0369 0.0220871 0.00688425
3.05333 0.022198 0.00675632
3.07061 0.0223075 0.00633125
3.08906 0.0224103 0.00557163
3.10827 0.0224962 0.00447396
3.12657 0.0225541 0.00316481
3.14501 0.0225845 0.00164509
3.16427 0.0225833 -6.01686e-05
3.1839 0.0225477 -0.00181519
3.20371 0.0224771 -0.00356138
3.22335 0.0223741 -0.005245
3.24318 0.0222395 -0.00678711
3.26268 0.0220827 -0.00804329
3.28203 0.0219097 -0.0089414
3.3019 0.0217215 -0.00947083
3.32181 0.0215308 -0.00957443
3.34188 0.0213448 -0.00927068
3.3616 0.0211749 -0.00861744
3.38098 0.021026 -0.00768207
3.39985 0.0209025 -0.00654292
3.41836 0.0208059 -0.00522073
3.43641 0.020738 -0.00376067
3.45459 0.020699 -0.00214278
3.47237 0.0206906 -0.000477377
3.49071 0.0207134 0.00124575
3.5088 0.0207658 0.00289603
3.52676 0.020845 0.00440825
3.54494 0.0209498 0.00576363
3.56334 0.0210764 0.00688215
3.58131 0.0212148 0.007702
3.59916 0.0213619 0.00824273
3.61733 0.0215157 0.00846404
3.63625 0.0216726 0.00829425
3.65535 0.0218199 0.00771218
3.67423 0.0219475 0.0067583
3.69305 0.0220512 0.00550577
3.71181 0.0221261 0.00399556
3.73048 0.0221686 0.00227556
3.74908 0.0221761 0.000404904
3.76769 0.0221473 -0.00154981
3.78598 0.0220839 -0.00346189
3.80417 0.0219883 -0.00526324
3.82184 0.0218675 -0.0068319
3.83929 0.0217253 -0.00814815
3.85662 0.0215665 -0.00916385
3.87392 0.0213961 -0.00984934
3.89136 0.0212188 -0.0101684
3.90921 0.0210387 -0.0100873
3.92729 0.0208655 -0.00957936
3.94529 0.0207097 -0.0086567
3.96338 0.020577 -0.00733779
3.98182 0.0204735 -0.00561074
4.00014 0.0204083 -0.00356023
4.0183 0.0203848 -0.00129544
4.03624 0.0204042 0.00108363
4.05429 0.0204678 0.00352384
4.07223 0.0205733 0.00588127
4.09014 0.0207185 0.00810844
4.10784 0.0208973 0.010101
4.12553 0.021105 0.0117411
4.14315 0.0213326 0.0129195
4.1602 0.0215643 0.0135841
4.17713 0.0217976 0.013779
4.19428 0.0220287 0.0134824
4.2118 0.0222514 0.0127079
4.22997 0.0224589 0.0114217
4.24879 0.0226394 0.00958609
4.26703 0.0227735 0.00735103
4.28518 0.0228601 0.00477569
4.30346 0.0228946 0.00188358
4.32221 0.0228704 -0.00129175
4.34062 0.0227872 -0.00451613
4.35886 0.0226474 -0.00766481
4.37751 0.0224486 -0.0106599
4.39525 0.0222144 -0.0132012
4.41248 0.021952 -0.0152256
4.42956 0.0216665 -0.0167238
4.44691 0.0213605 -0.0176326
4.46481 0.0210409 -0.0178571
4.48287 0.020728 -0.0173195
4.50117 0.0204349 -0.0160173
4.51965 0.0201763 -0.0139979
4.53851 0.0199646 -0.0112191
4.55693 0.0198202 -0.00784208
4.57507 0.0197474 -0.00401067
4.59334 0.0197513 0.000209031
4.61111 0.0198307 0.0044661
4.62839 0.0199789 0.00858133
4.6459 0.0201988 0.0125556
4.66342 0.0204809 0.0161085
4.68075 0.0208117 0.0190879
4.69748 0.0211691 0.0213611
4.71425 0.0215546 0.0229871
4.73143 0.0219655 0.0239086
4.74887 0.0223849 0.0240558
4.76664 0.0227997 0.0233436
4.78437 0.0231858 0.0217774
4.80288 0.0235428 0.0192811
4.82136 0.0238375 0.0159482
4.83997 0.0240601 0.0119634
4.85769 0.0241968 0.00771423
4.87523 0.0242523 0.00316273
4.89238 0.0242277 -0.00143446
4.90984 0.0241223 -0.00603659
4.92687 0.0239471 -0.0102908
4.94432 0.023699 -0.0142124
4.96231 0.0233817 -0.0176397
4.97909 0.0230431 -0.0201734
4.9957 0.0226783 -0.0219737
5.0129 0.022283 -0.0229747
5.03124 0.0218603 -0.0230503
5.0501 0.0214452 -0.0220116
5.06919 0.0210664 -0.0198398
5.08737 0.0207601 -0.0168558
5.10568 0.0205205 -0.0130813
5.12367 0.0203616 -0.00883442
5.14177 0.0202867 -0.00413655
5.15919 0.0202973 0.000609605
5.17737 0.0203976 0.00551803
5.19444 0.020568 0.00998263
5.21179 0.020814 0.0141772
5.22947 0.0211302 0.0178787
5.24756 0.0215095 0.0209723
5.26485 0.0219106 0.023193
5.28214 0.0223365 0.0246367
5.3 0.0227866 0.0252032
5.31876 0.0232521 0.0248043
5.33754 0.0236906 0.023362
5.35553 0.0240683 0.0209936
5.37383 0.0243931 0.0177397
5.39211 0.0246445 0.013756
5.41024 0.0248126 0.00927227
5.42767 0.0248945 0.0047025
5.44484 0.0248948 1.39398e-05
5.46215 0.0248142 -0.00465424
5.47999 0.0246489 -0.00926095
5.4976 0.0244128 -0.0134101
5.51481 0.0241213 -0.0169428
5.5338 0.0237401 -0.0200726
5.55251 0.0233231 -0.0222884
5.57005 0.0229103 -0.0235354
5.58851 0.0224696 -0.0238759
5.60784 0.0220221 -0.0231444
5.62742 0.0216056 -0.021277
5.64701 0.0212459 -0.0183588
5.66526 0.0209749 -0.0148493
5.68354 0.0207788 -0.010726
5.70129 0.0206672 -0.00628572
5.71987 0.0206423 -0.00134225
5.73784 0.0207052 0.00349834
5.75605 0.020856 0.00828213
5.77347 0.0210757 0.0126148
5.7908 0.021361 0.0164589
5.80951 0.0217326 0.0198597
5.82835 0.0221547 0.022412
5.8466 0.0225928 0.024005
5.86504 0.0230467 0.0246044
5.88384 0.0235006 0.0241486
5.90272 0.0239273 0.0226013
5.92171 0.024307 0.0199898
5.94007 0.0246107 0.0165481
5.95833 0.0248366 0.0123737
5.9765 0.0249763 0.00768506
5.9947 0.0250251 0.00268219
6.01295 0.0249792 -0.00251312
6.03103 0.0248428 -0.00754443
6.04799 0.0246393 -0.0119979
6.06557 0.0243559 -0.0161212
6.08295 0.0240153 -0.0196018
6.10197 0.0235848 -0.0226274
6.12016 0.023136 -0.0246769
6.13842 0.0226644 -0.0258262
6.15756 0.0221674 -0.0259681
6.17698 0.0216821 -0.0249909
6.19644 0.0212368 -0.0228816
6.21564 0.0208574 -0.0197599
6.23443 0.0205583 -0.0159186
6.25276 0.0203468 -0.0115363
6.27081 0.0202239 -0.0068065
6.28921 0.0201924 -0.00171398
6.30729 0.0202523 0.00331133
6.32476 0.0203927 0.00803494
6.34235 0.020612 0.0124742
6.35945 0.0208907 0.0162966
6.37795 0.0212552 0.0197015
6.39636 0.0216646 0.0222344
6.41437 0.0220939 0.023837
6.43278 0.0225446 0.0244852
6.45169 0.0229997 0.0240663
6.47067 0.0234278 0.0225531
6.48976 0.0238089 0.0199671
6.50822 0.0241145 0.0165553
6.52653 0.0243419 0.0124137
6.54482 0.024484 0.00776751
6.56266 0.0245366 0.00295055
6.58041 0.0245007 -0.00202302
6.59841 0.0243757 -0.00693927
6.61592 0.0241754 -0.0114425
6.63386 0.0238962 -0.015566
6.65134 0.0235639 -0.0190142
6.67062 0.0231397 -0.0220013
6.68934 0.0226906 -0.0239894
6.70746 0.0222377 -0.0249859
6.72673 0.0217569 -0.0249561
6.74617 0.0212946 -0.0237793
6.76566 0.0208762 -0.0214645
6.7842 0.0205378 -0.0182541
6.80301 0.0202694 -0.014265
6.82188 0.0200867 -0.00968475
6.84033 0.0199986 -0.00477525
6.85791 0.0200012 0.000151234
6.87578 0.020093 0.00513755
6.89334 0.0202659 0.00984281
6.91164 0.0205281 0.0143286
6.92997 0.0208617 0.0182003
6.94856 0.0212598 0.0214182
6.96669 0.0216902 0.0237383
6.98505 0.0221523 0.0251679
7.00393 0.0226359 0.0256036
7.02284 0.0231073 0.0249321
7.04183 0.0235473 0.023178
7.06088 0.0239352 0.020355
7.0792 0.0242424 0.0167749
7.09765 0.0244718 0.0124301
7.11606 0.0246128 0.00765766
7.13408 0.0246617 0.00271854
7.15148 0.0246239 -0.00217656
7.16965 0.0244943 -0.00712994
7.18679 0.0242968 -0.0115231
7.20442 0.0240226 -0.0155508
7.2222 0.0236853 -0.0189756
7.24054 0.0232867 -0.0217371
7.25843 0.0228646 -0.0235898
7.2764 0.022424 -0.0245161
7.29547 0.0219588 -0.0243915
7.31492 0.0215092 -0.0231171
7.33447 0.0211043 -0.0207176
7.35269 0.0207852 -0.0175086
7.37157 0.0205307 -0.0134801
7.39036 0.0203631 -0.00891834
7.40879 0.0202888 -0.00403421
7.42624 0.0203028 0.000805857
7.44437 0.0204077 0.00578685
7.46196 0.0205908 0.010404
7.48039 0.0208632 0.0147861
7.49875 0.0212032 0.0185177
7.5175 0.0216079 0.0215829
7.53585 0.0220434 0.0237321
7.55418 0.0225006 0.0249479
7.57309 0.0229763 0.0251552
7.59199 0.0234347 0.0242547
7.61098 0.0238577 0.0222712
7.63005 0.0242245 0.0192357
7.64853 0.0245102 0.0154566
7.66711 0.0247135 0.0109447
7.68504 0.0248247 0.00620521
7.70237 0.0248481 0.00135026
7.71942 0.0247888 -0.00348356
7.73751 0.0246362 -0.0084333
7.75477 0.0244154 -0.012793
7.77215 0.0241257 -0.0166705
7.79006 0.0237674 -0.0200017
7.80864 0.0233467 -0.0226489
7.82676 0.0229051 -0.0243689
7.8452 0.0224418 -0.0251286
7.8644 0.0219655 -0.0248059
7.88391 0.0215104 -0.0233248
7.90352 0.0211038 -0.02073
7.92163 0.0207884 -0.0174154
7.94021 0.0205406 -0.0133385
7.95857 0.0203789 -0.00880519
7.97692 0.0203075 -0.00389225
7.9944 0.0203244 0.000966033
8.01288 0.0204356 0.006017
8.03057 0.0206234 0.0106198
8.04857 0.020891 0.0148634
8.06685 0.0212296 0.0185263
8.08573 0.0216363 0.0215325
8.10421 0.0220722 0.0235943
8.12245 0.0225226 0.0246918
8.14138 0.0229918 0.0247846
8.16031 0.0234421 0.0237826
8.17935 0.0238552 0.0217019
8.19846 0.0242102 0.0185756
8.21723 0.0244853 0.0146522
8.2359 0.0246731 0.0100619
8.25353 0.0247679 0.00537639
8.27067 0.0247774 0.000557236
8.28789 0.0247037 -0.00427856
8.30585 0.0245394 -0.00914824
8.32341 0.0243022 -0.0135038
8.34076 0.0240023 -0.0172863
8.35902 0.0236267 -0.0205719
8.37751 0.0231998 -0.0230917
8.39574 0.0227495 -0.0246952
8.41438 0.0222778 -0.0253166
8.4337 0.0217979 -0.0248363
8.45319 0.0213459 -0.0231893
8.47282 0.0209448 -0.0204285
8.49081 0.0206387 -0.0170202
8.50925 0.0204013 -0.012872
8.52737 0.0202506 -0.00831513
8.5456 0.0201891 -0.00337671
8.56334 0.0202167 0.00155536
8.58191 0.0203395 0.00661089
8.59936 0.020534 0.0111478
8.61714 0.0208063 0.0153105
8.63554 0.0211547 0.0189404
8.65463 0.0215725 0.0218878
8.67296 0.0220098 0.0238496
8.6913 0.0224655 0.0248584
8.71026 0.0229367 0.0248505
8.72924 0.0233874 0.0237499
8.74831 0.0237991 0.0215786
8.76736 0.0241493 0.0183883
8.78617 0.0244198 0.0143806
8.80487 0.0246023 0.00975777
8.82239 0.0246916 0.00509398
8.83946 0.0246968 0.000304502
8.85662 0.0246199 -0.00447605
8.8744 0.0244553 -0.00925851
8.89211 0.0242142 -0.0136092
8.90951 0.0239127 -0.0173369
8.92805 0.0235308 -0.0205938
8.94633 0.0231103 -0.0230031
8.96441 0.0226673 -0.0245055
8.98297 0.0222025 -0.0250347
9.00236 0.0217284 -0.0244559
9.02186 0.0212855 -0.0227093
9.04149 0.0208959 -0.0198506
9.05954 0.0206005 -0.0163679
9.0779 0.0203768 -0.0121801
9.09577 0.0202403 -0.0076423
9.11409 0.0201916 -0.00265633
9.13204 0.0202332 0.00231857
9.15055 0.020369 0.00733479
9.16791 0.0205743 0.0118224
9.18537 0.0208513 0.0158755
9.20394 0.0212131 0.0194818
9.22311 0.0216416 0.0223526
9.24151 0.0220875 0.0242291
9.25997 0.0225517 0.0251432
9.27892 0.0230259 0.0250239
9.29791 0.0234779 0.0238133
9.31699 0.0238888 0.0215304
9.33589 0.024234 0.0182666
