t x vx
0.01 0.0219864 -0.00135607
0.02 0.0219516 -0.00348172
0.0343355 0.0218597 -0.00641527
0.0488382 0.021724 -0.0093567
0.0641053 0.0215347 -0.0123942
0.0797276 0.0212947 -0.0153663
0.0955191 0.0210082 -0.018142
0.111312 0.0206841 -0.0205206
0.127224 0.0203284 -0.0223559
0.143085 0.019956 -0.0234784
0.158776 0.0195821 -0.0238282
0.174244 0.0192213 -0.0233293
0.18928 0.0188905 -0.0219942
0.204351 0.0185909 -0.0198819
0.218807 0.0183436 -0.0171062
0.233562 0.0181424 -0.0136344
0.248443 0.0180007 -0.00952422
0.262927 0.0179278 -0.005035
0.277407 0.0179249 -0.00019821
0.292512 0.0180027 0.00515143
0.306718 0.0181492 0.0103126
0.321534 0.0183821 0.0157168
0.335957 0.0186825 0.0208263
0.350227 0.0190479 0.0256102
0.364568 0.0194782 0.0300013
0.379133 0.0199712 0.0338482
0.393747 0.0205125 0.0370421
0.408521 0.0210951 0.0394371
0.422881 0.0216821 0.0408736
0.437111 0.0222716 0.0414234
0.45141 0.0228582 0.0410265
0.46599 0.0234366 0.039674
0.480329 0.0239724 0.037363
0.494726 0.0244628 0.034065
0.509069 0.0248917 0.0299016
0.522776 0.0252371 0.0251981
0.536656 0.0255133 0.0199
0.549913 0.0257064 0.0145648
0.563494 0.0258273 0.00890373
0.576873 0.0258709 0.00325592
0.589429 0.0258476 -0.00185587
0.602785 0.0257558 -0.00687109
0.61624 0.0256032 -0.0113391
0.628485 0.0254211 -0.0148747
0.641306 0.0251921 -0.017857
0.654678 0.0249232 -0.0201131
0.668248 0.0246313 -0.0215104
0.6824 0.0243199 -0.0219999
0.696409 0.024019 -0.0214853
0.710831 0.0237318 -0.0199137
0.726129 0.02347 -0.0171104
0.74115 0.02327 -0.013316
0.75631 0.0231394 -0.00861127
0.77119 0.0230921 -0.00318235
0.785813 0.0231323 0.00274844
0.800411 0.0232616 0.00885866
0.815249 0.0234856 0.0150989
0.829351 0.0237785 0.0207672
0.843377 0.0241407 0.025826
0.857722 0.024572 0.0300651
0.871902 0.0250417 0.0331229
0.885932 0.0255315 0.0349091
0.899874 0.026024 0.0353236
0.913638 0.0264966 0.0343367
0.927336 0.0269341 0.0319371
0.940935 0.0273168 0.0281438
0.954375 0.0276289 0.0232243
0.967487 0.0278592 0.0175676
0.98041 0.0280054 0.0113126
0.993124 0.0280652 0.00469998
1.00537 0.0280424 -0.00185989
1.01747 0.0279432 -0.00819699
1.02921 0.0277777 -0.014101
1.04056 0.0275589 -0.0192727
1.0532 0.0272509 -0.0243665
1.06643 0.026869 -0.0288598
1.08046 0.0264126 -0.0325467
1.09469 0.025912 -0.0351652
1.1091 0.0253842 -0.0366382
1.12391 0.0248383 -0.0368636
1.13887 0.0243027 -0.0357971
1.15409 0.023795 -0.0333579
1.16925 0.0233458 -0.0296304
1.18365 0.0229844 -0.0250975
1.1984 0.022696 -0.0195499
1.2125 0.0225042 -0.0135997
1.22702 0.0224003 -0.00716287
1.24102 0.0223921 -0.000586245
1.25489 0.0224735 0.00587352
1.26914 0.022647 0.0121712
1.28356 0.0229058 0.0179517
1.29772 0.023229 0.0228351
1.31181 0.0236045 0.0266382
1.32562 0.0240084 0.0292554
1.33917 0.024424 0.0306511
1.35285 0.0248441 0.0307169
1.36675 0.0252533 0.0294381
1.38039 0.0256196 0.0268596
1.39426 0.0259394 0.0230479
1.40758 0.026184 0.0183801
1.42105 0.0263573 0.012856
1.43498 0.0264473 0.00646158
1.44823 0.0264462 -7.98877e-05
1.46206 0.0263489 -0.00703737
1.47585 0.0261606 -0.0136597
1.48962 0.0258886 -0.019751
1.50288 0.0255562 -0.025069
1.51659 0.0251483 -0.0297539
1.53083 0.0246694 -0.0336194
1.54505 0.0241523 -0.0363688
1.55946 0.0236051 -0.0379603
1.57406 0.0230456 -0.0383224
1.58901 0.0224868 -0.0373962
1.60393 0.0219625 -0.0351219
1.61902 0.021488 -0.0314589
1.63312 0.0211072 -0.026993
1.64746 0.020799 -0.0215056
1.66167 0.0205818 -0.015279
1.67618 0.0204596 -0.00842596
1.68992 0.0204371 -0.0016347
1.70418 0.0205132 0.00533329
1.71793 0.0206754 0.0118004
1.73161 0.0209188 0.0177875
1.74565 0.0212426 0.0230669
1.75969 0.0216272 0.027391
1.77324 0.0220412 0.0305475
1.78676 0.0224814 0.0325578
1.80062 0.0229438 0.0333683
1.81481 0.0234097 0.0328335
1.8288 0.0238427 0.0309635
1.84295 0.0242354 0.0277388
1.85756 0.0245743 0.0232022
1.87168 0.0248252 0.0177677
1.8859 0.0249908 0.0116524
1.89913 0.0250641 0.0055393
1.91202 0.0250548 -0.000722411
1.92492 0.0249659 -0.00689084
1.93834 0.0247915 -0.0130057
1.9521 0.0245347 -0.0186611
1.96569 0.0242155 -0.0234821
1.98004 0.0238198 -0.0275642
1.99458 0.0233757 -0.03056
2.0084 0.0229301 -0.0322439
2.02256 0.0224671 -0.0326921
2.03748 0.0219942 -0.0316984
2.05254 0.021554 -0.0292207
2.06775 0.0211697 -0.0252626
2.0817 0.0208835 -0.0205289
2.09592 0.0206729 -0.0148005
2.10977 0.0205546 -0.008547
2.12384 0.0205315 -0.00163889
2.13769 0.0206054 0.00532669
2.15215 0.0207862 0.0125079
2.16571 0.0210434 0.018977
2.17935 0.021383 0.0248831
2.19326 0.0218016 0.0301042
2.20726 0.0222842 0.0344746
2.2212 0.022811 0.0377791
2.23521 0.0233702 0.0399092
2.2495 0.0239518 0.0407012
2.2637 0.024521 0.0400915
2.27798 0.0250647 0.0380656
2.29217 0.0255555 0.0345924
2.30641 0.0259783 0.0297016
2.31957 0.0262958 0.0241332
2.33343 0.0265406 0.0176484
2.34635 0.0266847 0.0111627
2.35857 0.0267419 0.00467703
2.371 0.0267187 -0.00186512
2.38426 0.0266047 -0.0086
2.39739 0.0264111 -0.0147529
2.40996 0.0261604 -0.0199289
2.42327 0.025834 -0.0245367
2.43683 0.0254507 -0.028264
2.45024 0.0250359 -0.0309263
2.46455 0.0245707 -0.0325131
2.47934 0.0240869 -0.0327162
2.49444 0.0236112 -0.0315054
2.50958 0.0231738 -0.0288915
2.52473 0.0227958 -0.0249407
2.53873 0.0225121 -0.0202694
2.55307 0.0223021 -0.0146446
2.56717 0.0221833 -0.0084232
2.58167 0.0221601 -0.0015996
2.59547 0.0222306 0.00510726
2.60993 0.0224034 0.0119523
2.624 0.0226601 0.0182432
2.63757 0.0229829 0.0237822
2.65182 0.0233909 0.0286453
2.66598 0.0238495 0.0323826
2.6799 0.0243353 0.034895
2.69363 0.0248309 0.0360895
2.70773 0.0253362 0.0358441
2.72179 0.0258158 0.0341081
2.73575 0.0262475 0.0309367
2.75003 0.026623 0.0262808
2.76315 0.0268973 0.0209196
2.77673 0.0270962 0.0146457
2.78996 0.0271999 0.00783267
2.80204 0.0272153 0.00128107
2.81515 0.0271395 -0.0057877
2.82867 0.0269674 -0.0127355
2.84211 0.026711 -0.0190745
2.85507 0.0263924 -0.0245667
2.86754 0.0260286 -0.0291816
2.88176 0.0255544 -0.0333408
2.89599 0.0250378 -0.0363144
2.91036 0.0244901 -0.038112
2.92494 0.0239262 -0.0386872
2.93987 0.0233594 -0.0379665
2.95482 0.0228225 -0.035899
2.96981 0.0223355 -0.0324926
2.98414 0.0219322 -0.0281538
2.99877 0.0215996 -0.0227183
3.01313 0.021362 -0.0165486
3.02732 0.0212199 -0.0100151
3.04139 0.021175 -0.00318828
3.05538 0.0212261 0.00364623
3.06922 0.0213668 0.0101676
3.08363 0.0216032 0.0164099
3.0977 0.021909 0.0217279
3.11189 0.0222791 0.0260823
3.12562 0.0226809 0.0292565
3.13918 0.0231044 0.0312478
3.15286 0.0235421 0.0319837
3.16691 0.0239833 0.0314061
3.18073 0.0243907 0.029483
3.19458 0.0247551 0.0263127
3.20929 0.0250742 0.0216892
3.2235 0.0253043 0.0161945
3.23746 0.0254455 0.0101161
3.25058 0.0254974 0.00395567
3.26331 0.0254675 -0.0023502
3.27638 0.0253542 -0.00867146
3.28995 0.0251508 -0.0149916
3.30373 0.0248649 -0.0207518
3.31739 0.0245143 -0.0256535
3.33139 0.0240982 -0.029728
3.3458 0.0236246 -0.0328576
3.36009 0.0231283 -0.0347432
3.3747 0.0226113 -0.0353787
3.38963 0.0220943 -0.0346319
3.40465 0.0216073 -0.0324269
3.41973 0.0211735 -0.0287654
3.43377 0.0208336 -0.0242072
3.44819 0.0205657 -0.0185754
3.46251 0.0203908 -0.0122179
3.47695 0.0203152 -0.00523983
3.49053 0.0203374 0.00164
3.50472 0.0204615 0.00874321
3.51847 0.0206724 0.0153294
3.53234 0.0209698 0.0214441
3.54634 0.0213453 0.0268321
3.56075 0.0217983 0.0314235
3.57455 0.0222783 0.0348001
3.58833 0.0227887 0.0370311
3.60266 0.0233335 0.0380193
3.61713 0.0238778 0.0376109
3.63175 0.0244003 0.0357394
3.64607 0.0248651 0.0324659
3.66047 0.025265 0.0277697
3.67398 0.025567 0.0223526
3.68825 0.0257944 0.015932
3.70163 0.0259215 0.00949899
3.71416 0.0259602 0.00309395
3.72684 0.0259176 -0.0033639
3.73993 0.0257888 -0.00983455
3.75311 0.0255805 -0.01581
3.76618 0.0253064 -0.0209767
3.78002 0.0249533 -0.0255029
3.79395 0.0245495 -0.0290015
3.80741 0.0241278 -0.0313291
3.82149 0.0236701 -0.0325037
3.83628 0.0231926 -0.0322831
3.85144 0.0227285 -0.0306019
3.86653 0.0223138 -0.0274831
3.88113 0.0219753 -0.0231976
3.89587 0.021712 -0.0178601
3.91022 0.0215422 -0.0118349
3.92439 0.0214678 -0.0052432
3.93865 0.0214927 0.00174288
3.95306 0.0216194 0.00879662
3.96665 0.0218276 0.0153097
3.98061 0.0221274 0.0214913
3.99434 0.0224974 0.0269281
4.00872 0.0229521 0.0316389
4.02275 0.0234455 0.0351696
4.03657 0.0239642 0.037527
4.05069 0.0245092 0.0385986
4.06478 0.0250479 0.0382248
4.0789 0.0255613 0.036366
4.09305 0.0260285 0.0330076
4.1073 0.0264304 0.0281983
4.12041 0.0267277 0.0226826
4.13406 0.0269492 0.0162226
4.14726 0.0270733 0.00940423
4.1592 0.0271076 0.00287694
4.17217 0.0270539 -0.00413607
4.18542 0.0269076 -0.0110487
4.19871 0.0266764 -0.0173868
4.21116 0.0263938 -0.0226965
4.22376 0.0260496 -0.0273293
4.23803 0.0256007 -0.0314656
4.25242 0.0251044 -0.0344721
4.26696 0.0245768 -0.0362839
4.28161 0.0240377 -0.0368052
4.29664 0.0234968 -0.0360005
4.31163 0.0229898 -0.0338035
4.32679 0.0225317 -0.0302188
4.341 0.0221651 -0.0257968
4.35557 0.0218696 -0.0202825
4.36983 0.0216688 -0.0140874
4.38436 0.0215621 -0.00734402
4.3984 0.0215554 -0.000474963
4.41248 0.0216448 0.00634543
4.42617 0.0218189 0.0127213
4.44018 0.0220813 0.0187288
4.45426 0.022418 0.0239242
4.46839 0.0228154 0.0281068
4.48211 0.0232418 0.0310849
4.49561 0.0236854 0.0328727
4.50936 0.0241442 0.0333601
4.52334 0.0245986 0.0324971
4.53709 0.0250146 0.0302662
4.55112 0.0253891 0.0266897
4.56539 0.0257003 0.0218071
4.57959 0.0259278 0.0160192
4.59352 0.0260621 0.00964161
4.60658 0.0261042 0.00322175
4.62057 0.0260502 -0.0038543
4.63408 0.0259078 -0.0105494
4.64786 0.0256739 -0.0169591
4.66171 0.0253596 -0.0227122
4.67505 0.0249927 -0.0274859
4.68949 0.0245365 -0.0315977
4.70385 0.0240403 -0.0345685
4.71842 0.0235105 -0.0363447
4.73307 0.0229706 -0.036853
4.74808 0.0224301 -0.0360209
4.76311 0.0219226 -0.033762
4.77827 0.0214669 -0.0300655
4.79243 0.0211056 -0.0255049
4.80682 0.0208192 -0.019907
4.82109 0.0206253 -0.0135829
4.83564 0.020529 -0.0066184
4.84931 0.0205323 0.000237661
4.86345 0.0206346 0.00723474
4.87717 0.0208234 0.0137544
4.89086 0.021094 0.0197766
4.90481 0.0214441 0.025094
4.91897 0.0218624 0.0295288
4.9326 0.0223086 0.0327623
4.9462 0.022783 0.0348653
4.96019 0.023283 0.0357296
4.97455 0.0237886 0.0352316
4.98892 0.0242673 0.0333052
5.00316 0.0246944 0.0299863
5.01742 0.0250559 0.0253596
5.03104 0.0253274 0.019925
5.04508 0.0255196 0.0136869
5.05822 0.025617 0.00741027
5.07087 0.0256299 0.00102071
5.0836 0.0255615 -0.00537251
5.09685 0.0254053 -0.0117876
5.11018 0.0251699 -0.0176557
5.12346 0.024868 -0.0227339
5.13744 0.0244886 -0.0271319
5.1517 0.0240534 -0.0305158
5.16543 0.0236051 -0.0326497
5.17961 0.0231288 -0.0335921
5.19449 0.022636 -0.0331309
5.20974 0.0221604 -0.0311799
5.22485 0.0217405 -0.0277818
5.23925 0.021405 -0.0233159
5.25398 0.0211433 -0.0177589
5.26857 0.0209762 -0.011451
5.28319 0.0209103 -0.00451308
5.29706 0.0209441 0.0024385
5.31115 0.0210775 0.0094704
5.32471 0.0212943 0.0159829
5.33902 0.0216126 0.022247
5.35307 0.0220012 0.0276604
5.36748 0.0224661 0.0322657
5.3815 0.0229657 0.0356225
5.39532 0.0234884 0.0378291
5.4093 0.0240307 0.0387887
5.42372 0.0245834 0.038325
5.43814 0.0251075 0.0363494
5.45264 0.0255839 0.0328618
5.46709 0.0259875 0.0279197
5.48037 0.0262831 0.0222688
5.49409 0.0264992 0.0157405
5.50711 0.026617 0.0090538
5.51925 0.0266468 0.00245162
5.53192 0.0265915 -0.00436381
5.54528 0.0264408 -0.0112773
5.55844 0.0262095 -0.0175797
5.5709 0.0259244 -0.0228755
5.58404 0.0255613 -0.0276379
5.59766 0.0251327 -0.0314556
5.61138 0.0246612 -0.0343584
5.62607 0.0241304 -0.0361508
5.6407 0.0235958 -0.0365303
5.65578 0.0230603 -0.0355247
5.67075 0.0225646 -0.0330953
5.6859 0.0221233 -0.0291483
5.7 0.0217773 -0.0245267
5.71436 0.0215058 -0.0189117
5.72845 0.021327 -0.0126898
5.74312 0.0212412 -0.00584571
5.75692 0.0212527 0.000831101
5.77135 0.0213631 0.00764394
5.78526 0.0215557 0.0138546
5.79876 0.0218183 0.0194473
5.81301 0.0221656 0.0243691
5.82708 0.0225615 0.0281505
5.8408 0.0229833 0.0307471
5.85436 0.0234195 0.0321514
5.8684 0.0238717 0.0322242
5.88247 0.0243071 0.030947
5.89628 0.0246991 0.0283724
5.91076 0.0250521 0.0243755
5.92447 0.0253191 0.0194754
5.93853 0.0255108 0.0136293
5.9528 0.025611 0.0070257
5.96677 0.0256114 2.93375e-05
5.98056 0.0255138 -0.00707711
5.99437 0.0253209 -0.0139671
6.00762 0.0250552 -0.0200596
6.02133 0.0247032 -0.0256615
6.03467 0.0242986 -0.0303426
6.04917 0.0237992 -0.0344479
6.06362 0.0232589 -0.037364
6.07804 0.0226968 -0.0390054
6.09275 0.0221175 -0.0393604
6.10768 0.0215457 -0.0383119
6.12276 0.0210062 -0.0357783
6.13781 0.0205276 -0.031794
6.15154 0.0201561 -0.0270634
6.16569 0.0198552 -0.0212652
6.17974 0.0196469 -0.0148266
6.19408 0.0195347 -0.00782456
6.2076 0.0195204 -0.00105701
6.2217 0.0196036 0.00590163
6.23534 0.0197716 0.0123219
6.2488 0.0200152 0.0180961
6.26276 0.0203397 0.0232382
6.27653 0.0207165 0.0273597
6.28989 0.0211223 0.030378
6.30354 0.0215636 0.0323291
6.31786 0.0220377 0.0331131
6.33229 0.0225069 0.0325115
6.34673 0.0229485 0.0305766
6.36129 0.0233446 0.0272035
6.3761 0.0236783 0.0225382
6.39061 0.0239232 0.0168787
6.4052 0.0240766 0.0105178
6.41867 0.0241336 0.00422459
6.43194 0.0241038 -0.00224721
6.44509 0.0239915 -0.00853897
6.4587 0.0237912 -0.0147115
6.47243 0.0235113 -0.0203868
6.48617 0.0231636 -0.0252991
6.50078 0.0227327 -0.0295019
6.51466 0.0222827 -0.0324203
6.52818 0.0218209 -0.0341437
6.54248 0.0213256 -0.0346576
6.55735 0.0208247 -0.0336759
6.57238 0.0203567 -0.0311385
6.58741 0.019949 -0.0271203
6.60116 0.0196426 -0.0222819
6.61502 0.0194131 -0.0165655
6.6285 0.019273 -0.0103978
6.64247 0.0192233 -0.00355462
6.65645 0.0192715 0.00344398
6.67027 0.0194134 0.0102703
6.68346 0.0196311 0.0165052
6.69639 0.0199165 0.0220805
6.71054 0.0203032 0.0273172
6.72504 0.0207628 0.031713
6.73896 0.0212492 0.0349287
6.75305 0.0217718 0.0370849
6.76754 0.0223227 0.0380368
6.7824 0.022881 0.0375602
6.7973 0.0234125 0.0356755
6.81227 0.0238967 0.0323377
6.82706 0.0243067 0.0277252
6.84107 0.0246178 0.0222107
6.85542 0.0248453 0.0158564
6.86909 0.0249739 0.00939831
6.88241 0.0250116 0.00283399
6.89548 0.0249647 -0.00358386
6.90888 0.0248317 -0.00993111
6.92234 0.0246183 -0.0158444
6.9358 0.0243358 -0.0209862
6.95 0.0239747 -0.025437
6.96362 0.0235841 -0.0286834
6.97691 0.0231751 -0.03077
6.99079 0.0227351 -0.0317026
7.00576 0.0222673 -0.0312375
