t x vx
0.01 0.0220002 1.94764e-05
0.02 0.0220004 2.46704e-05
0.0697632 0.0220041 7.2609e-05
0.119478 0.0220105 0.00013057
0.171296 0.0220211 0.000203062
0.225002 0.0220366 0.000289023
0.280652 0.0220581 0.000386957
0.337682 0.0220863 0.000494528
0.395306 0.0221217 0.000613685
0.453081 0.0221646 0.000742659
0.510754 0.0222155 0.000882086
0.568003 0.022274 0.00102318
0.624619 0.02234 0.00116416
0.68059 0.0224124 0.00129514
0.736083 0.0224902 0.00140027
0.79118 0.0225718 0.00148268
0.845869 0.0226561 0.00153996
0.899898 0.0227404 0.00156169
0.954675 0.0228245 0.0015355
1.00935 0.0229041 0.00145489
1.06386 0.0229755 0.00131077
1.11803 0.0230349 0.00109604
1.17184 0.0230784 0.000807226
1.22529 0.023102 0.000441911
1.27837 0.0231019 -1.9831e-06
1.33107 0.0230745 -0.000520046
1.38344 0.0230167 -0.00110315
1.43557 0.0229257 -0.00174505
1.48748 0.0227993 -0.00243492
1.53908 0.0226366 -0.00315377
1.59035 0.0224377 -0.00387881
1.64148 0.0222033 -0.00458524
1.69262 0.0219352 -0.00524218
1.74394 0.0216368 -0.00581404
1.7955 0.021314 -0.0062604
1.84767 0.0209728 -0.00654026
1.89965 0.0206293 -0.00660945
1.95131 0.0202969 -0.00643368
2.0022 0.0199918 -0.00599505
2.05233 0.0197267 -0.00528883
2.10177 0.0195129 -0.00432413
2.15047 0.0193614 -0.00311062
2.19846 0.0192811 -0.00167296
2.24563 0.0192793 -3.88096e-05
2.29218 0.0193609 0.00175231
2.33814 0.0195302 0.00368454
2.38263 0.0197821 0.00566216
2.42744 0.0201279 0.00771573
2.47183 0.0205625 0.00979194
2.51566 0.0210818 0.0118478
2.55809 0.0216683 0.0138218
2.60037 0.0223337 0.015739
2.64271 0.0230768 0.0175519
2.6856 0.0239008 0.0192127
2.72703 0.0247551 0.0206195
2.7669 0.025622 0.0217421
2.80516 0.026484 0.0225309
2.84194 0.0273275 0.022933
2.87745 0.02814 0.0228825
2.91173 0.0289048 0.0223069
2.94509 0.029609 0.021111
2.97749 0.0302307 0.0191877
2.99021 0.0304629 0.0182556
3.00273 0.0306793 0.017283
3.01449 0.0308703 0.0162321
3.02597 0.031043 0.0150568
3.03731 0.0311989 0.0137428
3.04858 0.0313374 0.0122934
3.05983 0.031458 0.0107146
3.07108 0.0315594 0.00901535
3.08225 0.0316403 0.0072468
3.09322 0.0317005 0.00548754
3.10415 0.0317414 0.00374412
3.1149 0.0317638 0.00207754
3.12521 0.0317693 0.000539966
3.13511 0.0317606 -0.000884263
3.14436 0.0317407 -0.00214643
3.15387 0.0317087 -0.00336284
3.1638 0.0316635 -0.00455943
3.17324 0.0316102 -0.0056491
3.18314 0.0315434 -0.00673845
3.19272 0.0314693 -0.00773807
3.20269 0.0313822 -0.00873575
3.21402 0.0312709 -0.00982235
3.22645 0.0311348 -0.0109583
3.23944 0.0309775 -0.0121
3.25271 0.0308019 -0.0132328
3.2658 0.0306144 -0.0143266
3.27856 0.0304181 -0.0153812
3.29171 0.0302015 -0.0164761
3.30476 0.0299721 -0.0175733
3.31784 0.0297276 -0.0186887
3.33086 0.0294696 -0.0198184
3.36339 0.0287264 -0.0228498
3.39586 0.0278868 -0.0258576
3.4319 0.0268348 -0.0291899
3.468 0.025661 -0.0325124
3.50407 0.0243691 -0.0358167
3.53874 0.0230169 -0.0390027
3.57263 0.0215897 -0.0421145
3.60499 0.02013 -0.0451024
3.6364 0.0186229 -0.0479819
3.66715 0.0170629 -0.050741
3.697 0.0154712 -0.0533114
3.7248 0.0139259 -0.0555886
3.73496 0.0133447 -0.0572126
3.74389 0.0128199 -0.0588069
3.75105 0.0123889 -0.060176
3.75758 0.0119877 -0.0613941
3.76349 0.0116193 -0.0623558
