t x vx
0.01 0.0220019 0.000194793
0.02 0.022005 0.000306256
0.0355854 0.0220126 0.000487937
0.0514672 0.0220235 0.0006859
0.0680449 0.0220383 0.000892669
0.085209 0.0220573 0.00110729
0.102823 0.0220806 0.0013248
0.120638 0.0221077 0.00152062
0.138501 0.0221378 0.00168359
0.156312 0.0221703 0.00182144
0.173897 0.0222039 0.0019145
0.191276 0.0222392 0.00202939
0.208303 0.022276 0.00216364
0.224743 0.0223128 0.00223589
0.240758 0.0223492 0.00227363
0.256833 0.0223865 0.002321
0.272827 0.0224248 0.00239138
0.288772 0.0224634 0.00242552
0.304214 0.0225007 0.00241231
0.320255 0.0225386 0.00236096
0.336447 0.0225748 0.00224033
0.352529 0.0226081 0.00206693
0.368511 0.0226376 0.00184879
0.3844 0.0226628 0.00158707
0.400218 0.0226832 0.00128885
0.416006 0.0226984 0.000963305
0.431795 0.0227082 0.000621452
0.447597 0.0227125 0.00027156
0.463421 0.0227114 -7.06229e-05
0.479265 0.0227048 -0.000416006
0.495125 0.0226925 -0.000775983
0.511001 0.0226746 -0.00112659
0.526884 0.0226516 -0.0014531
0.542683 0.0226239 -0.00175037
0.558253 0.0225923 -0.00202955
0.573864 0.0225564 -0.00229993
0.589419 0.022517 -0.00253556
0.604932 0.0224751 -0.00269898
0.620564 0.0224321 -0.00274693
0.636169 0.0223903 -0.00268108
0.651628 0.0223513 -0.00252263
0.667166 0.022316 -0.0022737
0.682895 0.0222856 -0.00193045
0.698768 0.0222614 -0.00152339
0.714751 0.0222448 -0.00104282
0.730797 0.0222368 -0.000498779
0.74686 0.022238 7.96217e-05
0.762896 0.0222481 0.000629529
0.778879 0.0222658 0.00110508
0.79482 0.0222895 0.00148841
0.810766 0.0223175 0.00175533
0.826779 0.0223474 0.00186826
0.842899 0.0223768 0.00182242
0.859011 0.022403 0.00162545
0.875121 0.0224236 0.00128018
0.891149 0.0224367 0.000814568
0.907143 0.0224408 0.000259867
0.923155 0.0224357 -0.000320868
0.939224 0.0224212 -0.000902298
0.955393 0.0223977 -0.00145083
0.971626 0.0223662 -0.00194302
0.987907 0.0223276 -0.00236847
1.00432 0.0222837 -0.00267869
1.02051 0.0222378 -0.00283057
1.03664 0.0221924 -0.00281693
1.05266 0.0221501 -0.00263877
1.0685 0.0221134 -0.00232052
1.08395 0.0220842 -0.00188868
1.09903 0.0220637 -0.00135662
1.11441 0.0220524 -0.000737057
1.12976 0.0220508 -0.000107585
1.1448 0.022058 0.000483344
1.15974 0.0220733 0.00102383
1.17455 0.0220954 0.00149031
1.18938 0.0221227 0.0018444
1.20432 0.0221535 0.00205638
1.21919 0.0221846 0.00209202
1.23399 0.0222134 0.00194726
1.24893 0.0222374 0.00160575
1.26424 0.022254 0.00108211
1.27991 0.0222605 0.000419359
1.29542 0.0222557 -0.00031316
1.31044 0.0222397 -0.00106526
1.32529 0.0222126 -0.00181987
1.33982 0.0221763 -0.00249967
1.35413 0.0221326 -0.0030592
1.36839 0.022083 -0.00347352
1.38269 0.02203 -0.00370845
1.39712 0.0219759 -0.00374558
1.41164 0.0219239 -0.00358441
1.42625 0.0218767 -0.00323192
1.44107 0.0218366 -0.00270521
1.45618 0.0218057 -0.00204417
1.47159 0.0217858 -0.00128973
1.48671 0.0217781 -0.000510482
1.50173 0.0217821 0.000263593
1.51692 0.0217966 0.000956854
1.5319 0.0218192 0.00150884
1.54675 0.0218472 0.00188339
1.56158 0.0218776 0.00204995
1.57633 0.021907 0.00199491
1.59064 0.0219319 0.00174204
1.60482 0.0219509 0.00133866
1.61916 0.0219626 0.000814481
1.63397 0.0219654 0.000191709
1.64917 0.0219577 -0.00050777
1.66428 0.0219394 -0.00121209
1.67947 0.0219105 -0.00190086
1.69402 0.0218743 -0.00248766
1.70797 0.0218333 -0.00294104
1.7216 0.0217891 -0.00324476
1.73522 0.0217429 -0.00338421
1.74911 0.0216966 -0.00333828
1.76295 0.0216536 -0.00310408
1.77699 0.021616 -0.00268299
1.791 0.0215866 -0.00209418
1.80535 0.0215669 -0.00137079
1.82029 0.0215586 -0.000562399
1.83531 0.0215626 0.000272808
1.85011 0.0215785 0.00107036
1.86475 0.0216042 0.00175742
1.87927 0.0216372 0.00227355
1.8937 0.0216745 0.00258214
1.90777 0.0217117 0.0026485
1.92136 0.0217452 0.00246196
1.93456 0.0217721 0.00203415
1.94763 0.0217906 0.00142196
1.96085 0.0217997 0.000681726
1.97452 0.0217979 -0.000130782
1.98889 0.0217838 -0.000980173
2.00387 0.0217564 -0.00182781
2.01911 0.0217167 -0.00260377
2.03414 0.0216677 -0.00326302
2.0491 0.0216114 -0.00376123
2.06374 0.021552 -0.00405805
2.0783 0.0214918 -0.00413848
2.09305 0.0214331 -0.00397966
2.10815 0.021379 -0.00357932
2.12353 0.021334 -0.00292688
2.13888 0.0213026 -0.00204539
2.15403 0.0212874 -0.00100295
2.16944 0.0212898 0.000153318
2.18493 0.0213105 0.00134178
2.20027 0.021348 0.0024426
2.21535 0.0213994 0.00340936
2.23009 0.0214617 0.0042247
2.24463 0.0215324 0.00486359
2.25907 0.0216083 0.00525807
2.27304 0.021683 0.00534924
2.28626 0.021751 0.00514056
2.29912 0.0218112 0.00467446
2.31209 0.0218627 0.00397625
2.3255 0.0219037 0.00305836
2.33953 0.0219304 0.00190461
2.35391 0.0219388 0.000580342
2.36866 0.0219267 -0.00081913
2.38293 0.0218957 -0.00217089
2.39696 0.0218477 -0.00342532
2.41053 0.0217869 -0.00448155
2.42377 0.0217169 -0.00528337
2.43702 0.0216397 -0.00582382
2.4505 0.0215575 -0.00610158
2.46384 0.0214759 -0.00611948
2.47676 0.0213998 -0.00588892
2.4897 0.0213294 -0.00544097
2.50291 0.0212662 -0.00478181
2.51662 0.0212128 -0.00389978
2.53062 0.021174 -0.00277014
2.54469 0.0211535 -0.00145501
2.55896 0.0211533 -1.12289e-05
2.57301 0.0211733 0.00142016
2.58696 0.0212116 0.00274603
2.60101 0.0212673 0.00396207
2.61539 0.0213397 0.00503656
2.63016 0.0214266 0.00588291
2.64414 0.0215163 0.00641881
2.65861 0.0216129 0.00667551
2.67381 0.021713 0.00658709
2.68889 0.0218052 0.00611569
2.70384 0.0218851 0.00533988
2.71863 0.021949 0.00431993
2.73346 0.0219945 0.00307241
2.74818 0.0220191 0.00167016
2.76266 0.0220225 0.000231437
2.77686 0.0220061 -0.00115586
2.79098 0.0219719 -0.0024178
2.80476 0.0219242 -0.00346113
2.81841 0.0218662 -0.00425143
2.8321 0.0218004 -0.00480516
2.84596 0.0217295 -0.0051199
2.86014 0.021656 -0.00517639
2.87429 0.0215861 -0.0049472
2.8886 0.0215226 -0.00443172
2.90318 0.0214693 -0.00365912
2.91746 0.021431 -0.00268526
2.93173 0.0214089 -0.00154607
2.94602 0.0214043 -0.000319063
2.96045 0.0214177 0.000924885
2.97478 0.0214476 0.00208991
2.98912 0.0214925 0.00313083
3.00354 0.0215497 0.00396433
3.01804 0.0216162 0.00458963
3.0327 0.0216893 0.0049836
3.04704 0.0217625 0.0051067
3.06111 0.0218321 0.00494247
3.07505 0.0218948 0.00449929
3.08908 0.0219483 0.00381402
3.10337 0.0219902 0.0029314
3.11801 0.0220173 0.00185475
3.13309 0.0220268 0.000629817
3.14823 0.0220174 -0.000622362
3.16286 0.0219913 -0.00178533
3.17735 0.0219502 -0.00283483
3.19138 0.0218982 -0.00370948
3.2052 0.0218376 -0.00437863
3.21908 0.0217706 -0.00482828
3.23312 0.0217001 -0.00502229
3.24746 0.0216294 -0.00493494
3.26132 0.0215659 -0.00458119
3.27509 0.0215111 -0.00397247
3.28902 0.0214674 -0.00313817
3.30316 0.0214375 -0.00211386
3.31757 0.021424 -0.000937457
3.33171 0.0214282 0.000292227
3.34561 0.021449 0.0014975
3.35933 0.0214848 0.00261362
3.37296 0.0215336 0.00357909
3.38654 0.0215928 0.00435401
3.39998 0.0216583 0.00487954
3.41315 0.0217255 0.00510236
3.4261 0.0217905 0.00502103
3.43893 0.0218503 0.0046544
3.45188 0.0219024 0.00402327
3.4652 0.0219446 0.00316799
3.47899 0.0219738 0.00212472
3.49332 0.0219868 0.000903148
3.50831 0.0219802 -0.000440081
3.52257 0.0219557 -0.00171644
3.53639 0.0219159 -0.00288002
3.54969 0.0218646 -0.00386242
3.56269 0.0218045 -0.00461556
3.57585 0.0217372 -0.00511663
3.58921 0.0216656 -0.00535985
3.60225 0.0215958 -0.00535451
3.61511 0.0215301 -0.0051068
3.62833 0.0214693 -0.00459829
3.64212 0.0214167 -0.0038155
3.6563 0.021377 -0.00279568
3.67057 0.021354 -0.00161423
3.68494 0.0213493 -0.000325628
3.69885 0.0213622 0.000927739
3.71151 0.0213872 0.00197418
3.72325 0.0214205 0.00283211
3.73428 0.0214594 0.00353065
3.74474 0.0215022 0.00408492
3.7548 0.0215474 0.0045004
3.76459 0.021594 0.00475918
3.77428 0.0216409 0.00483857
3.78399 0.0216868 0.00472723
3.79381 0.0217302 0.00441755
3.80387 0.0217695 0.00391298
3.81434 0.0218032 0.00321004
3.82548 0.0218289 0.00230687
3.83767 0.0218433 0.00118751
3.85041 0.0218426 -6.04356e-05
3.86359 0.0218245 -0.00137023
3.87659 0.02179 -0.00265504
3.88969 0.0217391 -0.00388695
3.90229 0.0216771 -0.00491436
3.91491 0.0216051 -0.00570742
3.92769 0.0215254 -0.00623206
3.94049 0.0214421 -0.00650816
3.95307 0.0213606 -0.00648047
3.96601 0.0212816 -0.00610904
3.97919 0.0212105 -0.00539663
3.9924 0.0211525 -0.00438984
4.00604 0.0211099 -0.00311958
4.02051 0.0210862 -0.00163802
4.03571 0.0210855 -4.75918e-05
4.05081 0.0211078 0.0014773
4.06623 0.0211523 0.00288696
4.0813 0.0212141 0.00409996
4.09645 0.021291 0.00507581
4.11158 0.0213781 0.00575576
4.12691 0.0214721 0.00613585
4.1424 0.021568 0.00618855
4.1577 0.0216581 0.00588589
4.17285 0.0217374 0.00524071
4.18767 0.0218012 0.0043052
4.20255 0.0218477 0.00312191
4.21755 0.0218739 0.00174722
4.23258 0.021878 0.000269547
4.24719 0.0218609 -0.00117022
4.26148 0.0218253 -0.00248665
4.27539 0.021775 -0.00361751
4.28925 0.0217123 -0.00452737
4.30339 0.0216384 -0.00522635
4.31773 0.0215571 -0.00567007
4.33209 0.0214735 -0.00581764
4.34666 0.0213911 -0.00565925
4.36146 0.0213143 -0.00518954
4.37591 0.0212498 -0.00445855
4.39035 0.0211993 -0.00349982
4.40432 0.0211665 -0.00234789
4.41841 0.021152 -0.00102725
4.43223 0.0211566 0.000331003
4.44631 0.0211807 0.00170826
4.46011 0.0212227 0.00304536
4.47392 0.0212819 0.00428879
4.48784 0.0213565 0.00536221
4.50167 0.021442 0.00618022
4.51529 0.0215333 0.00670457
4.52896 0.0216282 0.00693733
4.54289 0.0217237 0.0068605
4.55719 0.0218157 0.00642863
4.5716 0.0218973 0.00566887
4.58616 0.0219648 0.00463365
4.60094 0.0220141 0.00333773
4.61599 0.0220412 0.0018002
4.63125 0.0220436 0.000155978
4.64653 0.0220214 -0.00145572
4.66169 0.0219766 -0.00295149
4.67643 0.0219141 -0.00424114
4.69089 0.0218374 -0.00530725
4.70517 0.0217496 -0.00614541
4.7194 0.0216542 -0.00670613
4.73372 0.0215552 -0.00691327
4.74821 0.0214573 -0.00675753
4.76281 0.021366 -0.00625377
4.77717 0.0212875 -0.00546888
4.79148 0.0212239 -0.00444223
4.80571 0.0211785 -0.00318616
4.82001 0.0211534 -0.00175836
4.8343 0.0211499 -0.000246243
4.84836 0.0211668 0.00120709
4.86255 0.0212037 0.00259617
4.8765 0.0212576 0.00386482
4.89024 0.021325 0.00490864
4.9039 0.0214029 0.00570396
4.9171 0.0214853 0.00624009
4.9299 0.0215687 0.00651314
4.9424 0.0216502 0.00651725
4.955 0.0217287 0.00623573
4.96803 0.0218025 0.0056601
4.98166 0.021868 0.00480523
4.99591 0.0219209 0.00371573
5.00978 0.0219555 0.00248956
5.02345 0.0219714 0.00116984
5.03695 0.0219695 -0.000141511
5.05035 0.0219507 -0.00140702
5.06364 0.0219162 -0.00259634
5.07682 0.0218678 -0.00367137
5.08986 0.0218086 -0.00454066
5.10275 0.0217417 -0.00518627
5.11545 0.0216707 -0.00558953
5.12796 0.021599 -0.00573903
5.14026 0.0215295 -0.00564565
5.15239 0.0214649 -0.00532932
5.16436 0.0214074 -0.00480568
5.17619 0.0213585 -0.00412391
5.18793 0.0213197 -0.00330824
5.19958 0.0212922 -0.00235917
5.21119 0.0212771 -0.00130453
5.22279 0.0212749 -0.000189545
5.23444 0.0212857 0.000925979
5.24616 0.0213092 0.00200807
5.25799 0.0213449 0.00301593
5.26993 0.0213915 0.00390434
5.28197 0.0214473 0.0046343
5.29411 0.0215097 0.0051421
5.30631 0.0215757 0.00540622
5.31828 0.0216408 0.00544233
5.3298 0.0217014 0.00526006
5.34104 0.0217559 0.0048489
5.3521 0.0218029 0.00424392
5.36306 0.0218411 0.00348721
5.37399 0.0218696 0.0026091
5.38494 0.0218874 0.00162779
5.39599 0.0218935 0.000554325
5.40722 0.021887 -0.000584912
5.41869 0.0218672 -0.0017223
5.43051 0.0218341 -0.00280357
5.44256 0.0217886 -0.00377419
5.45473 0.0217328 -0.0045819
5.46702 0.0216691 -0.00518439
5.47945 0.0215997 -0.0055847
5.492 0.0215272 -0.00577458
5.50466 0.0214546 -0.00573926
5.51742 0.0213847 -0.00547449
5.53024 0.0213206 -0.00500273
5.54311 0.0212648 -0.00433111
5.55596 0.0212201 -0.00347915
5.56867 0.0211885 -0.00248843
5.58113 0.021171 -0.00140856
5.59326 0.0211674 -0.000290336
5.60499 0.0211768 0.000800135
5.61626 0.0211973 0.00181863
5.62702 0.021227 0.00275656
5.63728 0.0212639 0.00359438
5.64703 0.0213059 0.00431232
5.65629 0.0213513 0.00490342
5.66509 0.0213985 0.00536871
5.67345 0.0214463 0.00571093
5.68143 0.0214936 0.00593002
5.68905 0.0215395 0.00602785
5.69635 0.0215835 0.00601309
5.70343 0.0216252 0.00589265
5.71034 0.0216644 0.0056768
5.71716 0.0217011 0.0053798
5.72393 0.021735 0.00500487
5.7307 0.0217658 0.0045534
5.73751 0.0217932 0.00402535
5.7444 0.0218167 0.00341724
5.7514 0.0218359 0.00273182
5.75854 0.02185 0.00197979
5.76584 0.0218586 0.00117189
5.77333 0.0218609 0.000313021
5.78104 0.0218564 -0.000583135
5.78902 0.0218443 -0.00151784
5.79732 0.0218235 -0.00249764
5.806 0.021793 -0.00351394
5.81518 0.0217512 -0.00456453
5.825 0.0216956 -0.00566127
5.83568 0.0216233 -0.00676867
5.84744 0.0215312 -0.00782598
5.86058 0.0214161 -0.00876606
5.87497 0.0212801 -0.00945165
5.88949 0.0211394 -0.00968797
5.9042 0.0210009 -0.00941366
5.91856 0.0208748 -0.00878289
5.93288 0.0207635 -0.0077719
5.94777 0.0206695 -0.00630987
5.96281 0.0206013 -0.00453922
5.97732 0.0205633 -0.0026135
5.99148 0.020555 -0.000590015
6.00572 0.020576 0.00147474
6.01962 0.020624 0.0034565
6.03382 0.0206998 0.00533565
6.04784 0.0207978 0.00699287
6.06176 0.0209144 0.00837316
6.07573 0.0210463 0.00943907
6.08989 0.0211898 0.0101316
6.10422 0.0213383 0.0103608
6.11859 0.021484 0.0101481
6.13335 0.0216242 0.00949283
6.14834 0.0217495 0.00836405
6.16316 0.0218511 0.00685492
6.17779 0.0219259 0.00510973
6.19239 0.0219726 0.0032008
6.20722 0.0219896 0.00114347
6.22197 0.0219761 -0.000913365
6.23672 0.021933 -0.00291999
6.2514 0.0218618 -0.00485075
6.26584 0.0217666 -0.0065931
6.27989 0.0216542 -0.00799782
6.29385 0.0215284 -0.00901667
6.30789 0.021393 -0.00963847
6.32223 0.0212518 -0.0098491
6.33686 0.0211116 -0.00958698
6.35155 0.0209812 -0.00887592
6.36579 0.0208703 -0.00778865
6.37992 0.0207808 -0.00633239
6.3941 0.0207167 -0.00452249
6.40829 0.020682 -0.00244122
6.42267 0.0206801 -0.000135157
6.43702 0.0207119 0.0022197
6.45151 0.020778 0.0045622
6.4661 0.0208778 0.00683855
6.48055 0.0210069 0.0089285
6.49502 0.0211632 0.0108033
6.5094 0.021341 0.0123643
6.52377 0.0215353 0.0135208
6.53828 0.0217422 0.0142653
6.55273 0.0219528 0.0145663
6.56684 0.0221559 0.0143965
6.58084 0.0223484 0.0137547
6.59494 0.0225265 0.0126262
6.60941 0.0226856 0.0109944
6.6243 0.0228187 0.00894125
6.63922 0.0229172 0.00660224
6.65419 0.0229769 0.00398903
6.66903 0.0229957 0.00126622
6.68385 0.0229738 -0.00147721
6.69858 0.0229126 -0.00415415
6.71306 0.022817 -0.00660198
6.72712 0.022694 -0.0087514
6.74098 0.0225476 -0.0105665
6.75475 0.022382 -0.0120215
6.76859 0.0222009 -0.0130845
6.7827 0.022007 -0.0137348
6.79667 0.0218129 -0.0139016
6.81064 0.0216234 -0.0135662
6.82494 0.0214414 -0.0127198
6.8397 0.0212739 -0.0113491
6.85467 0.0211323 -0.00946425
6.86965 0.0210257 -0.00711368
6.88462 0.0209609 -0.00432952
6.89934 0.0209425 -0.00125116
6.91393 0.0209717 0.00200449
6.92833 0.0210476 0.00526727
