t x vx
0.01 0.022001 9.95589e-05
0.02 0.0220026 0.000160879
0.036785 0.0220073 0.000279374
0.0538214 0.0220145 0.000422434
0.0716148 0.0220251 0.000593866
0.0900459 0.0220399 0.000805678
0.109057 0.0220596 0.00103337
0.128453 0.0220847 0.00129543
0.147905 0.0221155 0.00158554
0.1673 0.022153 0.00193366
0.186581 0.0221984 0.00235212
0.205554 0.0222519 0.00282349
0.224248 0.0223096 0.00308595
0.242586 0.0223714 0.00336623
0.260788 0.0224369 0.00360134
0.278745 0.0225098 0.00405879
0.296356 0.0225891 0.00450123
0.312962 0.0226663 0.00465044
0.330054 0.0227469 0.00471651
0.347577 0.0228291 0.00469204
0.365291 0.0229097 0.00454584
0.38269 0.0229847 0.00431383
0.399942 0.0230539 0.00400997
0.416957 0.0231157 0.00363042
0.433783 0.023169 0.00317239
0.450514 0.0232131 0.0026354
0.467385 0.0232473 0.00202408
0.484349 0.0232703 0.00135726
0.501437 0.0232814 0.000648719
0.518625 0.0232801 -7.33424e-05
0.535751 0.0232667 -0.000784273
0.552886 0.0232417 -0.00145868
0.570071 0.0232062 -0.00206731
0.587351 0.0231614 -0.00258962
0.604726 0.0231093 -0.00299878
0.622116 0.0230525 -0.00326574
0.639349 0.0229942 -0.00338675
0.656471 0.0229364 -0.00337248
0.673549 0.0228814 -0.00322207
0.690522 0.0228314 -0.00294598
0.707331 0.0227882 -0.0025718
0.723896 0.0227529 -0.00212694
0.740526 0.0227258 -0.00163076
0.757144 0.0227073 -0.00111341
0.7738 0.0226971 -0.000612793
0.790508 0.0226942 -0.00017183
0.807166 0.0226971 0.000174546
0.823881 0.0227035 0.000380718
0.840701 0.0227107 0.000425071
0.857472 0.0227152 0.000272266
0.87402 0.0227136 -0.000100937
0.890489 0.022702 -0.000699415
0.907003 0.0226776 -0.00148143
0.923665 0.0226378 -0.0023879
0.940152 0.0225826 -0.00334896
0.956659 0.0225111 -0.00432912
0.973229 0.0224237 -0.0052763
0.989699 0.0223229 -0.00611849
1.00614 0.0222108 -0.00682232
1.02215 0.0220934 -0.00732849
1.03749 0.0219766 -0.00761755
1.05238 0.0218622 -0.00768056
1.06726 0.02175 -0.00754349
1.08242 0.0216403 -0.00723187
1.09802 0.0215352 -0.00673959
1.11399 0.021439 -0.00602239
1.13024 0.021357 -0.00504924
1.1465 0.021294 -0.00387163
1.16281 0.0212523 -0.00255558
1.17913 0.0212333 -0.00116223
1.19533 0.0212368 0.000216184
1.21133 0.0212609 0.00150101
1.22715 0.0213032 0.00267926
1.24279 0.021361 0.0036902
1.25834 0.0214306 0.00447897
1.2738 0.0215078 0.00499237
1.28903 0.0215868 0.00518822
1.30426 0.0216641 0.00507331
1.31982 0.0217361 0.00463127
1.336 0.0217984 0.00384671
1.35201 0.0218435 0.00282117
1.36818 0.0218696 0.00161175
1.3848 0.0218738 0.000251849
1.40134 0.0218547 -0.00115413
1.41772 0.0218131 -0.00253952
1.43381 0.0217512 -0.00384824
1.44958 0.0216716 -0.00504649
1.46499 0.0215779 -0.00607898
1.48033 0.0214719 -0.0069116
1.49574 0.0213563 -0.00749972
1.51134 0.021235 -0.00777771
1.52694 0.0211148 -0.00770595
1.5426 0.0210013 -0.00724738
1.55833 0.0209006 -0.00640159
1.57422 0.0208179 -0.00520379
1.59039 0.020759 -0.00364007
1.60633 0.0207299 -0.00182701
1.62194 0.020732 0.00013124
1.6373 0.0207646 0.00212476
1.65246 0.0208261 0.00405483
1.66751 0.0209144 0.00586661
1.68243 0.0210265 0.00752022
1.6971 0.0211575 0.00892722
1.71185 0.0213052 0.0100127
1.72679 0.0214652 0.010704
1.74133 0.0216244 0.0109567
1.75577 0.0217808 0.0108267
1.77054 0.0219331 0.0103139
1.78586 0.0220766 0.0093653
1.80181 0.022204 0.00799132
1.8179 0.0223056 0.00631051
1.83366 0.0223762 0.00447733
1.84965 0.0224156 0.00246392
1.86561 0.0224212 0.00035329
1.88129 0.022394 -0.00173614
1.89687 0.0223359 -0.00372508
1.91206 0.0222524 -0.00550028
1.92703 0.022147 -0.00704059
1.94189 0.0220242 -0.00826259
1.95666 0.0218899 -0.00909354
1.97148 0.0217483 -0.00955597
1.98658 0.0216032 -0.00960561
2.00181 0.0214633 -0.00918833
2.01695 0.0213371 -0.00833529
2.03218 0.0212294 -0.00707659
2.04755 0.0211461 -0.00541468
2.06316 0.0210927 -0.00342069
2.07929 0.0210744 -0.0011373
2.09549 0.021096 0.00133687
2.1115 0.0211582 0.00387946
2.12755 0.0212617 0.00645126
2.14339 0.0214032 0.00893171
2.15893 0.0215764 0.0111507
2.17418 0.0217751 0.0130302
2.1894 0.0219957 0.0144949
2.20452 0.0222293 0.0154485
2.21915 0.0224608 0.0158148
2.23364 0.0226873 0.0156382
2.24828 0.0229056 0.0149155
2.26329 0.0231103 0.0136318
2.27883 0.0232931 0.0117663
2.29489 0.0234418 0.00925819
2.31077 0.0235418 0.00629482
2.3262 0.0235884 0.00302271
2.34185 0.0235787 -0.000622246
2.35723 0.0235114 -0.00437232
2.37221 0.0233905 -0.00807326
2.3876 0.0232096 -0.0117591
2.40196 0.022995 -0.0149392
2.41574 0.0227517 -0.0176555
2.42964 0.0224742 -0.0199641
2.44384 0.0221653 -0.0217569
2.45833 0.0218334 -0.0228983
2.47249 0.0215033 -0.0233131
2.48688 0.0211725 -0.022989
2.50189 0.0208449 -0.0218304
2.51749 0.0205358 -0.0198161
2.53322 0.0202681 -0.0170158
2.54896 0.0200548 -0.0135437
2.5643 0.0199072 -0.00962586
2.57977 0.0198255 -0.00528183
2.59488 0.0198141 -0.000758134
2.6103 0.0198744 0.00391193
2.62597 0.020008 0.00852127
2.64184 0.0202123 0.0128747
2.65806 0.0204835 0.0167165
2.67463 0.0208105 0.0197316
2.69093 0.0211644 0.0217253
2.70739 0.0215381 0.0226975
2.724 0.0219143 0.0226427
2.74047 0.0222683 0.0215021
2.75635 0.0225757 0.0193566
2.77238 0.0228371 0.0163045
2.78827 0.0230359 0.0125073
2.8037 0.0231628 0.00822435
2.81929 0.0232147 0.00333146
2.83427 0.0231894 -0.00168618
2.84991 0.0230802 -0.00698245
2.86464 0.0229057 -0.0118537
2.87967 0.0226586 -0.0164274
2.89515 0.0223411 -0.0205191
2.90999 0.0219893 -0.0237032
2.92396 0.0216262 -0.0259994
2.9384 0.021229 -0.0275078
2.95343 0.0208075 -0.028033
2.96866 0.02039 -0.0274167
2.98417 0.0199931 -0.0255858
2.9997 0.0196417 -0.0226352
3.01476 0.019359 -0.0187645
3.02975 0.0191454 -0.0142599
3.0448 0.0190075 -0.00915577
3.0596 0.0189518 -0.00376312
3.07467 0.0189795 0.00183562
3.08868 0.0190769 0.00695298
3.10278 0.0192452 0.0119387
3.11745 0.0194895 0.0166528
3.13217 0.0197949 0.0207402
3.14628 0.0201327 0.0239488
3.1605 0.0205076 0.0263736
3.17498 0.0209117 0.0279022
3.19007 0.0213412 0.0284683
3.2049 0.021756 0.0279607
3.22016 0.0221583 0.0263669
3.23584 0.022528 0.0235798
3.25192 0.022845 0.0197154
3.26773 0.0230819 0.0149807
3.28383 0.0232365 0.00960525
3.2987 0.0233001 0.00427476
3.31335 0.0232827 -0.00118607
3.32774 0.0231895 -0.00647732
3.3426 0.023016 -0.011674
3.35735 0.022774 -0.0164069
3.37251 0.022463 -0.0205236
3.38796 0.0220943 -0.0238512
3.4021 0.0217253 -0.026101
3.41631 0.0213351 -0.0274617
3.43116 0.0209233 -0.0277423
3.44718 0.0204947 -0.0267453
3.46303 0.020107 -0.024451
3.47789 0.0197925 -0.0211717
3.49316 0.019533 -0.0169931
3.50881 0.0193451 -0.0120065
3.524 0.0192447 -0.00660906
3.53849 0.0192291 -0.00108053
3.55361 0.0192998 0.00467708
3.56814 0.0194461 0.0100677
3.58347 0.0196811 0.0153386
3.59894 0.019991 0.0200279
3.61475 0.0203709 0.0240284
3.63016 0.0207876 0.0270381
3.64536 0.0212294 0.0290639
3.66106 0.0217004 0.030009
3.67749 0.0221883 0.029703
3.69393 0.0226497 0.028052
3.71047 0.0230651 0.0251198
3.72697 0.0234122 0.0210275
3.74262 0.0236657 0.0162033
3.75859 0.0238359 0.0106593
3.77359 0.0239123 0.00509289
3.78817 0.0239048 -0.000516568
3.80253 0.0238192 -0.0059573
3.81743 0.0236498 -0.0113762
3.83241 0.0234041 -0.0163996
3.84743 0.023093 -0.0207083
3.86318 0.0227102 -0.0243087
3.87795 0.022314 -0.0268203
3.89244 0.0219033 -0.0283371
3.90765 0.0214659 -0.0287665
3.92376 0.0210164 -0.0278998
3.93988 0.0206023 -0.0256866
3.9553 0.0202577 -0.0223533
3.97096 0.0199752 -0.0180351
3.98683 0.0197706 -0.0128863
4.00227 0.0196578 -0.00731029
4.01735 0.0196353 -0.00149272
4.03218 0.0196988 0.00428319
4.0471 0.0198466 0.00990496
4.06192 0.0200712 0.0151538
4.07649 0.0203589 0.0197422
4.09229 0.0207362 0.0238902
4.1081 0.0211635 0.0270319
4.12353 0.0216126 0.029089
4.13914 0.022081 0.0300197
4.1554 0.0225641 0.0297013
4.17169 0.0230204 0.0280121
4.18808 0.0234305 0.0250211
4.20436 0.0237703 0.0208765
4.22014 0.0240212 0.015902
4.23598 0.0241839 0.010272
4.25057 0.024253 0.00473569
4.26476 0.0242406 -0.000875552
4.27893 0.0241502 -0.0063796
4.29355 0.0239769 -0.0118488
4.30844 0.0237247 -0.0169397
4.32332 0.0234078 -0.0212948
4.33906 0.0230149 -0.0249721
4.35413 0.0226 -0.0275311
4.36867 0.0221777 -0.0290385
4.38403 0.0217252 -0.0294527
4.40019 0.0212643 -0.0285275
4.41642 0.0208388 -0.0262165
4.43237 0.020477 -0.022675
4.44792 0.0201936 -0.0182353
4.46336 0.0199916 -0.01308
4.47841 0.0198782 -0.00753066
4.49375 0.0198547 -0.00153254
4.50868 0.0199198 0.0043602
4.52354 0.0200691 0.0100436
4.53819 0.0202936 0.0153219
4.5526 0.0205811 0.0199529
4.56825 0.0209593 0.0241645
4.58392 0.0213883 0.0273864
4.59946 0.0218476 0.0295443
4.61498 0.0223219 0.0305604
4.63113 0.0228116 0.0303263
4.6473 0.0232761 0.0287295
4.66358 0.0236966 0.0258227
4.67986 0.0240498 0.0217029
4.69534 0.0243098 0.0167903
4.71104 0.0244851 0.0111604
4.72564 0.0245666 0.00558872
4.73969 0.0245661 -3.5945e-05
4.75375 0.0244875 -0.00558914
4.76841 0.0243234 -0.0111996
4.7832 0.024081 -0.0163933
4.79792 0.0237735 -0.0208803
4.81365 0.0233844 -0.024745
4.82923 0.0229552 -0.0275399
4.84387 0.0225273 -0.0292222
4.85921 0.0220699 -0.0298255
4.87541 0.0215987 -0.0290923
4.89176 0.0211581 -0.026943
4.90793 0.0207775 -0.0235437
4.92287 0.0204878 -0.0193868
4.9381 0.0202684 -0.0144021
4.95286 0.0201349 -0.0090425
4.96813 0.0200873 -0.00312277
4.98339 0.0201314 0.00289192
4.99866 0.0202653 0.00876454
5.01303 0.0204673 0.014058
5.02743 0.0207388 0.0188556
5.04303 0.0211013 0.0232429
5.0591 0.0215311 0.0267403
5.07466 0.0219834 0.029067
5.09011 0.0224512 0.0302782
5.10619 0.0229377 0.0302541
5.12229 0.0234024 0.02887
5.1385 0.0238265 0.0261536
5.15471 0.0241865 0.022205
5.17 0.0244538 0.0174833
5.18567 0.02464 0.0118899
5.20061 0.0247323 0.00617851
5.21482 0.0247386 0.000438455
5.22925 0.0246613 -0.00535524
5.24417 0.0244949 -0.0111555
5.25899 0.0242517 -0.0164085
5.27364 0.0239448 -0.0209553
5.28922 0.0235571 -0.0248812
5.30471 0.0231264 -0.0277897
5.31952 0.0226878 -0.0296347
5.33497 0.0222183 -0.0303687
5.35114 0.0217371 -0.0297661
5.36751 0.021283 -0.0277493
5.38367 0.0208873 -0.024482
5.39841 0.0205856 -0.0204705
5.41379 0.0203468 -0.0155221
5.42874 0.0201952 -0.0101401
5.4439 0.0201302 -0.00428731
5.45874 0.020154 0.00160578
5.47433 0.0202731 0.0076379
5.48886 0.0204625 0.0130395
5.50368 0.0207299 0.0180414
5.51905 0.0210751 0.0224621
5.53504 0.0214921 0.0260771
5.55041 0.0219307 0.0285191
5.56573 0.0223885 0.0298928
5.58183 0.0228721 0.0300471
5.5979 0.0233359 0.0288481
5.61409 0.0237621 0.0263217
5.6303 0.0241275 0.0225473
5.64555 0.0244018 0.0179931
5.66126 0.0245981 0.0124885
5.67652 0.0247007 0.00672941
5.69111 0.024714 0.00091264
5.70553 0.0246435 -0.00488906
5.72075 0.0244794 -0.0107857
5.73537 0.0242457 -0.0159868
5.75016 0.0239408 -0.0206164
5.76548 0.0235645 -0.0245513
5.78103 0.023136 -0.0275623
5.79597 0.0226951 -0.0295144
5.81137 0.0222277 -0.0303499
5.82752 0.0217452 -0.0298705
5.8439 0.0212871 -0.0279756
5.86007 0.0208856 -0.0248245
5.87481 0.0205775 -0.020897
5.89028 0.02033 -0.0160007
5.90538 0.0201696 -0.0106233
5.92056 0.0200967 -0.00480442
5.93521 0.0201116 0.00101718
5.95085 0.0202222 0.00707342
5.96547 0.0204053 0.0125245
5.98053 0.0206708 0.0176258
5.99586 0.0210092 0.0220789
6.01175 0.0214184 0.0257455
6.02719 0.0218548 0.0282684
6.04246 0.0223086 0.0297212
6.05858 0.0227919 0.0299742
6.07468 0.0232565 0.0288711
6.09088 0.0236851 0.0264491
6.10711 0.0240546 0.0227708
6.12238 0.024334 0.018293
6.13802 0.0245355 0.0128832
6.15348 0.0246452 0.00709983
6.16835 0.0246635 0.00122847
6.18286 0.024597 -0.0045839
6.19826 0.024435 -0.0105195
6.21286 0.0242055 -0.0157198
6.22777 0.0239014 -0.0203979
6.24305 0.0235293 -0.0243449
6.25863 0.0231027 -0.0273917
6.27358 0.0226636 -0.0293737
6.28888 0.0222008 -0.0302447
6.30504 0.0217191 -0.0298108
6.32141 0.0212612 -0.0279625
6.33759 0.0208591 -0.0248522
6.35236 0.0205499 -0.0209455
6.36785 0.020301 -0.016068
6.38301 0.0201389 -0.0106871
6.39821 0.0200648 -0.00487536
6.41284 0.0200785 0.000935436
6.42847 0.0201878 0.00699223
6.44312 0.0203702 0.0124529
6.45822 0.0206354 0.0175705
6.47354 0.0209732 0.0220369
6.48941 0.0213813 0.0257196
6.50485 0.0218176 0.0282684
6.52011 0.0222718 0.029751
6.53625 0.0227566 0.0300398
6.55235 0.0232231 0.0289693
6.56857 0.0236541 0.026583
6.5848 0.0240266 0.0229381
6.60009 0.0243092 0.0184846
6.61569 0.0245137 0.0131097
6.63118 0.0246272 0.00732649
6.64618 0.0246486 0.0014268
6.66073 0.0245846 -0.00439631
6.67617 0.0244249 -0.0103437
6.69076 0.0241982 -0.0155434
6.7057 0.0238957 -0.0202429
6.72098 0.0235259 -0.0241994
6.73658 0.0231005 -0.0272643
6.7515 0.022664 -0.0292556
6.76675 0.0222045 -0.0301426
6.78292 0.0217238 -0.0297294
6.7993 0.0212666 -0.027902
6.8155 0.0208649 -0.0248091
6.83027 0.0205558 -0.0209115
6.84578 0.0203071 -0.016042
6.86099 0.020145 -0.0106572
6.8762 0.0200712 -0.00485107
6.89082 0.0200851 0.000951507
6.90646 0.0201947 0.00700555
6.92113 0.0203776 0.0124694
6.93625 0.0206436 0.0175913
6.95158 0.0209818 0.0220575
6.96745 0.0213902 0.0257394
6.98288 0.0218268 0.0282899
6.99816 0.0222816 0.0297776
7.01429 0.0227669 0.0300713
7.0304 0.0232341 0.0290043
7.04662 0.0236659 0.0266216
7.06287 0.0240392 0.0229789
7.07815 0.0243224 0.0185271
7.09374 0.0245275 0.0131596
7.10923 0.0246418 0.00737424
7.12424 0.0246638 0.00146548
7.13882 0.0246001 -0.00436933
7.15426 0.0244407 -0.0103204
7.16882 0.0242146 -0.01552
7.18377 0.0239124 -0.0202236
7.19904 0.0235431 -0.0241788
7.21463 0.0231185 -0.0272453
7.22954 0.0226824 -0.0292426
7.24478 0.0222233 -0.0301368
7.26096 0.0217422 -0.0297312
7.27735 0.0212845 -0.0279112
7.29356 0.0208822 -0.0248247
7.30835 0.0205726 -0.0209299
7.32389 0.0203231 -0.0160583
7.33913 0.0201606 -0.0106667
7.35435 0.0200867 -0.00485539
7.36898 0.0201005 0.000945999
7.38462 0.02021 0.00700209
7.39931 0.0203933 0.0124729
7.41446 0.0206599 0.0176
7.42979 0.0209982 0.0220632
7.44566 0.0214066 0.0257424
7.46112 0.0218439 0.0282937
7.47639 0.0222987 0.0297781
7.49252 0.0227839 0.0300687
7.50863 0.0232511 0.0290002
7.52486 0.0236829 0.0266153
7.54111 0.0240562 0.0229687
7.5564 0.0243392 0.018514
7.57198 0.024544 0.0131465
7.58747 0.024658 0.00735859
7.60248 0.0246797 0.00144556
7.61706 0.0246156 -0.00439728
7.63251 0.0244556 -0.0103551
7.64708 0.024229 -0.0155545
7.66203 0.0239262 -0.0202563
7.67729 0.0235568 -0.0242049
7.69289 0.0231315 -0.0272714
7.70781 0.0226947 -0.0292673
7.72306 0.0222349 -0.03016
7.73925 0.021753 -0.029752
7.75566 0.0212948 -0.0279273
7.77189 0.0208918 -0.0248348
7.7867 0.0205818 -0.0209348
