t x vx
0.01 0.0219949 -0.000507076
0.02 0.0219782 -0.00167257
0.0428869 0.0218809 -0.00425331
0.0677994 0.0217109 -0.00682107
0.0949807 0.0214572 -0.00933488
0.123826 0.0211218 -0.0116275
0.153824 0.0207177 -0.0134711
0.184501 0.0202606 -0.0148984
0.215717 0.0197632 -0.0159342
0.247264 0.0192452 -0.0164229
0.278814 0.0187311 -0.0162932
0.310367 0.018242 -0.0155015
0.341876 0.0177992 -0.0140519
0.373499 0.0174206 -0.0119732
0.405144 0.0171236 -0.00938496
0.436568 0.0169214 -0.00643347
0.468023 0.0168207 -0.00320247
0.498833 0.0168258 0.000164387
0.530154 0.016941 0.00367992
0.560597 0.0171554 0.0070418
0.591182 0.0174716 0.0103374
0.620074 0.0178574 0.0133544
0.651034 0.0183635 0.016346
0.681876 0.0189504 0.0190298
0.713554 0.0196309 0.0214835
0.743554 0.0203364 0.0235161
0.772787 0.0210729 0.0251925
0.8016 0.0218366 0.026507
0.829972 0.0226151 0.0274396
0.857901 0.0233959 0.0279535
0.885836 0.024181 0.0281055
0.914611 0.0249788 0.0277262
0.943797 0.0257572 0.0266707
0.973561 0.0265002 0.0249625
1.00399 0.0271893 0.0226467
1.03467 0.0277924 0.0196547
1.06514 0.0282835 0.0161171
1.09506 0.028649 0.0122176
1.1239 0.0288866 0.00823807
1.15208 0.029007 0.00427337
1.18 0.0290161 0.000327782
1.20643 0.0289281 -0.00333023
1.23182 0.0287603 -0.00660769
1.25651 0.028523 -0.00961328
1.28226 0.0282014 -0.0124888
1.30917 0.0277922 -0.0152072
1.33821 0.0272762 -0.0177672
1.36899 0.02666 -0.0200221
1.40042 0.0259718 -0.021893
1.43297 0.0252114 -0.0233635
1.46607 0.024405 -0.0243585
1.49698 0.0236372 -0.0248424
1.52752 0.0228773 -0.0248811
1.55796 0.0221317 -0.0244909
1.58958 0.0213849 -0.0236248
1.62278 0.0206471 -0.0222235
1.6568 0.0199572 -0.0202743
1.69134 0.0193421 -0.0178088
1.72624 0.0188229 -0.0148793
1.75927 0.018433 -0.0118031
1.7936 0.0181432 -0.00844321
1.82489 0.017977 -0.00531213
1.85799 0.0179074 -0.00210043
1.89015 0.0179349 0.000853925
1.92176 0.0180456 0.00350331
1.95447 0.0182376 0.00586749
1.98719 0.0184932 0.00781413
2.01936 0.0187928 0.00931285
2.05238 0.0191371 0.0104248
2.08575 0.0195077 0.0111093
2.11917 0.0198873 0.0113564
2.15344 0.0202699 0.0111638
2.1917 0.02067 0.0104579
2.23018 0.0210258 0.00924745
2.26754 0.0213123 0.00766647
2.30485 0.0215297 0.00582789
2.34275 0.0216724 0.00376694
2.37987 0.021733 0.0016317
2.41727 0.0217151 -0.000480543
2.45428 0.0216264 -0.00239604
2.4912 0.0214783 -0.0040116
2.52749 0.0212881 -0.00524014
2.56331 0.0210737 -0.005986
2.59879 0.0208539 -0.00619563
2.63404 0.0206476 -0.00585132
2.66935 0.0204733 -0.00493662
2.70482 0.0203513 -0.00344058
2.74067 0.0203028 -0.00135294
2.7768 0.0203464 0.0012085
2.8126 0.0204933 0.00410069
2.84805 0.0207403 0.00696992
2.88282 0.0210819 0.00982187
2.91612 0.0214948 0.0124026
2.9494 0.0219858 0.0147521
2.98238 0.0225375 0.0167271
3.01399 0.0231145 0.0182555
3.04558 0.0237252 0.0193316
3.07722 0.0243545 0.0198887
3.10877 0.0249812 0.0198666
3.14037 0.025588 0.0192017
3.17219 0.0261558 0.017842
3.20405 0.0266603 0.015837
3.23563 0.0270774 0.0132083
3.2671 0.0273936 0.0100456
3.29789 0.0275956 0.00656173
3.32848 0.0276832 0.00286411
3.35812 0.0276574 -0.000871006
3.38702 0.0275262 -0.00453616
3.41498 0.0273035 -0.00796488
3.44232 0.0269987 -0.01115
3.46828 0.0266364 -0.013957
3.49753 0.0261448 -0.0168083
3.52663 0.0255833 -0.0192894
3.55774 0.0249143 -0.0215104
3.58957 0.0241724 -0.0233046
3.62015 0.0234208 -0.0245781
3.64966 0.0226721 -0.0253748
3.67928 0.0219105 -0.0257114
3.70976 0.0211315 -0.0255566
3.7412 0.020351 -0.024823
3.77288 0.0196073 -0.0234806
3.80542 0.018908 -0.0214884
3.83891 0.0182765 -0.0188528
3.87273 0.0177488 -0.0156044
3.90651 0.0173461 -0.0119232
3.93872 0.0170831 -0.00816681
3.97014 0.0169449 -0.00439645
4.0006 0.0169219 -0.000757118
4.03154 0.0170072 0.00275935
4.06094 0.0171787 0.00583185
4.09167 0.0174453 0.00867312
4.12193 0.0177806 0.0110835
4.15239 0.0181797 0.0131017
4.18346 0.0186374 0.0147316
4.21631 0.019162 0.0159733
4.25045 0.0197333 0.0167297
4.28293 0.0202844 0.0169671
4.31782 0.0208677 0.0167185
4.35457 0.0214504 0.0158585
4.39179 0.0219879 0.0144404
4.42877 0.0224513 0.0125287
4.46523 0.0228236 0.0102109
4.50125 0.0230987 0.00764101
4.53731 0.023274 0.00485872
4.57354 0.0233457 0.00198081
4.6077 0.0233211 -0.000720166
4.64341 0.0232013 -0.00335651
4.67914 0.0229972 -0.00571168
4.71398 0.0227317 -0.00762242
4.75004 0.0224046 -0.00906937
4.78625 0.0220442 -0.0099505
4.8205 0.0216932 -0.0102489
4.85538 0.0213448 -0.00999181
4.89166 0.0210145 -0.00910455
4.92807 0.0207369 -0.00762357
4.96513 0.0205302 -0.00557664
5.00177 0.0204153 -0.0031362
5.0385 0.0204003 -0.000407836
5.07449 0.0204876 0.00242525
5.11086 0.0206798 0.00528398
5.14761 0.0209738 0.00799946
5.18388 0.0213485 0.010333
5.21993 0.0217895 0.0122306
5.25514 0.022268 0.0135907
5.29002 0.0227704 0.0144054
5.32469 0.0232774 0.0146222
5.35925 0.0237676 0.0141836
5.39378 0.0242208 0.0131252
5.4285 0.0246174 0.011423
5.46313 0.0249345 0.00915671
5.49736 0.0251529 0.00638153
5.53127 0.0252642 0.00328122
5.5647 0.0252631 -3.32674e-05
5.59701 0.0251535 -0.00339284
5.63002 0.02493 -0.00677105
5.66098 0.0246271 -0.00978348
5.692 0.024238 -0.0125434
5.72305 0.0237728 -0.0149819
5.75589 0.0232107 -0.0171177
5.7886 0.0225981 -0.0187295
5.82127 0.0219512 -0.0197997
5.85395 0.0212873 -0.0203108
5.88676 0.0206239 -0.0202188
5.91992 0.0199776 -0.0194979
5.95371 0.0193654 -0.0181144
5.98796 0.0188168 -0.0160183
6.02187 0.0183638 -0.0133562
6.05561 0.0180199 -0.0101969
6.08811 0.0177985 -0.00680866
6.12066 0.0176928 -0.00324928
6.15264 0.017703 0.000320009
6.18296 0.0178131 0.00363141
6.21449 0.0180292 0.00685109
6.24668 0.0183448 0.0098089
6.27882 0.0187432 0.0123926
6.30978 0.0191916 0.0144853
6.34241 0.0197211 0.0162272
6.376 0.020308 0.0174694
6.41073 0.020938 0.0181438
6.44555 0.0215717 0.0181999
6.48068 0.0221925 0.0176706
6.51632 0.022781 0.0165089
6.55225 0.0233108 0.014747
6.58797 0.0237553 0.0124438
6.62262 0.0240929 0.009744
6.65731 0.0243269 0.00674566
6.69135 0.0244494 0.00359661
6.72505 0.0244623 0.000385317
6.75818 0.0243729 -0.00270023
6.79167 0.0241837 -0.00564912
6.82347 0.0239232 -0.0081899
6.8561 0.0235831 -0.0104226
6.89072 0.0231572 -0.0123051
6.9238 0.0227069 -0.0136111
6.95672 0.022233 -0.0143959
6.992 0.0217166 -0.0146402
7.02749 0.0212114 -0.0142311
7.0632 0.0207414 -0.0131628
7.09904 0.0203303 -0.0114691
7.13474 0.0199996 -0.00926423
7.16955 0.019767 -0.00668313
7.20417 0.0196332 -0.0038636
7.23926 0.0196044 -0.000822267
7.27383 0.0196814 0.00222871
7.30791 0.0198564 0.00513524
7.34239 0.0201247 0.00778241
7.37649 0.0204673 0.010046
7.41163 0.0208863 0.0119257
7.44749 0.0213641 0.0133224
7.48304 0.0218665 0.0141324
7.51853 0.0223739 0.0142979
7.55397 0.0228642 0.0138346
7.58963 0.0233188 0.0127452
7.62543 0.0237137 0.0110328
7.66095 0.0240262 0.00879885
7.6961 0.0242409 0.00610778
7.73076 0.0243502 0.0031526
7.7646 0.0243527 7.50432e-05
7.79761 0.0242524 -0.00303932
7.83181 0.0240413 -0.00617189
7.86536 0.0237379 -0.00904417
7.89843 0.0233556 -0.0115587
7.93081 0.0229136 -0.0136506
7.9644 0.0223983 -0.0153411
7.99825 0.0218401 -0.0164935
8.03214 0.0212619 -0.0170608
8.06623 0.0206819 -0.0170133
8.10069 0.0201197 -0.0163128
8.13539 0.0196013 -0.0149416
8.17025 0.0191516 -0.0129011
8.20459 0.0187966 -0.010336
8.23838 0.0185471 -0.00738376
8.27216 0.0184071 -0.0041436
8.30451 0.0183791 -0.000865362
8.33736 0.0184616 0.00250915
8.36911 0.0186406 0.00563959
8.40123 0.0189155 0.0085585
8.43493 0.0192946 0.0112476
8.46904 0.0197562 0.0135334
8.50142 0.0202507 0.0152712
8.53612 0.020827 0.0166083
8.57084 0.0214291 0.0173408
8.60565 0.0220367 0.0174547
8.64065 0.0226302 0.0169581
8.67621 0.0231935 0.0158438
8.71196 0.0236977 0.0140995
8.74765 0.0241187 0.0117987
8.78209 0.0244311 0.0090703
8.81696 0.0246401 0.00599386
8.85093 0.0247348 0.0027871
8.88456 0.0247174 -0.000518327
8.91714 0.0245982 -0.0036594
8.94946 0.0243837 -0.00663677
8.98089 0.0240924 -0.0092645
9.01254 0.0237262 -0.0115719
9.04631 0.0232682 -0.0135642
9.07906 0.0227767 -0.0150057
9.11192 0.0222532 -0.0159325
9.14656 0.0216885 -0.0163029
9.18146 0.0211291 -0.016027
9.21677 0.0205964 -0.0150892
9.25229 0.0201175 -0.0134819
9.28685 0.0197246 -0.0113673
9.32161 0.0194202 -0.00875901
9.35568 0.0192208 -0.00585311
9.39043 0.0191272 -0.00269235
9.42373 0.0191423 0.000453109
9.45824 0.0192685 0.00365761
9.49197 0.0194898 0.00656076
9.52402 0.0197795 0.00903927
9.55929 0.0201789 0.0113222
9.59541 0.0206538 0.0131483
9.62964 0.0211458 0.014375
9.66462 0.0216726 0.0150577
9.70018 0.0222099 0.0151142
9.7358 0.0227285 0.0145578
9.77167 0.0232083 0.0133746
9.80764 0.0236253 0.0115926
9.84344 0.0239576 0.00928236
9.87868 0.0241886 0.00655535
9.91315 0.0243128 0.00360454
9.94714 0.0243307 0.000524863
9.98009 0.0242467 -0.00254808
10.0145 0.0240522 -0.00564786
10.0479 0.0237694 -0.00846414
10.0812 0.0234056 -0.0109387
10.1139 0.0229805 -0.0129846
10.1474 0.0224921 -0.0145994
10.181 0.0219641 -0.0156918
10.215 0.0214136 -0.0162072
10.2496 0.0208568 -0.0161043
10.2846 0.0203203 -0.0153354
10.3196 0.0198328 -0.0139015
10.3547 0.0194178 -0.011843
10.3897 0.0190941 -0.00924851
10.4239 0.0188781 -0.00630672
10.4581 0.0187711 -0.00313347
10.4907 0.0187729 5.37299e-05
10.5242 0.0188844 0.0033283
10.557 0.0190926 0.00636099
10.5887 0.0193799 0.00905169
10.6233 0.0197802 0.0115645
10.6584 0.020258 0.013635
10.6913 0.0207568 0.0151386
10.7265 0.0213262 0.0161945
10.7615 0.021909 0.0166323
10.7967 0.0224879 0.0164365
10.8322 0.0230428 0.015637
10.868 0.0235512 0.0141984
10.9038 0.023987 0.0121754
10.9391 0.0243274 0.00964731
10.9739 0.0245624 0.00674885
11.0075 0.0246864 0.00369492
11.0418 0.0247009 0.00042261
11.0748 0.0246095 -0.00276777
11.1087 0.0244083 -0.0059255
11.1415 0.0241213 -0.00874793
11.1736 0.0237619 -0.0111952
11.2073 0.0233144 -0.0133148
11.2411 0.0228088 -0.0149443
11.2737 0.022287 -0.0160027
11.3077 0.0217239 -0.0165396
11.3424 0.0211531 -0.0164554
11.3776 0.020601 -0.0157166
11.4129 0.0200947 -0.0143095
11.4486 0.019658 -0.0122616
11.4839 0.0193155 -0.00969762
11.5183 0.019082 -0.00677669
11.5525 0.0189569 -0.00365626
11.5856 0.018941 -0.000483016
11.6189 0.0190318 0.00272311
11.6514 0.0192163 0.00568582
11.6835 0.0194855 0.00836381
11.7182 0.0198605 0.0108258
11.7532 0.0203098 0.0128479
11.7868 0.0207916 0.0143336
11.8218 0.0213284 0.0153344
11.8572 0.0218853 0.0157216
11.8928 0.0224355 0.0154705
11.9285 0.0229573 0.0146185
11.9645 0.0234304 0.0131288
12.0005 0.0238295 0.0110701
12.0357 0.0241295 0.00853737
12.071 0.0243288 0.00563928
12.1056 0.0244175 0.00256335
12.1399 0.0243951 -0.000651983
12.1733 0.0242703 -0.00374485
12.207 0.0240428 -0.00674387
12.2401 0.0237311 -0.00941373
12.2725 0.0233529 -0.0116934
12.3073 0.022877 -0.0136614
12.3418 0.0223561 -0.0150739
12.3751 0.0218282 -0.0158898
12.4097 0.0212688 -0.0161403
12.4446 0.0207194 -0.0157421
12.4799 0.0202019 -0.0146773
12.5153 0.019744 -0.0129407
12.5496 0.0193767 -0.0107114
12.5839 0.0191022 -0.00800155
12.6176 0.0189332 -0.00500951
12.6519 0.0188722 -0.00177857
12.6856 0.0189224 0.00148639
12.7185 0.0190747 0.00462306
12.7519 0.0193273 0.00756416
12.784 0.0196509 0.0100828
12.819 0.0200833 0.01238
12.8544 0.0205876 0.0142095
12.8882 0.0211089 0.015455
12.9231 0.0216739 0.0161758
12.9584 0.0222483 0.0162703
12.9939 0.0228068 0.0157413
13.0296 0.0233275 0.0145938
13.0654 0.0237874 0.0128283
13.1012 0.0241632 0.0105123
13.1365 0.024436 0.00772418
13.1714 0.0245985 0.00465288
13.205 0.0246495 0.00151594
13.2381 0.0245935 -0.0016929
13.2713 0.024433 -0.00483453
13.3041 0.0241788 -0.00776416
13.3365 0.0238426 -0.0103659
13.3685 0.0234407 -0.0125724
13.4018 0.0229598 -0.0144073
13.4349 0.0224403 -0.0157132
13.4683 0.0218902 -0.0164817
13.5028 0.0213145 -0.0166606
13.5377 0.0207502 -0.0161879
13.573 0.0202197 -0.0150465
13.6084 0.0197509 -0.0132312
13.6425 0.0193771 -0.0109411
13.6768 0.0190969 -0.00818076
13.7105 0.0189233 -0.00515841
13.7448 0.0188583 -0.00189143
13.7786 0.0189055 0.00139804
13.8113 0.0190528 0.00450796
13.8448 0.0193028 0.00744675
13.8771 0.0196238 0.00994844
13.9121 0.0200512 0.0122169
13.9469 0.0205381 0.0139954
13.981 0.0210575 0.0152336
14.0157 0.0216104 0.0159254
14.0511 0.0221776 0.0159986
14.0867 0.0227281 0.0154577
14.1226 0.0232402 0.0142933
14.1586 0.0236908 0.0125207
14.1945 0.0240571 0.0101996
14.2299 0.02432 0.00743047
14.2647 0.0244734 0.00439919
14.2985 0.024517 0.00128928
14.3316 0.0244555 -0.00185999
14.3651 0.0242888 -0.00496661
14.3982 0.0240297 -0.00784727
14.4308 0.0236905 -0.01039
14.4631 0.0232849 -0.0125393
14.4968 0.0228045 -0.0142959
14.5301 0.0222865 -0.0155215
14.5638 0.0217415 -0.0161927
14.5985 0.0211769 -0.0162636
14.6336 0.0206274 -0.0156754
14.6689 0.0201185 -0.0144163
14.7044 0.0196745 -0.0124938
14.739 0.0193255 -0.010082
14.7732 0.019077 -0.00725925
14.8073 0.0189345 -0.00418619
14.841 0.018902 -0.000963018
14.8745 0.0189784 0.00228141
14.9069 0.0191506 0.00530727
14.9407 0.0194268 0.00817663
14.9739 0.0197801 0.0106358
15.0087 0.0202245 0.0127673
15.0427 0.0207135 0.0143896
15.0775 0.0212534 0.0155198
15.1127 0.0218179 0.016062
15.1481 0.022384 0.015968
15.1837 0.0229278 0.015269
15.2196 0.0234282 0.0139352
15.2556 0.02386 0.0120064
15.2913 0.0242009 0.00955415
15.3264 0.0244364 0.00670831
15.3604 0.0245617 0.00368369
15.3947 0.0245779 0.000473858
15.4275 0.0244909 -0.00265477
15.462 0.0242898 -0.0058232
15.4956 0.0239978 -0.00868583
15.5283 0.0236339 -0.0111465
15.5614 0.0231963 -0.013224
15.5947 0.0227017 -0.0148386
15.6276 0.0221772 -0.0159181
15.6616 0.021618 -0.0164578
15.6963 0.0210493 -0.0163788
15.7315 0.0204996 -0.0156435
15.7668 0.0199961 -0.0142396
15.8024 0.0195622 -0.0121872
15.8378 0.0192221 -0.00960461
15.8723 0.0189923 -0.006665
15.9065 0.0188719 -0.00352099
15.9395 0.018861 -0.000329463
15.9729 0.0189581 0.00290838
16.0053 0.019149 0.00589147
16.0374 0.019425 0.00859108
16.072 0.0198084 0.0110809
16.107 0.0202678 0.0131361
16.1404 0.0207575 0.0146462
16.1755 0.0213071 0.0156862
16.2109 0.0218784 0.0161157
16.2465 0.0224434 0.0159041
16.2822 0.0229822 0.0150918
16.3182 0.0234739 0.0136369
16.3543 0.0238924 0.011605
16.3897 0.0242136 0.00907552
16.4248 0.024431 0.00618225
16.4588 0.0245376 0.00313494
16.4933 0.0245335 -0.000118388
16.527 0.0244229 -0.00328942
16.5611 0.0242052 -0.00637835
16.5942 0.0239036 -0.00911943
16.6266 0.0235316 -0.0114805
16.6609 0.023068 -0.0135137
16.6952 0.0225529 -0.0150261
16.7281 0.0220274 -0.0159523
