t x vx
0.01 0.0220007 7.10625e-05
0.02 0.0220018 0.000109097
0.0354924 0.0220051 0.000211415
0.0512827 0.0220104 0.00033745
0.0677726 0.0220185 0.000489885
0.0848655 0.0220299 0.000668797
0.102449 0.0220452 0.000868447
0.120373 0.0220648 0.00109478
0.138357 0.0220889 0.00133854
0.156248 0.0221181 0.00163248
0.17401 0.0221535 0.00199281
0.191518 0.0221965 0.00245481
0.208816 0.022248 0.00297704
0.225757 0.0223077 0.00352492
0.242359 0.022375 0.0040553
0.258793 0.0224515 0.00465353
0.275002 0.0225373 0.00529673
0.290169 0.0226263 0.00586478
0.305831 0.0227264 0.00639153
0.322054 0.0228378 0.00686755
0.338414 0.0229564 0.00725173
0.354647 0.0230793 0.00756776
0.370626 0.023204 0.0078042
0.386315 0.023329 0.00796783
0.401928 0.0234549 0.00806401
0.417571 0.0235814 0.0080872
0.433185 0.0237071 0.00804923
0.448823 0.0238315 0.00795747
0.464532 0.0239544 0.00782314
0.480348 0.0240754 0.00765026
0.496208 0.0241935 0.0074431
0.512041 0.0243075 0.0072045
0.527894 0.0244176 0.00694331
0.543812 0.0245237 0.00666428
0.559811 0.0246256 0.00637276
0.575884 0.0247234 0.00607996
0.592014 0.0248171 0.00580849
0.608185 0.0249073 0.00557867
0.624362 0.0249946 0.00539652
0.640486 0.0250794 0.00526131
0.656592 0.0251627 0.00517147
0.672698 0.0252452 0.00512145
0.688812 0.0253274 0.00509917
0.704914 0.0254094 0.00509641
0.720999 0.0254915 0.00510284
0.737047 0.0255734 0.00510266
0.753045 0.0256546 0.00507642
0.768999 0.0257345 0.00500783
0.784928 0.0258122 0.00487608
0.800864 0.0258865 0.00466481
0.816834 0.025956 0.00435512
0.832789 0.0260168 0.00380956
0.848637 0.0260668 0.00315344
0.864382 0.0261043 0.00237873
0.880046 0.0261277 0.00149529
0.895687 0.0261357 0.000512838
0.911062 0.0261275 -0.000530631
0.926182 0.0261048 -0.00150493
0.94113 0.0260676 -0.00248829
0.956016 0.0260143 -0.00358116
0.970938 0.0259448 -0.00465331
0.985958 0.0258599 -0.00565727
1.00107 0.0257609 -0.00654764
1.0163 0.02565 -0.00728073
1.03146 0.0255314 -0.00782716
1.04655 0.025408 -0.0081778
1.06162 0.0252823 -0.0083404
1.07668 0.0251568 -0.00833322
1.09177 0.0250329 -0.00821238
1.10688 0.0249117 -0.00802198
1.12202 0.0247939 -0.00777892
1.1372 0.0246798 -0.00751854
1.15242 0.0245691 -0.00726996
1.16763 0.0244616 -0.00707042
1.18274 0.0243568 -0.00693183
1.19781 0.0242539 -0.00682775
1.21287 0.0241526 -0.00672876
1.22798 0.0240527 -0.00661075
1.24307 0.0239555 -0.00643964
1.2577 0.0238637 -0.00628138
1.27205 0.0237765 -0.00607663
1.28647 0.0236922 -0.00584157
1.2998 0.0236173 -0.00561498
1.31284 0.0235473 -0.00536887
1.32631 0.0234783 -0.00512782
1.34062 0.0234083 -0.00489106
1.35523 0.0233396 -0.00470289
1.37016 0.0232724 -0.00449743
1.38479 0.0232085 -0.00436642
1.39935 0.0231459 -0.00430245
1.41408 0.0230839 -0.00421043
1.42929 0.0230207 -0.00415531
1.44475 0.0229568 -0.00412959
1.46011 0.0228937 -0.00410943
1.47555 0.0228302 -0.00411421
1.49113 0.0227656 -0.00414173
1.50573 0.0227049 -0.00416122
1.51977 0.0226466 -0.0041505
1.53376 0.0225888 -0.00413515
1.5481 0.0225303 -0.00408245
1.56257 0.022473 -0.0039534
1.57734 0.0224165 -0.00382687
1.59265 0.0223615 -0.00359393
1.60844 0.0223096 -0.00328561
1.6243 0.0222627 -0.0029559
1.64011 0.0222224 -0.0025511
1.65577 0.0221889 -0.00213641
1.67134 0.022162 -0.00172814
1.68686 0.0221412 -0.00134191
1.70192 0.0221269 -0.000946468
1.71697 0.0221181 -0.000588925
1.73222 0.0221132 -0.000319154
1.74746 0.0221114 -0.000121405
1.76309 0.0221114 -3.45377e-07
1.77913 0.0221112 -1.0838e-05
1.79537 0.0221089 -0.000142927
1.81149 0.0221027 -0.000381715
1.82748 0.0220917 -0.000690583
1.84333 0.0220748 -0.00106515
1.85912 0.0220512 -0.00149217
1.87495 0.0220207 -0.00192542
1.89065 0.021984 -0.00234048
1.90628 0.0219412 -0.00273766
1.9216 0.0218937 -0.00310193
1.9364 0.0218429 -0.00343597
1.9508 0.0217894 -0.00371047
1.96511 0.0217341 -0.00386724
1.97965 0.0216782 -0.00383993
1.99429 0.0216253 -0.00361647
2.0091 0.0215776 -0.00322094
2.02425 0.0215373 -0.00266329
2.03965 0.0215066 -0.00198886
2.05537 0.0214867 -0.00126719
2.07126 0.0214788 -0.00049958
2.08696 0.0214829 0.000262011
2.10261 0.0214981 0.000974677
2.1183 0.0215233 0.00160529
2.13399 0.0215565 0.00211391
2.14966 0.021595 0.00245999
2.16544 0.021636 0.00259506
2.18124 0.0216752 0.0024814
2.19691 0.0217085 0.00212504
2.21251 0.0217328 0.00155855
2.22767 0.0217454 0.000828773
2.24245 0.0217454 1.74219e-06
2.25707 0.0217325 -0.000878813
2.27173 0.0217066 -0.00176888
2.28655 0.0216677 -0.00262652
2.30112 0.0216183 -0.00339117
2.31545 0.0215606 -0.00402529
2.32972 0.0214969 -0.00446152
2.34401 0.0214303 -0.00465763
2.35844 0.0213641 -0.00458949
2.37282 0.0213031 -0.00424563
2.38693 0.0212515 -0.00365672
2.40105 0.021211 -0.00286554
2.41542 0.0211835 -0.00191601
2.42989 0.0211714 -0.000838861
2.44419 0.0211756 0.000293928
2.45855 0.0211957 0.0014057
2.47311 0.0212313 0.00244501
2.48802 0.0212815 0.00336135
2.50287 0.0213431 0.00414807
2.51802 0.0214154 0.00477468
2.5328 0.0214914 0.00514133
2.54748 0.021568 0.00521581
2.5624 0.0216425 0.0049972
2.57762 0.0217111 0.00450358
2.59286 0.0217684 0.00376198
2.60806 0.0218109 0.00279724
2.62325 0.0218361 0.00165453
2.6383 0.0218421 0.000402997
2.65329 0.0218287 -0.000893343
2.66811 0.0217968 -0.00215213
2.68249 0.0217492 -0.00330993
2.69657 0.0216883 -0.00432241
2.71048 0.0216167 -0.00515106
2.72429 0.0215373 -0.00575434
2.73809 0.0214532 -0.00608923
2.75205 0.0213676 -0.00613414
2.76623 0.0212844 -0.00586912
2.78047 0.0212092 -0.00527721
2.79466 0.0211467 -0.00440823
2.80879 0.0210997 -0.00332255
2.82305 0.02107 -0.00208242
2.83724 0.021059 -0.000775108
2.85142 0.0210661 0.000502725
2.86514 0.0210893 0.00168793
2.87851 0.0211263 0.00276457
2.89121 0.0211729 0.00367042
2.9032 0.0212254 0.00438151
2.91486 0.0212825 0.00489106
2.92647 0.0213428 0.00519744
2.93832 0.0214054 0.00528268
2.95079 0.0214691 0.0051137
2.96411 0.0215312 0.0046604
2.97699 0.021583 0.00401972
2.98982 0.0216242 0.00321026
3.00319 0.0216537 0.00220468
3.01585 0.021668 0.00113434
3.02747 0.0216691 9.56849e-05
3.03849 0.0216592 -0.000901798
3.04921 0.0216393 -0.00185845
3.05987 0.0216098 -0.0027618
3.0707 0.0215706 -0.00362085
3.08199 0.0215208 -0.00441703
3.09354 0.0214621 -0.0050764
3.10563 0.0213949 -0.00555938
3.11898 0.0213175 -0.0058024
3.13334 0.0212357 -0.00569363
3.14737 0.0211613 -0.00530074
3.16137 0.0210963 -0.00464395
3.17553 0.021043 -0.00376253
3.18997 0.021004 -0.00269953
3.20485 0.0209826 -0.00144327
3.21941 0.0209804 -0.000149925
3.23372 0.0209967 0.00114272
3.24781 0.0210303 0.00238517
3.26188 0.0210806 0.00357422
3.27622 0.0211476 0.00467245
3.29088 0.0212294 0.00557917
3.30573 0.0213216 0.00620706
3.32061 0.0214187 0.00652499
3.33479 0.0215113 0.00653643
3.3488 0.0215991 0.00626294
3.36279 0.0216794 0.00573674
3.37709 0.0217507 0.00498552
3.39185 0.0218098 0.00400832
3.40723 0.0218529 0.00280244
3.42279 0.0218759 0.00147943
3.43833 0.0218778 0.000117465
3.45382 0.0218595 -0.00118172
3.4692 0.0218231 -0.00236309
3.48418 0.0217724 -0.00338764
3.49896 0.0217098 -0.00423444
3.51378 0.0216378 -0.00485815
3.52879 0.0215598 -0.0051963
3.54414 0.0214798 -0.00521033
3.55976 0.0214041 -0.00484827
3.57525 0.0213393 -0.00418594
3.59013 0.0212894 -0.00334606
3.60464 0.0212553 -0.00235137
3.61928 0.021238 -0.00118706
3.63285 0.0212374 -3.967e-05
3.6456 0.0212503 0.00100823
3.65795 0.0212745 0.00196189
3.67027 0.0213092 0.00281312
3.68286 0.0213537 0.00353687
3.696 0.0214073 0.00407942
3.70889 0.0214634 0.00435341
3.72163 0.0215191 0.00437449
3.73438 0.0215723 0.00416513
3.74753 0.0216211 0.0037121
3.76136 0.0216626 0.00300509
3.77589 0.021693 0.00209189
3.79115 0.0217087 0.00103079
3.80653 0.021707 -0.000116269
3.82164 0.0216885 -0.00122046
3.83607 0.0216564 -0.00222752
3.84989 0.021614 -0.00306823
3.86335 0.0215642 -0.00369582
3.8768 0.0215091 -0.00409814
3.89035 0.0214513 -0.00426811
3.90376 0.0213949 -0.0042016
3.91698 0.0213431 -0.0039206
3.93039 0.0212973 -0.0034169
3.94444 0.0212598 -0.00266462
3.95935 0.0212346 -0.00169473
3.97414 0.0212255 -0.00061648
3.98953 0.0212339 0.000545322
4.00438 0.0212584 0.00165641
4.01859 0.0212963 0.0026675
4.0336 0.0213503 0.00359411
4.04852 0.0214147 0.00431757
4.06307 0.0214847 0.00480604
4.07767 0.021558 0.0050266
4.09191 0.0216285 0.00494689
4.10556 0.0216907 0.00456066
4.11894 0.021743 0.00390309
4.13239 0.0217836 0.00302078
4.14627 0.0218105 0.00194181
4.16085 0.0218206 0.000691452
4.17625 0.0218102 -0.000677737
4.19102 0.0217814 -0.00194987
4.20559 0.0217366 -0.0030705
4.21976 0.0216809 -0.00393332
4.23383 0.0216176 -0.00449799
4.24814 0.0215489 -0.00480248
4.26259 0.0214786 -0.00486521
4.27689 0.0214115 -0.0046883
4.291 0.0213508 -0.00430284
4.30498 0.0212984 -0.0037491
4.31917 0.0212556 -0.00301828
4.33373 0.0212252 -0.00209072
4.34883 0.0212105 -0.000970114
4.36383 0.0212144 0.000256254
4.37884 0.0212365 0.0014785
4.39328 0.0212742 0.00260943
4.408 0.0213282 0.00366929
4.42278 0.0213961 0.0045932
4.43754 0.0214753 0.00536272
4.45104 0.0215549 0.00590107
4.46295 0.0216288 0.00620318
4.47378 0.0216971 0.00630611
4.48393 0.0217604 0.0062372
4.49366 0.021819 0.0060176
4.50314 0.0218727 0.00566496
4.51247 0.0219212 0.00519778
4.52173 0.021964 0.00462991
4.53094 0.0220006 0.0039666
4.54012 0.0220302 0.00322098
4.54929 0.0220523 0.00241304
4.55846 0.0220666 0.00155781
4.56765 0.0220726 0.00065764
4.57691 0.02207 -0.000281554
4.58627 0.0220584 -0.00124261
4.59583 0.0220372 -0.0022125
4.60564 0.0220061 -0.0031697
4.61587 0.0219643 -0.00409228
4.6266 0.0219112 -0.00494358
4.63799 0.0218462 -0.00571326
4.65013 0.0217688 -0.00636557
4.66324 0.0216791 -0.00685001
4.6776 0.0215774 -0.00707549
4.69194 0.0214775 -0.00696712
4.70658 0.021381 -0.00659542
4.72114 0.0212939 -0.00597825
4.73577 0.0212188 -0.00513534
4.75054 0.0211586 -0.00407488
4.76484 0.0211176 -0.00287226
4.77967 0.0210952 -0.00150927
4.79464 0.0210931 -0.000138065
4.81002 0.0211117 0.00121194
4.82552 0.0211506 0.00250474
4.84136 0.0212086 0.00366466
4.85746 0.0212828 0.00460943
4.87335 0.0213662 0.00524614
4.88907 0.0214535 0.00555543
4.9046 0.0215391 0.005511
4.91981 0.0216175 0.00515448
4.93522 0.021687 0.00451288
4.95061 0.0217427 0.00361597
4.966 0.0217809 0.00248368
4.98145 0.0217993 0.00119134
4.99684 0.0217967 -0.000173996
5.01221 0.0217729 -0.00154739
5.02764 0.0217288 -0.00285817
5.04298 0.0216665 -0.00405959
5.0579 0.0215903 -0.00510578
5.07247 0.0215031 -0.0059864
5.08689 0.021407 -0.00666079
5.10136 0.0213045 -0.0070844
5.11602 0.0211987 -0.00722216
5.13096 0.0210936 -0.00702997
5.14616 0.0209945 -0.00651914
5.16112 0.0209087 -0.00574036
5.17601 0.0208382 -0.00473054
5.19069 0.0207861 -0.00355153
5.2058 0.0207524 -0.00222888
5.22036 0.0207395 -0.000886779
5.23506 0.0207462 0.000455545
5.24975 0.0207717 0.0017369
5.26433 0.0208142 0.00291596
5.27879 0.0208722 0.0040126
5.29324 0.0209451 0.0050393
5.30762 0.0210303 0.00592348
5.32143 0.0211209 0.00656028
5.33496 0.0212143 0.00690729
5.34857 0.021309 0.0069634
5.36258 0.0214035 0.0067394
5.37713 0.0214944 0.00624571
5.3922 0.0215766 0.00546001
5.40727 0.021643 0.00440509
5.42227 0.0216903 0.00315379
5.43721 0.0217172 0.00180108
5.45215 0.0217234 0.000412257
5.46686 0.0217098 -0.000922534
5.48124 0.0216789 -0.00215168
5.49528 0.021633 -0.00326417
5.50911 0.0215749 -0.0042076
5.52287 0.021507 -0.0049292
5.5367 0.0214326 -0.00538146
5.55077 0.0213549 -0.00552503
5.56519 0.0212778 -0.00534812
5.57979 0.0212072 -0.00483052
5.59466 0.0211479 -0.003991
5.60934 0.021105 -0.00292238
5.6233 0.021081 -0.00171577
5.6366 0.0210749 -0.000457645
5.64935 0.0210848 0.00077259
5.66169 0.0211086 0.00193189
5.67376 0.0211448 0.00299936
5.68571 0.0211919 0.00394213
5.69767 0.0212487 0.00474401
5.70979 0.0213139 0.00538379
5.72222 0.0213862 0.00581463
5.73511 0.0214634 0.00598679
5.74863 0.0215425 0.00585694
5.76285 0.021619 0.00537354
5.77723 0.0216851 0.00459726
5.79214 0.021738 0.00355275
5.8073 0.021773 0.00230259
5.82253 0.0217874 0.000951283
5.83747 0.0217818 -0.000375707
5.85201 0.0217582 -0.00162736
5.86656 0.0217175 -0.00279582
5.88075 0.0216635 -0.00380663
5.89485 0.0215987 -0.00459236
5.90906 0.0215262 -0.00510382
5.92345 0.02145 -0.00529572
5.93814 0.0213744 -0.00514344
5.95294 0.0213056 -0.00465056
5.96765 0.021249 -0.00384829
5.98234 0.0212078 -0.00280225
5.99729 0.021185 -0.00152697
6.01183 0.021183 -0.000137698
6.02642 0.0212015 0.00126588
6.04047 0.0212375 0.00256883
6.05442 0.0212901 0.00376955
6.06805 0.0213555 0.00479557
6.08173 0.0214325 0.00563031
6.09517 0.0215159 0.0062019
6.10784 0.0215981 0.00648781
6.11988 0.0216767 0.00653412
6.13145 0.0217503 0.00635387
6.14268 0.0218174 0.0059728
6.15367 0.0218772 0.00544114
6.16452 0.021929 0.00478264
6.17531 0.0219723 0.00400804
6.18616 0.022006 0.003111
6.19717 0.0220292 0.00210306
6.20843 0.0220406 0.00101803
6.22 0.0220391 -0.000133186
6.23198 0.0220235 -0.00130425
6.24451 0.0219927 -0.00245454
6.25776 0.0219458 -0.00354269
6.27134 0.0218847 -0.00450227
6.28507 0.0218123 -0.00527068
6.29904 0.0217312 -0.00580694
6.31312 0.0216461 -0.00603851
6.32714 0.0215623 -0.00597923
6.34118 0.0214831 -0.00564056
6.35533 0.0214115 -0.00505925
6.36967 0.0213503 -0.00426592
6.38424 0.0213027 -0.00326818
6.39865 0.0212725 -0.00209841
6.41261 0.0212606 -0.000853409
6.42504 0.0212639 0.000266849
6.43654 0.0212784 0.00126314
6.44751 0.0213019 0.0021456
6.45816 0.0213331 0.00292882
6.46855 0.0213706 0.00360381
6.47879 0.0214131 0.00415093
6.48902 0.0214597 0.00455734
6.49944 0.0215098 0.00480357
6.51036 0.0215628 0.00485861
6.52216 0.0216183 0.00469888
6.53533 0.0216744 0.00426265
6.54936 0.0217241 0.00354149
6.56383 0.0217615 0.00258253
6.57846 0.0217824 0.00142976
6.5936 0.0217839 0.000101944
6.60828 0.0217655 -0.00125704
6.62261 0.0217288 -0.00255712
6.63665 0.0216759 -0.00376462
6.65068 0.0216083 -0.00482437
6.66491 0.0215278 -0.00565824
6.6794 0.0214374 -0.00623405
6.69411 0.021342 -0.00649159
6.70881 0.0212479 -0.0063983
6.72344 0.0211602 -0.00598994
6.73791 0.0210837 -0.00528933
6.75234 0.021021 -0.00434638
6.76681 0.0209748 -0.00319334
6.78141 0.0209476 -0.00186419
6.79627 0.0209416 -0.000402474
6.81126 0.0209588 0.00114895
6.82589 0.0209974 0.00263832
6.84037 0.0210555 0.00401027
6.85446 0.0211281 0.005153
6.8684 0.0212129 0.00608875
6.88237 0.0213085 0.00683676
6.89595 0.0214076 0.00730155
6.90928 0.0215069 0.00745012
6.92246 0.0216028 0.00727856
6.93536 0.0216905 0.00679115
6.94776 0.0217655 0.00605
6.95971 0.0218265 0.00511098
6.97133 0.0218732 0.0040117
6.98274 0.0219051 0.00279668
6.99406 0.0219222 0.00150865
7.00542 0.0219241 0.000175637
7.01697 0.0219106 -0.00117337
7.02886 0.0218812 -0.00247235
7.04125 0.0218357 -0.00367712
7.05436 0.0217738 -0.00471688
7.06831 0.0216967 -0.0055266
7.08233 0.0216117 -0.00606106
7.09639 0.0215228 -0.00632474
7.11021 0.0214354 -0.00632443
