t x vx
0.01 0.0220011 0.000105443
0.02 0.0220026 0.000151612
0.0340867 0.0220059 0.000238672
0.0484716 0.022011 0.000350517
0.0634682 0.0220183 0.000485695
0.0789543 0.0220281 0.000637169
0.0949157 0.0220411 0.000812257
0.11115 0.0220573 0.000999854
0.127049 0.0220764 0.00119861
0.142745 0.0220986 0.00141762
0.158236 0.0221242 0.0016508
0.173576 0.022155 0.00200472
0.18876 0.0221917 0.00241885
0.203776 0.0222349 0.00287605
0.218525 0.0222849 0.00339203
0.232899 0.0223418 0.00396013
0.247024 0.0224061 0.00454903
0.261354 0.0224802 0.00517181
0.275546 0.0225624 0.00579582
0.289867 0.022654 0.00639622
0.304125 0.0227536 0.00697919
0.318349 0.0228608 0.00754
0.332537 0.0229749 0.00804349
0.346699 0.0230946 0.00844887
0.360848 0.0232183 0.00874559
0.375005 0.0233449 0.00894457
0.389183 0.0234734 0.00906212
0.403369 0.0236026 0.0091077
0.417238 0.0237288 0.00909643
0.430908 0.0238523 0.00903451
0.444474 0.0239734 0.00893051
0.458012 0.0240924 0.008784
0.471571 0.0242089 0.00859476
0.485148 0.0243225 0.00836411
0.498738 0.0244325 0.00809519
0.512322 0.0245383 0.00779309
0.525878 0.0246396 0.00747426
0.53939 0.0247364 0.00715997
0.552863 0.0248289 0.00686791
0.566314 0.0249178 0.00660593
0.579769 0.0250036 0.00637686
0.593256 0.025087 0.00618646
0.606812 0.0251689 0.00603969
0.620479 0.0252501 0.00593898
0.634288 0.0253313 0.00588324
0.64825 0.0254133 0.00586929
0.662362 0.0254965 0.00589854
0.676604 0.0255815 0.0059669
0.690772 0.0256674 0.00606524
0.70468 0.0257534 0.00618676
0.718344 0.0258398 0.00631859
0.731555 0.0259251 0.00645623
0.74444 0.02601 0.00658761
0.757301 0.0260961 0.00669605
0.770305 0.0261841 0.00676792
0.783589 0.0262743 0.00679013
0.797209 0.0263661 0.00674187
0.810896 0.0264565 0.00660212
0.824494 0.0265429 0.00635368
0.837792 0.0266226 0.00599214
0.850785 0.0266944 0.00553178
0.863578 0.0267584 0.00499745
0.876286 0.0268144 0.00440662
0.889028 0.0268625 0.00377582
0.901927 0.0269028 0.00312241
0.915091 0.0269352 0.00246462
0.928401 0.0269596 0.00183043
0.941594 0.0269759 0.00123785
0.954577 0.0269851 0.000707053
0.967585 0.0269882 0.000239777
0.98066 0.0269862 -0.000155766
0.993966 0.02698 -0.00046558
1.00755 0.0269706 -0.000686759
1.02128 0.0269592 -0.000829513
1.03527 0.0269469 -0.000879134
1.0495 0.0269351 -0.000833207
1.06392 0.0269247 -0.000718331
1.07814 0.0269167 -0.000562694
1.09223 0.0269112 -0.000392461
1.10624 0.0269079 -0.000237285
1.12008 0.0269058 -0.000148856
1.13351 0.0269042 -0.000118076
1.14656 0.026902 -0.000171207
1.15993 0.0268981 -0.000292406
1.17333 0.0268918 -0.000470353
1.1868 0.0268823 -0.000701269
1.20038 0.0268687 -0.00100084
1.21416 0.0268502 -0.00134621
1.22785 0.0268273 -0.00166927
1.24161 0.0268007 -0.00193931
1.2556 0.0267704 -0.00216534
1.2695 0.0267381 -0.00232047
1.283 0.026706 -0.00237673
1.29658 0.0266743 -0.00233112
1.31018 0.0266445 -0.00219921
1.32405 0.0266167 -0.00199873
1.3383 0.0265917 -0.00175935
1.35281 0.0265694 -0.00153098
1.36715 0.0265509 -0.00129437
1.38129 0.0265368 -0.000996123
1.39529 0.0265274 -0.000670022
1.40924 0.0265223 -0.000367565
1.42308 0.0265208 -0.00011052
1.43685 0.0265217 7.02721e-05
1.4506 0.0265236 0.000134516
1.46434 0.0265248 9.12357e-05
1.47812 0.0265234 -0.000102059
1.49148 0.026518 -0.000404482
1.50456 0.0265084 -0.000734074
1.51756 0.0264942 -0.00108989
1.53069 0.0264749 -0.00147363
1.54387 0.0264506 -0.0018441
1.55697 0.0264227 -0.0021256
1.57007 0.0263928 -0.00228672
1.58325 0.026362 -0.00233319
1.59645 0.026332 -0.00227456
1.60948 0.0263043 -0.00212542
1.6224 0.0262799 -0.00189331
1.63523 0.0262598 -0.00156042
1.64806 0.026245 -0.00115898
1.66101 0.0262364 -0.000664602
1.67408 0.026235 -0.000107455
1.68682 0.02624 0.000394791
1.69943 0.0262506 0.000837627
1.71209 0.0262655 0.00118206
1.72494 0.0262837 0.00141332
1.7383 0.0263042 0.00153458
1.75163 0.0263251 0.00156711
1.76475 0.0263452 0.00153076
1.77729 0.0263628 0.00140413
1.78974 0.0263777 0.00119837
1.80112 0.0263882 0.000929085
1.81189 0.0263947 0.000600873
1.82248 0.0263972 0.000232206
1.83296 0.0263956 -0.000147824
1.84335 0.0263902 -0.000525796
1.85355 0.0263812 -0.000879491
1.86368 0.0263692 -0.00118171
1.87396 0.0263547 -0.00141538
1.88445 0.0263382 -0.00157013
1.8948 0.0263216 -0.00160802
1.90499 0.0263059 -0.00153253
1.9152 0.0262919 -0.0013752
1.92554 0.0262798 -0.00116497
1.93589 0.0262703 -0.000927904
1.94573 0.0262636 -0.000673528
1.95546 0.0262595 -0.000424238
1.96527 0.0262577 -0.000185209
1.97469 0.0262583 6.22893e-05
1.98402 0.0262615 0.000347305
1.99335 0.0262674 0.000630751
2.00274 0.0262756 0.000869637
2.01221 0.0262857 0.00107542
2.02184 0.0262978 0.00125711
2.03172 0.0263116 0.0013887
2.04199 0.0263266 0.00146906
2.05279 0.0263426 0.00148161
2.06428 0.0263591 0.001427
2.07666 0.026375 0.00129031
2.08948 0.0263884 0.00104645
2.10155 0.0263975 0.000752537
2.11293 0.0264037 0.000547456
2.12387 0.0264079 0.000380338
2.1344 0.0264104 0.000240802
2.14472 0.0264116 0.000116467
2.15489 0.0264114 -2.23656e-05
2.16491 0.02641 -0.000139084
2.17481 0.0264078 -0.000223022
2.18469 0.0264048 -0.000301087
2.19442 0.0264014 -0.000353497
2.20415 0.0263979 -0.000357614
2.21401 0.0263949 -0.000302009
2.22416 0.0263927 -0.000218153
2.23474 0.0263914 -0.000121444
2.24596 0.0263912 -2.31541e-05
2.25772 0.0263921 7.65299e-05
2.27013 0.0263937 0.000132025
2.28346 0.0263948 8.20678e-05
2.2975 0.0263943 -3.37811e-05
2.31177 0.0263921 -0.000159289
2.32599 0.0263884 -0.000257551
2.33988 0.0263839 -0.000327356
2.35348 0.0263785 -0.000395114
2.36718 0.0263716 -0.000505963
2.38101 0.0263626 -0.000644102
2.39461 0.0263522 -0.000765175
2.40808 0.0263399 -0.000914627
2.42159 0.0263249 -0.00110816
2.43513 0.0263073 -0.00130225
2.44876 0.0262875 -0.00145531
2.46264 0.0262661 -0.0015435
2.47669 0.0262445 -0.00153813
2.49074 0.0262238 -0.00146758
2.50479 0.0262048 -0.00135599
2.51884 0.0261882 -0.00118184
2.53295 0.0261745 -0.000970101
2.5472 0.0261646 -0.000696631
2.56161 0.0261598 -0.000331403
2.5758 0.0261604 4.57985e-05
2.58982 0.026166 0.000395384
2.60377 0.0261759 0.000711538
2.61768 0.0261888 0.000928889
2.6316 0.0262031 0.00102793
2.64545 0.0262175 0.00103522
2.65918 0.0262309 0.000981243
2.67285 0.0262427 0.000859089
2.68653 0.0262514 0.000637988
2.70021 0.0262566 0.000378567
2.71342 0.0262585 0.000146285
2.72646 0.0262568 -0.00013132
2.73961 0.0262506 -0.000475214
2.7528 0.0262399 -0.000808057
2.76584 0.0262262 -0.00105543
2.77897 0.02621 -0.00122612
2.79228 0.0261924 -0.00132279
2.8058 0.0261745 -0.00132419
2.81959 0.0261578 -0.00121705
2.83359 0.0261437 -0.00100471
2.84745 0.0261342 -0.000686011
2.86128 0.0261302 -0.000288894
2.87523 0.026132 0.000133652
2.88907 0.0261396 0.000544359
2.90119 0.0261506 0.000912286
2.91197 0.0261638 0.00122442
2.92197 0.0261787 0.00148628
2.93161 0.0261952 0.00170706
2.9412 0.0262131 0.00187489
2.95093 0.0262325 0.00198912
2.96094 0.0262532 0.00206663
2.97136 0.0262755 0.00213808
2.98236 0.0262995 0.00218433
2.99352 0.0263238 0.00217838
3.00502 0.0263483 0.00213397
3.01699 0.0263729 0.00205489
3.02954 0.0263973 0.00193998
3.04243 0.0264204 0.0017968
3.05557 0.0264417 0.00162116
3.06894 0.0264609 0.00143339
3.08245 0.0264779 0.00126129
3.09582 0.026493 0.00112874
3.10924 0.0265064 0.00099358
3.1229 0.0265178 0.000840042
3.13689 0.0265275 0.000691503
3.15082 0.0265357 0.000589529
3.16466 0.0265435 0.00056101
3.17831 0.0265514 0.000580744
3.19124 0.0265594 0.000620719
3.20388 0.0265677 0.000651291
3.21637 0.0265763 0.000693404
3.22883 0.0265857 0.000753316
3.24139 0.026596 0.000816627
3.25417 0.026607 0.000865864
3.26728 0.0266188 0.000897312
3.28061 0.0266314 0.000941756
3.29404 0.0266448 0.00100348
3.30737 0.0266589 0.00105652
3.32052 0.0266729 0.00106616
3.33356 0.0266859 0.000993677
3.3466 0.0266966 0.000819227
3.35904 0.0267039 0.000588529
3.37112 0.0267078 0.000324459
3.38318 0.0267086 6.33369e-05
3.39533 0.0267064 -0.000178671
3.40756 0.0267018 -0.00037714
3.41997 0.0266949 -0.000552696
3.43259 0.0266866 -0.000658686
3.44536 0.0266779 -0.000680572
3.45813 0.0266701 -0.000617449
3.47093 0.026664 -0.00047469
3.48383 0.0266604 -0.000280385
3.49692 0.02666 -2.86495e-05
3.5105 0.0266639 0.000286459
3.52411 0.0266718 0.000580057
3.5377 0.0266832 0.000839985
3.55115 0.0266978 0.0010884
3.56449 0.0267157 0.00134316
3.57779 0.0267365 0.00155825
3.59117 0.0267597 0.00173303
3.60467 0.0267839 0.00179397
3.61834 0.0268067 0.00167092
3.63203 0.0268261 0.0014175
3.64567 0.0268409 0.0010791
3.65921 0.0268502 0.000691732
3.67252 0.0268542 0.00030012
3.68576 0.0268528 -0.000110231
3.69862 0.0268466 -0.000476735
3.71134 0.0268367 -0.000777144
3.72406 0.0268239 -0.00100616
3.73692 0.026809 -0.00116363
3.75016 0.0267924 -0.00125011
3.76372 0.0267753 -0.0012644
3.77793 0.0267582 -0.00120386
3.79243 0.0267432 -0.00103091
3.80674 0.0267323 -0.000761164
3.82087 0.0267265 -0.000411814
3.83481 0.0267264 -1.07167e-05
3.84864 0.0267317 0.00038526
3.86242 0.0267417 0.000724892
3.87608 0.0267545 0.000938604
3.88965 0.0267679 0.000990701
3.90318 0.0267795 0.000851591
3.9167 0.0267871 0.000562868
3.92967 0.0267901 0.000232482
3.94314 0.026788 -0.000157772
3.9561 0.0267806 -0.000568751
3.96919 0.0267678 -0.000979983
3.98141 0.0267513 -0.00135047
3.99395 0.0267299 -0.00170219
4.00619 0.0267059 -0.00196427
4.01855 0.0266793 -0.00215416
4.03122 0.0266504 -0.00227643
4.04427 0.02662 -0.00232997
4.05761 0.0265893 -0.00230124
4.07093 0.0265603 -0.00217465
4.08447 0.0265337 -0.00196606
4.09721 0.0265119 -0.00171336
4.11032 0.0264929 -0.00145273
4.12383 0.0264767 -0.00119861
4.13683 0.0264646 -0.00093029
4.14978 0.0264563 -0.000638849
4.1628 0.0264519 -0.000335061
4.17582 0.0264511 -6.47789e-05
4.18922 0.0264523 9.01491e-05
4.20306 0.0264538 0.000105405
4.21698 0.0264541 2.78805e-05
4.23104 0.0264521 -0.000142568
4.24474 0.026447 -0.000371995
4.25807 0.0264383 -0.000658583
4.27114 0.0264251 -0.00100756
4.2836 0.0264087 -0.00131819
4.29639 0.0263883 -0.00159326
4.30914 0.0263654 -0.0017976
4.32212 0.02634 -0.0019516
4.33519 0.0263136 -0.0020242
4.34853 0.0262872 -0.00197573
4.36235 0.0262624 -0.0017952
4.37668 0.0262409 -0.00149985
4.39096 0.0262252 -0.0010999
4.40495 0.0262167 -0.000609642
4.41871 0.0262156 -8.02234e-05
4.43089 0.0262196 0.000331929
4.44263 0.0262274 0.00066116
4.45423 0.0262376 0.000884034
4.46599 0.0262489 0.000956207
4.47825 0.0262598 0.000887125
4.49144 0.0262689 0.00069321
4.50479 0.0262745 0.000421773
4.51811 0.0262765 0.000147532
4.53104 0.026275 -0.0001151
4.54396 0.0262697 -0.000410537
4.557 0.0262602 -0.000725906
4.56997 0.0262472 -0.00100538
4.58277 0.0262314 -0.00123741
4.59566 0.0262131 -0.00141796
4.60886 0.0261928 -0.00153853
4.62224 0.0261716 -0.00158033
4.63563 0.0261513 -0.00151936
4.64913 0.0261332 -0.00133875
4.66286 0.0261185 -0.00107024
4.6765 0.026108 -0.000770914
4.69018 0.0261017 -0.000462018
4.70386 0.0261005 -8.98883e-05
4.71768 0.0261049 0.00031804
4.73163 0.0261144 0.000687716
4.74553 0.0261279 0.00096633
4.75849 0.0261427 0.00114604
4.7688 0.0261562 0.00130205
4.77815 0.0261694 0.00141511
4.78736 0.0261832 0.00150233
4.79693 0.0261977 0.00151795
4.80735 0.0262129 0.00145279
4.81924 0.0262287 0.00132752
4.83193 0.0262436 0.00117948
4.84401 0.0262556 0.000988878
4.85617 0.026264 0.000691282
4.8688 0.0262676 0.00028201
4.88148 0.0262653 -0.000178612
4.89441 0.0262569 -0.000645812
4.90753 0.0262429 -0.00107168
4.92068 0.026225 -0.00135995
4.93349 0.026206 -0.00148028
4.94611 0.0261877 -0.00144999
4.95875 0.0261714 -0.00128872
4.97155 0.0261579 -0.00105947
4.98467 0.0261478 -0.000765116
4.99835 0.0261425 -0.000392851
5.0127 0.0261434 6.31126e-05
5.02669 0.0261518 0.000600313
5.04054 0.0261682 0.00118782
5.05437 0.0261919 0.00171117
5.06799 0.0262211 0.00214472
5.08149 0.0262543 0.00245626
5.09493 0.0262897 0.00263465
5.10837 0.0263254 0.00265683
5.12144 0.0263576 0.00246424
5.13434 0.0263839 0.00203901
5.14721 0.0264027 0.00146196
5.16013 0.0264128 0.000780176
5.17323 0.026413 1.72217e-05
5.18631 0.0264026 -0.000794744
5.19935 0.026382 -0.00158309
5.21198 0.0263535 -0.00225399
5.22452 0.0263183 -0.00280484
5.23719 0.0262773 -0.00324315
5.25023 0.026231 -0.00354338
5.2637 0.0261821 -0.00363352
5.27768 0.0261335 -0.00347836
5.29168 0.0260905 -0.0030693
5.30574 0.0260565 -0.0024198
5.3201 0.0260338 -0.00158155
5.33446 0.0260254 -0.000580672
5.3484 0.026032 0.000474129
5.3621 0.0260525 0.00149194
5.37566 0.0260853 0.00242472
5.38912 0.026128 0.00316614
5.40237 0.0261763 0.00364821
5.41529 0.0262264 0.00387544
5.42807 0.0262756 0.00384878
5.44086 0.0263213 0.00357914
5.45363 0.0263612 0.0031177
5.46598 0.0263923 0.00251767
5.47832 0.0264146 0.00180996
5.49092 0.0264274 0.00102064
5.50357 0.0264299 0.000195438
5.51618 0.026422 -0.000629984
5.52834 0.0264055 -0.00135384
5.54009 0.026383 -0.00191423
5.5517 0.0263562 -0.00231571
5.56348 0.026326 -0.00255668
5.57574 0.0262937 -0.00263343
5.58828 0.026262 -0.00253226
5.60088 0.0262337 -0.00224212
5.61374 0.026211 -0.00177098
5.6271 0.0261959 -0.00113017
5.64113 0.0261907 -0.000364415
5.65518 0.0261968 0.000431277
5.66915 0.0262131 0.00116516
5.68262 0.0262372 0.00178695
5.69603 0.0262676 0.00227164
5.70983 0.0263032 0.00257668
5.7235 0.0263398 0.00267831
5.73707 0.0263751 0.0026036
5.75062 0.0264069 0.00234526
5.76418 0.0264326 0.00189296
5.77761 0.0264501 0.00130474
5.79065 0.0264589 0.000677301
5.80357 0.0264596 5.40996e-05
5.81662 0.0264521 -0.000578152
5.82943 0.0264372 -0.00116203
5.84181 0.0264168 -0.00164382
5.85399 0.0263924 -0.0020079
5.86625 0.0263648 -0.00224904
5.8789 0.026335 -0.00236076
5.8913 0.0263062 -0.00231976
5.90406 0.0262791 -0.00212403
5.91722 0.0262555 -0.00179098
5.93046 0.0262382 -0.00130861
5.94386 0.0262289 -0.000694756
5.95745 0.0262288 -2.64072e-06
5.97126 0.0262392 0.000747532
5.98482 0.026259 0.00146659
5.99776 0.0262863 0.00210525
6.01087 0.0263206 0.0026202
6.02443 0.0263603 0.00292652
6.03755 0.0263996 0.00299304
6.0508 0.026437 0.00282194
6.06358 0.0264689 0.0025007
6.07539 0.0264936 0.00209121
6.08667 0.0265118 0.001607
6.09766 0.0265233 0.00105316
6.10897 0.0265279 0.00040765
6.1209 0.0265245 -0.000291237
6.13291 0.0265127 -0.000984543
6.14477 0.0264932 -0.00163657
6.15659 0.0264668 -0.00223449
6.16846 0.0264344 -0.00272945
6.17998 0.0263991 -0.00306613
6.19127 0.0263623 -0.00325618
6.2028 0.0263245 -0.00328335
6.21457 0.0262878 -0.00311801
6.22636 0.0262552 -0.00276624
6.23812 0.0262287 -0.00225555
6.24993 0.0262096 -0.00161158
6.26161 0.0261995 -0.000865202
6.27304 0.0261985 -9.27587e-05
6.28429 0.0262054 0.000619635
6.29553 0.0262195 0.0012503
6.30701 0.0262398 0.00177371
6.31889 0.0262656 0.00216915
6.33132 0.0262968 0.00250828
6.34421 0.0263314 0.00268927
6.35691 0.0263649 0.00263325
6.36915 0.0263945 0.00241784
6.38051 0.0264183 0.00209279
6.39216 0.026437 0.00161149
6.4042 0.0264493 0.00101572
6.41702 0.0264535 0.00033034
6.43022 0.0264486 -0.000371257
6.44328 0.0264351 -0.00103687
6.45633 0.0264135 -0.00165333
