t x vx
0.01 0.0220011 0.000111415
0.02 0.0220039 0.000283496
0.0866347 0.0220977 0.00140709
0.150553 0.0222499 0.00238024
0.223717 0.0224938 0.00333388
0.300336 0.0228102 0.00413017
0.379644 0.0231842 0.00471492
0.460354 0.0235909 0.00503977
0.542047 0.0240056 0.00507591
0.623648 0.0243977 0.00480502
0.70477 0.02474 0.0042204
0.785352 0.0250085 0.00333127
0.865056 0.0251806 0.00215921
0.943756 0.0252381 0.000731167
1.02156 0.0251669 -0.000915273
1.09897 0.0249545 -0.00274451
1.17596 0.0245916 -0.00471294
1.25264 0.0240726 -0.00676798
1.32892 0.0233988 -0.00883383
1.40448 0.0225782 -0.0108602
1.47816 0.0216366 -0.0127784
1.54954 0.0206 -0.0145246
1.61729 0.0195133 -0.0160391
1.68142 0.0184034 -0.0173072
1.74222 0.0172913 -0.0182897
1.79999 0.0161975 -0.0189335
1.85484 0.0151465 -0.019163
1.9062 0.014177 -0.0188765
1.92533 0.0138159 -0.0188789
1.94288 0.0134861 -0.018784
1.9581 0.0132026 -0.0186331
1.97257 0.0129362 -0.0184041
1.98628 0.0126883 -0.018095
1.99932 0.0124575 -0.0176951
2.01174 0.0122439 -0.017195
2.02355 0.012048 -0.016585
2.03484 0.0118691 -0.0158494
2.04569 0.0117065 -0.0149756
2.05623 0.0115596 -0.0139462
