t x vx
0.01 0.0220007 7.0488e-05
0.02 0.0220018 0.000109476
0.0354924 0.0220051 0.000212843
0.0512827 0.0220104 0.000338967
0.0677725 0.0220185 0.000490609
0.0848654 0.0220299 0.000667509
0.102449 0.0220451 0.000864051
0.120373 0.0220646 0.00108562
0.138357 0.0220884 0.00132298
0.156248 0.0221171 0.00160659
0.174011 0.0221518 0.00195142
0.191521 0.0221937 0.00239094
0.208821 0.0222436 0.00288515
0.225763 0.0223012 0.00339902
0.242348 0.0223657 0.00389175
0.258785 0.0224387 0.00443947
0.274988 0.0225201 0.00502315
0.290164 0.022604 0.00553012
0.305801 0.0226977 0.00598919
0.321976 0.022801 0.00638773
0.33827 0.0229099 0.00668672
0.354477 0.0230221 0.00691923
0.370297 0.023134 0.00707328
0.385869 0.0232455 0.00716277
0.401486 0.0233577 0.00718649
0.417109 0.0234693 0.00713817
0.432712 0.0235762 0.00685248
0.448347 0.02368 0.00663848
0.464062 0.0237807 0.00641267
0.479882 0.0238781 0.00615295
0.495745 0.0239712 0.00587165
0.511578 0.0240594 0.00557046
0.527421 0.0241428 0.00526421
0.543304 0.0242218 0.00497017
0.559231 0.0242967 0.00470293
0.575219 0.0243684 0.00448653
0.591267 0.0244382 0.00435021
0.607375 0.0245078 0.00431868
0.623486 0.0245787 0.00440187
0.639559 0.0246526 0.00459779
0.655597 0.0247312 0.00490044
0.671575 0.0248157 0.00529
0.687494 0.0249071 0.00574088
0.703347 0.0250057 0.00622107
0.71913 0.0251113 0.00668866
0.734854 0.0252229 0.00710047
0.750539 0.0253392 0.00741522
0.766219 0.0254583 0.00759497
0.781937 0.0255779 0.00760662
0.797658 0.0256946 0.00742625
0.81336 0.0258051 0.00703688
0.82911 0.0259064 0.00643106
0.844562 0.0259938 0.00565304
0.859735 0.0260658 0.00474598
0.874741 0.0261221 0.00375003
0.889769 0.0261628 0.00271002
0.904599 0.0261879 0.00169479
0.919009 0.0261986 0.000744697
0.93345 0.0261965 -0.000148758
0.948067 0.0261824 -0.000961926
0.962878 0.0261579 -0.00165848
0.977804 0.0261248 -0.00221864
0.992856 0.0260852 -0.00262551
1.0081 0.0260414 -0.00287399
1.02361 0.0259957 -0.00294936
1.03944 0.0259508 -0.00283674
1.05549 0.0259101 -0.00253633
1.07148 0.0258772 -0.00205844
1.08737 0.0258546 -0.0014226
1.10308 0.025844 -0.00067482
1.11871 0.0258457 0.000114106
1.13431 0.0258596 0.00089185
1.14992 0.025885 0.0016247
1.16544 0.0259202 0.00226808
1.18091 0.0259632 0.00278021
1.19633 0.0260115 0.00313219
1.21172 0.0260624 0.00330632
1.22709 0.0261129 0.00328359
1.24247 0.0261594 0.00302764
1.25788 0.0261987 0.00255034
1.2732 0.0262275 0.0018795
1.28839 0.0262436 0.00105823
1.30347 0.0262455 0.000127876
1.31762 0.0262341 -0.000805441
1.33158 0.0262102 -0.00171083
1.34564 0.0261743 -0.00255528
1.36006 0.0261269 -0.00328759
1.37464 0.0260709 -0.00384048
1.38918 0.0260099 -0.00419499
1.40408 0.0259453 -0.00433787
1.41947 0.02588 -0.00424175
1.43506 0.0258198 -0.00385953
1.4509 0.0257683 -0.00325467
1.4669 0.0257283 -0.00250235
1.4828 0.0257023 -0.0016356
1.49818 0.0256915 -0.000695867
1.51369 0.0256962 0.000297237
1.52912 0.0257156 0.00126018
1.54462 0.0257482 0.00210547
1.56005 0.0257912 0.00278718
1.57529 0.0258406 0.00324137
1.59044 0.0258923 0.00340793
1.60567 0.0259423 0.00328315
1.62099 0.0259866 0.00289187
1.63582 0.0260203 0.00227407
1.65089 0.0260414 0.00140134
1.66579 0.0260467 0.000356773
1.68049 0.0260352 -0.000782248
1.6949 0.0260078 -0.00190422
1.70929 0.0259651 -0.00296368
1.72374 0.0259086 -0.0039117
1.73758 0.025844 -0.00467078
1.75125 0.0257727 -0.00521397
1.76528 0.0256949 -0.00554732
1.78 0.0256112 -0.00568432
1.79548 0.0255244 -0.00560342
1.81118 0.0254409 -0.00531998
1.82696 0.0253642 -0.00486764
1.84283 0.025297 -0.00422932
1.85843 0.0252438 -0.00341225
1.87426 0.0252045 -0.00248237
1.89033 0.0251803 -0.00150715
1.90658 0.0251709 -0.000577335
1.92297 0.0251748 0.000238953
1.93929 0.0251902 0.000944902
1.95543 0.0252151 0.00153966
1.97142 0.0252481 0.00206603
1.9873 0.0252859 0.00237866
2.00299 0.0253255 0.00252446
2.01857 0.0253652 0.00254679
2.03406 0.0254025 0.00241008
2.04956 0.0254358 0.00214734
2.06487 0.0254625 0.0017425
2.08026 0.0254804 0.00116383
2.09553 0.0254876 0.000475881
2.11088 0.0254833 -0.000283542
2.12549 0.0254684 -0.00101612
2.13967 0.0254446 -0.00167818
2.1539 0.0254126 -0.00225295
2.16838 0.0253737 -0.00268346
2.18314 0.025331 -0.00289776
2.19799 0.0252877 -0.00291181
2.21305 0.025247 -0.00270149
2.22817 0.0252124 -0.00228853
2.24334 0.0251866 -0.00170417
2.25873 0.0251713 -0.000992322
2.2744 0.025169 -0.000146191
2.29026 0.0251807 0.000737299
2.30597 0.0252059 0.00160445
2.32169 0.0252458 0.00253785
2.33722 0.0252998 0.00347789
2.35256 0.0253638 0.00417496
2.36778 0.0254352 0.00468765
2.38303 0.0255116 0.00500959
2.39838 0.02559 0.00510771
2.41366 0.0256655 0.00494264
2.42893 0.0257341 0.00449082
2.44435 0.025792 0.00375495
2.45959 0.0258355 0.00285104
2.47419 0.0258629 0.00187776
2.48914 0.0258748 0.00079537
2.50369 0.02587 -0.000329287
2.51792 0.0258492 -0.00146088
2.53253 0.0258118 -0.00255915
2.54584 0.0257655 -0.00347457
2.55914 0.0257087 -0.0042785
2.57283 0.0256406 -0.00496816
2.58702 0.0255624 -0.00550938
2.60178 0.0254757 -0.00587287
2.61714 0.0253842 -0.00595987
2.6328 0.0252951 -0.00568756
2.64869 0.0252147 -0.00506344
2.66471 0.0251478 -0.00417389
2.68088 0.0250989 -0.00302852
2.69685 0.0250716 -0.0017042
2.71231 0.0250668 -0.000316286
2.72758 0.0250836 0.0011046
2.74289 0.0251218 0.00249029
2.75791 0.0251785 0.00377959
2.77248 0.025252 0.00504405
2.78728 0.0253452 0.00629526
2.80187 0.0254528 0.00737634
2.81637 0.0255719 0.00821252
2.83093 0.0256987 0.00871126
2.84556 0.0258275 0.00879939
2.85991 0.0259495 0.00850225
2.87411 0.0260607 0.00783602
2.88834 0.0261581 0.00684302
2.90283 0.0262379 0.00550521
2.91765 0.0262951 0.00385927
2.93162 0.0263251 0.00214975
2.94605 0.0263297 0.000316973
2.95985 0.02631 -0.00142209
2.97364 0.0262678 -0.00306625
2.98748 0.0262048 -0.0045494
3.0003 0.0261314 -0.0057262
3.01343 0.0260436 -0.0066873
3.02737 0.0259399 -0.00744033
3.04209 0.0258227 -0.00796342
3.05736 0.0256976 -0.00818945
3.07274 0.0255744 -0.00801225
3.08844 0.0254579 -0.00741803
3.10426 0.0253558 -0.0064536
3.12016 0.0252737 -0.00516351
3.13589 0.0252163 -0.00364871
3.15108 0.0251851 -0.00205256
3.16618 0.0251789 -0.000410477
3.18107 0.0251957 0.00112905
3.19631 0.0252356 0.00261313
3.21068 0.0252917 0.00390246
3.22491 0.0253622 0.00496111
3.23929 0.025446 0.00582646
3.25353 0.025537 0.0063858
3.26781 0.0256322 0.00667196
3.28218 0.0257276 0.00663855
3.29672 0.0258186 0.00625683
3.31103 0.0258981 0.00555654
3.32522 0.0259624 0.00453001
3.33949 0.0260082 0.00320965
3.35416 0.0260313 0.00157153
3.36845 0.0260291 -0.000154741
3.38245 0.0260028 -0.00187301
3.39667 0.0259533 -0.00348485
3.41128 0.0258815 -0.00491305
3.42563 0.0257945 -0.00606771
3.44026 0.0256923 -0.0069799
3.45414 0.0255876 -0.00754869
3.46808 0.0254792 -0.00776853
3.48243 0.0253697 -0.00763653
3.49771 0.0252615 -0.00707905
3.51296 0.0251683 -0.00611447
3.52853 0.0250934 -0.00480812
3.54375 0.0250434 -0.00328175
3.5595 0.0250197 -0.00150965
3.57523 0.0250266 0.000440517
3.59104 0.0250663 0.00250925
3.60676 0.025139 0.00462842
3.6223 0.0252417 0.00660697
3.63782 0.0253715 0.0083606
3.65315 0.0255218 0.00981184
3.66844 0.0256875 0.0108379
3.68351 0.0258595 0.0114076
3.6985 0.0260318 0.011496
3.7132 0.0261947 0.0110811
3.72764 0.0263419 0.0101878
3.74189 0.0264675 0.00881924
3.75594 0.0265664 0.00703766
3.76995 0.0266349 0.00488933
3.78373 0.0266693 0.00249689
3.79749 0.0266676 -0.000123601
3.8109 0.0266296 -0.00283579
3.82334 0.0265631 -0.00534329
3.8351 0.026473 -0.00765682
3.84643 0.0263621 -0.00979302
3.85751 0.0262323 -0.0117105
3.86852 0.0260851 -0.0133753
3.87957 0.0259218 -0.0147775
3.89077 0.0257439 -0.0158829
3.90222 0.0255533 -0.0166367
3.91402 0.025353 -0.0169799
3.92624 0.0251471 -0.0168539
3.93894 0.0249408 -0.016238
3.95218 0.0247416 -0.0150519
3.96598 0.0245591 -0.0132181
3.9804 0.0244039 -0.0107639
3.9953 0.0242884 -0.00775204
4.01008 0.0242244 -0.00432965
4.02527 0.0242172 -0.000473833
4.04019 0.0242696 0.00351071
4.05559 0.0243873 0.00764404
4.07012 0.024555 0.0115397
4.08471 0.0247753 0.0150978
4.09954 0.0250438 0.0181129
4.11403 0.0253368 0.0202227
4.12819 0.0256395 0.0213773
4.14228 0.0259438 0.0215874
4.15646 0.026239 0.020817
4.17033 0.0265049 0.0191669
4.18399 0.0267333 0.0167339
4.1972 0.026914 0.0136688
4.21051 0.0270466 0.00996753
4.2243 0.0271226 0.00551066
4.23785 0.0271315 0.000659801
4.25099 0.0270746 -0.00432991
4.26422 0.0269507 -0.00936814
4.27777 0.0267564 -0.0143393
4.29155 0.026495 -0.0189625
4.30543 0.0261767 -0.0229302
4.31891 0.0258247 -0.02612
4.3328 0.0254271 -0.0286308
4.34779 0.0249725 -0.030317
4.36292 0.0245037 -0.0309938
4.3781 0.0240391 -0.0305958
4.39329 0.0235974 -0.0290886
4.40802 0.0232054 -0.0266188
4.42283 0.0228626 -0.0231448
4.43765 0.0225846 -0.0187557
4.45231 0.0223825 -0.0137867
4.46712 0.022261 -0.00819831
4.48132 0.0222276 -0.00235261
4.49561 0.0222798 0.00364894
4.50982 0.0224152 0.00953307
4.52428 0.0226354 0.0152315
4.53872 0.0229285 0.0202998
4.5531 0.0232792 0.0243878
4.56711 0.023663 0.0273803
4.58087 0.0240649 0.0292166
4.59462 0.0244749 0.029809
4.60844 0.0248772 0.0291253
4.62234 0.0252536 0.0270857
4.63606 0.0255819 0.0239204
4.65006 0.0258562 0.0195834
4.66373 0.0260551 0.0145541
4.67727 0.0261759 0.00892376
4.69017 0.0262151 0.00303732
4.70328 0.0261745 -0.00309482
4.71659 0.0260516 -0.00923156
4.7295 0.0258602 -0.0148223
4.74228 0.0256084 -0.0197084
4.75554 0.025289 -0.0240844
4.76902 0.0249161 -0.0276597
4.78179 0.0245304 -0.0302146
4.7951 0.0241058 -0.031897
4.80929 0.0236449 -0.0324812
4.82421 0.0231708 -0.031769
4.83954 0.0227163 -0.0296642
4.8547 0.022319 -0.0262048
4.8687 0.0220111 -0.021991
4.88314 0.0217684 -0.0168021
4.89747 0.0216112 -0.0109725
4.91194 0.0215452 -0.00456056
4.92565 0.0215702 0.00182204
4.93968 0.021686 0.00825363
4.95329 0.0218802 0.0142669
4.96723 0.0221576 0.0199077
4.9811 0.0225008 0.024739
4.99526 0.0229079 0.0287387
5.00903 0.023342 0.0315303
5.02271 0.0237955 0.0331697
5.03664 0.0242628 0.0335418
5.0511 0.0247333 0.0325347
5.06496 0.0251516 0.03017
5.07886 0.02552 0.0265118
5.0924 0.0258157 0.0218445
5.10622 0.0260408 0.0162831
5.12012 0.0261803 0.010034
5.13345 0.0262286 0.00362469
5.14709 0.0261863 -0.00310144
5.16069 0.0260563 -0.00956237
5.17368 0.0258575 -0.0153036
5.18679 0.0255889 -0.0204882
5.19952 0.0252731 -0.0248039
5.21413 0.0248543 -0.0286609
5.22897 0.0243885 -0.0313966
5.24381 0.0239005 -0.0328776
5.25859 0.0234125 -0.0330194
5.27377 0.0229301 -0.0317829
5.28874 0.022493 -0.0291967
5.3037 0.0221143 -0.0253087
5.31811 0.0218178 -0.020574
5.33248 0.0216027 -0.0149673
5.34643 0.0214788 -0.00888922
5.36085 0.0214478 -0.00214517
5.37508 0.0215137 0.00462987
5.38952 0.0216775 0.0113456
5.40353 0.0219232 0.0175284
5.41729 0.0222397 0.0229992
5.43157 0.0226356 0.0277349
5.44556 0.0230745 0.0313725
5.45931 0.0235399 0.0338497
5.47308 0.0240238 0.0351252
5.4873 0.0245222 0.0350585
5.50166 0.0250036 0.0335168
5.51558 0.0254294 0.0306004
5.53008 0.0258092 0.0261933
5.54325 0.0260875 0.0211257
5.55693 0.0262949 0.0151565
5.57046 0.0264123 0.00868268
5.58275 0.0264423 0.00243603
5.59595 0.0263866 -0.00421712
5.60918 0.0262457 -0.0106533
5.62246 0.0260263 -0.0165221
5.6354 0.0257474 -0.0215579
5.64826 0.0254158 -0.025787
5.66274 0.0249891 -0.029454
5.67701 0.0245335 -0.0319317
5.69188 0.0240397 -0.0332167
5.70665 0.0235503 -0.0331189
5.72191 0.0230678 -0.0316317
5.73689 0.0226363 -0.0287972
5.7515 0.0222741 -0.0247977
5.76633 0.021981 -0.0197551
5.78069 0.0217801 -0.0140009
5.79478 0.0216709 -0.00775028
5.80923 0.0216573 -0.000941143
5.82347 0.0217403 0.00583002
5.8374 0.0219113 0.0122848
5.85142 0.0221689 0.0183655
5.86546 0.0225025 0.0237596
5.87991 0.0229116 0.0283134
5.89384 0.0233527 0.0316766
5.90761 0.0238193 0.0338693
5.92142 0.0243 0.0348227
5.93572 0.0247919 0.0343841
5.95001 0.0252551 0.0324311
5.96394 0.0256611 0.0291303
5.97817 0.026009 0.0244572
5.99171 0.0262665 0.0190202
6.00525 0.0264412 0.0129039
6.01804 0.0265261 0.00662807
6.03058 0.0265288 0.000215711
6.04368 0.0264454 -0.00636593
6.05782 0.0262606 -0.0130698
6.07151 0.0260015 -0.0189141
6.08423 0.0257001 -0.0236994
6.09782 0.0253213 -0.0278859
6.11249 0.0248625 -0.0312601
6.12689 0.0243813 -0.0334224
6.14157 0.023877 -0.0343655
6.15645 0.0233715 -0.0339574
6.17153 0.0228863 -0.0321829
6.18661 0.0224483 -0.029038
6.20088 0.0220928 -0.0249253
6.21566 0.0218014 -0.0197094
6.23015 0.0216018 -0.0137741
6.24466 0.0214961 -0.00728622
6.25878 0.021488 -0.000571837
6.27299 0.0215755 0.00616028
6.28655 0.0217437 0.0123959
6.30066 0.022003 0.0183889
6.31456 0.0223305 0.0235538
6.32893 0.0227317 0.0279162
6.34275 0.0231605 0.0310366
6.35643 0.0236121 0.0330095
6.37031 0.0240803 0.0337257
6.38463 0.0245539 0.0330725
6.39891 0.0249957 0.0309501
6.4129 0.0253808 0.0275216
6.4272 0.0257062 0.0227596
6.44117 0.0259461 0.0171743
6.45499 0.0260984 0.0110167
6.46795 0.0261606 0.00480273
6.48175 0.026133 -0.00200533
6.49515 0.0260196 -0.00846294
6.5087 0.0258221 -0.0145817
6.52219 0.0255512 -0.0200643
6.53528 0.025229 -0.0246315
6.54951 0.0248226 -0.028546
6.56424 0.0243592 -0.0314584
6.57873 0.0238794 -0.0331097
6.59345 0.0233868 -0.0334686
6.60855 0.0228968 -0.0324584
6.62352 0.0224466 -0.0300754
6.63877 0.022046 -0.0262656
6.65293 0.0217388 -0.0216982
6.66727 0.0215067 -0.016181
6.68134 0.0213646 -0.0100994
6.69576 0.0213158 -0.00338573
6.70956 0.0213607 0.00325415
6.72399 0.0215054 0.0100196
6.7381 0.0217356 0.0163195
6.75182 0.0220358 0.0218916
6.766 0.0224155 0.0267613
6.78013 0.022848 0.0306088
6.79393 0.0233073 0.0332839
6.80775 0.0237876 0.0347737
6.82192 0.0242831 0.0349391
6.83628 0.0247663 0.0336598
6.85048 0.0252056 0.0309344
6.86501 0.0255945 0.0267597
6.87844 0.025887 0.0217882
6.89232 0.0261075 0.0158881
6.90603 0.026237 0.00944279
6.91885 0.0262758 0.00302444
6.93209 0.0262272 -0.00366766
6.94566 0.026088 -0.0102592
6.95879 0.0258766 -0.0160943
6.97182 0.0256003 -0.0212069
6.98457 0.0252755 -0.0254708
6.99907 0.0248516 -0.0292336
7.0133 0.0243993 -0.0317888
7.02801 0.0239114 -0.03316
7.04279 0.0234214 -0.0331532
7.05804 0.0229374 -0.0317451
7.07303 0.0225029 -0.0289809
7.08776 0.0221348 -0.02499
7.10246 0.0218407 -0.020011
7.11682 0.0216359 -0.0142639
7.13079 0.0215234 -0.00805489
7.14532 0.0215059 -0.00119986
7.1595 0.021585 0.00557558
7.17352 0.0217547 0.0121009
7.18751 0.0220094 0.0182142
7.20151 0.0223407 0.0236597
7.21601 0.0227512 0.0283105
7.22997 0.0231946 0.0317687
7.24376 0.0236645 0.0340707
7.25763 0.0241519 0.0351481
7.27197 0.0246516 0.0348341
7.28632 0.0251254 0.0330104
