t x vx
0.01 0.0164884 -0.00115686
0.02 0.0164531 -0.00353168
0.0268938 0.016417 -0.00524124
0.0341998 0.0163654 -0.00705407
0.0416328 0.0162994 -0.00888169
0.0491863 0.0162188 -0.0106733
0.0567803 0.016125 -0.0123491
0.0644106 0.0160193 -0.0138628
0.0720233 0.0159044 -0.015089
0.0796461 0.0157829 -0.0159351
0.0872734 0.0156588 -0.0162745
0.0948704 0.0155361 -0.0161475
0.102436 0.0154183 -0.0155676
0.109894 0.0153105 -0.0144534
0.117097 0.0152171 -0.0129769
0.12391 0.0151398 -0.0113345
0.130803 0.0150745 -0.00948116
0.137957 0.0150219 -0.00735705
0.144907 0.0149855 -0.00522666
0.151806 0.0149635 -0.00319498
0.158859 0.0149553 -0.0011674
0.165954 0.0149613 0.00085412
0.173143 0.0149803 0.00263418
0.181018 0.0150144 0.00433831
0.188675 0.0150585 0.00575268
0.196291 0.0151114 0.00694785
0.204075 0.0151735 0.00798185
0.211658 0.0152399 0.00875155
0.218993 0.0153076 0.00922799
0.226571 0.0153781 0.00930539
0.234068 0.0154451 0.00894245
0.241451 0.0155055 0.00818084
0.248755 0.0155571 0.00706523
0.25595 0.0155978 0.00565137
0.262967 0.0156257 0.00398498
0.269597 0.0156403 0.00218825
0.276328 0.0156421 0.000281
0.282748 0.0156321 -0.00156081
0.2894 0.0156092 -0.00344192
0.295974 0.0155752 -0.00518054
0.302518 0.015531 -0.00675551
0.309125 0.0154765 -0.00823867
0.315845 0.0154126 -0.00951746
0.322691 0.0153402 -0.0105676
0.329665 0.0152617 -0.0112564
0.336591 0.0151816 -0.0115752
0.343519 0.0151021 -0.0114672
0.350505 0.0150262 -0.0108678
0.357461 0.0149578 -0.00982664
0.364261 0.0149005 -0.00843134
0.371034 0.014855 -0.00671403
0.377705 0.0148231 -0.00477977
0.383819 0.0148052 -0.00292815
0.389889 0.014799 -0.00103461
0.396368 0.0148055 0.00101614
0.402857 0.0148252 0.00303289
0.409524 0.0148588 0.00503478
0.416194 0.0149051 0.00693994
0.423014 0.0149644 0.00870229
0.430212 0.0150387 0.0103222
0.437684 0.0151264 0.0117344
0.445159 0.0152224 0.0128473
0.4525 0.0153225 0.0136295
0.459733 0.0154242 0.0140594
0.46687 0.0155249 0.0141058
0.473921 0.015622 0.0137752
0.480827 0.0157127 0.0131283
0.487566 0.015795 0.0122166
0.494251 0.0158691 0.011094
0.5009 0.0159346 0.00984249
0.507487 0.0159904 0.00846738
0.514032 0.016036 0.00697974
0.520568 0.0160717 0.00545075
0.52713 0.0160973 0.00391274
0.53375 0.0161133 0.0024054
0.540468 0.0161198 0.000969828
0.547321 0.0161174 -0.000347569
0.554227 0.016107 -0.00150706
0.561195 0.0160895 -0.00250915
0.568261 0.0160664 -0.00326829
0.575393 0.0160399 -0.0037172
0.582608 0.0160124 -0.0038119
0.589963 0.0159862 -0.00356795
0.597196 0.0159642 -0.00304212
0.604299 0.0159487 -0.00218132
0.61132 0.0159413 -0.00104605
0.618111 0.0159429 0.000236268
0.624988 0.0159542 0.001643
0.631795 0.0159755 0.00311962
0.638434 0.0160057 0.00455132
0.645006 0.0160451 0.00599813
0.651321 0.0160917 0.00737243
0.657275 0.0161425 0.00853925
0.663684 0.0162038 0.00956523
0.670623 0.0162764 0.01047
0.677432 0.0163522 0.0111245
0.684349 0.0164318 0.0115103
0.691325 0.0165129 0.0116283
0.698433 0.0165942 0.0114296
0.705729 0.0166742 0.0109649
0.712805 0.0167464 0.0102047
0.719647 0.0168092 0.00917785
0.726499 0.0168638 0.00796704
0.733087 0.0169082 0.0067453
0.739788 0.0169442 0.00536923
0.746347 0.0169702 0.00396051
0.75278 0.0169866 0.00255679
0.759191 0.0169943 0.00119611
0.765706 0.0169938 -7.57519e-05
0.772091 0.0169866 -0.00112566
0.778509 0.0169737 -0.00201213
0.785018 0.0169557 -0.00275748
0.7918 0.0169331 -0.00333294
0.798852 0.0169072 -0.00367754
0.806196 0.0168794 -0.00378192
0.813491 0.0168524 -0.00370074
0.820684 0.0168277 -0.0034313
0.827622 0.0168071 -0.00298025
0.834773 0.0167906 -0.0023093
0.841862 0.0167799 -0.00150115
0.848746 0.0167754 -0.00064891
0.855639 0.0167772 0.000252434
0.862509 0.0167854 0.00119635
0.869418 0.0168005 0.00217943
0.876209 0.0168223 0.00321144
0.882901 0.0168506 0.00424064
0.889447 0.0168849 0.00523492
0.896035 0.0169253 0.00612984
0.902748 0.0169723 0.00700289
0.909576 0.0170256 0.00780948
0.916406 0.0170831 0.00841738
0.923293 0.0171437 0.00879816
0.93018 0.017205 0.00889301
0.937105 0.0172653 0.00870755
0.944144 0.0173241 0.00836197
0.951269 0.0173803 0.0078865
0.95853 0.0174329 0.00723592
0.965707 0.0174788 0.00639702
0.973031 0.0175185 0.00542073
0.980115 0.0175502 0.00448442
0.987202 0.0175754 0.00355249
0.994287 0.0175938 0.00258916
1.00127 0.0176049 0.00160278
1.0081 0.0176093 0.000642997
1.0149 0.0176075 -0.000266992
1.02159 0.0176006 -0.0010276
1.02812 0.0175898 -0.0016601
1.03478 0.0175752 -0.00219486
1.04145 0.0175583 -0.00253716
1.04821 0.0175403 -0.00266325
1.05512 0.0175222 -0.0026124
1.06225 0.0175054 -0.00235301
1.06909 0.0174924 -0.00191245
1.07605 0.0174832 -0.00132206
1.08317 0.0174787 -0.000629107
1.09024 0.0174798 0.000163195
1.09724 0.0174866 0.000972993
1.10417 0.0174988 0.00175332
1.11115 0.0175161 0.00247759
1.11771 0.0175362 0.00306112
1.12454 0.0175609 0.00362058
1.13107 0.0175875 0.00407281
1.1377 0.0176169 0.0044377
1.14455 0.0176495 0.00474958
1.15158 0.0176846 0.00499827
1.15877 0.0177217 0.00516128
1.16605 0.0177593 0.00516668
1.17319 0.017795 0.00499925
1.18013 0.0178278 0.00472762
1.18716 0.0178581 0.00430822
1.19419 0.0178845 0.0037576
1.20112 0.0179063 0.00314066
1.20787 0.0179236 0.00256572
1.21459 0.0179373 0.00204737
1.22134 0.017948 0.00157687
1.22817 0.0179557 0.00113326
1.23511 0.017961 0.000755984
1.24204 0.0179642 0.000469899
1.24887 0.0179661 0.000270594
1.25571 0.0179674 0.000184943
1.26266 0.0179688 0.000214441
1.26972 0.0179713 0.000347976
1.27696 0.0179754 0.000572255
1.28433 0.0179818 0.000855852
1.29162 0.0179904 0.00118698
1.2989 0.0180016 0.00153379
1.30626 0.0180153 0.00187096
1.31358 0.018031 0.00214538
1.32084 0.0180481 0.00234968
1.32782 0.0180652 0.00244975
1.33459 0.0180817 0.00243988
1.34125 0.0180973 0.0023348
1.3479 0.0181115 0.00213569
1.35466 0.0181242 0.00187889
1.36148 0.0181352 0.00161517
1.36821 0.0181445 0.00137962
1.37491 0.0181522 0.00114996
1.38164 0.0181585 0.000942802
1.38863 0.0181639 0.000774203
1.39581 0.0181687 0.000661555
1.40316 0.0181731 0.000599697
1.41071 0.0181774 0.000569596
1.41831 0.0181816 0.00055873
1.4258 0.0181858 0.000551877
1.43313 0.0181897 0.000539496
1.44038 0.0181935 0.000514471
1.44756 0.0181967 0.000445581
1.45476 0.018199 0.000324137
1.46194 0.0182003 0.000188791
1.46906 0.0182009 7.23692e-05
1.47621 0.0182007 -2.5252e-05
1.4834 0.0181998 -0.000119369
1.49046 0.0181984 -0.000194348
1.49728 0.0181969 -0.000225675
1.50378 0.0181958 -0.000167424
1.51021 0.0181957 -1.87501e-05
1.51691 0.0181973 0.000232084
1.52382 0.0182009 0.000531921
1.53098 0.018207 0.000845058
1.5384 0.018215 0.00107855
1.54572 0.0182249 0.0013523
1.55298 0.0182367 0.00162271
1.56019 0.0182491 0.00173136
1.56721 0.0182614 0.00174093
1.57408 0.0182735 0.00176734
1.58083 0.0182852 0.00173954
1.58748 0.0182962 0.00165058
1.59406 0.0183061 0.00150643
1.60059 0.0183145 0.00128234
1.60708 0.0183212 0.00103254
1.61354 0.0183263 0.000783538
1.61999 0.0183298 0.000540865
1.62643 0.0183316 0.000287983
1.63285 0.0183319 4.86889e-05
1.63926 0.0183309 -0.000166776
1.64565 0.0183286 -0.000358456
1.65203 0.0183255 -0.000483361
1.65839 0.0183218 -0.000578984
1.66476 0.0183177 -0.000637987
1.67114 0.0183136 -0.000646247
1.67756 0.0183097 -0.000611185
1.684 0.0183063 -0.000532955
1.69037 0.0183033 -0.000470907
1.69671 0.0183004 -0.000456257
1.70307 0.0182973 -0.000476078
1.70946 0.0182939 -0.000540615
1.71592 0.01829 -0.000599547
1.72246 0.0182862 -0.000589697
1.7291 0.0182825 -0.000543329
1.73586 0.0182795 -0.000455969
1.74276 0.0182767 -0.000393881
1.74981 0.0182743 -0.00034748
1.75666 0.0182721 -0.000322037
1.76322 0.0182702 -0.000283725
1.77002 0.0182685 -0.000248836
1.77728 0.018267 -0.000208984
1.7846 0.0182652 -0.000247002
1.79196 0.0182619 -0.000445057
1.79934 0.0182564 -0.000744348
1.8067 0.0182484 -0.00109857
1.81364 0.0182383 -0.00144248
1.82101 0.0182252 -0.00178172
1.82835 0.0182098 -0.00209602
1.8357 0.0181926 -0.00234182
1.84298 0.018174 -0.00255276
1.85025 0.0181546 -0.00267904
1.8574 0.0181348 -0.00276122
1.86426 0.0181156 -0.00279659
1.87113 0.0180968 -0.00274797
1.87821 0.0180783 -0.00261159
1.88536 0.0180609 -0.0024274
1.89269 0.0180448 -0.00220132
1.90009 0.0180306 -0.0019122
1.90752 0.0180189 -0.00158288
1.91496 0.0180096 -0.00124813
1.92232 0.0180027 -0.000938366
1.92962 0.0179976 -0.000687305
1.93672 0.0179945 -0.000435675
1.94352 0.0179933 -0.00018766
1.95013 0.0179938 7.4611e-05
1.95669 0.0179961 0.00034796
1.96334 0.0179999 0.000585151
1.97013 0.0180056 0.000838121
1.97688 0.0180128 0.00106063
1.9836 0.0180207 0.00118204
1.99046 0.0180297 0.00130508
1.99722 0.0180388 0.00134134
2.00395 0.0180476 0.00131264
2.01096 0.0180566 0.00128093
2.01838 0.0180655 0.00120398
2.02524 0.0180736 0.00117615
2.03242 0.0180816 0.00111703
2.03958 0.0180887 0.000992455
2.04669 0.0180947 0.000841272
2.05369 0.0180992 0.000646513
2.06062 0.0181019 0.000383793
2.06761 0.0181028 0.000129424
2.07479 0.0181018 -0.00013581
2.08206 0.0180986 -0.000443989
2.0892 0.0180929 -0.000796671
2.09627 0.0180846 -0.0011654
2.10341 0.0180737 -0.00153785
2.1103 0.0180608 -0.00185999
2.11714 0.0180464 -0.00211457
2.12403 0.0180306 -0.00229205
2.13108 0.0180139 -0.00237444
2.13827 0.0179971 -0.00233513
2.14557 0.0179813 -0.00216359
2.15276 0.0179677 -0.00188212
2.15984 0.0179568 -0.00154314
2.16685 0.017949 -0.00110846
2.17368 0.0179447 -0.000633172
2.18007 0.0179436 -0.00017633
2.18626 0.0179453 0.00028265
2.19254 0.0179499 0.000724444
2.19898 0.0179571 0.00112233
2.20538 0.0179661 0.00141121
2.21196 0.0179764 0.00156472
2.21872 0.0179874 0.00162982
2.22569 0.0179986 0.00159456
2.23292 0.0180092 0.00146293
2.24025 0.0180181 0.00122538
2.24751 0.0180247 0.000905647
2.25468 0.0180281 0.000477787
2.26142 0.0180281 -7.34603e-06
2.26797 0.0180248 -0.000494688
2.27475 0.0180182 -0.000974334
2.28144 0.0180089 -0.00139408
2.28819 0.0179973 -0.00172314
2.2952 0.0179836 -0.00194617
2.3021 0.0179695 -0.00204534
2.30893 0.0179559 -0.001989
2.31581 0.0179436 -0.00179404
2.32284 0.0179331 -0.00149343
2.32984 0.0179255 -0.00108448
2.33686 0.0179215 -0.000576622
2.34397 0.0179213 -2.06833e-05
2.35123 0.0179254 0.00056584
2.35868 0.0179341 0.00116328
2.36618 0.0179469 0.00170813
2.37364 0.0179628 0.00213231
2.38107 0.0179808 0.00242281
2.38841 0.0179997 0.00257515
2.39537 0.0180177 0.00258207
2.40202 0.0180342 0.00248143
2.40857 0.0180495 0.0023429
2.41531 0.0180644 0.00220234
2.42222 0.0180785 0.00204207
2.42913 0.018091 0.00181971
2.43563 0.0181013 0.00157214
2.4422 0.0181096 0.00126195
2.44852 0.0181155 0.000947374
2.45499 0.0181198 0.000661219
2.46173 0.0181223 0.000374439
2.46849 0.0181228 6.83062e-05
2.4757 0.0181208 -0.00028122
2.48329 0.0181155 -0.000701947
2.49082 0.018107 -0.00111838
2.49822 0.0180961 -0.00148049
2.50563 0.018083 -0.00176578
2.51297 0.0180684 -0.00198434
2.52036 0.0180526 -0.00213686
2.52767 0.0180366 -0.0021924
2.53456 0.0180217 -0.00215956
2.54124 0.018008 -0.00204841
2.54785 0.0179958 -0.00185908
2.55458 0.0179853 -0.00155168
2.56146 0.0179774 -0.00114668
2.56842 0.0179724 -0.000720864
2.57541 0.0179702 -0.0003112
2.58241 0.0179709 9.31335e-05
2.58939 0.0179741 0.000466193
2.59634 0.0179801 0.000855553
2.60329 0.0179886 0.00123119
2.61025 0.0179991 0.00150006
2.61726 0.0180106 0.00163729
2.62431 0.0180217 0.00158779
2.63119 0.0180314 0.00140806
2.63797 0.0180389 0.0011027
2.64468 0.0180435 0.000690629
2.65139 0.0180448 0.000191907
2.65817 0.0180426 -0.000331195
2.66505 0.0180368 -0.00084006
2.67198 0.0180278 -0.00129468
2.67896 0.0180161 -0.00168191
2.68587 0.0180026 -0.00195796
2.69264 0.0179883 -0.00210175
2.69928 0.0179743 -0.00211129
2.70601 0.017961 -0.00197294
2.71289 0.0179494 -0.00169177
2.7199 0.0179404 -0.0012898
2.72712 0.0179345 -0.000810387
2.73434 0.0179327 -0.000254845
2.74147 0.0179353 0.000365413
2.74849 0.0179416 0.000896812
2.75541 0.0179506 0.00130545
2.76226 0.017962 0.00167049
2.76909 0.0179757 0.00200245
2.77591 0.0179912 0.00226238
2.7827 0.0180077 0.00243394
2.78946 0.0180245 0.00248795
2.79619 0.0180406 0.00239373
2.80292 0.0180553 0.00219104
2.80966 0.0180681 0.0018889
2.81642 0.018078 0.00147474
2.82318 0.0180847 0.000985832
2.82997 0.0180878 0.00045207
2.83679 0.018087 -0.000113733
2.84365 0.0180824 -0.000674746
2.85053 0.0180742 -0.0011926
2.85744 0.0180627 -0.00166074
2.86432 0.0180487 -0.00204066
2.8713 0.0180324 -0.00232901
2.87838 0.0180147 -0.00250539
2.88563 0.0179962 -0.00254412
2.8929 0.0179784 -0.00245466
2.90017 0.0179621 -0.0022395
2.90749 0.0179483 -0.0018819
2.91484 0.0179379 -0.0014214
2.92204 0.0179314 -0.000903666
2.9291 0.0179287 -0.000371688
2.93603 0.0179301 0.000194305
2.94293 0.0179354 0.000767399
2.94975 0.0179442 0.00129441
2.95655 0.0179561 0.00175249
2.96325 0.0179703 0.00211134
2.96977 0.0179855 0.0023357
2.97634 0.0180014 0.00241899
2.98301 0.0180171 0.0023594
2.98984 0.0180321 0.00218714
2.99682 0.0180455 0.00192871
3.00391 0.018057 0.001614
3.0111 0.018066 0.00125783
3.01811 0.0180721 0.000861106
3.02524 0.0180748 0.000388691
3.03199 0.0180739 -0.000144453
3.03857 0.0180693 -0.000686363
3.04516 0.0180614 -0.00120302
3.05175 0.0180506 -0.00163815
3.05835 0.0180377 -0.00194918
3.06504 0.0180235 -0.00213569
3.07209 0.0180078 -0.00221671
3.07947 0.0179918 -0.00217489
3.08684 0.0179772 -0.00197398
3.09422 0.0179653 -0.00161845
3.10159 0.0179568 -0.00115069
3.10905 0.0179519 -0.000661494
3.11645 0.0179508 -0.000147014
3.12385 0.0179535 0.00036428
3.13098 0.0179593 0.000820804
3.13818 0.0179683 0.00124929
3.14543 0.01798 0.00161365
3.15228 0.0179929 0.00188122
3.15891 0.0180069 0.00210053
3.16545 0.0180213 0.00220354
3.17217 0.0180362 0.00222621
3.17897 0.0180517 0.0022772
3.18579 0.0180674 0.00230611
3.19272 0.0180831 0.00226697
3.19971 0.0180982 0.00215391
3.20685 0.0181122 0.00196035
3.21397 0.0181244 0.00171536
3.22094 0.018134 0.00137814
3.2279 0.0181408 0.000979417
3.23503 0.0181446 0.000531857
3.24238 0.0181447 6.31473e-06
3.24957 0.0181405 -0.000581248
3.25686 0.0181318 -0.00118981
3.26428 0.0181189 -0.00174498
3.27179 0.0181023 -0.00221233
3.27924 0.0180832 -0.00256191
3.28637 0.0180636 -0.00274362
3.29313 0.018045 -0.00275333
3.29963 0.018028 -0.00260953
3.30619 0.0180129 -0.00231129
3.31285 0.0180004 -0.00187154
3.31977 0.0179915 -0.00127816
3.32704 0.0179874 -0.000571105
3.33429 0.0179887 0.000180559
3.34147 0.0179954 0.000933891
3.34855 0.0180072 0.00166385
3.35545 0.0180235 0.0023669
3.36217 0.0180431 0.0029099
3.36874 0.0180651 0.00334313
3.37524 0.0180895 0.00376971
3.38175 0.0181164 0.00413068
3.38837 0.0181448 0.00428429
3.39507 0.0181733 0.00425634
3.40182 0.0182005 0.0040186
3.40865 0.0182246 0.00353792
3.41558 0.0182443 0.00283667
3.42246 0.0182575 0.00192781
3.42941 0.0182638 0.000901613
3.43649 0.0182623 -0.000208374
3.44355 0.0182528 -0.00134493
3.45023 0.0182369 -0.00239192
3.45681 0.0182151 -0.00330229
3.46314 0.0181897 -0.00402148
3.46965 0.01816 -0.00456053
3.47643 0.0181269 -0.00487396
