t x vx
0.01 0.0165001 5.89626e-06
0.02 0.0165007 6.01726e-05
0.0309576 0.0165019 0.000117403
0.0423882 0.0165041 0.000188891
0.0542929 0.0165073 0.000269346
0.0664914 0.0165117 0.000362078
0.0788496 0.0165175 0.000463992
0.0913143 0.0165245 0.000562653
0.103838 0.0165329 0.000669165
0.11639 0.0165426 0.000777578
0.128954 0.0165533 0.000851075
0.141401 0.0165647 0.000912733
0.153602 0.0165763 0.000954291
0.165411 0.0165875 0.000947743
0.177208 0.0165987 0.000948446
0.188819 0.0166104 0.00100954
0.200347 0.0166233 0.00111684
0.212136 0.0166374 0.00119479
0.223867 0.0166521 0.00125839
0.236096 0.0166696 0.00142516
0.248423 0.0166897 0.00162943
0.260843 0.0167124 0.00183536
0.273261 0.0167375 0.00201332
0.285611 0.0167642 0.00216739
0.297883 0.0167927 0.00232012
0.310007 0.0168225 0.00246249
0.321981 0.0168531 0.00255498
0.333721 0.0168834 0.00257369
0.345059 0.0169122 0.00254245
0.355607 0.0169379 0.00244266
0.366676 0.0169634 0.00229906
0.377928 0.0169877 0.00216012
0.38906 0.0170103 0.00203306
0.400207 0.0170318 0.00192309
0.411384 0.0170521 0.00181478
0.422578 0.017071 0.00169275
0.433807 0.0170885 0.00155987
0.445097 0.0171043 0.00139473
0.456344 0.0171185 0.00126434
0.467314 0.0171313 0.00116988
0.477875 0.0171429 0.00109567
0.488146 0.0171535 0.00102905
0.498366 0.0171634 0.000974798
0.508779 0.0171733 0.000947948
0.519434 0.0171833 0.000939557
0.530328 0.0171936 0.000945397
0.540977 0.0172037 0.000949096
0.551113 0.0172133 0.000942964
0.561263 0.0172225 0.000914742
0.5718 0.017231 0.000800357
0.582734 0.0172376 0.000606743
0.593825 0.0172419 0.000384387
0.60476 0.0172432 0.000118369
0.615241 0.0172408 -0.000223054
0.62556 0.0172342 -0.000647887
0.635989 0.0172223 -0.0011408
0.64663 0.0172045 -0.00166912
0.657381 0.0171817 -0.00212239
0.668399 0.0171542 -0.00248966
0.679585 0.0171233 -0.00276704
0.691008 0.0170894 -0.00296703
0.702732 0.0170531 -0.00309809
0.714126 0.0170181 -0.00307377
0.725447 0.0169849 -0.00293071
0.736348 0.0169551 -0.00273378
0.746991 0.0169287 -0.00248054
0.757434 0.0169064 -0.00213093
0.767921 0.016889 -0.00165717
0.778294 0.0168777 -0.00108988
0.788099 0.0168729 -0.000492198
0.797993 0.0168742 0.000133915
0.808215 0.0168822 0.000774401
0.818499 0.0168967 0.00141802
0.829721 0.0169204 0.00210563
0.840737 0.0169501 0.00269521
0.851511 0.0169844 0.00319171
0.862273 0.0170233 0.00361132
0.872708 0.0170646 0.00395569
0.882647 0.0171064 0.00420201
0.892701 0.0171499 0.00433079
0.903233 0.0171961 0.00438922
0.913846 0.0172426 0.00438178
0.924506 0.0172878 0.00423979
0.935187 0.0173303 0.00398185
0.946331 0.0173703 0.00358501
0.957567 0.0174048 0.00306715
0.96892 0.0174329 0.00248186
0.980096 0.0174539 0.00187228
0.990824 0.0174672 0.00124255
1.00119 0.0174736 0.000620126
1.01134 0.0174738 1.72429e-05
1.02156 0.0174686 -0.000505102
1.03205 0.0174589 -0.00092725
1.04232 0.0174463 -0.00123017
1.05263 0.0174316 -0.00142578
1.06297 0.0174159 -0.00151194
1.07351 0.0174003 -0.00148661
1.08414 0.0173863 -0.00131636
1.09494 0.0173752 -0.00102172
1.10604 0.0173681 -0.000647541
1.11699 0.0173657 -0.000216172
1.12789 0.0173686 0.000264488
1.13861 0.0173768 0.000771108
1.14935 0.0173907 0.00128696
1.15961 0.0174087 0.00176034
1.16977 0.0174313 0.00222827
1.18013 0.017459 0.00266596
1.19072 0.0174911 0.00303308
1.20136 0.0175261 0.00329148
1.212 0.0175628 0.00345237
1.22257 0.0175996 0.00347837
1.23307 0.0176345 0.00332659
1.24351 0.0176661 0.00302551
1.25402 0.0176941 0.00266434
1.26479 0.0177179 0.00221082
1.27515 0.0177357 0.00171338
1.28527 0.0177474 0.00115997
1.29542 0.0177529 0.000538797
1.30577 0.0177516 -0.000122914
1.31611 0.017744 -0.000738127
1.32631 0.0177311 -0.00126069
1.33645 0.0177143 -0.00166041
1.34695 0.0176935 -0.00198103
1.35746 0.0176709 -0.00214888
1.36814 0.017648 -0.00214498
1.37938 0.0176259 -0.00197067
1.39118 0.0176066 -0.00163165
1.40271 0.017593 -0.00117896
1.41399 0.0175858 -0.000637013
1.42483 0.017585 -7.88838e-05
1.43537 0.01759 0.000480186
1.44576 0.017601 0.00105813
1.4561 0.017618 0.0016442
1.46619 0.0176402 0.00219573
1.47596 0.0176664 0.0026853
1.48578 0.0176966 0.00307602
1.49586 0.01773 0.00331242
1.50629 0.0177655 0.00340257
1.51698 0.0178021 0.00341825
1.52791 0.0178384 0.00332139
1.53856 0.0178714 0.00310364
1.5489 0.0178996 0.00272729
1.55917 0.0179226 0.00223857
1.5695 0.0179398 0.00166368
1.58002 0.0179509 0.00105268
1.59046 0.0179558 0.000469278
1.60073 0.0179551 -5.86317e-05
1.61099 0.0179498 -0.000523093
1.6214 0.0179402 -0.000920721
1.6316 0.0179276 -0.0012371
1.64184 0.0179123 -0.00148983
1.65242 0.0178944 -0.00169274
1.66333 0.0178745 -0.00182942
1.67481 0.0178529 -0.00187919
1.68658 0.0178312 -0.00184432
1.69833 0.0178113 -0.00169227
1.70996 0.0177948 -0.00142146
1.72148 0.0177828 -0.00104105
1.73282 0.0177762 -0.000580905
1.74389 0.0177752 -9.0488e-05
1.75467 0.0177793 0.000381704
1.76525 0.0177879 0.000812155
1.77578 0.0178004 0.00119102
1.7858 0.0178153 0.00148472
1.79544 0.0178314 0.00167077
1.80501 0.0178481 0.00174129
1.81489 0.017865 0.00171357
1.82483 0.0178809 0.00159705
1.83504 0.0178952 0.00139924
1.84531 0.0179069 0.00114343
1.85599 0.0179159 0.000842723
1.86682 0.0179212 0.000490325
1.87767 0.0179223 0.000102278
1.88825 0.0179196 -0.000261411
1.89864 0.0179133 -0.00060463
1.90906 0.0179035 -0.00094018
1.91966 0.0178902 -0.0012541
1.93061 0.0178736 -0.00151166
1.94198 0.0178542 -0.00170666
1.95346 0.0178333 -0.00181957
1.96479 0.0178126 -0.00183475
1.97601 0.0177929 -0.00175319
1.98742 0.0177749 -0.00157714
1.99861 0.0177599 -0.00134332
2.00967 0.0177481 -0.00106049
2.02069 0.01774 -0.00073446
2.03177 0.0177358 -0.000378273
2.04268 0.0177355 -2.6698e-05
2.05353 0.0177387 0.000286875
2.06442 0.0177446 0.00054292
2.07537 0.0177527 0.000737437
2.08638 0.0177623 0.000880086
2.09746 0.0177729 0.000949263
2.10856 0.0177834 0.000946811
2.11962 0.0177931 0.000881779
2.1306 0.0178015 0.000765267
2.14156 0.0178085 0.000635943
2.15251 0.017814 0.00050279
2.16349 0.0178179 0.000359604
2.17434 0.0178201 0.000200258
2.18493 0.0178201 -2.26685e-07
2.19549 0.0178176 -0.000238938
2.20613 0.0178122 -0.000502191
2.21701 0.0178041 -0.00074805
2.22768 0.0177941 -0.000934614
2.23829 0.0177832 -0.0010323
2.24882 0.0177724 -0.00102827
2.25923 0.0177629 -0.000907071
2.26978 0.0177555 -0.000704009
2.28042 0.0177506 -0.000463402
2.29112 0.0177482 -0.000216357
2.30206 0.0177484 1.40499e-05
2.31329 0.017751 0.000230209
2.32473 0.0177555 0.000391237
2.3361 0.017761 0.000485381
2.34748 0.0177673 0.000552967
2.35846 0.0177741 0.000623998
2.36914 0.0177814 0.000681556
2.37948 0.0177889 0.000726422
2.38982 0.0177967 0.000752894
2.40068 0.0178046 0.000730471
2.41167 0.0178117 0.000643673
2.42289 0.0178173 0.000500931
2.43408 0.0178207 0.000305529
2.44495 0.0178214 5.81697e-05
2.4557 0.0178189 -0.000231334
2.46647 0.0178132 -0.000531978
2.47742 0.0178044 -0.000799673
2.48857 0.0177932 -0.00100461
2.49958 0.0177807 -0.0011382
2.5106 0.0177676 -0.00118731
2.52178 0.0177548 -0.00113871
2.53292 0.0177434 -0.00102582
2.54418 0.0177335 -0.000880317
2.55567 0.0177253 -0.000716618
2.56707 0.0177193 -0.000526677
2.57829 0.0177158 -0.000305755
2.58919 0.0177148 -9.76905e-05
2.59998 0.0177152 4.05556e-05
2.61078 0.0177166 0.000128358
2.6217 0.0177185 0.000175753
2.63257 0.0177204 0.000174897
2.64342 0.0177219 0.000135665
2.65434 0.0177226 6.51212e-05
2.66534 0.0177222 -3.31931e-05
2.67641 0.0177205 -0.000152694
2.68752 0.0177174 -0.000283834
2.69853 0.0177128 -0.000416434
2.70952 0.0177068 -0.000546163
2.72059 0.0176992 -0.000691062
2.73159 0.0176898 -0.000846686
2.74253 0.017679 -0.000993015
2.75323 0.0176672 -0.00109877
2.7637 0.0176552 -0.00114782
2.774 0.0176436 -0.0011227
2.78428 0.017633 -0.00103464
2.79472 0.0176238 -0.000884581
2.80532 0.0176165 -0.000690225
2.81611 0.0176114 -0.000468948
2.8271 0.0176088 -0.00023513
2.83789 0.0176089 1.01099e-05
2.84863 0.0176113 0.000226393
2.85938 0.0176155 0.000388119
2.87013 0.017621 0.00050989
2.88095 0.0176275 0.000600593
2.89188 0.0176347 0.000660543
2.90291 0.0176422 0.000680424
2.91404 0.0176494 0.0006469
2.92531 0.0176558 0.000562245
2.93673 0.0176605 0.000416339
2.94829 0.0176629 0.000209902
2.95963 0.0176626 -2.91053e-05
2.97073 0.0176597 -0.000266329
2.98168 0.0176542 -0.000500239
2.99262 0.0176463 -0.000720239
3.00333 0.0176367 -0.000897092
3.01401 0.017626 -0.00100302
3.02487 0.0176148 -0.00102781
3.03574 0.0176043 -0.000964467
3.04657 0.0175955 -0.00081338
3.0571 0.0175892 -0.000602273
3.06774 0.0175852 -0.000373467
3.07857 0.0175836 -0.000146058
3.08958 0.0175848 0.000106223
3.10088 0.0175891 0.000384808
3.11199 0.0175962 0.000630469
3.12257 0.0176049 0.00082785
3.13296 0.0176153 0.00100053
3.14348 0.0176273 0.00114114
3.15422 0.0176409 0.00126137
3.16502 0.0176551 0.00131465
3.17605 0.0176691 0.00127408
3.18742 0.0176819 0.00112755
3.19893 0.0176922 0.000892736
3.21019 0.0176991 0.000613757
3.2212 0.0177026 0.000315247
3.23205 0.0177029 2.46917e-05
3.24286 0.0177 -0.0002604
3.25377 0.0176942 -0.000539242
3.2649 0.0176854 -0.000789804
3.27533 0.0176753 -0.000960881
3.28599 0.0176642 -0.00104465
3.29695 0.0176528 -0.00103751
3.30787 0.0176426 -0.000940259
3.31887 0.0176339 -0.000786502
3.33008 0.017627 -0.000614667
3.34154 0.0176225 -0.000394225
3.35287 0.0176213 -0.00010511
3.36337 0.0176235 0.00020714
3.37322 0.0176282 0.000480095
3.38299 0.0176351 0.000699661
3.39351 0.0176446 0.000902408
3.4045 0.0176564 0.00107544
3.41556 0.0176695 0.00119022
3.42673 0.0176834 0.00123855
3.43793 0.017697 0.00121995
3.44905 0.0177098 0.00114952
3.46016 0.0177214 0.00104326
3.47132 0.0177315 0.000902406
3.48226 0.0177394 0.000720414
3.493 0.0177444 0.000472541
3.5037 0.0177463 0.000177269
3.5145 0.017745 -0.000125876
3.52555 0.0177405 -0.000407342
3.53675 0.0177334 -0.00063068
3.54786 0.0177247 -0.000783478
3.55907 0.017715 -0.000868295
3.57028 0.0177051 -0.000877899
3.5814 0.0176961 -0.000816104
3.59261 0.0176882 -0.000697887
3.60398 0.0176823 -0.000521405
3.61526 0.0176787 -0.000315726
3.62652 0.0176773 -0.000125136
3.6378 0.0176778 3.99687e-05
3.64906 0.01768 0.0001947
3.66012 0.0176838 0.000346215
3.67108 0.0176892 0.000490015
3.6821 0.0176959 0.000614023
3.69315 0.0177038 0.000711208
3.70414 0.017712 0.00074924
3.71517 0.0177198 0.000707037
3.72635 0.0177265 0.000593765
3.73759 0.0177312 0.000424432
3.74853 0.0177336 0.000218146
3.7593 0.0177333 -3.42009e-05
3.77005 0.0177299 -0.000312345
3.78092 0.0177236 -0.000580903
3.79204 0.0177146 -0.000806662
3.80295 0.017704 -0.000972756
3.81379 0.0176923 -0.00108277
3.82478 0.0176796 -0.0011528
3.83579 0.0176666 -0.0011787
3.84677 0.0176538 -0.00116631
3.85787 0.0176414 -0.00111766
3.86924 0.0176301 -0.000997198
3.88085 0.0176209 -0.000794167
3.89241 0.0176145 -0.000549656
3.90318 0.0176111 -0.00031958
3.91339 0.0176101 -9.58814e-05
3.92364 0.0176116 0.000149534
3.93451 0.017616 0.000400188
3.94576 0.0176229 0.000612811
3.95674 0.0176313 0.000766654
3.96742 0.0176406 0.00086898
3.97779 0.0176499 0.000905334
3.988 0.017659 0.000888111
3.99831 0.0176675 0.000819618
4.00878 0.0176749 0.000708071
4.01946 0.0176809 0.000561171
4.03019 0.0176848 0.000368512
4.04098 0.0176865 0.000152075
4.05193 0.0176858 -5.62002e-05
4.06298 0.0176832 -0.000241565
4.07377 0.017679 -0.00038912
4.08438 0.0176738 -0.000490141
4.09481 0.0176684 -0.000517863
4.10546 0.0176632 -0.00048274
4.11648 0.0176588 -0.000399938
4.12763 0.0176558 -0.00027137
4.13905 0.0176549 -7.64313e-05
4.14954 0.0176562 0.000120055
4.1611 0.0176595 0.000282061
4.17257 0.0176639 0.000388188
4.18389 0.0176693 0.000476225
4.19513 0.0176757 0.000569195
4.20591 0.0176828 0.00066379
4.21637 0.0176905 0.000730212
4.22682 0.0176985 0.000768402
4.23748 0.0177068 0.00077757
4.24823 0.0177149 0.000749894
4.25907 0.0177223 0.000684812
4.27011 0.0177287 0.000579746
4.28118 0.0177336 0.00044581
4.29215 0.0177367 0.000282007
4.30313 0.0177377 8.91815e-05
4.31408 0.0177368 -8.52584e-05
4.3248 0.0177346 -0.000198225
4.33537 0.0177321 -0.000242475
4.34579 0.0177298 -0.000217733
4.35611 0.0177284 -0.00013319
4.36654 0.0177283 -1.25874e-05
4.3772 0.0177294 0.00010597
4.38803 0.017732 0.000240416
4.39903 0.0177365 0.000403074
4.41028 0.0177429 0.000573209
4.42147 0.0177512 0.000736468
4.43236 0.0177607 0.000875864
4.44325 0.0177712 0.000966249
4.45418 0.0177825 0.00102828
4.46533 0.0177945 0.00108293
4.47645 0.0178069 0.00111346
4.48771 0.0178192 0.00108815
4.49919 0.0178305 0.000986733
4.51083 0.0178399 0.000804995
4.52238 0.0178465 0.000577005
4.53355 0.0178503 0.000339117
4.54441 0.0178514 0.000103734
4.5551 0.0178499 -0.000142611
4.5658 0.0178456 -0.000406988
4.57666 0.0178383 -0.000673243
4.58766 0.0178284 -0.000895973
4.59838 0.017817 -0.00106008
4.60909 0.0178048 -0.00113907
4.61999 0.0177924 -0.00113799
4.63106 0.0177807 -0.00106069
4.64236 0.0177704 -0.000909689
4.65356 0.0177627 -0.000690612
4.66458 0.0177581 -0.000416372
4.6756 0.0177568 -0.000113435
4.68668 0.0177587 0.00016662
4.6978 0.0177628 0.000366084
4.70888 0.0177683 0.00050263
4.71997 0.0177749 0.000592208
4.73102 0.017782 0.000642727
4.74199 0.0177892 0.000658464
4.7529 0.0177962 0.000636065
4.76388 0.0178024 0.000572197
4.77491 0.0178076 0.000470262
4.78598 0.0178112 0.000326044
4.79693 0.0178128 0.000145549
4.80777 0.0178121 -6.70744e-05
4.81865 0.0178087 -0.000311106
4.82967 0.0178023 -0.000579052
4.84063 0.0177933 -0.000820876
4.85144 0.0177826 -0.000995571
4.86217 0.0177709 -0.00108476
4.87287 0.0177592 -0.00109566
4.88359 0.0177482 -0.00103053
4.89445 0.0177382 -0.000921623
4.90553 0.0177294 -0.000790186
4.91677 0.0177223 -0.000636296
4.92818 0.0177167 -0.00048979
4.9397 0.0177124 -0.000368474
4.95118 0.0177094 -0.000262583
4.96237 0.0177075 -0.00017016
4.97339 0.0177068 -5.98622e-05
4.98438 0.0177078 8.34454e-05
4.99545 0.0177104 0.000238197
5.00665 0.0177147 0.000380132
5.01781 0.01772 0.000480825
5.02906 0.0177258 0.000515647
5.04041 0.0177315 0.000497513
5.0517 0.0177367 0.000460207
5.06281 0.017741 0.000392842
5.07381 0.0177442 0.000289039
5.08478 0.0177458 0.000149399
5.09562 0.0177455 -2.83817e-05
5.10648 0.0177431 -0.000222082
5.1175 0.0177386 -0.000407611
5.12878 0.0177323 -0.000558483
5.13987 0.0177251 -0.000655169
5.1509 0.0177173 -0.00070018
5.16193 0.0177097 -0.000696149
5.17281 0.0177027 -0.00064144
5.18372 0.0176968 -0.000538851
5.1943 0.0176927 -0.000388888
5.20476 0.0176905 -0.000209476
5.2153 0.0176902 -2.90608e-05
5.22582 0.0176915 0.000126255
5.23624 0.0176943 0.000265207
5.24674 0.0176984 0.00039398
5.25738 0.0177038 0.00050614
5.26818 0.0177103 0.000600988
5.27913 0.0177177 0.000674478
5.29023 0.0177258 0.000729746
5.30147 0.0177343 0.000761299
5.31277 0.017743 0.000762872
5.32394 0.0177511 0.000726978
5.3349 0.0177581 0.000636097
5.34579 0.0177633 0.000479903
5.35672 0.0177665 0.000295836
5.36779 0.0177678 0.000114064
5.37895 0.0177672 -4.93796e-05
5.39001 0.0177653 -0.000173186
5.40102 0.0177625 -0.000252745
5.41216 0.0177591 -0.000302953
5.42331 0.0177554 -0.000338502
5.43434 0.0177515 -0.000350865
5.4454 0.0177479 -0.000328802
5.45666 0.0177449 -0.00026775
