t x vx
0.01 0.0164995 -5.04875e-05
0.02 0.0164996 1.28755e-05
0.0293809 0.0165003 7.46339e-05
0.0392985 0.0165018 0.000145048
0.0495458 0.016504 0.00021695
0.0599936 0.0165071 0.000296814
0.0705903 0.0165112 0.00038615
0.0812654 0.0165164 0.000488807
0.0920032 0.0165228 0.000594125
0.102758 0.0165301 0.000680434
0.113463 0.0165381 0.000746163
0.124039 0.0165468 0.000828815
0.134381 0.0165557 0.000855153
0.144219 0.0165634 0.000788163
0.1542 0.0165708 0.00073957
0.163823 0.0165779 0.000736878
0.173606 0.0165848 0.000699006
0.183561 0.0165906 0.000584083
0.193574 0.0165959 0.000534365
0.203697 0.0166013 0.000532367
0.213785 0.0166065 0.000509829
0.223933 0.0166119 0.000532881
0.234223 0.0166174 0.000540773
0.244441 0.016623 0.000541149
0.254686 0.0166289 0.000584409
0.264606 0.0166356 0.000670775
0.2743 0.0166432 0.000782761
0.283886 0.0166517 0.000884407
0.293376 0.0166601 0.00089212
0.302439 0.0166677 0.00083533
0.311439 0.0166749 0.000800991
0.320853 0.0166824 0.000794009
0.330356 0.0166903 0.000835206
0.339841 0.0166993 0.000942417
0.349233 0.016709 0.00103563
0.358638 0.0167197 0.00113726
0.368144 0.0167313 0.00122285
0.377679 0.0167433 0.00126071
0.38726 0.016756 0.00132602
0.396674 0.0167693 0.00140441
0.405634 0.0167825 0.00147655
0.414528 0.0167964 0.0015647
0.423418 0.0168112 0.00166746
0.4324 0.0168271 0.00176713
0.441131 0.0168434 0.00187086
0.450034 0.0168612 0.00199099
0.45908 0.0168801 0.00209878
0.468377 0.0169003 0.00217107
0.477946 0.0169211 0.0021734
0.487596 0.0169413 0.00208876
0.4971 0.0169598 0.00195284
0.506557 0.0169766 0.00177275
0.515824 0.0169908 0.00153445
0.52446 0.0170017 0.00126498
0.533225 0.0170099 0.000933991
0.54206 0.0170144 0.000508041
0.550857 0.017015 6.80854e-05
0.559516 0.0170126 -0.000281242
0.568232 0.0170073 -0.000602304
0.57723 0.0169993 -0.000894769
0.58636 0.0169885 -0.00118679
0.595696 0.016975 -0.00143876
0.605046 0.0169595 -0.00166113
0.61448 0.0169418 -0.00187384
0.62347 0.0169231 -0.00207793
0.632303 0.0169031 -0.00226904
0.641555 0.0168805 -0.00244408
0.650738 0.0168569 -0.00256612
0.659861 0.0168335 -0.00256447
0.668752 0.0168116 -0.00245992
0.677685 0.0167912 -0.00229313
0.686915 0.0167728 -0.00198793
0.696448 0.0167576 -0.00159307
0.706044 0.0167462 -0.00119351
0.715166 0.0167387 -0.000817077
0.724134 0.0167346 -0.000459879
0.733079 0.0167333 -0.000140798
0.742264 0.0167344 0.000116418
0.750805 0.0167368 0.000275492
0.759139 0.0167401 0.000395568
0.767861 0.0167444 0.000494119
0.776787 0.0167493 0.000555482
0.785952 0.0167544 0.000557031
0.795277 0.016759 0.000488189
0.80467 0.0167624 0.00036571
0.814057 0.0167644 0.000209858
0.823423 0.0167646 2.38222e-05
0.832727 0.0167628 -0.000191141
0.841879 0.0167588 -0.000437923
0.850924 0.0167526 -0.000689274
0.859908 0.0167446 -0.000893376
0.868963 0.016735 -0.00105226
0.877775 0.016725 -0.00114359
0.886561 0.0167148 -0.00115578
0.895611 0.0167049 -0.00109647
0.904713 0.0166961 -0.000966532
0.913828 0.0166891 -0.000769522
0.923057 0.0166838 -0.000565676
0.932545 0.0166801 -0.000394079
0.942277 0.0166778 -0.000240535
0.952121 0.0166767 -0.00010644
0.961469 0.0166769 2.21773e-05
0.970593 0.0166783 0.00015651
0.979793 0.016681 0.000286103
0.989019 0.0166847 0.000407184
0.998171 0.0166895 0.000514993
1.00742 0.016695 0.000604185
1.01687 0.0167014 0.00067495
1.02656 0.0167085 0.000728119
1.03629 0.0167157 0.000738847
1.04611 0.0167228 0.000722718
1.05584 0.0167293 0.000671388
1.06524 0.0167347 0.000578987
1.07447 0.0167389 0.000452422
1.08369 0.0167418 0.000318348
1.09282 0.0167439 0.000221631
1.10192 0.0167455 0.000181919
1.11069 0.0167475 0.00022272
1.11964 0.0167506 0.000348866
1.12881 0.0167554 0.000520453
1.13815 0.0167619 0.000696028
1.14749 0.0167699 0.000858918
1.15694 0.0167796 0.00102745
1.16669 0.0167908 0.00115045
1.17631 0.0168028 0.001241
1.18553 0.0168145 0.00126991
1.1945 0.0168257 0.00125775
1.20346 0.0168368 0.00123208
1.21255 0.0168478 0.00120926
1.22175 0.0168586 0.00117451
1.23114 0.016869 0.0011115
1.24056 0.0168786 0.00101191
1.24998 0.0168865 0.000846824
1.2594 0.0168924 0.000624777
1.26884 0.016896 0.000383853
1.27827 0.0168972 0.00012564
1.28764 0.0168959 -0.00013729
1.29693 0.0168923 -0.000390267
1.30616 0.0168866 -0.000614967
1.31539 0.0168794 -0.000786273
1.3247 0.0168712 -0.000878288
1.33417 0.0168625 -0.000917653
1.34375 0.0168534 -0.000947822
1.35314 0.0168447 -0.000929028
1.36248 0.0168367 -0.000853798
1.37189 0.0168299 -0.000728522
1.38143 0.0168246 -0.000555083
1.39092 0.0168209 -0.000389282
1.40032 0.0168187 -0.00023063
1.40987 0.0168179 -8.30135e-05
1.41936 0.0168184 4.95565e-05
1.42887 0.0168201 0.000178665
1.43848 0.016823 0.000297087
1.44762 0.0168264 0.000380503
1.45641 0.0168304 0.000454534
1.46519 0.0168349 0.000503498
1.47424 0.0168398 0.000544286
1.48346 0.0168451 0.000582028
1.49285 0.0168507 0.000587815
1.50249 0.0168558 0.000531391
1.51194 0.0168597 0.000410404
1.52119 0.016862 0.000255098
1.53037 0.0168629 9.18434e-05
1.53956 0.0168624 -5.60118e-05
1.54885 0.016861 -0.000140404
1.55837 0.0168594 -0.000173056
1.56795 0.0168577 -0.000179264
1.57748 0.0168563 -0.000147769
1.58697 0.0168554 -9.01997e-05
1.59648 0.0168552 -2.3607e-05
1.60612 0.0168554 1.72189e-05
1.61577 0.0168556 2.35481e-05
1.62538 0.0168556 1.22572e-06
1.63515 0.016855 -6.46243e-05
1.64454 0.0168537 -0.000139209
1.65388 0.0168519 -0.000183287
1.66298 0.0168502 -0.000195862
1.67197 0.0168487 -0.000165353
1.68109 0.0168479 -8.84823e-05
1.69051 0.0168479 -1.59958e-06
1.70004 0.0168486 8.18362e-05
1.70961 0.0168501 0.00015044
1.71918 0.0168518 0.000181835
1.7289 0.0168534 0.000162548
1.73876 0.0168544 9.6953e-05
1.74861 0.0168544 5.92631e-06
1.75804 0.0168533 -0.000114485
1.76725 0.0168513 -0.000217598
1.77655 0.0168488 -0.000274326
1.78586 0.0168461 -0.000287325
1.7953 0.0168438 -0.000244642
1.80495 0.016842 -0.000182699
1.81462 0.0168406 -0.000148569
1.82421 0.0168394 -0.000126943
1.83396 0.0168382 -0.0001212
1.84378 0.0168371 -0.000110975
1.85342 0.0168357 -0.000143357
1.86275 0.0168338 -0.000203782
1.87194 0.0168314 -0.00026154
1.8812 0.0168286 -0.000309196
1.89067 0.0168256 -0.000310558
1.90009 0.0168231 -0.000271324
1.90955 0.0168209 -0.000226991
1.91912 0.0168191 -0.000190155
1.92882 0.0168176 -0.00015789
1.93848 0.0168166 -0.000103619
1.94813 0.0168161 -5.11749e-05
1.95771 0.016816 -8.51244e-06
1.96693 0.0168163 3.22441e-05
1.97605 0.0168169 6.64751e-05
1.98528 0.0168178 9.41935e-05
1.99439 0.0168186 9.73042e-05
2.00369 0.0168194 8.16388e-05
2.0133 0.0168197 3.26666e-05
2.02303 0.0168194 -3.15456e-05
2.03272 0.0168187 -7.07589e-05
2.0423 0.0168177 -0.000105069
2.05163 0.0168166 -0.000122532
2.06086 0.0168155 -0.000118369
2.07021 0.0168146 -9.88514e-05
2.07971 0.016814 -5.40556e-05
2.08919 0.016814 -4.28167e-06
2.09873 0.0168146 5.76443e-05
2.10844 0.0168158 0.000131112
2.11827 0.0168177 0.000192198
2.12806 0.0168202 0.00025431
2.13775 0.0168231 0.000297623
2.14704 0.0168259 0.000306991
2.15603 0.0168289 0.000324899
2.16501 0.0168319 0.00034034
2.17422 0.0168348 0.000315984
2.18367 0.0168371 0.000242751
2.19289 0.0168384 0.000134015
2.20196 0.0168385 1.84409e-05
2.21105 0.0168378 -7.90882e-05
2.21989 0.0168367 -0.000128065
2.22877 0.0168356 -0.000115683
2.23805 0.0168348 -8.83336e-05
2.24756 0.0168343 -5.63118e-05
2.25708 0.016834 -3.31057e-05
2.26655 0.0168339 -5.77318e-06
2.27607 0.0168342 2.53545e-05
2.28582 0.0168342 8.34989e-06
2.29575 0.0168338 -4.57212e-05
2.30531 0.0168328 -0.000108085
2.31478 0.016831 -0.00018193
2.32396 0.0168288 -0.000242559
2.33305 0.016826 -0.000306634
2.34223 0.0168228 -0.000346504
2.35129 0.0168197 -0.000347471
2.36042 0.0168169 -0.000310701
2.36977 0.0168146 -0.000238026
2.37937 0.0168132 -0.00015232
2.38882 0.0168126 -6.25313e-05
2.39826 0.0168126 1.98795e-06
2.4078 0.0168132 5.95656e-05
2.4175 0.016814 9.06994e-05
2.42711 0.0168147 6.87851e-05
2.43645 0.0168148 9.81119e-06
2.44577 0.016814 -8.76084e-05
2.45523 0.016812 -0.000211007
2.46485 0.0168089 -0.000319294
2.47418 0.0168051 -0.000412582
2.48335 0.0168005 -0.000501111
2.4926 0.0167953 -0.000554771
2.50184 0.0167902 -0.000559081
2.51114 0.0167857 -0.000477454
2.5206 0.0167828 -0.000313203
2.52981 0.0167819 -9.09685e-05
2.53874 0.0167833 0.00015577
2.54768 0.0167869 0.000404154
2.55683 0.0167929 0.000655065
2.56614 0.016801 0.000862711
2.5756 0.0168104 0.000998672
2.58526 0.016821 0.00109235
2.59513 0.0168317 0.00108853
2.60421 0.0168409 0.0010108
2.61325 0.0168489 0.000886811
2.62216 0.0168554 0.000726263
2.63119 0.0168604 0.000555422
2.6401 0.0168644 0.000447867
2.64905 0.016868 0.000401114
2.65775 0.0168714 0.00039246
2.66645 0.016875 0.000421829
2.67542 0.016879 0.00043902
2.68464 0.0168828 0.000413941
2.69397 0.0168861 0.000348483
2.70343 0.0168887 0.00027923
2.71288 0.0168912 0.000262318
2.72202 0.0168933 0.000233236
2.73103 0.0168944 0.000125669
2.74014 0.0168944 1.09429e-06
2.74944 0.0168938 -7.12699e-05
2.75876 0.0168928 -0.000107847
2.76782 0.0168914 -0.000150977
2.77684 0.0168894 -0.000224725
2.78588 0.0168866 -0.000308056
2.79508 0.0168832 -0.000372317
2.80437 0.0168796 -0.000387009
2.81375 0.0168762 -0.000358689
2.82326 0.0168736 -0.000274568
2.83254 0.0168723 -0.000145419
2.84174 0.0168723 6.52457e-06
2.85106 0.0168734 0.000120342
2.86068 0.0168752 0.000181341
2.87023 0.0168773 0.000227232
2.87997 0.0168798 0.000256134
2.88955 0.0168824 0.0002653
2.89874 0.0168846 0.000239635
2.90776 0.0168861 0.00016941
2.91682 0.0168869 8.98764e-05
2.92589 0.0168871 1.96042e-05
2.93501 0.0168867 -4.70998e-05
2.94413 0.0168858 -9.4472e-05
2.95324 0.0168848 -0.00011406
2.96235 0.0168837 -0.000113013
2.97177 0.0168829 -8.86448e-05
2.98129 0.0168821 -8.13406e-05
2.99091 0.0168815 -6.35567e-05
3.00061 0.016881 -5.47669e-05
3.01023 0.0168804 -5.68797e-05
3.01953 0.0168799 -5.52701e-05
3.02869 0.0168794 -5.37265e-05
3.03797 0.0168788 -6.61505e-05
3.04708 0.0168776 -0.000134459
3.05642 0.0168752 -0.000256553
3.06566 0.0168717 -0.000379672
3.07478 0.0168673 -0.000485257
3.08347 0.0168625 -0.000545289
3.09206 0.0168583 -0.000489439
3.10106 0.0168551 -0.000360485
3.10996 0.0168536 -0.000168361
3.11888 0.0168541 6.22953e-05
3.12802 0.0168572 0.000339415
3.13726 0.0168633 0.000650743
3.14681 0.0168721 0.00092552
3.15649 0.0168827 0.00109577
3.16614 0.0168938 0.0011535
3.17602 0.0169052 0.00114946
3.18535 0.0169154 0.00108922
3.19438 0.0169241 0.00096772
3.20346 0.0169314 0.000808518
3.21272 0.0169372 0.000625178
3.22202 0.0169413 0.000435048
3.23134 0.0169434 0.000225837
3.24065 0.0169432 -1.72241e-05
3.24996 0.016941 -0.000240839
3.25926 0.0169369 -0.000441608
3.26858 0.0169311 -0.000620348
3.27784 0.016924 -0.000765546
3.28682 0.0169159 -0.000898394
3.2958 0.0169071 -0.000981723
3.30501 0.0168978 -0.00100667
3.31449 0.0168884 -0.000997561
3.32413 0.016879 -0.000977944
3.33376 0.0168701 -0.000920206
3.34344 0.0168619 -0.000845768
3.35323 0.0168541 -0.00079501
3.36306 0.0168467 -0.000751659
3.37275 0.0168399 -0.000703568
3.38233 0.0168339 -0.000630734
3.39188 0.016829 -0.000514097
3.40141 0.0168255 -0.000367309
3.41072 0.0168234 -0.000221622
3.41988 0.0168226 -9.00788e-05
3.42902 0.0168226 5.86102e-06
3.43825 0.0168231 5.0404e-05
3.44708 0.0168235 5.0069e-05
3.45569 0.0168239 3.98159e-05
3.46442 0.0168244 5.80017e-05
3.47347 0.0168249 5.67529e-05
3.48252 0.016825 1.12002e-05
3.49181 0.0168241 -9.46913e-05
3.50101 0.0168222 -0.000210634
3.51002 0.0168199 -0.000249666
3.51897 0.0168183 -0.000177337
3.52741 0.0168179 -5.89411e-05
3.53605 0.0168189 0.000120689
3.54504 0.0168215 0.000291524
3.55446 0.0168257 0.000439201
3.56383 0.0168312 0.000594246
3.57269 0.016838 0.00076673
3.58136 0.0168464 0.000966721
3.59017 0.0168561 0.00110626
3.59928 0.0168674 0.00123245
3.60849 0.0168797 0.00133611
3.61777 0.0168926 0.00139003
3.62689 0.0169051 0.00137079
3.63581 0.0169165 0.00127969
3.64466 0.0169266 0.00113797
3.65358 0.0169353 0.000980814
3.66264 0.0169427 0.000819265
3.67163 0.0169485 0.000644315
3.68061 0.0169529 0.000489304
3.68966 0.0169561 0.000353634
3.69882 0.0169581 0.000210912
3.70813 0.0169587 6.62061e-05
3.71761 0.0169579 -7.62485e-05
3.72696 0.0169558 -0.00023174
3.73617 0.016952 -0.000414082
3.74535 0.0169467 -0.000577755
3.75464 0.0169401 -0.000703418
3.7641 0.0169325 -0.000807958
3.77345 0.0169243 -0.000877055
3.78267 0.0169157 -0.000926141
3.79199 0.016907 -0.000934742
3.80147 0.0168985 -0.000896096
3.81083 0.0168909 -0.00081526
3.82025 0.0168847 -0.000657777
3.82954 0.0168805 -0.000456103
3.83903 0.0168785 -0.000205047
3.8485 0.0168792 6.89823e-05
3.85755 0.016882 0.000313581
3.86642 0.0168867 0.000525907
3.8754 0.0168932 0.00072244
3.88464 0.016902 0.000957655
3.89401 0.0169132 0.00119551
3.90349 0.0169256 0.00130672
3.91286 0.0169383 0.00135046
3.92216 0.0169505 0.00132094
3.93137 0.0169615 0.00118932
3.94065 0.0169705 0.000971284
3.9499 0.0169771 0.000714517
3.95914 0.0169811 0.000434569
3.96827 0.0169825 0.000149851
3.97744 0.0169815 -0.000110474
3.98666 0.0169783 -0.000345104
3.99585 0.0169732 -0.000555817
4.00503 0.0169663 -0.000751961
4.01421 0.0169578 -0.000926064
4.02345 0.016948 -0.00106582
4.0328 0.0169373 -0.001134
4.04235 0.0169267 -0.00111503
4.05213 0.0169169 -0.00100186
4.06196 0.0169089 -0.000813149
4.07183 0.016903 -0.000601623
4.08153 0.0168991 -0.000403818
4.09099 0.0168968 -0.000238482
4.10034 0.0168959 -9.12724e-05
4.10971 0.0168963 4.08888e-05
4.11879 0.0168974 0.000120008
4.12743 0.0168986 0.000141171
4.13586 0.0168997 0.000124114
4.14437 0.0169006 0.000108728
4.15308 0.0169018 0.000138038
4.16189 0.0169036 0.000206448
4.17086 0.0169062 0.000289385
4.17975 0.0169094 0.000359784
4.18876 0.0169129 0.000387119
4.19792 0.0169166 0.000397412
4.20738 0.0169202 0.000381369
4.21681 0.0169239 0.000395814
4.22629 0.016928 0.000431922
4.23598 0.0169322 0.00043662
4.24592 0.0169362 0.000398367
4.25561 0.0169395 0.000340679
4.26483 0.0169419 0.000265745
4.27396 0.0169436 0.000186223
4.28318 0.0169445 9.86457e-05
4.29234 0.0169447 1.91746e-05
4.30149 0.0169442 -5.25516e-05
4.31072 0.0169431 -0.000126279
4.32009 0.0169414 -0.000179872
4.32938 0.0169392 -0.000232817
4.33837 0.0169368 -0.000267561
4.34721 0.0169343 -0.000286275
4.35616 0.0169315 -0.000307031
4.36534 0.0169288 -0.000301332
4.37481 0.0169261 -0.00028129
4.38429 0.0169235 -0.000277765
4.39387 0.0169206 -0.000294957
4.40352 0.0169174 -0.000339324
4.41318 0.0169136 -0.00039189
4.42268 0.0169093 -0.000451089
4.43199 0.0169047 -0.000489031
4.44108 0.0169004 -0.00048171
4.44992 0.0168965 -0.000440661
4.45876 0.0168931 -0.000386532
4.46777 0.0168901 -0.000324434
4.47674 0.016888 -0.000239508
4.48551 0.0168867 -0.000141718
4.49418 0.0168865 -2.67507e-05
4.50285 0.0168873 8.63382e-05
4.5117 0.0168886 0.000151906
4.52055 0.0168906 0.000229697
4.52957 0.0168936 0.000327621
4.53879 0.0168974 0.000409606
4.5477 0.0169017 0.00049059
4.55675 0.0169071 0.000596004
4.56601 0.0169135 0.000687587
4.57536 0.0169204 0.000740597
4.58475 0.0169277 0.00077466
4.59424 0.0169351 0.000774866
4.60385 0.0169425 0.000772373
4.61361 0.0169495 0.000719114
4.62315 0.0169552 0.000599075
4.63271 0.0169593 0.000433409
4.64228 0.0169618 0.000260756
4.65205 0.0169626 7.64992e-05
4.66116 0.0169613 -0.000147362
