t x vx
0.01 0.0164992 -8.02291e-05
0.02 0.0164969 -0.000230833
0.0385436 0.0164877 -0.000494767
0.0574092 0.0164734 -0.000756886
0.0771326 0.0164532 -0.00102376
0.0973537 0.0164271 -0.00129205
0.117964 0.016395 -0.00156055
0.138813 0.0163569 -0.00182301
0.159754 0.0163136 -0.00207063
0.180731 0.0162654 -0.00229488
0.201698 0.0162134 -0.00248348
0.222495 0.0161589 -0.00261695
0.24316 0.0161036 -0.00267678
0.263748 0.0160488 -0.00266514
0.28431 0.0159958 -0.00257631
0.304611 0.0159468 -0.00241301
0.324629 0.0159028 -0.00219778
0.344594 0.0158639 -0.00195098
0.364955 0.0158302 -0.00165239
0.384909 0.0158039 -0.00132016
0.405352 0.0157824 -0.0010499
0.425908 0.0157665 -0.000772767
0.447199 0.0157565 -0.000469328
0.468223 0.0157523 -0.000198788
0.489672 0.0157531 3.68094e-05
0.511005 0.0157586 0.000254987
0.532074 0.0157686 0.000474936
0.55281 0.0157825 0.000669535
0.57348 0.0157992 0.000809948
0.593671 0.015817 0.000879179
0.613742 0.0158348 0.000890735
0.633906 0.0158522 0.000858851
0.654075 0.0158679 0.000780725
0.674465 0.0158813 0.000656533
0.695083 0.0158913 0.000485327
0.715765 0.0158971 0.000278255
0.736263 0.0158984 6.64654e-05
0.756602 0.0158953 -0.000151076
0.776942 0.0158877 -0.000375126
0.797196 0.0158759 -0.00058127
0.817304 0.0158611 -0.000737918
0.837328 0.0158445 -0.000829755
0.857356 0.0158275 -0.000849148
0.877423 0.0158118 -0.000781893
0.897489 0.0157993 -0.000621444
0.917487 0.015792 -0.000365061
0.937361 0.0157915 -2.54194e-05
0.957101 0.0157992 0.000389956
0.976742 0.0158159 0.000851247
0.996262 0.0158421 0.00134033
1.01572 0.0158781 0.00184781
1.0353 0.0159244 0.00236763
1.05476 0.0159804 0.00287779
1.07415 0.0160457 0.00336785
1.09364 0.0161204 0.00383394
1.11336 0.0162045 0.00426603
1.13327 0.0162971 0.00464676
1.15337 0.0163969 0.00496654
1.17349 0.0165019 0.00521529
1.19343 0.0166093 0.0053877
1.21323 0.0167179 0.00548433
1.23286 0.0168261 0.0055155
1.2523 0.0169329 0.00549346
1.27157 0.0170375 0.00542623
1.29066 0.0171391 0.0053235
1.30966 0.0172377 0.00519323
1.32875 0.0173339 0.00503769
1.3478 0.0174266 0.00486245
1.36668 0.0175148 0.00467508
1.3855 0.0175991 0.00447895
1.40426 0.0176793 0.00427539
1.42296 0.0177554 0.00406549
1.44182 0.0178279 0.00384381
1.46091 0.0178967 0.00360534
1.47988 0.0179603 0.0033522
1.49876 0.0180185 0.00308345
1.51757 0.0180711 0.00279862
1.53619 0.0181177 0.00249924
1.55464 0.018158 0.00218426
1.57299 0.0181919 0.00185129
1.59135 0.0182194 0.00149845
1.60975 0.0182401 0.00112482
1.6282 0.0182536 0.000730403
1.64668 0.0182595 0.000316249
1.66518 0.0182574 -0.000113894
1.6837 0.0182471 -0.000556416
1.70225 0.0182284 -0.00100562
1.72085 0.0182013 -0.00145633
1.73953 0.0181658 -0.00190317
1.75833 0.0181217 -0.00234077
1.77731 0.0180693 -0.00276372
1.79655 0.0180084 -0.00316637
1.81611 0.0179391 -0.00354174
1.83609 0.0178615 -0.00388318
1.85658 0.0177758 -0.00418288
1.87722 0.0176844 -0.00442735
1.89783 0.0175894 -0.00461321
1.91829 0.0174924 -0.00473808
1.93858 0.017395 -0.00480102
1.95876 0.0172981 -0.00480392
1.97892 0.0172022 -0.00475284
1.99915 0.017108 -0.00466019
2.01911 0.0170174 -0.00453894
2.03868 0.0169312 -0.00440075
2.05797 0.0168492 -0.00425507
2.07684 0.0167716 -0.00411281
2.09502 0.0166991 -0.00398364
2.11285 0.0166301 -0.00387036
2.13066 0.0165629 -0.00377212
2.14866 0.0164966 -0.00368568
2.16699 0.0164305 -0.00360582
2.18571 0.0163644 -0.00352796
2.20471 0.016299 -0.00344795
2.22408 0.0162339 -0.00335828
2.2438 0.0161698 -0.00325185
2.26342 0.0161084 -0.00312602
2.28301 0.0160501 -0.00297785
2.30268 0.0159949 -0.00280462
2.32254 0.0159432 -0.00260314
2.34267 0.0158955 -0.00237227
2.36267 0.0158532 -0.00211527
2.3825 0.0158168 -0.00183413
2.40225 0.0157865 -0.00153163
2.42202 0.0157626 -0.00121063
2.44182 0.0157452 -0.000881186
2.46139 0.0157343 -0.000555094
2.48086 0.0157296 -0.000239571
2.50031 0.0157307 5.31078e-05
2.51981 0.0157368 0.000314613
2.53943 0.0157475 0.000547141
2.55919 0.0157624 0.000749218
2.57903 0.0157805 0.000917182
2.59894 0.0158013 0.00104058
2.61881 0.0158234 0.00111448
2.63839 0.0158459 0.00114904
2.65785 0.0158685 0.00115894
2.67757 0.0158911 0.0011486
2.69709 0.015913 0.00111921
2.71674 0.0159341 0.0010764
2.73693 0.0159548 0.00102516
2.75747 0.0159749 0.000978192
2.77752 0.0159939 0.000947515
2.79746 0.0160125 0.000934091
2.8177 0.0160313 0.000929823
2.83796 0.0160502 0.00092937
2.85802 0.0160691 0.000942266
2.87797 0.0160885 0.000975714
2.89815 0.0161093 0.00102666
2.91826 0.0161311 0.0010862
2.9381 0.0161539 0.00114764
2.95779 0.0161777 0.00120874
2.97737 0.0162025 0.00126939
2.99686 0.0162284 0.00132779
3.0163 0.0162552 0.00137993
3.03569 0.0162828 0.00142109
3.05507 0.0163109 0.00144826
3.07448 0.0163392 0.00145989
3.09394 0.0163675 0.00145424
3.11348 0.0163954 0.00142845
3.13312 0.0164225 0.00138049
3.15286 0.0164484 0.00131175
3.17269 0.0164727 0.00122666
3.19258 0.0164952 0.00113005
3.21253 0.0165157 0.00102589
3.23251 0.016534 0.000916965
3.25251 0.0165501 0.000805283
3.27255 0.016564 0.000695255
3.29263 0.0165759 0.000591917
3.31274 0.016586 0.000499247
3.33287 0.0165944 0.000418925
3.35297 0.0166014 0.000350879
3.37299 0.0166073 0.000294925
3.39285 0.0166123 0.000250676
3.41253 0.0166166 0.000215225
3.43207 0.0166202 0.000185729
3.45152 0.0166233 0.000159186
3.47094 0.0166259 0.000134093
3.49037 0.016628 0.000110063
3.50982 0.0166297 8.75944e-05
3.52929 0.016631 6.63311e-05
3.54878 0.0166319 4.66926e-05
3.56826 0.0166326 3.23485e-05
3.58756 0.0166329 1.69991e-05
3.60668 0.0166329 -2.15192e-06
3.62586 0.0166324 -2.57693e-05
3.64518 0.0166313 -5.31768e-05
3.66452 0.0166297 -8.52361e-05
3.68387 0.0166273 -0.000123327
3.70328 0.016624 -0.000168583
3.72276 0.0166197 -0.00022171
3.74234 0.0166142 -0.000280809
3.76202 0.0166075 -0.000342411
3.78158 0.0165996 -0.000402411
3.80093 0.0165907 -0.000459555
3.8201 0.0165809 -0.000511415
3.83913 0.0165703 -0.000555459
3.85808 0.0165591 -0.00059202
3.87698 0.0165474 -0.000620652
3.89585 0.0165353 -0.000641502
3.91471 0.0165229 -0.000654812
3.93359 0.0165104 -0.000660995
3.95249 0.016498 -0.000660708
3.97143 0.0164856 -0.000654603
3.99043 0.0164733 -0.000642891
4.00949 0.0164614 -0.000625856
4.02863 0.0164499 -0.000603615
4.04783 0.0164388 -0.000576394
4.06707 0.0164283 -0.000544848
4.08632 0.0164185 -0.000510593
4.10553 0.0164094 -0.000475144
4.12467 0.0164009 -0.000440133
4.14372 0.0163932 -0.000406462
4.16269 0.0163861 -0.000375077
4.18161 0.0163795 -0.000346935
4.20053 0.0163734 -0.000323429
4.21952 0.0163676 -0.000305123
4.23864 0.016362 -0.000290699
4.25791 0.0163567 -0.000278747
4.27729 0.0163515 -0.000267478
4.29672 0.0163465 -0.000256014
4.31612 0.0163418 -0.000244473
4.33542 0.0163373 -0.000233485
4.35456 0.016333 -0.000223067
4.37353 0.016329 -0.000212248
4.39238 0.0163252 -0.000199798
4.41117 0.0163217 -0.000184807
4.43003 0.0163186 -0.000167096
4.44904 0.0163158 -0.000146034
4.46826 0.0163135 -0.000119123
4.48769 0.0163118 -8.63353e-05
4.50727 0.0163109 -4.79604e-05
4.52694 0.0163108 -6.39987e-06
4.54662 0.0163115 3.62687e-05
4.56626 0.016313 7.78777e-05
4.58579 0.0163153 0.000118237
4.60522 0.0163184 0.000156503
4.62456 0.0163221 0.000191523
4.64388 0.0163264 0.000221774
4.66323 0.0163311 0.000246691
4.68266 0.0163363 0.000266572
4.70216 0.0163418 0.00028089
4.72161 0.0163474 0.000289273
4.74102 0.0163531 0.000292302
4.7604 0.0163587 0.000290217
4.77976 0.0163642 0.000283807
4.79911 0.0163695 0.00027409
4.81847 0.0163746 0.000262433
4.83784 0.0163794 0.000250446
4.85722 0.0163841 0.000239107
4.87661 0.0163885 0.000228942
4.896 0.0163928 0.000220152
4.9154 0.0163969 0.000212908
4.9348 0.0164009 0.000207347
4.95419 0.0164049 0.000203568
4.97359 0.0164088 0.00020111
4.99302 0.0164127 0.000199367
5.01251 0.0164165 0.00019759
5.03208 0.0164203 0.000195315
5.05177 0.0164241 0.000192513
5.07159 0.0164279 0.000189437
5.09156 0.0164316 0.000186417
5.11167 0.0164353 0.000182921
5.13188 0.0164389 0.000178302
5.15214 0.0164423 0.000171413
5.17236 0.0164456 0.000161224
5.19248 0.0164486 0.00014735
5.21249 0.0164512 0.000129491
5.23241 0.0164533 0.000108028
5.25228 0.016455 8.39612e-05
5.27213 0.0164561 5.83806e-05
5.29198 0.0164568 3.22734e-05
5.31184 0.0164569 5.9658e-06
5.3317 0.0164565 -1.91684e-05
5.35156 0.0164557 -4.21127e-05
5.3714 0.0164544 -6.37985e-05
5.3912 0.0164527 -8.49501e-05
5.41096 0.0164506 -0.000105922
5.43059 0.0164481 -0.000127218
5.45011 0.0164453 -0.000147595
5.46953 0.016442 -0.000166253
5.48885 0.0164385 -0.000184436
5.50814 0.0164346 -0.000201179
5.5274 0.0164304 -0.000216439
5.54664 0.016426 -0.000230135
5.56588 0.0164213 -0.000242906
5.5851 0.0164164 -0.0002552
5.60429 0.0164113 -0.000267478
5.62345 0.0164059 -0.000280178
5.64256 0.0164003 -0.000293361
5.66166 0.0163945 -0.000306829
5.68075 0.0163883 -0.000320121
5.69986 0.016382 -0.000332353
5.719 0.0163754 -0.000342662
5.73817 0.0163687 -0.000350375
5.75736 0.0163619 -0.000355489
5.77655 0.016355 -0.000357437
5.79572 0.0163482 -0.000355567
5.81489 0.0163415 -0.000349705
5.83406 0.016335 -0.000339698
5.85323 0.0163288 -0.000325563
5.87242 0.0163229 -0.000307538
5.89167 0.0163173 -0.000286213
5.91098 0.0163123 -0.000262148
5.93036 0.0163077 -0.000236017
5.9498 0.0163037 -0.000208938
5.96928 0.0163001 -0.000182009
5.98878 0.0162971 -0.000156189
6.00825 0.0162945 -0.000131965
6.02767 0.0162924 -0.000109683
6.04702 0.0162906 -8.91596e-05
6.06629 0.0162893 -6.98019e-05
6.08549 0.0162883 -5.12229e-05
6.10464 0.0162877 -3.25619e-05
6.12379 0.0162874 -1.31015e-05
6.14295 0.0162876 7.70224e-06
6.16216 0.0162882 2.99925e-05
6.18143 0.0162892 5.37007e-05
6.20073 0.0162907 7.82023e-05
6.22007 0.0162927 0.000102914
6.23942 0.0162952 0.000127245
6.25877 0.0162981 0.000150569
6.2781 0.0163014 0.000172185
6.29741 0.0163051 0.000191377
6.31668 0.0163091 0.000207443
6.33591 0.0163133 0.000219872
6.35509 0.0163177 0.000228379
6.37422 0.0163222 0.00023309
6.3933 0.0163266 0.000234349
6.41235 0.0163311 0.000232646
6.43137 0.0163354 0.000228255
6.45039 0.0163396 0.000221364
6.46941 0.0163437 0.000212617
6.48846 0.0163475 0.000202908
6.50756 0.0163512 0.000193184
6.5267 0.0163547 0.000184065
6.5459 0.0163581 0.000175893
6.56514 0.0163614 0.000168948
6.58442 0.0163645 0.000163616
6.60372 0.0163676 0.000159723
6.62301 0.0163706 0.000156984
6.64228 0.0163736 0.000155411
6.66154 0.0163766 0.000154949
6.68076 0.0163796 0.000155559
6.69996 0.0163826 0.000157265
6.71915 0.0163857 0.000160627
6.73834 0.0163889 0.00016577
6.75752 0.0163922 0.000172755
6.77673 0.0163957 0.0001816
6.79596 0.0163994 0.000191757
6.81522 0.0164033 0.000202619
6.8345 0.0164074 0.000213622
6.85382 0.0164117 0.000224176
6.87316 0.0164162 0.000233201
6.89252 0.0164209 0.000239703
6.91188 0.0164256 0.000243153
6.93124 0.0164303 0.000243475
6.95059 0.0164349 0.00024064
6.96991 0.0164395 0.00023497
6.98919 0.0164439 0.000226861
7.00841 0.016448 0.000216577
7.02756 0.0164519 0.000204199
7.04664 0.0164556 0.00018997
7.06565 0.0164589 0.00017427
7.08461 0.0164619 0.000157454
7.10354 0.0164645 0.000139823
7.12244 0.0164668 0.000121615
7.14134 0.0164688 0.00010361
7.16025 0.0164704 8.50723e-05
7.1792 0.0164716 6.71154e-05
7.19817 0.0164726 5.00304e-05
7.21718 0.0164732 3.41108e-05
7.23621 0.0164736 1.95065e-05
7.25524 0.0164737 6.22475e-06
7.27428 0.0164736 -5.9754e-06
7.29331 0.0164733 -1.73999e-05
7.31233 0.0164727 -2.83144e-05
7.33135 0.016472 -3.89254e-05
7.35037 0.0164711 -4.93416e-05
7.36943 0.0164699 -5.9529e-05
7.38854 0.0164686 -6.93354e-05
7.40771 0.0164671 -7.85413e-05
7.42696 0.0164654 -8.68036e-05
7.44629 0.0164636 -9.37396e-05
7.4657 0.0164617 -9.88232e-05
7.48517 0.0164597 -0.000101762
7.50469 0.0164577 -0.000102598
7.52422 0.0164557 -0.000102054
7.54375 0.0164538 -0.000100471
7.56326 0.0164518 -9.87516e-05
7.58274 0.0164499 -9.75526e-05
7.60221 0.016448 -9.71553e-05
7.62167 0.0164461 -9.76642e-05
7.64114 0.0164442 -9.90161e-05
7.66063 0.0164422 -0.000100981
7.68015 0.0164402 -0.000103375
7.6997 0.0164382 -0.000105996
7.71929 0.016436 -0.000108729
7.73891 0.0164338 -0.000111612
7.75855 0.0164316 -0.000114688
7.77821 0.0164293 -0.000117821
7.79789 0.0164269 -0.000120892
7.81758 0.0164244 -0.000123908
7.83729 0.0164219 -0.000126869
7.85704 0.0164194 -0.000129745
7.8768 0.0164168 -0.00013253
7.89653 0.0164141 -0.000135303
7.91625 0.0164114 -0.000138382
7.93595 0.0164086 -0.000141504
7.95567 0.0164057 -0.000144183
7.97542 0.0164028 -0.000146269
7.99521 0.0163999 -0.000147676
8.01506 0.016397 -0.000148204
8.03498 0.016394 -0.000147772
8.05497 0.0163911 -0.000146319
8.07501 0.0163882 -0.000143696
8.09509 0.0163854 -0.000139896
8.11521 0.0163827 -0.000134902
8.13534 0.0163801 -0.0001292
8.15546 0.0163776 -0.00012335
8.17557 0.0163753 -0.000117206
8.19566 0.0163731 -0.000110263
8.21574 0.016371 -0.000102349
8.2358 0.0163691 -9.30002e-05
8.25584 0.0163675 -8.18078e-05
8.27586 0.0163661 -6.85274e-05
8.29585 0.0163651 -5.31447e-05
8.31579 0.0163643 -3.60831e-05
8.3357 0.016364 -1.80687e-05
8.35555 0.016364 1.4836e-07
8.37535 0.0163643 1.78863e-05
8.3951 0.016365 3.46046e-05
8.41481 0.016366 4.96847e-05
8.43449 0.0163672 6.24697e-05
8.45415 0.0163687 7.25409e-05
8.47383 0.0163702 7.92514e-05
8.49354 0.0163718 8.26545e-05
8.5133 0.0163735 8.22778e-05
8.53313 0.016375 7.86433e-05
8.55304 0.0163765 7.24096e-05
8.57302 0.0163778 6.46878e-05
8.59282 0.0163789 5.61423e-05
8.61252 0.0163798 4.80388e-05
8.63216 0.0163806 4.13724e-05
8.6518 0.0163814 3.67002e-05
8.6715 0.016382 3.43842e-05
8.69125 0.0163827 3.45783e-05
8.71093 0.0163834 3.69963e-05
8.73053 0.0163843 4.14897e-05
8.75006 0.0163852 4.78965e-05
8.76956 0.0163863 5.59821e-05
8.78907 0.0163876 6.55713e-05
8.80862 0.0163891 7.65103e-05
8.82823 0.0163908 8.83186e-05
8.84791 0.0163928 0.000100545
8.86765 0.016395 0.000112415
8.88749 0.0163975 0.000123995
8.90739 0.0164001 0.000134959
8.92732 0.016403 0.000144771
8.94728 0.0164061 0.00015259
8.96721 0.0164092 0.000157755
8.98709 0.0164124 0.000159912
9.0069 0.0164155 0.000159009
9.02662 0.0164186 0.000155272
9.04628 0.0164215 0.000149077
9.06589 0.0164243 0.000140636
9.08551 0.0164268 0.00013041
9.10515 0.0164292 0.00011886
9.12485 0.0164313 0.000106495
9.14462 0.0164331 9.38954e-05
9.16446 0.0164348 8.19023e-05
9.18437 0.0164362 7.14501e-05
9.20432 0.0164374 6.33235e-05
9.22421 0.0164386 5.85088e-05
9.24397 0.0164398 5.80023e-05
9.2636 0.016441 6.37451e-05
9.28306 0.0164424 7.30197e-05
9.3024 0.0164441 8.49339e-05
9.32169 0.016446 9.88316e-05
9.341 0.0164482 0.000114169
9.36037 0.0164507 0.000128064
9.37984 0.0164533 0.00013784
9.39938 0.0164561 0.000142659
9.41892 0.0164589 0.000140558
9.4384 0.0164615 0.00013379
9.45777 0.0164639 0.000123631
9.47699 0.016466 0.000110184
9.49603 0.0164678 9.41893e-05
9.51491 0.0164692 7.53111e-05
9.53369 0.0164702 5.3638e-05
9.55242 0.0164708 2.96811e-05
9.57117 0.0164709 4.35862e-06
9.58999 0.0164705 -2.16067e-05
9.60892 0.0164696 -4.76635e-05
9.62799 0.0164682 -7.30454e-05
9.64719 0.0164663 -9.73012e-05
9.66652 0.016464 -0.000119587
9.68596 0.0164613 -0.000138143
9.70542 0.0164583 -0.000151484
9.72481 0.0164553 -0.000159412
9.74414 0.0164521 -0.000162869
