t x vx
0.01 0.016497 -0.000301042
0.02 0.0164876 -0.000941611
0.0322166 0.0164664 -0.00172952
0.0448722 0.0164342 -0.00254864
0.057971 0.0163896 -0.0034066
0.0713196 0.0163324 -0.00428489
0.0848572 0.0162625 -0.00516207
0.0984237 0.016181 -0.00600772
0.11198 0.016089 -0.0067829
0.125522 0.0159883 -0.0074365
0.139053 0.0158808 -0.00794497
0.152617 0.0157688 -0.00825995
0.166173 0.0156554 -0.00836111
0.179677 0.015544 -0.0082551
0.193037 0.0154379 -0.00793884
0.206298 0.0153399 -0.00739058
0.219075 0.0152534 -0.00677258
0.232077 0.0151741 -0.00609813
0.245331 0.0151032 -0.00534409
0.258299 0.0150441 -0.00456106
0.271396 0.0149952 -0.0037364
0.285231 0.0149548 -0.00291735
0.299285 0.0149242 -0.00217435
0.313506 0.0149032 -0.00147951
0.327925 0.0148911 -0.000841567
0.342537 0.014886 -0.000343778
0.357118 0.0148868 5.23175e-05
0.371619 0.0148928 0.000410256
0.386086 0.0149029 0.000702167
0.4005 0.0149168 0.000962063
0.414757 0.0149328 0.00112155
0.429129 0.0149504 0.00122368
0.443541 0.0149686 0.00126653
0.457849 0.0149869 0.0012792
0.472051 0.0150053 0.00129251
0.486158 0.0150238 0.00131479
0.500125 0.0150428 0.00135649
0.513811 0.0150625 0.00144092
0.527259 0.0150841 0.00160404
0.540636 0.0151092 0.00188057
0.554041 0.0151399 0.00228594
0.567452 0.0151777 0.00282114
0.580836 0.0152241 0.00347102
0.594221 0.0152806 0.0042155
0.607663 0.0153484 0.00504506
0.62119 0.0154287 0.00593701
0.634766 0.0155214 0.00682986
0.648486 0.0156271 0.00770003
0.662248 0.0157443 0.00852286
0.675979 0.0158718 0.00928074
0.689707 0.0160088 0.00998253
0.703444 0.0161549 0.0106343
0.717205 0.016309 0.0111975
0.730998 0.0164694 0.0116286
0.744695 0.0166329 0.0119392
0.758276 0.0167978 0.012141
0.771739 0.0169619 0.0121885
0.785061 0.0171229 0.0120809
0.798207 0.0172784 0.0118342
0.811198 0.0174272 0.0114542
0.824087 0.0175683 0.0109433
0.836497 0.0176964 0.0103247
0.8488 0.0178148 0.00962086
0.861064 0.017923 0.0088261
0.873251 0.01802 0.00795655
0.88581 0.0181078 0.00699081
0.898642 0.0181843 0.00596547
0.911578 0.0182477 0.00490095
0.924568 0.0182978 0.00385415
0.937726 0.0183351 0.00283788
0.950805 0.0183594 0.00185535
0.963635 0.0183714 0.000932992
0.976424 0.0183719 4.35106e-05
0.989229 0.0183618 -0.000792047
1.00201 0.0183422 -0.00153231
1.01497 0.0183137 -0.00219988
1.02794 0.0182773 -0.00280536
1.0411 0.0182333 -0.00334166
1.0543 0.0181837 -0.00375951
1.06739 0.0181308 -0.0040454
1.08018 0.0180773 -0.00418069
1.09285 0.0180247 -0.00414484
1.10549 0.0179749 -0.00394742
1.11813 0.0179294 -0.00359731
1.13084 0.01789 -0.00309865
1.14341 0.0178588 -0.00247937
1.15571 0.0178371 -0.00176531
1.1681 0.0178254 -0.000949207
1.18074 0.0178248 -4.50041e-05
1.1934 0.0178363 0.000906065
1.20579 0.0178591 0.00184145
1.2179 0.0178921 0.00272416
1.23009 0.0179353 0.00354851
1.24257 0.017989 0.00429549
1.25516 0.0180509 0.00492287
1.26787 0.0181195 0.00539563
1.28063 0.018192 0.00568376
1.29339 0.0182658 0.00578188
1.30614 0.0183384 0.00569226
1.31893 0.0184078 0.00542824
1.33175 0.0184719 0.00500574
1.34445 0.0185284 0.00444056
1.35689 0.0185751 0.00375841
1.36884 0.0186112 0.00301545
1.38061 0.0186375 0.00223746
1.39203 0.0186543 0.00147035
1.40327 0.0186625 0.000731822
1.41472 0.0186627 1.71632e-05
1.42649 0.018655 -0.000651883
1.43863 0.0186399 -0.00124982
1.45096 0.0186184 -0.00174045
1.46355 0.0185918 -0.00211202
1.47653 0.0185611 -0.00236777
1.48993 0.0185276 -0.00249776
1.50343 0.0184937 -0.00251524
1.51679 0.0184611 -0.0024341
1.52984 0.0184317 -0.00225438
1.54246 0.0184064 -0.0020064
1.55488 0.0183849 -0.00172791
1.56768 0.0183667 -0.00142663
1.58007 0.0183527 -0.00112541
1.59167 0.0183428 -0.000853288
1.60301 0.0183359 -0.000607522
1.61459 0.0183315 -0.000382402
1.62631 0.0183292 -0.000196754
1.638 0.0183283 -7.60525e-05
1.65008 0.0183279 -3.14776e-05
1.66253 0.0183271 -6.84243e-05
1.67548 0.0183245 -0.000195515
1.68881 0.0183191 -0.000404989
1.70191 0.0183104 -0.000670889
1.71501 0.0182975 -0.000978172
1.72784 0.0182807 -0.00130894
1.74075 0.0182593 -0.00165808
1.75388 0.0182329 -0.00201269
1.76733 0.0182014 -0.00234238
1.78095 0.0181657 -0.00262246
1.7948 0.0181263 -0.0028419
1.80816 0.0180865 -0.00297924
1.82129 0.0180467 -0.00303403
1.8339 0.0180088 -0.00300739
1.84645 0.0179722 -0.00291446
1.8594 0.0179365 -0.00275281
1.87207 0.0179043 -0.00254783
1.88449 0.0178756 -0.00231024
1.8969 0.0178501 -0.00204966
1.90929 0.017828 -0.00178766
1.92154 0.0178092 -0.00153659
1.93383 0.0177932 -0.00129773
1.94637 0.0177799 -0.0010641
1.95922 0.0177691 -0.000841329
1.97234 0.0177608 -0.000631209
1.98553 0.0177547 -0.000460783
1.9987 0.0177501 -0.000350096
2.01195 0.017746 -0.000311099
2.02539 0.0177414 -0.000339622
2.03878 0.0177358 -0.000420188
2.05201 0.0177287 -0.000532872
2.06537 0.0177197 -0.000673712
2.07882 0.0177085 -0.000834441
2.09212 0.0176954 -0.000988519
2.10549 0.0176804 -0.00111931
2.11863 0.0176644 -0.00121995
2.13158 0.0176475 -0.0012987
2.14454 0.01763 -0.00135588
2.15766 0.0176118 -0.00138335
2.17087 0.0175938 -0.0013629
2.18366 0.0175773 -0.00129349
2.19612 0.0175625 -0.00118795
2.20853 0.0175493 -0.00105955
2.22094 0.0175379 -0.000917357
2.23336 0.0175285 -0.000761008
2.24582 0.0175212 -0.000584005
2.25842 0.0175163 -0.00038956
2.27089 0.0175138 -0.000198521
2.28317 0.0175135 -2.99898e-05
2.29542 0.0175147 0.000102517
2.30777 0.017517 0.00018938
2.32032 0.0175199 0.00022529
2.3331 0.0175225 0.000209097
2.3461 0.0175244 0.000145516
2.35929 0.017525 4.36287e-05
2.37237 0.0175239 -8.617e-05
2.3858 0.0175209 -0.000226228
2.39947 0.0175159 -0.000359666
2.413 0.0175094 -0.00048248
2.4266 0.0175014 -0.000590131
2.4401 0.0174921 -0.000685968
2.45332 0.0174821 -0.000760488
2.46643 0.0174716 -0.00079601
2.47929 0.0174616 -0.000784097
2.49188 0.0174523 -0.000736568
2.50459 0.0174439 -0.000657406
2.51737 0.0174369 -0.000551726
2.53012 0.0174316 -0.000414433
2.54285 0.0174285 -0.000245153
2.55557 0.0174278 -5.56808e-05
2.56823 0.0174295 0.00014079
2.58089 0.0174336 0.000322966
2.59359 0.0174398 0.00048787
2.60632 0.0174478 0.000626773
2.61898 0.017457 0.000724801
2.63148 0.0174665 0.000763256
2.64382 0.0174758 0.000753219
2.65601 0.0174845 0.000714405
2.66805 0.0174924 0.000655863
2.67996 0.0174993 0.000577486
2.69176 0.017505 0.000479855
2.70347 0.0175093 0.000366936
2.71511 0.0175121 0.000242372
2.72673 0.0175134 0.000116277
2.73836 0.0175134 -2.68773e-06
2.75005 0.0175121 -0.000107406
2.76185 0.01751 -0.000185276
2.77384 0.017507 -0.000244817
2.78573 0.0175037 -0.000281726
2.79742 0.0175003 -0.000291054
2.80901 0.0174972 -0.000266169
2.82058 0.0174947 -0.000217385
2.83224 0.0174929 -0.000149173
2.84406 0.0174922 -6.44952e-05
2.85614 0.0174925 3.11639e-05
2.8686 0.0174943 0.000143643
2.88125 0.0174977 0.000267796
2.89411 0.0175026 0.00037901
2.9072 0.0175084 0.000446046
2.92048 0.0175147 0.000470242
2.93371 0.0175209 0.000470627
2.94687 0.017527 0.000462997
2.95994 0.0175328 0.000445929
2.97293 0.0175382 0.000416166
2.98589 0.0175431 0.000375585
2.99886 0.0175474 0.000333207
3.0119 0.0175513 0.000297609
3.02508 0.0175547 0.000259445
3.03827 0.0175573 0.000196004
3.05122 0.0175589 0.000125959
3.06428 0.0175596 5.29821e-05
3.07762 0.0175595 -8.96682e-06
3.09142 0.0175589 -4.47167e-05
3.10555 0.0175581 -5.35771e-05
3.11934 0.0175573 -5.92435e-05
3.13333 0.0175567 -4.41702e-05
3.14675 0.0175567 -3.42201e-06
3.15988 0.0175575 6.2139e-05
3.17278 0.0175594 0.000150839
3.18549 0.0175625 0.000240515
3.19813 0.0175666 0.000327961
3.21074 0.0175719 0.000415779
3.22337 0.0175783 0.000506531
3.23606 0.0175857 0.000589023
3.24886 0.017594 0.000646919
3.26177 0.0176028 0.000683654
3.27481 0.017612 0.000700762
3.28794 0.0176213 0.000707579
3.30116 0.0176304 0.000690612
3.31441 0.0176389 0.00063894
3.32766 0.0176462 0.000550634
3.3407 0.017652 0.000451199
3.35376 0.0176566 0.000345702
3.36683 0.0176597 0.000239748
3.37989 0.0176615 0.00014089
3.39298 0.0176622 5.12939e-05
3.4062 0.0176618 -2.89201e-05
3.41955 0.0176606 -9.32027e-05
3.43305 0.0176588 -0.000133378
3.44667 0.0176567 -0.000152871
3.46017 0.0176545 -0.000159276
3.47334 0.0176527 -0.000143576
3.48652 0.0176513 -0.000105075
3.49989 0.0176507 -4.37097e-05
3.51317 0.0176513 4.43986e-05
3.52614 0.0176532 0.00014541
3.53888 0.0176564 0.000251837
3.55149 0.0176609 0.000363245
3.56404 0.0176669 0.000472718
3.57663 0.017674 0.000567729
3.58929 0.017682 0.000633071
3.60206 0.0176906 0.000670404
3.61495 0.0176994 0.000683956
3.62795 0.0177082 0.000672461
3.64107 0.0177166 0.000644051
3.65429 0.0177245 0.000599324
3.66758 0.0177317 0.000537824
3.68092 0.0177379 0.000467796
3.6943 0.0177432 0.00039318
3.70773 0.0177475 0.00031895
3.72121 0.0177506 0.000230905
3.73451 0.0177524 0.000137595
3.74782 0.0177531 5.23131e-05
3.76131 0.017753 -9.60719e-06
3.775 0.0177524 -3.90802e-05
3.78865 0.0177519 -4.01957e-05
3.80222 0.0177513 -4.08358e-05
3.8157 0.0177506 -5.82315e-05
3.82875 0.0177496 -7.08674e-05
3.8418 0.0177487 -7.0396e-05
3.85497 0.0177481 -4.3503e-05
3.86775 0.0177481 -3.74761e-06
3.88051 0.0177487 4.44128e-05
3.89337 0.0177499 9.93473e-05
3.90612 0.0177522 0.000175009
3.91886 0.0177554 0.000257856
3.9316 0.0177597 0.000337305
3.94435 0.0177647 0.000391056
3.95713 0.01777 0.00041204
3.96996 0.0177752 0.000402344
3.98285 0.0177798 0.000362337
3.99579 0.0177837 0.000296176
4.00878 0.0177863 0.000203082
4.02184 0.0177876 9.576e-05
4.03498 0.0177875 -6.79546e-06
4.04826 0.017786 -0.000109373
4.06166 0.0177831 -0.000219627
4.07512 0.0177784 -0.000345702
4.08856 0.0177719 -0.000485848
4.1018 0.0177637 -0.00061482
4.11517 0.017754 -0.000726142
4.12877 0.0177431 -0.000804367
4.14197 0.0177318 -0.000853783
4.15522 0.0177202 -0.000875552
4.16886 0.0177085 -0.000859947
4.18275 0.0176975 -0.000794074
4.19645 0.017688 -0.000690121
4.20994 0.0176805 -0.000554118
4.22327 0.0176751 -0.000407847
4.23641 0.0176715 -0.000275517
4.24937 0.0176694 -0.000158197
4.26219 0.0176687 -5.47047e-05
4.27494 0.0176691 2.9816e-05
4.28766 0.0176702 8.84369e-05
4.30043 0.0176718 0.000125234
4.31329 0.0176738 0.000153324
4.32627 0.0176762 0.000183299
4.33939 0.0176788 0.000201241
4.35267 0.0176817 0.000216503
4.36612 0.0176845 0.000204594
4.37964 0.0176866 0.000161153
4.39316 0.0176879 9.29424e-05
4.407 0.0176879 1.64455e-06
4.4208 0.0176863 -0.000114752
4.43419 0.0176832 -0.000236078
4.44761 0.0176785 -0.000344125
4.46133 0.0176727 -0.000422869
4.47518 0.0176663 -0.000462028
4.48889 0.0176599 -0.00047076
4.50274 0.0176535 -0.000460222
4.51608 0.0176475 -0.000451356
4.52912 0.0176418 -0.000434549
4.54222 0.0176366 -0.000401792
4.55572 0.017632 -0.000339992
4.5687 0.0176285 -0.000265346
4.58168 0.0176261 -0.00018905
4.59511 0.0176247 -0.000106037
4.60832 0.0176246 -7.04154e-06
4.62136 0.0176258 9.82042e-05
4.63434 0.0176285 0.000203688
4.64726 0.0176323 0.000292557
4.66023 0.0176367 0.000341192
4.67329 0.0176413 0.000356143
4.68647 0.0176459 0.000343042
4.69987 0.01765 0.000305447
4.71351 0.0176531 0.000231092
4.72684 0.0176548 0.000129622
4.74024 0.017655 9.75612e-06
4.75413 0.0176534 -0.000109816
4.76829 0.0176502 -0.000228212
4.78223 0.0176456 -0.000331883
4.79596 0.0176398 -0.000418819
4.80954 0.0176331 -0.000494994
4.82268 0.0176261 -0.000534497
4.83576 0.0176191 -0.000533127
4.8488 0.0176128 -0.000483326
4.86158 0.0176077 -0.000401402
4.87452 0.0176038 -0.000303679
4.88774 0.0176012 -0.000190503
4.90079 0.0176005 -5.35208e-05
4.91375 0.0176017 8.71399e-05
4.92669 0.0176045 0.000215901
4.9396 0.0176086 0.00031965
4.95254 0.0176137 0.000391515
4.96553 0.0176193 0.00043532
4.9786 0.0176254 0.000465039
4.99176 0.0176315 0.000462731
5.00501 0.017637 0.000414807
5.01836 0.0176412 0.000319681
5.0318 0.0176439 0.000201485
5.0451 0.017645 7.6967e-05
5.05859 0.0176443 -5.26361e-05
5.07224 0.0176418 -0.000181317
5.08603 0.0176375 -0.000310635
5.09983 0.0176314 -0.000440467
5.11309 0.0176242 -0.000547127
5.12575 0.0176164 -0.000611945
5.13775 0.0176088 -0.000637813
5.14918 0.0176016 -0.000626962
5.16017 0.0175951 -0.00059404
5.17079 0.0175893 -0.000540058
5.18114 0.0175844 -0.000473699
5.1913 0.0175804 -0.000394007
5.20135 0.0175774 -0.000302926
5.21135 0.0175753 -0.000204437
5.22138 0.0175743 -0.000104719
5.23148 0.0175742 -1.00573e-05
5.24169 0.017575 7.6808e-05
5.25166 0.0175765 0.000155818
5.26149 0.0175788 0.000234381
5.27124 0.0175818 0.000308968
5.28108 0.0175855 0.000370421
5.29121 0.0175897 0.000411651
5.30157 0.017594 0.000423583
5.31216 0.0175984 0.000406357
5.32303 0.0176023 0.000367727
5.33424 0.0176059 0.000318899
5.3459 0.017609 0.000262181
5.35805 0.0176113 0.000190775
5.3704 0.0176127 0.000110801
5.38302 0.017613 2.79954e-05
5.39595 0.0176121 -6.96555e-05
5.40809 0.01761 -0.000175727
5.41949 0.0176069 -0.000268954
5.43047 0.0176032 -0.000338503
5.44126 0.017599 -0.000387159
5.452 0.0175946 -0.000411749
5.46281 0.0175901 -0.000415721
5.47379 0.0175857 -0.000399524
5.48508 0.0175817 -0.000354672
5.49681 0.0175784 -0.000280262
5.50906 0.0175763 -0.000174171
5.52104 0.0175754 -7.42271e-05
5.53283 0.0175755 1.17939e-05
5.54483 0.0175766 8.58336e-05
5.55722 0.0175784 0.000149778
5.56994 0.017581 0.000199671
5.58256 0.0175839 0.000229755
5.59517 0.0175868 0.000229408
5.60782 0.0175893 0.000202473
5.62053 0.0175912 0.000150649
5.63341 0.0175922 7.25566e-05
5.64655 0.0175918 -2.83069e-05
5.65959 0.0175898 -0.000153093
5.67212 0.0175863 -0.000279132
5.68473 0.0175812 -0.000404806
5.69772 0.0175745 -0.00051452
5.7113 0.0175664 -0.000598737
5.7252 0.0175575 -0.000642917
5.73919 0.0175481 -0.00066801
5.75285 0.0175391 -0.000660035
5.76609 0.0175309 -0.000617186
5.77905 0.0175238 -0.000551017
5.79186 0.0175177 -0.000475529
5.80461 0.0175126 -0.000397583
5.81737 0.0175087 -0.000310501
5.83013 0.0175059 -0.000218268
5.84294 0.0175043 -0.000123588
5.85585 0.017504 -2.02241e-05
5.86888 0.0175051 7.9517e-05
5.88195 0.0175073 0.000171698
5.89511 0.0175108 0.000266412
5.90804 0.0175153 0.000348733
5.92082 0.0175207 0.000417477
5.93356 0.0175264 0.000450201
5.94634 0.0175322 0.000456097
5.95917 0.0175379 0.000444737
5.97199 0.0175433 0.000418439
5.98477 0.0175482 0.000386334
5.99759 0.0175528 0.000356821
6.0105 0.0175571 0.000333779
6.02336 0.0175609 0.000297479
6.03614 0.0175641 0.000245873
6.04881 0.0175665 0.000187808
6.06139 0.017568 0.000122781
6.074 0.0175686 4.74932e-05
6.0867 0.0175682 -3.44435e-05
6.09942 0.0175667 -0.00011526
6.11229 0.0175643 -0.000185607
6.12532 0.0175613 -0.000234401
6.13853 0.0175578 -0.000264063
6.15174 0.0175541 -0.000276466
6.16492 0.0175505 -0.000271283
6.17804 0.0175472 -0.000251722
6.19112 0.0175443 -0.000222074
6.20421 0.0175418 -0.000194539
6.21732 0.0175396 -0.00016663
6.23032 0.0175378 -0.000137281
6.24317 0.0175364 -0.000108386
6.25592 0.0175355 -7.39837e-05
6.26863 0.017535 -3.59629e-05
6.28141 0.017535 -2.61049e-06
6.29413 0.0175353 2.65982e-05
6.30684 0.0175361 5.72601e-05
6.3196 0.0175372 8.75772e-05
6.33245 0.0175387 0.000116761
6.34509 0.0175404 0.000132553
6.35755 0.0175422 0.000146715
6.36993 0.0175441 0.000155476
6.38227 0.017546 0.000153627
6.39445 0.0175478 0.000145245
6.40648 0.0175494 0.000131377
6.41838 0.0175507 0.000115065
