t x vx
0.01 0.0164641 -0.00359037
0.02 0.0163569 -0.0107196
0.0257793 0.0162724 -0.0146154
0.0323166 0.0161507 -0.0186161
0.0388925 0.0160046 -0.0222277
0.0456192 0.0158333 -0.0254618
0.0523916 0.0156421 -0.0282254
0.0591829 0.0154351 -0.0304867
0.0659843 0.0152164 -0.0321579
0.0728207 0.0149896 -0.0331665
0.07966 0.0147611 -0.0334203
0.0864762 0.0145373 -0.0328239
0.0933352 0.0143226 -0.0312995
0.0999765 0.0141295 -0.0290823
0.106729 0.0139537 -0.0260401
0.11328 0.0138065 -0.0224707
0.119906 0.0136849 -0.0183489
0.126095 0.013597 -0.0142025
0.13296 0.0135334 -0.0092612
0.139379 0.0135049 -0.00444118
0.146081 0.0135089 0.000591502
0.153293 0.0135501 0.00571345
0.160894 0.013633 0.0109045
0.168461 0.0137525 0.0157944
0.17612 0.013909 0.0204346
0.183648 0.0140953 0.0247442
0.191192 0.0143112 0.0286243
0.198575 0.0145481 0.0320883
0.205862 0.0148039 0.0351063
0.213096 0.0150764 0.0376668
0.2203 0.0153626 0.0397204
0.227366 0.0156535 0.0411764
0.234391 0.0159493 0.042105
0.241468 0.0162491 0.0423619
0.248458 0.0165425 0.0419828
0.255418 0.0168279 0.0410019
0.262265 0.0170976 0.0393884
0.269019 0.0173491 0.0372349
0.275669 0.0175796 0.0346608
0.282239 0.0177881 0.0317421
0.289013 0.0179808 0.0284416
0.295452 0.0181422 0.0250647
0.30199 0.0182824 0.021441
0.308616 0.018399 0.017602
0.31528 0.0184901 0.0136658
0.321799 0.0185538 0.0097726
0.328324 0.0185925 0.00593989
0.334836 0.0186074 0.0022824
0.341402 0.0185995 -0.00120073
0.348098 0.0185695 -0.0044806
0.354973 0.0185182 -0.0074716
0.362157 0.0184456 -0.0100957
0.369582 0.018355 -0.0122109
0.376566 0.0182595 -0.0136718
0.383433 0.0181596 -0.0145507
0.390341 0.0180564 -0.0149248
0.397099 0.0179564 -0.0148065
0.403748 0.0178622 -0.0141707
0.410239 0.0177774 -0.0130562
0.416678 0.0177034 -0.0115004
0.423264 0.0176407 -0.0095222
0.430116 0.017592 -0.00709422
0.436968 0.0175621 -0.00436972
0.4437 0.0175521 -0.00148692
0.450189 0.0175615 0.00144667
0.45646 0.0175888 0.0043547
0.462814 0.0176351 0.00728497
0.469135 0.0176992 0.0101422
0.475392 0.0177797 0.0128676
0.481701 0.0178772 0.0154503
0.488142 0.0179922 0.0178532
0.494544 0.0181197 0.0199147
0.501016 0.0182589 0.0215185
0.507568 0.0184071 0.0226133
0.514257 0.0185616 0.0231022
0.521006 0.0187162 0.0229065
0.527708 0.0188635 0.0219719
0.534255 0.0189976 0.020481
0.540635 0.0191161 0.0185741
0.54686 0.0192183 0.0164297
0.552813 0.0193033 0.0142788
0.558829 0.0193755 0.0119881
0.564514 0.0194315 0.00985645
0.57025 0.0194758 0.00772582
0.576061 0.0195082 0.0055716
0.582356 0.019529 0.00331068
0.584831 0.019535 0.0024317
0.587432 0.0195391 0.00153962
0.590127 0.0195407 0.000621188
0.593004 0.0195397 -0.000347073
0.595996 0.0195358 -0.00131753
0.599004 0.019529 -0.00226275
0.602056 0.0195193 -0.00317231
0.609664 0.01948 -0.00515837
0.617117 0.0194302 -0.00669408
0.624797 0.0193699 -0.00785286
0.632082 0.0193074 -0.00857107
0.639299 0.0192438 -0.00881169
0.646653 0.0191803 -0.00863806
0.653986 0.0191213 -0.00804337
0.661228 0.0190712 -0.00692166
0.668386 0.0190328 -0.00535837
0.675476 0.0190087 -0.00340756
0.68251 0.0190009 -0.00110345
0.68941 0.0190108 0.00143923
0.696123 0.0190385 0.00412224
0.702887 0.0190853 0.00691691
0.709624 0.0191506 0.0096887
0.715938 0.0192278 0.0122363
0.722148 0.0193184 0.0145808
0.728369 0.0194219 0.0166488
0.734586 0.0195363 0.0183927
0.737089 0.019584 0.0190708
0.739608 0.0196336 0.0196895
0.742108 0.0196842 0.0202466
0.744586 0.0197356 0.0207432
0.747071 0.0197882 0.0211431
0.74953 0.0198408 0.0213918
0.751869 0.0198912 0.0215737
0.754339 0.0199448 0.0216651
0.756699 0.0199961 0.0217339
0.758966 0.0200454 0.0217605
0.761186 0.0200936 0.0217264
0.763384 0.0201411 0.0216138
0.765602 0.0201886 0.0214143
0.767863 0.0202365 0.0211546
0.770132 0.0202838 0.020851
0.772104 0.0203243 0.0205797
0.774279 0.0203682 0.0201634
0.776461 0.0204111 0.0196774
0.778879 0.0204572 0.0190472
0.781303 0.0205018 0.0184062
0.783716 0.0205446 0.0177178
0.786119 0.0205852 0.0169256
0.788516 0.0206238 0.016069
0.790912 0.02066 0.0151365
0.793313 0.0206939 0.0141222
0.795718 0.0207254 0.0130809
0.798134 0.0207545 0.0120318
0.800568 0.0207812 0.0109879
0.80303 0.0208057 0.00994287
0.80541 0.020827 0.00894225
0.80755 0.0208442 0.00803517
0.809757 0.0208598 0.00710536
0.81202 0.0208738 0.00616224
0.814424 0.0208862 0.00517512
0.816868 0.0208965 0.00422129
0.81934 0.0209047 0.00328972
0.821801 0.0209105 0.00237196
0.824266 0.0209141 0.00145966
0.826743 0.0209154 0.000532461
0.829236 0.0209145 -0.000364733
0.831752 0.0209114 -0.00122446
0.834317 0.0209063 -0.00202012
0.836974 0.0208987 -0.00283305
0.839765 0.0208886 -0.00363772
0.842662 0.0208757 -0.00443012
0.845598 0.0208605 -0.00518
0.848571 0.0208432 -0.00584024
0.851566 0.0208237 -0.0064933
0.854535 0.0208028 -0.00704404
0.857481 0.0207806 -0.00754879
0.860397 0.0207572 -0.00801101
0.863273 0.020733 -0.00843027
0.866113 0.020708 -0.00880298
0.868939 0.0206822 -0.00913302
0.871772 0.0206555 -0.00942213
0.874606 0.0206281 -0.00966775
0.877443 0.0206001 -0.00987087
0.880289 0.0205715 -0.0100324
0.883142 0.0205426 -0.0101465
0.885917 0.0205142 -0.0102033
0.888443 0.0204885 -0.0102107
0.890784 0.0204646 -0.010173
0.892994 0.0204423 -0.0100908
0.895116 0.0204212 -0.00996748
0.897177 0.020401 -0.00980311
0.899201 0.0203816 -0.00959771
0.901208 0.0203628 -0.00934855
0.903215 0.0203446 -0.00905773
0.905239 0.020327 -0.00872699
0.907299 0.0203097 -0.00836025
0.909416 0.0202929 -0.00796432
0.911612 0.0202763 -0.00753533
0.913915 0.0202601 -0.0070623
0.916361 0.0202441 -0.00652203
0.918888 0.0202292 -0.00591407
0.921383 0.0202161 -0.0052358
0.923856 0.020205 -0.00448421
0.926323 0.020196 -0.00366381
0.9288 0.0201891 -0.00277396
0.931257 0.0201845 -0.00187349
0.933631 0.0201822 -0.000968884
0.93596 0.0201821 -4.60492e-05
0.938276 0.0201842 0.0008942
0.940608 0.0201885 0.00185004
0.942982 0.0201953 0.0028624
0.945426 0.0202049 0.00394384
0.947921 0.0202176 0.00507692
0.950386 0.0202329 0.00621393
0.952781 0.0202505 0.00734582
0.955135 0.0202704 0.00847673
0.957429 0.0202924 0.00957118
0.959579 0.0203152 0.0105885
0.961599 0.0203385 0.0115377
0.96351 0.0203622 0.0124345
0.965335 0.0203865 0.013283
0.967096 0.0204113 0.0140871
0.968809 0.0204367 0.0148559
0.97049 0.020463 0.0156055
0.972153 0.0204901 0.0163524
0.97381 0.0205185 0.0171057
0.975477 0.0205483 0.0178646
0.977168 0.0205798 0.0186184
0.978879 0.0206128 0.0193332
0.980631 0.0206479 0.0199868
0.982461 0.0206855 0.0205847
0.984402 0.0207266 0.0211527
0.986225 0.0207661 0.0216702
0.987937 0.020804 0.022134
0.989568 0.0208408 0.0225706
0.991141 0.020877 0.0230076
0.99268 0.020913 0.0234172
0.994207 0.0209493 0.0237777
0.995744 0.0209863 0.0240774
0.997315 0.0210245 0.0242992
0.998864 0.0210623 0.0244096
1.00032 0.021098 0.0244629
1.00179 0.021134 0.0244771
1.00327 0.0211702 0.0244476
1.00483 0.0212081 0.0243358
1.00649 0.0212482 0.0241126
1.00834 0.0212922 0.0238243
1.01042 0.0213409 0.0234522
1.01243 0.0213873 0.023081
1.01435 0.0214308 0.0226442
1.0162 0.0214718 0.0221636
1.01798 0.0215105 0.0216644
1.01971 0.021547 0.0211586
1.02139 0.0215817 0.0206447
1.02303 0.0216147 0.0201292
1.02463 0.0216461 0.0196013
1.02621 0.0216762 0.0190591
1.02777 0.021705 0.0184897
1.02931 0.0217326 0.017891
1.03084 0.0217589 0.0172605
1.03235 0.021784 0.0166017
1.03385 0.021808 0.0159432
1.03534 0.0218308 0.0152694
1.03683 0.0218524 0.014585
1.0383 0.0218728 0.0138935
