t x vx
0.01 0.0164997 -3.29589e-05
0.02 0.0164999 1.89653e-05
0.0314701 0.0165008 7.92791e-05
0.0433279 0.0165025 0.000142915
0.0557219 0.0165051 0.000215879
0.0684182 0.0165089 0.000296581
0.0813538 0.0165139 0.000386383
0.0944321 0.0165202 0.000483
0.107553 0.016528 0.000590628
0.120717 0.0165372 0.000704911
0.133871 0.0165479 0.000812277
0.146991 0.0165597 0.000900077
0.159923 0.0165721 0.000956765
0.172367 0.0165855 0.00107178
0.184378 0.0165991 0.00113987
0.196574 0.0166132 0.0011512
0.208923 0.0166277 0.00117708
0.220952 0.0166411 0.00111297
0.233297 0.0166531 0.000972325
0.245644 0.0166648 0.000944005
0.258283 0.0166766 0.000938497
0.270868 0.0166875 0.00086401
0.283423 0.0166979 0.000829061
0.295865 0.0167085 0.000849501
0.308254 0.0167197 0.000907212
0.320657 0.0167318 0.000970828
0.333012 0.0167445 0.00103022
0.34523 0.0167572 0.00104408
0.356855 0.016769 0.00101372
0.368367 0.0167801 0.000965617
0.380087 0.0167909 0.00091558
0.39165 0.0168008 0.000860577
0.403314 0.0168101 0.000795363
0.415052 0.0168188 0.000742896
0.426899 0.0168273 0.000712712
0.438932 0.0168354 0.000674603
0.451093 0.0168427 0.000604873
0.463174 0.0168488 0.00050254
0.475196 0.0168533 0.000369759
0.487185 0.0168558 0.000209699
0.499122 0.0168563 4.44864e-05
0.510992 0.0168549 -0.000115671
0.522784 0.0168519 -0.000258438
0.534564 0.0168474 -0.000377695
0.546417 0.0168418 -0.000471189
0.558385 0.0168355 -0.000534287
0.570299 0.0168286 -0.000573947
0.582183 0.0168215 -0.000598759
0.594107 0.0168142 -0.000610576
0.606047 0.016807 -0.000605766
0.61799 0.0168001 -0.000580549
0.62993 0.0167937 -0.000533545
0.641867 0.0167881 -0.000465387
0.653799 0.0167836 -0.000381347
0.665722 0.0167802 -0.000286111
0.677576 0.016778 -0.000184107
0.689333 0.016777 -8.03334e-05
0.701018 0.0167773 2.41972e-05
0.712679 0.0167788 0.000128659
0.724358 0.0167815 0.000232222
0.736082 0.0167854 0.000332274
0.747875 0.0167905 0.00042624
0.759749 0.0167965 0.000510664
0.771689 0.0168033 0.000571813
0.783662 0.0168106 0.000602571
0.795627 0.0168178 0.000604097
0.807566 0.0168248 0.000584627
0.819488 0.0168314 0.000553411
0.831426 0.0168376 0.000523215
0.843414 0.0168436 0.000496934
0.8555 0.0168493 0.000470198
0.867623 0.0168548 0.000455299
0.879651 0.0168605 0.000473782
0.891577 0.0168666 0.000516224
0.903447 0.0168735 0.000577018
0.915277 0.0168813 0.00065789
0.927073 0.0168902 0.00075692
0.938838 0.0169004 0.00087062
0.950575 0.0169121 0.000997998
0.962278 0.0169254 0.00113086
0.973955 0.0169398 0.00123438
0.985626 0.0169551 0.00130824
0.997315 0.016971 0.00136248
1.00901 0.0169874 0.00140275
1.02071 0.0170039 0.00140976
1.03241 0.0170201 0.00138929
1.04413 0.0170359 0.00134318
1.05586 0.0170507 0.00126279
1.0676 0.0170643 0.00115883
1.07934 0.0170765 0.00103586
1.09103 0.0170865 0.000855709
1.10267 0.017094 0.000644036
1.11422 0.0170991 0.000446975
1.12568 0.0171022 0.000268725
1.13711 0.0171036 0.000123104
1.14851 0.017104 3.0061e-05
1.15988 0.0171039 -5.08826e-06
1.17124 0.0171037 -1.67479e-05
1.18262 0.0171035 -2.18774e-05
1.194 0.0171032 -2.46639e-05
1.20539 0.0171027 -4.37046e-05
1.21677 0.0171019 -7.27504e-05
1.22809 0.0171007 -0.000100365
1.23932 0.0170992 -0.000133409
1.25046 0.0170973 -0.000169923
1.26149 0.0170951 -0.000199088
1.27244 0.0170925 -0.000235731
1.28336 0.0170893 -0.000299752
1.29435 0.0170848 -0.000408818
1.30543 0.0170786 -0.000553777
1.31664 0.0170704 -0.000736313
1.32803 0.0170594 -0.000961261
1.3397 0.0170452 -0.00122021
1.35154 0.0170275 -0.00149469
1.3634 0.0170066 -0.00176521
1.37508 0.0169829 -0.00202421
1.38659 0.0169572 -0.0022313
1.39804 0.0169301 -0.00236792
1.40942 0.0169023 -0.0024431
1.42073 0.0168743 -0.00247913
1.43171 0.0168473 -0.00245992
1.44288 0.0168206 -0.00238324
1.45433 0.0167949 -0.00225411
1.46561 0.016771 -0.00211132
1.47692 0.0167491 -0.00194026
1.48814 0.0167296 -0.0017358
1.49929 0.0167127 -0.00151329
1.51044 0.0166986 -0.00126337
1.52161 0.0166876 -0.000988375
1.53287 0.01668 -0.000673715
1.54429 0.016676 -0.00034974
1.5559 0.0166755 -4.39199e-05
1.56753 0.016678 0.000214674
1.57905 0.0166829 0.00042126
1.59018 0.0166894 0.000585287
1.60136 0.0166975 0.000723995
1.61289 0.0167072 0.00084039
1.6248 0.016718 0.000909669
1.63672 0.0167289 0.000918166
1.64845 0.0167392 0.000874574
1.66031 0.0167488 0.000808246
1.67203 0.016757 0.000704841
1.684 0.0167638 0.000562607
1.69569 0.0167685 0.000400226
1.70709 0.0167709 0.000215792
1.71858 0.0167712 2.39523e-05
1.72983 0.0167695 -0.000154545
1.74086 0.016766 -0.000314106
1.75196 0.0167611 -0.000438838
1.76324 0.0167554 -0.00050832
1.77476 0.0167496 -0.000505366
1.78635 0.0167446 -0.000430123
1.7981 0.0167411 -0.000294635
1.80975 0.0167398 -0.000109945
1.82128 0.0167412 0.000113913
1.83276 0.0167452 0.000355548
1.8442 0.016752 0.000593249
1.85563 0.0167613 0.00081552
1.86703 0.0167731 0.0010349
1.8784 0.0167875 0.00126338
1.88974 0.0168044 0.00148951
1.90106 0.0168234 0.00168104
1.91241 0.016844 0.00181495
1.92382 0.0168655 0.00188362
1.93533 0.0168874 0.00189844
1.94695 0.0169089 0.00185547
1.95865 0.0169294 0.00174759
1.97036 0.0169477 0.00156829
1.98205 0.0169632 0.00132304
1.9936 0.0169753 0.00104534
2.005 0.016984 0.000764341
2.01629 0.0169896 0.000496039
2.02745 0.0169925 0.000257024
2.03849 0.0169931 5.65701e-05
2.0494 0.016992 -0.000102375
2.06019 0.0169897 -0.000209718
2.07092 0.016987 -0.000256817
2.08164 0.0169843 -0.000250395
2.09236 0.016982 -0.000207718
2.10307 0.0169806 -0.000137282
2.11378 0.0169802 -3.04515e-05
2.12449 0.0169815 0.000113437
2.13516 0.0169845 0.000288849
2.14578 0.0169897 0.000487996
2.15635 0.016997 0.000683674
2.16693 0.017006 0.000858666
2.17761 0.0170169 0.0010212
2.18848 0.0170297 0.00117274
2.1996 0.017044 0.00128861
2.21019 0.0170581 0.00132671
2.22021 0.0170712 0.00130739
2.22975 0.0170833 0.00126863
2.23912 0.0170947 0.00122261
2.2486 0.0171058 0.00116405
2.25823 0.0171162 0.00108672
2.26806 0.017126 0.000995657
2.2781 0.017135 0.000892478
2.28832 0.0171429 0.000778037
2.29864 0.0171498 0.000666567
2.30899 0.0171557 0.000572067
2.31942 0.0171608 0.000485495
2.33005 0.017165 0.000398607
2.34113 0.0171686 0.000322797
2.35253 0.017172 0.000294642
2.36389 0.0171755 0.000311301
2.37525 0.0171795 0.00035276
2.38666 0.017184 0.000397358
2.39812 0.0171889 0.00042559
2.40964 0.017194 0.000443418
2.42126 0.0171993 0.000451391
2.43295 0.0172043 0.0004327
2.44447 0.0172085 0.000358047
2.45587 0.0172113 0.000249352
2.46723 0.0172128 0.000132197
2.47843 0.0172131 2.81118e-05
2.48938 0.0172124 -6.88684e-05
2.50022 0.0172106 -0.000159581
2.51103 0.0172081 -0.000231112
2.52184 0.0172052 -0.000270619
2.53263 0.0172021 -0.000292648
2.54341 0.0171988 -0.00029718
2.55409 0.0171959 -0.000278652
2.56477 0.0171934 -0.00022998
2.57551 0.0171915 -0.00017583
2.58625 0.0171901 -0.00013401
2.59701 0.0171891 -9.15974e-05
2.60783 0.0171889 -2.20092e-05
2.61875 0.0171896 6.93791e-05
2.62974 0.0171915 0.000169638
2.64078 0.0171945 0.000273271
2.65181 0.0171986 0.000372774
2.66279 0.0172038 0.000468651
2.67368 0.01721 0.000573369
2.68446 0.0172172 0.00066653
2.69521 0.0172249 0.000718914
2.70592 0.0172325 0.000712013
2.7166 0.0172398 0.000674895
2.72726 0.0172466 0.00064283
2.73792 0.0172533 0.000628355
2.74861 0.01726 0.000622064
2.75935 0.0172664 0.000602944
2.76998 0.0172726 0.000576118
2.78061 0.0172784 0.000545918
2.79128 0.0172837 0.000497405
2.80205 0.0172883 0.000433986
2.81296 0.0172922 0.000350224
2.82402 0.0172949 0.000244721
2.8352 0.0172962 0.000122717
2.8464 0.0172962 1.09267e-06
2.85772 0.0172952 -9.47929e-05
2.86906 0.0172936 -0.000140656
2.88043 0.0172919 -0.000149437
2.89179 0.0172904 -0.00013344
2.90315 0.0172894 -8.70725e-05
2.91454 0.0172891 -2.59447e-05
2.92594 0.0172898 5.88212e-05
2.93729 0.0172914 0.000144745
2.94857 0.0172938 0.000215709
2.95982 0.0172966 0.000250593
2.97107 0.0172995 0.000257367
2.98231 0.0173025 0.000265894
2.9935 0.0173059 0.000299781
3.00468 0.0173099 0.000360586
3.01584 0.0173148 0.000439626
3.02698 0.0173205 0.000511773
3.0381 0.0173269 0.000573743
3.04924 0.0173336 0.000604604
3.06041 0.0173405 0.000616643
3.07163 0.0173472 0.000597109
3.08291 0.0173532 0.000525815
3.09424 0.0173577 0.000399419
3.10559 0.0173605 0.000250836
3.11697 0.0173617 0.0001056
3.12839 0.0173615 -2.26859e-05
3.13988 0.0173599 -0.000137362
3.15144 0.0173571 -0.000239651
3.16306 0.0173533 -0.000327665
3.17441 0.0173487 -0.000411031
3.18542 0.0173437 -0.000447764
3.1965 0.0173389 -0.000431898
3.20724 0.0173349 -0.000376128
3.21784 0.0173317 -0.000298771
3.22873 0.0173295 -0.000206127
3.23975 0.0173285 -8.98527e-05
3.25068 0.0173291 5.66941e-05
3.26162 0.0173316 0.000230951
3.27263 0.0173363 0.000419376
3.28371 0.0173427 0.0005803
3.2949 0.0173506 0.000706154
3.30617 0.0173596 0.000801011
3.3173 0.0173693 0.000871446
3.3284 0.0173794 0.000904339
3.33956 0.0173891 0.000871909
3.35084 0.0173977 0.000762317
3.36221 0.0174044 0.000587737
3.37366 0.0174086 0.000371894
3.38514 0.0174103 0.000143386
3.39662 0.0174093 -8.28937e-05
3.4081 0.0174059 -0.000296485
3.41952 0.0174002 -0.000496117
3.43091 0.0173926 -0.000673643
3.44184 0.0173836 -0.000819179
3.45251 0.017374 -0.000898236
3.46327 0.0173642 -0.000913313
3.47392 0.017355 -0.000861071
3.48471 0.017347 -0.000748138
3.49582 0.0173404 -0.000588017
3.50688 0.0173361 -0.000395623
3.51786 0.0173341 -0.000178174
3.52872 0.0173346 4.54136e-05
3.53941 0.0173374 0.000264003
3.54993 0.0173423 0.000461579
3.5603 0.0173489 0.00063637
3.57059 0.017357 0.000791223
3.58088 0.0173665 0.000917542
3.59123 0.017377 0.00101774
3.60164 0.0173883 0.00108754
3.61216 0.0173999 0.00110236
3.62258 0.0174108 0.00104161
3.63272 0.01742 0.000909542
3.64267 0.0174272 0.000724216
3.65251 0.0174323 0.000518441
3.66231 0.0174355 0.000323258
3.67215 0.0174368 0.000137442
3.68206 0.0174364 -4.66275e-05
3.69211 0.0174341 -0.000221112
3.70232 0.0174302 -0.000382725
3.71271 0.0174249 -0.000509647
3.72332 0.0174188 -0.000577063
3.73411 0.0174125 -0.000588914
3.74488 0.0174066 -0.000547198
3.7561 0.0174012 -0.000476102
3.76757 0.0173968 -0.000389205
3.77898 0.0173935 -0.000284702
3.79042 0.0173917 -0.000161085
3.8018 0.0173914 -2.41701e-05
3.81317 0.0173927 0.000115693
3.82446 0.0173955 0.000250521
3.83547 0.0173998 0.000388239
3.84628 0.0174052 0.000497837
3.85702 0.0174115 0.000588488
3.86785 0.0174185 0.000647276
3.87872 0.0174256 0.000647656
3.88932 0.0174317 0.000575874
3.89966 0.0174363 0.000450861
3.90974 0.0174392 0.000288069
3.91961 0.0174402 0.000101427
3.92934 0.0174395 -7.23247e-05
3.93894 0.0174373 -0.000234526
3.94827 0.0174337 -0.000383898
3.95738 0.017429 -0.000514535
3.9663 0.0174234 -0.000633627
3.97509 0.017417 -0.000721616
3.98383 0.0174103 -0.000763055
3.99259 0.0174036 -0.000768242
4.00146 0.0173971 -0.000734813
4.01054 0.0173911 -0.000662857
4.0197 0.0173861 -0.000547464
4.0289 0.0173823 -0.00040532
4.03822 0.0173801 -0.00023774
4.04773 0.0173797 -4.39084e-05
4.05756 0.0173814 0.000175368
4.06786 0.0173858 0.000420993
4.07883 0.0173933 0.000685128
4.08986 0.0174037 0.00094494
4.10092 0.0174164 0.00114707
4.11216 0.017431 0.00130475
4.12345 0.0174468 0.00139948
4.13489 0.0174629 0.00139978
4.14642 0.0174777 0.00128551
4.15778 0.0174897 0.00106082
4.16917 0.0174984 0.000762886
4.18078 0.0175033 0.000423287
4.19252 0.0175042 7.05635e-05
4.20408 0.017501 -0.000276318
4.21547 0.017494 -0.000610941
4.22649 0.0174838 -0.00092877
4.23719 0.017471 -0.00119649
4.24805 0.0174557 -0.00140666
4.2587 0.0174392 -0.00155343
4.26945 0.0174215 -0.00164355
4.28058 0.0174028 -0.00168236
4.29224 0.0173834 -0.00165759
4.30398 0.0173653 -0.00154794
4.31552 0.0173494 -0.00137678
4.32689 0.0173362 -0.00116045
4.33812 0.0173259 -0.000912122
4.34918 0.0173189 -0.00063807
4.3601 0.0173149 -0.000365708
4.37091 0.0173138 -0.000103906
4.3817 0.0173151 0.000127049
4.39256 0.0173185 0.000313644
4.40355 0.0173233 0.000431878
4.41471 0.0173286 0.000471273
4.42595 0.0173336 0.000448079
4.43725 0.017338 0.000393628
4.44866 0.0173415 0.000306744
4.4602 0.0173438 0.000192358
4.47164 0.0173443 4.78767e-05
4.4825 0.0173431 -0.0001119
4.49284 0.0173402 -0.000282052
4.50283 0.0173355 -0.000471155
4.5126 0.0173292 -0.000642272
4.52223 0.0173216 -0.000790594
4.5318 0.0173129 -0.000908848
4.54134 0.0173034 -0.000988645
4.5509 0.0172935 -0.00103829
4.56047 0.0172833 -0.00106475
4.57003 0.0172731 -0.00106635
4.57954 0.0172634 -0.00102556
4.58897 0.0172546 -0.000935164
4.59829 0.0172471 -0.000798451
4.60745 0.0172413 -0.000632379
4.61648 0.0172373 -0.000445154
4.6254 0.017235 -0.000264472
4.63422 0.0172343 -7.76e-05
4.64293 0.0172352 0.000111959
4.65154 0.0172378 0.000298357
4.66004 0.0172418 0.000463602
4.66844 0.0172468 0.000602442
4.67677 0.0172527 0.00071
4.68506 0.0172593 0.000789352
4.69336 0.0172663 0.000847895
4.70172 0.0172738 0.000890573
4.71017 0.0172815 0.000911208
4.71877 0.0172892 0.000906191
4.72757 0.017297 0.00088379
4.73664 0.0173048 0.000853971
4.746 0.0173122 0.000795219
4.75568 0.0173192 0.000723899
4.76569 0.0173256 0.000641027
4.77604 0.0173313 0.000551113
4.78676 0.0173359 0.000428958
4.79776 0.017339 0.000276085
4.80859 0.0173403 0.000119653
4.81988 0.0173401 -1.22444e-05
4.83162 0.0173388 -0.000113013
4.84341 0.0173368 -0.000166332
4.85527 0.0173348 -0.000173355
4.86701 0.0173328 -0.000166209
4.87891 0.017331 -0.000150918
4.89046 0.0173295 -0.000130746
4.90168 0.0173284 -0.000102774
4.91272 0.0173274 -8.82638e-05
4.92367 0.0173263 -0.000104034
4.93458 0.0173249 -0.000128703
4.9455 0.0173234 -0.000130614
4.95639 0.0173222 -0.000114161
4.9673 0.0173213 -8.26629e-05
4.97828 0.0173209 -3.98716e-05
4.98935 0.0173208 -2.06985e-06
5.00051 0.017321 1.2505e-05
5.01173 0.0173212 1.98432e-05
5.0228 0.0173214 2.12116e-05
5.03418 0.0173216 1.46217e-05
5.04541 0.0173213 -2.27783e-05
5.05634 0.0173203 -9.50176e-05
5.0676 0.0173183 -0.00018051
5.07911 0.0173155 -0.000241961
5.09077 0.0173124 -0.000265924
5.10258 0.0173093 -0.000259284
5.11428 0.0173066 -0.000235633
5.12574 0.0173042 -0.000204773
5.13717 0.0173021 -0.000184894
5.14831 0.0173003 -0.000165179
5.15936 0.0172987 -0.000140213
5.17069 0.0172976 -0.000102569
5.18179 0.0172967 -7.24605e-05
5.19262 0.0172961 -6.33465e-05
5.20378 0.0172953 -6.47778e-05
5.21547 0.0172947 -5.49241e-05
5.22717 0.0172943 -3.26832e-05
5.23902 0.0172943 9.81881e-08
5.25082 0.0172948 4.31645e-05
5.26228 0.0172957 7.69802e-05
5.27401 0.0172968 9.38369e-05
5.28511 0.0172979 0.000101857
5.29632 0.0172992 0.000112026
5.30776 0.0173006 0.000121206
5.3187 0.0173017 0.000105811
5.32969 0.0173026 7.51178e-05
5.34091 0.017303 4.16272e-05
5.35209 0.0173033 2.57427e-05
5.36327 0.0173035 1.85569e-05
5.3745 0.0173037 1.81865e-05
5.38573 0.017304 1.95137e-05
5.39697 0.0173041 1.74909e-05
5.40828 0.0173041 -2.83176e-07
5.41928 0.017304 -1.1325e-05
5.4304 0.0173039 -1.08611e-05
5.44201 0.0173039 6.87623e-07
5.45332 0.0173038 -5.88274e-06
5.4646 0.0173035 -3.3659e-05
5.47627 0.0173027 -6.56601e-05
5.48786 0.0173018 -7.31579e-05
5.49937 0.017301 -7.06896e-05
5.51081 0.0173003 -6.61698e-05
5.52211 0.0172996 -6.3697e-05
5.53329 0.017299 -5.1999e-05
5.54436 0.0172984 -5.37448e-05
