t x vx
0.01 0.016496 -0.000395283
0.02 0.0164833 -0.00127487
0.030365 0.0164605 -0.00219772
0.0412066 0.0164262 -0.00316384
0.0523638 0.0163798 -0.00416212
0.0637564 0.0163208 -0.00518031
0.0752905 0.0162493 -0.00619549
0.0868969 0.0161662 -0.00715794
0.0985162 0.0160731 -0.00801712
0.110129 0.0159721 -0.00869798
0.121721 0.0158657 -0.00917262
0.133219 0.0157579 -0.00938254
0.144648 0.0156512 -0.00933458
0.156061 0.0155476 -0.00907462
0.167426 0.0154507 -0.008524
0.178662 0.0153632 -0.00778697
0.189834 0.0152857 -0.00694418
0.200807 0.0152203 -0.00595867
0.211702 0.0151665 -0.0049342
0.222803 0.0151225 -0.00396596
0.233443 0.0150889 -0.00315664
0.244605 0.0150624 -0.00236982
0.256442 0.0150428 -0.00165802
0.26835 0.0150306 -0.00102193
0.280214 0.0150253 -0.000448335
0.291838 0.0150255 1.20822e-05
0.303293 0.0150296 0.000359438
0.314816 0.0150368 0.000625329
0.32574 0.0150458 0.000828634
0.336461 0.0150565 0.000990208
0.347383 0.0150682 0.00107358
0.358289 0.0150797 0.00105796
0.369318 0.0150902 0.000946795
0.380405 0.0150986 0.000759088
0.391397 0.0151042 0.000514765
0.402148 0.0151068 0.000238156
0.412623 0.0151067 -7.09161e-06
0.422837 0.0151048 -0.000186669
0.432943 0.0151019 -0.000284601
0.443081 0.0150988 -0.000312444
0.45341 0.015096 -0.000270928
0.464049 0.0150944 -0.000143939
0.474476 0.0150953 8.55708e-05
0.484805 0.0150995 0.000405258
0.495082 0.0151082 0.000840805
0.505502 0.015123 0.00142494
0.516132 0.0151458 0.0021412
0.527004 0.0151781 0.00296946
0.538143 0.0152213 0.00388147
0.549494 0.0152763 0.00484345
0.560808 0.0153419 0.00579624
0.571985 0.0154165 0.00667734
0.583035 0.0154988 0.00744958
0.593901 0.0155868 0.00809902
0.60472 0.0156804 0.00865431
0.615626 0.0157799 0.00911702
0.626649 0.0158841 0.00945233
0.637704 0.0159906 0.00963439
0.648336 0.0160933 0.0096648
0.659075 0.0161959 0.00955345
0.66961 0.0162943 0.0093409
0.680022 0.0163887 0.00906734
0.690396 0.0164791 0.00871555
0.70074 0.0165645 0.0082539
0.711011 0.0166434 0.00767653
0.721177 0.0167148 0.00702638
0.731262 0.0167787 0.00633093
0.741325 0.0168347 0.00557333
0.751441 0.0168827 0.00474332
0.761686 0.0169222 0.00385624
0.772108 0.0169528 0.00293637
0.782714 0.0169743 0.00202834
0.793466 0.0169868 0.00116237
0.804292 0.0169909 0.00037212
0.815125 0.0169874 -0.00032135
0.825926 0.0169778 -0.000884735
0.836692 0.0169642 -0.00126993
0.847466 0.0169483 -0.0014698
0.858334 0.016932 -0.00150565
0.869272 0.0169169 -0.00137957
0.880042 0.0169049 -0.00111228
0.890687 0.0168972 -0.000725434
0.901688 0.0168948 -0.000218508
0.912184 0.0168977 0.000278321
0.922458 0.0169054 0.000754378
0.93288 0.016918 0.00120914
0.94373 0.0169357 0.00162447
0.954931 0.0169583 0.00201901
0.966476 0.0169853 0.00233917
0.977675 0.0170139 0.00255182
0.988661 0.0170437 0.00271163
0.999405 0.0170738 0.00280356
1.01006 0.0171038 0.00281567
1.02076 0.0171336 0.00278325
1.03171 0.0171628 0.00267521
1.04249 0.0171894 0.00246579
1.05322 0.0172133 0.00222116
1.06404 0.0172341 0.00192664
1.07486 0.0172513 0.00159184
1.08588 0.0172647 0.0012156
1.09714 0.0172744 0.000856219
1.10813 0.0172801 0.00051948
1.11902 0.0172819 0.000165752
1.12953 0.0172802 -0.000163272
1.13981 0.0172755 -0.000455368
1.1501 0.0172683 -0.000695859
1.16047 0.0172593 -0.000865359
1.17059 0.0172498 -0.000942522
1.1808 0.0172402 -0.000937875
1.19111 0.0172313 -0.000869959
1.20162 0.0172236 -0.000731113
1.21227 0.0172178 -0.00054426
1.22292 0.0172143 -0.000327077
1.23362 0.017213 -0.000124389
1.24423 0.0172139 9.14508e-05
1.25492 0.017218 0.000380073
1.26486 0.0172244 0.000644687
1.27453 0.0172331 0.000896649
1.28458 0.017244 0.00108693
1.29449 0.0172561 0.00122061
1.30427 0.0172692 0.00133861
1.3143 0.0172838 0.00146101
1.32337 0.0172982 0.00158604
1.33166 0.0173122 0.00168743
1.33947 0.0173258 0.00174451
1.34705 0.0173393 0.00177796
1.35462 0.0173528 0.00177469
1.36235 0.0173663 0.00174595
1.37004 0.0173792 0.00168788
1.37778 0.0173915 0.00157935
1.3854 0.0174025 0.00144824
1.39293 0.0174121 0.00127102
1.40063 0.0174199 0.00101593
1.40864 0.0174254 0.000694752
1.41707 0.0174285 0.00035685
1.42603 0.017429 5.61274e-05
1.43463 0.0174274 -0.000186784
1.44306 0.0174238 -0.000421926
1.45157 0.0174181 -0.000666814
1.46044 0.0174096 -0.000955723
1.47007 0.0173973 -0.00127961
1.481 0.0173798 -0.00160314
1.49245 0.0173587 -0.00184607
1.50346 0.0173371 -0.00196155
1.51473 0.0173145 -0.00200147
1.52602 0.017292 -0.0019913
1.53742 0.0172699 -0.0019437
1.549 0.0172481 -0.00188207
1.56007 0.0172283 -0.00178737
1.57103 0.0172107 -0.00160231
1.58166 0.0171966 -0.00132557
1.5918 0.0171863 -0.00102412
1.60143 0.0171791 -0.000738498
1.61083 0.0171749 -0.000448214
1.62024 0.0171736 -0.00014558
1.63024 0.0171748 0.000125595
1.6405 0.0171786 0.000369924
1.65096 0.0171842 0.000537321
1.66179 0.017191 0.000629384
1.67301 0.0171989 0.000696274
1.68381 0.0172066 0.000718647
1.69432 0.0172138 0.000679147
1.7048 0.0172201 0.000601705
1.71534 0.0172251 0.000482063
1.72596 0.0172283 0.000299808
1.7367 0.0172293 8.79635e-05
1.74772 0.0172278 -0.000134923
1.75893 0.0172235 -0.000385387
1.76973 0.0172167 -0.000630416
1.78032 0.0172068 -0.00092783
1.79093 0.0171937 -0.00123856
1.80172 0.0171774 -0.0015055
1.8128 0.0171588 -0.00168068
1.82371 0.0171396 -0.00176118
1.83466 0.0171206 -0.00173135
1.84574 0.0171028 -0.00160692
1.85671 0.0170873 -0.0014175
1.86771 0.0170744 -0.00117502
1.87866 0.0170644 -0.000905688
1.88942 0.0170577 -0.000622735
1.90001 0.0170543 -0.000322275
1.91011 0.0170542 -1.68981e-05
1.91983 0.0170571 0.000298058
1.92964 0.0170632 0.000627847
1.93998 0.0170731 0.000954922
1.95062 0.0170864 0.00124668
1.96149 0.0171029 0.00152312
1.97205 0.0171215 0.00175688
1.98277 0.0171422 0.00193036
1.99389 0.0171652 0.00206948
2.0054 0.01719 0.00215885
2.01674 0.0172145 0.00216249
2.02772 0.0172378 0.00211599
2.0385 0.0172597 0.00203481
2.04907 0.0172798 0.00189904
2.0599 0.0172987 0.00175193
2.07098 0.0173169 0.00163681
2.08204 0.0173343 0.0015789
2.09332 0.0173514 0.00151376
2.10475 0.0173673 0.00138896
2.11536 0.0173808 0.00127418
2.12424 0.0173912 0.00116569
2.13327 0.017401 0.00109293
2.14159 0.0174096 0.00103219
2.15124 0.0174188 0.000950865
2.16067 0.0174267 0.000834649
2.17084 0.0174338 0.000701676
2.18108 0.0174396 0.000562681
2.19171 0.0174446 0.000471009
2.20262 0.0174486 0.000370253
2.21367 0.0174511 0.000223479
2.22479 0.0174515 3.27777e-05
2.23584 0.0174491 -0.000216565
2.24616 0.0174444 -0.000452258
2.25613 0.017438 -0.000643011
2.26595 0.0174301 -0.000807784
2.27572 0.0174207 -0.000954626
2.28552 0.0174102 -0.00107628
2.29539 0.0173986 -0.00117522
2.30551 0.0173864 -0.00120829
2.31597 0.017374 -0.00117862
2.32686 0.0173616 -0.00113699
2.33761 0.0173502 -0.00106815
2.34855 0.0173394 -0.000982011
2.35924 0.0173305 -0.000837733
2.3701 0.0173238 -0.000609041
2.38026 0.0173206 -0.000321144
2.3904 0.0173206 4.33058e-07
2.40024 0.0173234 0.000284836
2.41002 0.0173285 0.000522701
2.41976 0.0173356 0.000722786
2.42989 0.0173447 0.00090213
2.44035 0.0173555 0.0010381
2.45151 0.017368 0.00111725
2.4628 0.0173806 0.00111827
2.4739 0.0173924 0.0010593
2.48415 0.0174017 0.000909822
2.4941 0.0174086 0.000693964
2.50426 0.0174134 0.000469154
2.51421 0.0174159 0.000252329
2.52484 0.0174163 3.82576e-05
2.53544 0.0174143 -0.000188591
2.54579 0.0174094 -0.000473179
2.55612 0.0174009 -0.000819889
2.56662 0.0173886 -0.00117402
2.57735 0.0173728 -0.00147414
2.58786 0.017355 -0.00168992
2.59834 0.017336 -0.00181301
2.60908 0.017316 -0.0018676
2.61985 0.0172958 -0.00186897
2.63073 0.017276 -0.00182638
2.64203 0.0172567 -0.00170618
2.6535 0.0172393 -0.0015188
2.66509 0.0172241 -0.00130724
2.67666 0.0172112 -0.00111564
2.68807 0.0172005 -0.000941059
2.69933 0.0171914 -0.000807722
2.71039 0.0171838 -0.000687717
2.72104 0.0171777 -0.000571217
2.73149 0.017173 -0.000451662
2.74195 0.0171694 -0.000338376
2.75258 0.0171669 -0.000241102
2.76347 0.0171649 -0.000178396
2.77443 0.0171627 -0.000204906
2.78557 0.0171592 -0.00031217
2.79686 0.0171542 -0.000447483
2.80796 0.017148 -0.000551168
2.81893 0.0171408 -0.000655983
2.82984 0.0171329 -0.00073165
2.84076 0.0171244 -0.000772038
2.85147 0.0171159 -0.000797643
2.86225 0.017107 -0.000828513
2.87324 0.0170975 -0.000859548
2.88439 0.0170875 -0.000897846
2.89557 0.0170773 -0.000910908
2.90672 0.0170672 -0.00090315
2.91761 0.0170575 -0.000893099
2.92825 0.0170481 -0.000887282
2.93901 0.0170385 -0.0008924
2.95026 0.0170287 -0.000864985
2.96135 0.0170196 -0.000829421
2.9719 0.0170109 -0.000816564
2.9819 0.0170027 -0.000827046
2.99136 0.0169949 -0.000819087
3.0004 0.0169879 -0.000777696
3.00923 0.0169816 -0.00071665
3.01807 0.016976 -0.000632104
3.02709 0.0169713 -0.00052153
3.03647 0.0169674 -0.000406752
3.04636 0.0169644 -0.00030357
3.0569 0.0169625 -0.000187588
3.0677 0.0169618 -6.102e-05
3.07876 0.0169624 5.21446e-05
3.09009 0.0169639 0.0001344
3.10119 0.0169658 0.000166303
3.11225 0.0169676 0.000168849
3.12294 0.0169695 0.000176937
3.1332 0.0169712 0.000168104
3.14345 0.0169727 0.000141651
3.15399 0.0169738 0.000104757
3.16381 0.0169743 4.86069e-05
3.17298 0.0169739 -4.24174e-05
3.18161 0.0169725 -0.000165653
3.18983 0.0169701 -0.000290265
3.19778 0.0169668 -0.000412243
3.20558 0.0169626 -0.000536292
3.21336 0.0169573 -0.000677112
3.22127 0.0169507 -0.000845593
3.2294 0.0169422 -0.00103528
3.23784 0.016932 -0.00121363
3.24663 0.0169202 -0.00134537
3.25574 0.0169074 -0.00140289
3.26508 0.0168945 -0.00137802
3.27448 0.0168824 -0.0012882
3.28376 0.0168718 -0.00114219
3.29282 0.016863 -0.000967295
3.30159 0.0168562 -0.000784029
3.31006 0.0168511 -0.000602411
3.31831 0.0168477 -0.000412616
3.32644 0.0168459 -0.000212579
3.33448 0.0168458 -1.65775e-05
3.34247 0.0168472 0.000169913
3.35041 0.0168498 0.000332615
3.35828 0.0168535 0.00046552
3.36606 0.016858 0.000577976
3.3737 0.0168632 0.000682426
3.38127 0.016869 0.000768641
3.38886 0.0168753 0.000827726
3.39657 0.0168819 0.000860244
3.40449 0.0168889 0.000885448
3.41268 0.0168964 0.000909638
3.42122 0.016904 0.000894724
3.43013 0.0169114 0.000833644
3.43948 0.0169184 0.000744505
3.44935 0.0169246 0.00063114
3.4598 0.0169297 0.000486587
3.47072 0.0169334 0.000337321
3.48119 0.0169356 0.000208069
3.49225 0.0169363 6.81462e-05
3.50332 0.0169355 -7.57974e-05
3.51472 0.0169326 -0.000255689
3.52634 0.0169275 -0.000438481
3.53783 0.016921 -0.000565075
3.5489 0.0169136 -0.000666514
3.55975 0.0169052 -0.000772508
3.57053 0.016896 -0.000856696
3.58143 0.0168865 -0.000869552
3.59261 0.0168775 -0.000804425
3.6039 0.01687 -0.000665359
3.61519 0.0168644 -0.000500937
3.62635 0.0168609 -0.000310409
3.63723 0.0168599 -9.28478e-05
3.64755 0.0168609 9.92755e-05
3.65748 0.0168634 0.000253126
3.66744 0.0168674 0.000402904
3.67768 0.016873 0.000539922
3.68811 0.0168799 0.000660784
3.69905 0.0168879 0.000731096
3.70999 0.016896 0.000742241
3.72103 0.016904 0.000723632
3.73224 0.0169113 0.000657757
3.74371 0.0169176 0.000550962
3.75528 0.0169224 0.000407002
3.76681 0.016925 0.000232256
3.77847 0.0169254 3.34006e-05
3.79013 0.0169236 -0.000158663
3.80152 0.0169199 -0.000326768
3.81265 0.0169149 -0.000446428
3.82364 0.0169089 -0.000548649
3.83465 0.0169017 -0.000646232
3.84585 0.0168935 -0.0007319
3.8571 0.0168848 -0.000774537
3.86831 0.016876 -0.000787746
3.87949 0.0168679 -0.000724088
3.89005 0.0168613 -0.000625714
3.90016 0.0168559 -0.000535575
3.91035 0.0168513 -0.00045369
3.92105 0.0168479 -0.000311411
3.93226 0.0168462 -0.000153994
3.94336 0.0168459 -2.57225e-05
3.95456 0.0168471 0.000108311
3.96567 0.01685 0.000260487
3.97688 0.0168546 0.00041228
3.98805 0.0168608 0.000555719
3.99879 0.0168678 0.000643407
4.00884 0.0168749 0.000706296
4.01884 0.0168823 0.000742271
4.02931 0.0168896 0.00069949
4.03951 0.0168956 0.000592256
4.0502 0.0169008 0.000483934
4.0611 0.0169046 0.000345008
4.07202 0.0169067 0.000194085
4.08281 0.016907 2.54889e-05
4.09362 0.0169054 -0.000146368
4.10463 0.0169026 -0.000258314
4.11601 0.0168987 -0.000334283
4.12727 0.0168941 -0.000413614
4.13842 0.0168889 -0.000463469
4.14969 0.0168835 -0.000476542
4.1608 0.0168782 -0.000483912
4.17192 0.0168734 -0.000430436
4.18308 0.0168702 -0.000287368
4.19389 0.0168688 -0.00013053
4.20541 0.0168687 -9.31586e-06
4.21685 0.0168698 0.000102563
4.22826 0.016872 0.000192127
4.23944 0.0168748 0.000250649
4.25002 0.0168776 0.000264155
4.26044 0.0168802 0.000242569
4.27108 0.0168824 0.000208955
4.28216 0.0168839 0.000135516
4.29325 0.0168842 3.14323e-05
4.30446 0.0168835 -6.46869e-05
4.31562 0.0168818 -0.000154424
4.32669 0.0168789 -0.000259741
4.33781 0.0168753 -0.000319901
4.34864 0.0168715 -0.000351826
4.35918 0.0168676 -0.000376036
4.3695 0.0168637 -0.000378773
4.3798 0.0168599 -0.000369214
4.3902 0.0168564 -0.000335959
4.40084 0.0168531 -0.000303234
4.4118 0.0168503 -0.000262812
4.42323 0.016848 -0.000199881
4.43466 0.0168466 -0.000123081
4.44602 0.0168454 -0.000103626
4.45708 0.016844 -0.000123098
4.46802 0.0168423 -0.000161662
4.47903 0.0168403 -0.000176132
4.49021 0.0168387 -0.000147647
4.50131 0.0168372 -0.000128333
4.5121 0.0168359 -0.000124394
4.52294 0.0168345 -0.000132365
4.53408 0.0168327 -0.000156199
4.54558 0.0168304 -0.000199674
4.55714 0.0168279 -0.000219205
4.56854 0.0168258 -0.000182858
4.57993 0.0168244 -0.000120224
4.5913 0.0168238 -5.42634e-05
4.60228 0.0168238 -4.32931e-06
4.61276 0.0168239 9.58616e-06
4.62323 0.0168239 4.12987e-06
4.63408 0.0168238 -9.8957e-06
4.64547 0.0168235 -2.64343e-05
4.65695 0.0168232 -2.81215e-05
4.66833 0.016823 -1.80608e-05
4.67961 0.0168224 -4.79957e-05
4.69081 0.0168212 -0.000113376
4.70193 0.0168193 -0.000170573
4.71299 0.0168165 -0.000247011
4.7241 0.0168134 -0.000282828
4.73487 0.0168106 -0.000262409
4.74536 0.0168085 -0.000194261
4.75567 0.0168074 -0.000110454
4.76586 0.0168072 -2.39435e-05
4.776 0.0168078 6.45759e-05
4.78622 0.0168092 0.000134907
4.79661 0.0168111 0.000180222
4.80725 0.0168133 0.0002111
4.81824 0.0168163 0.00026961
4.8293 0.0168196 0.000303808
4.84002 0.0168232 0.00032838
4.85029 0.0168266 0.000334387
4.86059 0.0168301 0.000336926
4.87127 0.016834 0.000369277
4.88239 0.0168386 0.00041562
4.89378 0.0168439 0.000461161
4.90517 0.0168496 0.000499529
4.91641 0.0168549 0.00047354
4.92762 0.0168592 0.000384764
4.9389 0.0168624 0.000285239
4.95036 0.0168649 0.000214567
4.96188 0.0168669 0.000173536
4.97328 0.0168685 0.000139074
4.98444 0.0168692 6.45313e-05
4.99533 0.0168688 -3.23227e-05
5.0063 0.0168677 -0.000100645
5.01754 0.0168662 -0.000135295
5.02919 0.0168644 -0.000158899
5.04066 0.0168623 -0.000175353
5.05193 0.0168601 -0.000203242
5.06326 0.0168572 -0.000248201
5.07453 0.0168538 -0.000302108
5.08508 0.01685 -0.000362119
5.09532 0.0168455 -0.000438761
5.10582 0.01684 -0.00052538
5.11679 0.0168335 -0.000594045
5.12791 0.0168266 -0.000618193
5.13913 0.0168203 -0.000566324
5.15043 0.0168146 -0.000496627
5.1618 0.0168098 -0.000424691
5.17335 0.0168057 -0.000355639
5.18479 0.0168023 -0.000300235
5.19613 0.0167996 -0.000232168
5.20742 0.0167982 -0.000127914
5.21805 0.0167976 -6.10981e-05
5.2286 0.0167967 -7.83385e-05
5.23937 0.016795 -0.00016153
5.25053 0.0167919 -0.000273062
5.26162 0.0167879 -0.000361898
