t x vx
0.01 0.0164659 -0.00341081
0.02 0.0163613 -0.010459
0.0258733 0.0162763 -0.0144769
0.0323748 0.0161559 -0.0185221
0.0390163 0.0160075 -0.0223299
0.0458025 0.0158327 -0.0257662
0.0526334 0.0156363 -0.0287539
0.0594655 0.0154227 -0.0312566
0.0662809 0.0151963 -0.0332258
0.0731214 0.0149587 -0.0347281
0.0799891 0.0147149 -0.0355096
0.0868578 0.0144716 -0.0354199
0.0937318 0.0142348 -0.0344387
0.100623 0.0140099 -0.0326385
0.107224 0.0138111 -0.0301135
0.113836 0.013633 -0.0269503
0.120356 0.0134817 -0.0231985
0.126823 0.0133598 -0.0188557
0.129464 0.0133147 -0.0170715
0.13222 0.013273 -0.0151151
0.134745 0.0132394 -0.0132921
0.137245 0.0132108 -0.0114382
0.13967 0.0131876 -0.00959005
0.14214 0.0131686 -0.00767178
0.144646 0.0131544 -0.00569127
0.147219 0.013145 -0.00365555
0.149869 0.0131408 -0.0015834
0.152635 0.0131424 0.000572722
0.15532 0.0131495 0.002657
0.158034 0.0131624 0.0047478
0.160707 0.0131806 0.00680135
0.16343 0.0132048 0.00888962
0.166128 0.0132343 0.01093
0.168876 0.0132699 0.0129717
0.17159 0.0133105 0.0149522
0.174368 0.0133575 0.0169403
0.17711 0.0134092 0.0188275
0.179931 0.0134675 0.0206935
0.18271 0.01353 0.0224681
0.189783 0.0137174 0.0264934
0.196837 0.0139298 0.0301201
0.204184 0.0141762 0.0335366
0.211491 0.0144428 0.0364859
0.218742 0.014725 0.0389153
0.225962 0.0150199 0.0408497
0.233164 0.0153242 0.0422414
0.240316 0.0156322 0.0430768
0.247508 0.0159436 0.0432974
0.254673 0.0162511 0.0429073
0.261817 0.0165502 0.0418646
0.268895 0.0168347 0.0401952
0.275907 0.0171006 0.0379251
0.282894 0.0173458 0.0351011
0.289761 0.017565 0.031914
0.296642 0.0177602 0.028366
0.303344 0.0179248 0.0245697
0.309937 0.0180604 0.0205631
0.316663 0.0181699 0.0162804
0.323495 0.0182504 0.0117736
0.330129 0.0182986 0.00727064
0.336697 0.0183167 0.00274997
0.343284 0.0183052 -0.00173738
0.349873 0.018265 -0.00610375
0.356514 0.0181964 -0.0103289
0.363316 0.0180988 -0.014354
0.370331 0.0179718 -0.0181042
0.377668 0.017814 -0.0215066
0.385152 0.0176323 -0.0242732
0.392278 0.0174457 -0.0261827
0.399312 0.0172531 -0.0273901
0.406273 0.0170588 -0.0279065
0.413229 0.016866 -0.0277228
0.420041 0.0166828 -0.0268875
0.426676 0.0165137 -0.0254866
0.433208 0.0163599 -0.023547
0.439683 0.0162233 -0.0211022
0.445959 0.0161085 -0.0182885
0.452373 0.016012 -0.0150432
0.458711 0.0159388 -0.0115456
0.465109 0.0158888 -0.00781625
0.47131 0.0158634 -0.00409094
0.477497 0.0158615 -0.000318419
0.483486 0.0158815 0.00334895
0.489415 0.0159225 0.00690785
0.49547 0.0159858 0.0104559
0.501677 0.0160724 0.0139598
0.507802 0.0161782 0.0172742
0.514013 0.0163055 0.0204944
0.520354 0.0164548 0.0235412
0.526846 0.0166248 0.0261864
0.533461 0.0168123 0.0283352
0.540221 0.017014 0.0298494
0.547292 0.0172303 0.0305849
0.554326 0.017445 0.0305214
0.561239 0.0176507 0.0297594
0.567868 0.0178391 0.0284218
0.574385 0.0180126 0.0266131
0.581028 0.0181736 0.024249
0.587505 0.0183131 0.0215277
0.594133 0.0184357 0.0184973
0.60046 0.0185329 0.0153713
0.607027 0.0186107 0.0118426
0.613591 0.0186639 0.00809684
0.620046 0.0186915 0.00427682
0.626671 0.0186932 0.000261263
0.633461 0.0186673 -0.00380716
0.640331 0.0186137 -0.00780808
0.647218 0.0185329 -0.0117259
0.654177 0.0184243 -0.0156097
0.661349 0.0182853 -0.0193786
0.668743 0.0181155 -0.0229713
0.676122 0.0179224 -0.0261699
0.683463 0.0177104 -0.0288719
0.690947 0.017478 -0.0310619
0.698327 0.0172379 -0.0325255
0.705591 0.0169967 -0.0332084
0.712751 0.0167596 -0.0331192
0.719847 0.0165305 -0.0322763
0.726833 0.0163157 -0.0307543
0.733565 0.0161221 -0.0287627
0.740163 0.0159481 -0.026359
0.746673 0.015795 -0.0235265
0.753023 0.0156658 -0.0203484
0.759226 0.0155605 -0.0169704
0.76558 0.0154761 -0.0132764
0.772049 0.0154158 -0.009322
0.778553 0.0153819 -0.00520957
0.785073 0.0153755 -0.000983203
0.791664 0.0153971 0.00327499
0.798032 0.0154436 0.00730248
0.804502 0.0155166 0.0112814
0.811244 0.0156194 0.0152511
0.818256 0.0157536 0.0191312
0.825372 0.0159158 0.0227881
0.832474 0.0161006 0.0260265
0.839636 0.0163063 0.0287239
0.846949 0.0165317 0.0308186
0.854106 0.0167622 0.0322064
0.861107 0.0169922 0.0328589
0.868027 0.017219 0.0327688
0.874683 0.017432 0.0319953
0.881191 0.0176318 0.0307071
0.887482 0.0178141 0.0289699
0.893985 0.0179876 0.0266911
0.90006 0.0181348 0.0242259
0.906276 0.0182681 0.021449
0.912473 0.0183823 0.0184298
0.9188 0.0184777 0.0150724
0.925058 0.01855 0.0115576
0.931261 0.0185994 0.0079627
0.937476 0.0186264 0.00434919
0.943719 0.0186313 0.000771322
0.950021 0.0186138 -0.00276225
0.956478 0.0185736 -0.00622738
0.963133 0.0185098 -0.00958794
0.97005 0.0184214 -0.0127771
0.977277 0.018308 -0.0156928
0.984779 0.0181709 -0.0182779
0.992144 0.0180209 -0.0203631
0.999599 0.0178573 -0.0219488
1.007 0.0176874 -0.0229689
1.01421 0.0175182 -0.0234664
1.02143 0.0173487 -0.0234562
1.02858 0.0171851 -0.022894
1.03568 0.0170307 -0.0217331
1.04272 0.0168897 -0.02004
1.04968 0.0167651 -0.017904
1.05656 0.0166587 -0.0154554
1.06332 0.0165724 -0.0127716
1.06969 0.0165084 -0.0100425
1.07617 0.0164625 -0.00709174
1.08275 0.0164365 -0.00394633
1.08896 0.0164311 -0.000879717
1.09521 0.0164453 0.00227737
1.10126 0.0164778 0.00537262
1.10744 0.01653 0.00844355
1.11391 0.0166042 0.0114759
1.12041 0.0166968 0.0142581
1.12708 0.0168095 0.0168724
1.13378 0.0169382 0.0192212
1.14068 0.0170846 0.0212044
1.14783 0.0172469 0.0227092
1.15523 0.0174215 0.0235906
1.1625 0.0175941 0.0237469
1.1696 0.017759 0.0232385
1.17646 0.0179115 0.0222326
1.1831 0.0180497 0.0208052
1.1895 0.0181716 0.0190498
1.19586 0.0182803 0.0170766
1.20193 0.0183717 0.0150677
1.2082 0.0184523 0.0128551
1.21418 0.0185161 0.0106672
1.22015 0.0185667 0.00846643
1.22598 0.0186035 0.00632815
1.23195 0.0186284 0.00417362
1.23817 0.0186409 0.00199453
1.24473 0.01864 -0.000136914
1.25174 0.0186246 -0.0021963
1.25904 0.0185951 -0.00404157
1.26667 0.0185521 -0.00563101
1.27417 0.0185006 -0.00686485
1.28161 0.018443 -0.00774668
1.28898 0.0183821 -0.00825691
1.29631 0.0183205 -0.00840255
1.30361 0.0182608 -0.00818173
1.31077 0.0182061 -0.00764752
1.31778 0.0181579 -0.00687052
1.32486 0.0181163 -0.00587218
1.33192 0.0180833 -0.00467374
1.33883 0.01806 -0.00337339
1.34548 0.0180467 -0.00200115
1.35209 0.0180429 -0.000578862
1.35874 0.0180488 0.000898354
1.36543 0.0180646 0.00235227
1.3722 0.01809 0.00375437
1.37906 0.0181249 0.00509522
1.38602 0.0181694 0.00638458
1.39306 0.0182228 0.0075901
1.40016 0.0182836 0.00857033
1.40735 0.0183508 0.00933609
1.41465 0.0184225 0.00983236
1.42207 0.0184971 0.0100432
1.42964 0.0185721 0.00991466
1.43716 0.0186431 0.0094337
1.44477 0.0187082 0.00855401
1.45205 0.018762 0.00738716
1.45921 0.0188053 0.00605116
1.46661 0.0188396 0.00463553
1.4738 0.0188629 0.00324479
1.48055 0.0188762 0.00197479
1.48705 0.018882 0.000887563
1.49328 0.0188818 -3.15736e-05
1.49978 0.0188762 -0.000855203
1.50662 0.0188659 -0.00151843
1.51367 0.0188517 -0.00200964
1.52107 0.0188349 -0.00226809
1.52882 0.0188171 -0.00229567
1.5365 0.018801 -0.00210235
1.54415 0.0187881 -0.00168304
1.55175 0.0187797 -0.00110661
1.55933 0.0187764 -0.000431323
1.56679 0.0187788 0.000316632
1.57416 0.0187869 0.00110766
1.58141 0.0188009 0.00192249
1.58848 0.0188198 0.0026735
1.59541 0.0188432 0.00338441
1.60219 0.0188707 0.00404668
1.60899 0.0189018 0.00457844
1.61591 0.0189366 0.00503016
1.62286 0.0189732 0.00526338
1.6299 0.0190106 0.00531291
1.63706 0.0190477 0.00517816
1.64438 0.0190833 0.00486509
1.65184 0.0191164 0.00444129
1.65948 0.0191462 0.0038956
1.66717 0.0191715 0.00328806
1.67476 0.0191911 0.00258387
1.68245 0.019205 0.00180929
1.68977 0.0192129 0.00108476
1.69685 0.0192158 0.000410924
1.70389 0.0192146 -0.00017188
1.71138 0.0192097 -0.000654559
1.71922 0.0192015 -0.00105264
1.72704 0.0191911 -0.0013313
1.73466 0.0191797 -0.00149419
1.74222 0.0191678 -0.00156552
1.74984 0.0191562 -0.00152807
1.7576 0.0191456 -0.00137206
1.76538 0.019137 -0.00110549
1.77296 0.0191314 -0.000730797
1.78051 0.0191294 -0.000260937
1.78821 0.0191314 0.000260248
1.79582 0.0191377 0.000816841
1.80332 0.0191481 0.00139182
1.81069 0.0191622 0.00191608
1.81788 0.0191791 0.00234482
1.82493 0.0191979 0.00267172
1.83193 0.019218 0.00286491
1.83893 0.0192385 0.00293944
1.84599 0.0192591 0.00291177
1.85314 0.019279 0.00277849
1.86034 0.0192974 0.00255848
1.8676 0.0193136 0.00222857
1.87481 0.0193268 0.0018376
1.88215 0.0193374 0.00144736
1.88972 0.019345 0.000998861
1.89755 0.0193493 0.00054989
1.90549 0.0193496 4.01817e-05
1.91344 0.0193455 -0.000523064
1.92133 0.0193371 -0.00105834
1.92913 0.0193252 -0.00153077
1.93684 0.0193103 -0.00193325
1.94433 0.019293 -0.00230081
1.95171 0.0192734 -0.00266044
1.95946 0.01925 -0.00302358
1.96715 0.0192243 -0.00333811
1.97475 0.0191971 -0.00357461
1.98225 0.0191695 -0.00369066
1.98963 0.0191423 -0.0036814
1.99692 0.0191165 -0.00353251
2.00418 0.0190929 -0.00326292
2.01145 0.0190724 -0.0028072
2.01872 0.0190572 -0.00210274
2.02598 0.0190486 -0.00117713
2.03331 0.0190483 -4.41933e-05
2.04078 0.0190574 0.00121821
2.04843 0.019077 0.00256905
2.056 0.0191067 0.00392488
2.06339 0.0191452 0.00520833
2.0706 0.0191915 0.00641166
2.07765 0.0192441 0.00745344
2.08463 0.0193032 0.00849058
2.09161 0.0193681 0.00928319
2.09854 0.0194359 0.00978709
2.10545 0.0195061 0.0101531
2.11247 0.0195777 0.0102093
2.11533 0.0196068 0.0101351
2.1182 0.0196356 0.0100533
2.12107 0.0196642 0.00995621
2.1239 0.019692 0.00984767
2.1267 0.0197192 0.00970535
2.12946 0.0197454 0.00951907
2.13221 0.019771 0.00929399
2.13499 0.0197961 0.00902197
2.13779 0.0198205 0.00872745
2.1407 0.019845 0.00842234
2.14361 0.0198686 0.00811374
2.14651 0.0198913 0.00779634
2.1494 0.0199128 0.00745236
2.15229 0.0199333 0.00710722
2.15515 0.0199528 0.00677642
2.15803 0.0199713 0.00645618
2.16086 0.0199888 0.00616351
2.16363 0.0200051 0.00588956
2.1663 0.0200201 0.00563168
2.16897 0.0200345 0.0053904
2.1717 0.0200486 0.00514871
2.17445 0.020062 0.0048937
2.17723 0.0200749 0.00463119
2.18005 0.0200872 0.00437212
2.18295 0.0200992 0.00412979
2.18583 0.0201105 0.00392331
2.18871 0.0201213 0.00374794
2.19158 0.0201316 0.00360148
2.19444 0.0201416 0.0034675
2.1973 0.0201511 0.00333969
2.20015 0.0201603 0.00323792
2.20299 0.0201693 0.00315878
2.20583 0.0201781 0.00309545
2.20867 0.0201868 0.00305339
2.2115 0.0201954 0.00303616
2.21412 0.0202034 0.00305482
2.21654 0.0202109 0.00311024
2.21884 0.0202182 0.00317691
2.22105 0.0202254 0.00323709
2.22321 0.0202324 0.00328711
2.22534 0.0202396 0.00333674
2.22747 0.0202468 0.00339623
2.22962 0.0202543 0.00346662
2.23183 0.0202621 0.00353678
2.23414 0.0202704 0.00360192
2.23656 0.0202793 0.00366674
2.23916 0.020289 0.00373953
2.24192 0.0202996 0.0038497
2.2444 0.0203095 0.00397652
2.24688 0.0203197 0.00411686
2.24957 0.0203312 0.00426843
2.25227 0.0203432 0.00445058
2.25497 0.0203557 0.00464554
2.25765 0.0203687 0.00485722
2.26032 0.0203824 0.00510601
2.26298 0.0203966 0.00536089
2.26562 0.0204115 0.00563481
2.26826 0.0204272 0.00593276
2.27088 0.0204435 0.00621373
2.27334 0.0204593 0.00645615
2.27592 0.0204766 0.00668865
2.27842 0.020494 0.00694575
2.28093 0.0205121 0.00720871
2.28348 0.0205311 0.00746595
2.28602 0.0205506 0.00769995
2.28856 0.0205707 0.00791778
2.2911 0.0205914 0.00811358
2.29364 0.0206124 0.00827736
2.29617 0.0206337 0.00844179
2.29869 0.0206554 0.00857308
2.30121 0.0206772 0.00866884
2.30373 0.0206993 0.00877088
2.30624 0.0207216 0.00887046
2.30875 0.0207441 0.00897793
2.31126 0.0207668 0.00907104
2.31373 0.0207894 0.0091372
2.31617 0.0208119 0.00917228
2.3186 0.0208342 0.00921545
2.32101 0.0208566 0.00928294
2.32342 0.020879 0.0093307
2.32583 0.0209016 0.00934781
2.32824 0.020924 0.00931884
2.33065 0.0209464 0.00926043
2.33307 0.0209685 0.00917621
2.33547 0.0209904 0.00906817
2.33787 0.0210118 0.00893875
2.34024 0.0210326 0.0087811
2.3426 0.0210528 0.00858821
2.34492 0.0210723 0.0083704
2.34715 0.0210905 0.00814648
2.34932 0.0211076 0.00792901
2.35142 0.0211238 0.00771091
2.35345 0.021139 0.00748883
2.35542 0.0211534 0.00727613
2.35732 0.0211669 0.00707327
2.35918 0.0211796 0.00687875
2.36099 0.0211917 0.0066897
2.36275 0.0212032 0.00650537
2.36448 0.0212141 0.00632879
2.36616 0.0212245 0.00616364
2.36782 0.0212344 0.00600567
2.36944 0.0212439 0.00585334
2.37104 0.0212531 0.0057039
2.37262 0.0212619 0.00555361
2.3742 0.0212704 0.00539935
2.37578 0.0212787 0.00523748
2.37738 0.0212867 0.00506538
2.37899 0.0212946 0.0048817
2.38064 0.0213023 0.00469061
2.38233 0.02131 0.00449297
2.38409 0.0213175 0.00428501
2.38592 0.0213249 0.00405426
2.38786 0.0213323 0.00379989
2.38994 0.0213396 0.00352871
2.39221 0.0213469 0.00322605
2.39464 0.021354 0.00288545
2.39712 0.0213602 0.00252946
2.39963 0.0213657 0.00219162
2.40209 0.0213703 0.00185
2.40446 0.0213739 0.00151023
2.40677 0.0213766 0.00116939
2.40905 0.0213784 0.000819254
2.4113 0.0213795 0.000463329
2.41356 0.0213797 0.000102577
2.41584 0.0213791 -0.000261052
2.41814 0.0213777 -0.000625469
2.42047 0.0213753 -0.000998856
2.42283 0.0213721 -0.00136879
2.42518 0.021368 -0.00174094
2.42752 0.0213631 -0.00212074
2.42976 0.0213574 -0.00250515
2.43189 0.0213513 -0.00288273
2.4339 0.0213448 -0.00323185
2.43582 0.021338 -0.00354977
2.43765 0.0213309 -0.00384611
2.4394 0.0213237 -0.00412436
2.44108 0.0213164 -0.00438485
2.44268 0.021309 -0.0046269
2.44421 0.0213015 -0.0048507
2.44569 0.0212941 -0.00505854
2.44711 0.0212866 -0.0052528
2.44848 0.0212792 -0.00543393
2.44981 0.0212717 -0.00560297
2.4511 0.0212643 -0.00576084
2.45237 0.0212568 -0.00590663
2.45361 0.0212493 -0.0060419
2.45483 0.0212418 -0.00616611
2.45603 0.0212342 -0.00627753
2.45723 0.0212266 -0.00637966
2.45842 0.0212188 -0.00647739
2.45962 0.021211 -0.00657025
2.46082 0.021203 -0.00665797
2.46203 0.0211948 -0.00674092
2.46326 0.0211864 -0.00681791
2.46451 0.0211778 -0.00688482
2.46578 0.021169 -0.00694087
2.46707 0.02116 -0.00698542
2.46838 0.0211508 -0.00701757
2.4697 0.0211415 -0.00703661
2.47102 0.0211322 -0.00704192
2.47228 0.0211234 -0.00703319
2.47346 0.0211151 -0.00701241
2.47458 0.0211073 -0.00698157
2.47566 0.0210998 -0.00694088
2.47668 0.0210927 -0.00689134
2.47767 0.021086 -0.0068338
2.47863 0.0210795 -0.00676899
2.47955 0.0210733 -0.00669845
2.48044 0.0210674 -0.00662317
2.48132 0.0210617 -0.00654332
2.48217 0.0210562 -0.00645856
2.483 0.0210509 -0.00636899
2.48382 0.0210458 -0.0062744
2.48463 0.0210408 -0.00617463
2.48542 0.0210359 -0.00606962
2.48621 0.0210312 -0.00595928
2.48699 0.0210267 -0.00584357
2.48777 0.0210222 -0.00572216
2.48855 0.0210178 -0.0055952
2.48933 0.0210136 -0.00546264
2.49012 0.0210094 -0.00532423
2.4909 0.0210053 -0.00517944
2.4917 0.0210013 -0.00502715
2.4925 0.0209974 -0.00486643
