t x vx
0.01 0.0164998 -2.25029e-05
0.02 0.0165001 3.083e-05
0.0303234 0.016501 8.82295e-05
0.0410985 0.0165027 0.000154337
0.0522991 0.0165053 0.000232432
0.063748 0.0165089 0.000322093
0.0753854 0.0165138 0.000419431
0.0871398 0.01652 0.000525453
0.0989508 0.0165274 0.000623792
0.110784 0.0165359 0.00072431
0.122576 0.0165457 0.000830482
0.134268 0.0165568 0.000947697
0.14584 0.0165692 0.00106647
0.15697 0.0165813 0.00109064
0.168226 0.0165936 0.00109565
0.179054 0.0166059 0.00113219
0.189707 0.0166183 0.00116913
0.200591 0.0166304 0.00110941
0.211388 0.0166418 0.0010527
0.222201 0.0166527 0.00101072
0.233081 0.0166628 0.00092566
0.244097 0.0166719 0.000828344
0.25522 0.0166803 0.000749842
0.266397 0.0166874 0.000638354
0.277561 0.0166934 0.000542799
0.288697 0.0166989 0.000485954
0.299809 0.0167038 0.000440762
0.31085 0.0167083 0.000407638
0.321571 0.0167123 0.000381687
0.332111 0.0167159 0.000335912
0.342343 0.0167191 0.000312237
0.352412 0.0167227 0.000358956
0.362467 0.0167272 0.00044552
0.372673 0.0167327 0.000544055
0.382806 0.0167393 0.000648314
0.392808 0.0167469 0.000757094
0.402787 0.0167557 0.000888111
0.412861 0.0167661 0.00102881
0.423132 0.016778 0.00115684
0.433585 0.0167914 0.00128157
0.444138 0.0168063 0.0014154
0.45463 0.0168226 0.0015555
0.464818 0.01684 0.00170533
0.474821 0.0168582 0.00182278
0.484941 0.0168773 0.0018861
0.495018 0.0168965 0.00190373
0.505148 0.0169158 0.00189994
0.51534 0.0169347 0.00186137
0.525625 0.0169528 0.00175954
0.535589 0.0169687 0.00159789
0.545437 0.0169825 0.0013946
0.555396 0.0169939 0.00114748
0.565318 0.0170024 0.000856045
0.575068 0.0170074 0.000516838
0.584796 0.0170085 0.000111813
0.594389 0.017005 -0.000368867
0.603974 0.0169964 -0.0009009
0.613542 0.0169824 -0.0014599
0.62321 0.0169628 -0.00203
0.63311 0.0169372 -0.00257985
0.643155 0.0169065 -0.00306026
0.653174 0.0168719 -0.00345332
0.662934 0.0168354 -0.00374221
0.672819 0.0167966 -0.0039208
0.682912 0.0167565 -0.00397094
0.692941 0.0167171 -0.00393364
0.703022 0.0166782 -0.00385262
0.712891 0.0166414 -0.00372941
0.72304 0.0166058 -0.00351104
0.733285 0.0165732 -0.00317974
0.743534 0.0165453 -0.00272715
0.753484 0.0165236 -0.00217949
0.763164 0.0165085 -0.00156068
0.773004 0.0165 -0.000861969
0.783141 0.0164984 -0.000156216
0.793347 0.0165034 0.000491952
0.803512 0.0165148 0.00111567
0.813684 0.0165319 0.00168165
0.823566 0.016553 0.00213462
0.833231 0.016577 0.00248592
0.842951 0.0166037 0.00275167
0.853017 0.0166332 0.00292693
0.863274 0.0166637 0.00297791
0.873786 0.0166942 0.00289645
0.884457 0.016723 0.00269826
0.894955 0.016748 0.00237912
0.90512 0.0167679 0.00196401
0.914574 0.0167822 0.00151428
0.924175 0.0167921 0.00102772
0.933875 0.016797 0.000501438
0.943535 0.0167969 -9.77505e-06
0.953413 0.0167919 -0.000503877
0.963496 0.0167823 -0.000953684
0.973739 0.0167686 -0.00133512
0.983778 0.0167521 -0.00164075
0.993623 0.0167336 -0.00187855
1.00358 0.0167133 -0.00204789
1.01389 0.0166916 -0.00210426
1.02452 0.0166705 -0.00198433
1.03513 0.0166524 -0.00169923
1.0456 0.0166386 -0.00132254
1.05601 0.0166292 -0.000898784
1.06645 0.0166248 -0.000429409
1.07669 0.0166257 8.74407e-05
1.08685 0.016632 0.000626978
1.09702 0.0166437 0.00114571
1.10665 0.0166591 0.00160414
1.11612 0.0166782 0.00201678
1.12577 0.0167015 0.00241276
1.13572 0.016729 0.00276331
1.1457 0.0167592 0.00302661
1.15576 0.0167914 0.00319965
1.16606 0.016825 0.00326773
1.1766 0.0168589 0.00321408
1.1873 0.0168916 0.00304888
1.19798 0.0169216 0.00281819
1.20862 0.0169484 0.00251745
1.21925 0.016971 0.00212005
1.22962 0.0169885 0.00169241
1.23939 0.0170007 0.00124949
1.24911 0.0170087 0.000822627
1.25901 0.017013 0.000433568
1.2689 0.0170139 8.95294e-05
1.27873 0.0170119 -0.000204182
1.28873 0.0170076 -0.000434318
1.29884 0.0170017 -0.000577517
1.30891 0.0169952 -0.00065007
1.31897 0.0169885 -0.000659908
1.32916 0.0169822 -0.000618185
1.33911 0.0169771 -0.000518531
1.34916 0.0169738 -0.000329916
1.35889 0.0169728 -9.6826e-05
1.36848 0.0169742 0.000144793
1.37865 0.0169783 0.000405015
1.389 0.0169854 0.000681092
1.39942 0.0169955 0.000973867
1.40954 0.0170082 0.00124856
1.41912 0.017022 0.00144755
1.42853 0.0170368 0.00157436
1.43805 0.0170525 0.0016498
1.44792 0.0170694 0.00171043
1.45782 0.0170869 0.00176793
1.46804 0.0171052 0.00179215
1.47817 0.0171232 0.00177396
1.48848 0.0171406 0.00168733
1.49892 0.0171568 0.00154973
1.50946 0.0171713 0.00137566
1.51999 0.0171836 0.00117286
1.53065 0.0171935 0.0009251
1.54161 0.0172003 0.000619276
1.55209 0.0172034 0.000294661
1.56216 0.0172029 -4.94269e-05
1.57232 0.0171993 -0.000355561
1.58258 0.0171931 -0.000598198
1.59275 0.017185 -0.000800922
1.60279 0.0171755 -0.000945424
1.61318 0.0171649 -0.00101783
1.62369 0.0171543 -0.00101219
1.63448 0.017144 -0.000950385
1.64523 0.0171349 -0.000851976
1.65601 0.0171274 -0.000694593
1.66652 0.0171224 -0.000474203
1.6771 0.0171199 -0.000237846
1.68776 0.01712 1.18306e-05
1.69831 0.017123 0.000286328
1.70874 0.017129 0.000573045
1.71913 0.0171379 0.000859238
1.72933 0.0171495 0.00113797
1.73917 0.017163 0.0013662
1.74881 0.0171774 0.00149425
1.75849 0.0171923 0.00153962
1.76846 0.0172076 0.00153595
1.77871 0.0172225 0.00145641
1.78887 0.0172358 0.00130323
1.79887 0.0172466 0.00108637
1.809 0.0172551 0.000836828
1.81923 0.0172611 0.000584679
1.82931 0.0172645 0.000337195
1.83931 0.0172653 7.89055e-05
1.84932 0.0172636 -0.000167467
1.85947 0.01726 -0.000354831
1.86955 0.0172552 -0.000479114
1.87952 0.0172496 -0.000557657
1.88932 0.017244 -0.00056956
1.89911 0.0172387 -0.000547875
1.90912 0.0172337 -0.000493811
1.91938 0.0172298 -0.000380098
1.92977 0.0172277 -0.000206342
1.94023 0.0172278 9.74151e-06
1.95082 0.0172299 0.000204152
1.96144 0.0172336 0.000349481
1.97193 0.0172386 0.00047395
1.98247 0.0172444 0.000550268
1.9929 0.017251 0.000635532
2.00302 0.0172584 0.000725952
2.01276 0.017266 0.000781415
2.02246 0.0172739 0.000810366
2.03193 0.0172816 0.000812498
2.04138 0.0172891 0.000802623
2.05107 0.0172965 0.000757882
2.06084 0.0173029 0.000659778
2.07064 0.0173082 0.000540122
2.08058 0.0173123 0.000407919
2.09041 0.0173148 0.000258188
2.10013 0.0173158 9.67726e-05
2.1099 0.0173148 -9.80702e-05
2.11991 0.0173116 -0.000324759
2.12992 0.0173059 -0.000567759
2.13985 0.0172979 -0.000807117
2.14958 0.0172884 -0.000973428
2.15905 0.0172788 -0.0010118
2.16878 0.0172696 -0.000943822
2.17898 0.0172617 -0.000777745
2.18913 0.0172564 -0.000520431
2.1997 0.0172543 -0.000196233
2.21045 0.0172561 0.000168192
2.22095 0.0172619 0.000548279
2.23129 0.0172714 0.000916278
2.24157 0.0172843 0.0012621
2.25134 0.0172995 0.00155017
2.26072 0.0173159 0.00174674
2.27002 0.0173333 0.00187324
2.27959 0.0173523 0.00198211
2.28948 0.0173725 0.00204612
2.29958 0.0173931 0.00203634
2.30925 0.0174122 0.00197875
2.31896 0.0174305 0.00188107
2.32892 0.0174475 0.00171308
2.33913 0.0174624 0.00145388
2.34923 0.0174737 0.00111921
2.35927 0.0174812 0.000744356
2.36943 0.0174851 0.000387367
2.37946 0.0174858 7.27667e-05
2.38932 0.0174839 -0.000196495
2.39906 0.0174801 -0.000387991
2.40899 0.0174756 -0.000456382
2.41927 0.0174713 -0.000415557
2.42933 0.0174682 -0.000310448
2.43899 0.0174668 -0.000145935
2.44796 0.0174671 3.38846e-05
2.45637 0.0174685 0.000174015
2.46522 0.0174719 0.000376476
2.47368 0.0174771 0.000622656
2.48305 0.0174861 0.000959247
2.49215 0.0174978 0.00128699
2.50136 0.0175128 0.0016249
2.51056 0.017531 0.00197531
2.51997 0.0175524 0.00227713
2.52947 0.0175756 0.00243724
2.53909 0.017599 0.00243564
2.54862 0.0176209 0.00229775
2.55831 0.0176407 0.00204677
2.56834 0.0176585 0.00177382
2.57815 0.0176725 0.00143196
2.58799 0.0176826 0.00101613
2.598 0.0176879 0.00053687
2.60804 0.0176887 7.29189e-05
2.61832 0.017685 -0.000356639
2.62862 0.0176773 -0.000745933
2.63903 0.0176662 -0.00106329
2.64926 0.0176523 -0.00136354
2.65929 0.0176352 -0.00170075
2.66886 0.0176157 -0.00203791
2.67819 0.0175941 -0.00231819
2.68797 0.017569 -0.00256481
2.69821 0.0175405 -0.00278279
2.70896 0.0175091 -0.00292409
2.72004 0.0174768 -0.00291531
2.73104 0.0174467 -0.00273658
2.74184 0.0174205 -0.00242401
2.75248 0.017399 -0.00201829
2.76275 0.0173829 -0.00157452
2.77278 0.0173715 -0.00113127
2.78265 0.0173649 -0.000675239
2.79244 0.0173631 -0.00018062
2.80211 0.017366 0.000303456
2.81137 0.0173727 0.000726829
2.82057 0.0173828 0.00108911
2.82997 0.0173957 0.00137949
2.83953 0.0174111 0.00160862
2.84926 0.0174285 0.00178317
2.85919 0.0174471 0.00187572
2.86927 0.0174659 0.001862
2.87955 0.0174837 0.00173764
2.88942 0.0174983 0.00147295
2.89924 0.0175093 0.00112383
2.90858 0.0175168 0.000798288
2.91773 0.0175212 0.000482234
2.92725 0.0175225 0.000136511
2.93726 0.0175201 -0.000238985
2.94771 0.0175137 -0.000608382
2.95826 0.0175041 -0.000914666
2.96879 0.0174919 -0.00115953
2.97928 0.0174779 -0.00132643
2.98985 0.0174631 -0.00139925
3.00026 0.0174481 -0.0014418
3.01051 0.0174328 -0.00149551
3.02011 0.0174183 -0.00150776
3.02963 0.0174049 -0.00141239
3.0396 0.0173928 -0.00121707
3.05003 0.0173827 -0.000960543
3.0606 0.0173758 -0.00065447
3.07123 0.0173723 -0.000332555
3.08183 0.0173721 -1.94441e-05
3.09214 0.0173749 0.000275857
3.10233 0.0173805 0.000548451
3.11253 0.0173885 0.000782057
3.12229 0.0173978 0.000948811
3.13169 0.0174072 0.00100932
3.14098 0.0174162 0.000960128
3.1505 0.0174245 0.000876084
3.16004 0.0174318 0.000764481
3.16958 0.0174371 0.000558427
3.17949 0.0174392 0.000206399
3.1896 0.0174365 -0.000268199
3.20017 0.0174281 -0.000787574
3.21092 0.017414 -0.00130983
3.22121 0.0173954 -0.00181648
3.23165 0.0173713 -0.00230443
3.24207 0.0173427 -0.0027436
3.25204 0.0173114 -0.00314127
3.2621 0.017276 -0.00351582
3.27162 0.0172398 -0.00380156
3.28147 0.0172009 -0.00395163
3.291 0.0171635 -0.00393059
3.30126 0.0171248 -0.00376954
3.31163 0.0170892 -0.00343441
3.32194 0.017059 -0.00293064
3.332 0.017036 -0.0022847
3.34192 0.0170206 -0.00154762
3.35181 0.0170133 -0.000737391
3.3618 0.0170145 0.00011775
3.37202 0.0170242 0.000951857
3.38198 0.0170408 0.00166515
3.39194 0.0170637 0.00230364
3.40202 0.017093 0.00290191
3.41227 0.017128 0.00341356
3.42265 0.0171676 0.00381398
3.43315 0.0172105 0.00409175
3.44378 0.0172556 0.00424357
3.45436 0.0173004 0.00423593
3.46477 0.017343 0.00408455
3.47495 0.0173814 0.00377809
3.48495 0.0174151 0.00336506
3.4949 0.0174432 0.00283108
3.50466 0.0174649 0.00221498
3.51454 0.0174797 0.00149852
3.52426 0.017487 0.000753022
3.53388 0.017488 0.000100692
3.5421 0.0174851 -0.000348016
3.54926 0.0174802 -0.00068646
3.55649 0.0174734 -0.000938053
3.56322 0.0174658 -0.00113585
3.57042 0.0174566 -0.00127354
3.57731 0.017447 -0.00139017
3.58474 0.0174362 -0.001451
3.59194 0.0174255 -0.00149144
3.59972 0.017414 -0.00147984
3.60726 0.0174031 -0.00144234
3.61546 0.0173924 -0.00130671
3.62356 0.0173834 -0.00111119
3.63227 0.0173764 -0.000802815
3.64135 0.0173732 -0.000356103
3.65081 0.0173748 0.000177442
3.66034 0.0173819 0.000742635
3.66989 0.0173944 0.0013065
3.67958 0.0174123 0.00184593
3.68944 0.0174352 0.00232455
3.69951 0.0174628 0.00274428
3.70979 0.0174943 0.00306474
3.72009 0.0175281 0.00328193
3.73024 0.0175627 0.00340646
3.73984 0.0175959 0.00345974
3.74927 0.0176283 0.00343331
3.75884 0.0176596 0.00327404
3.76862 0.0176892 0.00302726
3.77863 0.0177157 0.00264218
3.78881 0.0177377 0.00215677
3.79856 0.0177531 0.00158698
3.80898 0.0177615 0.000806745
3.81949 0.01776 -0.000146937
3.82977 0.0177481 -0.00115766
3.84017 0.0177256 -0.00215811
3.85035 0.0176939 -0.00311646
3.86052 0.0176532 -0.00400595
3.871 0.0176031 -0.0047801
3.88171 0.0175453 -0.00539891
3.89253 0.0174825 -0.00580251
3.90332 0.0174182 -0.00595973
3.91401 0.0173555 -0.005861
3.92437 0.0172975 -0.00560084
3.93469 0.017244 -0.0051849
3.94481 0.0171975 -0.0045938
3.95464 0.0171598 -0.0038341
3.96433 0.0171313 -0.00294536
3.97392 0.0171123 -0.00197882
3.9831 0.0171031 -0.000996234
3.99202 0.017103 -1.659e-05
4.00085 0.0171116 0.000977227
4.00959 0.0171286 0.00193819
4.01843 0.0171537 0.00283983
4.0273 0.017186 0.00364194
4.03659 0.0172268 0.00439317
4.04654 0.0172778 0.00512487
4.0572 0.0173386 0.0057007
4.06771 0.0174014 0.00598131
4.07817 0.0174643 0.00601173
4.08856 0.0175247 0.0058166
4.09874 0.0175798 0.00540985
4.10895 0.0176292 0.00483412
4.11931 0.017672 0.00413309
4.12953 0.0177063 0.00335902
4.13951 0.0177319 0.00256009
4.14924 0.0177492 0.0017838
4.15866 0.0177588 0.00102003
4.16804 0.0177613 0.000258886
4.17681 0.0177576 -0.00041545
4.18584 0.0177484 -0.00102439
4.19538 0.0177332 -0.00158733
4.20553 0.017712 -0.00209581
4.21583 0.0176864 -0.00248431
4.22642 0.0176576 -0.00272126
4.23709 0.017628 -0.00277078
4.24764 0.0175999 -0.00266207
4.25788 0.0175756 -0.00237604
4.26799 0.017556 -0.00193843
4.27805 0.0175422 -0.00136478
4.28785 0.0175352 -0.000722557
4.29731 0.0175344 -8.4795e-05
4.30649 0.0175396 0.000566633
4.3159 0.0175512 0.00124213
4.32574 0.0175698 0.00188567
4.33563 0.0175938 0.00242468
4.34562 0.0176223 0.00285097
4.35572 0.0176543 0.00317503
4.36583 0.0176887 0.00339661
4.37561 0.0177226 0.00346915
4.38518 0.0177552 0.00340503
4.39478 0.017786 0.00321017
4.40465 0.017814 0.00283853
4.4144 0.0178366 0.00231684
4.42387 0.0178529 0.00171871
4.43284 0.0178627 0.00109778
4.44207 0.0178666 0.000416091
4.45181 0.0178631 -0.000357875
4.46178 0.0178517 -0.00114388
4.47185 0.0178327 -0.00188203
4.48171 0.0178075 -0.00255894
4.49157 0.0177762 -0.00317458
4.50087 0.0177419 -0.00369518
4.51036 0.0177028 -0.00411826
4.52037 0.0176587 -0.00440146
4.53048 0.017613 -0.00451963
4.54087 0.0175667 -0.00445506
4.55112 0.0175234 -0.00422185
4.5614 0.0174837 -0.00386102
4.57139 0.0174497 -0.00340442
4.58127 0.017422 -0.00280843
4.59112 0.0174014 -0.00209072
4.60095 0.0173883 -0.00133074
4.61062 0.0173824 -0.000614672
4.62018 0.0173828 4.64242e-05
4.62979 0.0173896 0.000703352
4.63951 0.0174024 0.00132369
4.64936 0.0174211 0.00189309
4.65933 0.0174448 0.00237442
4.6695 0.0174722 0.00269775
4.6799 0.0175017 0.00284073
4.69032 0.0175312 0.00283132
4.70066 0.017559 0.00268875
4.71087 0.0175837 0.00241683
4.72068 0.0176039 0.0020587
4.73042 0.0176195 0.00160369
4.74013 0.0176294 0.00101214
4.74971 0.0176326 0.000339598
4.75891 0.0176299 -0.000299767
4.76785 0.0176219 -0.000885969
4.77721 0.0176083 -0.00145325
4.78687 0.0175893 -0.00196884
4.79684 0.0175654 -0.00239566
4.807 0.017538 -0.00270088
4.81715 0.0175089 -0.00286532
4.82737 0.0174789 -0.00293751
4.83777 0.0174482 -0.00295138
4.84829 0.0174176 -0.00290492
4.85819 0.0173904 -0.00274691
4.86817 0.0173659 -0.00246012
4.87854 0.0173445 -0.00206563
4.88901 0.017328 -0.00157518
4.89922 0.0173176 -0.00101596
4.9092 0.0173133 -0.000425424
4.919 0.0173148 0.000152805
4.92861 0.0173213 0.000669052
4.93808 0.0173315 0.00108088
4.9475 0.0173445 0.00137419
4.95701 0.0173591 0.00153844
4.96672 0.0173745 0.00158741
4.9766 0.0173899 0.00155774
4.98651 0.017404 0.00142634
4.99605 0.0174157 0.00121956
