t x vx
0.01 0.0164981 -0.000188935
0.02 0.0164916 -0.000647983
0.0319282 0.0164772 -0.00120564
0.0443102 0.0164552 -0.00178372
0.0571602 0.0164245 -0.00238811
0.0702743 0.0163849 -0.00301472
0.0835558 0.0163364 -0.00365302
0.0969435 0.0162791 -0.00427998
0.110341 0.0162138 -0.00487879
0.123758 0.0161412 -0.00540579
0.137148 0.0160632 -0.00582696
0.150416 0.015982 -0.00611984
0.163595 0.0159003 -0.00619665
0.176724 0.0158206 -0.00607662
0.189603 0.0157454 -0.00583668
0.202247 0.0156768 -0.00542674
0.214761 0.0156147 -0.0049591
0.226831 0.01556 -0.00453271
0.239258 0.0155085 -0.00414224
0.252586 0.0154609 -0.00357289
0.26603 0.0154221 -0.00288394
0.279796 0.0153924 -0.00216089
0.293443 0.0153722 -0.00148243
0.30727 0.0153605 -0.000841142
0.321037 0.0153564 -0.000300406
0.334493 0.0153593 0.000215462
0.347777 0.0153688 0.000716367
0.360761 0.0153842 0.00118259
0.37378 0.0154051 0.00160729
0.38687 0.0154316 0.00202175
0.399935 0.015463 0.00240369
0.412681 0.0154977 0.00272319
0.425283 0.0155349 0.00295609
0.43812 0.0155749 0.00311687
0.451264 0.0156173 0.00322417
0.464511 0.015661 0.003298
0.47758 0.015705 0.00336323
0.490576 0.0157496 0.00343412
0.50339 0.0157946 0.00351216
0.515806 0.0158392 0.0035894
0.528544 0.0158861 0.00368387
0.540932 0.0159331 0.00379657
0.553278 0.0159819 0.00395296
0.565423 0.0160323 0.00414501
0.57755 0.0160853 0.00437598
0.589733 0.0161418 0.00463843
0.601759 0.016201 0.00492303
0.613983 0.0162649 0.00522199
0.62649 0.0163338 0.00551263
0.639071 0.0164065 0.0057764
0.651353 0.0164803 0.00600684
0.663349 0.0165545 0.00618947
0.675156 0.0166291 0.00632048
0.686918 0.0167043 0.00638859
0.698796 0.0167803 0.00640003
0.708946 0.0168448 0.00635065
0.719183 0.0169089 0.00626296
0.728775 0.0169676 0.00612105
0.738787 0.0170271 0.00594037
0.748816 0.0170845 0.00572623
0.759599 0.0171436 0.00548197
0.771333 0.0172048 0.005214
0.783499 0.0172649 0.0049384
0.795697 0.0173216 0.00465066
0.807615 0.0173735 0.00435121
0.819656 0.0174222 0.00405016
0.831695 0.0174676 0.00376556
0.843873 0.0175102 0.00350323
0.856432 0.0175511 0.00325317
0.869469 0.0175903 0.00301177
0.882725 0.0176273 0.00278746
0.895711 0.0176608 0.0025823
0.908398 0.0176912 0.0023941
0.920801 0.0177187 0.00221403
0.93309 0.0177436 0.00203152
0.945318 0.0177661 0.00183727
0.95773 0.0177862 0.00162106
0.970215 0.0178036 0.00139375
0.982725 0.0178183 0.00117323
0.995306 0.0178305 0.000972062
1.00806 0.0178408 0.000802271
1.02072 0.0178492 0.000668143
1.03323 0.0178563 0.000562628
1.04564 0.0178623 0.00048509
1.05812 0.0178678 0.000439149
1.07086 0.0178731 0.00041732
1.08381 0.0178784 0.000409175
1.0969 0.0178836 0.000399198
1.10952 0.0178884 0.000381307
1.12178 0.0178928 0.000359216
1.13377 0.0178967 0.000328114
1.14568 0.0179002 0.000291523
1.15772 0.0179033 0.000259866
1.17004 0.0179063 0.000242439
1.18226 0.0179093 0.000246884
1.19446 0.0179126 0.000268685
1.207 0.0179166 0.000314213
1.21921 0.0179212 0.00037811
1.23131 0.0179265 0.000435317
1.24348 0.0179322 0.000472015
1.25575 0.0179379 0.000464351
1.26783 0.0179428 0.000405893
1.27993 0.0179468 0.000329219
1.29214 0.0179495 0.000220971
1.30455 0.0179505 8.1142e-05
1.31715 0.0179496 -7.17188e-05
1.32994 0.0179466 -0.000230783
1.34269 0.0179416 -0.00039474
1.35511 0.0179349 -0.000540947
1.36756 0.0179266 -0.000663362
1.38025 0.0179166 -0.000785391
1.39324 0.0179048 -0.000914145
1.40626 0.0178911 -0.00105376
1.41948 0.0178751 -0.00121064
1.43246 0.0178576 -0.00134331
1.44526 0.0178394 -0.00142049
1.45792 0.0178209 -0.0014617
1.47053 0.0178024 -0.00147342
1.48299 0.0177842 -0.00145621
1.49491 0.0177673 -0.00141582
1.50703 0.0177511 -0.00134143
1.51913 0.0177361 -0.00123605
1.53151 0.0177224 -0.00110806
1.54405 0.0177102 -0.000969399
1.55636 0.0177002 -0.000817207
1.5686 0.0176921 -0.000659963
1.58085 0.0176859 -0.000507123
1.59314 0.0176814 -0.000363579
1.60554 0.0176785 -0.000237678
1.61803 0.0176767 -0.000141746
1.63062 0.0176758 -7.43061e-05
1.64329 0.0176752 -4.16039e-05
1.656 0.0176744 -6.30824e-05
1.66873 0.0176729 -0.000121827
1.6815 0.0176702 -0.000208821
1.69433 0.0176658 -0.000341574
1.70728 0.0176594 -0.00049486
1.7204 0.0176509 -0.000646338
1.73372 0.0176402 -0.000807376
1.74708 0.0176272 -0.000973696
1.76034 0.0176121 -0.00113621
1.77336 0.0175953 -0.00129449
1.78615 0.0175769 -0.00143584
1.79895 0.0175571 -0.00154954
1.81193 0.0175358 -0.00163522
1.82514 0.0175135 -0.0016941
1.83851 0.0174905 -0.00171946
1.85185 0.0174678 -0.00170143
1.86516 0.0174461 -0.00162977
1.87854 0.0174259 -0.00150747
1.89181 0.017408 -0.00135286
1.90492 0.0173925 -0.00118246
1.91786 0.0173795 -0.00100327
1.93064 0.0173691 -0.00081021
1.94332 0.0173611 -0.00062978
1.95598 0.0173553 -0.000462973
1.96871 0.0173514 -0.00030684
1.98159 0.0173494 -0.000153418
1.99454 0.0173491 -2.1827e-05
2.00751 0.0173498 5.66853e-05
2.02017 0.0173508 7.56584e-05
2.03266 0.0173512 3.44314e-05
2.04518 0.0173506 -5.2918e-05
2.05778 0.0173485 -0.000160984
2.07051 0.0173449 -0.000288329
2.08312 0.0173393 -0.000438405
2.09591 0.0173317 -0.00059792
2.10898 0.0173217 -0.00076555
2.12192 0.0173096 -0.000929949
2.13483 0.0172957 -0.00108018
2.14795 0.0172801 -0.00119227
2.16125 0.0172633 -0.00126012
2.17456 0.0172464 -0.00127213
2.18789 0.01723 -0.00123171
2.20113 0.0172148 -0.00114567
2.2141 0.0172016 -0.00101622
2.22689 0.0171908 -0.00084858
2.2396 0.0171824 -0.000659602
2.25232 0.0171765 -0.000464077
2.26514 0.017173 -0.000272287
2.27804 0.0171719 -8.56945e-05
2.29094 0.017173 8.83969e-05
2.30385 0.0171761 0.000238745
2.31675 0.0171807 0.000357525
2.32967 0.0171863 0.000429876
2.34247 0.017192 0.00044609
2.35508 0.0171973 0.000419859
2.36756 0.0172018 0.000366427
2.37996 0.0172055 0.000292841
2.39235 0.017208 0.00020366
2.4048 0.0172093 0.000105716
2.41729 0.0172093 2.40012e-06
2.42976 0.0172081 -9.51471e-05
2.44219 0.017206 -0.000174675
2.45469 0.0172031 -0.000232069
2.46729 0.0171997 -0.000266794
2.47998 0.0171962 -0.000279987
2.49252 0.0171928 -0.000271149
2.50506 0.0171897 -0.00024433
2.51776 0.017187 -0.000208883
2.53061 0.0171848 -0.000171216
2.54353 0.0171832 -0.000125651
2.55653 0.0171825 -5.20901e-05
2.56956 0.0171833 6.10052e-05
2.58259 0.0171859 0.000199122
2.59567 0.0171904 0.000343565
2.60877 0.0171967 0.000476455
2.6219 0.0172043 0.000584834
2.63489 0.0172129 0.000659977
2.64767 0.0172219 0.000702695
2.66036 0.017231 0.00071408
2.67313 0.0172397 0.000687588
2.6858 0.0172475 0.000614555
2.6982 0.0172538 0.000505108
2.71062 0.0172583 0.000365399
2.72299 0.0172608 0.000202067
2.73535 0.0172611 2.1604e-05
2.7477 0.0172593 -0.00014727
2.76018 0.0172556 -0.000290935
2.77291 0.0172505 -0.000402552
2.78586 0.0172442 -0.000488497
2.79875 0.0172373 -0.000533231
2.81136 0.0172307 -0.000527818
2.82411 0.0172246 -0.000472359
2.83692 0.0172198 -0.000377425
2.84984 0.0172165 -0.000260121
2.86291 0.017215 -0.000110645
2.87601 0.017216 7.2543e-05
2.88923 0.0172195 0.000271038
2.9025 0.0172257 0.00046592
2.91574 0.0172342 0.000640954
2.92889 0.0172445 0.000781583
2.94194 0.017256 0.000880835
2.95488 0.0172681 0.000932882
2.96776 0.0172802 0.000942954
2.98065 0.0172919 0.000910439
2.99344 0.0173026 0.000832019
3.0062 0.0173116 0.000708692
3.01892 0.0173186 0.00054759
3.03156 0.0173231 0.000356849
3.0442 0.0173249 0.000143238
3.05695 0.0173239 -7.83996e-05
3.06978 0.0173202 -0.00028783
3.08271 0.0173142 -0.000465892
3.09562 0.0173064 -0.000604374
3.10851 0.0172973 -0.000704962
3.12143 0.0172874 -0.000769752
3.1343 0.0172772 -0.000791682
3.14707 0.0172673 -0.000774489
3.15986 0.0172581 -0.000720263
3.17277 0.01725 -0.000625481
3.1858 0.0172436 -0.000486997
3.19879 0.0172396 -0.000311779
3.21188 0.0172381 -0.00011399
3.2252 0.0172393 9.06378e-05
3.23834 0.0172431 0.00028594
3.25142 0.017249 0.000457366
3.26445 0.0172569 0.000600636
3.27728 0.017266 0.000713921
3.28999 0.0172761 0.000788606
3.30268 0.0172864 0.000818088
3.3155 0.0172966 0.000791986
3.32838 0.0173057 0.000709399
3.34108 0.0173131 0.000583457
3.35386 0.0173184 0.000413509
3.36672 0.0173211 0.00020708
3.3794 0.0173211 8.77792e-08
3.39201 0.0173188 -0.000182459
3.40473 0.0173145 -0.00033479
3.4176 0.0173087 -0.000453634
3.43033 0.0173018 -0.000540332
3.44304 0.0172942 -0.000598096
3.45588 0.0172862 -0.000625996
3.46876 0.0172781 -0.000624292
3.48178 0.0172704 -0.000596953
3.49487 0.0172634 -0.000533067
3.50805 0.017258 -0.000410197
3.52126 0.0172547 -0.000248438
3.53449 0.0172538 -6.95509e-05
3.54768 0.0172553 0.000116122
3.56078 0.0172592 0.000295259
3.57375 0.0172651 0.000456488
3.58662 0.0172727 0.000593542
3.59942 0.0172816 0.000692987
3.61226 0.017291 0.000734042
3.62525 0.0173004 0.000720824
3.63815 0.0173089 0.000657886
3.65103 0.017316 0.00055068
3.6638 0.0173211 0.000400437
3.67649 0.0173239 0.000223785
3.68919 0.0173244 3.85387e-05
3.702 0.0173226 -0.000142653
3.71466 0.0173187 -0.000307173
3.72714 0.0173131 -0.000449643
3.73958 0.0173059 -0.000575802
3.75216 0.0172972 -0.000695173
3.76483 0.017287 -0.000806311
3.77754 0.0172754 -0.000905587
3.79054 0.0172628 -0.000971979
3.80363 0.01725 -0.000978903
3.81681 0.0172379 -0.000919721
3.83002 0.0172272 -0.000805446
3.84304 0.0172188 -0.000646255
3.85607 0.0172129 -0.000453182
3.86923 0.0172098 -0.000233733
3.88221 0.0172097 -1.08663e-05
3.895 0.0172122 0.000193308
3.9076 0.0172166 0.000355261
3.92011 0.0172226 0.000472062
3.93269 0.0172294 0.000545067
3.94532 0.0172366 0.000572219
3.95774 0.0172435 0.000556321
3.97014 0.0172498 0.00050519
3.98279 0.0172551 0.000421841
3.99529 0.0172591 0.000315718
4.00775 0.0172617 0.000209336
4.02036 0.0172631 0.000113919
4.03318 0.0172634 2.12431e-05
4.04603 0.0172626 -6.54641e-05
4.05905 0.0172605 -0.000158998
4.07228 0.0172571 -0.000258746
4.08531 0.0172526 -0.000346395
4.09829 0.0172473 -0.000406582
4.11137 0.0172416 -0.000435114
4.12466 0.0172358 -0.000437061
4.13782 0.0172304 -0.000408179
4.15087 0.017226 -0.000341301
4.16377 0.017223 -0.000233051
4.17688 0.0172216 -0.000104567
4.19032 0.0172221 3.60208e-05
4.20363 0.0172246 0.00019114
4.2167 0.017229 0.000335557
4.22952 0.0172346 0.000441084
4.24218 0.0172411 0.000510112
4.2548 0.017248 0.000542696
4.26754 0.0172549 0.000542346
4.28037 0.0172615 0.000520557
4.29298 0.0172675 0.000470543
4.30561 0.0172723 0.000384179
4.31809 0.0172755 0.000254064
4.33048 0.0172767 9.802e-05
4.34289 0.0172758 -7.09185e-05
4.35536 0.0172729 -0.000233081
4.36804 0.017268 -0.000388706
4.38085 0.0172611 -0.000535678
4.39356 0.0172527 -0.000664945
4.40638 0.0172428 -0.000768385
4.4192 0.0172322 -0.000828828
4.43197 0.0172214 -0.000843587
4.4446 0.0172111 -0.000821
4.45713 0.0172015 -0.000766623
4.46988 0.0171928 -0.000678287
4.48292 0.0171857 -0.000545351
4.49602 0.0171809 -0.000365939
4.50927 0.0171787 -0.000167227
4.52249 0.0171791 2.85821e-05
4.53572 0.0171818 0.00020455
4.54882 0.0171863 0.000344162
4.56177 0.0171921 0.000447124
4.5746 0.0171987 0.000513534
4.58739 0.0172055 0.0005382
4.60024 0.0172121 0.00051315
4.61317 0.0172178 0.000440286
4.62596 0.017222 0.000326171
4.63874 0.0172243 0.000180347
4.65099 0.0172246 2.47435e-05
4.66241 0.0172233 -0.000114548
4.6731 0.0172209 -0.000221739
4.68329 0.0172179 -0.000301637
4.69338 0.0172143 -0.000354135
4.70347 0.0172105 -0.000379578
4.71369 0.0172066 -0.000376852
4.72408 0.017203 -0.000347592
4.7347 0.0171999 -0.000291772
4.74554 0.0171976 -0.000210121
4.75664 0.0171965 -9.87194e-05
4.76799 0.017197 4.56725e-05
4.77942 0.0171997 0.00022899
4.79089 0.0172047 0.000440566
4.8025 0.0172125 0.000670394
4.81431 0.0172232 0.000906268
4.82626 0.0172367 0.00113048
4.83846 0.0172528 0.00131507
4.85072 0.0172704 0.00143838
4.863 0.0172888 0.00149906
4.87532 0.0173073 0.00149975
4.88766 0.0173251 0.00144466
4.9 0.0173416 0.00133792
4.9123 0.0173563 0.00119195
4.92456 0.0173687 0.00101241
4.9368 0.0173786 0.000808126
4.94903 0.0173858 0.000592162
4.96127 0.0173904 0.000374261
4.97357 0.0173923 0.000158577
4.98599 0.0173917 -5.19961e-05
4.99857 0.0173884 -0.000265228
5.01134 0.0173823 -0.000477944
5.02428 0.0173737 -0.000663189
5.03743 0.0173631 -0.000805148
5.05078 0.0173514 -0.000878805
5.06427 0.0173395 -0.000881224
5.07721 0.0173289 -0.000817736
5.0896 0.0173201 -0.000710212
5.10187 0.0173132 -0.000563662
5.11436 0.0173082 -0.000395416
5.12722 0.0173053 -0.000227508
5.1405 0.0173046 -5.46672e-05
5.15359 0.0173063 0.000133995
5.16659 0.0173105 0.0003175
5.17949 0.0173164 0.000462882
5.19242 0.0173238 0.000568616
5.20545 0.0173319 0.000625658
5.21847 0.0173404 0.000646914
5.23128 0.0173485 0.000637172
5.24401 0.0173561 0.000596485
5.25697 0.0173626 0.000499193
5.26982 0.0173673 0.000369903
5.28258 0.0173703 0.000230401
5.29531 0.0173714 8.40561e-05
5.30799 0.0173704 -7.14608e-05
5.3207 0.0173675 -0.000228561
5.33348 0.0173629 -0.000366154
5.34637 0.0173568 -0.00047038
5.35935 0.0173496 -0.000551224
5.37187 0.017342 -0.000612912
5.38425 0.0173339 -0.000649318
5.39667 0.017326 -0.000642299
5.40939 0.0173181 -0.000616803
5.42239 0.0173103 -0.000603503
5.43553 0.0173029 -0.000563695
5.44865 0.0172965 -0.000485253
5.46178 0.0172918 -0.000357721
5.47483 0.0172897 -0.000162463
5.48785 0.0172904 5.29886e-05
5.50063 0.0172934 0.000234765
5.5132 0.0172982 0.000383129
5.52565 0.0173043 0.000491266
5.53817 0.0173112 0.000551175
5.5508 0.0173182 0.000553531
5.56314 0.0173239 0.000463781
5.57542 0.0173275 0.000294879
5.58772 0.0173285 7.47305e-05
5.59998 0.0173264 -0.000170273
5.6123 0.0173213 -0.000414623
5.62484 0.0173133 -0.000635176
5.63757 0.0173031 -0.00080405
5.65045 0.0172911 -0.000931809
5.6629 0.0172783 -0.00102183
5.67512 0.0172651 -0.00108027
5.68732 0.0172517 -0.00110028
5.69933 0.0172391 -0.00104569
5.71115 0.0172279 -0.000950252
5.72291 0.0172181 -0.000838449
5.7347 0.0172099 -0.000694007
5.74617 0.0172041 -0.00050692
5.75751 0.0172011 -0.000263593
5.7688 0.0172015 3.6782e-05
5.78013 0.0172057 0.000368356
5.79155 0.0172135 0.000690605
5.8031 0.017225 0.000987478
5.81484 0.0172397 0.00125291
5.82681 0.0172574 0.00147768
5.83907 0.0172773 0.00162848
5.85157 0.0172983 0.00167478
5.86399 0.0173185 0.00163152
5.87627 0.0173372 0.00152565
5.88853 0.0173541 0.00137472
5.90083 0.0173688 0.00119838
5.91319 0.0173811 0.000992198
5.9257 0.0173905 0.000752184
5.93838 0.0173967 0.000488947
5.95121 0.0173996 0.000221724
5.9641 0.0173992 -3.07111e-05
5.97689 0.0173958 -0.000265964
5.98993 0.0173894 -0.000489833
6.00287 0.0173806 -0.000679364
6.01605 0.0173696 -0.00083341
6.02928 0.0173571 -0.000947753
6.04245 0.0173434 -0.0010378
6.0555 0.0173291 -0.00109415
6.06845 0.0173149 -0.00109872
6.08141 0.0173011 -0.00106028
6.09441 0.0172886 -0.00096213
6.10749 0.0172781 -0.000802321
6.12029 0.0172704 -0.000603115
6.13289 0.0172655 -0.000388767
6.14518 0.0172634 -0.0001728
6.15733 0.0172638 3.05768e-05
6.16953 0.0172665 0.000227282
6.18196 0.0172716 0.000406709
6.1942 0.017278 0.000521851
6.20618 0.0172848 0.000569421
6.21829 0.0172919 0.000583706
6.23074 0.0172991 0.000578067
6.24332 0.0173061 0.000554262
6.25567 0.0173124 0.000517462
6.26753 0.0173181 0.000472851
6.27933 0.0173231 0.000425704
6.29116 0.0173276 0.000380847
6.30329 0.0173317 0.000341859
