t x vx
0.01 0.0164966 -0.000343853
0.02 0.0164863 -0.00102894
0.0281503 0.0164732 -0.00160372
0.0367979 0.016454 -0.00221875
0.0456075 0.0164288 -0.00286311
0.0546105 0.0163969 -0.00353755
0.0636734 0.0163587 -0.00422401
0.0727664 0.0163144 -0.00487302
0.0818998 0.0162645 -0.00545401
0.0910315 0.01621 -0.00596879
0.10007 0.0161532 -0.00629015
0.109032 0.0160947 -0.00653049
0.117955 0.016036 -0.00657772
0.126537 0.0159807 -0.00643626
0.135082 0.0159274 -0.00623956
0.143666 0.0158766 -0.0059232
0.151977 0.0158312 -0.00546419
0.160166 0.0157905 -0.004964
0.168775 0.0157522 -0.00445131
0.177512 0.0157185 -0.00384927
0.186302 0.0156906 -0.00317434
0.195167 0.015668 -0.00255969
0.203909 0.0156503 -0.00202332
0.212655 0.0156365 -0.001573
0.221421 0.0156265 -0.00114724
0.23002 0.0156195 -0.0008137
0.238362 0.0156153 -0.000494288
0.246304 0.0156138 -0.000189781
0.254739 0.0156145 7.76241e-05
0.263302 0.0156177 0.000375981
0.271611 0.0156232 0.000656499
0.279753 0.0156302 0.000864326
0.287807 0.0156381 0.000985958
0.295945 0.0156464 0.00102152
0.304085 0.0156545 0.000984325
0.312254 0.0156617 0.000886305
0.320517 0.015668 0.000760485
0.328776 0.0156733 0.000648912
0.336769 0.0156776 0.000528491
0.344393 0.0156811 0.000460934
0.351962 0.0156845 0.000458371
0.359726 0.0156887 0.000534395
0.367535 0.0156944 0.000731898
0.375589 0.0157028 0.00104761
0.383963 0.015715 0.00145244
0.39256 0.0157318 0.00195281
0.401109 0.0157534 0.00252485
0.409643 0.0157809 0.00321925
0.418172 0.0158155 0.00406374
0.426725 0.0158578 0.00494114
0.435244 0.0159074 0.00582112
0.443572 0.0159635 0.00673675
0.45173 0.0160255 0.00760327
0.459663 0.0160919 0.00837252
0.46739 0.0161617 0.00903073
0.475065 0.0162349 0.0095373
0.482995 0.0163133 0.00989077
0.490981 0.0163941 0.0101144
0.499204 0.0164773 0.0101131
0.507489 0.0165587 0.00982623
0.515911 0.0166371 0.00931326
0.523701 0.0167049 0.00869968
0.53176 0.0167689 0.00794191
0.539685 0.0168255 0.00714143
0.547399 0.0168745 0.00635686
0.555075 0.0169172 0.00556594
0.562869 0.0169545 0.0047853
0.570838 0.0169869 0.00405746
0.579005 0.0170148 0.00341845
0.587137 0.0170383 0.00289608
0.595277 0.0170586 0.0024868
0.60356 0.0170766 0.00217456
0.611681 0.0170925 0.00195503
0.619734 0.0171075 0.00185947
0.627704 0.0171226 0.00189524
0.635179 0.0171377 0.00202307
0.642482 0.0171541 0.00224654
0.64972 0.0171725 0.0025512
0.657165 0.0171941 0.00289431
0.664837 0.017219 0.00324472
0.672765 0.0172472 0.00355956
0.68085 0.017278 0.0038095
0.689243 0.0173114 0.00398202
0.697677 0.0173451 0.00399666
0.705941 0.017377 0.0038567
0.714029 0.017406 0.00358087
0.722104 0.0174323 0.00325445
0.730126 0.0174552 0.00286281
0.738026 0.0174743 0.00241567
0.74601 0.0174899 0.00195419
0.754211 0.0175024 0.00152154
0.762402 0.0175116 0.00112066
0.770453 0.0175175 0.00074176
0.778347 0.0175206 0.000384648
0.786122 0.017521 5.84399e-05
0.79391 0.0175191 -0.000251501
0.801185 0.0175156 -0.000477484
0.808605 0.0175117 -0.000526221
0.816277 0.0175084 -0.000430057
0.824213 0.0175066 -0.000229481
0.83227 0.0175078 0.000156183
0.840573 0.0175134 0.0006766
0.848874 0.0175239 0.00125665
0.856971 0.0175395 0.00192985
0.864914 0.0175601 0.00258949
0.872831 0.0175854 0.00319534
0.88076 0.0176144 0.00366377
0.888125 0.0176431 0.00389867
0.895256 0.0176715 0.00397204
0.902563 0.0177003 0.00394577
0.910182 0.0177293 0.00380721
0.917856 0.017756 0.00347729
0.925789 0.0177793 0.00294139
0.93377 0.0177979 0.00232804
0.941717 0.0178112 0.00167292
0.949526 0.0178189 0.000992271
0.957053 0.0178211 0.000293751
0.964359 0.017818 -0.000435765
0.971151 0.0178105 -0.0011021
0.977977 0.0177988 -0.00170823
0.985063 0.0177831 -0.00222422
0.992673 0.0177632 -0.00261117
1.00036 0.0177413 -0.00285186
1.00813 0.0177181 -0.0029846
1.01631 0.0176936 -0.00299287
1.02427 0.0176707 -0.00287688
1.03236 0.0176495 -0.00262371
1.04056 0.0176314 -0.0022038
1.04865 0.0176179 -0.00166669
1.05663 0.0176095 -0.00105268
1.06458 0.0176064 -0.000385701
1.07261 0.0176088 0.000290252
1.08065 0.0176162 0.000922456
1.08873 0.017629 0.00158041
1.09696 0.0176476 0.00225786
1.10538 0.0176713 0.00282371
1.11384 0.017699 0.00327018
1.12231 0.0177294 0.00358657
1.13072 0.0177611 0.0037732
1.13921 0.0177938 0.003853
1.14744 0.0178252 0.00381052
1.15566 0.0178547 0.00358777
1.16399 0.0178812 0.00318532
1.17207 0.0179026 0.00264503
1.18027 0.0179184 0.00193426
1.18838 0.0179272 0.00107861
1.1964 0.0179287 0.000185789
1.20419 0.0179238 -0.000626766
1.21177 0.017914 -0.00129223
1.21956 0.0178999 -0.00180439
1.22755 0.0178828 -0.00214791
1.23555 0.017864 -0.00234515
1.24338 0.0178451 -0.00241029
1.25105 0.0178268 -0.00239463
1.25873 0.0178091 -0.00230311
1.26668 0.0177927 -0.00206332
1.27493 0.0177787 -0.00169639
1.28305 0.0177686 -0.00124751
1.29112 0.0177625 -0.000749175
1.29887 0.0177607 -0.00023336
1.30638 0.0177631 0.000316519
1.31386 0.0177699 0.000906543
1.32153 0.0177813 0.0014935
1.32919 0.0177963 0.00196191
1.33694 0.017814 0.0022702
1.34487 0.0178328 0.00237966
1.35292 0.0178511 0.00227
1.36107 0.0178671 0.0019694
1.36924 0.0178802 0.0016043
1.37684 0.0178894 0.00119896
1.38428 0.0178949 0.000744525
1.3918 0.0178971 0.000287627
1.39961 0.0178955 -0.000197322
1.4077 0.0178901 -0.000669752
1.41585 0.0178811 -0.00110663
1.42374 0.0178692 -0.00151188
1.43145 0.0178545 -0.0018948
1.4389 0.0178377 -0.00226355
1.44612 0.017819 -0.00258422
1.45354 0.0177985 -0.00276705
1.46126 0.017777 -0.00278804
1.46909 0.0177561 -0.00266942
1.47726 0.0177363 -0.00241779
1.4858 0.0177193 -0.00198717
1.49406 0.0177078 -0.00139687
1.50206 0.0177017 -0.000765185
1.50978 0.0177005 -0.000155346
1.5174 0.0177037 0.000422637
1.52485 0.0177107 0.000942254
1.53192 0.0177199 0.0013002
1.53878 0.0177307 0.00157438
1.54578 0.0177434 0.00181924
1.55293 0.0177581 0.00205448
1.56027 0.017774 0.00215942
1.56755 0.0177893 0.00210686
1.575 0.0178035 0.00190438
1.58285 0.017816 0.00158881
1.59099 0.0178261 0.0012437
1.59912 0.0178332 0.000866674
1.60721 0.0178368 0.000452937
1.61519 0.0178368 -6.59744e-06
1.62306 0.0178327 -0.000514004
1.63051 0.0178253 -0.000991941
1.63786 0.0178153 -0.00136265
1.64541 0.0178033 -0.0015957
1.65289 0.0177901 -0.00175568
1.66039 0.0177766 -0.00180427
1.66801 0.0177636 -0.00169956
1.67584 0.0177521 -0.00147207
1.68395 0.017743 -0.00112682
1.69216 0.0177375 -0.000673705
1.7003 0.0177357 -0.000218465
1.7084 0.0177371 0.000175605
1.7165 0.0177411 0.000489667
1.72463 0.017747 0.00073243
1.73265 0.0177549 0.000987141
1.74072 0.0177646 0.00119893
1.74874 0.0177749 0.00128854
1.75674 0.0177853 0.001289
1.76472 0.0177949 0.00120668
1.77254 0.0178036 0.0011172
1.78027 0.0178115 0.00102195
1.78803 0.0178184 0.000886018
1.79591 0.0178238 0.000682453
1.80386 0.0178272 0.000428941
1.81185 0.0178281 0.000112072
1.81978 0.0178256 -0.000315978
1.82778 0.0178189 -0.000829865
1.83507 0.0178096 -0.00128786
1.84261 0.0177967 -0.00170977
1.8504 0.0177805 -0.00206972
1.85857 0.0177616 -0.00231585
1.86695 0.0177417 -0.00237521
1.87537 0.0177226 -0.00226726
1.88383 0.0177057 -0.00200551
1.89222 0.0176917 -0.00166508
1.90051 0.0176808 -0.0013118
1.90865 0.0176728 -0.000980519
1.91665 0.0176675 -0.000669876
1.92455 0.0176648 -0.000341492
1.93247 0.017665 3.43028e-05
1.94006 0.0176681 0.000395572
1.94741 0.0176735 0.000741442
1.95476 0.0176813 0.00106674
1.96228 0.0176915 0.00135357
1.96995 0.0177036 0.00158132
1.97771 0.017717 0.00172314
1.9855 0.0177306 0.00174162
1.99348 0.0177438 0.00165115
2.00176 0.0177555 0.00141341
2.00985 0.0177637 0.00102271
2.01735 0.0177684 0.000616329
2.02405 0.0177703 0.000292788
2.03031 0.0177705 3.60553e-05
2.03646 0.0177695 -0.000174846
2.04251 0.0177674 -0.00034295
2.04871 0.0177645 -0.000468847
2.0549 0.0177611 -0.000547522
2.06143 0.0177574 -0.000560283
2.06752 0.0177539 -0.000587728
2.07333 0.0177502 -0.000624168
2.07891 0.0177465 -0.00067219
2.08438 0.0177426 -0.000719107
2.08991 0.0177385 -0.000728579
2.09561 0.0177348 -0.000654633
2.10161 0.0177319 -0.0004784
2.10797 0.0177303 -0.000249416
2.11477 0.0177312 0.000121722
2.1221 0.0177358 0.000625755
2.13009 0.0177454 0.0012116
2.1387 0.0177612 0.00183318
2.1467 0.01778 0.00234325
2.15402 0.0177993 0.00263797
2.16167 0.0178212 0.00287057
2.16964 0.0178454 0.00303073
2.17766 0.01787 0.00307355
2.18553 0.0178933 0.00296138
2.19324 0.0179144 0.00272663
2.20107 0.0179331 0.00239158
2.2087 0.0179482 0.00198397
2.21644 0.0179603 0.00156417
2.22425 0.0179693 0.0011497
2.23187 0.0179747 0.00071153
2.23956 0.0179768 0.000270249
2.24708 0.0179755 -0.000173346
2.25433 0.0179715 -0.000559116
2.26189 0.0179647 -0.000893939
2.26976 0.0179551 -0.00122029
2.27779 0.0179427 -0.00154056
2.28566 0.0179291 -0.00173459
2.29334 0.0179155 -0.00176971
2.30084 0.017903 -0.00167061
2.3082 0.0178922 -0.00145794
2.31546 0.0178834 -0.00121075
2.32264 0.0178763 -0.000996621
2.3298 0.0178702 -0.000847865
2.337 0.0178648 -0.000746989
2.34428 0.0178604 -0.000611612
2.35168 0.0178574 -0.000402425
2.35927 0.0178562 -0.000159286
2.36698 0.0178564 2.94812e-05
2.37465 0.0178576 0.000158832
2.38246 0.0178598 0.000273918
2.3905 0.0178627 0.00036071
2.39839 0.0178657 0.000388365
2.40677 0.0178683 0.000310386
2.41523 0.0178694 0.000124829
2.42399 0.0178677 -0.000197092
2.43257 0.0178624 -0.000613912
2.44118 0.0178538 -0.00100168
2.44965 0.0178421 -0.00137426
2.45784 0.0178281 -0.00170836
2.46622 0.0178116 -0.00197273
2.4739 0.0177947 -0.00219798
2.48129 0.0177774 -0.00235032
2.48864 0.0177594 -0.00243983
2.4962 0.0177408 -0.00247063
2.50401 0.0177216 -0.00244958
2.51146 0.0177039 -0.00238128
2.51865 0.0176879 -0.0022269
2.52598 0.0176736 -0.00194245
2.53374 0.0176616 -0.00155463
2.54206 0.0176526 -0.00108177
2.55039 0.0176477 -0.000584489
2.55862 0.0176469 -9.94229e-05
2.56665 0.0176499 0.000372389
2.57447 0.0176561 0.000789547
2.58213 0.0176647 0.00113495
2.58972 0.0176751 0.00136714
2.5974 0.0176863 0.00146144
2.60516 0.0176973 0.00141578
2.61302 0.017707 0.00123403
2.62079 0.0177147 0.000981923
2.62831 0.0177199 0.000697904
2.63569 0.0177226 0.000367441
2.64325 0.0177229 4.28217e-05
2.65119 0.0177205 -0.000306428
2.65923 0.0177154 -0.000639987
2.66743 0.0177077 -0.000931863
2.67565 0.017698 -0.00118768
2.68365 0.0176867 -0.00140942
2.6916 0.0176741 -0.00158973
2.69911 0.0176614 -0.00168046
2.70668 0.0176492 -0.00162144
2.71467 0.0176377 -0.00143551
2.72273 0.0176281 -0.00118766
2.73089 0.017621 -0.0008676
2.73912 0.0176169 -0.00050695
2.74725 0.0176159 -0.000113185
2.75513 0.0176182 0.000286186
2.76284 0.0176231 0.000631529
2.77056 0.01763 0.000895788
2.77818 0.0176382 0.00107198
2.7858 0.0176471 0.00117365
2.79354 0.0176561 0.00116307
2.80138 0.0176646 0.00108535
2.80929 0.0176727 0.00101766
2.81676 0.0176797 0.000939611
2.82433 0.0176859 0.000817377
2.83209 0.017691 0.000666688
2.84025 0.017695 0.000486548
2.84854 0.0176982 0.000388112
2.85672 0.0177007 0.000302339
2.86484 0.017702 0.000155987
2.87274 0.0177017 -2.8517e-05
2.88059 0.0176999 -0.000231141
2.88797 0.0176973 -0.000361066
2.8955 0.0176945 -0.000361063
2.90303 0.0176924 -0.000289152
2.91055 0.0176908 -0.000205172
2.91823 0.0176904 -5.67861e-05
2.92609 0.0176913 0.000121389
2.93409 0.0176944 0.000386479
2.94218 0.0177006 0.000760736
2.95052 0.0177104 0.00117865
2.95878 0.0177228 0.00149811
2.96686 0.0177362 0.00166466
2.97479 0.0177501 0.00174339
2.98272 0.0177644 0.00180178
2.99038 0.0177789 0.00190318
2.99772 0.0177933 0.00195235
3.00508 0.0178076 0.00194384
3.01269 0.0178217 0.00185792
3.02031 0.0178351 0.00175685
3.02812 0.0178482 0.00167904
3.0359 0.017861 0.00163909
3.04378 0.0178737 0.00161875
3.05199 0.0178865 0.00155276
3.06029 0.0178978 0.00136482
3.0684 0.0179063 0.00105105
3.07646 0.0179119 0.000697969
3.08413 0.0179151 0.000411349
3.09182 0.0179164 0.000169011
3.09974 0.0179161 -4.3075e-05
3.10747 0.0179147 -0.000171968
3.11531 0.0179127 -0.000252557
3.12339 0.0179105 -0.00028354
3.13145 0.0179084 -0.000255118
3.13961 0.0179066 -0.000225006
3.14792 0.0179046 -0.000231421
3.15632 0.0179021 -0.000297427
3.16415 0.0178994 -0.000346019
3.17197 0.0178972 -0.000289509
3.18006 0.0178953 -0.000236023
3.18816 0.0178941 -0.000140144
3.1961 0.0178943 1.92655e-05
3.20399 0.0178957 0.000174973
3.21187 0.0178984 0.000344379
3.21978 0.0179024 0.00051446
3.22768 0.0179073 0.000616053
3.23563 0.0179123 0.000633195
3.24364 0.0179166 0.000531436
3.25152 0.0179191 0.000320347
3.25892 0.0179198 8.65524e-05
3.26643 0.0179188 -0.000127988
3.27415 0.0179162 -0.000336038
3.28208 0.0179121 -0.000519684
3.29001 0.017907 -0.000637104
3.29797 0.0179014 -0.000706399
3.30606 0.0178958 -0.000699193
3.31422 0.0178901 -0.000690449
3.32235 0.0178843 -0.000713125
3.33019 0.0178781 -0.000792914
3.33784 0.0178713 -0.000885591
3.34545 0.0178643 -0.000923326
3.35313 0.0178573 -0.000908438
3.36083 0.0178504 -0.000904191
3.36853 0.0178437 -0.000864607
3.37632 0.0178373 -0.000817645
3.38428 0.0178316 -0.000719767
3.39247 0.0178269 -0.000570896
3.40088 0.0178238 -0.000378725
3.40931 0.0178214 -0.000280424
3.41765 0.0178189 -0.000293639
3.42595 0.0178156 -0.000405801
3.43374 0.0178113 -0.00055217
3.44145 0.0178063 -0.00064657
3.44895 0.017801 -0.000709146
3.45624 0.0177952 -0.00078623
3.4636 0.0177891 -0.000838816
3.47119 0.0177824 -0.000881913
3.47913 0.0177753 -0.000889636
3.48716 0.0177682 -0.000882987
3.49535 0.0177608 -0.000904235
3.50356 0.0177527 -0.000982503
3.51162 0.0177438 -0.00111652
3.51929 0.0177339 -0.00128352
3.52669 0.0177236 -0.00138925
3.53423 0.0177129 -0.00141984
3.54208 0.017702 -0.00138473
3.55041 0.0176913 -0.00128592
3.55876 0.0176825 -0.00106224
3.56693 0.0176767 -0.000700624
3.57499 0.0176743 -0.00030147
3.58318 0.0176752 0.000107462
3.59151 0.0176797 0.000539884
3.60001 0.0176872 0.000882334
3.60842 0.0176961 0.00106523
3.61673 0.0177055 0.00112261
3.62519 0.0177146 0.00107912
3.63358 0.0177226 0.000954834
3.64181 0.0177293 0.000812397
3.64997 0.0177347 0.000662238
3.6582 0.0177385 0.000466326
3.66639 0.0177403 0.000215789
3.67442 0.0177397 -8.22094e-05
3.68235 0.0177364 -0.000411279
3.69032 0.0177304 -0.00075297
3.69798 0.0177226 -0.00101836
3.70562 0.0177132 -0.00123141
3.71339 0.0177023 -0.00139739
3.72133 0.0176905 -0.00148368
3.72938 0.0176788 -0.00145633
3.73737 0.0176688 -0.00126022
3.7454 0.017661 -0.000967193
3.75337 0.0176558 -0.000653715
3.7615 0.0176528 -0.000371611
3.76987 0.0176514 -0.000166836
3.7782 0.0176512 -2.11465e-05
3.78661 0.0176517 6.55675e-05
3.79453 0.0176527 0.000124382
3.80243 0.017654 0.000166716
3.81049 0.0176557 0.000202606
3.81883 0.017658 0.000282487
3.82681 0.0176611 0.000386824
3.83449 0.0176648 0.000479239
3.84219 0.0176689 0.000534869
3.85014 0.0176734 0.00056961
3.8582 0.0176775 0.000500871
3.86639 0.0176798 0.000285552
3.87479 0.0176792 -6.99863e-05
3.88307 0.0176749 -0.00052732
3.89132 0.0176666 -0.00100383
3.89937 0.0176554 -0.00138532
3.90717 0.0176428 -0.00162055
3.91511 0.0176291 -0.00172318
3.92328 0.0176152 -0.0016953
3.93135 0.0176025 -0.00157919
3.93948 0.0175911 -0.00139815
3.94785 0.0175811 -0.00119992
