t x vx
0.01 0.0164998 -1.52278e-05
0.02 0.0164995 -3.05734e-05
0.0512737 0.0164973 -7.07107e-05
0.0827591 0.0164939 -0.00010895
0.115417 0.0164892 -0.00014543
0.149031 0.0164831 -0.000179822
0.183313 0.0164759 -0.000211543
0.217982 0.0164676 -0.000238825
0.252858 0.0164584 -0.000262693
0.287853 0.0164486 -0.000279769
0.322938 0.0164385 -0.00028758
0.358124 0.0164286 -0.000282655
0.393249 0.0164196 -0.000257176
0.428327 0.0164118 -0.000221848
0.463342 0.0164059 -0.000167472
0.49819 0.0164029 -8.53508e-05
0.532917 0.0164032 8.04462e-06
0.567785 0.0164069 0.000106615
0.602715 0.0164144 0.000212469
0.637977 0.0164253 0.000309694
0.673385 0.0164395 0.000403021
0.708758 0.016457 0.000492259
0.74411 0.0164776 0.000583197
0.779454 0.0165014 0.000674089
0.814789 0.0165281 0.000754383
0.850113 0.0165572 0.000824308
0.885421 0.0165887 0.000892718
0.920686 0.0166225 0.000959987
0.955629 0.0166582 0.00102154
0.990334 0.0166955 0.00107468
1.02496 0.0167343 0.00111797
1.05965 0.0167742 0.00115108
1.09424 0.0168145 0.00116641
1.12873 0.0168546 0.00116279
1.1631 0.0168938 0.00113959
1.19734 0.0169312 0.00109207
1.23145 0.016966 0.00102122
1.26548 0.0169979 0.000936127
1.29931 0.0170264 0.000842929
1.33293 0.0170515 0.000745419
1.3664 0.017073 0.00064373
1.39945 0.0170907 0.000536841
1.43213 0.0171046 0.000423813
1.46468 0.0171146 0.00030805
1.49737 0.0171209 0.000190518
1.53037 0.0171232 7.01827e-05
1.56371 0.0171214 -5.3021e-05
1.59735 0.0171155 -0.000174567
1.63117 0.0171058 -0.00028801
1.66506 0.0170926 -0.000388973
1.69894 0.0170766 -0.000473625
1.73288 0.0170582 -0.000539991
1.76693 0.0170382 -0.000588967
1.8009 0.0170171 -0.000620889
1.83483 0.0169955 -0.000636974
1.86876 0.0169738 -0.000637678
1.90275 0.0169526 -0.000624466
1.93683 0.0169322 -0.00059858
1.97086 0.0169131 -0.00056085
2.00485 0.0168957 -0.000513447
2.03879 0.0168801 -0.000458825
2.07268 0.0168666 -0.000398263
2.10653 0.0168554 -0.000332316
2.14021 0.0168465 -0.000262933
2.17359 0.01684 -0.000193764
2.2067 0.0168357 -0.000129932
2.2396 0.0168333 -7.49303e-05
2.27235 0.0168322 -3.1403e-05
2.305 0.0168322 -1.32603e-06
2.3376 0.0168326 1.37503e-05
2.3702 0.016833 1.16813e-05
2.40282 0.0168327 -8.6425e-06
2.43546 0.0168312 -4.72102e-05
2.46801 0.0168278 -0.00010318
2.50041 0.0168222 -0.000175313
2.53269 0.0168137 -0.000260985
2.56487 0.0168023 -0.000355634
2.59682 0.0167878 -0.00045418
2.62855 0.0167703 -0.000552007
2.6601 0.0167499 -0.000645464
2.69157 0.0167269 -0.000731179
2.72304 0.0167015 -0.000806018
2.75459 0.0166742 -0.000866634
2.78634 0.0166453 -0.000909819
2.81837 0.0166154 -0.00093315
2.85078 0.0165851 -0.000934956
2.88359 0.0165551 -0.000913993
2.91681 0.0165262 -0.000870019
2.95019 0.0164994 -0.000804167
2.98359 0.0164754 -0.000718747
3.01696 0.0164548 -0.000617164
3.0503 0.016438 -0.000503078
3.08358 0.0164253 -0.000379925
3.1168 0.016417 -0.000251111
3.14998 0.016413 -0.000119692
3.18315 0.0164134 1.12577e-05
3.21634 0.016418 0.000139034
3.24961 0.0164267 0.000261164
3.283 0.0164392 0.000374194
3.3162 0.016455 0.000474501
3.3487 0.0164731 0.000559163
3.38067 0.0164932 0.000628308
3.41227 0.0165147 0.000681066
3.44365 0.0165372 0.00071652
3.47484 0.0165602 0.000735377
3.50588 0.0165831 0.000738708
3.5368 0.0166056 0.000727866
3.56763 0.0166273 0.000704295
3.59838 0.0166479 0.00066955
3.62913 0.0166671 0.000625095
3.65995 0.0166848 0.000572181
3.69092 0.0167006 0.000512525
3.72216 0.0167146 0.000448265
3.75375 0.0167267 0.000381788
3.78576 0.0167368 0.00031459
3.81826 0.0167448 0.000248514
3.85113 0.016751 0.000185958
3.88438 0.0167552 0.000128325
3.91808 0.0167578 7.61362e-05
3.95225 0.0167588 2.91709e-05
3.9865 0.0167584 -1.25768e-05
4.02 0.0167567 -4.9013e-05
4.05285 0.016754 -8.18161e-05
4.08524 0.0167504 -0.000112907
4.11749 0.0167458 -0.000142922
4.14988 0.0167402 -0.000171464
4.18258 0.0167337 -0.000198011
4.21566 0.0167264 -0.000222307
4.24914 0.0167182 -0.000243735
4.28297 0.0167094 -0.000261386
4.31703 0.0167 -0.000274145
4.35126 0.0166904 -0.000281201
4.38555 0.0166807 -0.000282485
4.41977 0.0166712 -0.000278264
4.45388 0.016662 -0.00026837
4.48787 0.0166535 -0.000252498
4.52176 0.0166456 -0.000230892
4.5556 0.0166387 -0.000204177
4.58942 0.0166329 -0.000173197
4.62324 0.0166282 -0.000138965
4.65709 0.0166247 -0.000102786
4.69092 0.0166225 -6.58848e-05
4.72473 0.0166215 -2.98166e-05
4.75852 0.0166216 3.84715e-06
4.7923 0.0166227 3.35957e-05
4.82605 0.0166247 5.82729e-05
4.85974 0.0166273 7.75551e-05
4.89336 0.0166304 9.17637e-05
4.92692 0.0166338 0.000101883
4.96047 0.0166375 0.00010942
4.99405 0.0166414 0.000115959
5.02774 0.0166455 0.000122778
5.06137 0.0166499 0.000131027
5.09478 0.0166546 0.000141725
5.128 0.0166598 0.000155232
5.16105 0.0166654 0.000170707
5.19402 0.0166716 0.000186544
5.22702 0.0166782 0.000201088
5.26012 0.0166853 0.000212701
5.29333 0.0166926 0.000219815
5.3266 0.0167 0.000222104
5.35987 0.0167073 0.000220606
5.3931 0.0167145 0.000216079
5.42625 0.0167214 0.000208938
5.45932 0.016728 0.000199463
5.49234 0.0167342 0.000187747
5.52535 0.0167399 0.000173665
5.55838 0.0167451 0.000156811
5.59145 0.0167496 0.000136111
5.62459 0.0167533 0.000110715
5.65762 0.0167559 8.05077e-05
5.6905 0.0167575 4.6099e-05
5.72326 0.0167578 8.93742e-06
5.75596 0.0167568 -2.88507e-05
5.78865 0.0167547 -6.52731e-05
5.8214 0.0167515 -9.8568e-05
5.85424 0.0167473 -0.000127232
5.88724 0.0167423 -0.000150076
5.92042 0.0167368 -0.000166351
5.95378 0.0167309 -0.000175799
5.98733 0.0167249 -0.000178721
6.02105 0.016719 -0.000175943
6.05491 0.0167133 -0.000168665
6.08879 0.0167079 -0.000158299
6.12267 0.016703 -0.000146269
6.15655 0.0166984 -0.000133905
6.19044 0.0166943 -0.000122318
6.22439 0.0166905 -0.000112369
6.25841 0.0166869 -0.000104673
6.29255 0.0166835 -9.9658e-05
6.32677 0.0166802 -9.75925e-05
6.36105 0.0166768 -9.85979e-05
6.39542 0.0166733 -0.000102664
6.42988 0.0166695 -0.000109614
6.46441 0.0166654 -0.000119181
6.49896 0.0166609 -0.000130944
6.5335 0.0166559 -0.000144123
6.56796 0.0166504 -0.000157617
6.60231 0.0166446 -0.000170096
6.63655 0.0166384 -0.000179834
6.67069 0.0166321 -0.000185263
6.70477 0.0166258 -0.000185134
6.73885 0.0166197 -0.000178271
6.77296 0.0166141 -0.000163733
6.80715 0.0166093 -0.000140995
6.84145 0.0166055 -0.000110209
6.87584 0.0166031 -7.22881e-05
6.91034 0.0166021 -2.86603e-05
6.94491 0.0166027 1.8573e-05
6.97955 0.016605 6.71974e-05
7.01423 0.016609 0.000114921
7.04896 0.0166146 0.000159365
7.08373 0.0166215 0.000198133
7.11823 0.0166293 0.000228868
7.15236 0.0166379 0.000250542
7.18631 0.0166468 0.000263254
7.22028 0.0166559 0.00026788
7.25449 0.016665 0.000265375
7.28915 0.0166739 0.000256767
7.32386 0.0166824 0.000243115
7.3585 0.0166902 0.000225821
7.39308 0.0166973 0.000206092
7.42764 0.0167037 0.000184924
7.46218 0.0167093 0.000162872
7.49673 0.0167142 0.000140464
7.53129 0.0167183 0.000118083
7.56591 0.0167216 9.61996e-05
7.60064 0.0167242 7.48884e-05
7.63536 0.0167261 5.40538e-05
7.66971 0.0167272 3.36989e-05
7.704 0.0167277 1.36583e-05
7.73858 0.0167275 -6.38376e-06
7.77369 0.0167265 -2.68326e-05
7.8088 0.0167249 -4.75211e-05
7.84377 0.0167225 -6.77215e-05
7.87857 0.0167195 -8.65803e-05
7.91321 0.0167159 -0.000103156
7.94772 0.0167119 -0.000116774
7.98218 0.0167075 -0.000127276
8.01668 0.0167028 -0.000134672
8.05129 0.016698 -0.00013885
8.08607 0.0166932 -0.00013966
8.12102 0.0166884 -0.000137215
8.15612 0.0166837 -0.000132084
8.19104 0.0166794 -0.000125016
8.22608 0.0166753 -0.000116659
8.26112 0.0166715 -0.000107768
8.29596 0.0166681 -9.8732e-05
8.33058 0.016665 -8.93131e-05
8.36503 0.0166623 -7.89144e-05
8.39938 0.01666 -6.70045e-05
8.43374 0.0166581 -5.31636e-05
8.46823 0.0166568 -3.73941e-05
8.50292 0.0166562 -1.99868e-05
8.53763 0.0166561 -1.41855e-06
8.57239 0.0166567 1.78548e-05
8.60723 0.016658 3.7086e-05
8.64212 0.0166599 5.51421e-05
8.67704 0.0166624 7.06916e-05
8.71194 0.0166653 8.28146e-05
8.74678 0.0166685 9.09939e-05
8.78151 0.0166718 9.52107e-05
8.81613 0.0166751 9.60273e-05
8.85067 0.0166784 9.43576e-05
8.88516 0.0166815 9.11934e-05
8.91966 0.0166845 8.73026e-05
8.95422 0.0166874 8.33272e-05
8.9889 0.0166902 7.95802e-05
9.02372 0.0166928 7.61166e-05
9.05868 0.0166954 7.2922e-05
9.09378 0.0166978 6.97924e-05
9.12882 0.0167001 6.61829e-05
9.16374 0.0167023 6.15006e-05
9.19856 0.0167042 5.53405e-05
9.23333 0.0167058 4.75024e-05
9.26809 0.0167072 3.82067e-05
9.30289 0.0167081 2.79183e-05
9.33779 0.0167088 1.73201e-05
9.37274 0.016709 7.13395e-06
9.40769 0.0167089 -2.08856e-06
9.44265 0.0167086 -1.01207e-05
9.47764 0.016708 -1.69698e-05
9.51266 0.0167072 -2.2787e-05
9.54768 0.0167062 -2.77157e-05
9.58264 0.0167051 -3.18386e-05
9.61757 0.0167039 -3.51484e-05
9.6525 0.0167026 -3.76559e-05
9.68746 0.0167012 -3.95912e-05
9.72238 0.0166997 -4.10615e-05
9.75728 0.0166983 -4.21875e-05
9.79216 0.0166968 -4.30125e-05
9.82702 0.0166953 -4.35136e-05
9.86187 0.0166937 -4.36981e-05
9.89672 0.0166922 -4.36394e-05
9.93155 0.0166907 -4.35676e-05
9.96637 0.0166892 -4.37016e-05
10.0012 0.0166876 -4.40848e-05
10.0359 0.0166861 -4.4503e-05
10.0707 0.0166845 -4.46334e-05
10.1055 0.016683 -4.44402e-05
10.1403 0.0166815 -4.40661e-05
10.1751 0.0166799 -4.37369e-05
10.21 0.0166784 -4.35665e-05
10.2449 0.0166769 -4.35427e-05
10.2799 0.0166754 -4.36377e-05
10.3149 0.0166738 -4.36973e-05
10.3499 0.0166723 -4.35055e-05
10.3849 0.0166708 -4.28636e-05
10.4198 0.0166694 -4.16208e-05
10.4546 0.016668 -3.97731e-05
10.4894 0.0166667 -3.70561e-05
10.5242 0.0166655 -3.32502e-05
10.559 0.0166645 -2.83147e-05
10.5939 0.0166638 -2.23988e-05
10.6288 0.0166632 -1.58874e-05
10.6638 0.0166629 -9.32694e-06
10.6989 0.0166628 -3.14233e-06
10.7339 0.0166628 2.15128e-06
10.769 0.0166631 6.2901e-06
10.8041 0.0166634 8.96868e-06
10.8391 0.0166637 1.02832e-05
10.8741 0.0166641 1.0424e-05
10.9089 0.0166644 9.60465e-06
10.9436 0.0166647 8.07668e-06
10.9781 0.0166649 6.18982e-06
11.0126 0.0166651 4.40969e-06
11.0471 0.0166652 3.11183e-06
11.0817 0.0166653 2.5671e-06
11.1163 0.0166654 2.79887e-06
11.1509 0.0166655 3.546e-06
11.1856 0.0166657 4.53408e-06
11.2204 0.0166658 5.43121e-06
11.2551 0.0166661 6.01592e-06
11.2898 0.0166663 6.20321e-06
11.3245 0.0166665 5.98431e-06
11.3591 0.0166667 5.39253e-06
11.3937 0.0166668 4.57373e-06
11.4283 0.016667 3.76066e-06
11.4628 0.0166671 3.22872e-06
11.4974 0.0166672 3.19288e-06
11.532 0.0166673 3.74167e-06
11.5667 0.0166675 4.78643e-06
11.6014 0.0166677 6.08363e-06
11.6362 0.0166679 7.27617e-06
11.6711 0.0166682 8.01547e-06
11.706 0.0166685 8.04307e-06
11.7408 0.0166688 7.26998e-06
11.7756 0.016669 5.86595e-06
11.8104 0.0166691 4.16792e-06
11.8451 0.0166692 2.61663e-06
11.8798 0.0166692 1.62717e-06
11.9145 0.0166693 1.55858e-06
11.9491 0.0166694 2.68376e-06
11.9838 0.0166696 5.06511e-06
12.0185 0.0166699 8.55641e-06
12.0532 0.0166703 1.28246e-05
12.088 0.0166709 1.73611e-05
12.1228 0.0166717 2.15934e-05
12.1576 0.0166725 2.50137e-05
12.1924 0.0166735 2.72589e-05
12.2271 0.0166745 2.82093e-05
12.2617 0.0166754 2.79724e-05
12.2963 0.0166764 2.67835e-05
12.3309 0.0166772 2.50093e-05
12.3653 0.016678 2.3034e-05
12.3998 0.0166787 2.11888e-05
12.4342 0.0166794 1.96792e-05
12.4687 0.0166801 1.85592e-05
12.5031 0.0166807 1.77152e-05
12.5376 0.0166813 1.69583e-05
12.5721 0.0166818 1.60871e-05
12.6067 0.0166823 1.48756e-05
12.6412 0.0166828 1.3128e-05
12.6757 0.0166832 1.07106e-05
12.7103 0.0166834 7.62626e-06
12.7448 0.0166836 3.99767e-06
12.7794 0.0166836 5.93506e-08
12.8139 0.0166834 -3.85825e-06
12.8485 0.0166832 -7.4127e-06
12.8831 0.0166828 -1.036e-05
12.9177 0.0166824 -1.25966e-05
12.9524 0.0166819 -1.41287e-05
12.9871 0.0166814 -1.5085e-05
13.0219 0.0166808 -1.56157e-05
13.0567 0.0166803 -1.58281e-05
13.0915 0.0166797 -1.57907e-05
13.1263 0.0166792 -1.56091e-05
13.1611 0.0166786 -1.52828e-05
13.1959 0.0166781 -1.46809e-05
13.2307 0.0166777 -1.35811e-05
13.2655 0.0166772 -1.18393e-05
13.3002 0.0166769 -9.32142e-06
13.3349 0.0166767 -6.00646e-06
13.3695 0.0166766 -1.99156e-06
13.4042 0.0166767 2.53193e-06
13.4388 0.016677 7.30363e-06
13.4733 0.0166774 1.20124e-05
13.5078 0.016678 1.64159e-05
13.5423 0.0166787 2.04366e-05
13.5767 0.0166795 2.40802e-05
13.6111 0.0166804 2.73269e-05
13.6454 0.0166815 3.02088e-05
13.6798 0.0166826 3.27702e-05
13.7141 0.0166838 3.50215e-05
13.7484 0.0166851 3.69894e-05
13.7827 0.0166864 3.8637e-05
13.817 0.0166878 3.97303e-05
13.8513 0.0166891 3.99097e-05
13.8856 0.0166905 3.88773e-05
13.9199 0.0166917 3.6427e-05
13.9543 0.0166928 3.26244e-05
13.9886 0.0166938 2.78392e-05
14.023 0.0166946 2.25212e-05
14.0574 0.0166951 1.70057e-05
14.0919 0.0166955 1.16125e-05
14.1264 0.0166958 6.61361e-06
14.1609 0.0166959 2.23121e-06
14.1956 0.0166958 -1.45179e-06
14.2303 0.0166956 -4.49448e-06
14.2651 0.0166954 -7.10931e-06
14.2999 0.0166951 -9.62622e-06
14.3348 0.0166946 -1.22251e-05
14.3697 0.0166941 -1.48818e-05
14.4046 0.0166935 -1.7433e-05
14.4395 0.0166928 -1.96893e-05
14.4744 0.0166921 -2.15871e-05
14.5093 0.0166913 -2.31936e-05
14.5442 0.0166904 -2.44613e-05
14.5791 0.0166895 -2.52641e-05
14.614 0.0166886 -2.55033e-05
14.6488 0.0166878 -2.51909e-05
14.6835 0.0166869 -2.45035e-05
14.7183 0.0166861 -2.37798e-05
14.7529 0.0166853 -2.32706e-05
14.7874 0.0166845 -2.29294e-05
14.8219 0.0166837 -2.26255e-05
14.8563 0.0166829 -2.22165e-05
14.8905 0.0166822 -2.14942e-05
14.9247 0.0166815 -2.02087e-05
14.9589 0.0166809 -1.8145e-05
14.993 0.0166804 -1.52074e-05
15.0271 0.01668 -1.1433e-05
15.0613 0.0166797 -7.01586e-06
15.0955 0.0166797 -2.29625e-06
15.1298 0.0166797 2.24642e-06
15.1642 0.01668 6.03678e-06
15.1986 0.0166802 8.59105e-06
15.233 0.0166806 9.60006e-06
15.2675 0.0166809 8.98479e-06
15.302 0.0166811 6.96921e-06
15.3365 0.0166813 3.96849e-06
15.3709 0.0166813 5.91468e-07
15.4054 0.0166812 -2.53055e-06
15.4399 0.016681 -4.8954e-06
15.4743 0.0166808 -6.18277e-06
15.5089 0.0166806 -6.19997e-06
15.5435 0.0166804 -4.99501e-06
15.5781 0.0166803 -2.79787e-06
15.6128 0.0166803 1.46185e-07
15.6476 0.0166805 3.60824e-06
15.6825 0.0166807 7.36521e-06
15.7174 0.0166811 1.12125e-05
15.7524 0.0166816 1.48953e-05
15.7874 0.0166823 1.80955e-05
15.8224 0.016683 2.04831e-05
15.8573 0.0166837 2.16848e-05
15.8922 0.0166845 2.1497e-05
15.9271 0.0166852 1.98688e-05
15.9618 0.0166858 1.68338e-05
15.9965 0.0166862 1.25269e-05
16.0311 0.0166864 7.06643e-06
16.0655 0.0166865 7.62962e-07
16.0998 0.0166863 -5.88357e-06
16.134 0.0166859 -1.22579e-05
16.1682 0.0166852 -1.77975e-05
16.2022 0.0166845 -2.1992e-05
16.2362 0.0166837 -2.43967e-05
16.2703 0.0166828 -2.46924e-05
16.3043 0.016682 -2.27635e-05
16.3385 0.0166814 -1.8783e-05
16.3727 0.016681 -1.31749e-05
16.4071 0.0166807 -6.58171e-06
16.4416 0.0166807 1.75257e-07
16.4763 0.016681 6.2363e-06
16.511 0.0166813 1.0828e-05
16.5459 0.0166818 1.32883e-05
16.5808 0.0166823 1.32005e-05
16.6157 0.0166826 1.0513e-05
16.6504 0.0166828 5.3954e-06
16.6851 0.0166828 -1.53027e-06
16.7196 0.0166824 -9.30629e-06
16.754 0.0166819 -1.68809e-05
16.7883 0.0166811 -2.33117e-05
16.8226 0.0166801 -2.7813e-05
16.8569 0.0166791 -2.98309e-05
16.8913 0.0166781 -2.90196e-05
16.9257 0.0166772 -2.52082e-05
16.9604 0.0166766 -1.84074e-05
16.9951 0.0166763 -8.81664e-06
17.0301 0.0166764 2.70071e-06
