t x vx
0.01 0.0164986 -0.000136147
0.02 0.0164942 -0.000440502
0.0342265 0.0164819 -0.000865271
0.0488785 0.0164629 -0.00130011
0.0640699 0.0164363 -0.00174936
0.0796227 0.0164019 -0.00220899
0.0953952 0.0163598 -0.00267476
0.111307 0.0163099 -0.0031347
0.127255 0.0162529 -0.00357061
0.143219 0.0161896 -0.00396628
0.159154 0.0161211 -0.0042965
0.175058 0.0160491 -0.00452949
0.19087 0.0159757 -0.0046455
0.206615 0.0159024 -0.00465225
0.222155 0.0158317 -0.00455209
0.237466 0.0157656 -0.00431229
0.252472 0.0157053 -0.00402322
0.26745 0.0156498 -0.00370636
0.282851 0.0155989 -0.00330433
0.297751 0.0155561 -0.00286968
0.313117 0.0155187 -0.00243541
0.328617 0.0154877 -0.00199666
0.344496 0.0154632 -0.00154341
0.360822 0.015443 -0.00123847
0.377207 0.0154282 -0.000901738
0.393418 0.0154186 -0.000595564
0.409318 0.0154139 -0.000293833
0.425129 0.0154136 -1.9082e-05
0.4406 0.0154165 0.000188175
0.455832 0.0154215 0.000328867
0.471078 0.0154278 0.00040847
0.486301 0.0154342 0.00042553
0.501672 0.0154401 0.000383165
0.517308 0.015445 0.000309315
0.533112 0.0154484 0.000220648
0.548816 0.0154504 0.000122148
0.56423 0.0154505 1.07493e-05
0.579475 0.0154489 -0.000104006
0.594607 0.0154459 -0.000202005
0.609656 0.0154422 -0.000243131
0.624726 0.0154392 -0.000203766
0.639932 0.0154382 -6.11608e-05
0.655336 0.0154413 0.000196662
0.670734 0.01545 0.000567038
0.685977 0.0154659 0.00104428
0.700699 0.0154895 0.00160068
0.714954 0.015521 0.00220858
0.729091 0.0155616 0.00287755
0.743464 0.0156136 0.00361332
0.757849 0.0156766 0.00437809
0.77235 0.0157514 0.0051632
0.786754 0.0158369 0.00593351
0.801335 0.0159345 0.0066929
0.816117 0.0160443 0.00742716
0.831042 0.0161653 0.00810778
0.846016 0.0162957 0.00871062
0.860967 0.0164334 0.00921231
0.875835 0.0165762 0.00960045
0.890613 0.0167221 0.00987149
0.905209 0.0168685 0.0100346
0.91966 0.0170144 0.0100915
0.934052 0.017159 0.0100507
0.948296 0.0173003 0.00991866
0.962424 0.0174374 0.00970281
0.976576 0.0175704 0.00940128
0.990907 0.0176996 0.00901444
1.00523 0.017822 0.00854854
1.01951 0.0179365 0.00801533
1.03377 0.0180423 0.00742131
1.04787 0.0181379 0.00677861
1.06183 0.0182232 0.00610763
1.07568 0.0182982 0.00541877
1.08948 0.0183632 0.00470443
1.10331 0.018418 0.0039675
1.11701 0.0184622 0.00322443
1.13048 0.0184957 0.00248869
1.14408 0.0185198 0.00177312
1.15759 0.0185351 0.0011271
1.17131 0.0185425 0.000543909
1.18541 0.0185429 2.60969e-05
1.19973 0.0185369 -0.00041747
1.2144 0.0185254 -0.000782347
1.22944 0.0185093 -0.00106959
1.24407 0.0184905 -0.00128936
1.25854 0.0184697 -0.00143618
1.27242 0.0184486 -0.00151779
1.28636 0.0184269 -0.0015586
1.30068 0.0184043 -0.00158147
1.31474 0.018382 -0.0015856
1.32868 0.0183599 -0.00157945
1.34259 0.0183381 -0.00157194
1.3566 0.0183161 -0.00157178
1.37013 0.0182948 -0.00157063
1.38321 0.0182742 -0.00157544
1.39637 0.0182532 -0.00159575
1.40991 0.0182311 -0.00163577
1.42391 0.0182073 -0.00169392
1.43824 0.018182 -0.00176928
1.45287 0.0181548 -0.00186154
1.4678 0.0181253 -0.00196983
1.4829 0.0180938 -0.00209136
1.4979 0.0180604 -0.00222244
1.51282 0.0180252 -0.00235887
1.52769 0.0179881 -0.00249543
1.54253 0.0179492 -0.00262633
1.55736 0.0179084 -0.00274623
1.57222 0.0178661 -0.0028509
1.58712 0.0178223 -0.00293636
1.60206 0.0177775 -0.00299757
1.61702 0.0177321 -0.00303517
1.6318 0.0176871 -0.00304888
1.64644 0.0176426 -0.00303936
1.66106 0.0175986 -0.00300539
1.67581 0.0175552 -0.00294453
1.69064 0.0175128 -0.00285561
1.70561 0.0174718 -0.00274279
1.72078 0.0174322 -0.00260997
1.73616 0.0173943 -0.00246029
1.75155 0.0173589 -0.00230075
1.76682 0.0173263 -0.00213837
1.78199 0.0172963 -0.00197578
1.79642 0.01727 -0.00182239
1.81007 0.0172471 -0.00168182
1.82331 0.0172265 -0.00155491
1.83635 0.0172077 -0.00144236
1.8493 0.0171902 -0.0013452
1.86224 0.0171739 -0.00126146
1.87525 0.0171585 -0.00118767
1.88838 0.0171437 -0.00112214
1.90175 0.0171295 -0.00106408
1.9154 0.0171156 -0.00101709
1.92933 0.0171021 -0.000970278
1.94373 0.017089 -0.000911006
1.95847 0.0170767 -0.000831263
1.97357 0.0170656 -0.000734225
1.98894 0.0170561 -0.000620023
2.00449 0.0170484 -0.000494955
2.01998 0.0170426 -0.000372728
2.0353 0.0170386 -0.000264317
2.05051 0.0170359 -0.000178077
2.06567 0.0170341 -0.000116638
2.08083 0.0170329 -8.12351e-05
2.09601 0.0170318 -6.9805e-05
2.11125 0.0170307 -7.38013e-05
2.12625 0.0170294 -8.41639e-05
2.14105 0.0170281 -9.31821e-05
2.15588 0.0170266 -9.80156e-05
2.17091 0.0170251 -0.000100448
2.18628 0.0170236 -9.95745e-05
2.202 0.0170221 -9.66471e-05
2.21784 0.0170206 -9.38946e-05
2.23371 0.017019 -9.66536e-05
2.24951 0.0170174 -0.00010114
2.26516 0.0170159 -9.58807e-05
2.28085 0.0170148 -7.32232e-05
2.2965 0.0170143 -3.25612e-05
2.31207 0.0170146 2.17462e-05
2.32761 0.0170158 7.88436e-05
2.34311 0.017018 0.000137505
2.35859 0.017021 0.000194509
2.37407 0.0170247 0.000238367
2.38953 0.0170287 0.000259827
2.40498 0.0170327 0.000260908
2.42039 0.0170367 0.000259094
2.43574 0.0170408 0.000264623
2.45104 0.0170449 0.000272673
2.46628 0.0170492 0.000278141
2.48146 0.0170534 0.000277575
2.4966 0.0170576 0.000276286
2.51171 0.0170617 0.000271882
2.52682 0.0170656 0.000258059
2.54193 0.0170691 0.000230633
2.55702 0.017072 0.000190869
2.5719 0.0170742 0.000153525
2.58689 0.0170763 0.000137886
2.6019 0.0170785 0.000147718
2.61687 0.0170811 0.000171699
2.63179 0.0170841 0.000202017
2.64666 0.0170877 0.000239143
2.6615 0.0170919 0.0002884
2.67632 0.017097 0.000341314
2.69115 0.0171027 0.000382584
2.70601 0.0171086 0.000399678
2.72093 0.0171145 0.000396486
2.73588 0.0171203 0.0003872
2.75087 0.0171261 0.000383067
2.76588 0.0171318 0.000380836
2.78091 0.0171374 0.00037282
2.79593 0.0171427 0.000357299
2.81094 0.0171479 0.000344742
2.82592 0.0171531 0.000347589
2.84087 0.0171585 0.000362507
2.85578 0.0171641 0.000373187
2.87068 0.0171696 0.000370605
2.88558 0.017175 0.000361207
2.90046 0.0171803 0.000352992
2.91534 0.0171856 0.000360191
2.93022 0.0171913 0.0003799
2.9451 0.0171973 0.000405826
2.95998 0.0172037 0.000431608
2.97486 0.0172105 0.000456918
2.98974 0.0172178 0.000490946
3.00465 0.0172256 0.000521004
3.01963 0.0172335 0.000526536
3.03468 0.017241 0.000500278
3.04982 0.017248 0.00046062
3.06503 0.0172544 0.000423284
3.0803 0.0172604 0.00039273
3.09561 0.017266 0.000365724
3.11091 0.0172712 0.000337145
3.12614 0.0172759 0.000307672
3.14124 0.0172802 0.000286607
3.15622 0.0172843 0.000273066
3.17108 0.0172881 0.000254453
3.18589 0.0172913 0.000219322
3.20067 0.0172939 0.000173784
3.21546 0.0172958 0.000130055
3.23026 0.0172973 9.9945e-05
3.24509 0.0172985 8.31756e-05
3.25997 0.0172997 7.93938e-05
3.27491 0.017301 8.34055e-05
3.28981 0.0173023 8.8904e-05
3.30472 0.0173038 9.96557e-05
3.31966 0.0173055 0.000113159
3.33465 0.0173073 0.000123634
3.34975 0.0173092 0.0001264
3.36489 0.0173112 0.0001298
3.38004 0.0173133 0.000141887
3.39518 0.0173158 0.000163319
3.41029 0.0173186 0.00018641
3.42535 0.0173216 0.000199174
3.44035 0.0173247 0.000201868
3.45529 0.0173276 0.000199809
3.47018 0.0173304 0.000188155
3.48506 0.0173328 0.000159121
3.49997 0.0173344 0.000106914
3.51494 0.017335 3.74383e-05
3.52998 0.0173344 -3.88341e-05
3.54511 0.0173327 -0.000113696
3.56035 0.0173298 -0.000185246
3.5757 0.017326 -0.000252279
3.59114 0.0173212 -0.000309075
3.60663 0.0173158 -0.000347879
3.62211 0.01731 -0.00037227
3.63751 0.017304 -0.000389143
3.6528 0.0172979 -0.000403815
3.66796 0.0172915 -0.000418502
3.68299 0.0172851 -0.000425941
3.69793 0.0172789 -0.000418136
3.71281 0.017273 -0.000393974
3.72764 0.0172676 -0.000362331
3.74246 0.0172628 -0.000328723
3.75728 0.0172583 -0.000298985
3.77213 0.0172545 -0.00026203
3.787 0.0172511 -0.000223694
3.80191 0.0172482 -0.000195675
3.81687 0.0172454 -0.00018787
3.83187 0.0172425 -0.000194931
3.84688 0.0172394 -0.000202906
3.86188 0.0172364 -0.000202339
3.87684 0.0172335 -0.000195837
3.89174 0.0172306 -0.000188812
3.90658 0.0172279 -0.000184335
3.92135 0.0172252 -0.000180958
3.93606 0.0172227 -0.000169648
3.95075 0.0172204 -0.00016008
3.96544 0.0172179 -0.000168763
3.98016 0.017215 -0.00020116
3.99493 0.0172113 -0.000245003
4.00973 0.0172072 -0.00027968
4.02456 0.0172028 -0.000294588
4.03941 0.0171985 -0.000292786
4.0543 0.0171943 -0.000277437
4.06921 0.0171905 -0.000256081
4.08414 0.0171872 -0.000223534
4.09907 0.0171846 -0.000173945
4.11396 0.0171829 -0.000113468
4.12881 0.017182 -6.05709e-05
4.14358 0.0171816 -2.85598e-05
4.15827 0.0171815 -6.3141e-06
4.17287 0.0171818 2.09569e-05
4.18737 0.0171827 6.2731e-05
4.2018 0.0171842 0.000106801
4.21616 0.0171863 0.000142742
4.23046 0.0171887 0.000166261
4.24472 0.0171913 0.00018495
4.25898 0.0171943 0.000209827
4.27325 0.0171977 0.000234877
4.28758 0.0172011 0.000243252
4.30201 0.0172043 0.000219116
4.31657 0.0172068 0.000170487
4.33111 0.0172085 0.000115872
4.34578 0.0172095 6.83967e-05
4.36077 0.0172099 2.92199e-05
4.37587 0.0172098 -5.24878e-06
4.39106 0.0172092 -3.8349e-05
4.40623 0.0172083 -6.00146e-05
4.42126 0.0172074 -5.97551e-05
4.43612 0.0172067 -4.89065e-05
4.45086 0.0172061 -4.06042e-05
4.46554 0.0172055 -4.37922e-05
4.48016 0.0172047 -5.15549e-05
4.49468 0.017204 -5.09801e-05
4.5092 0.0172034 -4.03731e-05
4.5237 0.0172032 -1.37568e-05
4.5382 0.0172035 2.32439e-05
4.55272 0.0172045 6.56817e-05
4.56727 0.0172061 0.00010918
4.58188 0.0172083 0.000153095
4.59656 0.0172113 0.000203538
4.61133 0.017215 0.000249913
4.62622 0.0172191 0.000275495
4.64123 0.0172232 0.00027542
4.65636 0.0172271 0.000259148
4.67136 0.0172307 0.000238673
4.68614 0.017234 0.000220653
4.70089 0.017237 0.000203239
4.71575 0.0172397 0.000185732
4.73077 0.0172424 0.000173735
4.7457 0.0172449 0.000167639
4.76057 0.0172473 0.000163022
4.7754 0.0172496 0.000156515
4.79024 0.0172518 0.000147306
4.80513 0.0172538 0.000138099
4.82011 0.0172558 0.00013127
4.83519 0.0172577 0.000128467
4.85038 0.0172597 0.000127613
4.86566 0.0172616 0.000123328
4.881 0.0172634 0.00011644
4.89634 0.0172651 0.000110656
4.91139 0.0172666 0.000105225
4.92613 0.017268 9.30158e-05
4.94083 0.0172691 7.28882e-05
4.95562 0.0172699 5.22979e-05
4.97049 0.0172705 4.60586e-05
4.98549 0.0172714 5.86096e-05
5.00043 0.0172727 8.40224e-05
5.01531 0.0172744 0.000116612
5.0301 0.0172767 0.000151847
5.04484 0.0172793 0.000181466
5.05954 0.0172823 0.000200917
5.07424 0.0172853 0.000205284
5.089 0.0172881 0.000190569
5.10386 0.0172904 0.000155226
5.11882 0.017292 0.000107839
5.13361 0.0172928 5.25672e-05
5.14861 0.0172928 -3.8111e-06
5.16346 0.0172919 -5.51728e-05
5.17828 0.0172905 -9.83766e-05
5.19333 0.0172885 -0.000131797
5.20875 0.0172861 -0.000154167
5.22462 0.0172834 -0.000171073
5.24037 0.0172804 -0.000190846
5.25587 0.0172771 -0.000215472
5.27106 0.0172734 -0.000237571
5.28603 0.0172696 -0.0002539
5.30088 0.0172658 -0.000256861
5.31567 0.0172623 -0.000240287
5.3305 0.0172592 -0.000204756
5.34542 0.017257 -0.000152729
5.36049 0.0172557 -8.70083e-05
5.37575 0.0172554 -1.32547e-05
5.39122 0.0172564 6.02015e-05
5.40688 0.0172584 0.000126934
5.42267 0.0172612 0.00017866
5.43828 0.0172646 0.000217292
5.45374 0.0172685 0.000251067
5.46915 0.0172729 0.000288144
5.4843 0.0172778 0.00032429
5.49922 0.0172831 0.000353701
5.51398 0.0172886 0.000374489
5.52868 0.0172943 0.000384282
5.54338 0.0172998 0.000378333
5.55817 0.017305 0.000352585
5.57307 0.0173095 0.000302283
5.58813 0.017313 0.00023212
5.60335 0.0173155 0.000158762
5.61874 0.0173169 9.63513e-05
5.6343 0.0173177 4.83969e-05
5.6499 0.017318 2.03586e-05
5.66545 0.017318 -3.14962e-06
5.681 0.0173176 -2.54327e-05
5.69659 0.0173169 -4.31583e-05
5.71233 0.017316 -5.79992e-05
5.72781 0.0173148 -7.59632e-05
5.74307 0.0173133 -9.72704e-05
5.75838 0.0173116 -0.000111383
5.77348 0.0173101 -0.000101316
5.78883 0.017309 -7.01209e-05
5.8041 0.0173087 -2.22012e-05
5.81937 0.0173092 3.60563e-05
5.83462 0.0173106 8.88104e-05
5.84993 0.0173126 0.000130049
5.86531 0.017315 0.000155982
5.8808 0.0173174 0.000154609
5.89642 0.0173192 0.000118333
5.91193 0.0173201 5.95337e-05
5.92718 0.0173201 -1.9481e-06
5.94258 0.0173192 -5.80874e-05
5.95813 0.0173175 -0.000112686
5.97354 0.0173149 -0.000165535
5.98878 0.0173116 -0.000214177
6.00387 0.0173076 -0.000264716
6.0189 0.0173029 -0.00031474
6.03392 0.0172974 -0.00036895
6.04899 0.017291 -0.00042504
6.06414 0.0172837 -0.000482769
6.07899 0.0172757 -0.000533351
6.0939 0.0172673 -0.000564123
6.10915 0.0172588 -0.000560894
6.1246 0.0172506 -0.000530869
6.14006 0.0172432 -0.000474439
6.15547 0.017237 -0.000404263
6.17081 0.017232 -0.000323553
6.18608 0.0172285 -0.000232641
6.20129 0.0172262 -0.000152213
6.21647 0.0172247 -9.95208e-05
6.23162 0.0172235 -7.64856e-05
6.24674 0.0172224 -7.21838e-05
6.26183 0.0172213 -7.08143e-05
6.27688 0.0172202 -7.56711e-05
6.29194 0.0172189 -8.62443e-05
6.30705 0.0172173 -0.000103294
6.32225 0.0172153 -0.000133323
6.33754 0.0172128 -0.000167727
6.35284 0.0172095 -0.000212335
6.36824 0.0172053 -0.000273701
6.38365 0.0171999 -0.000351564
6.39865 0.0171934 -0.000432086
6.41368 0.0171859 -0.0004984
6.42907 0.0171776 -0.000537636
6.44493 0.0171688 -0.000554711
6.4608 0.0171601 -0.000549488
6.47651 0.0171519 -0.000521506
6.49216 0.0171446 -0.00046621
6.50762 0.0171386 -0.000387969
6.52285 0.0171339 -0.000307008
6.53796 0.0171304 -0.000236097
6.55303 0.0171276 -0.000185877
6.56809 0.0171254 -0.000146952
6.58309 0.0171238 -0.000105652
6.59823 0.0171229 -5.51597e-05
6.61343 0.0171229 -6.08086e-06
6.62871 0.0171234 3.56656e-05
6.64402 0.0171244 6.70779e-05
6.65934 0.017126 0.000100409
6.67464 0.017128 0.000135268
6.68989 0.0171304 0.000153574
6.70511 0.0171325 0.000141887
6.72028 0.0171341 0.000103615
6.73542 0.017135 5.81422e-05
6.75051 0.0171353 2.16332e-05
6.76556 0.0171352 -4.835e-06
6.78058 0.0171348 -2.86885e-05
6.7956 0.017134 -5.11127e-05
6.81061 0.0171331 -6.40716e-05
6.82562 0.0171322 -6.08768e-05
6.84067 0.0171314 -4.83692e-05
6.85576 0.0171308 -3.93103e-05
6.87091 0.0171303 -3.61022e-05
6.88606 0.0171298 -3.41774e-05
6.90089 0.0171295 -2.17867e-05
6.91579 0.0171296 1.1523e-05
6.931 0.0171307 6.92957e-05
6.94629 0.0171328 0.000137488
6.96153 0.0171359 0.000201857
6.97668 0.0171398 0.000258429
6.99171 0.0171446 0.000319797
7.0066 0.0171503 0.000382433
7.02139 0.0171566 0.000427165
7.03612 0.0171631 0.000438078
7.05083 0.0171693 0.000423472
7.06553 0.0171751 0.000398653
7.08024 0.0171806 0.000372065
7.09496 0.0171856 0.000341121
7.1097 0.0171901 0.000302492
7.12447 0.0171939 0.000255731
7.13927 0.017197 0.000208314
7.15411 0.0171994 0.000166472
7.16898 0.0172013 0.000128682
7.18389 0.0172026 8.70068e-05
7.19885 0.0172032 4.07984e-05
7.21385 0.0172033 1.89255e-06
7.22888 0.017203 -1.66007e-05
7.24393 0.0172029 -1.08145e-05
7.25896 0.0172031 1.28402e-05
7.27396 0.0172038 4.707e-05
7.28891 0.017205 8.50184e-05
7.30381 0.017207 0.000129755
7.31865 0.0172096 0.000178163
7.33345 0.0172129 0.000223645
7.34823 0.0172167 0.000258448
7.36299 0.0172209 0.000285212
7.37774 0.0172255 0.000307169
7.39247 0.0172304 0.000330799
7.4072 0.0172356 0.000357284
7.4219 0.0172412 0.000379511
7.43658 0.017247 0.00039238
7.45124 0.0172527 0.0003947
7.46588 0.0172584 0.000386496
