t x vx
0.01 0.0164928 -0.000717699
0.02 0.0164703 -0.00224973
0.0271232 0.0164461 -0.00339733
0.0346762 0.0164112 -0.00462291
0.0423654 0.0163659 -0.0058875
0.0501717 0.01631 -0.00716205
0.0580271 0.0162441 -0.00839575
0.0659158 0.0161689 -0.00953247
0.0738206 0.0160862 -0.0104614
0.0817131 0.0159983 -0.0111324
0.0895706 0.0159084 -0.0114409
0.0973987 0.0158197 -0.011338
0.105005 0.0157366 -0.0109269
0.11229 0.0156625 -0.0101684
0.119459 0.0155976 -0.00905589
0.126466 0.0155419 -0.00794122
0.133645 0.0154937 -0.00671915
0.140715 0.015456 -0.00532257
0.147616 0.0154289 -0.00393805
0.154965 0.0154099 -0.00258734
0.162354 0.0154008 -0.0012309
0.16959 0.015401 2.7001e-05
0.177565 0.0154104 0.00118087
0.185625 0.0154286 0.00225986
0.193573 0.0154543 0.0032306
0.201324 0.0154852 0.00399104
0.209257 0.0155217 0.00459764
0.217022 0.0155601 0.00495429
0.224717 0.015599 0.00505317
0.232536 0.0156368 0.00483066
0.240269 0.0156699 0.00428072
0.247855 0.0156959 0.00342717
0.255286 0.015713 0.002295
0.262553 0.0157194 0.000892744
0.269615 0.0157145 -0.000698757
0.276512 0.0156981 -0.00237582
0.283261 0.0156709 -0.00403769
0.290124 0.015632 -0.00566132
0.296915 0.0155835 -0.00715046
0.303663 0.0155264 -0.00845954
0.310518 0.0154615 -0.00946807
0.317546 0.0153904 -0.0101178
0.324736 0.0153159 -0.010353
0.331876 0.0152436 -0.0101231
0.338917 0.0151771 -0.00945149
0.345871 0.0151188 -0.00837922
0.352752 0.0150713 -0.00691423
0.35959 0.0150364 -0.00510045
0.366415 0.015016 -0.00298776
0.372927 0.0150112 -0.000735615
0.37922 0.0150209 0.00153707
0.385689 0.0150461 0.00390244
0.392275 0.0150874 0.00626296
0.399008 0.0151449 0.00854756
0.406092 0.0152203 0.0106455
0.413268 0.0153105 0.0125634
0.420518 0.0154137 0.0142373
0.427906 0.0155287 0.0155679
0.4353 0.015651 0.0165397
0.442605 0.0157763 0.0171583
0.44981 0.0159012 0.0173334
0.45693 0.0160232 0.0171259
0.463775 0.0161368 0.0166028
0.470599 0.0162444 0.015764
0.477141 0.0163405 0.0146858
0.483685 0.0164284 0.0134434
0.490194 0.0165071 0.0120814
0.496542 0.0165747 0.0106561
0.502722 0.0166315 0.00919005
0.508992 0.0166793 0.00762626
0.5154 0.0167178 0.00600835
0.521797 0.0167462 0.00443337
0.528301 0.0167649 0.00287378
0.534886 0.0167746 0.00146861
0.541496 0.0167762 0.000246925
0.54835 0.0167707 -0.000797832
0.555409 0.0167591 -0.00165314
0.562559 0.0167431 -0.00223005
0.569817 0.0167254 -0.0024354
0.577285 0.0167085 -0.0022604
0.584422 0.016696 -0.00175161
0.591593 0.016689 -0.000986354
0.598884 0.0166893 4.59722e-05
0.605999 0.0166978 0.00119774
0.612973 0.0167151 0.00248116
0.619781 0.0167412 0.00383306
0.62656 0.0167761 0.00513649
0.633229 0.0168182 0.00631274
0.639864 0.0168669 0.00734383
0.646505 0.0169215 0.00822589
0.65303 0.0169795 0.00889445
0.659035 0.0170353 0.0092783
0.665149 0.017093 0.00944862
0.671774 0.0171554 0.00941617
0.678442 0.0172166 0.0091799
0.685096 0.0172749 0.00876274
0.691604 0.0173283 0.00819488
0.698111 0.017377 0.00748835
0.704787 0.0174213 0.00664457
0.711373 0.0174592 0.00574109
0.717891 0.0174907 0.00483461
0.72429 0.017516 0.0039603
0.730566 0.0175356 0.00311376
0.736884 0.0175499 0.00227637
0.743308 0.0175594 0.00147706
0.749795 0.0175644 0.000766803
0.756464 0.0175655 0.000160483
0.763429 0.0175632 -0.000329145
0.770735 0.0175582 -0.00067983
0.778145 0.0175518 -0.000870299
0.785625 0.0175453 -0.000868203
0.793205 0.0175401 -0.000680301
0.800711 0.0175375 -0.00035336
0.808161 0.017538 6.98474e-05
0.81555 0.0175423 0.000579967
0.822905 0.0175506 0.00113761
0.830234 0.017563 0.00168215
0.837589 0.0175787 0.00214424
0.844677 0.0175964 0.00249215
0.851408 0.0176147 0.00272566
0.857964 0.0176337 0.00289789
0.864523 0.0176538 0.00305609
0.871214 0.0176754 0.00323731
0.87787 0.017698 0.00338312
0.884627 0.0177213 0.00345381
0.891574 0.0177453 0.00345125
0.898371 0.0177678 0.00331935
0.905066 0.0177887 0.00311412
0.911801 0.0178077 0.00282849
0.918654 0.0178245 0.0024474
0.925291 0.0178376 0.00197684
0.932057 0.0178473 0.00142585
0.939059 0.0178532 0.00084501
0.946064 0.0178554 0.000314527
0.953298 0.0178545 -0.000130506
0.96073 0.017851 -0.000463295
0.96812 0.0178459 -0.000692539
0.975414 0.0178399 -0.000824212
0.982441 0.0178339 -0.000848023
0.989448 0.0178285 -0.000768998
0.996444 0.0178243 -0.000611531
1.00349 0.0178216 -0.000372906
1.01052 0.0178211 -7.68425e-05
1.01753 0.0178226 0.00022084
1.02459 0.0178262 0.000504723
1.03172 0.0178315 0.000747734
1.03892 0.0178384 0.000957878
1.04619 0.0178469 0.00116298
1.05351 0.0178567 0.00134242
1.06086 0.0178675 0.00146664
1.06806 0.0178782 0.00148654
1.07524 0.0178883 0.0014048
1.08225 0.0178966 0.00118153
1.08897 0.0179025 0.000876415
1.09565 0.0179061 0.000553461
1.10253 0.0179078 0.000244814
1.10937 0.0179078 -1.12004e-05
1.1162 0.0179062 -0.000234474
1.12324 0.0179031 -0.000437505
1.13043 0.0178988 -0.000599472
1.13786 0.0178935 -0.000706598
1.14542 0.0178878 -0.000759871
1.15286 0.0178821 -0.000767346
1.16015 0.0178767 -0.000741819
1.16738 0.0178716 -0.000694271
1.17471 0.0178671 -0.000615016
1.18208 0.0178635 -0.000490019
1.18942 0.0178611 -0.000325899
1.19656 0.0178599 -0.000164616
1.20359 0.0178599 -7.93643e-06
1.21061 0.017861 0.000151574
1.21762 0.0178631 0.000301534
1.22464 0.0178662 0.000441332
1.23168 0.0178703 0.000591247
1.23878 0.0178756 0.000736926
1.24595 0.0178816 0.000836082
1.25289 0.0178876 0.000874975
1.25959 0.0178936 0.000887908
1.26624 0.0178995 0.000888508
1.27302 0.0179057 0.000916101
1.2798 0.0179122 0.000965355
1.28677 0.0179192 0.000994241
1.29398 0.0179264 0.00100395
1.30117 0.0179336 0.000995003
1.30834 0.0179402 0.000925902
1.31548 0.0179463 0.000854977
1.3225 0.0179521 0.000825938
1.3294 0.0179579 0.000832874
1.33622 0.017964 0.000896944
1.343 0.0179706 0.000980553
1.34979 0.0179776 0.00102802
1.35665 0.0179849 0.00106746
1.36349 0.0179926 0.00112172
1.37015 0.0180007 0.00121246
1.377 0.0180097 0.00131904
1.38409 0.0180198 0.00142597
1.39105 0.0180299 0.00144797
1.39794 0.0180392 0.00134587
1.40484 0.0180474 0.00119307
1.41176 0.0180549 0.00108161
1.41872 0.0180618 0.000990373
1.42571 0.0180684 0.000943918
1.43275 0.0180747 0.000896554
1.43974 0.0180805 0.000827533
1.44656 0.0180856 0.000747389
1.45331 0.01809 0.000654492
1.4599 0.0180936 0.000554399
1.46644 0.0180966 0.000457955
1.47323 0.0180993 0.000399946
1.47998 0.0181016 0.000338591
1.48705 0.0181034 0.000253483
1.4942 0.0181045 0.000147516
1.50135 0.0181049 5.5261e-05
1.50851 0.0181046 -3.22848e-05
1.51573 0.0181037 -0.000129655
1.52302 0.0181018 -0.000262428
1.53009 0.0180989 -0.000414304
1.53696 0.0180949 -0.000575917
1.54394 0.0180898 -0.000737371
1.55104 0.0180836 -0.00087033
1.55806 0.0180768 -0.000958997
1.56499 0.0180699 -0.00100292
1.57188 0.0180629 -0.00101224
1.57876 0.0180561 -0.000986133
1.58569 0.0180498 -0.000921616
1.59267 0.0180438 -0.000848556
1.59943 0.0180386 -0.000767492
1.60619 0.0180343 -0.000646818
1.61297 0.018031 -0.000477722
1.61982 0.0180291 -0.000278982
1.62662 0.0180285 -9.48748e-05
1.63331 0.0180289 6.45612e-05
1.63995 0.0180301 0.000183379
1.64657 0.018032 0.000278232
1.65319 0.0180342 0.000342317
1.65981 0.0180365 0.000343118
1.66642 0.018038 0.000226758
1.67304 0.0180381 1.22311e-05
1.67968 0.0180364 -0.000258764
1.68636 0.0180328 -0.00053707
1.69312 0.0180272 -0.00081951
1.69999 0.0180197 -0.00109081
1.70687 0.0180105 -0.00134567
1.71341 0.0180004 -0.00154716
1.71967 0.0179899 -0.00167927
1.72601 0.0179787 -0.00176243
1.73241 0.0179674 -0.00176294
1.73896 0.0179564 -0.00167636
1.7456 0.0179464 -0.00151204
1.75272 0.0179375 -0.00124942
1.76011 0.0179309 -0.000885423
1.7674 0.0179277 -0.0004439
1.77462 0.017928 3.80979e-05
1.78169 0.0179314 0.000487827
1.78854 0.0179378 0.000928849
1.79525 0.0179468 0.0013417
1.80188 0.0179579 0.00167407
1.8085 0.0179706 0.00192658
1.81515 0.0179844 0.00207019
1.82188 0.0179983 0.00205656
1.82871 0.0180111 0.00188519
1.83563 0.0180223 0.0016166
1.84265 0.0180312 0.00126676
1.84963 0.0180371 0.000846604
1.85661 0.01804 0.000408452
1.86357 0.0180399 -8.86899e-06
1.8705 0.0180373 -0.000379274
1.87742 0.0180327 -0.00066705
1.88429 0.0180266 -0.00088054
1.89098 0.0180199 -0.00100974
1.89768 0.0180129 -0.00104541
1.90457 0.0180061 -0.000985457
1.91152 0.0180002 -0.000838696
1.91868 0.017996 -0.000593722
1.92597 0.0179937 -0.000312577
1.93338 0.0179939 2.50911e-05
1.94078 0.0179965 0.000355948
1.94815 0.0180014 0.000664363
1.95536 0.0180089 0.00103882
1.96272 0.0180193 0.00140629
1.97012 0.0180321 0.00173204
1.97724 0.0180457 0.00192002
1.98412 0.0180593 0.00197242
1.99085 0.0180721 0.00189208
1.99753 0.0180835 0.00171655
2.00432 0.0180935 0.00146871
2.01125 0.0181014 0.00113763
2.01835 0.0181064 0.000711165
2.02542 0.018108 0.00022022
2.03266 0.0181058 -0.000306359
2.04003 0.0180997 -0.000818855
2.04745 0.0180902 -0.00128712
2.05452 0.0180787 -0.00162613
2.06147 0.018066 -0.00182497
2.0682 0.0180531 -0.00190774
2.07503 0.0180404 -0.00186069
2.08207 0.0180288 -0.00165446
2.08927 0.0180193 -0.00131462
2.09669 0.0180137 -0.000754097
2.10393 0.0180129 -0.000123085
2.111 0.018017 0.000586091
2.11782 0.0180269 0.00144663
2.12452 0.0180422 0.00228657
2.13122 0.0180622 0.00299069
2.13795 0.018087 0.0036885
2.14472 0.0181165 0.00434743
2.15148 0.0181494 0.00487541
2.15824 0.0181845 0.00518274
2.16508 0.0182208 0.00531209
2.17174 0.0182555 0.00520061
2.17823 0.018287 0.00487048
2.18471 0.0183152 0.00433741
2.19131 0.0183392 0.00364515
2.19803 0.0183582 0.00283239
2.2049 0.0183711 0.0018781
2.21168 0.0183768 0.000835293
2.21819 0.0183755 -0.000203367
2.22461 0.0183679 -0.00118478
2.23085 0.0183549 -0.00208024
2.23714 0.0183369 -0.00286148
2.24354 0.0183145 -0.00350871
2.25004 0.0182884 -0.00401462
2.257 0.0182578 -0.00439333
2.26438 0.0182237 -0.00460905
2.27191 0.018189 -0.00461858
2.27936 0.018156 -0.00442208
2.28675 0.018126 -0.00406359
2.29406 0.0180999 -0.00357209
2.30132 0.0180784 -0.00295868
2.30855 0.0180618 -0.00229686
2.31576 0.0180502 -0.00161462
2.32289 0.0180438 -0.000897475
2.32994 0.0180427 -0.000147981
2.33685 0.0180466 0.000556196
2.34348 0.0180545 0.00119123
2.34993 0.0180659 0.00177089
2.35634 0.0180803 0.00224884
2.3629 0.0180975 0.00261402
2.36954 0.0181169 0.00292537
2.37624 0.0181372 0.00303782
2.38306 0.018158 0.00304171
2.38992 0.0181777 0.00287756
2.39667 0.0181949 0.00254419
2.40321 0.018209 0.00216078
2.40988 0.0182203 0.00169169
2.41666 0.018228 0.00113473
2.42357 0.0182317 0.00053934
2.43057 0.0182311 -8.26575e-05
2.43759 0.0182264 -0.000673491
2.44449 0.0182181 -0.00120668
2.45125 0.0182067 -0.00168499
2.45785 0.0181928 -0.00209907
2.46429 0.018177 -0.00245775
2.4706 0.0181597 -0.00274548
2.47684 0.0181413 -0.0029412
2.48306 0.0181225 -0.00303278
2.48935 0.0181035 -0.00301129
2.49577 0.0180851 -0.00286812
2.50241 0.0180678 -0.00260999
2.50917 0.0180523 -0.00229048
2.51589 0.0180394 -0.00192448
2.52276 0.0180289 -0.00151803
2.52982 0.0180215 -0.00104944
2.53702 0.018018 -0.000490252
2.54419 0.0180195 0.000204232
2.55118 0.0180258 0.000907886
2.5581 0.0180367 0.00157002
2.56495 0.0180518 0.00221364
2.57169 0.0180708 0.00281012
2.57832 0.0180925 0.00328125
2.58504 0.018117 0.00364257
2.59185 0.0181436 0.00391278
2.59864 0.0181701 0.00390282
2.60551 0.0181962 0.00378808
2.61237 0.0182202 0.00350648
2.61927 0.0182414 0.00307468
2.62602 0.0182592 0.00263279
2.63279 0.0182735 0.00210705
2.63941 0.0182835 0.00152061
2.64599 0.0182895 0.000898764
2.65258 0.0182912 0.000264174
2.65919 0.0182889 -0.000350704
2.66583 0.0182826 -0.000945372
2.67251 0.0182725 -0.00150714
2.67923 0.0182589 -0.0020273
2.68581 0.0182427 -0.00246339
2.6921 0.018225 -0.00281191
2.69819 0.0182062 -0.00308249
2.7041 0.018187 -0.00326101
2.70983 0.0181677 -0.00336907
2.71539 0.0181487 -0.00340625
2.72076 0.0181308 -0.00333299
2.72594 0.0181145 -0.00314764
2.73095 0.0181002 -0.00286354
2.73586 0.0180879 -0.0025049
2.74079 0.0180778 -0.00205335
2.74584 0.0180701 -0.00151113
2.75116 0.0180655 -0.000868458
2.7569 0.0180647 -0.000136753
2.76324 0.0180691 0.000694493
2.76959 0.0180786 0.00149216
2.77591 0.0180929 0.00226156
2.78215 0.0181114 0.00295937
2.78831 0.0181333 0.00355709
2.79447 0.0181582 0.00404746
2.80072 0.0181854 0.00435312
2.80698 0.0182135 0.00448798
2.81285 0.0182396 0.00443929
2.8185 0.0182632 0.00418373
2.82405 0.0182842 0.00378641
2.82958 0.0183022 0.00324759
2.83522 0.0183167 0.00257506
2.84111 0.0183269 0.00173517
2.84743 0.0183318 0.000769709
2.85363 0.0183306 -0.000188913
2.86004 0.0183232 -0.00114914
2.86672 0.0183094 -0.00207755
2.87332 0.0182907 -0.00282504
2.87952 0.0182701 -0.00332155
2.88562 0.0182478 -0.00366039
2.89204 0.0182231 -0.00384906
2.89861 0.0181976 -0.00387184
2.90547 0.0181724 -0.00367209
2.91289 0.0181486 -0.00321194
2.92023 0.0181299 -0.00254799
2.92755 0.0181167 -0.00181207
2.93483 0.0181087 -0.0010875
2.94212 0.0181059 -0.000390744
2.94932 0.0181075 0.000219571
2.9564 0.018112 0.000636559
2.96336 0.0181183 0.000905626
2.96989 0.0181258 0.0011536
2.97621 0.0181345 0.001372
2.98258 0.0181446 0.00158348
2.98906 0.0181554 0.00167358
2.99549 0.0181658 0.00161221
3.00205 0.0181751 0.00142549
3.00863 0.0181828 0.0011701
3.01516 0.0181887 0.000905694
3.02197 0.0181927 0.00058366
3.02887 0.0181938 0.000151146
3.03595 0.0181909 -0.000407336
3.04339 0.018183 -0.00106118
3.05095 0.0181703 -0.00167422
3.05837 0.0181532 -0.00230271
3.06566 0.0181325 -0.00284143
3.07276 0.0181094 -0.00326011
3.07978 0.0180846 -0.00352826
3.08658 0.0180593 -0.00371878
3.09368 0.0180319 -0.00385854
3.10073 0.0180048 -0.00383995
3.10776 0.0179794 -0.00362039
3.11457 0.0179572 -0.00325717
3.12125 0.0179384 -0.00281551
3.12799 0.0179229 -0.0022999
3.13488 0.0179113 -0.0016829
3.14181 0.0179044 -0.00099834
3.14864 0.0179023 -0.000313265
3.15533 0.0179048 0.000384072
3.16185 0.0179119 0.00109159
3.16827 0.0179229 0.00170092
3.17473 0.0179371 0.00220392
3.18132 0.0179541 0.00257214
3.18797 0.0179726 0.0027824
3.19464 0.0179918 0.00288271
3.20141 0.0180111 0.0028594
3.20828 0.0180295 0.00267858
3.21525 0.0180458 0.00233335
3.22231 0.0180588 0.00184789
3.22945 0.0180682 0.00130936
3.23639 0.0180736 0.000780255
3.24336 0.0180756 0.000289908
3.25066 0.0180743 -0.000176079
3.25797 0.0180698 -0.00062258
3.26519 0.0180625 -0.00101563
3.27205 0.0180533 -0.00133892
3.27871 0.0180428 -0.00157703
3.2854 0.0180311 -0.00173892
3.29239 0.0180187 -0.00178148
3.29942 0.0180067 -0.00170308
3.30668 0.0179957 -0.00152144
3.31415 0.0179863 -0.00125314
3.32168 0.0179795 -0.000898728
3.32915 0.0179756 -0.000525005
3.33658 0.0179743 -0.000177974
3.34398 0.0179751 0.000114322
3.35122 0.0179775 0.000327765
3.35844 0.0179811 0.000492511
3.36569 0.0179856 0.000629128
3.37273 0.0179905 0.000693312
3.37934 0.017995 0.000685238
3.3858 0.0179993 0.000659598
3.39239 0.0180034 0.000617902
3.39899 0.0180072 0.000578712
3.40567 0.018011 0.000565123
3.41234 0.0180146 0.000539054
3.41907 0.0180177 0.000459732
3.42602 0.0180199 0.000324454
3.43309 0.018021 0.000150326
3.44039 0.0180208 -2.32613e-05
