t x vx
0.01 0.0164702 -0.00297607
0.02 0.0163785 -0.00917702
0.0260408 0.0163007 -0.0128772
0.032306 0.0161966 -0.0166071
0.0384323 0.0160737 -0.0200648
0.0452771 0.0159126 -0.0235448
0.0521538 0.0157296 -0.0266004
0.0591187 0.0155259 -0.0292478
0.066049 0.0153086 -0.0313605
0.0729709 0.0150807 -0.032917
0.079914 0.014845 -0.0339523
0.0868707 0.0146074 -0.0341565
0.0938154 0.0143746 -0.0335225
0.100756 0.0141518 -0.0320962
0.107417 0.0139522 -0.0299735
0.114214 0.013768 -0.0270904
0.120837 0.0136113 -0.0236641
0.127584 0.0134784 -0.0196954
0.13416 0.013376 -0.0155797
0.136955 0.0133376 -0.0137123
0.13946 0.0133076 -0.011987
0.141953 0.0132821 -0.0102167
0.144441 0.0132613 -0.00838877
0.146951 0.0132449 -0.00652954
0.149488 0.0132331 -0.0046564
0.152022 0.013226 -0.00280607
0.154778 0.0132237 -0.000802683
0.157521 0.0132271 0.00120723
0.160326 0.0132362 0.00325308
0.163013 0.0132502 0.00520005
0.165792 0.0132702 0.00721471
0.168504 0.013295 0.00916042
0.171266 0.0133258 0.0111187
0.174003 0.0133614 0.0130283
0.176775 0.0134028 0.0149393
0.179537 0.0134491 0.0167641
0.18236 0.0135015 0.0185594
0.189413 0.0136602 0.0224957
0.196608 0.0138474 0.0260203
0.203941 0.0140621 0.0292833
0.211286 0.0142983 0.032149
0.218585 0.0145504 0.0345394
0.225979 0.01482 0.0364587
0.233278 0.0150962 0.0378469
0.24064 0.0153806 0.0386371
0.247923 0.0156633 0.0388162
0.255204 0.0159428 0.0383843
0.262432 0.0162122 0.0372754
0.269614 0.0164673 0.0355144
0.276731 0.0167032 0.0331501
0.283814 0.0169172 0.0302009
0.290782 0.0171044 0.026869
0.297731 0.0172653 0.0231642
0.304594 0.0173965 0.019115
0.311236 0.0174953 0.0148761
0.318 0.0175652 0.0103332
0.324809 0.0176036 0.00563333
0.331435 0.0176101 0.000986746
0.337878 0.0175872 -0.00356005
0.344331 0.0175354 -0.00802412
0.350766 0.0174561 -0.012324
0.357349 0.0173477 -0.0164685
0.364255 0.0172068 -0.0203972
0.371317 0.0170381 -0.0238871
0.378627 0.0168423 -0.0267933
0.385822 0.0166344 -0.0288999
0.392542 0.0164317 -0.0301568
0.399219 0.0162263 -0.0307596
0.405814 0.0160239 -0.0306895
0.412198 0.0158325 -0.0299852
0.418609 0.0156479 -0.0287869
0.424813 0.0154795 -0.0271521
0.431103 0.0153223 -0.0249944
0.437015 0.0151886 -0.0226026
0.443063 0.0150686 -0.0198569
0.449199 0.0149653 -0.0168193
0.455468 0.014881 -0.0134615
0.461751 0.0148182 -0.00999389
0.467889 0.014778 -0.00654519
0.474067 0.014759 -0.00308096
0.480029 0.0147599 0.000166329
0.486045 0.0147797 0.00327715
0.492453 0.0148202 0.00633246
0.498975 0.0148799 0.00915037
0.505581 0.0149576 0.0117517
0.512425 0.0150543 0.0141353
0.519305 0.0151651 0.0161133
0.526333 0.0152893 0.0176652
0.533573 0.0154248 0.0187179
0.540836 0.0155644 0.0192132
0.547858 0.0156992 0.0192061
0.554923 0.0158316 0.0187382
0.562136 0.01596 0.017798
0.569354 0.0160784 0.0164116
0.576556 0.0161833 0.0145637
0.583783 0.0162721 0.0122876
0.590884 0.0163412 0.00972947
0.597805 0.0163897 0.00700749
0.604809 0.0164184 0.00409298
0.611577 0.0164265 0.00120283
0.618801 0.0164124 -0.00196215
0.625949 0.0163756 -0.0051425
0.633099 0.0163157 -0.008377
0.640276 0.0162328 -0.0115527
0.647524 0.0161264 -0.0146749
0.654772 0.0159988 -0.017612
0.662016 0.0158515 -0.0203246
0.669254 0.0156874 -0.0226809
0.676555 0.0155079 -0.0245784
0.683714 0.0153227 -0.025875
0.690688 0.0151376 -0.0265454
0.697406 0.0149586 -0.0266393
0.704216 0.0147799 -0.0262348
0.710902 0.01461 -0.0254128
0.717332 0.0144543 -0.0242187
0.723745 0.0143096 -0.0225657
0.730141 0.0141782 -0.0205508
0.736716 0.0140588 -0.0181546
0.743332 0.0139566 -0.0154388
0.74994 0.0138741 -0.0124895
0.756469 0.0138125 -0.00943034
0.763067 0.0137714 -0.00623498
0.769786 0.0137516 -0.00294074
0.77658 0.0137536 0.000281865
0.783497 0.013777 0.0033878
0.790484 0.0138208 0.00627021
0.797693 0.0138858 0.00902056
0.804911 0.0139689 0.0115075
0.81232 0.0140704 0.0136964
0.81979 0.0141867 0.0155747
0.827157 0.0143127 0.0171016
0.834214 0.0144413 0.0182165
0.841447 0.0145788 0.0190182
0.84865 0.0147189 0.0194503
0.855831 0.0148593 0.0195499
0.862964 0.0149972 0.0193369
0.870011 0.01513 0.0188445
0.877115 0.0152585 0.0180769
0.884249 0.0153796 0.0169806
0.891275 0.0154891 0.0155873
0.898299 0.0155869 0.0139281
0.905453 0.015673 0.0120249
0.912808 0.0157457 0.00989224
0.920234 0.0158019 0.00755853
0.927665 0.0158397 0.00508882
0.935103 0.0158591 0.00261521
0.94254 0.0158608 0.00022147
0.950003 0.0158447 -0.0021557
0.957351 0.0158125 -0.00438175
0.964609 0.015766 -0.00640526
0.971828 0.0157071 -0.0081585
0.979054 0.0156375 -0.00963098
0.986341 0.015559 -0.0107753
0.993673 0.0154741 -0.0115779
1.00084 0.0153884 -0.0119605
1.00789 0.015304 -0.011959
1.01492 0.0152222 -0.0116503
1.02176 0.0151462 -0.011101
1.02852 0.0150763 -0.0103417
1.03519 0.0150131 -0.00947766
1.0413 0.0149606 -0.00859013
1.04779 0.0149118 -0.00752149
1.05438 0.01487 -0.00634334
1.06114 0.0148359 -0.00505038
1.06811 0.0148104 -0.0036557
1.07526 0.0147946 -0.00220549
1.08247 0.0147892 -0.000750065
1.08982 0.0147943 0.000692529
1.09743 0.0148101 0.00207616
1.10488 0.0148344 0.00327046
1.11258 0.0148678 0.00433021
1.12033 0.014908 0.00518375
1.12808 0.0149529 0.00580316
1.13577 0.0150006 0.0061977
1.14355 0.0150502 0.00637348
1.15128 0.015099 0.00631625
1.15889 0.0151452 0.00606481
1.16641 0.015188 0.00569538
1.17388 0.015227 0.0052203
1.18133 0.0152621 0.00470538
1.18879 0.0152927 0.00411232
1.19623 0.0153188 0.00350399
1.20363 0.01534 0.00286021
1.21094 0.0153563 0.00222991
1.21818 0.015368 0.00161547
1.22535 0.015375 0.000980471
1.23247 0.0153774 0.000337567
1.23958 0.0153756 -0.000256143
1.24673 0.0153697 -0.000819075
1.25394 0.0153608 -0.00124241
1.2609 0.0153495 -0.00161792
1.26789 0.0153365 -0.00186064
1.27518 0.0153221 -0.00198073
1.2824 0.015307 -0.00208023
1.28981 0.0152914 -0.00211502
1.29721 0.0152757 -0.00211824
1.30486 0.0152606 -0.00197985
1.31262 0.0152473 -0.00171393
1.32014 0.0152371 -0.0013554
1.32736 0.01523 -0.000979375
1.33489 0.0152264 -0.000483068
1.34251 0.0152269 7.32183e-05
1.35006 0.0152322 0.000704224
1.35751 0.0152427 0.00140068
1.36494 0.015258 0.00206161
1.37224 0.0152774 0.00265604
1.37915 0.0152988 0.00309705
1.38582 0.0153211 0.00334218
1.39236 0.0153434 0.00341822
1.39885 0.0153654 0.00338889
1.40539 0.0153868 0.00327798
1.41208 0.0154073 0.00305693
1.41892 0.0154267 0.00283526
1.42559 0.0154436 0.00252813
1.4321 0.0154575 0.00213833
1.43856 0.0154683 0.00168033
1.44527 0.0154756 0.00108288
1.45227 0.0154789 0.000466849
1.4593 0.0154775 -0.00019897
1.46579 0.0154721 -0.000825407
1.47206 0.0154634 -0.0013922
1.4784 0.0154511 -0.00193421
1.4851 0.015435 -0.00240764
1.49185 0.0154169 -0.00267143
1.49815 0.0153995 -0.0027757
1.50449 0.015382 -0.00275627
1.51127 0.0153642 -0.00262339
1.51844 0.015347 -0.00240308
1.52581 0.0153316 -0.00208786
1.53298 0.0153187 -0.00179516
1.53952 0.0153082 -0.00160983
1.54651 0.0152981 -0.00143654
1.55334 0.0152895 -0.00126288
1.56064 0.0152817 -0.00106981
1.56746 0.0152759 -0.000858648
1.57444 0.0152714 -0.000643035
1.58124 0.0152678 -0.000521907
1.58851 0.0152644 -0.000476319
1.59584 0.0152604 -0.000544033
1.6036 0.0152554 -0.000644725
1.61132 0.0152498 -0.000720797
1.61882 0.0152444 -0.000723644
1.62611 0.0152391 -0.000728305
1.63345 0.0152343 -0.000651738
1.64085 0.0152307 -0.000477746
1.64823 0.0152291 -0.000222609
1.65573 0.0152306 0.000199801
1.66296 0.0152349 0.000593815
1.66993 0.0152412 0.000901374
1.67719 0.0152493 0.0011253
1.68442 0.0152584 0.00125353
1.69176 0.0152681 0.00131349
1.69917 0.0152777 0.00130396
1.70668 0.0152868 0.00121146
1.71389 0.0152948 0.0011106
1.72108 0.0153015 0.000934461
1.72827 0.0153064 0.0006817
1.73562 0.0153094 0.000407366
1.74312 0.0153093 -2.25282e-05
1.75077 0.0153054 -0.000504659
1.75826 0.0152979 -0.00100363
1.76555 0.0152874 -0.00143502
1.77268 0.0152741 -0.00186369
1.77976 0.0152582 -0.00225595
1.78686 0.0152399 -0.00257552
1.79393 0.0152204 -0.00275214
1.80111 0.0152004 -0.00278242
1.80825 0.0151813 -0.00267701
1.81547 0.0151634 -0.0024822
1.82277 0.0151471 -0.0022361
1.82969 0.0151332 -0.00199947
1.83626 0.0151216 -0.0017656
1.8432 0.0151113 -0.00149732
1.85011 0.0151028 -0.00123049
1.85684 0.0150961 -0.000984985
1.86345 0.0150915 -0.00069968
1.86996 0.0150883 -0.000494585
1.87684 0.0150864 -0.000276509
1.88423 0.0150859 -6.5702e-05
1.89157 0.0150865 8.55643e-05
1.899 0.0150881 0.000211407
1.90667 0.01509 0.000249454
1.91428 0.0150919 0.00025505
1.92176 0.0150938 0.000243322
1.92905 0.0150946 0.000116976
1.93608 0.015094 -9.06905e-05
1.94289 0.0150921 -0.000278407
1.94956 0.0150897 -0.000364257
1.95618 0.0150871 -0.000389783
1.96279 0.0150851 -0.00030295
1.96948 0.0150841 -0.000141316
1.97625 0.0150843 2.88143e-05
1.98271 0.0150854 0.000162004
1.9889 0.0150868 0.000232589
1.99492 0.0150887 0.000312096
2.00075 0.0150909 0.000378136
2.00638 0.0150933 0.000433983
2.01189 0.0150959 0.000464357
2.01739 0.0150985 0.00046508
2.02283 0.0151009 0.000442005
2.02818 0.0151032 0.000437354
2.03352 0.0151055 0.000436143
2.03891 0.0151075 0.000363964
2.04438 0.0151091 0.000290423
2.04996 0.0151099 0.00015273
2.0557 0.0151098 -1.90928e-05
2.0616 0.0151085 -0.000223966
2.0677 0.0151051 -0.000556749
2.07402 0.0150992 -0.000934262
2.08057 0.0150904 -0.0013516
2.08734 0.0150789 -0.00169616
2.09434 0.015065 -0.00197413
2.10103 0.0150507 -0.00214481
2.10742 0.0150366 -0.00220352
2.11356 0.0150232 -0.00218053
2.11948 0.0150113 -0.00201732
2.12522 0.0150009 -0.00181185
2.13078 0.0149921 -0.0015757
2.13619 0.014985 -0.00132386
2.14145 0.0149792 -0.00109207
2.14657 0.0149746 -0.000908962
2.15157 0.0149707 -0.00077432
2.15646 0.0149675 -0.000648508
2.16123 0.0149652 -0.000486431
2.16589 0.0149639 -0.000279071
2.17047 0.0149634 -0.000103226
2.17499 0.0149634 -4.48343e-06
2.17947 0.0149638 7.71365e-05
2.18394 0.0149645 0.000156871
2.18846 0.0149654 0.000201207
2.19305 0.0149664 0.000221456
2.19778 0.0149671 0.000158415
2.2027 0.0149672 4.53738e-06
2.20789 0.0149662 -0.000178653
2.2134 0.014964 -0.000399828
2.21934 0.0149602 -0.000648903
2.22526 0.0149547 -0.000922402
2.23058 0.0149485 -0.00116769
2.23562 0.0149415 -0.0013864
2.24049 0.0149337 -0.00161253
2.24525 0.0149251 -0.00180204
2.24999 0.0149157 -0.00198508
2.25478 0.0149053 -0.00217237
2.25969 0.0148938 -0.00234579
2.26477 0.0148811 -0.00249456
2.27014 0.0148664 -0.00272323
2.27591 0.0148494 -0.00295158
2.2822 0.01483 -0.00308579
2.2892 0.0148081 -0.00313177
2.29627 0.0147861 -0.00311671
2.30331 0.0147656 -0.00290411
2.31024 0.0147474 -0.00262458
2.31719 0.0147315 -0.00228856
2.32419 0.0147176 -0.00199163
2.33114 0.0147058 -0.00169729
2.33817 0.0146962 -0.00136479
2.34533 0.0146893 -0.000956003
2.35269 0.0146857 -0.000495803
2.36001 0.0146854 -3.55822e-05
2.36729 0.014688 0.000353634
2.37441 0.014693 0.000707732
2.38187 0.014701 0.00106942
2.38937 0.0147113 0.00137265
2.39697 0.0147231 0.00154809
2.40478 0.0147362 0.00168441
2.41231 0.0147498 0.0018009
2.41984 0.0147636 0.00182841
2.42732 0.0147769 0.00178166
2.43496 0.0147897 0.00167136
2.44245 0.0148012 0.00153525
2.44987 0.0148115 0.00139259
2.45728 0.0148209 0.0012656
2.46479 0.0148299 0.00120818
2.47219 0.0148387 0.00118125
2.47949 0.0148472 0.00116578
2.48676 0.0148554 0.00113375
2.49402 0.0148634 0.00109293
2.50133 0.0148712 0.00107198
2.50862 0.0148789 0.00105091
2.51606 0.0148864 0.00101517
2.52357 0.0148935 0.000946218
2.53111 0.0149002 0.000886313
2.53869 0.0149065 0.000836423
2.54626 0.0149122 0.000742376
2.55382 0.0149169 0.000626979
2.56137 0.0149206 0.000493672
2.5686 0.0149236 0.000407488
2.57571 0.0149259 0.000321732
2.58327 0.0149274 0.000199226
2.59084 0.0149281 0.000101264
2.59842 0.0149284 3.00806e-05
2.60596 0.0149279 -5.8293e-05
2.6132 0.014927 -0.000126751
2.62045 0.0149252 -0.000250234
2.62764 0.0149224 -0.000382932
2.63492 0.0149189 -0.000485411
2.64225 0.0149147 -0.000574815
2.64929 0.0149102 -0.000645525
2.65612 0.0149055 -0.000688943
2.66283 0.0149014 -0.000603295
2.66953 0.0148982 -0.000480569
2.67631 0.0148959 -0.000343503
2.68327 0.0148946 -0.000173527
2.69032 0.0148945 -1.52987e-05
2.69716 0.0148952 9.75601e-05
2.70387 0.0148965 0.000191255
2.71053 0.0148985 0.000303278
2.71721 0.014901 0.000376744
2.72397 0.0149037 0.000394863
2.73088 0.0149066 0.000427802
2.73797 0.0149098 0.000446249
2.74505 0.0149136 0.00053626
2.7521 0.0149185 0.000691497
2.7591 0.0149243 0.000838103
2.76597 0.0149311 0.000988593
2.77282 0.0149388 0.00112003
2.77972 0.0149472 0.00121924
2.78662 0.0149557 0.00123037
2.79357 0.0149641 0.00120042
2.80059 0.014972 0.00112905
2.80772 0.0149792 0.00100987
2.81499 0.0149852 0.000833888
2.82235 0.01499 0.000640304
2.82957 0.0149929 0.000408875
2.83652 0.0149947 0.000251062
2.84324 0.0149956 0.000146262
2.84981 0.0149962 9.05347e-05
2.8563 0.0149969 0.000103719
2.86282 0.0149979 0.000154598
2.86944 0.014999 0.000165207
2.87625 0.0150001 0.000160378
2.88331 0.015001 0.000129146
2.89056 0.0150017 9.57984e-05
2.89787 0.0150023 7.63512e-05
2.90517 0.0150026 4.96725e-05
2.91252 0.0150029 4.28212e-05
2.91996 0.0150038 0.000109457
2.92712 0.0150053 0.000215621
2.9338 0.0150074 0.000319689
2.94007 0.01501 0.000408203
2.94604 0.0150128 0.000468709
2.95181 0.0150153 0.000439412
2.95746 0.0150176 0.000403429
2.96305 0.0150195 0.000340909
2.96863 0.0150208 0.000228143
2.97424 0.0150212 8.19293e-05
2.9799 0.0150207 -0.000104148
2.98563 0.0150191 -0.000279774
2.99147 0.015017 -0.000352693
2.99736 0.0150148 -0.000375609
3.00325 0.0150128 -0.000340966
3.00919 0.0150114 -0.00023625
3.0152 0.0150109 -7.92489e-05
3.02132 0.0150111 4.05782e-05
3.02755 0.0150119 0.000117964
3.03394 0.0150129 0.000166108
3.04051 0.0150142 0.000187197
3.0472 0.0150151 0.000144254
3.05394 0.0150156 6.8478e-05
3.06074 0.0150149 -0.000105281
3.06761 0.0150129 -0.000282103
3.07459 0.0150102 -0.000387783
3.08172 0.0150068 -0.000482994
3.08903 0.0150031 -0.000504104
3.09658 0.0149994 -0.000484207
3.10414 0.0149959 -0.000468832
3.11177 0.0149927 -0.000426331
3.11953 0.0149899 -0.000350384
3.12716 0.0149881 -0.000244585
3.13458 0.0149863 -0.000231813
3.14184 0.0149848 -0.000209493
3.14897 0.0149843 -6.99074e-05
3.15602 0.0149856 0.000182026
3.16306 0.0149895 0.000545501
3.17018 0.0149964 0.000971773
3.17746 0.0150072 0.0014822
3.18459 0.0150209 0.00192511
3.19151 0.0150367 0.00228835
3.19824 0.015054 0.00255889
3.20488 0.0150721 0.00273917
3.21082 0.0150888 0.00280131
3.21622 0.0151037 0.00275817
3.2213 0.0151172 0.00266571
3.22624 0.0151297 0.00254002
3.23118 0.0151414 0.00235687
3.23625 0.0151522 0.00213631
3.24156 0.0151625 0.001927
3.24717 0.0151719 0.00167693
3.25282 0.0151797 0.00138121
3.25866 0.0151859 0.0010612
3.26478 0.01519 0.000678096
3.27124 0.0151917 0.000256795
3.27806 0.0151899 -0.000253692
3.28526 0.0151845 -0.000756609
3.29268 0.0151758 -0.00117552
3.29995 0.0151644 -0.00156224
3.30708 0.0151508 -0.0019045
3.31415 0.0151358 -0.00212114
3.32125 0.015121 -0.00209086
3.32843 0.0151073 -0.00190901
