t x vx
0.01 0.0165003 2.93407e-05
0.02 0.0165012 9.00922e-05
0.0374139 0.0165046 0.000193532
0.0551379 0.0165098 0.000297031
0.0735957 0.0165173 0.000402385
0.09257 0.016527 0.000511577
0.111871 0.016539 0.000623656
0.131384 0.0165534 0.000737508
0.151009 0.01657 0.000846492
0.170701 0.0165885 0.000938956
0.190448 0.0166084 0.00100895
0.210226 0.0166293 0.00105652
0.229921 0.0166506 0.00108126
0.249457 0.0166716 0.00107412
0.268533 0.0166918 0.00105776
0.287653 0.0167112 0.00101835
0.306774 0.0167296 0.000958299
0.325917 0.0167467 0.000896897
0.344838 0.0167613 0.000771413
0.364108 0.0167736 0.000636551
0.383458 0.016784 0.000537512
0.403244 0.0167924 0.000425826
0.42306 0.0167981 0.000288047
0.442863 0.0168015 0.000172251
0.462596 0.0168028 6.5949e-05
0.482136 0.0168022 -3.29991e-05
0.50146 0.0167995 -0.000137362
0.520597 0.0167948 -0.000249554
0.539385 0.0167878 -0.000368803
0.557624 0.0167789 -0.000491767
0.575831 0.0167675 -0.000623403
0.594508 0.0167531 -0.000772074
0.613075 0.0167359 -0.000927673
0.631679 0.016716 -0.00106735
0.650396 0.0166939 -0.00118133
0.669246 0.0166697 -0.00128198
0.688205 0.0166438 -0.00136919
0.707114 0.0166164 -0.00144805
0.726014 0.0165878 -0.00151527
0.744822 0.0165584 -0.00156207
0.763559 0.0165287 -0.00158386
0.782211 0.0164993 -0.00157865
0.800743 0.0164704 -0.0015549
0.81916 0.0164425 -0.00151903
0.837527 0.0164153 -0.0014767
0.855915 0.0163889 -0.00143996
0.874343 0.0163627 -0.00141987
0.892809 0.0163368 -0.00140412
0.911293 0.0163112 -0.00138463
0.929795 0.0162861 -0.00135797
0.948342 0.0162615 -0.00132447
0.966956 0.0162376 -0.00128505
0.985665 0.0162144 -0.00123811
1.00449 0.0161922 -0.00118212
1.02343 0.016171 -0.00111672
1.04241 0.0161512 -0.00104359
1.06142 0.0161328 -0.000967402
1.08045 0.0161159 -0.000888682
1.09951 0.0161005 -0.00080668
1.11853 0.0160868 -0.000722785
1.13748 0.0160746 -0.000642443
1.15637 0.016064 -0.000561079
1.17521 0.0160551 -0.000474028
1.19381 0.016048 -0.000378346
1.21228 0.0160429 -0.000276023
1.23074 0.0160398 -0.00017215
1.24941 0.0160384 -7.48228e-05
1.26808 0.0160386 1.09545e-05
1.28675 0.0160401 8.25523e-05
1.30547 0.0160427 0.000140944
1.32428 0.0160463 0.000190967
1.34318 0.0160508 0.000238545
1.36184 0.0160563 0.000290011
1.38024 0.0160627 0.000352585
1.3987 0.0160706 0.000427919
1.41735 0.0160801 0.000508373
1.4364 0.0160913 0.000584251
1.4555 0.0161036 0.000648097
1.47458 0.016117 0.000698208
1.49366 0.0161309 0.000730755
1.51272 0.0161451 0.000745704
1.5318 0.0161594 0.000747621
1.55057 0.0161733 0.000744191
1.56893 0.0161869 0.000739551
1.5872 0.0162003 0.000733929
1.60561 0.0162136 0.000720348
1.62416 0.0162264 0.00069116
1.64272 0.0162385 0.00064979
1.66168 0.0162499 0.000601709
1.68067 0.0162602 0.000543948
1.69956 0.0162692 0.000475781
1.71842 0.0162768 0.000401486
1.73688 0.0162828 0.00032551
1.75517 0.0162874 0.000250735
1.77346 0.0162906 0.000176598
1.79167 0.0162925 0.000103723
1.80982 0.0162931 3.63644e-05
1.82779 0.0162928 -2.05165e-05
1.8456 0.0162916 -6.51318e-05
1.8635 0.0162899 -9.68529e-05
1.88123 0.0162878 -0.000119434
1.89906 0.0162854 -0.000132592
1.91718 0.0162829 -0.000136884
1.9353 0.0162805 -0.000134836
1.95346 0.0162783 -0.000121436
1.97164 0.0162765 -9.51828e-05
1.98983 0.0162755 -5.71322e-05
2.00794 0.0162753 -1.33537e-05
2.02593 0.0162759 3.29331e-05
2.04379 0.0162773 7.9794e-05
2.0616 0.0162796 0.000130733
2.07943 0.0162829 0.000185271
2.09727 0.0162871 0.000237304
2.11511 0.0162921 0.000280233
2.13304 0.0162978 0.000315287
2.1511 0.016304 0.000345454
2.16931 0.0163109 0.000378052
2.18765 0.0163186 0.000416905
2.206 0.016327 0.000460876
2.22408 0.0163361 0.00050195
2.24196 0.0163456 0.000533724
2.25975 0.0163556 0.000557808
2.27758 0.0163659 0.000580258
2.2954 0.0163766 0.000601139
2.31327 0.0163876 0.000613227
2.33131 0.0163986 0.000610013
2.34955 0.0164094 0.000592453
2.36798 0.0164198 0.000564093
2.38657 0.0164297 0.000531974
2.40503 0.0164389 0.000500518
2.42351 0.0164476 0.000467758
2.44205 0.0164555 0.000427857
2.46008 0.0164623 0.000379135
2.47768 0.0164681 0.000328136
2.49514 0.0164731 0.000283302
2.51276 0.0164774 0.000246472
2.53086 0.0164812 0.000211027
2.54902 0.0164842 0.000166794
2.56724 0.0164864 0.000116486
2.58555 0.0164876 6.65494e-05
2.60393 0.0164879 1.98476e-05
2.6224 0.0164875 -2.61468e-05
2.64075 0.0164861 -7.23475e-05
2.65889 0.016484 -0.000119752
2.67687 0.016481 -0.000164213
2.69459 0.0164774 -0.000202305
2.71218 0.0164735 -0.000225078
2.72999 0.0164694 -0.000227667
2.74774 0.0164655 -0.000218301
2.76538 0.0164619 -0.000206997
2.78301 0.0164584 -0.000197876
2.80068 0.016455 -0.000190389
2.81846 0.0164517 -0.00018821
2.8364 0.0164482 -0.000195617
2.85426 0.0164444 -0.000213817
2.87194 0.0164401 -0.000240868
2.88956 0.0164353 -0.000274982
2.90722 0.0164298 -0.000310973
2.92494 0.0164236 -0.000345454
2.94263 0.0164171 -0.00037202
2.96045 0.0164102 -0.000385173
2.97842 0.0164032 -0.000386952
2.9963 0.0163964 -0.000382351
3.01406 0.0163897 -0.000375677
3.0317 0.0163833 -0.000367293
3.04943 0.0163769 -0.000358369
3.06738 0.0163706 -0.000351978
3.0856 0.0163643 -0.000347426
3.10411 0.0163579 -0.000341594
3.12289 0.0163517 -0.000331816
3.14122 0.0163459 -0.000315915
3.15913 0.0163407 -0.000292445
3.17688 0.0163361 -0.000258972
3.19463 0.0163323 -0.000213258
3.21214 0.0163294 -0.000162736
3.22963 0.0163274 -0.000114424
3.24728 0.0163261 -7.43986e-05
3.2652 0.0163253 -4.57507e-05
3.28323 0.0163248 -2.93746e-05
3.30133 0.0163244 -2.18048e-05
3.31953 0.016324 -2.03893e-05
3.33786 0.0163235 -2.59086e-05
3.35634 0.0163228 -4.13032e-05
3.375 0.0163215 -6.82962e-05
3.39353 0.0163196 -0.000104756
3.41177 0.0163169 -0.000146088
3.42969 0.0163136 -0.000186051
3.44729 0.0163097 -0.000219556
3.4647 0.0163055 -0.000243434
3.48209 0.016301 -0.000255424
3.49962 0.0162966 -0.000254338
3.51742 0.0162923 -0.000239551
3.53555 0.0162885 -0.000211526
3.554 0.0162853 -0.000170791
3.57239 0.0162831 -0.000119867
3.5907 0.016282 -6.25228e-05
3.60903 0.0162819 -3.54186e-06
3.62745 0.0162829 5.23958e-05
3.64597 0.0162847 0.000101199
3.66435 0.0162874 0.000143308
3.68264 0.0162907 0.000180768
3.70068 0.0162945 0.000212159
3.71855 0.0162987 0.000235492
3.73644 0.0163032 0.000249869
3.75446 0.0163078 0.000255046
3.77272 0.0163123 0.000249165
3.79122 0.0163167 0.000234621
3.80989 0.0163207 0.000218396
3.82865 0.0163246 0.000203903
3.84743 0.0163281 0.000188487
3.86621 0.0163312 0.000164506
3.88504 0.0163336 0.000129515
3.90371 0.0163353 8.79498e-05
3.92215 0.0163362 4.79499e-05
3.9405 0.0163365 1.62818e-05
3.95858 0.0163363 -6.33495e-06
3.97643 0.016336 -2.12563e-05
3.99424 0.0163355 -2.79041e-05
4.01217 0.0163351 -2.31615e-05
4.03041 0.0163349 -6.03016e-06
4.04901 0.0163353 2.03708e-05
4.06793 0.0163363 5.07073e-05
4.08685 0.0163378 8.0898e-05
4.10566 0.0163398 0.000108023
4.12434 0.0163423 0.000131497
4.14262 0.0163451 0.000150899
4.16047 0.016348 0.000164913
4.178 0.016351 0.000172248
4.1954 0.016354 0.000173074
4.21284 0.016357 0.000170988
4.23044 0.01636 0.000168236
4.24824 0.0163629 0.000166399
4.26619 0.0163659 0.00016442
4.28426 0.0163688 0.000160748
4.30239 0.0163716 0.000153051
4.32056 0.0163741 0.000140854
4.33871 0.0163764 0.00012434
4.35681 0.0163783 0.000104597
4.37485 0.0163798 8.46548e-05
4.39282 0.016381 6.62595e-05
4.41073 0.0163819 5.00533e-05
4.42855 0.0163825 3.56141e-05
4.44629 0.0163829 1.93274e-05
4.46393 0.0163829 2.93784e-06
4.48149 0.0163827 -1.22612e-05
4.49898 0.0163822 -2.83608e-05
4.51647 0.0163814 -4.77432e-05
4.53402 0.0163801 -7.03296e-05
4.55172 0.0163785 -9.1431e-05
4.56957 0.0163767 -0.000103793
4.58754 0.0163748 -0.000103504
4.60559 0.0163732 -8.78842e-05
4.62369 0.0163721 -6.28541e-05
4.64179 0.0163714 -3.63168e-05
4.65976 0.0163711 -1.66153e-05
4.6777 0.0163711 1.04884e-06
4.69575 0.0163715 1.97746e-05
4.71386 0.0163721 3.37457e-05
4.73207 0.0163728 3.8165e-05
4.75056 0.0163734 3.4444e-05
4.76943 0.0163739 2.34228e-05
4.78852 0.0163741 1.17317e-05
4.80722 0.0163742 5.01886e-06
4.82563 0.0163743 3.92919e-06
4.84402 0.0163743 3.58781e-06
4.86255 0.0163743 -1.5829e-06
4.88094 0.0163741 -1.22958e-05
4.89911 0.0163737 -1.89173e-05
4.91733 0.0163735 -1.32612e-05
4.93559 0.0163735 6.45077e-07
4.95375 0.0163738 1.46301e-05
4.97197 0.0163742 2.49169e-05
4.9903 0.0163748 3.20415e-05
5.00869 0.0163755 3.70065e-05
5.02717 0.0163762 3.98118e-05
5.0458 0.016377 3.96504e-05
5.06444 0.0163776 3.23673e-05
5.08328 0.0163778 1.34218e-05
5.10186 0.0163775 -1.60306e-05
5.1203 0.0163766 -4.88954e-05
5.13878 0.0163752 -7.83671e-05
5.15743 0.0163733 -0.000102848
5.17555 0.016371 -0.000123844
5.19352 0.0163685 -0.000140008
5.21163 0.0163659 -0.000143862
5.22971 0.0163635 -0.000134034
5.24791 0.0163615 -0.000109613
5.2662 0.0163601 -7.48917e-05
5.28463 0.0163594 -3.85521e-05
5.30324 0.0163593 -8.23295e-06
5.32205 0.0163596 1.59528e-05
5.34085 0.0163603 3.71602e-05
5.35944 0.0163613 5.59211e-05
5.37803 0.0163626 6.998e-05
5.39683 0.0163641 7.91389e-05
5.41588 0.0163657 8.50503e-05
5.4347 0.0163674 8.79157e-05
5.45338 0.016369 8.71631e-05
5.47203 0.0163705 7.91328e-05
5.49069 0.0163716 6.016e-05
5.50942 0.0163722 3.31499e-05
5.52807 0.0163723 5.03746e-06
5.54661 0.0163719 -2.0743e-05
5.56498 0.0163711 -4.4873e-05
5.58341 0.0163698 -6.87496e-05
5.60211 0.0163682 -8.70727e-05
5.62124 0.0163664 -9.39779e-05
5.64023 0.0163647 -8.92124e-05
5.65909 0.0163633 -7.48692e-05
5.6779 0.0163622 -5.6514e-05
5.6965 0.0163615 -4.11922e-05
5.71494 0.0163609 -3.00208e-05
5.73331 0.0163606 -1.77582e-05
5.75168 0.0163605 -4.82977e-06
5.77004 0.0163605 2.80738e-06
5.78826 0.0163605 -1.02571e-07
5.80643 0.0163604 -8.77839e-06
5.82481 0.0163601 -1.41764e-05
5.84349 0.0163599 -1.30558e-05
5.86241 0.0163597 -8.73807e-06
5.88137 0.0163596 -7.42655e-06
5.9002 0.0163593 -1.44875e-05
5.91903 0.0163588 -2.50226e-05
5.93771 0.0163582 -3.25412e-05
5.95634 0.0163575 -3.70261e-05
5.97469 0.0163567 -4.36207e-05
5.99286 0.0163558 -5.27796e-05
6.01102 0.0163547 -6.04249e-05
6.02923 0.0163535 -6.35762e-05
6.04751 0.0163524 -6.12875e-05
6.06581 0.0163514 -5.62073e-05
6.08411 0.0163504 -5.24915e-05
6.1024 0.0163494 -5.27515e-05
6.12064 0.0163484 -5.61285e-05
6.13882 0.0163473 -6.16178e-05
6.15696 0.0163461 -6.85759e-05
6.1751 0.0163447 -7.59679e-05
6.19333 0.0163432 -8.21522e-05
6.21168 0.0163416 -8.44748e-05
6.22996 0.0163401 -8.32054e-05
6.24815 0.0163386 -8.11637e-05
6.26643 0.0163371 -8.19231e-05
6.2848 0.0163355 -8.75437e-05
6.30297 0.0163337 -9.82256e-05
6.32087 0.0163317 -0.000111888
6.33854 0.0163295 -0.000128008
6.35607 0.0163269 -0.000145388
6.37365 0.0163241 -0.000160041
6.39136 0.0163211 -0.000168205
6.40925 0.0163181 -0.000167094
6.4273 0.0163154 -0.000154291
6.44544 0.016313 -0.000130979
6.4636 0.0163111 -0.000102721
6.48169 0.0163098 -7.51297e-05
6.49966 0.0163088 -5.09642e-05
6.51749 0.0163083 -3.28055e-05
6.53518 0.0163079 -2.27455e-05
6.55282 0.0163075 -2.07275e-05
6.57049 0.0163071 -2.37672e-05
6.58825 0.0163066 -2.88476e-05
6.6061 0.016306 -3.32696e-05
6.624 0.0163053 -3.60585e-05
6.64188 0.0163046 -3.90159e-05
6.65969 0.0163038 -4.51608e-05
6.67738 0.0163028 -5.51101e-05
6.69495 0.0163017 -6.55488e-05
6.71244 0.0163004 -7.39109e-05
6.72992 0.016299 -7.83821e-05
6.74751 0.0162977 -7.60079e-05
6.76527 0.0162965 -6.46297e-05
6.78325 0.0162957 -4.71107e-05
6.80132 0.0162952 -2.55481e-05
6.81927 0.0162952 -1.492e-06
6.83722 0.0162956 2.27238e-05
6.85524 0.0162964 4.40421e-05
6.87308 0.0162975 6.02335e-05
6.8907 0.0162988 7.22877e-05
6.90813 0.0163002 8.18764e-05
6.92543 0.0163018 9.08688e-05
6.94267 0.0163035 0.000100445
6.95994 0.0163054 0.000111144
6.9773 0.0163075 0.000121978
6.99478 0.0163098 0.000132215
7.01235 0.0163123 0.000141918
7.02996 0.016315 0.000149891
7.04756 0.0163177 0.00015261
7.06508 0.0163202 0.000146622
7.0825 0.0163225 0.000131465
7.09979 0.0163244 0.000108897
7.117 0.0163258 8.14268e-05
7.13416 0.0163267 5.22899e-05
7.15133 0.0163271 2.50817e-05
7.16856 0.0163272 1.87793e-06
7.18587 0.0163269 -1.34119e-05
7.20326 0.0163266 -1.74271e-05
7.22075 0.0163265 -8.72955e-06
7.23832 0.0163267 1.25928e-05
7.25596 0.0163275 4.52271e-05
7.27369 0.016329 8.73535e-05
7.29149 0.0163315 0.000135748
7.30936 0.0163348 0.000186518
7.32728 0.016339 0.000235332
7.34522 0.016344 0.000278432
7.36313 0.0163496 0.000312373
7.38098 0.0163556 0.00033446
7.39872 0.0163616 0.00034293
7.41635 0.0163676 0.00033694
7.43386 0.0163731 0.000316466
7.4513 0.0163781 0.000283921
7.46869 0.0163823 0.000240724
7.48608 0.0163856 0.000189677
7.50352 0.0163879 0.000135125
7.52104 0.0163894 8.19045e-05
7.53866 0.01639 3.61751e-05
7.55634 0.0163901 3.58646e-06
7.57405 0.0163898 -1.3963e-05
7.59174 0.0163895 -1.904e-05
7.60936 0.0163892 -1.66609e-05
7.6269 0.016389 -1.23057e-05
7.64433 0.0163888 -7.51338e-06
7.66166 0.0163888 -2.2944e-06
7.67893 0.0163888 3.28016e-06
7.69622 0.016389 7.8706e-06
7.71361 0.0163892 1.21928e-05
7.73118 0.0163895 1.76861e-05
7.74894 0.0163899 2.36698e-05
7.76686 0.0163905 3.05564e-05
7.78486 0.0163912 3.96481e-05
7.80286 0.0163921 5.17146e-05
7.82074 0.0163933 6.51107e-05
7.83845 0.0163946 7.65063e-05
7.85592 0.0163961 8.39619e-05
7.8732 0.0163976 8.82354e-05
7.89034 0.0163992 8.97603e-05
7.90742 0.0164007 8.86163e-05
7.92454 0.0164021 8.39443e-05
7.94178 0.0164034 7.50496e-05
7.95918 0.0164045 6.16038e-05
7.97671 0.0164053 4.63391e-05
7.99434 0.0164059 3.23143e-05
8.01197 0.0164062 2.10257e-05
8.02953 0.0164064 1.17842e-05
8.04696 0.0164065 3.58734e-06
8.06428 0.0164064 -4.99207e-06
8.08149 0.0164062 -1.40088e-05
8.09866 0.0164059 -1.76032e-05
8.11584 0.0164056 -1.51136e-05
8.1331 0.0164054 -1.13909e-05
8.15051 0.0164053 -9.61207e-06
8.16816 0.0164051 -9.23248e-06
8.18609 0.0164049 -1.05704e-05
8.20396 0.0164047 -1.38531e-05
8.22184 0.0164044 -1.37308e-05
8.2398 0.0164043 -8.0373e-06
8.25785 0.0164043 1.20416e-07
8.27565 0.0164043 3.4126e-06
8.29317 0.0164043 -1.11407e-08
8.31045 0.0164042 -1.00983e-05
8.32754 0.0164038 -1.77802e-05
8.34455 0.0164036 -1.68933e-05
8.36164 0.0164033 -1.44303e-05
8.37895 0.016403 -1.80466e-05
8.39656 0.0164025 -2.95556e-05
8.41433 0.0164017 -4.45645e-05
8.43204 0.0164007 -5.37341e-05
8.44975 0.0163998 -5.43148e-05
8.4675 0.0163989 -5.08988e-05
8.48534 0.016398 -5.07088e-05
8.50321 0.016397 -5.41057e-05
8.52046 0.0163959 -6.21229e-05
8.53731 0.0163946 -7.76714e-05
8.5542 0.0163931 -8.7557e-05
8.57147 0.0163917 -8.1415e-05
8.589 0.0163906 -6.76729e-05
8.60679 0.0163895 -5.67407e-05
8.62461 0.0163886 -5.35514e-05
8.64253 0.0163876 -5.34448e-05
8.66059 0.0163867 -4.95508e-05
8.67882 0.016386 -4.29787e-05
8.69687 0.0163852 -3.95871e-05
8.7149 0.0163844 -4.36323e-05
8.73321 0.0163834 -5.93834e-05
8.7515 0.0163818 -8.45252e-05
8.76925 0.0163798 -0.000113527
8.78682 0.0163774 -0.000133998
8.80465 0.016375 -0.000139597
8.82291 0.0163724 -0.000139427
8.84104 0.0163698 -0.000142548
8.85916 0.0163671 -0.000152132
8.87733 0.0163641 -0.00016342
8.89561 0.016361 -0.00017065
8.91396 0.0163578 -0.000173755
8.93214 0.0163546 -0.000176967
8.95047 0.0163512 -0.000184821
8.9691 0.0163475 -0.000199711
8.98725 0.0163435 -0.000218153
9.0051 0.0163394 -0.000227967
9.02303 0.0163355 -0.000220852
9.04137 0.0163318 -0.000202365
9.05962 0.0163284 -0.000184669
