t x vx
0.01 0.0164977 -0.000232642
0.02 0.0164888 -0.000882818
0.0278288 0.0164777 -0.00141792
0.0360775 0.0164614 -0.00198052
0.0444947 0.0164398 -0.00256461
0.0531014 0.0164125 -0.00317728
0.0617928 0.0163794 -0.00380679
0.0704867 0.0163411 -0.00440554
0.0792457 0.0162979 -0.00493439
0.0879954 0.016251 -0.0053563
0.0966737 0.0162026 -0.00557318
0.105294 0.0161536 -0.00568586
0.11379 0.0161058 -0.00563448
0.121794 0.0160623 -0.00543242
0.129884 0.0160203 -0.0051885
0.137822 0.0159817 -0.00486197
0.145503 0.0159476 -0.00443675
0.153187 0.0159172 -0.00395767
0.161493 0.0158888 -0.00342568
0.169875 0.0158655 -0.00277832
0.178123 0.0158484 -0.00207197
0.186654 0.0158366 -0.00137516
0.19526 0.0158303 -0.000736193
0.203935 0.015829 -0.000156242
0.212641 0.0158325 0.000404798
0.221341 0.0158404 0.000911394
0.22982 0.0158517 0.00133543
0.238063 0.0158656 0.00168553
0.245956 0.0158805 0.00188433
0.253826 0.0158961 0.00198723
0.261568 0.0159117 0.00200716
0.269175 0.0159268 0.00199435
0.276938 0.0159415 0.00188352
0.284743 0.0159546 0.00168727
0.292785 0.0159658 0.00138239
0.300687 0.0159738 0.0010209
0.308491 0.0159788 0.000641986
0.316278 0.0159812 0.000300872
0.32407 0.0159816 5.98071e-05
0.331885 0.0159813 -3.78518e-05
0.339749 0.0159815 1.72789e-05
0.347674 0.0159833 0.000226672
0.355667 0.0159877 0.000549422
0.363666 0.0159954 0.000970612
0.371329 0.0160067 0.00147527
0.378883 0.0160224 0.0020681
0.386379 0.0160429 0.00273832
0.394035 0.0160696 0.00348746
0.401658 0.0161021 0.00426769
0.409392 0.0161412 0.00504853
0.417577 0.0161889 0.0058278
0.425832 0.0162428 0.00653657
0.433996 0.0163014 0.00716916
0.441983 0.0163629 0.00770549
0.449829 0.0164268 0.00813916
0.457593 0.0164924 0.00845473
0.465425 0.01656 0.00863671
0.473414 0.0166293 0.00867226
0.481308 0.0166968 0.00855118
0.489032 0.0167608 0.00828006
0.496642 0.0168209 0.00789893
0.504179 0.016877 0.0074406
0.511701 0.0169291 0.00693108
0.519271 0.0169775 0.00639707
0.526932 0.0170223 0.00584503
0.534645 0.0170634 0.00533035
0.542462 0.0171012 0.0048316
0.550416 0.0171357 0.0043426
0.558353 0.0171667 0.0038978
0.566158 0.017194 0.00349992
0.573922 0.0172184 0.0031439
0.581804 0.0172408 0.00284775
0.589076 0.01726 0.00263595
0.596148 0.0172778 0.00251732
0.603519 0.0172964 0.00252073
0.610976 0.0173159 0.00261856
0.618584 0.0173368 0.00274565
0.626317 0.0173594 0.00292413
0.634212 0.0173845 0.00318074
0.642477 0.0174134 0.00349684
0.650587 0.0174444 0.00382267
0.658505 0.0174772 0.00413797
0.666272 0.0175115 0.0044131
0.673952 0.0175472 0.00464716
0.681646 0.0175848 0.00488392
0.689429 0.0176243 0.00508466
0.69681 0.0176628 0.00520723
0.704191 0.0177018 0.0052947
0.711729 0.0177423 0.00536472
0.719516 0.0177841 0.00536876
0.727268 0.017825 0.00527646
0.735123 0.0178652 0.00511347
0.742923 0.0179038 0.00495716
0.750548 0.0179406 0.0048236
0.758012 0.0179756 0.00468434
0.765403 0.0180089 0.00450767
0.772873 0.018041 0.00429466
0.780509 0.0180722 0.0040901
0.788154 0.0181023 0.00393805
0.795343 0.0181296 0.00379206
0.802504 0.0181556 0.00364134
0.809848 0.0181813 0.00349362
0.817479 0.0182069 0.00335334
0.825046 0.018232 0.00331969
0.832266 0.0182561 0.00333236
0.839197 0.0182794 0.00336164
0.846241 0.0183033 0.00340222
0.853686 0.0183291 0.00346785
0.861102 0.0183553 0.0035286
0.868784 0.0183827 0.00356032
0.876089 0.0184087 0.00356512
0.883423 0.0184347 0.00355006
0.891086 0.0184619 0.0035426
0.898932 0.0184896 0.00353474
0.906714 0.0185172 0.00354362
0.914489 0.0185447 0.00353172
0.922071 0.018571 0.00347709
0.929739 0.0185969 0.00338065
0.937651 0.0186225 0.0032336
0.945289 0.0186459 0.00306479
0.952792 0.0186672 0.0028334
0.960442 0.0186872 0.00261763
0.968026 0.0187054 0.00239248
0.975297 0.0187213 0.00218836
0.982432 0.0187355 0.00199408
0.989674 0.0187489 0.00184755
0.997097 0.0187614 0.00167951
1.00448 0.018772 0.00144136
1.012 0.0187805 0.00112717
1.01944 0.0187866 0.000818081
1.02708 0.0187908 0.000551025
1.03508 0.0187932 0.000298898
1.04315 0.0187938 7.6357e-05
1.05111 0.0187928 -0.000116622
1.05901 0.0187909 -0.000240487
1.06683 0.0187886 -0.000299885
1.07422 0.0187861 -0.00033254
1.08141 0.0187837 -0.000334648
1.08872 0.0187816 -0.000296874
1.09618 0.0187795 -0.000279312
1.10366 0.0187773 -0.000293697
1.11115 0.0187751 -0.00029748
1.11865 0.0187728 -0.00030797
1.12612 0.0187703 -0.000331046
1.13357 0.0187675 -0.000369262
1.14103 0.0187643 -0.000426423
1.14853 0.0187606 -0.000501384
1.15608 0.0187561 -0.00059889
1.16356 0.0187506 -0.000727771
1.17093 0.0187442 -0.000870124
1.17824 0.0187368 -0.00100753
1.18553 0.0187286 -0.00112412
1.19287 0.0187197 -0.0012165
1.20029 0.0187102 -0.00128275
1.20782 0.0187002 -0.00132482
1.21523 0.0186904 -0.00133128
1.22257 0.0186809 -0.00129005
1.22994 0.0186718 -0.00123542
1.23746 0.0186629 -0.00117595
1.24516 0.0186543 -0.00111822
1.25288 0.0186461 -0.00106981
1.26063 0.018638 -0.00103754
1.26858 0.0186301 -0.000997168
1.27648 0.0186225 -0.00095857
1.28438 0.0186154 -0.00090717
1.29215 0.0186087 -0.000853258
1.29955 0.0186027 -0.000809744
1.3068 0.0185974 -0.000739393
1.31398 0.0185926 -0.000670205
1.32115 0.0185881 -0.000619388
1.32835 0.0185842 -0.000547756
1.3356 0.0185807 -0.000484233
1.34298 0.0185771 -0.000482435
1.35049 0.0185731 -0.000537962
1.35812 0.0185686 -0.000591999
1.36614 0.0185632 -0.000667675
1.37416 0.0185569 -0.000785842
1.38223 0.0185494 -0.000931713
1.39017 0.0185411 -0.00104144
1.39797 0.0185323 -0.00112901
1.4057 0.0185229 -0.00122243
1.41341 0.0185127 -0.00131814
1.42116 0.0185017 -0.00141825
1.42868 0.0184902 -0.00152469
1.43588 0.0184787 -0.00160731
1.44318 0.0184669 -0.00161598
1.45088 0.0184551 -0.0015224
1.45884 0.0184445 -0.00133989
1.46686 0.0184356 -0.00110352
1.47488 0.0184291 -0.000811903
1.48291 0.0184247 -0.000553435
1.49091 0.0184223 -0.000297675
1.49885 0.0184218 -6.01236e-05
1.50675 0.0184224 6.91727e-05
1.51462 0.0184235 0.000148508
1.5224 0.018425 0.000188041
1.53006 0.0184266 0.000204199
1.53768 0.0184285 0.000250992
1.54527 0.0184303 0.000238603
1.55288 0.0184318 0.00020244
1.56046 0.0184327 0.00011455
1.56807 0.0184328 2.03011e-05
1.57582 0.0184321 -9.22185e-05
1.58351 0.0184306 -0.000198106
1.59111 0.0184283 -0.000299391
1.59871 0.0184253 -0.000392718
1.60589 0.0184218 -0.000498867
1.61314 0.0184175 -0.00058729
1.62076 0.0184126 -0.000638119
1.62836 0.0184082 -0.000583367
1.63574 0.0184047 -0.00048148
1.64303 0.0184024 -0.000307742
1.65015 0.0184014 -0.000143888
1.65716 0.0184012 -2.17031e-05
1.66425 0.0184025 0.000171781
1.67162 0.0184053 0.00038114
1.67908 0.0184094 0.000558629
1.68661 0.0184146 0.000689107
1.69425 0.0184204 0.000763305
1.70206 0.0184263 0.000754904
1.70937 0.018431 0.00063406
1.71682 0.0184351 0.00055263
1.72467 0.0184387 0.000458141
1.73271 0.018441 0.000287244
1.74083 0.0184418 0.000103262
1.74891 0.0184411 -8.88262e-05
1.75694 0.0184395 -0.00020501
1.76466 0.0184374 -0.000267145
1.77259 0.0184348 -0.000330224
1.78054 0.0184318 -0.000382171
1.78842 0.0184278 -0.000502082
1.79593 0.0184227 -0.000672745
1.80308 0.0184171 -0.000795916
1.81046 0.0184107 -0.000858761
1.81814 0.0184043 -0.000837851
1.82601 0.0183983 -0.000765719
1.83388 0.0183933 -0.000626896
1.84181 0.0183895 -0.000488214
1.84981 0.0183866 -0.000362979
1.85777 0.0183846 -0.000249571
1.86564 0.0183835 -0.000134287
1.87344 0.0183833 -2.51189e-05
1.88117 0.0183836 3.94062e-05
1.88872 0.0183843 8.46747e-05
1.89612 0.0183852 0.000131549
1.90344 0.0183868 0.000212156
1.91078 0.018389 0.000296279
1.91824 0.0183916 0.000359523
1.9257 0.0183948 0.000420268
1.93327 0.0183983 0.000469303
1.94099 0.0184021 0.000489406
1.94895 0.0184057 0.000458278
1.95683 0.0184087 0.000375846
1.96427 0.0184105 0.000246588
1.9717 0.0184113 0.00010735
1.97936 0.0184113 -1.18565e-05
1.98702 0.0184106 -9.03368e-05
1.99469 0.0184091 -0.000187571
2.00244 0.0184068 -0.000297033
2.01013 0.0184036 -0.000412498
2.01765 0.0184003 -0.000440003
2.02514 0.0183974 -0.000389091
2.03273 0.0183948 -0.000345033
2.0405 0.0183926 -0.000289683
2.04822 0.0183908 -0.000232298
2.0554 0.0183894 -0.000192806
2.06244 0.0183883 -0.000156022
2.06971 0.0183871 -0.000156209
2.0774 0.0183865 -7.90181e-05
2.08539 0.018387 5.48532e-05
2.09305 0.0183881 0.000147591
2.10043 0.01839 0.000260133
2.10758 0.0183924 0.000326537
2.11463 0.0183951 0.000385891
2.12171 0.0183984 0.000465519
2.12893 0.0184023 0.000548576
2.13642 0.018407 0.000618733
2.14409 0.0184117 0.000610709
2.15181 0.0184156 0.000509139
2.15938 0.0184185 0.000389926
2.16677 0.0184206 0.000274782
2.17427 0.018422 0.000184858
2.18206 0.0184227 9.62269e-05
2.19009 0.0184225 -2.1859e-05
2.19801 0.0184216 -0.000116874
2.20606 0.0184201 -0.000192641
2.21422 0.0184177 -0.000286184
2.22231 0.0184149 -0.00035164
2.23036 0.0184113 -0.000443091
2.23797 0.0184072 -0.000543747
2.24526 0.0184027 -0.000617814
2.25262 0.0183979 -0.000648436
2.26008 0.0183935 -0.000591458
2.26752 0.0183898 -0.000490095
2.27503 0.0183873 -0.000338674
2.28273 0.018386 -0.000161263
2.29059 0.0183862 1.32839e-05
2.29847 0.0183875 0.00017605
2.30639 0.0183901 0.000320524
2.31437 0.0183937 0.000455363
2.32238 0.0183978 0.000510765
2.33022 0.0184017 0.00050194
2.33783 0.0184053 0.00046419
2.34557 0.0184089 0.000470934
2.35338 0.0184125 0.000462422
2.36111 0.0184161 0.000456783
2.36881 0.0184195 0.000444139
2.37658 0.0184231 0.000463634
2.38446 0.0184271 0.000505894
2.39233 0.0184313 0.000536121
2.40024 0.0184355 0.000530248
2.40819 0.0184392 0.000467484
2.41553 0.0184418 0.000359682
2.42283 0.0184435 0.000227861
2.43033 0.0184442 9.71007e-05
2.43818 0.0184447 6.24376e-05
2.4462 0.0184447 -8.28608e-06
2.45411 0.0184448 2.41426e-05
2.462 0.018445 2.08733e-05
2.46985 0.0184452 2.16141e-05
2.47751 0.0184462 0.000127979
2.48508 0.0184479 0.000236399
2.49275 0.0184505 0.000331257
2.50057 0.0184533 0.000359727
2.50841 0.0184559 0.000329137
2.51626 0.0184576 0.000213244
2.52392 0.0184582 8.14907e-05
2.53174 0.0184581 -4.97624e-06
2.53977 0.018457 -0.000136213
2.548 0.0184549 -0.000256172
2.55608 0.0184509 -0.000497688
2.56429 0.0184457 -0.000636151
2.57237 0.0184397 -0.000738831
2.5804 0.0184328 -0.000866697
2.58835 0.018425 -0.000977551
2.59628 0.0184163 -0.00109296
2.60371 0.0184075 -0.0011869
2.61105 0.0183985 -0.00123168
2.61851 0.0183896 -0.00119434
2.6262 0.0183813 -0.00107353
2.6339 0.0183741 -0.000937083
2.64153 0.0183683 -0.000754913
2.64915 0.0183639 -0.000575299
2.65681 0.0183609 -0.000394637
2.66456 0.0183591 -0.000231856
2.67242 0.0183582 -0.000119543
2.68035 0.0183575 -8.19011e-05
2.68825 0.0183566 -0.000114544
2.69575 0.0183555 -0.000151015
2.70322 0.0183544 -0.000146487
2.71072 0.0183536 -0.00010495
2.71815 0.0183531 -6.86602e-05
2.72565 0.018353 -1.6762e-05
2.73317 0.0183532 2.63948e-05
2.74069 0.0183537 7.42479e-05
2.74827 0.0183545 0.000104426
2.756 0.0183553 0.000101364
2.76392 0.0183557 4.43899e-05
2.77142 0.0183552 -6.46495e-05
2.77886 0.0183539 -0.000170894
2.78646 0.0183522 -0.000226715
2.7943 0.0183506 -0.000207943
2.80227 0.018349 -0.000199358
2.80965 0.0183479 -0.000147146
2.81667 0.0183469 -0.00014301
2.82354 0.0183463 -7.943e-05
2.83037 0.0183465 3.11974e-05
2.83734 0.0183475 0.000133014
2.84445 0.018349 0.000213337
2.85174 0.0183508 0.00025409
2.85932 0.0183529 0.000266993
2.86655 0.0183549 0.000278111
2.87394 0.0183572 0.000312329
2.88165 0.01836 0.000371008
2.88968 0.0183631 0.000382062
2.89769 0.0183661 0.000370185
2.90578 0.0183682 0.000267904
2.91384 0.0183697 0.000177967
2.92181 0.0183709 0.000154981
2.9298 0.0183719 0.000126869
2.93777 0.0183728 0.000109994
2.94559 0.0183735 9.20747e-05
2.95316 0.0183737 2.94301e-05
2.96033 0.0183736 -1.9809e-05
2.96765 0.0183731 -7.05126e-05
2.9753 0.0183726 -6.36402e-05
2.98298 0.0183726 4.65291e-06
2.99067 0.0183735 0.000113273
2.99837 0.018375 0.000197754
3.00614 0.018377 0.000257254
3.01397 0.0183793 0.000295582
3.02175 0.0183819 0.000333596
3.02955 0.0183842 0.000295242
3.03741 0.0183858 0.000198115
3.04518 0.0183864 8.11486e-05
3.05284 0.0183864 -4.88969e-06
3.06021 0.0183859 -6.40832e-05
3.06771 0.0183852 -9.73063e-05
3.07537 0.0183844 -9.80675e-05
3.08306 0.0183837 -9.65624e-05
3.09078 0.018383 -9.05666e-05
3.09863 0.0183822 -9.58985e-05
3.10648 0.0183813 -0.000115053
3.1143 0.0183801 -0.000152494
3.12206 0.0183786 -0.000198332
3.12981 0.0183768 -0.000229907
3.13775 0.0183753 -0.000193365
3.14571 0.018374 -0.000165967
3.15359 0.0183734 -7.56268e-05
3.16142 0.0183733 -1.12867e-05
3.16926 0.0183739 8.17202e-05
3.17701 0.0183757 0.000233949
3.18471 0.0183787 0.000383605
3.19244 0.0183826 0.000501973
3.20026 0.018387 0.00057018
3.20792 0.0183915 0.000579206
3.21524 0.0183955 0.000557183
3.22268 0.0183994 0.000522556
3.23037 0.0184032 0.000488854
3.23839 0.0184069 0.000456309
3.24649 0.01841 0.000382725
3.25471 0.0184118 0.00022314
3.26266 0.0184124 7.77029e-05
3.27045 0.0184122 -2.76247e-05
3.2784 0.0184113 -0.000107967
3.28617 0.0184102 -0.000150834
3.2938 0.0184088 -0.000177048
3.30132 0.0184069 -0.000255044
3.30836 0.0184046 -0.000318489
3.31546 0.0184022 -0.000347106
3.323 0.0184001 -0.000282919
3.33069 0.0183987 -0.000170502
3.33848 0.0183984 -4.50637e-05
3.3463 0.0183988 5.79473e-05
3.35419 0.0184 0.000145823
3.36221 0.0184018 0.000231735
3.37023 0.0184042 0.000296464
3.37818 0.0184065 0.000291238
3.38607 0.0184089 0.000302865
3.3939 0.0184109 0.000254718
3.40134 0.0184121 0.000164008
3.40853 0.0184128 9.34731e-05
3.41561 0.0184132 5.92118e-05
3.42274 0.0184138 7.30456e-05
3.43005 0.0184144 8.36357e-05
3.43767 0.0184149 6.86749e-05
3.44554 0.0184155 7.61725e-05
3.45349 0.0184162 9.27696e-05
3.46147 0.0184166 4.46233e-05
3.46954 0.0184163 -3.83326e-05
3.47756 0.0184152 -0.000138784
3.48497 0.0184132 -0.000259016
3.49244 0.0184107 -0.000343436
3.50012 0.0184079 -0.000364537
3.50798 0.0184055 -0.00030568
3.51581 0.0184037 -0.000232402
3.52345 0.0184027 -0.000121508
3.53104 0.0184029 2.20876e-05
3.53866 0.0184043 0.000182571
3.54637 0.0184068 0.000331879
3.55422 0.0184104 0.000447912
3.56205 0.0184145 0.000527149
3.56931 0.0184185 0.000557026
3.57656 0.0184226 0.000565487
3.584 0.0184269 0.000566279
3.59175 0.0184314 0.000585265
3.59969 0.0184361 0.000592154
3.60764 0.0184408 0.000598958
3.61542 0.018445 0.000532925
3.62299 0.0184483 0.000441076
3.63042 0.0184513 0.000405377
3.63777 0.018454 0.000365009
3.64515 0.0184562 0.000298264
3.65254 0.0184581 0.000252381
3.65993 0.0184592 0.00015221
3.66716 0.018459 -3.52349e-05
3.67422 0.0184571 -0.000263997
3.68169 0.0184535 -0.000482999
3.68941 0.0184476 -0.000763671
3.69682 0.01844 -0.00102663
3.70399 0.0184305 -0.00131972
3.71104 0.0184197 -0.00154063
3.71803 0.0184076 -0.00171977
3.72498 0.0183949 -0.00183687
3.73189 0.0183817 -0.00190743
3.73871 0.0183685 -0.00194146
3.7454 0.0183554 -0.00195896
3.75189 0.0183428 -0.00194114
3.75819 0.0183308 -0.00189701
3.76435 0.0183198 -0.00178618
3.77042 0.0183101 -0.00160393
3.77642 0.0183018 -0.0013803
3.78239 0.0182949 -0.00115777
3.78834 0.0182893 -0.000941894
3.79428 0.0182848 -0.000753571
3.80022 0.0182812 -0.000601012
3.80618 0.0182783 -0.000482911
3.81215 0.0182758 -0.000432217
3.81816 0.0182732 -0.000425669
3.82422 0.0182708 -0.000404505
