t x vx
0.01 0.0164748 -0.00252131
0.02 0.0163958 -0.00789467
0.0262982 0.0163245 -0.0113298
0.0331539 0.0162221 -0.0149315
0.0401376 0.016093 -0.0184893
0.0471394 0.0159403 -0.0218077
0.054277 0.0157624 -0.024919
0.0614105 0.0155654 -0.0276247
0.068515 0.0153535 -0.0298169
0.0755934 0.0151306 -0.03149
0.0826709 0.0149004 -0.0325348
0.089748 0.0146686 -0.0327543
0.0968317 0.0144408 -0.032151
0.103923 0.0142228 -0.0307536
0.110735 0.0140275 -0.0286575
0.11771 0.0138478 -0.0257737
0.124483 0.0136962 -0.0223756
0.131392 0.0135691 -0.018402
0.138179 0.0134725 -0.0142256
0.141068 0.0134368 -0.0123628
0.143613 0.0134097 -0.0106515
0.146163 0.0133871 -0.0088584
0.148721 0.0133692 -0.00700105
0.151289 0.0133559 -0.00516809
0.153876 0.0133473 -0.00333943
0.156484 0.0133435 -0.00145749
0.159244 0.013345 0.000556996
0.161965 0.0133519 0.00253021
0.164661 0.0133638 0.00441015
0.167335 0.0133808 0.00634785
0.170021 0.0134031 0.00830282
0.172695 0.0134304 0.0102288
0.175364 0.0134628 0.0121179
0.178042 0.0135002 0.0139923
0.184736 0.0136241 0.0185035
0.19144 0.0137743 0.0223995
0.19893 0.0139716 0.0263394
0.206174 0.0141882 0.0299088
0.213484 0.0144308 0.033179
0.220808 0.0146946 0.0360187
0.228165 0.0149773 0.0384339
0.235469 0.0152721 0.0403638
0.242781 0.0155776 0.0417711
0.250078 0.0158883 0.0425905
0.257282 0.0161965 0.042783
0.264488 0.016502 0.0423872
0.271647 0.0167986 0.0414323
0.278718 0.0170806 0.0398815
0.285703 0.0173447 0.0378066
0.292602 0.0175883 0.0353086
0.299363 0.0178087 0.0325937
0.306199 0.0180108 0.0295788
0.312644 0.0181819 0.0265368
0.319403 0.0183385 0.0231725
0.326081 0.0184701 0.0197067
0.332835 0.0185791 0.0161432
0.339383 0.0186619 0.0126467
0.345937 0.0187218 0.00913419
0.352518 0.0187588 0.00562013
0.359167 0.0187729 0.00211872
0.365897 0.0187642 -0.00129253
0.372717 0.0187333 -0.00452662
0.379588 0.0186817 -0.00750447
0.386759 0.0186081 -0.0102697
0.393932 0.0185178 -0.0125825
0.400908 0.0184176 -0.0143732
0.407851 0.0183086 -0.0157021
0.415129 0.0181881 -0.0165554
0.422394 0.018066 -0.0168005
0.429591 0.0179479 -0.016417
0.436689 0.0178378 -0.0155071
0.443682 0.017739 -0.0141225
0.450606 0.0176534 -0.0123675
0.457453 0.0175831 -0.0102685
0.464001 0.0175307 -0.00800476
0.470538 0.0174942 -0.00557494
0.476933 0.017475 -0.00300667
0.482879 0.0174721 -0.000491067
0.488841 0.0174846 0.00209462
0.494748 0.0175124 0.00470425
0.500855 0.0175575 0.00739521
0.506986 0.0176195 0.0101111
0.513264 0.0177001 0.0128342
0.519721 0.0178001 0.0154838
0.526279 0.0179178 0.0179547
0.532867 0.0180505 0.020135
0.539467 0.0181951 0.0219162
0.546062 0.0183482 0.0232148
0.552615 0.0185052 0.0239603
0.559168 0.0186634 0.0241443
0.565794 0.0188206 0.0237162
0.572576 0.0189746 0.0227178
0.579236 0.0191164 0.0212863
0.585925 0.019247 0.0195128
0.592434 0.0193615 0.0176051
0.598917 0.0194632 0.0156786
0.605108 0.0195482 0.0137354
0.607745 0.0195822 0.0128955
0.610195 0.0196119 0.0121217
0.612905 0.0196425 0.0112736
0.61579 0.0196724 0.0103734
0.618668 0.0196997 0.0094985
0.62158 0.0197248 0.00862379
0.624412 0.0197469 0.00778865
0.62682 0.019764 0.00708113
0.629124 0.0197787 0.00640008
0.631528 0.0197924 0.00569027
0.634164 0.0198053 0.00491575
0.636751 0.0198161 0.00415761
0.639314 0.0198249 0.00342292
0.641814 0.0198317 0.00272409
0.644261 0.0198367 0.00205169
0.646677 0.0198401 0.00140206
0.649088 0.019842 0.00078432
0.651507 0.0198425 0.000212802
0.653942 0.0198418 -0.00029943
0.656396 0.0198399 -0.000755545
0.658862 0.019837 -0.0011695
0.661334 0.0198332 -0.00154341
0.663847 0.0198285 -0.00188554
0.666395 0.0198229 -0.00220004
0.668979 0.0198164 -0.00248957
0.671607 0.0198092 -0.00276036
0.674288 0.0198011 -0.00301895
0.67703 0.0197921 -0.00326434
0.679847 0.0197823 -0.00349226
0.682752 0.0197716 -0.00369736
0.685762 0.0197599 -0.00387929
0.688817 0.0197476 -0.00402539
0.691862 0.019735 -0.00412422
0.694896 0.0197224 -0.00416886
0.697913 0.0197098 -0.00415438
0.700917 0.0196976 -0.00408535
0.703908 0.0196857 -0.00396185
0.70687 0.0196746 -0.00376092
0.709789 0.0196644 -0.00348206
0.712666 0.0196554 -0.00313633
0.715509 0.0196476 -0.00273338
0.718327 0.0196412 -0.00227994
0.721136 0.0196362 -0.00178002
0.723946 0.0196327 -0.00123416
0.726777 0.0196309 -0.000643872
0.729605 0.0196309 -1.45934e-05
0.732432 0.0196327 0.0006561
0.735261 0.0196366 0.00136781
0.738069 0.0196425 0.00210686
0.740845 0.0196504 0.00285855
0.743555 0.0196602 0.00361017
0.746236 0.0196719 0.00437094
0.748893 0.0196856 0.00513885
0.75153 0.0197012 0.00591332
0.754176 0.0197189 0.00670076
0.756858 0.019739 0.0075049
0.759527 0.0197612 0.00831597
0.762177 0.0197855 0.00913858
0.764809 0.0198117 0.00997503
0.767422 0.01984 0.0108131
0.770017 0.0198701 0.0116311
0.772592 0.0199022 0.0124347
0.77515 0.019936 0.0132088
0.777689 0.0199714 0.0139462
0.780212 0.0200083 0.0146467
0.782719 0.0200467 0.01531
0.785211 0.0200864 0.0159454
0.787689 0.0201274 0.016546
0.790153 0.0201696 0.0170979
0.792605 0.0202127 0.0175899
0.795046 0.0202567 0.0180132
0.797476 0.0203013 0.0183694
0.799899 0.0203465 0.0186625
0.802315 0.0203921 0.018885
0.804726 0.020438 0.0190242
0.807133 0.0204839 0.0190749
0.809538 0.0205297 0.0190426
0.811945 0.0205753 0.0189328
0.814354 0.0206205 0.0187422
0.816769 0.0206651 0.0184691
0.819191 0.0207089 0.0181175
0.821623 0.020752 0.0176922
0.824065 0.020794 0.0171972
0.826521 0.0208348 0.0166334
0.8289 0.0208729 0.0160283
0.831278 0.0209095 0.0153726
0.833683 0.0209448 0.0146764
0.836151 0.0209792 0.0139435
0.838685 0.0210126 0.0131779
0.841237 0.0210442 0.0123929
0.843789 0.0210738 0.0115869
0.846374 0.0211016 0.0107501
0.848974 0.0211273 0.009897
0.851592 0.021151 0.00903666
0.854229 0.0211725 0.00817628
0.856886 0.021192 0.00731085
0.859566 0.0212092 0.00644177
0.862268 0.0212243 0.00556991
0.864992 0.0212371 0.00469277
0.867737 0.0212475 0.00381329
0.870505 0.0212556 0.00293107
0.873294 0.0212614 0.00205094
0.876107 0.0212647 0.00118455
0.878942 0.0212657 0.000342715
0.881798 0.0212643 -0.000465991
0.884621 0.0212609 -0.00122552
0.887453 0.0212554 -0.00194113
0.89034 0.0212478 -0.00262184
0.893228 0.0212384 -0.00325416
0.896114 0.0212273 -0.00384023
0.899025 0.0212145 -0.0043913
0.901913 0.0212004 -0.00490926
0.904766 0.021185 -0.00539706
0.907582 0.0211685 -0.00585271
0.910381 0.0211509 -0.00628075
0.913187 0.0211322 -0.0066826
0.916025 0.0211121 -0.00705692
0.918917 0.0210907 -0.00739642
0.921805 0.0210685 -0.00769082
0.924687 0.0210457 -0.00793349
0.927559 0.0210223 -0.00812157
0.930418 0.0209987 -0.00825163
0.933238 0.0209753 -0.00832485
0.93603 0.020952 -0.00833396
0.938805 0.020929 -0.00827624
0.941365 0.0209081 -0.00817964
0.943841 0.0208882 -0.00802425
0.946195 0.0208698 -0.00782068
0.948472 0.0208526 -0.00757279
0.950678 0.0208365 -0.00728333
0.952838 0.0208215 -0.00695389
0.954966 0.0208075 -0.00659168
0.957085 0.0207943 -0.00619709
0.959216 0.020782 -0.00576925
0.961383 0.0207705 -0.00532895
0.963614 0.0207596 -0.00488831
0.965946 0.0207493 -0.0044024
0.968418 0.0207397 -0.00387442
0.971018 0.0207311 -0.00331541
0.973619 0.020724 -0.00271894
0.97621 0.0207188 -0.00203772
0.978786 0.0207153 -0.00134282
0.981344 0.0207135 -0.000690103
0.983884 0.0207135 -2.09765e-05
0.986411 0.0207152 0.000662543
0.988924 0.0207185 0.00133623
0.991424 0.0207236 0.00202532
0.993914 0.0207303 0.0027174
0.996395 0.0207388 0.0034195
0.998866 0.020749 0.00411596
1.00133 0.0207608 0.00480239
1.00378 0.0207743 0.00547321
1.00623 0.0207892 0.006124
1.00866 0.0208056 0.00674582
1.01109 0.0208234 0.00734113
1.0135 0.0208425 0.00789794
1.0159 0.0208627 0.00841494
1.0183 0.0208842 0.00897083
1.02069 0.020907 0.00955089
1.02307 0.020931 0.0100796
1.02543 0.0209561 0.0105938
1.02779 0.0209823 0.0111049
1.03014 0.0210095 0.0115846
1.03249 0.0210378 0.012073
1.03481 0.021067 0.0125444
1.03704 0.021096 0.0129866
1.03921 0.0211249 0.0133665
1.0413 0.0211536 0.0137066
1.04334 0.0211821 0.013966
1.04535 0.0212105 0.0141664
1.04736 0.0212394 0.0143669
1.04939 0.0212689 0.0145351
1.05147 0.0212995 0.0146827
1.05363 0.0213315 0.0148247
1.05589 0.0213652 0.0149115
1.05816 0.0213991 0.0149173
1.06041 0.0214325 0.0148496
1.06271 0.0214664 0.0147424
1.06504 0.0215003 0.0145964
1.06738 0.0215341 0.0143952
1.06975 0.0215676 0.014145
1.07216 0.0216009 0.0138407
1.07459 0.0216337 0.0134695
1.07707 0.0216659 0.0130138
1.07959 0.0216974 0.0124915
1.08202 0.0217265 0.0119566
1.08433 0.0217529 0.01143
1.08653 0.0217769 0.0109102
1.08866 0.0217991 0.0103956
1.09074 0.0218196 0.00988454
1.09278 0.0218387 0.00937904
1.09479 0.0218566 0.00888155
1.09679 0.0218733 0.00839592
1.09878 0.021889 0.00786987
