t x vx
0.01 0.0165091 0.000905568
0.02 0.0165408 0.00317008
0.0272165 0.016576 0.00488816
0.0348849 0.0166278 0.00674976
0.0426319 0.0166949 0.00866836
0.0504631 0.0167779 0.0105977
0.0583141 0.016876 0.0124883
0.0661366 0.0169874 0.0142471
0.0739261 0.0171103 0.0157686
0.0816874 0.0172418 0.016951
0.0894466 0.0173796 0.0177614
0.0972421 0.017521 0.0181299
0.105087 0.0176623 0.0180197
0.112811 0.0177977 0.0175244
0.120359 0.0179232 0.0166317
0.127746 0.0180375 0.015474
0.135072 0.0181419 0.0142432
0.142045 0.018231 0.0127789
0.148624 0.0183049 0.0112382
0.155099 0.0183671 0.00960137
0.161802 0.0184206 0.00798568
0.168432 0.018464 0.00654466
0.175221 0.018499 0.005161
0.182654 0.0185269 0.00375051
0.190527 0.0185458 0.00239997
0.198399 0.0185552 0.00119599
0.206285 0.0185567 0.00018947
0.214109 0.0185522 -0.000581277
0.221922 0.0185439 -0.00106241
0.229436 0.0185345 -0.0012507
0.237 0.0185249 -0.00127295
0.244708 0.0185161 -0.00113817
0.252531 0.01851 -0.000775605
0.260293 0.0185088 -0.000153441
0.26793 0.0185135 0.000618015
0.275389 0.0185245 0.00146884
0.28281 0.0185411 0.00224297
0.290371 0.0185629 0.00287904
0.297792 0.0185881 0.00339062
0.305261 0.0186161 0.00374863
0.312696 0.0186451 0.00391058
0.319775 0.0186725 0.00386639
0.326775 0.0186971 0.0035061
0.333884 0.0187168 0.00278033
0.341057 0.0187288 0.00167395
0.348114 0.0187305 0.000231364
0.355388 0.018719 -0.00156934
0.363013 0.0186915 -0.00361608
0.370785 0.0186469 -0.00573262
0.37851 0.0185866 -0.00780491
0.386215 0.0185113 -0.00977339
0.393792 0.0184238 -0.0115475
0.401239 0.0183259 -0.0131441
0.408351 0.0182227 -0.0145108
0.415703 0.018107 -0.0157496
0.423454 0.0179765 -0.0168349
0.431197 0.0178397 -0.0176666
0.438861 0.0177001 -0.0182146
0.446423 0.01756 -0.018521
0.45388 0.0174215 -0.0185793
0.461255 0.0172864 -0.0183196
0.468585 0.0171565 -0.017711
0.47587 0.017034 -0.0168151
0.483021 0.0169216 -0.0157249
0.490228 0.0168177 -0.0144091
0.497413 0.0167252 -0.0128781
0.504438 0.0166464 -0.0112262
0.511503 0.0165798 -0.0094205
0.518479 0.0165277 -0.00747575
0.525257 0.0164904 -0.0055018
0.531836 0.0164668 -0.00357398
0.53859 0.0164556 -0.00166598
0.545298 0.0164564 0.00012359
0.552069 0.0164687 0.00181388
0.558938 0.0164917 0.00334669
0.565835 0.0165236 0.004622
0.572768 0.0165626 0.00563203
0.579837 0.0166082 0.00644223
0.587101 0.0166585 0.00692867
0.5945 0.016711 0.00709671
0.601981 0.0167627 0.00690792
0.609071 0.0168079 0.00638433
0.616246 0.0168479 0.00556565
0.623136 0.0168793 0.00456307
0.63011 0.0169028 0.0033705
0.636962 0.0169166 0.00201705
0.64372 0.0169202 0.000526264
0.650382 0.0169133 -0.0010387
0.657089 0.0168954 -0.00267084
0.663689 0.0168673 -0.00424612
0.670234 0.0168297 -0.00575121
0.676895 0.0167816 -0.00722725
0.683677 0.0167231 -0.00862428
0.690582 0.0166551 -0.00984364
0.697593 0.0165789 -0.0108664
0.704711 0.0164958 -0.0116706
0.711952 0.0164072 -0.0122467
0.71932 0.0163148 -0.0125418
0.72666 0.0162225 -0.0125727
0.733829 0.0161341 -0.0123227
0.740848 0.0160515 -0.0117696
0.747859 0.0159746 -0.0109688
0.754924 0.0159044 -0.00993724
0.761785 0.0158445 -0.00873698
0.768347 0.0157956 -0.00744823
0.774874 0.0157557 -0.00611139
0.781307 0.0157248 -0.00480483
0.787674 0.0157021 -0.00355875
0.794219 0.0156868 -0.00234267
0.800992 0.0156786 -0.0012066
0.80777 0.0156772 -0.000214577
0.814649 0.0156815 0.000631644
0.821612 0.0156909 0.00135017
0.828642 0.0157042 0.00188952
0.835756 0.0157207 0.00231876
0.842586 0.0157384 0.00259878
0.849731 0.0157584 0.00278664
0.856607 0.0157777 0.00281455
0.863396 0.015796 0.00268876
0.870352 0.0158126 0.00239802
0.877222 0.0158262 0.00197731
0.884121 0.0158364 0.00147438
0.89119 0.0158434 0.000987295
0.898174 0.015847 0.000517869
0.905271 0.0158469 -1.87834e-05
0.912602 0.0158418 -0.000686363
0.920114 0.0158314 -0.00139148
0.927417 0.015816 -0.00210452
0.934804 0.0157953 -0.00280264
0.941915 0.0157714 -0.00336485
0.948918 0.0157445 -0.00383718
0.955941 0.015715 -0.00419647
0.962883 0.0156841 -0.00445278
0.969825 0.0156522 -0.00459821
0.977003 0.0156194 -0.00456544
0.984122 0.0155885 -0.00434601
0.991345 0.0155597 -0.00398818
0.998833 0.0155334 -0.00351089
1.00632 0.0155114 -0.00293672
1.01379 0.0154944 -0.00228126
1.021 0.0154827 -0.00161179
1.02801 0.0154763 -0.000925137
1.03505 0.0154746 -0.000237018
1.04175 0.015477 0.000357874
1.0483 0.0154825 0.000839414
1.05522 0.0154912 0.00125666
1.06262 0.0155038 0.00170196
1.07006 0.0155191 0.00206582
1.07753 0.0155364 0.00230643
1.08528 0.0155552 0.00243582
1.0932 0.0155751 0.00250268
1.10105 0.0155945 0.0024792
1.10893 0.0156129 0.00233294
1.11674 0.0156296 0.00213762
1.12436 0.0156441 0.00189602
1.13184 0.0156555 0.00152791
1.13928 0.0156632 0.00103099
1.1466 0.0156665 0.00045254
1.15375 0.0156652 -0.000181528
1.1607 0.0156598 -0.000771017
1.16756 0.0156512 -0.00124854
1.17434 0.0156404 -0.00159424
1.18095 0.0156287 -0.00178284
1.1876 0.015616 -0.00190467
1.19433 0.0156026 -0.00198326
1.20131 0.0155892 -0.0019219
1.20871 0.0155765 -0.00171454
1.21645 0.0155664 -0.00131149
1.22402 0.0155605 -0.000777569
1.23136 0.0155588 -0.000231805
1.2387 0.0155608 0.000277497
1.24593 0.0155652 0.000604118
1.25315 0.0155714 0.000857946
1.26056 0.0155789 0.00101847
1.26777 0.0155867 0.00107547
1.27435 0.0155937 0.0010645
1.28068 0.0155999 0.000976391
1.28682 0.0156049 0.000824793
1.29285 0.0156087 0.000623977
1.29883 0.0156113 0.000425265
1.30487 0.015613 0.000285834
1.31103 0.015614 0.000169899
1.31736 0.0156139 -1.5025e-05
1.32384 0.0156119 -0.000313116
1.33047 0.0156076 -0.000654236
1.3372 0.0156005 -0.00105251
1.34401 0.0155905 -0.00146926
1.35092 0.0155781 -0.00179734
1.35793 0.0155632 -0.00211546
1.36505 0.0155464 -0.00236452
1.37232 0.0155281 -0.00252102
1.37981 0.0155087 -0.00259255
1.38769 0.0154882 -0.00259315
1.39542 0.0154687 -0.00251854
1.40276 0.0154511 -0.00241041
1.40995 0.0154345 -0.00230311
1.4169 0.0154192 -0.00220157
1.42428 0.015404 -0.00205715
1.43183 0.0153907 -0.00175642
1.43931 0.0153808 -0.00133382
1.44684 0.0153741 -0.000878731
1.45426 0.0153703 -0.000512762
1.4619 0.0153685 -0.00024294
1.46961 0.0153685 -2.15491e-06
1.47726 0.0153703 0.000242984
1.48446 0.0153733 0.000414669
1.49164 0.0153777 0.000605772
1.49911 0.0153835 0.000782478
1.50662 0.0153905 0.000932196
1.51388 0.0153987 0.00112915
1.52107 0.0154086 0.00138165
1.52823 0.0154202 0.00160878
1.53557 0.0154333 0.00179433
1.54295 0.015447 0.00185425
1.5506 0.0154615 0.0018946
1.55852 0.0154761 0.00183976
1.56578 0.015488 0.00164111
1.57284 0.0154981 0.00142391
1.58063 0.0155074 0.00119942
1.58851 0.0155146 0.000916183
1.59605 0.0155194 0.000636958
1.60346 0.0155217 0.000302972
1.61073 0.0155209 -0.000102103
1.61794 0.0155169 -0.000553138
1.62502 0.0155099 -0.000994401
1.63211 0.0155004 -0.00133174
1.6392 0.0154892 -0.00158592
1.6462 0.0154769 -0.00176098
1.65326 0.0154643 -0.00178286
1.66034 0.0154525 -0.00166706
1.66759 0.0154418 -0.00147155
1.67525 0.0154324 -0.00122416
1.68299 0.0154245 -0.00102272
1.69053 0.0154182 -0.000834023
1.69789 0.0154138 -0.000597345
1.70534 0.0154114 -0.000322016
1.71289 0.0154116 1.79285e-05
1.72051 0.0154146 0.000390099
1.72817 0.0154197 0.000678148
1.73575 0.0154262 0.000846888
1.74326 0.0154327 0.000864616
1.75009 0.0154377 0.000731936
1.75667 0.0154413 0.000550867
1.76291 0.0154433 0.000328968
1.76918 0.015444 0.000107254
1.77537 0.0154434 -0.000104204
1.78174 0.0154415 -0.000286265
1.7881 0.0154382 -0.000519402
1.79457 0.0154336 -0.000720365
1.80111 0.0154278 -0.000889063
1.80785 0.0154206 -0.00105867
1.81484 0.0154119 -0.00124447
1.82209 0.0154012 -0.00148509
1.82968 0.0153881 -0.00172619
1.83757 0.0153732 -0.00187996
1.84534 0.0153582 -0.00193166
1.85314 0.0153438 -0.00185239
1.86087 0.0153304 -0.00173305
1.86848 0.0153181 -0.00160713
1.87607 0.015307 -0.00146313
1.88362 0.0152968 -0.00136141
1.89122 0.0152874 -0.00123509
1.89873 0.0152789 -0.00112935
1.90573 0.0152708 -0.00116317
1.91299 0.0152623 -0.00116666
1.92058 0.0152542 -0.0010639
1.92821 0.0152475 -0.000875054
1.93562 0.0152427 -0.000653314
1.94306 0.0152393 -0.000452383
1.95035 0.0152369 -0.000331053
1.95778 0.0152348 -0.000287682
1.96525 0.0152331 -0.000222505
1.97267 0.0152325 -7.89175e-05
1.98002 0.0152324 -1.17002e-05
1.98715 0.0152324 -4.93713e-06
1.99444 0.0152324 -3.74424e-06
2.00194 0.0152325 1.35653e-05
2.00956 0.0152332 8.93105e-05
2.01706 0.0152345 0.000178688
2.02458 0.0152365 0.000269803
2.03221 0.0152388 0.000303011
2.04007 0.0152407 0.000234647
2.04781 0.0152415 0.000103556
2.05565 0.0152409 -7.23435e-05
2.06285 0.0152381 -0.000392136
2.06985 0.0152327 -0.000768276
2.07731 0.0152244 -0.00111387
2.08494 0.0152137 -0.00139667
2.09248 0.0152013 -0.00164749
2.09991 0.0151879 -0.00179983
2.10729 0.0151742 -0.00186484
2.11468 0.0151599 -0.00193643
2.12213 0.015145 -0.00199674
2.12969 0.0151295 -0.00204447
2.13734 0.015114 -0.00203577
2.14499 0.0150989 -0.00196688
2.15223 0.0150851 -0.00190537
2.15946 0.0150725 -0.00174241
2.16703 0.0150615 -0.00145451
2.17461 0.0150537 -0.00102759
2.18222 0.0150498 -0.000512384
2.18971 0.0150501 3.59605e-05
2.19719 0.0150541 0.000538111
2.20485 0.0150615 0.000956814
2.21264 0.0150717 0.00130891
2.22007 0.0150831 0.0015398
2.2275 0.0150949 0.00159096
2.23518 0.0151064 0.00149857
2.24287 0.0151164 0.00129545
2.25031 0.0151239 0.00100809
2.25763 0.0151288 0.000675307
2.26486 0.015132 0.000431601
2.2723 0.015133 0.000140683
2.27976 0.0151318 -0.000157313
2.28723 0.0151281 -0.000496141
2.29472 0.0151221 -0.000808711
2.30202 0.0151141 -0.00109212
2.30924 0.0151048 -0.00128997
2.31651 0.0150946 -0.00139561
2.32379 0.0150838 -0.00148091
2.33089 0.0150729 -0.00154543
2.33803 0.0150619 -0.00154072
2.34554 0.0150516 -0.00137207
2.35314 0.0150435 -0.00106118
2.36084 0.0150383 -0.000680952
2.36843 0.0150362 -0.000271902
2.37594 0.0150375 0.000173181
2.38346 0.0150417 0.000558781
2.39113 0.0150485 0.00088623
2.39877 0.0150571 0.0011307
2.40618 0.0150667 0.0012917
2.41365 0.0150771 0.00139307
2.42128 0.015088 0.00142857
2.42877 0.0150988 0.00143548
2.43606 0.0151095 0.00146906
2.44331 0.0151205 0.00152209
2.45069 0.015132 0.00156295
2.4582 0.0151436 0.0015413
2.46575 0.0151551 0.00152548
2.47344 0.0151666 0.00148441
2.48132 0.0151778 0.00142815
2.48909 0.0151883 0.0013504
2.49687 0.0151979 0.00123315
2.50441 0.0152059 0.00106691
2.51175 0.0152127 0.000915029
2.51922 0.0152182 0.000745318
2.52669 0.0152234 0.000687996
2.53411 0.015228 0.000618507
2.54153 0.0152327 0.000634231
2.549 0.0152373 0.000624233
2.55651 0.0152416 0.000576271
2.56391 0.0152449 0.000438876
2.57116 0.0152469 0.000272556
2.57834 0.0152475 8.57033e-05
2.58551 0.0152467 -0.000106869
2.59274 0.0152447 -0.000280342
2.60004 0.015242 -0.000369434
2.60751 0.0152394 -0.000354048
2.61517 0.0152377 -0.000219635
2.62282 0.0152373 -5.13273e-05
2.63034 0.015238 9.24696e-05
2.63776 0.0152397 0.000233488
2.6454 0.015242 0.000295193
2.65314 0.0152446 0.000342082
2.66094 0.0152474 0.000362035
2.66815 0.0152494 0.000278156
2.67521 0.0152507 0.000186009
2.68273 0.0152517 0.00012177
2.69049 0.0152525 0.000110751
2.698 0.0152533 9.92005e-05
2.70548 0.0152546 0.000173377
2.7128 0.0152561 0.000206683
2.72046 0.0152574 0.000169803
2.72828 0.015258 7.75856e-05
2.73607 0.015258 -3.09626e-06
2.74376 0.0152574 -6.71482e-05
2.75127 0.0152558 -0.000212625
2.7585 0.0152531 -0.000376829
2.76589 0.0152498 -0.000449387
2.77349 0.0152465 -0.000435049
2.78103 0.0152442 -0.000304405
2.78851 0.015243 -0.00016453
2.79597 0.0152428 -2.31815e-05
2.80331 0.0152437 0.000118752
2.81057 0.0152451 0.000195211
2.818 0.0152472 0.000289182
2.82547 0.01525 0.000364577
2.83264 0.0152524 0.000346753
2.83972 0.0152544 0.000270349
2.84722 0.0152558 0.000187202
2.85483 0.0152566 0.000108237
2.86217 0.015257 4.93698e-05
2.86935 0.0152571 1.44138e-05
2.87663 0.0152569 -2.25934e-05
2.88407 0.015256 -0.000115116
2.89177 0.0152542 -0.000232841
2.8996 0.0152512 -0.000389619
2.90735 0.0152473 -0.000506115
2.91497 0.0152426 -0.000618018
2.92237 0.0152368 -0.00077353
2.92955 0.0152306 -0.000869324
2.93716 0.0152238 -0.000891443
2.94469 0.015218 -0.000765907
2.95217 0.0152138 -0.000571691
2.95964 0.0152114 -0.000309601
2.96716 0.0152114 -1.07099e-05
2.97473 0.0152135 0.000277533
2.98246 0.0152177 0.000551384
2.98959 0.0152228 0.000711312
2.9967 0.0152284 0.00078618
3.00418 0.0152346 0.000829917
3.01167 0.0152406 0.00079993
3.01886 0.0152465 0.000820534
3.02595 0.0152522 0.000810509
3.03314 0.0152577 0.000759749
3.04046 0.0152627 0.000688305
3.04817 0.0152665 0.000494118
3.05617 0.0152685 0.000249291
3.06411 0.0152678 -9.16941e-05
3.07181 0.0152643 -0.000459549
3.07929 0.0152585 -0.000768462
3.08661 0.015251 -0.00103402
3.09383 0.015242 -0.00123778
3.10103 0.015232 -0.00138847
3.10828 0.0152217 -0.00142627
3.11532 0.0152122 -0.00135376
3.12213 0.0152041 -0.00118539
3.12882 0.0151973 -0.00101118
3.13555 0.0151921 -0.000774183
3.14248 0.0151885 -0.000515691
3.14943 0.0151862 -0.000331122
3.15651 0.015185 -0.000179769
3.16393 0.0151846 -4.27785e-05
3.17148 0.0151852 7.78472e-05
3.1786 0.0151866 0.000196265
3.18578 0.0151886 0.000268645
3.19304 0.0151912 0.000365696
3.20025 0.015194 0.000380924
3.20761 0.0151965 0.000349358
3.2153 0.0151984 0.000242083
3.22317 0.015199 8.37097e-05
3.23095 0.0151987 -4.84442e-05
3.23862 0.0151971 -0.000209971
3.24594 0.0151942 -0.000395344
3.25316 0.01519 -0.000575694
3.26042 0.0151853 -0.000651709
3.26792 0.0151806 -0.000618461
3.27544 0.0151763 -0.000578244
3.28293 0.0151717 -0.000606637
3.29033 0.0151672 -0.000617685
3.29766 0.0151627 -0.00061652
3.30499 0.0151587 -0.00054391
3.3124 0.0151555 -0.000433688
3.31941 0.0151528 -0.000377386
3.32658 0.0151504 -0.000343122
3.33416 0.0151481 -0.000291849
3.34161 0.0151463 -0.000247454
3.34887 0.015145 -0.000175462
3.35612 0.0151443 -0.000101763
3.36318 0.0151438 -6.36269e-05
3.37062 0.0151436 -3.30313e-05
3.37838 0.0151437 1.27262e-05
3.38609 0.015144 4.36879e-05
3.39391 0.0151447 8.26701e-05
3.40177 0.015146 0.000172579
3.40918 0.015147 0.000136904
3.41636 0.0151474 5.607e-05
3.42387 0.0151476 1.55001e-05
3.43141 0.0151477 1.60585e-05
3.43898 0.0151485 0.00010183
3.4466 0.0151499 0.000191659
3.45414 0.0151522 0.000307877
3.46162 0.015155 0.000364498
3.46906 0.0151577 0.000365709
3.47653 0.0151604 0.000360285
3.48384 0.0151627 0.000319936
3.49091 0.0151643 0.000223595
3.49824 0.0151649 7.80462e-05
3.50573 0.0151642 -8.25139e-05
3.51324 0.0151623 -0.000260899
3.52062 0.0151597 -0.000353189
3.5279 0.0151563 -0.000467107
3.53536 0.0151524 -0.000526756
3.54298 0.0151475 -0.00063549
3.5507 0.0151417 -0.000747556
3.55859 0.0151353 -0.000812732
3.56626 0.0151292 -0.000792037
3.57383 0.0151236 -0.000750073
3.58108 0.015118 -0.000770055
3.58824 0.0151126 -0.000753386
3.59577 0.0151076 -0.000668984
3.60344 0.0151042 -0.000442049
3.61121 0.015103 -0.000149832
3.61866 0.0151042 0.000166293
3.62609 0.0151079 0.000492938
3.63373 0.0151138 0.00077482
3.64147 0.0151221 0.00107204
3.64892 0.0151321 0.0013369
3.65615 0.0151423 0.00141829
3.66362 0.0151528 0.00140741
