t x vx
0.01 0.0165001 6.49162e-06
0.02 0.0165002 1.0596e-05
0.0659498 0.0165015 2.81145e-05
0.111974 0.0165035 4.32941e-05
0.159605 0.0165062 5.83846e-05
0.208431 0.0165098 7.31328e-05
0.258234 0.0165142 8.72339e-05
0.308619 0.0165192 0.000100262
0.359343 0.0165249 0.000111381
0.410302 0.0165309 0.000118969
0.461431 0.0165372 0.000122607
0.512639 0.0165435 0.000122803
0.563798 0.0165495 0.000118248
0.614919 0.0165551 0.000109819
0.66601 0.0165606 0.000107004
0.717061 0.0165658 0.000101984
0.768132 0.0165705 9.19617e-05
0.819239 0.0165747 8.27974e-05
0.870376 0.0165785 7.42818e-05
0.921544 0.0165816 6.05589e-05
0.97274 0.0165841 4.88966e-05
1.02394 0.0165864 4.36674e-05
1.07516 0.0165885 4.14801e-05
1.12639 0.0165902 3.34424e-05
1.17763 0.0165911 1.66453e-05
1.22884 0.0165908 -5.60491e-06
1.28005 0.0165892 -3.14737e-05
1.33122 0.016586 -6.08978e-05
1.3822 0.0165809 -0.000100187
1.43283 0.0165733 -0.000150983
1.48317 0.0165628 -0.000208783
1.53337 0.0165492 -0.000270214
1.58359 0.0165325 -0.000332952
1.63396 0.0165127 -0.000392738
1.6845 0.0164902 -0.000444776
1.73499 0.0164658 -0.000483323
1.78538 0.0164404 -0.000505376
1.83567 0.0164147 -0.00051001
1.8859 0.0163899 -0.000494384
1.93603 0.016367 -0.000456526
1.98592 0.0163473 -0.000395056
2.03554 0.0163321 -0.000305889
2.08484 0.016323 -0.000185542
2.13386 0.0163213 -3.36781e-05
2.18248 0.0163285 0.00014718
2.23076 0.0163455 0.000352571
2.27889 0.0163732 0.000576489
2.32719 0.0164125 0.000813724
2.37599 0.0164642 0.00105926
2.42501 0.0165281 0.00130222
2.47429 0.0166035 0.00153004
2.52372 0.0166889 0.00172754
2.57273 0.0167812 0.00188352
2.62135 0.0168779 0.00199043
2.66961 0.0169765 0.00204144
2.71756 0.0170738 0.00202918
2.7653 0.0171666 0.00194495
2.8129 0.0172514 0.00178054
2.86048 0.0173242 0.00152963
2.9081 0.0173807 0.00118785
2.95564 0.0174167 0.000757538
3.00285 0.0174283 0.000245276
3.04949 0.0174126 -0.000337912
3.09557 0.0173675 -0.000978851
3.14146 0.0172908 -0.00166949
3.18707 0.0171816 -0.00239505
3.23175 0.0170417 -0.00313144
3.27596 0.0168705 -0.0038713
3.32098 0.0166626 -0.00461755
3.36586 0.0164235 -0.00533004
3.4095 0.0161626 -0.00597618
3.4519 0.0158852 -0.00654357
3.4931 0.015596 -0.00701865
3.53313 0.0153003 -0.0073871
3.57206 0.0150031 -0.00763415
3.61001 0.0147093 -0.00774317
3.6471 0.0144239 -0.00769388
3.68345 0.0141526 -0.00746387
3.71919 0.0139014 -0.00702904
3.75449 0.0136766 -0.006368
3.78958 0.0134849 -0.00546126
3.82489 0.0133333 -0.0042937
3.83911 0.0132798 -0.00376268
3.85322 0.0132346 -0.00320482
3.86725 0.0131979 -0.00261853
3.88112 0.01317 -0.00201211
3.89487 0.0131509 -0.00138731
3.90843 0.0131407 -0.000753115
3.92186 0.0131392 -0.000111142
3.93511 0.0131462 0.000530254
3.94811 0.0131613 0.00116101
3.96113 0.0131846 0.00179192
3.97369 0.0132147 0.00239668
3.98569 0.0132503 0.00296581
3.99759 0.0132924 0.00353406
4.00937 0.0133406 0.00409371
4.02114 0.0133953 0.00464924
4.03309 0.0134578 0.00522704
4.04522 0.013528 0.00578909
4.07597 0.0137508 0.00724712
4.1075 0.0140261 0.00872876
4.14519 0.0144204 0.0104622
4.18363 0.0148891 0.0121938
4.22287 0.0154361 0.013939
4.26073 0.0160258 0.0155756
4.29662 0.0166405 0.0171276
4.33093 0.0172792 0.0186158
4.36323 0.0179257 0.0200121
4.39339 0.0185686 0.0213178
4.42157 0.0192031 0.022523
4.44768 0.0198193 0.0235898
4.4573 0.0200505 0.0240583
4.46606 0.0202653 0.0245208
4.47372 0.0204564 0.0249215
4.48098 0.0206399 0.0252923
4.48788 0.0208167 0.0256244
4.49445 0.020987 0.0259092
4.50071 0.0211505 0.026134
4.50665 0.0213068 0.0262837
4.51231 0.0214559 0.0263768
4.5177 0.0215977 0.026311
4.52288 0.0217327 0.0260755
4.5279 0.0218614 0.0256045
