t x vx
0.01 0.0164974 -0.000256729
0.02 0.0164894 -0.000806774
0.0323422 0.0164709 -0.00149218
0.0451328 0.0164427 -0.00220513
0.0583478 0.0164038 -0.0029497
0.0718366 0.0163536 -0.00371734
0.0854958 0.0162923 -0.00449112
0.0992127 0.0162204 -0.00524149
0.112916 0.0161389 -0.00594583
0.126606 0.0160493 -0.00654767
0.140275 0.0159533 -0.00701881
0.153965 0.0158531 -0.00732179
0.167641 0.0157514 -0.00743786
0.181261 0.015651 -0.00736674
0.194526 0.0155565 -0.00712766
0.207725 0.0154685 -0.00666273
0.220535 0.0153899 -0.00613773
0.233487 0.0153179 -0.00556034
0.246743 0.015253 -0.00489858
0.259937 0.0151976 -0.00419469
0.273043 0.0151518 -0.00349953
0.28673 0.0151134 -0.00280039
0.300549 0.0150841 -0.00212097
0.314784 0.0150631 -0.00147746
0.329187 0.0150502 -0.000894285
0.343757 0.0150438 -0.000439753
0.358364 0.0150434 -2.69354e-05
0.372881 0.0150492 0.000401424
0.387404 0.0150599 0.000731618
0.401867 0.0150737 0.000954483
0.41614 0.0150892 0.00108964
0.430521 0.0151057 0.00114889
0.444848 0.0151222 0.00115181
0.459057 0.015138 0.00111274
0.473139 0.0151528 0.00104779
0.487126 0.015166 0.00094647
0.501045 0.0151775 0.00082184
0.514929 0.0151874 0.000715065
0.528386 0.0151965 0.000676017
0.541557 0.0152063 0.000743308
0.554683 0.0152186 0.00093631
0.567944 0.0152353 0.00125782
0.581354 0.0152581 0.0017031
0.594884 0.0152879 0.00220276
0.608455 0.0153258 0.00279516
0.621939 0.0153725 0.00345843
0.635233 0.0154282 0.00419221
0.648385 0.0154948 0.00506253
0.661616 0.015574 0.00598449
0.675028 0.0156669 0.00692881
0.688383 0.0157715 0.007835
0.701937 0.0158891 0.00867135
0.715731 0.0160189 0.00941242
0.72954 0.0161571 0.0100073
0.743262 0.0163 0.0104136
0.75678 0.0164441 0.0106646
0.770113 0.0165881 0.0107985
0.783222 0.0167299 0.0108175
0.796243 0.0168695 0.0107188
0.808917 0.0170027 0.0105061
0.82123 0.0171282 0.0101929
0.833719 0.0172502 0.0097712
0.846064 0.0173644 0.00925424
0.858671 0.0174729 0.00859996
0.871334 0.017572 0.00783085
0.884009 0.0176605 0.00697686
0.896723 0.0177374 0.00605
0.909433 0.0178023 0.00510916
0.922066 0.0178555 0.00420794
0.934568 0.0178973 0.00334271
0.946956 0.0179286 0.00252829
0.959308 0.0179504 0.00176519
0.971527 0.0179634 0.00106202
0.983653 0.0179685 0.000423763
0.995866 0.0179664 -0.000167786
1.0083 0.0179577 -0.000703096
1.021 0.0179429 -0.00116404
1.03396 0.0179232 -0.00152056
1.04657 0.0179013 -0.001736
1.05927 0.0178782 -0.00182101
1.07197 0.0178553 -0.00180032
1.0844 0.0178344 -0.00168341
1.09688 0.0178162 -0.00146325
1.10873 0.0178023 -0.00116739
1.12044 0.0177928 -0.000809905
1.13219 0.017788 -0.000409396
1.14398 0.0177883 2.74634e-05
1.15599 0.0177942 0.000484681
1.16813 0.0178056 0.000941955
1.18023 0.0178222 0.0013716
1.19227 0.0178433 0.00174992
1.20426 0.0178681 0.00207071
1.21626 0.017896 0.00232455
1.22829 0.0179261 0.00249939
1.24032 0.0179572 0.00258514
1.25247 0.0179884 0.00257194
1.26473 0.0180185 0.00245502
1.27705 0.0180462 0.00224486
1.28949 0.0180705 0.00195856
1.30207 0.0180908 0.00160881
1.31479 0.0181061 0.00120794
1.32741 0.0181159 0.000777612
1.34002 0.0181202 0.000334799
1.35248 0.018119 -9.48089e-05
1.36488 0.0181128 -0.000495259
1.37735 0.0181023 -0.00084919
1.38997 0.0180878 -0.00114505
1.40282 0.0180702 -0.00137267
1.41595 0.0180502 -0.00151782
1.42911 0.0180295 -0.00157458
1.44231 0.0180091 -0.00155006
1.45554 0.0179898 -0.00145142
1.46884 0.0179727 -0.00129258
1.48225 0.0179581 -0.00108539
1.49566 0.0179471 -0.000817991
1.50871 0.0179406 -0.000498831
1.52189 0.0179386 -0.000151393
1.53508 0.0179412 0.000198658
1.54771 0.0179481 0.000541686
1.55967 0.0179584 0.000859597
1.57145 0.0179719 0.00115146
1.58322 0.0179885 0.0014089
1.59514 0.018008 0.00163515
1.60726 0.0180301 0.00182657
1.61944 0.0180541 0.00196306
1.63193 0.0180795 0.00203244
1.64473 0.0181053 0.00201786
1.65786 0.0181304 0.00191127
1.6712 0.0181533 0.00171727
1.6843 0.0181724 0.00146185
1.6968 0.0181871 0.00117534
1.70889 0.0181975 0.000860833
1.72105 0.0182038 0.000513502
1.73343 0.0182055 0.00014329
1.74594 0.0182027 -0.000227137
1.75851 0.0181955 -0.000576978
1.77121 0.0181841 -0.00089117
1.78394 0.0181694 -0.00115571
1.79677 0.018152 -0.00136104
1.80976 0.0181325 -0.0014953
1.82295 0.0181121 -0.00155119
1.83632 0.0180916 -0.00152776
1.84972 0.0180724 -0.00143317
1.8632 0.0180553 -0.00127465
1.87684 0.0180408 -0.00106159
1.89045 0.0180297 -0.000811959
1.9038 0.0180223 -0.000555919
1.91683 0.0180181 -0.000321051
1.92939 0.0180165 -0.000125531
1.94138 0.0180168 2.20173e-05
1.9531 0.0180183 0.000129091
1.96495 0.0180207 0.000201746
1.97712 0.0180236 0.000237058
1.98927 0.0180263 0.000224128
2.0016 0.0180282 0.000153473
2.01402 0.0180284 1.8606e-05
2.02663 0.0180262 -0.000178132
2.03948 0.0180209 -0.00041299
2.05244 0.0180123 -0.000659927
2.06503 0.0180011 -0.000894825
2.07754 0.0179872 -0.00111154
2.09034 0.0179704 -0.00130745
2.10355 0.0179511 -0.00146181
2.11681 0.0179305 -0.00155637
2.12966 0.0179101 -0.00158551
2.14199 0.0178908 -0.0015635
2.15399 0.0178728 -0.0015036
2.16576 0.0178561 -0.00142141
2.17739 0.0178406 -0.00132926
2.18897 0.0178264 -0.00122412
2.2006 0.0178135 -0.00110853
2.21236 0.017802 -0.000978847
2.22433 0.017792 -0.000838492
2.23654 0.0177836 -0.000684499
2.24867 0.0177772 -0.000532596
2.26067 0.0177724 -0.000394588
2.27254 0.0177692 -0.000270161
2.28433 0.0177673 -0.000164718
2.29607 0.0177662 -9.14226e-05
2.30777 0.0177655 -6.11112e-05
2.31935 0.0177647 -7.23251e-05
2.33081 0.0177632 -0.000125984
2.34215 0.0177607 -0.000221019
2.3534 0.0177567 -0.000352647
2.36444 0.017751 -0.000515503
2.37513 0.0177436 -0.00069936
2.38547 0.0177344 -0.000890844
2.39548 0.0177236 -0.00107346
2.40521 0.0177116 -0.00123904
2.41472 0.0176984 -0.00138286
2.42408 0.0176844 -0.00150102
2.43337 0.0176696 -0.00159215
2.44267 0.0176542 -0.00165299
2.45202 0.0176384 -0.00168404
2.46148 0.0176225 -0.00168749
2.47107 0.0176064 -0.00167354
2.48086 0.0175903 -0.00165284
2.49092 0.0175738 -0.00163541
2.50136 0.0175569 -0.001624
2.51232 0.0175392 -0.00161098
2.52396 0.017521 -0.0015649
2.53584 0.0175036 -0.00146571
2.54772 0.0174879 -0.00132053
2.55966 0.0174745 -0.00112378
2.57159 0.0174638 -0.000894672
2.58359 0.017456 -0.000647756
2.59569 0.0174514 -0.00038542
2.6079 0.01745 -0.000107326
2.62026 0.0174524 0.00018765
2.63279 0.0174585 0.000487812
2.64547 0.0174686 0.000798284
2.65766 0.0174821 0.0011056
2.66958 0.0174988 0.00140187
2.68157 0.0175189 0.00167857
2.69359 0.0175419 0.00190883
2.70578 0.0175673 0.00209088
2.71809 0.0175947 0.00221969
2.73065 0.0176235 0.0022937
2.74334 0.0176526 0.00229763
2.75576 0.0176804 0.00223234
2.76825 0.0177069 0.00212816
2.7808 0.0177321 0.00200171
2.79347 0.0177556 0.001858
2.80627 0.0177776 0.00171834
2.81907 0.0177977 0.00157136
2.83182 0.0178157 0.0014094
2.84449 0.0178314 0.00123742
2.85731 0.0178451 0.00107526
2.87015 0.0178571 0.00092787
2.88266 0.0178672 0.000808032
2.89532 0.0178766 0.000744222
2.90814 0.0178862 0.000746891
2.92097 0.0178965 0.000804142
2.93384 0.0179079 0.000890905
2.94673 0.0179209 0.0010057
2.95965 0.0179356 0.00113732
2.97259 0.0179522 0.00128348
2.98551 0.0179707 0.00143086
2.99838 0.0179909 0.00156721
3.01105 0.0180123 0.00169301
3.02359 0.018035 0.00181031
3.03606 0.018059 0.00192188
3.04842 0.018084 0.0020249
3.06063 0.0181097 0.00210386
3.07272 0.0181355 0.00213705
3.08474 0.0181611 0.00212759
3.09675 0.0181862 0.00208659
3.10875 0.0182103 0.00201003
3.12074 0.0182329 0.00188828
3.1327 0.0182534 0.00171319
3.14433 0.0182707 0.0014862
3.15566 0.0182845 0.00122014
3.16663 0.0182948 0.000934253
3.17726 0.0183018 0.000655406
3.18756 0.0183058 0.000396141
3.19756 0.0183074 0.000154895
3.20729 0.0183067 -7.16924e-05
3.21674 0.018304 -0.000282904
3.22591 0.0182997 -0.000472615
3.23488 0.0182939 -0.000639743
3.24372 0.018287 -0.000784826
3.25249 0.018279 -0.00091249
3.26123 0.01827 -0.00103052
3.2701 0.0182598 -0.00114582
3.27927 0.0182483 -0.00125874
3.2885 0.0182357 -0.00136229
3.29781 0.0182222 -0.0014499
3.30726 0.0182079 -0.00151425
3.31685 0.0181931 -0.00154663
3.32664 0.018178 -0.00154304
3.3366 0.018163 -0.00150377
3.34667 0.0181485 -0.00143371
3.35694 0.0181348 -0.00133806
3.36759 0.0181218 -0.00122288
3.37884 0.0181095 -0.00108809
3.39095 0.0180981 -0.000941187
3.40306 0.0180884 -0.000808023
3.41523 0.0180797 -0.000712048
3.42747 0.0180714 -0.000676976
3.43975 0.0180627 -0.000712517
3.45212 0.0180528 -0.000796206
3.4646 0.0180415 -0.000908064
3.47722 0.0180285 -0.00103084
3.48997 0.0180134 -0.0011799
3.50242 0.0179965 -0.00135464
3.51451 0.0179779 -0.00154691
3.52642 0.0179571 -0.00173828
3.53853 0.0179337 -0.0019359
3.55041 0.0179084 -0.0021273
3.56299 0.0178794 -0.00230588
3.57582 0.0178481 -0.002443
3.58943 0.0178134 -0.002545
3.603 0.0177784 -0.00258151
3.61634 0.0177446 -0.00253109
3.62985 0.0177122 -0.00240017
3.64364 0.0176819 -0.00219622
3.65728 0.0176552 -0.00196038
3.67061 0.0176326 -0.00169293
3.68359 0.0176142 -0.00141615
3.69611 0.0175997 -0.00116104
3.70834 0.0175883 -0.00093515
3.72055 0.0175794 -0.000727441
3.73292 0.0175726 -0.000544942
3.74546 0.0175677 -0.000395422
3.75784 0.0175641 -0.000287877
3.77001 0.0175615 -0.000219817
3.78199 0.0175593 -0.00018261
3.79386 0.0175571 -0.000182952
3.80573 0.0175545 -0.000220288
3.81768 0.0175509 -0.000297291
3.8298 0.0175458 -0.000423278
3.84217 0.0175388 -0.000568162
3.85478 0.0175296 -0.000724046
3.86762 0.0175183 -0.000883999
3.88068 0.017505 -0.00101746
3.8937 0.0174905 -0.00111456
3.90666 0.0174752 -0.00118066
3.91971 0.0174593 -0.00121934
3.93289 0.0174431 -0.00122402
3.94622 0.017427 -0.00120773
3.95981 0.0174111 -0.00117265
3.97325 0.0173959 -0.00113045
3.98637 0.017382 -0.00106282
3.99937 0.0173695 -0.000957436
4.0123 0.0173591 -0.000806662
4.02496 0.0173512 -0.0006268
4.03769 0.0173457 -0.000430852
4.05068 0.0173428 -0.00021896
4.06336 0.017343 1.16524e-05
4.07579 0.0173461 0.000249166
4.08811 0.0173519 0.000475367
4.1004 0.0173602 0.000675583
4.11245 0.0173702 0.000825258
4.12427 0.0173812 0.000932015
4.13585 0.0173928 0.000998868
4.14716 0.0174043 0.00101702
4.15819 0.017415 0.000974528
4.16891 0.0174245 0.000882964
4.17932 0.0174325 0.000768967
4.18945 0.017439 0.000640914
4.19943 0.017444 0.000506326
4.20931 0.0174477 0.000371239
4.21913 0.01745 0.00023863
4.22898 0.0174512 0.00011767
4.23894 0.0174513 9.84087e-06
4.24906 0.0174504 -8.57811e-05
4.25939 0.0174488 -0.000159368
4.26995 0.0174466 -0.000206413
4.28074 0.0174442 -0.000226059
4.29171 0.0174416 -0.000232099
4.30277 0.0174392 -0.000221594
4.31379 0.0174371 -0.000186398
4.3246 0.0174358 -0.000122213
4.33509 0.0174354 -3.63415e-05
4.34516 0.017436 6.11766e-05
4.35478 0.0174376 0.000164756
4.36396 0.0174401 0.000269745
4.37278 0.0174433 0.000367984
4.38133 0.0174473 0.000460179
4.38975 0.0174519 0.000547226
4.39798 0.017457 0.000623277
4.40611 0.0174626 0.000685896
4.4142 0.0174685 0.000738015
4.42233 0.0174749 0.000784796
4.43052 0.0174817 0.000832105
4.43881 0.0174891 0.000890319
4.4472 0.0174971 0.000955232
4.45571 0.0175058 0.00101519
4.46434 0.017515 0.00107316
4.47309 0.0175249 0.00113031
4.48194 0.0175355 0.00119055
4.4909 0.0175466 0.00124511
4.49994 0.0175581 0.00127152
4.50905 0.0175695 0.00124899
4.51821 0.0175803 0.00117765
4.52739 0.0175902 0.00107952
4.53656 0.0175989 0.000951867
4.54575 0.0176061 0.000784587
4.55522 0.0176117 0.000593982
4.56515 0.0176156 0.00038741
4.57568 0.0176172 0.00014779
4.58605 0.0176158 -0.000130199
4.59658 0.0176113 -0.000423805
4.60749 0.0176031 -0.000754501
4.61909 0.0175902 -0.00111579
4.63117 0.0175724 -0.00146829
4.64336 0.017551 -0.00175949
4.65608 0.0175252 -0.00202588
4.66923 0.0174957 -0.00224007
4.68262 0.0174637 -0.00239021
4.69581 0.0174311 -0.00247555
4.70868 0.0173991 -0.00248254
4.72146 0.0173681 -0.00243175
4.73418 0.0173379 -0.00236803
4.74698 0.0173085 -0.00229639
4.75994 0.0172802 -0.00219106
4.77295 0.0172537 -0.00203319
4.78581 0.0172302 -0.00183035
4.7984 0.01721 -0.00160569
4.81071 0.0171931 -0.00136565
4.82279 0.0171797 -0.00111262
4.83476 0.0171694 -0.000859303
4.84689 0.0171621 -0.000602699
4.85924 0.0171579 -0.000342999
4.87165 0.0171567 -9.12473e-05
4.88422 0.0171584 0.000134212
4.89692 0.0171626 0.000331867
4.90976 0.0171693 0.00052135
4.92278 0.0171783 0.00068819
4.93583 0.0171888 0.000805604
4.94889 0.0172003 0.000876618
4.96201 0.0172123 0.000918868
4.97514 0.0172245 0.00093116
4.98831 0.0172366 0.000915544
5.00153 0.017248 0.000861796
5.01472 0.0172581 0.000765084
5.02766 0.0172664 0.000643722
5.04069 0.0172732 0.000517464
5.05406 0.0172783 0.000382835
5.0676 0.0172815 0.000239271
5.08117 0.0172828 9.76926e-05
5.09492 0.0172824 -2.93174e-05
5.1086 0.0172807 -0.000128418
5.12215 0.0172779 -0.00020156
5.13555 0.0172745 -0.000254317
5.1486 0.0172709 -0.000281856
5.16167 0.0172673 -0.000269867
5.17488 0.0172647 -0.000201141
5.18795 0.0172636 -8.22171e-05
5.20099 0.0172646 7.68927e-05
5.21405 0.017268 0.000256999
5.22713 0.0172738 0.000444589
5.24025 0.0172821 0.000635045
5.25339 0.0172928 0.000812446
5.26655 0.0173054 0.000955841
5.27945 0.017319 0.00105373
5.29217 0.0173333 0.00112956
5.30492 0.0173486 0.00120029
5.3178 0.0173648 0.00125314
5.33083 0.0173814 0.00127679
5.344 0.0173983 0.00127978
5.3573 0.0174152 0.00127198
5.3707 0.0174319 0.00125102
5.38415 0.0174481 0.00120363
5.39768 0.0174632 0.0011145
5.41116 0.0174765 0.000989042
5.42444 0.0174878 0.000849265
5.43774 0.0174973 0.000710756
5.45131 0.0175051 0.000580613
5.4652 0.0175116 0.000467635
5.47918 0.017517 0.000379832
5.49308 0.0175214 0.000322
5.50696 0.0175256 0.000297243
5.52076 0.0175296 0.000292535
5.53438 0.0175335 0.000284537
5.54765 0.0175371 0.000274005
5.56087 0.0175407 0.000270173
5.5743 0.0175446 0.000293245
5.58728 0.0175491 0.000344755
5.59962 0.0175543 0.000419142
5.61141 0.0175602 0.000503969
5.62274 0.0175669 0.00059257
5.63368 0.0175744 0.000683765
5.64432 0.0175826 0.00076958
5.65473 0.0175914 0.000845178
5.66498 0.0176006 0.000901196
5.67514 0.0176101 0.00093741
5.68524 0.0176198 0.000954939
5.69533 0.0176296 0.00096704
5.70543 0.0176394 0.000978522
5.71552 0.0176494 0.000987285
5.72562 0.0176594 0.000994688
5.73571 0.0176696 0.00100325
5.74579 0.0176798 0.00101741
5.75583 0.0176902 0.00103278
5.76587 0.0177006 0.0010423
5.77604 0.0177111 0.00103075
5.78657 0.0177215 0.00098561
5.79771 0.0177316 0.00090662
5.80978 0.0177414 0.000808866
5.82322 0.0177509 0.000706405
5.83736 0.0177593 0.000598926
5.8513 0.0177664 0.000504302
5.86491 0.017772 0.000416671
5.87838 0.0177765 0.000332024
5.89211 0.01778 0.000251568
5.9059 0.0177823 0.000169972
5.91949 0.0177835 9.10216e-05
5.93309 0.017784 3.00664e-05
5.94685 0.017784 6.1215e-06
5.96064 0.0177843 2.04931e-05
5.97446 0.0177851 5.50191e-05
5.9883 0.0177864 9.28464e-05
6.00206 0.0177882 0.000130102
6.01588 0.0177904 0.000162989
6.02959 0.017793 0.000188269
6.04304 0.0177957 0.000203798
6.05641 0.0177986 0.000212363
6.06991 0.0178016 0.0002253
6.08337 0.017805 0.000251019
