t x vx
0.01 0.0165001 6.49162e-06
0.02 0.0165002 1.05951e-05
0.0659498 0.0165015 2.81036e-05
0.111974 0.0165035 4.31965e-05
0.159605 0.0165062 5.80743e-05
0.208431 0.0165098 7.24253e-05
0.258233 0.016514 8.5882e-05
0.308619 0.016519 9.79549e-05
0.359343 0.0165244 0.000107745
0.410301 0.0165302 0.000113574
0.461428 0.0165361 0.000114979
0.512634 0.0165419 0.000112443
0.563793 0.0165472 0.000104637
0.614913 0.0165519 9.24672e-05
0.666003 0.0165563 8.54326e-05
0.717052 0.0165602 7.56908e-05
0.768119 0.0165632 6.04245e-05
0.819218 0.0165656 4.56682e-05
0.870342 0.0165672 3.13654e-05
0.92149 0.0165678 1.17774e-05
0.972656 0.0165675 -5.69153e-06
1.02382 0.0165667 -1.64649e-05
1.07498 0.0165654 -2.35801e-05
1.12615 0.0165636 -3.55776e-05
1.17733 0.0165608 -5.50811e-05
1.22848 0.0165568 -7.82235e-05
1.27959 0.0165516 -0.000102542
1.33065 0.0165451 -0.000127583
1.38165 0.0165369 -0.000159306
1.4323 0.0165268 -0.000199021
1.48268 0.0165147 -0.000242034
1.53293 0.0165004 -0.000284583
1.58324 0.016484 -0.000324171
1.63372 0.0164661 -0.000356421
1.68425 0.016447 -0.000376779
1.73469 0.0164278 -0.000380433
1.78505 0.0164095 -0.000364736
1.83535 0.0163929 -0.000329081
1.88555 0.0163793 -0.000271308
1.9355 0.0163698 -0.000190867
1.98521 0.0163654 -8.74154e-05
2.03455 0.0163674 4.10965e-05
2.08362 0.0163771 0.000196712
2.1324 0.0163955 0.000377728
2.18085 0.0164236 0.00058006
2.22908 0.0164621 0.00079781
2.27736 0.0165115 0.00102286
2.32603 0.0165722 0.00124685
2.37489 0.0166434 0.00145832
2.42404 0.0167243 0.00164554
2.47304 0.016812 0.00179053
2.52162 0.0169034 0.00188034
2.56983 0.0169953 0.00190712
2.61772 0.0170845 0.00186306
2.66538 0.0171675 0.00174026
2.71291 0.0172403 0.00153237
2.76038 0.0172988 0.00123227
2.80766 0.0173384 0.000837922
2.85481 0.017355 0.000350667
2.90153 0.0173447 -0.000220115
2.94766 0.017305 -0.000859281
2.99337 0.017234 -0.00155487
3.0389 0.0171292 -0.0023001
3.08381 0.0169912 -0.00307404
3.12794 0.016821 -0.00385672
3.17191 0.0166169 -0.00464142
3.21655 0.0163751 -0.00541719
3.25982 0.01611 -0.00612608
3.30175 0.0158268 -0.00675382
3.34235 0.0155312 -0.00728227
3.38161 0.0152291 -0.00769308
3.41966 0.014926 -0.00796798
3.4566 0.0146272 -0.00808747
3.4926 0.014338 -0.00803172
3.52775 0.0140646 -0.00777788
3.5622 0.0138132 -0.00729799
3.5961 0.0135906 -0.00656694
3.62969 0.0134039 -0.00555785
3.64315 0.0133355 -0.00508168
3.65655 0.0132743 -0.00456771
3.66991 0.0132207 -0.0040099
3.68318 0.0131755 -0.00341224
3.69631 0.013139 -0.00277955
3.70935 0.0131114 -0.00211494
3.72223 0.013093 -0.00142911
3.73498 0.0130837 -0.000727585
3.74746 0.0130834 -2.36791e-05
3.75978 0.0130918 0.000682161
3.77194 0.0131086 0.00138311
3.78402 0.0131337 0.00207748
3.79594 0.0131666 0.00275724
3.80821 0.0132089 0.0034498
3.8203 0.0132588 0.00412299
3.83182 0.0133135 0.00475486
3.84307 0.0133738 0.00536257
3.85462 0.0134431 0.00598958
3.86601 0.0135182 0.00660101
3.89625 0.013767 0.00822613
3.92797 0.0140811 0.00990271
3.96021 0.0144553 0.0116048
3.99644 0.0149428 0.013457
4.03355 0.0155104 0.0152945
4.06874 0.0161094 0.0170222
4.1038 0.0167666 0.0187429
4.13727 0.0174486 0.0203763
4.16855 0.018134 0.0219138
4.19763 0.018813 0.0233473
4.22458 0.0194773 0.0246516
4.24932 0.0201151 0.0257834
4.25833 0.0203517 0.0262729
4.26642 0.0205683 0.0267513
4.27338 0.0207571 0.0271471
4.27992 0.0209369 0.0274965
4.28609 0.0211084 0.0277863
4.29191 0.0212716 0.0280009
4.29744 0.0214273 0.0281628
4.30269 0.0215754 0.028214
4.3077 0.0217158 0.0280434
4.31253 0.0218496 0.027701
