t x vx
0.01 0.0165003 2.72583e-05
0.02 0.0165011 8.41417e-05
0.0886161 0.0165332 0.000467616
0.156976 0.0165889 0.000814384
0.229853 0.0166716 0.00113538
0.305069 0.0167775 0.00140818
0.382028 0.0169021 0.00161868
0.45996 0.0170389 0.00175591
0.538432 0.017181 0.00180997
0.616972 0.0173204 0.00177519
0.695528 0.0174498 0.00164748
0.773976 0.0175615 0.00142353
0.852362 0.017648 0.00110408
0.930744 0.0177023 0.000691783
1.00919 0.0177174 0.000193343
1.08812 0.0176872 -0.000383632
1.16824 0.0176044 -0.00103272
1.25019 0.0174615 -0.00174332
1.33459 0.0172503 -0.00250339
1.41656 0.0169835 -0.00325409
1.49613 0.0166677 -0.00396954
1.5726 0.0163139 -0.00462584
1.64572 0.015933 -0.00520984
1.71557 0.0155339 -0.00571348
1.78213 0.0151262 -0.00612431
1.84558 0.0147185 -0.00642532
1.90608 0.0143193 -0.00659972
1.96365 0.0139376 -0.0066309
2.01838 0.0135814 -0.00650618
2.0706 0.0132569 -0.00621542
2.09059 0.0131355 -0.00607471
2.10992 0.013021 -0.00592223
2.12813 0.0129162 -0.005753
2.14588 0.0128175 -0.00555971
2.16323 0.0127249 -0.00534095
2.18029 0.012638 -0.00509418
2.19704 0.0125572 -0.00481991
2.21358 0.0124825 -0.00451727
2.23007 0.0124135 -0.00418316
2.24658 0.0123505 -0.00381743
2.26323 0.0122936 -0.00341829
2.28012 0.0122432 -0.00298585
2.29749 0.0121995 -0.00251629
2.31529 0.0121636 -0.00201315
2.33362 0.0121365 -0.0014782
2.35269 0.0121192 -0.000910742
2.37237 0.0121129 -0.000318674
2.39163 0.012118 0.000263052
2.41105 0.0121344 0.000847487
2.43061 0.0121624 0.00142831
2.44984 0.0122005 0.00198453
2.4699 0.0122516 0.00254664
2.49146 0.0123191 0.0031314
2.51419 0.0124038 0.00372817
2.53891 0.0125115 0.00435369
2.56531 0.0126433 0.00499272
2.59323 0.0128007 0.0056366
2.61878 0.0129589 0.006195
2.64575 0.0131413 0.0067613
2.67417 0.0133498 0.00733536
2.7022 0.0135706 0.00788137
2.77147 0.0142103 0.00923239
2.83989 0.0149206 0.0103819
2.91283 0.0157582 0.0114843
2.9822 0.0166195 0.0124173
3.04759 0.0174843 0.0132241
3.10813 0.0183267 0.0139126
3.16378 0.019133 0.0144921
3.21443 0.0198905 0.0149533
3.23268 0.0201671 0.0151594
3.24892 0.0204164 0.0153499
3.26272 0.0206303 0.0155017
3.27576 0.0208341 0.0156276
3.2881 0.0210282 0.0157211
3.2999 0.0212143 0.0157749
3.31123 0.021393 0.0157776
3.32219 0.0215653 0.0157116
3.33299 0.0217331 0.0155497
3.34394 0.0219 0.0152377
