t x vx
0.01 0.0164981 -0.000193616
0.02 0.0164927 -0.00053849
0.0487748 0.0164501 -0.00147976
0.0774751 0.0163829 -0.00234043
0.107836 0.0162868 -0.00316686
0.139293 0.0161633 -0.00392504
0.17164 0.0160144 -0.00460228
0.204474 0.0158443 -0.005182
0.23753 0.0156579 -0.00564011
0.270636 0.0154602 -0.00596919
0.303762 0.0152564 -0.00615353
0.336777 0.0150524 -0.00617843
0.369753 0.0148535 -0.00603364
0.402819 0.0146646 -0.00571073
0.435948 0.0144925 -0.00519672
0.469246 0.0143415 -0.0045344
0.502898 0.0142172 -0.00369355
0.537052 0.0141251 -0.00269688
0.571657 0.0140708 -0.00156747
0.605183 0.0140584 -0.00036937
0.637766 0.0140864 0.000858609
0.673028 0.0141651 0.00223167
0.710522 0.0143028 0.00367351
0.747382 0.0144895 0.00506359
0.783551 0.0147224 0.00643961
0.818942 0.0149967 0.00775139
0.853495 0.0153068 0.00897465
0.887228 0.0156479 0.0101096
0.920188 0.0160155 0.0111549
0.952408 0.0164053 0.012096
0.983818 0.0168109 0.0129152
1.0144 0.0172268 0.013596
1.04414 0.0176467 0.0141212
1.07307 0.0180654 0.0144724
1.10124 0.0184774 0.0146277
1.12867 0.0188771 0.0145682
1.15544 0.0192592 0.0142742
1.18165 0.0196191 0.0137318
1.19191 0.0197574 0.013475
1.20204 0.0198912 0.0132093
1.21171 0.020016 0.0129163
1.22126 0.0201362 0.012585
1.23068 0.0202513 0.012215
1.24006 0.0203621 0.0118037
1.24943 0.0204683 0.0113501
1.25882 0.0205702 0.0108528
1.26826 0.0206676 0.0103109
1.27775 0.0207599 0.00972686
1.28735 0.0208473 0.00909984
1.29705 0.0209291 0.00843421
1.30683 0.0210047 0.00773646
1.31669 0.0210739 0.00701361
1.32639 0.0211348 0.0062843
1.33596 0.0211881 0.00556957
1.34574 0.0212355 0.0048429
1.35551 0.0212758 0.0041271
1.36578 0.0213107 0.00339239
1.37607 0.0213383 0.00268164
1.38675 0.0213594 0.00197332
1.3975 0.0213732 0.00129102
1.40828 0.02138 0.000631417
1.41933 0.0213798 -1.78097e-05
1.43101 0.021372 -0.000673743
1.44332 0.0213555 -0.00133477
1.45717 0.0213272 -0.00204817
1.47236 0.0212847 -0.00279757
1.48759 0.0212311 -0.00351764
1.50281 0.021167 -0.0042127
1.51796 0.0210929 -0.00488675
1.53298 0.0210097 -0.00554179
1.54776 0.0209184 -0.00617698
1.56219 0.0208204 -0.00679222
1.57627 0.0207164 -0.00738977
1.59006 0.0206064 -0.00797461
1.60358 0.0204908 -0.00854969
1.61684 0.0203699 -0.00911772
1.62988 0.0202436 -0.00968105
1.64271 0.0201123 -0.0102413
1.65532 0.0199761 -0.0107992
1.66773 0.0198351 -0.0113553
1.67995 0.0196896 -0.0119106
1.69199 0.0195396 -0.0124662
1.70385 0.0193851 -0.0130229
1.73309 0.0189644 -0.0143877
1.76183 0.0185128 -0.0157127
1.79246 0.0179888 -0.0171054
1.8227 0.017431 -0.0184487
1.85275 0.0168378 -0.0197401
1.88201 0.0162255 -0.0209259
1.91001 0.01561 -0.0219858
1.93676 0.014997 -0.0229133
1.96223 0.0143936 -0.0236869
1.98642 0.0138061 -0.0242872
2.00932 0.0132409 -0.0246857
2.01789 0.0130273 -0.0249211
2.02586 0.0128267 -0.0251467
2.03293 0.0126478 -0.0253319
2.03969 0.0124755 -0.0254863
2.04617 0.0123096 -0.0256073
2.05239 0.0121496 -0.0256905
2.05838 0.0119956 -0.0257285
2.06412 0.0118479 -0.0257137
2.06963 0.0117067 -0.0256355
2.07492 0.011572 -0.0254825
2.07999 0.0114439 -0.0252387
2.08489 0.011322 -0.0248824
2.08965 0.011206 -0.0243728
