t x vx
0.01 0.016498 -0.000200459
0.02 0.0164925 -0.000548242
0.0487208 0.0164496 -0.00149428
0.0773446 0.0163821 -0.002357
0.107648 0.0162856 -0.0031845
0.139049 0.0161618 -0.00394297
0.171383 0.0160124 -0.00462042
0.204166 0.015842 -0.00519859
0.237195 0.0156552 -0.00565509
0.270279 0.0154573 -0.00598162
0.303374 0.0152534 -0.00616278
0.336376 0.0150493 -0.00618379
0.369344 0.0148503 -0.00603447
0.4024 0.0146617 -0.00570636
0.435522 0.0144899 -0.00518707
0.468821 0.0143404 -0.00449042
0.502478 0.0142186 -0.00361863
0.536606 0.01413 -0.00259564
0.571273 0.01408 -0.00144189
0.604744 0.0140723 -0.000229945
0.637298 0.0141052 0.00101072
0.672756 0.0141904 0.00240303
0.710386 0.0143356 0.00385699
0.747089 0.014528 0.00524378
0.782944 0.0147649 0.00660664
0.818068 0.0150426 0.00790526
0.852382 0.0153554 0.0091174
0.885888 0.0156981 0.0102278
0.918669 0.016067 0.0112542
0.950471 0.016454 0.012168
0.981344 0.0168541 0.0129581
1.01139 0.017263 0.013612
1.04065 0.0176761 0.0141144
1.0692 0.0180885 0.014446
1.09704 0.0184944 0.0145804
1.12417 0.0188877 0.0145006
1.15066 0.0192636 0.0141875
1.17662 0.0196174 0.0136252
1.18685 0.019754 0.0133537
1.19696 0.0198861 0.0130775
1.20663 0.0200097 0.0127733
1.21619 0.0201285 0.0124306
1.22564 0.0202423 0.0120485
1.23504 0.0203517 0.0116245
1.24444 0.0204566 0.0111626
1.25387 0.0205571 0.0106572
1.26333 0.0206527 0.01011
1.27285 0.0207434 0.00952112
1.28249 0.020829 0.00889026
1.29222 0.020909 0.00822297
1.30204 0.0209829 0.00752474
1.31176 0.0210492 0.00681598
1.32137 0.0211079 0.0061057
1.33084 0.021159 0.00540455
1.3405 0.0212044 0.00469321
1.3503 0.0212434 0.00398306
1.36048 0.0212766 0.00326338
1.37082 0.0213031 0.00255796
1.38148 0.0213229 0.00186024
1.39251 0.0213358 0.00116898
1.40365 0.0213414 0.000500465
1.41509 0.0213396 -0.000159567
1.42678 0.0213302 -0.000804435
1.43906 0.0213123 -0.00145433
1.45261 0.0212832 -0.00214507
1.46777 0.0212394 -0.00288858
1.48292 0.0211849 -0.0036023
1.49808 0.0211198 -0.00429412
1.51317 0.0210448 -0.00496697
1.52812 0.0209608 -0.00562178
1.54281 0.0208688 -0.00625762
1.55714 0.0207704 -0.00687329
1.57113 0.0206658 -0.00747262
1.58484 0.0205553 -0.00806021
1.59828 0.0204392 -0.00863859
1.61148 0.0203176 -0.00921012
1.62446 0.0201907 -0.00977725
1.63722 0.0200588 -0.0103413
1.64976 0.019922 -0.0109031
1.66211 0.0197805 -0.0114634
1.67427 0.0196343 -0.0120231
1.68625 0.0194835 -0.0125833
1.71577 0.0190711 -0.0139703
1.74486 0.0186256 -0.0153165
1.77578 0.0181081 -0.0167341
1.80625 0.0175567 -0.0181018
1.83641 0.016971 -0.0194198
1.86594 0.0163611 -0.0206455
1.89422 0.0157462 -0.021747
1.92125 0.0151322 -0.0227188
1.94701 0.0145256 -0.0235426
1.97148 0.0139336 -0.0241986
1.99468 0.0133614 -0.0246598
2.00338 0.0131447 -0.0249247
2.01148 0.0129406 -0.0251775
2.01868 0.0127579 -0.0253901
2.02557 0.0125815 -0.0255735
2.03219 0.0124113 -0.0257252
2.03856 0.0122467 -0.0258423
2.04468 0.012088 -0.0259181
2.05056 0.0119354 -0.0259453
2.0562 0.0117893 -0.0259149
2.06161 0.0116497 -0.0258156
2.0668 0.0115167 -0.0256335
2.07179 0.0113903 -0.0253511
2.07661 0.0112701 -0.0249396
