t x vx
0.01 0.0330001 7.27719e-06
0.02 0.0330002 1.17689e-05
0.0528644 0.0330009 2.20627e-05
0.0859475 0.0330018 2.76995e-05
0.119541 0.0330029 3.23418e-05
0.154379 0.0330042 3.6914e-05
0.189996 0.0330047 1.48724e-05
0.226486 0.0330041 -1.68381e-05
0.263616 0.033003 -2.90588e-05
0.300832 0.033002 -2.69388e-05
0.337881 0.0330024 9.04086e-06
0.374743 0.0330038 3.76888e-05
0.411178 0.0330038 1.69997e-06
0.446515 0.0329997 -0.000117522
0.481553 0.0329907 -0.000257362
0.516638 0.0329771 -0.000385091
0.551548 0.0329599 -0.000494699
0.586174 0.0329401 -0.000570688
0.620597 0.0329196 -0.000596269
0.654887 0.0329007 -0.000551907
0.689055 0.0328864 -0.000418305
0.723091 0.03288 -0.000187384
0.756994 0.0328853 0.000155585
0.790733 0.0329053 0.000595142
0.82422 0.0329421 0.00109775
0.857477 0.0329967 0.00164128
0.890544 0.0330695 0.00220321
0.923457 0.033161 0.00277872
0.956249 0.0332708 0.00334922
0.988941 0.0333984 0.00390246
1.02157 0.033543 0.00443124
1.05417 0.0337026 0.00489395
1.08678 0.0338744 0.00527135
1.1194 0.034055 0.00553479
1.15202 0.0342398 0.00566651
1.18463 0.034424 0.0056484
1.21722 0.0346019 0.00546042
1.24974 0.0347672 0.00508181
1.28221 0.0349135 0.00450435
1.31461 0.0350348 0.0037434
1.34688 0.0351256 0.00281346
1.37883 0.0351817 0.00175752
1.41044 0.0352012 0.000616902
1.44147 0.0351831 -0.000584944
1.47209 0.0351288 -0.00177307
1.50316 0.0350381 -0.00291915
1.5342 0.0349144 -0.00398362
1.56527 0.034761 -0.00493756
1.59639 0.0345827 -0.00573021
1.62756 0.0343857 -0.00631923
1.65895 0.0341764 -0.00666841
1.69072 0.0339624 -0.00673804
1.72182 0.0337589 -0.00654284
1.75246 0.033572 -0.00609916
1.78406 0.0334008 -0.00541792
1.8156 0.0332567 -0.00456615
1.84758 0.0331408 -0.00362643
1.88019 0.0330537 -0.00267005
1.9119 0.0329969 -0.00179246
1.94319 0.0329627 -0.00109076
1.97427 0.0329431 -0.000632234
2.00471 0.0329286 -0.00047699
2.03597 0.0329091 -0.000624211
2.06767 0.0328762 -0.00103745
2.09938 0.0328206 -0.0017538
2.13061 0.032736 -0.00270833
2.16112 0.0326198 -0.00380818
2.19136 0.0324701 -0.00495025
2.22146 0.0322889 -0.00601891
2.25148 0.0320812 -0.00691902
2.28197 0.0318497 -0.00759116
2.31251 0.0316078 -0.0079253
2.34381 0.0313638 -0.00779413
2.37455 0.0311441 -0.00714718
2.40497 0.0309715 -0.00567442
2.4355 0.0308595 -0.00366864
2.46606 0.0308244 -0.00114626
2.49593 0.0308666 0.00141159
2.52492 0.0309954 0.00444337
2.55354 0.0312132 0.00761098
2.58309 0.0315323 0.0107991
2.61244 0.0319329 0.0136488
2.64114 0.032392 0.0159932
2.6698 0.0328994 0.0177058
2.69966 0.0334582 0.018715
2.7296 0.0340224 0.0188405
2.75942 0.0345613 0.0180769
2.78836 0.0350382 0.0164772
2.81617 0.0354314 0.0141405
2.84334 0.0357357 0.0111965
2.87083 0.0359464 0.00766585
2.89959 0.0360529 0.00370461
2.92952 0.0360329 -0.000669954
2.95928 0.0358874 -0.00488924
2.98972 0.0356304 -0.00844304
3.02048 0.0352938 -0.0109418
3.05181 0.0349143 -0.0121133
3.08268 0.0345469 -0.0119008
3.1132 0.0342313 -0.0103385
3.14378 0.0340016 -0.00751292
3.1745 0.0338915 -0.00358247
3.20378 0.0339272 0.00121899
3.23453 0.0341403 0.00692626
3.26507 0.0345306 0.0127845
3.297 0.0351087 0.0181053
3.3289 0.0358226 0.0223795
3.3613 0.0366371 0.0251346
3.39216 0.0374402 0.0260263
3.42307 0.0382146 0.025056
3.45353 0.0388873 0.0220779
3.48437 0.0394151 0.0171158
3.51498 0.0397379 0.0105458
3.54434 0.0398285 0.00308704
3.57314 0.039688 -0.004879
3.60246 0.0393086 -0.012943
3.63126 0.0387308 -0.0200632
3.66047 0.0379765 -0.025825
3.68932 0.0371144 -0.0298799
3.71798 0.0361947 -0.0320825
3.74571 0.0352967 -0.0323881
3.77241 0.0344666 -0.0310862
3.79855 0.0337283 -0.0282526
3.8264 0.0330704 -0.0236201
3.85532 0.0325672 -0.0173992
3.88507 0.0322718 -0.00992902
3.91562 0.0322179 -0.00176361
3.94626 0.0324112 0.00630665
3.97561 0.0328086 0.0135402
4.00724 0.0334314 0.0196926
4.037 0.0341422 0.0238881
4.0686 0.0349669 0.0260937
4.09934 0.0357661 0.0259965
4.12974 0.036489 0.0237798
4.16015 0.0370766 0.0193215
4.18997 0.037469 0.0131614
4.21978 0.0376416 0.0057913
4.24834 0.037581 -0.00212239
4.27852 0.037264 -0.010504
4.30845 0.0367187 -0.0182147
4.33786 0.0360023 -0.0243656
4.36742 0.0351506 -0.028808
4.39706 0.0342256 -0.0312091
4.42631 0.0333043 -0.031503
4.45484 0.0324571 -0.0296901
4.48179 0.0317502 -0.0262294
4.50903 0.0311785 -0.0209916
4.53731 0.0307777 -0.0141693
4.56618 0.030601 -0.00611824
4.5961 0.0306833 0.00274762
4.6258 0.0310225 0.0114215
4.65465 0.0315745 0.0191375
4.68479 0.0323509 0.0257564
4.71426 0.0332478 0.0304354
4.74409 0.0342339 0.0330547
4.77385 0.0352294 0.033453
4.80278 0.0361435 0.0315937
4.8311 0.0369336 0.0279029
4.85982 0.0375704 0.0221758
4.88832 0.0379971 0.0149682
4.91679 0.0381934 0.00689385
4.94589 0.0381425 -0.00174685
4.97559 0.0378337 -0.0104006
5.00362 0.0373348 -0.0177989
5.03389 0.036612 -0.0238734
5.06252 0.0358145 -0.0278629
5.09134 0.0349539 -0.0298538
5.12008 0.0340998 -0.0297239
5.1487 0.0333112 -0.027555
5.17487 0.032687 -0.0238474
5.20236 0.0321814 -0.0183892
5.23115 0.0318543 -0.0113661
5.25982 0.0317574 -0.00337983
5.29077 0.0319235 0.00537091
5.32148 0.0323472 0.013793
5.35172 0.0329804 0.0209383
5.3822 0.0337915 0.0266146
5.41317 0.0347301 0.0303061
5.44338 0.0356863 0.031653
5.47383 0.0366202 0.0306654
5.50318 0.03743 0.0275959
5.53238 0.0380851 0.0224273
5.56233 0.0385457 0.015383
5.59081 0.0387582 0.0074612
5.61875 0.0387306 -0.000989174
5.64844 0.0384345 -0.00997194
5.67718 0.0379157 -0.0180534
5.70676 0.0371861 -0.0246666
5.73544 0.0363424 -0.0294122
5.7639 0.0354274 -0.0321483
5.79255 0.0344862 -0.0328603
5.82068 0.0336003 -0.0314863
5.84716 0.0328456 -0.0285061
5.87479 0.0321919 -0.0236547
5.90298 0.0317066 -0.0172164
5.93178 0.0314326 -0.00951652
5.96182 0.0314074 -0.00083815
5.99063 0.0316226 0.00747272
6.01928 0.0320605 0.0152829
6.04947 0.0327267 0.0220624
6.07788 0.0334922 0.0269463
6.10878 0.0344233 0.0301367
6.13911 0.0353621 0.0309534
6.16918 0.0362485 0.0294749
6.19849 0.0370113 0.0260198
6.22756 0.0376073 0.0205059
6.25746 0.0380044 0.0132813
6.28626 0.0381579 0.00532929
6.31449 0.0380741 -0.0029697
6.34461 0.037724 -0.011621
6.37291 0.0371866 -0.018992
6.40322 0.0364283 -0.0250157
6.43184 0.0355992 -0.0289639
6.46069 0.0347065 -0.0309495
6.48957 0.0338176 -0.03078
6.51828 0.0329969 -0.0285799
6.54473 0.0323405 -0.0248151
6.57278 0.0318026 -0.0191786
6.60156 0.0314557 -0.0120551
6.63051 0.031342 -0.0039259
6.66149 0.0314947 0.00492986
6.69259 0.031915 0.0135126
6.72278 0.0325414 0.0207444
6.7533 0.0333511 0.0265318
6.78422 0.0342892 0.0303417
6.81449 0.0352528 0.0318368
6.84483 0.0361941 0.031023
6.87411 0.0370175 0.0281229
6.90314 0.0376912 0.0232047
6.93327 0.0381846 0.0163736
6.96174 0.0384295 0.00860221
6.99067 0.0384316 7.46047e-05
7.02051 0.0381688 -0.00880812
7.04997 0.0376695 -0.016948
7.07902 0.0369868 -0.0235021
7.10833 0.0361567 -0.0283264
7.13774 0.0352428 -0.0310731
7.16672 0.0343236 -0.0317199
7.19505 0.0334653 -0.0302919
7.22172 0.0327386 -0.0272525
7.24917 0.0321241 -0.0223816
7.27739 0.0316745 -0.0159319
7.30606 0.0314379 -0.00825411
7.33525 0.0314427 0.000163791
7.36455 0.0316921 0.00851224
7.39241 0.0321398 0.0160721
7.42274 0.0328321 0.0228234
7.45126 0.03362 0.0276322
7.48223 0.0345701 0.0306736
7.51254 0.03552 0.0313356
7.54246 0.0364081 0.0296857
7.57162 0.0371687 0.0260855
7.60055 0.0377604 0.0204551
7.63029 0.038151 0.0131295
7.65899 0.0382973 0.00509616
7.68724 0.0382052 -0.00325948
7.71696 0.0378519 -0.0118892
7.74558 0.0372977 -0.0193602
7.77537 0.0365424 -0.0253606
7.80376 0.0357094 -0.0293399
7.83268 0.0348022 -0.0313721
7.8614 0.0339043 -0.031258
7.89004 0.0330702 -0.029129
7.91635 0.0324003 -0.0254614
7.94417 0.0318458 -0.01993
7.97301 0.0314743 -0.0128839
8.00203 0.0313346 -0.00481147
8.03326 0.0314626 0.00409699
8.06358 0.0318432 0.012554
8.09378 0.0324441 0.0198961
8.12463 0.0332422 0.0258696
8.15583 0.0341717 0.0297984
8.18638 0.0351307 0.0313856
8.2168 0.0360636 0.0306701
8.24605 0.0368791 0.027876
8.27515 0.0375502 0.0230672
8.30512 0.0380411 0.0163757
8.33357 0.0382886 0.00870269
8.36236 0.0382969 0.000287934
8.39238 0.0380393 -0.00858393
8.42202 0.037543 -0.0167423
8.45092 0.0368696 -0.0233016
8.48067 0.0360306 -0.028203
8.51023 0.0351146 -0.0309806
8.53936 0.0341927 -0.0316564
8.56776 0.033334 -0.0302311
8.5946 0.0326047 -0.027169
8.62192 0.0319951 -0.0223166
8.65014 0.0315476 -0.0158572
8.67889 0.0313135 -0.00814282
8.708 0.0313217 0.000282097
8.73761 0.0315801 0.00872422
8.76537 0.0320317 0.0162682
8.79553 0.0327259 0.0230219
8.82422 0.0335258 0.0278719
8.85519 0.0344829 0.0309041
8.88561 0.0354429 0.0315638
8.91545 0.0363357 0.0299202
8.94455 0.0371023 0.0263445
8.97343 0.0377015 0.0207494
9.00311 0.0381013 0.0134685
9.03179 0.0382575 0.00544625
9.06006 0.0381751 -0.00291471
9.0899 0.0378295 -0.0115825
9.11832 0.0372884 -0.019042
9.14861 0.0365268 -0.0251429
9.17724 0.0356921 -0.0291542
9.20616 0.03479 -0.031194
9.23499 0.0338932 -0.0311071
9.26372 0.0330598 -0.0290105
9.2901 0.0323903 -0.0253704
9.31795 0.0318365 -0.0198884
9.34679 0.0314646 -0.012895
9.37576 0.0313232 -0.00488094
9.40707 0.0314485 0.00400403
9.43751 0.0318277 0.0124523
9.46773 0.0324253 0.0197798
9.49862 0.0332202 0.0257355
9.52981 0.034145 0.029647
9.5605 0.0351035 0.0312318
9.59098 0.0360334 0.0305084
9.62031 0.0368456 0.0276875
9.64947 0.0375121 0.0228626
9.67946 0.0379968 0.0161621
9.70792 0.0382388 0.00850031
9.73675 0.0382416 9.80629e-05
9.76688 0.0379777 -0.00876062
9.79653 0.0374779 -0.0168544
9.82553 0.0368002 -0.023367
9.85528 0.0359616 -0.0281911
9.88492 0.035046 -0.0308956
9.91409 0.0341271 -0.0314975
9.94257 0.0332728 -0.0299995
9.96942 0.0325515 -0.026865
9.99687 0.0319492 -0.0219386
10.0251 0.0315128 -0.0154325
10.0539 0.0312916 -0.0076955
10.083 0.0313122 0.000708203
10.1132 0.0315916 0.00925169
10.1408 0.032052 0.0166738
10.1713 0.0327637 0.0233703
10.2002 0.033576 0.0280823
10.2311 0.0345322 0.0309053
10.2619 0.0354951 0.0313517
10.2917 0.036374 0.0294975
10.3208 0.0371233 0.0257038
10.3498 0.0377006 0.0199438
10.3793 0.0380714 0.012564
10.4079 0.0382005 0.00450776
10.4363 0.0380908 -0.00385957
10.4659 0.0377237 -0.0123971
10.4947 0.0371544 -0.0197592
10.5245 0.0363917 -0.0256062
10.5529 0.0355569 -0.0294241
10.5822 0.0346413 -0.0312833
10.611 0.0337487 -0.0309699
10.6397 0.0329267 -0.0286745
10.666 0.0322717 -0.0248571
10.6938 0.0317374 -0.0192402
10.7229 0.031387 -0.0120534
10.7521 0.0312739 -0.00386967
10.7831 0.0314282 0.00496775
10.8145 0.0318521 0.013521
10.8447 0.0324752 0.0206558
10.8751 0.0332747 0.0262987
10.9061 0.034206 0.0300042
10.9367 0.0351676 0.0314143
10.9671 0.0360964 0.0305336
10.9966 0.0369084 0.0275413
11.0259 0.0375688 0.0225479
11.0564 0.0380455 0.0156096
11.0851 0.0382702 0.00782969
11.1144 0.0382501 -0.000688831
11.1447 0.0379615 -0.00952263
11.1745 0.0374416 -0.0174693
11.2041 0.0367353 -0.0238638
11.2334 0.0359029 -0.0283835
11.263 0.034991 -0.0308313
11.2921 0.0340825 -0.0311657
11.3207 0.0332412 -0.029434
11.3474 0.0325442 -0.0261166
11.3753 0.0319597 -0.0209336
11.4037 0.0315539 -0.0142696
11.4325 0.0313677 -0.00647378
11.4628 0.0314322 0.00213445
11.4928 0.0317498 0.0105529
11.521 0.0322525 0.0178441
11.5528 0.033026 0.0243498
11.5817 0.0338522 0.0285978
11.6124 0.0348003 0.0309041
11.6432 0.0357507 0.0308375
11.6729 0.0365976 0.0285253
11.7021 0.0373072 0.0242454
11.7313 0.0378355 0.0181162
11.7602 0.0381424 0.0106296
11.7886 0.0382133 0.00249226
11.8167 0.0380492 -0.00585568
11.8474 0.0376045 -0.014485
11.8757 0.036997 -0.0214244
11.9056 0.0361928 -0.0268959
11.9343 0.0353241 -0.0302767
11.9639 0.0343876 -0.0316093
11.9924 0.0335104 -0.0307644
12.0203 0.0327277 -0.0280877
12.0468 0.0320968 -0.0238485
12.0746 0.0315986 -0.0178728
12.1038 0.0312964 -0.0103599
12.1333 0.03124 -0.00190826
12.1627 0.0314308 0.00650989
12.193 0.0318791 0.0147521
12.2229 0.0325268 0.0216625
12.2524 0.0333199 0.0269304
12.2833 0.0342586 0.0303924
12.3139 0.0352257 0.0315674
12.3441 0.0361457 0.0304787
12.3735 0.0369499 0.0273255
12.4027 0.037598 0.0221852
12.433 0.0380577 0.0151855
12.462 0.0382694 0.00729852
12.4919 0.0382287 -0.00136202
12.5223 0.0379182 -0.0101871
12.5519 0.0373864 -0.0179734
12.5826 0.0366403 -0.0243275
12.6118 0.0358061 -0.0285756
12.6411 0.0349035 -0.0307907
12.6702 0.0340033 -0.0308896
12.699 0.03317 -0.0289268
12.7256 0.0324941 -0.0254186
12.7539 0.0319277 -0.0200212
12.7826 0.0315498 -0.0131805
12.8115 0.0313967 -0.00529306
12.8428 0.0315056 0.00348312
12.8732 0.0318668 0.0118737
12.903 0.0324367 0.0191453
12.9343 0.0332257 0.0251851
12.9647 0.0341122 0.0291074
12.9959 0.0350703 0.0308041
13.0265 0.0359931 0.0301564
13.056 0.036803 0.027388
13.0854 0.0374665 0.0226098
13.1152 0.037944 0.0159999
13.1437 0.038183 0.00839914
13.1724 0.0381853 7.8772e-05
13.2023 0.0379246 -0.00870756
13.232 0.0374258 -0.0167823
13.261 0.0367509 -0.0233122
13.2912 0.0359004 -0.02819
13.3209 0.0349801 -0.030903
13.3503 0.0340559 -0.0315298
13.3788 0.0331971 -0.0300663
13.4058 0.03247 -0.0269499
13.4332 0.0318641 -0.0220928
13.4615 0.0314217 -0.0156224
13.4904 0.0311934 -0.00791873
13.5196 0.0312071 0.000470805
13.55 0.0314815 0.00902477
13.5779 0.0319396 0.0164428
13.6084 0.0326453 0.023128
13.6375 0.0334556 0.0278151
13.6686 0.0344077 0.0306069
13.6998 0.0353733 0.0310058
13.7297 0.0362445 0.0291202
13.759 0.0369848 0.0252635
13.7881 0.037552 0.0194977
13.8177 0.037911 0.0121414
13.8464 0.0380294 0.00412467
13.8751 0.0379078 -0.0042278
13.9049 0.0375301 -0.0126736
13.9338 0.0369566 -0.0198643
13.964 0.0361854 -0.0255772
13.9925 0.0353518 -0.0291925
14.022 0.0344419 -0.0308454
14.0511 0.0335607 -0.0303142
14.08 0.0327578 -0.0277841
14.1065 0.0321279 -0.023753
14.1344 0.0316262 -0.0180172
14.1637 0.031313 -0.0106769
14.1931 0.0312424 -0.00239852
14.2234 0.0314287 0.00615841
14.2545 0.0318795 0.014496
14.2846 0.0325246 0.0214236
14.3141 0.0333144 0.026712
14.3451 0.0342511 0.0302151
14.376 0.0352195 0.0314206
14.4064 0.0361417 0.0303445
14.4359 0.0369458 0.0271967
14.4653 0.0375938 0.0220775
14.4958 0.0380534 0.0150573
14.525 0.0382621 0.00715358
14.5548 0.0382182 -0.00147388
14.5853 0.0379047 -0.0102726
14.615 0.0373698 -0.0180269
14.6457 0.0366208 -0.0243511
14.675 0.0357857 -0.0285534
14.7044 0.0348813 -0.0307242
14.7336 0.0339827 -0.0307617
14.7625 0.033152 -0.0287539
14.7892 0.0324809 -0.0251989
14.8174 0.031921 -0.0198001
14.8462 0.0315492 -0.0129344
14.8752 0.0314033 -0.00503733
