t x vx
0.01 0.0330001 6.73707e-06
0.02 0.0330002 1.0882e-05
0.0797722 0.0330013 1.80135e-05
0.139942 0.0330031 3.07392e-05
0.204358 0.0330049 2.83338e-05
0.271863 0.0330108 8.75803e-05
0.341218 0.0330103 -8.21629e-06
0.408003 0.0330079 -3.55142e-05
0.476035 0.0330149 0.000102712
0.541761 0.0330322 0.000262924
0.60798 0.0330603 0.00042534
0.673821 0.0330942 0.000514139
0.73936 0.0331253 0.000474154
0.804396 0.0331448 0.000301135
0.86885 0.0331464 2.35677e-05
0.932901 0.0331249 -0.000334589
0.996579 0.0330795 -0.000712788
1.05998 0.0330172 -0.000983862
1.12319 0.0329489 -0.00107934
1.1861 0.0328914 -0.000914447
1.24855 0.0328626 -0.000461709
1.31053 0.032876 0.000216272
1.37208 0.0329425 0.00108051
1.43333 0.0330631 0.00196878
1.49445 0.0332282 0.0027008
1.55561 0.0334138 0.00303493
1.61702 0.0335836 0.00276536
1.67888 0.0336972 0.00183717
1.74084 0.0337233 0.000420709
1.80235 0.0336414 -0.0013315
1.86374 0.0334534 -0.00306166
1.92488 0.0331765 -0.00452983
1.98574 0.0328487 -0.00538582
2.04488 0.0325282 -0.00541997
2.1031 0.0322623 -0.00456649
2.16059 0.0320961 -0.00289023
2.21933 0.0320674 -0.000489509
2.27715 0.0321839 0.00201537
2.33451 0.0324282 0.00425924
2.39118 0.0327612 0.00587581
2.44833 0.0331359 0.00655565
2.50497 0.0334761 0.00600656
2.56057 0.0337207 0.00440015
2.61335 0.0338274 0.00202078
2.6644 0.0337799 -0.000929256
2.7171 0.0335691 -0.00400018
2.7719 0.033198 -0.00677259
2.82791 0.0327243 -0.00845613
2.88578 0.032222 -0.00868094
2.9395 0.0318163 -0.00755212
2.9979 0.0315527 -0.00451273
3.05605 0.0315474 -9.10846e-05
3.11582 0.031843 0.00494441
3.17508 0.0324127 0.0096137
3.23416 0.0331868 0.013104
3.29255 0.0340334 0.0144985
3.35186 0.0348252 0.0133502
3.41057 0.0353989 0.00977277
3.46892 0.0356575 0.00443077
3.52616 0.0355344 -0.00214954
3.58231 0.0350307 -0.00897148
3.63863 0.0341808 -0.0150918
3.69495 0.0331037 -0.0191226
3.75089 0.0319848 -0.0200017
3.80556 0.0310042 -0.0179372
3.85877 0.0302922 -0.0133817
3.91528 0.0299428 -0.00618283
3.96686 0.0300328 0.00174447
4.02429 0.0306288 0.0103784
4.08358 0.0316719 0.0175911
4.14134 0.0329193 0.0215978
4.19994 0.0341845 0.0215917
4.25863 0.0352225 0.0176861
4.31531 0.0358593 0.0112338
4.36953 0.0360375 0.00328822
4.42398 0.0357379 -0.00550243
4.47965 0.0349728 -0.0137445
4.53581 0.0338823 -0.0194196
4.59349 0.0326435 -0.0214769
4.64976 0.0315413 -0.0195867
4.70757 0.030719 -0.0142234
4.7633 0.0303592 -0.00645718
4.82022 0.0305452 0.00326883
4.87467 0.0312441 0.012836
4.93163 0.0324247 0.0207255
4.98948 0.0338503 0.0246422
5.04523 0.0352039 0.0242801
5.10397 0.0363427 0.0193872
5.16075 0.0369838 0.0112906
5.21546 0.0370458 0.00113419
5.26962 0.0365112 -0.00987254
5.32734 0.0353285 -0.0204876
5.38516 0.0337253 -0.0277289
5.44235 0.0320069 -0.0300468
5.49802 0.0304511 -0.0279481
5.55452 0.0292158 -0.0218619
5.61016 0.0285009 -0.0128499
5.66352 0.0283818 -0.0022323
5.71983 0.0289034 0.00926271
5.77877 0.0300571 0.0195725
5.83602 0.0315398 0.0258986
5.89126 0.0330846 0.0279679
5.94767 0.0345492 0.0259641
6.00283 0.0356708 0.0203321
6.05806 0.0363319 0.0119685
6.11204 0.0364627 0.00242379
6.16732 0.0360651 -0.00719268
6.2272 0.0351277 -0.0156541
6.2863 0.033927 -0.0203162
6.34448 0.0327184 -0.0207745
6.40099 0.0317291 -0.0175041
6.45703 0.031089 -0.0114219
6.51641 0.0309394 -0.00251939
6.56867 0.0312759 0.00643909
6.6266 0.0321516 0.0151168
6.68716 0.0334148 0.0208616
6.74665 0.0347372 0.0222282
6.8052 0.0358646 0.0192544
6.86601 0.0366055 0.0121846
6.92487 0.036749 0.00243791
6.97953 0.0363064 -0.0080973
7.03581 0.0352671 -0.0184664
7.09525 0.033718 -0.0260625
7.15339 0.0320428 -0.0288147
7.21036 0.0305046 -0.0269974
7.26543 0.0293122 -0.0216542
7.31799 0.028587 -0.0137967
7.37428 0.0284155 -0.00304583
7.4284 0.0288598 0.00820965
7.48746 0.0299814 0.0189883
7.54575 0.0314958 0.0259829
7.60364 0.0331379 0.0283643
7.66059 0.0346445 0.0264545
7.7173 0.0358235 0.020789
7.77257 0.03651 0.0124219
7.82655 0.0366668 0.00290512
7.8837 0.0362632 -0.00706318
7.94285 0.0353286 -0.0157997
8.00079 0.0341146 -0.0209521
8.05809 0.032856 -0.0219634
8.11474 0.031766 -0.019243
8.17146 0.031002 -0.0134704
8.23168 0.0307226 -0.00463924
8.2845 0.0309543 0.00438617
8.33905 0.0316743 0.013197
8.39858 0.0328548 0.0198338
8.45711 0.0341653 0.0223881
8.51526 0.0353667 0.0206617
8.57643 0.0362627 0.0146466
8.63466 0.0366082 0.00593371
8.68997 0.0363772 -0.00417668
8.74422 0.0355905 -0.0145004
8.80244 0.0342517 -0.0229989
8.86196 0.0326368 -0.0271291
8.91768 0.0311396 -0.0268722
8.97254 0.0298812 -0.0229394
9.02742 0.0290289 -0.0155282
9.08668 0.0287441 -0.00480639
9.13904 0.0290458 0.00576368
9.19307 0.0299205 0.0161899
9.25324 0.0313886 0.0243977
9.31074 0.0329917 0.0278808
9.36881 0.0345441 0.0267319
9.42676 0.0358019 0.0217029
9.48396 0.0365685 0.0134039
9.5394 0.0367771 0.00376335
9.59601 0.0364124 -0.00644226
9.65085 0.035559 -0.0155615
9.70646 0.0343537 -0.0216749
9.76397 0.0329877 -0.0237533
9.82029 0.0317544 -0.0218957
9.87807 0.0308138 -0.0162799
9.93325 0.0303577 -0.00826736
9.98803 0.0304271 0.00126713
10.0443 0.0310478 0.0110234
10.099 0.0320864 0.0189971
10.1553 0.0334009 0.0233398
10.2147 0.0347725 0.0230895
10.2752 0.035879 0.018313
10.333 0.0364914 0.0105845
10.3873 0.0365509 0.00109583
10.4433 0.0360189 -0.00948833
10.4999 0.0349236 -0.0193736
10.5586 0.0334011 -0.0259161
10.6159 0.0318085 -0.0277816
10.6728 0.0303652 -0.0253957
10.7298 0.0292802 -0.0190405
10.7848 0.0287204 -0.0101727
10.8402 0.0287577 0.000673114
10.8961 0.0294277 0.0119946
10.9519 0.0306501 0.0219113
11.0065 0.0321747 0.0279255
11.064 0.0338701 0.029489
11.1218 0.0354197 0.0268086
11.177 0.0365693 0.0208028
11.2317 0.0372354 0.0121885
11.2867 0.0373279 0.00167979
11.3422 0.036829 -0.00898741
11.4004 0.0357385 -0.0187503
11.4585 0.0342947 -0.02484
11.5157 0.0327856 -0.0264089
11.5717 0.0314329 -0.0241304
11.6279 0.0303988 -0.0184068
11.6871 0.0298301 -0.00961405
11.7393 0.0298118 -0.000350712
11.7958 0.0303386 0.00932147
11.8503 0.0312719 0.0171357
11.9052 0.0324679 0.0217794
11.9636 0.0337614 0.0221478
12.0242 0.0348651 0.0182148
12.0818 0.0355316 0.0115765
12.1363 0.0357094 0.0032598
12.1935 0.0353535 -0.00622143
12.253 0.0344564 -0.0150723
12.3101 0.0332573 -0.0210042
12.3665 0.0319618 -0.0229502
12.4216 0.0308099 -0.0209166
12.4791 0.0299463 -0.0150352
12.5338 0.029576 -0.00676285
12.5923 0.0298049 0.00391157
12.6475 0.0306021 0.0144449
12.7055 0.0319621 0.0234443
12.7637 0.0335945 0.0280869
12.8197 0.0351828 0.0283358
12.8778 0.0366026 0.0244313
12.9346 0.0375549 0.0167819
12.9895 0.0379298 0.00683041
13.0445 0.037673 -0.00466533
13.1011 0.0367375 -0.0165318
13.1597 0.0352119 -0.026035
13.2169 0.0334531 -0.0307729
13.2741 0.0317064 -0.030512
13.3284 0.0302443 -0.0269007
13.3806 0.0291683 -0.0206405
13.4357 0.0285348 -0.0115036
13.4901 0.0284908 -0.000807708
13.5441 0.0290263 0.00990219
13.6019 0.0301434 0.0193429
13.6607 0.0316009 0.0248046
13.7179 0.0330791 0.0258286
13.7779 0.0344364 0.0225998
13.835 0.0353693 0.016361
13.8917 0.0358339 0.0081852
13.9484 0.0357553 -0.0013848
14.0067 0.0351384 -0.0105921
14.0662 0.0340875 -0.017649
14.1262 0.032832 -0.0209367
14.1852 0.0316636 -0.0197898
14.2428 0.030785 -0.0152685
14.298 0.0303293 -0.00826023
14.3567 0.0304093 0.00136157
14.4103 0.0309942 0.0109196
14.4637 0.0320214 0.0192368
14.521 0.03341 0.0242485
14.579 0.0348455 0.024714
14.6396 0.0360856 0.0204842
14.6979 0.036837 0.0128752
14.7526 0.0370163 0.00327973
14.8091 0.0365866 -0.00761158
14.8647 0.0355774 -0.018125
14.9228 0.0340745 -0.025882
14.9816 0.0323768 -0.0288517
15.0378 0.0308429 -0.0273145
15.0936 0.0296079 -0.0221379
15.1471 0.0288449 -0.0142581
15.2024 0.0286285 -0.00391032
15.2572 0.0290222 0.00718879
15.3147 0.0300352 0.0176055
15.3739 0.0314883 0.0245462
15.4295 0.0329963 0.027116
15.4895 0.0344968 0.0250315
15.547 0.0356049 0.0192815
15.6035 0.0362263 0.0109793
15.6576 0.0363093 0.00153814
15.7143 0.0358512 -0.00807826
15.7762 0.0348333 -0.016427
15.8357 0.0335891 -0.0209171
15.894 0.0323516 -0.0212381
15.9514 0.0313315 -0.0177537
16.0086 0.0306858 -0.011292
16.0686 0.0305645 -0.00202388
16.1216 0.030948 0.00723591
16.1798 0.0318877 0.0161318
16.2415 0.0332382 0.0219078
16.3011 0.0346106 0.023014
16.3605 0.0357832 0.0197359
16.4211 0.0365336 0.0123813
16.4806 0.036669 0.00227673
16.5382 0.0361673 -0.00870417
16.5934 0.0351226 -0.0189508
16.6538 0.0335358 -0.0262714
16.7124 0.0318547 -0.0286677
16.7699 0.0303284 -0.0265567
16.8253 0.0291688 -0.0209034
16.878 0.0284969 -0.0127574
16.9332 0.0283821 -0.0020786
16.9877 0.0288925 0.00936438
17.0465 0.0300762 0.0201426
17.1059 0.0316768 0.0269323
17.165 0.0333873 0.0289276
17.2235 0.0349458 0.0266399
17.2804 0.0361327 0.0208761
17.3363 0.0368248 0.0123832
17.3905 0.0369607 0.00250815
17.4491 0.0364952 -0.00794606
17.5102 0.0354519 -0.0170801
17.5692 0.0341206 -0.0225441
17.6281 0.0327266 -0.0236644
17.6852 0.0315277 -0.0210158
17.7418 0.0306655 -0.0152213
17.8023 0.0302838 -0.0063142
17.8551 0.0304245 0.002662
17.9093 0.03104 0.011359
17.9662 0.0320856 0.0183596
18.0235 0.0333234 0.0216311
18.0809 0.034518 0.0208137
18.1428 0.0354999 0.015847
18.201 0.0359788 0.00823247
18.2585 0.0359105 -0.00118726
18.3151 0.0352988 -0.0108113
18.3759 0.0341286 -0.0192478
18.4367 0.0326803 -0.0238191
18.4959 0.0312649 -0.0238873
18.5533 0.0301126 -0.0200752
18.6114 0.0293677 -0.0128411
18.6707 0.0292011 -0.00280652
18.724 0.0296075 0.00762429
18.7825 0.0306598 0.0179917
18.843 0.0321725 0.0249913
18.9008 0.0337545 0.0273899
18.9602 0.0352457 0.0251149
19.0181 0.0363526 0.0191061
19.0757 0.0369385 0.0101642
19.1309 0.0369277 -0.000196767
19.188 0.0363092 -0.0108383
19.2478 0.0351023 -0.0201788
19.307 0.0336011 -0.0253497
19.3643 0.0321055 -0.0261064
19.4206 0.0308097 -0.022989
19.477 0.0298832 -0.0164377
19.5367 0.0294823 -0.00671318
19.5903 0.0296499 0.00312666
19.6443 0.0303304 0.0126075
19.7017 0.0314983 0.0203635
19.7605 0.0328995 0.0238081
19.8172 0.0342158 0.0232184
19.8782 0.0353413 0.0184461
19.9364 0.0359759 0.0109046
19.9932 0.0360593 0.00146685
20.0529 0.0355397 -0.00871249
20.1149 0.0344453 -0.0176565
20.1734 0.0330962 -0.0230644
20.2319 0.0316851 -0.0241221
20.2901 0.0304626 -0.0209929
20.3491 0.0296237 -0.0142074
20.4054 0.0293406 -0.00503246
20.4593 0.0296196 0.00517639
20.5155 0.0304906 0.0154971
20.5753 0.0318997 0.0235433
20.6339 0.033488 0.0271013
20.6913 0.0349972 0.0263085
20.7505 0.0362598 0.0213201
20.8083 0.0370146 0.0130731
20.8648 0.0371684 0.00272044
20.9227 0.0366849 -0.00834527
20.9797 0.0356287 -0.0185322
21.0384 0.0341405 -0.0253906
21.0976 0.0325112 -0.0275141
21.1545 0.031066 -0.0253654
21.2123 0.0299448 -0.0194285
21.2676 0.029334 -0.011036
21.3215 0.0292654 -0.00127346
21.378 0.0297836 0.00917316
21.4346 0.0308192 0.0182817
21.4924 0.0321786 0.023531
21.5517 0.0336208 0.0243268
21.6125 0.0348904 0.0208603
21.6697 0.0357183 0.0144944
21.7245 0.0360627 0.00628432
21.7804 0.0358797 -0.00327249
21.8405 0.0350918 -0.0131093
21.8986 0.0339111 -0.0202955
21.958 0.0325182 -0.0234866
22.0177 0.0311947 -0.0221455
22.0752 0.0302193 -0.0169709
22.1304 0.0297088 -0.00925312
22.1908 0.0297809 0.00119392
22.2428 0.0303574 0.0110933
22.2994 0.0315071 0.0202989
22.3585 0.0330231 0.0256697
22.4176 0.0345948 0.0265612
22.4775 0.0359807 0.0231434
22.535 0.0369144 0.016236
22.5892 0.0373105 0.00730906
22.6444 0.0371263 -0.0033366
22.7031 0.0362661 -0.0146563
22.7606 0.03491 -0.0236031
22.8182 0.0332767 -0.0283469
22.8767 0.0316175 -0.028377
22.9328 0.0302272 -0.0247863
22.9866 0.0292336 -0.0184373
23.0448 0.0287284 -0.00869235
23.0991 0.028827 0.0018157
23.1525 0.0294684 0.0120056
23.2094 0.0306662 0.0210442
23.2682 0.0321934 0.025984
23.3254 0.0337207 0.0266935
23.3856 0.0351296 0.0234045
23.4436 0.0361076 0.01687
23.4999 0.0365764 0.00832976
23.5556 0.0364903 -0.00154359
23.6161 0.0357779 -0.0117806
23.6761 0.0346049 -0.0195531
23.7355 0.0332221 -0.0232788
23.7939 0.0318944 -0.0227204
23.8513 0.0308421 -0.0183465
23.9065 0.0302008 -0.0116155
23.9652 0.0300722 -0.00219107
24.019 0.0304704 0.0074033
24.0787 0.0314584 0.0165451
24.1387 0.032779 0.0220166
24.1955 0.0340994 0.0232585
24.2565 0.0353148 0.0199135
24.316 0.0360904 0.0130254
24.3754 0.0363005 0.00354024
24.4317 0.0359306 -0.00657509
24.4884 0.034994 -0.016508
24.5492 0.0335564 -0.0236296
24.6051 0.0320885 -0.0262644
24.6629 0.0306664 -0.0245965
24.7188 0.0295997 -0.0190971
24.7723 0.0290072 -0.0110742
24.8298 0.0289883 -0.000328223
24.8846 0.0295742 0.0106961
24.9404 0.0307327 0.0207559
24.9997 0.0323396 0.0270945
25.0587 0.0340396 0.0288303
25.1181 0.0356033 0.0262937
25.1751 0.0367542 0.0201863
25.2302 0.0373975 0.0116751
25.2848 0.0374652 0.00124105
25.3426 0.0368935 -0.00988995
25.4003 0.0357637 -0.0196089
25.4589 0.0342654 -0.0255676
25.5168 0.0326973 -0.0270643
25.5735 0.0312988 -0.024653
25.6303 0.0302206 -0.0189782
25.6905 0.0296176 -0.0100194
25.7435 0.0295855 -0.000605851
25.8024 0.0301322 0.00929271
25.8572 0.0310837 0.0173593
25.914 0.0323432 0.022173
25.9742 0.0337005 0.0225203
26.0354 0.0348503 0.0188028
26.0934 0.0355762 0.012506
26.149 0.0358171 0.0043394
26.2067 0.0355242 -0.00507566
26.2646 0.0347142 -0.0139711
26.3225 0.0335441 -0.0202057
26.377 0.0323052 -0.0227607
26.4327 0.0311101 -0.0214503
26.4906 0.0301678 -0.0162647
26.5459 0.0296966 -0.00851897
26.6062 0.0298132 0.00193493
26.6613 0.0304844 0.0121867
26.7181 0.0316828 0.0210898
26.7749 0.0331692 0.0261669
26.8337 0.0347469 0.0268018
26.8935 0.0361247 0.0230675
26.9507 0.0370375 0.0159387
27.0055 0.0374002 0.00661957
27.0611 0.0371608 -0.0043115
27.1193 0.0362406 -0.0157994
27.1783 0.034782 -0.0247321
27.2329 0.0331841 -0.0292644
27.2909 0.0314829 -0.0293353
27.3466 0.0300462 -0.0257734
27.4001 0.0290018 -0.0195352
27.4574 0.0284323 -0.00993517
27.5126 0.0284813 0.00088842
27.5669 0.0291044 0.011469
27.6241 0.0302999 0.0208898
27.6827 0.031842 0.0263364
27.7391 0.0333969 0.0275717
27.7992 0.0348895 0.024847
27.8569 0.0359789 0.0188715
27.9133 0.0365921 0.0108784
27.9716 0.0366454 0.000913489
28.0274 0.0361584 -0.00871631
28.0881 0.0351203 -0.0171017
28.1496 0.0337905 -0.021646
28.2091 0.0324838 -0.0219417
28.2668 0.0314038 -0.018728
28.3229 0.0306697 -0.0130758
28.382 0.030397 -0.00461977
28.4353 0.0306168 0.00412374
28.4931 0.0313511 0.0127027
28.554 0.0325086 0.0190038
28.6137 0.0337612 0.0209916
28.6737 0.0348899 0.0188102
