t x vx
0.01 0.0330001 7.4726e-06
0.02 0.0330002 1.20944e-05
0.0528644 0.0330009 2.27657e-05
0.0859475 0.0330019 2.87856e-05
0.119541 0.033003 3.39613e-05
0.154379 0.0330044 3.95456e-05
0.189996 0.0330051 1.94774e-05
0.226486 0.0330048 -9.79598e-06
0.263616 0.033004 -1.99671e-05
0.300832 0.0330034 -1.57969e-05
0.337882 0.0330042 2.15463e-05
0.374744 0.0330061 5.16994e-05
0.411179 0.0330068 1.8831e-05
0.446519 0.0330034 -9.65448e-05
0.481568 0.0329952 -0.000232616
0.516638 0.0329827 -0.000356745
0.551548 0.0329666 -0.000462768
0.586175 0.032948 -0.000536046
0.620596 0.0329288 -0.00055908
0.654884 0.0329112 -0.000513843
0.689051 0.0328981 -0.00038348
0.723086 0.0328926 -0.00016171
0.756988 0.0328981 0.000163964
0.790727 0.0329176 0.000578327
0.824214 0.0329527 0.001049
0.857474 0.0330043 0.00155114
0.890549 0.0330725 0.00206139
0.923476 0.0331573 0.00257495
0.956287 0.0332583 0.00307662
0.989007 0.0333746 0.00355594
1.02167 0.0335055 0.00400626
1.05432 0.0336489 0.00439337
1.08698 0.0338024 0.00470136
1.11965 0.0339629 0.0049117
1.15233 0.0341268 0.00501429
1.18501 0.0342903 0.00500329
1.21766 0.0344492 0.00486859
1.25026 0.034599 0.00459529
1.28279 0.0347349 0.00417609
1.31524 0.0348523 0.00361651
1.34725 0.0349464 0.00294122
1.37888 0.0350148 0.00216133
1.41025 0.0350551 0.00128463
1.44129 0.0350655 0.000334709
1.4721 0.0350456 -0.000646108
1.50308 0.0349951 -0.00162801
1.53435 0.0349146 -0.00257579
1.56564 0.0348066 -0.00345117
1.59709 0.0346738 -0.00422298
1.62858 0.0345211 -0.00484929
1.66017 0.0343541 -0.00528658
1.69155 0.0341818 -0.00549112
1.72326 0.0340086 -0.00546124
1.75464 0.0338456 -0.00519483
1.78581 0.0336981 -0.00473025
1.81779 0.0335673 -0.00409336
1.84983 0.0334595 -0.00336214
1.88241 0.0333744 -0.00261165
1.91403 0.0333135 -0.00192826
1.94525 0.0332708 -0.00136555
1.9764 0.0332398 -0.00099656
2.00708 0.0332129 -0.000875814
2.03725 0.0331819 -0.00102705
2.0689 0.0331363 -0.00144075
2.10077 0.0330683 -0.0021341
2.13261 0.0329712 -0.00304956
2.16403 0.0328421 -0.00410954
2.19477 0.0326831 -0.00517277
2.22516 0.0324973 -0.00611277
2.25527 0.0322903 -0.00687679
2.28521 0.0320679 -0.0074257
2.31552 0.0318341 -0.00771297
2.34685 0.0315949 -0.00763709
2.3778 0.031375 -0.00710404
2.4083 0.0311884 -0.00611818
2.43906 0.0310448 -0.004668
2.46993 0.0309672 -0.00251557
2.50023 0.030967 -4.83071e-06
2.52967 0.0310459 0.00267992
2.55858 0.0312063 0.00554881
2.58797 0.0314571 0.00853171
2.618 0.0317991 0.0113899
2.64774 0.032208 0.0137468
2.67685 0.0326578 0.0154549
2.70727 0.0331587 0.0164639
2.73775 0.0336653 0.0166208
2.76824 0.034149 0.0158647
2.79846 0.0345797 0.0142528
2.82732 0.0349232 0.0119064
2.85507 0.0351729 0.008996
2.88249 0.0353263 0.00559345
2.91059 0.0353771 0.00180873
2.94036 0.0353061 -0.00238736
2.97052 0.0351171 -0.00626685
3.00081 0.0348347 -0.00932041
3.03194 0.0344848 -0.011242
3.06318 0.0341163 -0.0117958
3.09416 0.0337785 -0.0109029
3.1247 0.0335158 -0.00860412
3.15531 0.0333627 -0.00499803
3.18595 0.0333535 -0.000301949
3.21614 0.0335099 0.00518026
3.24661 0.0338489 0.0111245
3.2775 0.034366 0.0167456
3.30928 0.0350498 0.0215154
3.33943 0.0358003 0.0248926
3.37098 0.0366413 0.0266543
3.40228 0.0374689 0.0264391
3.4326 0.0382056 0.0243012
3.46298 0.0388195 0.0202043
3.49189 0.0392418 0.0146098
3.51935 0.0394654 0.00814045
3.54653 0.0394945 0.00107076
3.57491 0.0393061 -0.00663503
3.60373 0.0389015 -0.0140365
3.63314 0.0383047 -0.020296
3.66179 0.0375929 -0.0248446
3.68996 0.0368154 -0.0275982
3.71857 0.0360001 -0.0285058
3.74646 0.0352318 -0.0275403
3.77309 0.0345667 -0.024977
3.79984 0.0340098 -0.0208201
3.8279 0.0335859 -0.0151037
3.85721 0.0333473 -0.00814183
3.88734 0.0333359 -0.000377908
3.91638 0.0335417 0.00708362
3.94688 0.0339753 0.0142172
3.97742 0.0345826 0.0198862
4.00795 0.0353112 0.0238679
4.03909 0.0361153 0.0258204
4.06964 0.0368956 0.0255449
4.10021 0.0375996 0.0230282
4.13048 0.0381539 0.0183126
4.16048 0.0385107 0.0118929
4.19036 0.0386382 0.00426519
4.21874 0.0385321 -0.00373846
4.24811 0.0381805 -0.0119686
4.27752 0.0376119 -0.0193341
4.3058 0.0369044 -0.0250201
4.3347 0.0360644 -0.0290589
4.36338 0.035173 -0.0310894
4.39211 0.0342818 -0.0310164
4.42022 0.0334696 -0.0288993
4.44715 0.0327922 -0.0251481
4.47479 0.0322498 -0.0196277
4.5038 0.0318832 -0.012636
4.5336 0.031748 -0.00453817
4.56386 0.0318669 0.00393038
4.59344 0.0322205 0.0119516
4.62287 0.0327768 0.0189027
4.65336 0.0335254 0.0245555
4.6832 0.0343677 0.0282187
4.71371 0.0352771 0.0298085
4.74423 0.0361654 0.0291112
4.77347 0.0369359 0.0263452
4.80262 0.0375638 0.0215428
4.83214 0.0380076 0.015033
4.86084 0.0382234 0.0075189
4.88868 0.038212 -0.000408964
4.91848 0.0379489 -0.0088256
4.94797 0.0374661 -0.0163755
4.97768 0.0368013 -0.0223775
5.00664 0.0360328 -0.0265371
5.03553 0.0352044 -0.0286747
5.06451 0.034371 -0.0287521
5.09294 0.0336105 -0.0267484
5.11981 0.0329899 -0.0230945
5.1471 0.0325039 -0.0178091
5.17544 0.0321895 -0.0110979
5.20433 0.0320922 -0.00336644
5.23413 0.0322363 0.00483492
5.26462 0.0326283 0.0128568
5.29449 0.0332142 0.0196125
5.32469 0.0339685 0.0249762
5.35559 0.034846 0.0283978
5.38596 0.0357445 0.029587
5.41647 0.0366148 0.0285313
5.44575 0.0373583 0.0253878
5.47503 0.0379494 0.0201858
5.5047 0.0383447 0.0133226
5.53345 0.0385067 0.00563447
5.56156 0.0384377 -0.00245288
5.59187 0.0381057 -0.0109523
5.62117 0.0375714 -0.0182361
5.65007 0.036882 -0.0238592
5.67871 0.0360881 -0.0277238
5.70738 0.0352406 -0.0295514
5.73601 0.0344015 -0.0293131
5.76421 0.033639 -0.0270397
5.79069 0.0330241 -0.0232182
5.81898 0.0325274 -0.0175608
5.84759 0.0322243 -0.0105928
5.87684 0.0321462 -0.00266993
5.90748 0.0323199 0.00566912
5.93872 0.0327475 0.0136866
5.96821 0.0333421 0.0201674
5.99841 0.0341045 0.0252458
6.02913 0.034977 0.0283991
6.05947 0.0358664 0.0293115
6.08983 0.0367159 0.0279835
6.11925 0.0374393 0.0245895
6.14865 0.0380022 0.0191495
6.17855 0.0383632 0.0120736
6.20726 0.0384871 0.00431286
6.23564 0.0383786 -0.00382037
6.26674 0.0379944 -0.0123547
6.29565 0.0374357 -0.0193251
6.32398 0.0367383 -0.0246245
6.35207 0.0359464 -0.0281857
6.38118 0.035081 -0.0297314
6.40958 0.0342534 -0.0291422
6.43796 0.033501 -0.0265106
6.46422 0.032913 -0.0223935
6.49267 0.0324442 -0.0164788
6.52139 0.0321776 -0.00928116
6.55074 0.0321423 -0.00120309
6.57986 0.0323403 0.00679941
6.61068 0.032792 0.0146552
6.64008 0.0334083 0.0209644
6.66949 0.0341649 0.0257225
6.69997 0.0350387 0.0286688
6.73038 0.0359311 0.0293488
6.76049 0.036768 0.0277928
6.78989 0.0374788 0.0241795
6.81915 0.0380223 0.0185699
6.84891 0.0383615 0.0113975
6.87777 0.0384631 0.00352222
6.90656 0.0383271 -0.00472567
6.93775 0.037916 -0.0131787
6.96619 0.0373499 -0.0199097
6.99484 0.0366316 -0.0250656
7.02302 0.0358309 -0.0284093
7.05212 0.0349657 -0.0297352
7.08037 0.0341476 -0.0289596
7.10873 0.0334047 -0.0261913
7.13495 0.0328293 -0.0219518
7.16336 0.0323757 -0.0159655
7.19236 0.0321249 -0.00864779
7.22182 0.0321093 -0.000528357
7.25023 0.0323163 0.00728382
7.28003 0.0327605 0.0149096
7.30933 0.033381 0.0211757
7.33876 0.0341422 0.0258657
7.36918 0.0350161 0.0287323
7.39938 0.0359026 0.0293454
7.4295 0.0367377 0.0277244
7.45887 0.0374438 0.0240432
7.48813 0.0379815 0.0183767
7.51792 0.0383137 0.0111545
7.54686 0.0384076 0.00324103
7.5757 0.0382628 -0.00501845
7.60673 0.0378472 -0.0133974
7.63514 0.037277 -0.0200632
7.66399 0.036551 -0.02517
7.69226 0.0357474 -0.028424
7.7214 0.0348831 -0.0296634
7.74964 0.0340693 -0.0288124
7.77802 0.0333317 -0.0259891
7.80425 0.0327625 -0.0217048
7.8326 0.0323173 -0.0157034
7.86175 0.0320742 -0.00833657
7.89126 0.0320681 -0.000206709
7.91954 0.0322818 0.00755461
7.94904 0.0327271 0.0150974
7.97836 0.0333529 0.0213455
8.00768 0.0341149 0.0259859
8.03811 0.0349919 0.028819
8.06833 0.0358798 0.0293841
8.09848 0.0367154 0.0277143
8.12786 0.0374202 0.0239893
8.15713 0.0379556 0.0182918
8.18703 0.0382852 0.0110197
8.21603 0.0383747 0.00308577
8.24487 0.0382255 -0.00517166
8.2758 0.0378076 -0.0135095
8.30425 0.0372345 -0.0201454
8.33325 0.0365028 -0.0252283
8.3616 0.0356971 -0.0284209
8.39078 0.0348333 -0.0295993
8.41905 0.0340222 -0.0286926
8.44747 0.0332884 -0.0258247
8.47371 0.0327242 -0.0214983
8.50202 0.032286 -0.0154811
8.53128 0.0320496 -0.00807803
8.56083 0.0320512 5.48089e-05
8.5891 0.0322715 0.00779216
8.61841 0.032719 0.0152688
8.64784 0.0333516 0.0214947
8.67707 0.0341135 0.0260686
8.70752 0.034992 0.0288508
8.73775 0.0358794 0.0293535
8.76792 0.0367129 0.0276231
8.79732 0.0374138 0.0238463
8.8266 0.0379442 0.0181113
8.85641 0.0382671 0.0108338
8.88548 0.0383508 0.00288115
8.91436 0.0381954 -0.00538288
8.94515 0.0377745 -0.013669
8.9737 0.0371956 -0.0202775
9.00288 0.0364565 -0.0253267
9.03139 0.0356454 -0.0284504
9.06062 0.0347817 -0.0295517
9.08889 0.0339737 -0.0285778
9.11723 0.0332463 -0.0256678
9.14351 0.0326867 -0.0212959
9.17181 0.0322551 -0.015253
9.20118 0.0320257 -0.0078091
9.23079 0.0320355 0.000332961
9.25911 0.032264 0.00806761
9.28817 0.0327135 0.0154689
9.31787 0.0333576 0.021687
9.34699 0.0341199 0.0261746
9.37749 0.035001 0.0288897
9.40779 0.0358888 0.0293035
9.43798 0.0367186 0.0274905
9.46738 0.0374136 0.0236376
9.49666 0.0379366 0.017856
9.52642 0.0382506 0.0105543
9.55558 0.0383256 0.00257353
9.58455 0.0381601 -0.00571187
9.61516 0.0377339 -0.0139303
9.64398 0.0371426 -0.0205134
9.67356 0.036388 -0.0255077
9.70211 0.0355743 -0.0285091
9.7314 0.0347097 -0.029513
9.75965 0.033906 -0.0284444
9.78781 0.0331884 -0.0254877
9.81415 0.0326339 -0.021055
9.84244 0.0322102 -0.0149713
9.87198 0.0319898 -0.00746453
9.90164 0.0320102 0.000690399
9.93007 0.0322501 0.00843686
9.95886 0.0327033 0.0157445
9.989 0.0333651 0.0219583
10.0181 0.0341303 0.0263344
10.0487 0.0350172 0.0289395
10.0792 0.0359065 0.0291964
10.1093 0.0367283 0.0272374
10.1387 0.0374119 0.023246
10.168 0.0379207 0.0173832
10.1978 0.0382187 0.0100061
10.2271 0.0382763 0.00196499
10.2562 0.0380914 -0.00635362
10.2865 0.0376537 -0.0144615
10.3154 0.0370473 -0.0209527
10.3451 0.0362786 -0.0258419
10.3743 0.0354416 -0.028697
10.4037 0.0345754 -0.0294957
10.4319 0.0337765 -0.028258
10.4597 0.0330767 -0.0252223
10.4861 0.0325297 -0.0206733
10.5144 0.0321192 -0.0145146
10.5439 0.0319144 -0.0069444
10.5733 0.0319481 0.00115064
10.6021 0.0322069 0.0089743
10.6304 0.0326648 0.0161477
10.6606 0.0333362 0.0223025
10.6896 0.0341089 0.0265917
10.7203 0.0350002 0.0290701
10.751 0.0358955 0.0291704
10.7811 0.0367097 0.0270502
10.8105 0.0373838 0.0229109
10.8397 0.03788 0.0169685
10.8695 0.0381635 0.00952856
10.8987 0.0382067 0.00147522
10.9272 0.0380156 -0.00670108
10.9573 0.0375731 -0.0147196
10.9861 0.0369659 -0.0211112
11.0158 0.0361941 -0.0259384
11.0452 0.035351 -0.0287104
11.0746 0.0344862 -0.029419
11.1029 0.0336907 -0.0281026
11.1304 0.0330007 -0.0250302
11.157 0.0324586 -0.0204212
11.1852 0.0320565 -0.0142322
11.2146 0.0318607 -0.00666462
11.2438 0.0319018 0.00140861
11.2734 0.0321783 0.0093553
11.3016 0.032643 0.0164421
11.332 0.0333269 0.0225501
11.3613 0.0341114 0.026756
11.392 0.035006 0.029089
11.4229 0.035901 0.0290379
11.4529 0.0367056 0.0267779
11.4824 0.0373683 0.0225109
11.5116 0.0378504 0.0164791
11.5414 0.0381181 0.00898448
11.5706 0.0381449 0.00091835
11.599 0.0379397 -0.00721842
11.6289 0.0374876 -0.0151239
11.6576 0.0368743 -0.0213911
11.6874 0.0360949 -0.026112
11.7171 0.0352423 -0.0287463
11.7464 0.0343821 -0.0293019
11.7748 0.0335928 -0.0278445
11.8022 0.0329173 -0.024674
11.8289 0.0323853 -0.0199341
11.8571 0.0319993 -0.013655
11.8863 0.0318219 -0.00606981
11.9153 0.0318781 0.00194131
11.9453 0.0321766 0.00995312
11.9732 0.032648 0.016896
12.0042 0.0333606 0.0229696
12.0335 0.0341523 0.026996
12.0645 0.0350545 0.0291327
12.0954 0.0359476 0.0288633
12.1253 0.0367376 0.0264022
12.1547 0.0373817 0.0219514
12.1839 0.0378431 0.0157938
12.2138 0.0380882 0.00818599
12.2429 0.0380911 9.93126e-05
12.2724 0.0378478 -0.00824211
12.302 0.0373767 -0.0159048
12.3307 0.0367471 -0.0219665
12.3609 0.0359455 -0.0264664
12.3905 0.0350938 -0.0287929
12.4198 0.0342433 -0.0290708
12.4481 0.0334679 -0.0273504
12.4752 0.0328185 -0.0239949
12.5022 0.0323051 -0.0190117
12.5305 0.0319491 -0.0125658
12.5595 0.0318049 -0.00498161
12.5894 0.031902 0.0032408
12.6197 0.0322438 0.0112788
12.6485 0.0327659 0.018159
12.6796 0.0335097 0.0239345
12.7088 0.0343168 0.0276204
12.7399 0.0352288 0.0293602
12.7709 0.0361185 0.0286838
12.8006 0.0368883 0.0258839
12.83 0.0375069 0.0210846
12.8593 0.0379358 0.0146308
12.8886 0.0381409 0.0069969
12.9173 0.0381085 -0.00112631
12.9474 0.0378215 -0.00954096
12.9773 0.0373135 -0.0170139
13.0075 0.0366206 -0.0229326
13.0366 0.0358379 -0.026911
13.0658 0.0349955 -0.028868
13.0949 0.0341576 -0.0287513
13.1236 0.0333939 -0.0265942
13.1504 0.03278 -0.0228923
13.1783 0.0322936 -0.0174467
13.2068 0.0319895 -0.0106702
13.2358 0.0319042 -0.00294556
13.2662 0.0320653 0.00530095
13.2977 0.0324851 0.013322
13.3275 0.0330783 0.0198867
13.3578 0.0338363 0.0250156
13.3889 0.034713 0.0282208
13.4192 0.0355981 0.0291697
13.4499 0.0364519 0.027845
13.4794 0.037176 0.0245102
13.509 0.0377408 0.0191346
13.5391 0.0381049 0.0120755
13.568 0.0382306 0.00435518
13.5962 0.0381277 -0.00364107
13.6273 0.0377524 -0.0120761
13.6572 0.0371818 -0.0190977
13.686 0.0364783 -0.0243844
13.7147 0.0356807 -0.0278273
13.7442 0.0348178 -0.0292181
13.7731 0.033996 -0.028422
13.8019 0.0332589 -0.0256172
13.8284 0.032693 -0.0213627
13.8566 0.0322572 -0.0154484
13.8856 0.0320201 -0.00818524
13.9149 0.0320147 -0.000183113
13.9437 0.0322344 0.00762368
13.9737 0.0326878 0.0151468
14.0034 0.0333225 0.0213551
14.0331 0.0340941 0.0259425
14.0638 0.034974 0.0286848
14.0942 0.0358604 0.0291655
14.1245 0.0366904 0.0274014
14.1541 0.0373899 0.0236445
14.1835 0.0379176 0.0179208
14.2136 0.0382369 0.010603
14.243 0.0383141 0.00262995
14.2717 0.0381548 -0.00555058
14.3026 0.037727 -0.0138206
14.3314 0.037139 -0.020443
14.3605 0.036399 -0.0254648
14.3889 0.0355863 -0.028565
14.4184 0.0347135 -0.0296524
14.4468 0.0338977 -0.0286469
14.4753 0.0331652 -0.0257125
14.5017 0.0326019 -0.0213355
14.5301 0.0321686 -0.0152846
14.5595 0.0319377 -0.00784491
14.5892 0.0319457 0.000268917
14.6177 0.0321742 0.00800892
14.6468 0.032619 0.0153348
14.6769 0.033269 0.0215285
14.7063 0.0340306 0.0259528
14.7371 0.03491 0.0285527
14.7676 0.03579 0.0288464
14.7978 0.0366035 0.026895
14.8274 0.0372815 0.0229558
14.8568 0.0377848 0.0171347
