t x vx
0.01 0.0330001 7.1684e-06
0.02 0.0330002 1.15887e-05
0.0528644 0.0330009 2.1674e-05
0.0859475 0.0330018 2.70956e-05
0.119541 0.0330029 3.14347e-05
0.154379 0.0330041 3.54337e-05
0.189996 0.0330045 1.22822e-05
0.226486 0.0330038 -2.08063e-05
0.263616 0.0330025 -3.42244e-05
0.300831 0.0330013 -3.33434e-05
0.337881 0.0330013 1.69913e-06
0.374742 0.0330024 2.94618e-05
0.411177 0.0330021 -8.30143e-06
0.446512 0.0329975 -0.000129495
0.481545 0.032988 -0.000271476
0.516639 0.0329739 -0.000401409
0.55155 0.032956 -0.000513271
0.586176 0.0329355 -0.000591156
0.6206 0.0329142 -0.000618543
0.654891 0.0328945 -0.000575181
0.689059 0.0328795 -0.000440311
0.723095 0.0328725 -0.000204259
0.756997 0.0328776 0.000148701
0.790736 0.0328979 0.000602983
0.824223 0.0329356 0.00112432
0.857478 0.0329919 0.00169282
0.89054 0.0330675 0.00228691
0.923446 0.0331629 0.00289977
0.956225 0.033278 0.00351036
0.988901 0.0334122 0.00410828
1.02151 0.0335648 0.00467896
1.05408 0.0337336 0.00518397
1.08666 0.0339159 0.00559444
1.11924 0.0341075 0.0058812
1.15184 0.0343037 0.00601846
1.18442 0.0344986 0.00598307
1.21697 0.0346858 0.005751
1.24946 0.034858 0.00529891
1.2819 0.0350079 0.00462267
1.31427 0.0351289 0.00373664
1.34645 0.0352147 0.00266695
1.37829 0.0352615 0.00146883
1.40978 0.0352674 0.000187143
1.44083 0.0352318 -0.00114686
1.47142 0.0351572 -0.00243671
1.50234 0.0350439 -0.00366586
1.53325 0.0348953 -0.00480573
1.56423 0.0347152 -0.00581476
1.59514 0.03451 -0.006638
1.626 0.0342869 -0.0072281
1.65731 0.0340504 -0.00755533
1.68898 0.0338103 -0.00758094
1.71961 0.033586 -0.00732354
1.75046 0.0333765 -0.00679061
1.78178 0.0331888 -0.0059936
1.81324 0.0330313 -0.00500358
1.84531 0.0329064 -0.00389639
1.8778 0.0328165 -0.0027662
1.90962 0.0327625 -0.00169828
1.94098 0.0327367 -0.000823458
1.97201 0.0327303 -0.000206246
2.00248 0.0327331 9.19396e-05
2.0341 0.032735 6.04978e-05
2.06579 0.0327266 -0.000263452
2.09742 0.0326985 -0.000888119
2.12826 0.0326442 -0.00176196
2.15858 0.0325595 -0.0027948
2.18894 0.0324403 -0.00392367
2.21904 0.0322893 -0.0050179
2.24936 0.0321075 -0.00599659
2.2805 0.0318967 -0.0067682
2.31124 0.0316741 -0.00724366
2.34263 0.0314448 -0.00730384
2.37339 0.0312338 -0.00685882
2.40385 0.0310549 -0.00587263
2.43442 0.0309222 -0.00434153
2.46522 0.0308511 -0.00230825
2.49534 0.0308538 8.8175e-05
2.52461 0.030933 0.00270531
2.55343 0.0310894 0.00542983
2.58297 0.0313317 0.00820012
2.61232 0.0316477 0.0107681
2.64099 0.0320165 0.012863
2.66953 0.0324262 0.0143546
2.69929 0.0328773 0.0151546
2.72924 0.033328 0.0150524
2.75902 0.0337477 0.0140938
2.78818 0.0341071 0.0123235
2.81614 0.0343813 0.00980628
2.84325 0.0345623 0.00667627
2.87044 0.0346414 0.00290941
2.89861 0.0346028 -0.00136964
2.92825 0.0344232 -0.00605974
2.95787 0.0341109 -0.0105441
2.98774 0.0336833 -0.0143164
3.01809 0.0331641 -0.0171021
3.04865 0.0325958 -0.0185984
3.07952 0.0320188 -0.0186907
3.10974 0.0314952 -0.0173273
3.14011 0.0310516 -0.0146056
3.17055 0.0307291 -0.010593
3.20034 0.0305643 -0.00553172
3.23051 0.0305814 0.000564061
3.26051 0.0307945 0.00710283
3.29156 0.0312202 0.0137131
3.32212 0.0318151 0.0194694
3.35312 0.032558 0.0239585
3.38349 0.0333708 0.0267651
3.41378 0.0342105 0.0277252
3.44335 0.0350022 0.0267749
3.47285 0.0357116 0.0240465
3.50176 0.0362787 0.0196118
3.5303 0.0366716 0.0137714
3.55827 0.0368669 0.00698394
3.58785 0.0368433 -0.000800417
3.61701 0.0365913 -0.00864095
3.64709 0.0361046 -0.0161805
3.6772 0.0354306 -0.0223897
3.70774 0.0346068 -0.0269639
3.73801 0.0337132 -0.02953
3.76766 0.0328241 -0.0299805
3.79724 0.0319843 -0.0283903
3.82453 0.0312984 -0.0251376
3.85266 0.0307307 -0.0201841
3.881 0.0303425 -0.0136973
3.90998 0.0301711 -0.00591327
3.93989 0.030245 0.00247041
3.97038 0.0305777 0.0109108
4.00081 0.0311388 0.0184416
4.03069 0.0318716 0.0245193
4.06145 0.0327574 0.0288038
4.09165 0.0336885 0.0308269
4.12149 0.0346027 0.0306401
4.15041 0.0354222 0.0283308
4.17864 0.0361041 0.0241551
4.20839 0.0366356 0.0178702
4.23631 0.0369292 0.0105147
4.26479 0.0369949 0.00230487
4.29369 0.0368114 -0.0063485
4.32333 0.0363685 -0.014944
4.35182 0.0357367 -0.0221757
4.38282 0.0348641 -0.0281537
4.41137 0.033955 -0.0318437
4.44051 0.0329752 -0.0336246
4.4695 0.032014 -0.0331519
4.49814 0.0311363 -0.0306487
4.52455 0.0304358 -0.0265237
4.55214 0.029866 -0.0206511
4.58111 0.0294867 -0.0130927
4.61023 0.0293565 -0.00446873
4.63915 0.0294812 0.00431211
4.66816 0.0298547 0.0128701
4.69819 0.0304728 0.0205819
4.72607 0.0312105 0.0264614
4.75629 0.0321444 0.0309079
4.78573 0.0331172 0.0330464
4.81535 0.0340963 0.0330503
4.84364 0.0349724 0.0309688
4.87194 0.0357364 0.027
4.90183 0.0363611 0.0208968
4.9307 0.0367489 0.0134338
4.96026 0.0368975 0.00502628
4.98942 0.0367902 -0.00367983
5.01854 0.0364351 -0.0121992
5.048 0.0358497 -0.0198668
5.07854 0.0350535 -0.0260763
5.1091 0.0341313 -0.0301668
5.13914 0.0331692 -0.0320348
5.16865 0.0322358 -0.0316269
5.19776 0.0313892 -0.02909
5.2244 0.0307247 -0.024937
5.25229 0.0301928 -0.0190719
5.2812 0.0298567 -0.0116258
5.31025 0.0297641 -0.00318643
5.33906 0.0299195 0.00539393
5.368 0.030317 0.0137351
5.39811 0.0309563 0.0212309
5.42618 0.0317116 0.026903
5.45642 0.0326514 0.0310808
5.48576 0.0336195 0.0329998
5.51557 0.0345972 0.0327892
5.54412 0.0354662 0.0304476
5.57261 0.0362135 0.0262279
5.60265 0.03681 0.0198534
5.63165 0.0371622 0.0121451
5.66126 0.0372672 0.00354673
5.69025 0.0371149 -0.00525538
5.71916 0.0367142 -0.0138593
5.74815 0.0360945 -0.02138
5.77898 0.0352463 -0.0275139
5.80805 0.0343345 -0.0313609
5.83742 0.0333601 -0.0331736
5.86659 0.0324063 -0.0326991
5.89539 0.0315372 -0.0301744
5.92187 0.0308475 -0.0260505
5.94952 0.0302888 -0.0202013
5.9785 0.0299203 -0.0127172
6.00763 0.0297975 -0.00421751
6.03664 0.0299262 0.00443584
6.06606 0.0303059 0.0129098
6.09622 0.0309218 0.0204203
6.12437 0.0316562 0.0260909
6.15503 0.0325844 0.0302675
6.18469 0.033537 0.0321253
6.21448 0.0344857 0.0318419
6.24314 0.0353289 0.0294211
6.27173 0.0360474 0.0251323
6.30156 0.0366072 0.0187649
6.33033 0.0369278 0.0111443
6.35995 0.0370054 0.00262031
6.3892 0.0368259 -0.00613777
6.41832 0.0364002 -0.0146194
6.44737 0.0357628 -0.0219345
6.47873 0.0348883 -0.0278932
6.50785 0.033971 -0.0314964
6.53733 0.0329955 -0.0330882
6.56664 0.032046 -0.0324014
6.59543 0.0311913 -0.0296846
6.62208 0.0305161 -0.0253383
6.64986 0.02998 -0.0192939
6.67879 0.0296424 -0.0116673
6.70809 0.0295526 -0.00306779
6.73696 0.0297142 0.00559533
6.76539 0.0301072 0.0138258
6.7955 0.0307481 0.0212855
6.82368 0.0315051 0.0268636
6.85411 0.0324462 0.03093
6.88354 0.0334091 0.0327197
6.91309 0.0343664 0.032398
6.94151 0.035219 0.0300007
6.97002 0.0359522 0.0257165
6.99962 0.0365274 0.0194269
7.02838 0.0368682 0.0118504
7.05815 0.0369671 0.00332455
7.08761 0.0368061 -0.00546728
7.11655 0.0364037 -0.0139053
7.14586 0.0357793 -0.0212997
7.17721 0.0349235 -0.0272987
7.20669 0.0340113 -0.0309484
7.23646 0.0330427 -0.0325327
7.26591 0.0321061 -0.0318104
7.2948 0.0312671 -0.0290369
7.32151 0.0306091 -0.0246402
7.34933 0.0300923 -0.0185733
7.37821 0.0297756 -0.0109657
7.40751 0.0297047 -0.00241919
7.43651 0.0298847 0.00620653
7.4646 0.0302857 0.0142771
7.49485 0.0309409 0.021656
7.52323 0.0317109 0.0271313
7.55387 0.0326616 0.0310329
7.58327 0.0336211 0.0326324
7.61286 0.0345721 0.0321366
7.64137 0.0354144 0.0295489
7.66997 0.0361316 0.0250718
7.69956 0.0366827 0.0186277
7.72833 0.0369974 0.0109372
7.75829 0.0370658 0.00228507
7.7876 0.0368754 -0.00649602
7.81817 0.0364103 -0.0152144
7.84685 0.035771 -0.0222863
7.87812 0.0348932 -0.0280749
7.90712 0.0339791 -0.0315252
7.93667 0.0330051 -0.0329573
7.96596 0.0320645 -0.0321169
7.99445 0.0312296 -0.0293021
8.02119 0.0305651 -0.0248563
8.04893 0.0300448 -0.0187497
8.07764 0.0297245 -0.0111559
8.10704 0.0296488 -0.00257781
8.13628 0.0298269 0.00609203
8.16434 0.0302237 0.0141383
8.19459 0.0308738 0.0214974
8.22308 0.0316419 0.0269593
8.25389 0.0325919 0.0308298
8.28341 0.0335478 0.0323875
8.31296 0.0344894 0.0318575
8.3415 0.035324 0.0292416
8.37017 0.0360326 0.0247179
8.39965 0.0365716 0.0182841
8.42841 0.0368772 0.0106287
8.45846 0.0369372 0.00199517
8.48749 0.0367435 -0.00667272
8.51914 0.0362522 -0.015524
8.54777 0.0356091 -0.0224626
8.57898 0.0347318 -0.0281078
8.60799 0.0338198 -0.0314413
8.63776 0.0328449 -0.0327482
8.66712 0.031912 -0.031773
8.69547 0.0310939 -0.028852
8.72233 0.030442 -0.0242746
8.7501 0.0299399 -0.0180774
8.77868 0.0296415 -0.010442
8.80815 0.0295878 -0.00182385
8.83813 0.0297988 0.00703983
8.86572 0.0302105 0.0149259
8.89651 0.0308978 0.0223187
8.92502 0.0316865 0.027659
8.956 0.0326575 0.0313485
8.98544 0.0336202 0.0327005
9.01481 0.0345595 0.0319775
9.04317 0.0353874 0.0291971
9.07183 0.0360895 0.0244948
9.10093 0.0366128 0.0179833
9.12957 0.0369072 0.0102797
9.15974 0.0369543 0.00156101
9.18827 0.0367543 -0.00701113
9.21993 0.0362528 -0.0158387
9.24833 0.0356087 -0.0226794
9.27936 0.0347328 -0.028228
9.30831 0.0338207 -0.0314987
9.33843 0.032836 -0.0326947
9.36778 0.0319087 -0.0315947
9.39581 0.0311072 -0.0286004
9.42279 0.0304617 -0.0239251
9.45057 0.0299708 -0.017668
9.47897 0.0296855 -0.0100439
9.50855 0.0296436 -0.00141679
9.5386 0.0298671 0.00743579
9.56611 0.0302866 0.015246
9.59685 0.03098 0.0225567
9.6254 0.031774 0.0278147
9.65623 0.0327413 0.0313756
9.68577 0.0337053 0.0326355
9.71516 0.0346397 0.0317947
9.7436 0.0354617 0.0289038
9.77234 0.0361539 0.0240793
9.80138 0.0366619 0.0174925
9.83002 0.0369413 0.00975638
9.8609 0.036968 0.000863748
9.88901 0.0367547 -0.00758654
9.92044 0.0362428 -0.0162865
9.94909 0.0355818 -0.023074
9.97989 0.0347051 -0.0284639
10.0091 0.0337821 -0.0316375
10.0391 0.0328002 -0.0326862
10.0684 0.0318776 -0.0314896
10.0962 0.0310882 -0.0284395
10.1233 0.030445 -0.0236791
10.1512 0.0299609 -0.0173437
10.1796 0.0296857 -0.0096894
10.2094 0.0296549 -0.00103554
10.2394 0.0298885 0.0077756
10.267 0.0303168 0.0155303
10.2977 0.0310155 0.0227501
10.3263 0.0318134 0.0279145
10.357 0.0327766 0.0313487
10.3867 0.0337408 0.0324968
10.4161 0.034667 0.0315422
10.4446 0.0354803 0.0285434
10.4734 0.036161 0.0236036
10.5023 0.0366511 0.0169551
10.5309 0.0369144 0.00919511
10.5617 0.0369245 0.000329215
10.5896 0.0367003 -0.00803749
10.621 0.0361776 -0.0166486
10.6499 0.0355014 -0.0233776
10.6806 0.0346245 -0.0286078
10.71 0.0336921 -0.031639
10.74 0.0327174 -0.0325039
10.7693 0.0318048 -0.0311484
10.7969 0.0310331 -0.0279725
10.8243 0.0304021 -0.0230593
10.8523 0.0299367 -0.0165895
10.8808 0.0296848 -0.00885115
10.9108 0.0296803 -0.00014838
10.9407 0.0299385 0.00861388
10.9688 0.0303964 0.016347
10.9993 0.0311116 0.0234054
11.0284 0.0319387 0.028464
11.0588 0.0329017 0.0316386
11.0888 0.033879 0.032562
11.118 0.0347953 0.0313759
11.1466 0.0355991 0.0281804
11.1756 0.0362679 0.0230322
11.2042 0.0367338 0.016269
11.2329 0.0369751 0.00841823
11.2633 0.0369626 -0.000411528
11.2914 0.0367145 -0.00882083
11.3227 0.0361745 -0.0172846
11.3522 0.0354657 -0.0239849
11.3827 0.0345821 -0.0289681
11.413 0.0336192 -0.0317731
11.4428 0.0326572 -0.0323449
11.4721 0.0317568 -0.0307429
11.4994 0.0310088 -0.0273971
11.5272 0.0303892 -0.0222538
11.5556 0.0299477 -0.0155585
11.5842 0.029728 -0.00766989
11.6148 0.0297632 0.00115113
11.6452 0.0300654 0.00994302
11.6754 0.0306029 0.0178323
11.7061 0.031355 0.0245175
11.737 0.0322627 0.029317
11.7672 0.0332226 0.0318247
11.7976 0.0341999 0.0321713
11.8265 0.0350803 0.030412
11.8551 0.0358455 0.0267453
11.8849 0.0364714 0.0210005
11.9133 0.036866 0.0139114
11.9422 0.0370347 0.0058334
11.9733 0.0369351 -0.00320314
12.0041 0.0365637 -0.0120698
12.0346 0.035956 -0.0199459
12.0653 0.0351507 -0.0262283
12.0957 0.0342261 -0.0303773
12.1262 0.0332398 -0.0323255
12.1559 0.0322885 -0.0320672
12.1853 0.0314156 -0.0297136
12.212 0.0307254 -0.0257847
12.24 0.0301615 -0.0201256
12.269 0.0297889 -0.0128533
12.2983 0.0296571 -0.00449893
12.3278 0.0297777 0.00409464
12.3582 0.030165 0.0127178
12.3886 0.0307807 0.0202559
12.4175 0.0315333 0.0260445
12.4486 0.0324734 0.0302671
12.4785 0.0334354 0.0321778
12.5085 0.0343972 0.0319984
12.5374 0.0352566 0.0297372
12.5662 0.0359924 0.0255528
12.5963 0.0365744 0.0193473
12.6253 0.0369182 0.0118552
12.6553 0.0370193 0.00337397
12.6855 0.0368541 -0.00547394
12.7146 0.0364516 -0.0138269
12.7442 0.0358242 -0.0211581
12.776 0.034963 -0.0271165
12.8057 0.0340497 -0.0306877
12.8359 0.033081 -0.0321796
12.8655 0.0321483 -0.0314285
12.8944 0.0313202 -0.0286611
12.9214 0.0306662 -0.0242822
12.9494 0.0301555 -0.018224
12.9782 0.0298467 -0.010699
13.0079 0.0297813 -0.0022066
13.0375 0.0299711 0.00640728
13.0656 0.0303736 0.0143056
13.0961 0.0310304 0.0215672
13.1248 0.0318051 0.0269285
13.156 0.0327591 0.0306322
13.1861 0.0337222 0.0319925
13.2158 0.0346503 0.0312595
13.2446 0.0354707 0.0284921
13.2735 0.036159 0.0237881
13.3029 0.0366678 0.0173013
13.3317 0.0369462 0.00968122
13.3625 0.0369743 0.000912589
13.391 0.0367587 -0.00755313
13.4229 0.0362419 -0.0162397
13.4516 0.0355824 -0.0229724
13.4826 0.0347033 -0.0283454
13.5116 0.0337888 -0.0314757
13.5419 0.0328028 -0.0325361
13.5715 0.0318772 -0.0313384
13.5996 0.0310828 -0.0282703
13.6268 0.0304421 -0.0235389
13.6548 0.0299595 -0.0172283
13.6834 0.0296852 -0.00959138
13.7133 0.0296555 -0.000992119
13.7435 0.0298895 0.00775309
13.7712 0.0303176 0.0154421
13.8022 0.0310193 0.0226275
13.8309 0.0318164 0.0277397
13.8617 0.0327728 0.031095
13.892 0.0337482 0.0321604
13.9215 0.0346654 0.0311274
13.9502 0.0354722 0.0280906
13.9793 0.0361445 0.0231127
14.0082 0.0366207 0.0164999
14.0368 0.0368729 0.00879534
14.0675 0.0368737 2.61069e-05
14.0956 0.0366407 -0.00829755
14.1272 0.0361089 -0.0168092
14.1563 0.0354261 -0.0234336
14.1871 0.0345479 -0.0285099
14.2168 0.0336194 -0.0313572
14.2469 0.0326532 -0.0320679
14.2764 0.0317524 -0.0305493
14.3041 0.0309986 -0.0272324
14.3316 0.0303861 -0.0221933
14.3599 0.0299452 -0.0156091
14.3885 0.0297217 -0.00781199
14.4188 0.0297486 0.00088827
14.4492 0.0300412 0.00963815
14.4791 0.0305648 0.0175087
14.51 0.0313158 0.0242851
14.5408 0.0322137 0.0291312
14.5713 0.0331813 0.0317519
14.6018 0.0341616 0.0321864
14.6308 0.0350499 0.0305535
14.6595 0.0358254 0.0270126
14.6894 0.0364632 0.0213949
14.7178 0.0368729 0.0144188
14.7467 0.0370588 0.00642286
14.7784 0.0369734 -0.00269147
14.8096 0.0366107 -0.0116372
14.8405 0.0360049 -0.0196004
14.8712 0.0352113 -0.0258885
