t x y
0.01 0.0363 0
0.02 0.0362986 0
0.0972062 0.0362959 0
0.174451 0.0361937 0
0.252103 0.0360142 0
0.330609 0.0357612 0
0.410149 0.0354379 0
0.490744 0.0350484 0
0.572335 0.0345965 0
0.652751 0.0340859 0
0.728199 0.0335352 0
0.800445 0.0329795 0
0.870392 0.0324128 0
0.938702 0.0318333 0
1.00537 0.0312394 0
1.06988 0.0306364 0
1.13262 0.0300352 0
1.19386 0.0294394 0
1.25387 0.0288548 0
1.31274 0.0282887 0
1.37046 0.0277501 0
1.42714 0.0272483 0
1.48279 0.0267892 0
1.53763 0.0263774 0
1.59123 0.0260133 0
1.64369 0.0257005 0
1.69527 0.0254385 0
1.74562 0.0252269 0
1.79457 0.0250661 0
1.84378 0.0249556 0
1.89178 0.0248929 0
1.93817 0.0248799 0
1.9838 0.0249143 0
2.02878 0.0249947 0
2.07351 0.0251197 0
2.1176 0.0252896 0
2.16141 0.0255021 0
2.20438 0.025747 0
2.24718 0.0260206 0
2.28951 0.0263282 0
2.33147 0.026668 0
2.373 0.0270496 0
2.41502 0.0274725 0
2.45762 0.0279474 0
2.49945 0.0284773 0
2.54141 0.0290447 0
2.58487 0.0296562 0
2.62936 0.0303361 0
2.67437 0.0310806 0
2.71859 0.0318845 0
2.76195 0.0327234 0
2.80526 0.0335944 0
2.84759 0.0345121 0
2.88959 0.0354546 0
2.93121 0.0364339 0
2.97222 0.0374463 0
3.0123 0.0384826 0
3.05238 0.0395293 0
3.09147 0.0406067 0
3.12964 0.0416815 0
3.1666 0.0427489 0
3.20197 0.0437928 0
3.23592 0.0447947 0
3.26849 0.0457509 0
3.29978 0.0466544 0
3.32981 0.0474991 0
3.35873 0.0482783 0
3.38653 0.0489886 0
3.41348 0.0496245 0
3.42386 0.0501871 0
3.43357 0.0503953 0
3.443 0.0505824 0
3.4521 0.0507566 0
3.46096 0.0509175 0
3.46956 0.0510665 0
3.47781 0.0512041 0
3.48574 0.0513293 0
3.49344 0.0514429 0
3.50092 0.0515468 0
3.50838 0.051641 0
3.51561 0.0517281 0
3.52264 0.0518057 0
3.52952 0.0518736 0
3.53636 0.051932 0
3.54293 0.0519814 0
3.54926 0.0520204 0
3.5554 0.0520498 0
3.5614 0.0520703 0
3.56731 0.0520825 0
3.57311 0.0520867 0
3.57879 0.0520832 0
3.5844 0.0520724 0
3.58999 0.0520548 0
3.59561 0.0520303 0
3.60131 0.0519989 0
3.60712 0.0519604 0
3.61307 0.0519147 0
3.61917 0.0518615 0
3.62543 0.0518007 0
3.63123 0.0517324 0
3.63675 0.0516646 0
3.64229 0.0515964 0
3.64807 0.0515243 0
3.65392 0.0514448 0
3.65985 0.0513604 0
3.66565 0.0512708 0
3.6715 0.0511794 0
3.67735 0.0510838 0
3.68328 0.0509843 0
3.68929 0.0508799 0
3.69541 0.0507704 0
3.70166 0.0506552 0
3.70804 0.0505338 0
3.7146 0.0504056 0
3.72136 0.0502697 0
3.72835 0.0501252 0
3.74652 0.049971 0
3.76553 0.0495359 0
3.78677 0.0490481 0
3.81004 0.0484657 0
3.83643 0.0477873 0
3.86394 0.0469721 0
3.89213 0.0460805 0
3.9217 0.0451273 0
3.94984 0.0440892 0
3.98183 0.0430711 0
4.0163 0.0418777 0
4.05351 0.0405564 0
4.09248 0.0390943 0
4.13244 0.0375288 0
4.17462 0.0358928 0
4.21755 0.0341346 0
4.26178 0.0323191 0
4.30596 0.0304255 0
4.35045 0.0285159 0
4.39326 0.0265762 0
4.43397 0.0246958 0
4.47261 0.0228951 0
4.50893 0.0211745 0
4.54281 0.0195469 0
4.57436 0.0180207 0
4.60362 0.0165929 0
4.61442 0.0152658 0
4.62423 0.0147717 0
4.63293 0.0143202 0
4.64128 0.0139183 0
4.64928 0.0135361 0
4.65686 0.0131784 0
