t x y
0.01 0.0363 0
0.02 0.0362937 0
0.0360242 0.0362812 0
0.0520946 0.0362455 0
0.0682716 0.0361946 0
0.0845335 0.0361292 0
0.100907 0.03605 0
0.117449 0.035958 0
0.134127 0.0358538 0
0.150911 0.0357386 0
0.167761 0.035614 0
0.184739 0.0354815 0
0.201884 0.0353419 0
0.219236 0.0351961 0
0.236702 0.0350448 0
0.254054 0.0348901 0
0.271263 0.0347352 0
0.288352 0.0345814 0
0.305352 0.0344294 0
0.322285 0.0342799 0
0.339184 0.0341332 0
0.356073 0.0339899 0
0.372971 0.0338503 0
0.389894 0.0337147 0
0.406856 0.0335834 0
0.423866 0.0334565 0
0.440927 0.033334 0
0.458041 0.0332158 0
0.47521 0.0331017 0
0.492436 0.0329912 0
0.509713 0.0328837 0
0.527032 0.0327784 0
0.544389 0.0326745 0
0.561777 0.0325709 0
0.579192 0.0324664 0
0.596625 0.0323596 0
0.614057 0.0322489 0
0.631467 0.0321328 0
0.648822 0.0320098 0
0.666099 0.0318783 0
0.683287 0.0317372 0
0.700393 0.031585 0
0.717447 0.0314205 0
0.734462 0.0312425 0
0.751461 0.03105 0
0.768447 0.0308423 0
0.785564 0.0306192 0
0.802725 0.0303786 0
0.819896 0.0301201 0
0.836886 0.0298448 0
0.853716 0.0295572 0
0.870439 0.0292586 0
0.88712 0.0289502 0
0.90381 0.0286344 0
0.920553 0.0283126 0
0.937385 0.0279867 0
0.95425 0.0276589 0
0.970907 0.0273332 0
0.987597 0.0270174 0
1.00423 0.02671 0
1.02075 0.0264159 0
1.03675 0.0261396 0
1.0526 0.0258902 0
1.06827 0.0256642 0
1.08354 0.0254653 0
1.09889 0.0252983 0
1.11421 0.025161 0
1.12927 0.025058 0
1.14368 0.0249928 0
1.15758 0.0249657 0
1.17119 0.0249743 0
1.18471 0.0250174 0
1.19819 0.0250951 0
1.21138 0.0252074 0
1.22422 0.0253505 0
1.23684 0.0255202 0
1.24944 0.0257159 0
1.262 0.0259392 0
1.2744 0.0261881 0
1.28678 0.0264577 0
1.29909 0.0267492 0
1.31133 0.0270595 0
1.32357 0.027386 0
1.33587 0.0277289 0
1.34825 0.0280873 0
1.36075 0.0284598 0
1.37324 0.0288453 0
1.38567 0.0292373 0
1.3982 0.0296315 0
1.41099 0.0300312 0
1.42363 0.0304381 0
1.43622 0.0308366 0
1.44871 0.0312265 0
1.46127 0.0316038 0
1.47403 0.0319703 0
1.48709 0.0323266 0
1.50062 0.032672 0
1.51473 0.0330042 0
1.5296 0.0333204 0
1.54527 0.0336166 0
1.56087 0.0338851 0
1.57587 0.0341068 0
1.59094 0.0342758 0
1.6061 0.0344003 0
1.62176 0.0344797 0
1.63692 0.0345131 0
1.65242 0.0345009 0
1.66868 0.034444 0
1.68494 0.0343392 0
1.70086 0.0341933 0
1.71671 0.0340157 0
1.73251 0.0338088 0
1.74827 0.0335779 0
1.76422 0.0333286 0
1.78026 0.0330628 0
1.79594 0.0327883 0
1.81082 0.0325193 0
1.8254 0.0322694 0
1.84048 0.032034 0
1.85625 0.0318062 0
1.87179 0.0315903 0
1.88725 0.0314051 0
1.90256 0.0312532 0
1.91758 0.031139 0
1.93257 0.031065 0
1.94727 0.0310316 0
1.96168 0.031039 0
1.97611 0.0310856 0
1.99058 0.0311717 0
2.00477 0.0312973 0
2.01886 0.031457 0
2.03289 0.0316499 0
2.04686 0.0318742 0
2.06081 0.0321266 0
2.07484 0.0324051 0
2.08902 0.0327089 0
2.10332 0.0330366 0
2.11764 0.0333838 0
2.13197 0.0337445 0
2.1466 0.034114 0
2.16133 0.034495 0
2.17621 0.0348781 0
2.19103 0.035259 0
2.20546 0.0356271 0
2.21971 0.0359707 0
2.2341 0.0362911 0
2.24795 0.0365916 0
2.26153 0.0368554 0
2.27518 0.0370865 0
2.28905 0.0372885 0
2.30321 0.0374592 0
2.31717 0.0375937 0
2.33155 0.037685 0
2.34619 0.0377333 0
2.36038 0.0377329 0
2.37432 0.037685 0
2.38883 0.0375921 0
2.40302 0.0374458 0
2.41672 0.0372561 0
2.4305 0.0370302 0
2.44411 0.0367614 0
2.45769 0.0364576 0
2.47153 0.0361193 0
2.48577 0.0357415 0
2.49961 0.0353213 0
2.51305 0.0348873 0
2.52646 0.0344449 0
2.54006 0.0339871 0
2.55403 0.03351 0
2.568 0.033011 0
2.58202 0.032508 0
2.59584 0.032004 0
2.60985 0.0315125 0
2.62446 0.031024 0
2.63946 0.0305306 0
2.65419 0.0300465 0
2.66893 0.0295978 0
2.68379 0.0291797 0
2.69887 0.0287948 0
2.71419 0.0284451 0
2.72926 0.0281357 0
2.74438 0.0278796 0
2.75943 0.0276744 0
2.77368 0.0275231 0
2.78862 0.0274284 0
2.80278 0.0273838 0
2.81694 0.0273901 0
2.83019 0.0274445 0
2.84444 0.0275363 0
2.85822 0.0276802 0
2.87191 0.0278592 0
2.88573 0.0280739 0
2.89952 0.0283252 0
2.91333 0.028607 0
2.92722 0.0289168 0
2.9411 0.0292529 0
2.95508 0.0296089 0
2.96896 0.0299846 0
2.98296 0.0303701 0
2.99718 0.0307674 0
3.01127 0.0311755 0
3.02538 0.0315793 0
3.0397 0.0319791 0
3.054 0.0323755 0
3.06775 0.0327577 0
3.08125 0.0331083 0
3.09474 0.0334327 0
3.10834 0.0337336 0
3.12216 0.0340098 0
3.13632 0.0342594 0
3.15099 0.0344801 0
3.16474 0.0346678 0
3.17941 0.0348056 0
3.19443 0.0349079 0
3.20939 0.0349651 0
3.22356 0.034975 0
3.23857 0.0349423 0
3.25362 0.0348621 0
3.26916 0.0347377 0
3.28406 0.0345645 0
3.2989 0.0343595 0
3.31356 0.0341197 0
3.32838 0.0338517 0
3.34356 0.0335528 0
3.35839 0.0332223 0
3.37297 0.032881 0
3.38764 0.032532 0
3.40243 0.0321726 0
3.41693 0.0318065 0
3.43113 0.0314492 0
3.44549 0.0311049 0
3.4603 0.0307667 0
3.47518 0.0304333 0
3.48952 0.0301184 0
3.50358 0.0298373 0
3.5176 0.0295871 0
3.53171 0.0293664 0
3.54601 0.0291767 0
3.56062 0.0290205 0
3.57566 0.028901 0
3.59035 0.0288229 0
3.60455 0.0287906 0
3.61877 0.0288013 0
3.63292 0.0288544 0
3.64696 0.0289484 0
3.66116 0.0290815 0
3.67531 0.0292551 0
3.6893 0.0294648 0
3.7032 0.0297056 0
3.71705 0.0299752 0
3.73094 0.0302709 0
3.74493 0.0305913 0
3.75911 0.0309351 0
3.7734 0.0313014 0
3.7878 0.0316849 0
3.80236 0.0320812 0
3.81713 0.032488 0
3.83159 0.0329022 0
3.84564 0.0333042 0
3.85954 0.0336879 0
3.87353 0.0340564 0
3.88793 0.0344122 0
3.90195 0.0347578 0
3.91585 0.035071 0
3.92982 0.0353547 0
3.94397 0.0356096 0
3.95846 0.0358341 0
3.97236 0.0360248 0
3.98715 0.0361686 0
4.00193 0.0362744 0
4.01706 0.0363315 0
4.03131 0.0363377 0
4.04653 0.0362966 0
4.06129 0.0362001 0
4.07635 0.0360575 0
4.09065 0.0358626 0
4.10539 0.0356345 0
4.11982 0.0353561 0
4.13465 0.0350456 0
4.14969 0.0346901 0
4.1643 0.0342966 0
4.17849 0.0338876 0
4.19258 0.0334698 0
4.20685 0.0330381 0
4.22135 0.0325885 0
4.23574 0.0321239 0
4.24986 0.031659 0
4.264 0.0312039 0
4.27859 0.0307548 0
4.29319 0.0303025 0
4.30798 0.0298654 0
4.32252 0.0294423 0
4.33704 0.0290519 0
4.35172 0.0286915 0
4.36666 0.028361 0
4.38109 0.0280631 0
4.39618 0.0278157 0
4.41119 0.0276041 0
4.42561 0.0274425 0
4.44016 0.0273338 0
4.45489 0.0272733 0
4.46916 0.0272624 0
4.48275 0.0272986 0
4.4969 0.0273748 0
4.51055 0.0274981 0
4.52421 0.0276565 0
4.53817 0.0278518 0
4.55199 0.0280873 0
4.56566 0.0283523 0
4.57934 0.0286421 0
4.59308 0.0289563 0
4.60695 0.0292927 0
4.62082 0.0296494 0
4.63474 0.0300191 0
4.64894 0.030399 0
4.66306 0.0307913 0
4.67716 0.0311818 0
4.69134 0.0315674 0
4.70576 0.0319469 0
4.71977 0.0323198 0
4.73337 0.0326653 0
4.74687 0.0329811 0
4.76046 0.0332718 0
4.77428 0.033538 0
4.78843 0.0337782 0
4.80308 0.0339898 0
4.81776 0.0341689 0
4.83163 0.0343056 0
4.84683 0.0343945 0
4.86195 0.034443 0
4.8765 0.0344426 0
4.89117 0.0343975 0
4.90652 0.0343073 0
4.92184 0.034166 0
4.93707 0.0339804 0
4.95222 0.0337541 0
4.96708 0.033491 0
4.982 0.0331994 0
4.99713 0.0328776 0
5.01231 0.0325258 0
5.02719 0.0321529 0
5.04195 0.0317737 0
5.05692 0.0313892 0
5.07181 0.0309961 0
5.08627 0.0306071 0
5.10066 0.030237 0
5.11532 0.0298808 0
5.13053 0.0295351 0
5.14526 0.0291994 0
5.15956 0.0289004 0
5.17368 0.0286389 0
5.18781 0.0284118 0
5.20206 0.028219 0
5.21655 0.0280624 0
5.23141 0.0279448 0
5.24576 0.0278703 0
5.25973 0.0278428 0
5.27363 0.0278587 0
5.28745 0.0279168 0
5.30132 0.028016 0
5.31508 0.0281565 0
5.32873 0.0283343 0
5.34227 0.0285472 0
5.35569 0.0287913 0
5.36903 0.0290637 0
5.38239 0.0293619 0
5.39583 0.0296848 0
5.40939 0.0300315 0
5.42318 0.0304003 0
5.43727 0.0307913 0
5.45148 0.0312036 0
5.46585 0.0316284 0
5.48032 0.0320624 0
5.49428 0.0325005 0
5.50774 0.0329194 0
5.52094 0.0333168 0
5.53419 0.0336964 0
5.54784 0.0340641 0
5.56165 0.0344251 0
5.57546 0.0347683 0
5.58942 0.0350861 0
5.60362 0.0353775 0
5.61792 0.0356404 0
5.63236 0.0358683 0
5.64611 0.0360571 0
5.66113 0.0361968 0
5.67562 0.0363005 0
5.6899 0.0363539 0
5.70443 0.0363606 0
5.71924 0.0363203 0
5.73434 0.0362315 0
5.7489 0.0360928 0
5.76376 0.0359161 0
5.77825 0.0356935 0
5.79292 0.0354395 0
5.80781 0.0351476 0
5.82258 0.0348202 0
5.83687 0.0344691 0
5.85099 0.0341088 0
5.86522 0.033737 0
5.87973 0.0333505 0
5.89412 0.0329486 0
5.90822 0.0325471 0
5.92229 0.0321556 0
5.93677 0.0317703 0
5.952 0.0313845 0
5.96672 0.0309958 0
5.98113 0.0306407 0
5.9955 0.0303173 0
6.01001 0.0300223 0
6.02475 0.0297565 0
6.03962 0.0295235 0
6.05504 0.029329 0
6.07001 0.0291737 0
6.08492 0.0290684 0
6.09919 0.0290096 0
6.11397 0.0289965 0
6.12804 0.0290287 0
6.14214 0.0291005 0
6.15679 0.0292126 0
6.17085 0.0293703 0
6.18518 0.0295573 0
6.19949 0.0297822 0
6.21385 0.0300377 0
6.22827 0.0303214 0
6.24277 0.0306307 0
6.25722 0.030962 0
6.27177 0.0313075 0
6.28635 0.0316672 0
6.30113 0.0320348 0
6.31587 0.0324102 0
6.33057 0.0327814 0
6.34519 0.0331447 0
6.36003 0.0334942 0
6.37431 0.033832 0
6.38814 0.0341374 0
6.40183 0.034411 0
6.41556 0.0346566 0
6.42947 0.0348751 0
6.44371 0.035065 0
6.45776 0.0352234 0
6.47274 0.0353413 0
6.48775 0.0354211 0
6.503 0.0354536 0
6.51738 0.035437 0
6.53268 0.035377 0
6.5477 0.0352639 0
6.5632 0.0351065 0
6.57783 0.0348969 0
6.59279 0.0346591 0
6.6074 0.0343772 0
6.62231 0.0340683 0
6.63745 0.0337218 0
6.65228 0.0333433 0
6.6667 0.0329512 0
6.68102 0.0325547 0
6.69553 0.03215 0
6.71018 0.0317342 0
6.72473 0.0313127 0
6.73888 0.030898 0
6.7532 0.0305022 0
6.76812 0.030114 0
6.78314 0.0297275 0
6.7978 0.0293618 0
6.81227 0.0290314 0
6.82678 0.0287355 0
6.84147 0.0284726 0
6.85635 0.0282452 0
6.87144 0.0280574 0
6.88663 0.0279139 0
6.90128 0.0278193 0
6.91544 0.0277761 0
6.92936 0.0277797 0
6.94311 0.0278271 0
6.95714 0.0279163 0
6.97095 0.0280501 0
6.98447 0.0282216 0
6.99815 0.0284255 0
7.01172 0.0286662 0
7.02519 0.0289363 0
7.03868 0.0292319 0
7.05227 0.0295524 0
7.06599 0.0298969 0
7.07997 0.0302636 0
7.0939 0.0306522 0
7.10796 0.031051 0
7.12234 0.0314609 0
7.13658 0.0318834 0
7.15068 0.0323012 0
7.16434 0.0327099 0
7.17779 0.0330972 0
7.19134 0.0334669 0
7.2051 0.0338238 0
7.21876 0.0341668 0
7.2325 0.0344842 0
7.24644 0.0347768 0
7.26069 0.0350429 0
7.27533 0.0352803 0
7.28915 0.0354842 0
7.30374 0.0356378 0
