t x y
0.01 0.0363 0
0.02 0.0362933 0
0.0360244 0.0362799 0
0.0520955 0.0362417 0
0.0682744 0.0361873 0
0.0845413 0.0361172 0
0.100922 0.0360323 0
0.117473 0.0359335 0
0.134165 0.0358213 0
0.150966 0.0356969 0
0.167836 0.0355618 0
0.184838 0.0354175 0
0.202012 0.0352644 0
0.219322 0.0351031 0
0.236323 0.034935 0
0.253128 0.0347653 0
0.269734 0.0345939 0
0.286187 0.0344216 0
0.302521 0.0342484 0
0.31877 0.0340745 0
0.334963 0.0338998 0
0.351122 0.0337242 0
0.367266 0.0335475 0
0.383412 0.0333696 0
0.399571 0.0331904 0
0.415756 0.0330097 0
0.431974 0.0328273 0
0.448235 0.0326431 0
0.464545 0.0324565 0
0.480909 0.0322674 0
0.497333 0.0320752 0
0.513825 0.0318792 0
0.530397 0.0316789 0
0.547067 0.0314734 0
0.563856 0.0312618 0
0.580789 0.0310432 0
0.597893 0.0308164 0
0.614954 0.0305801 0
0.631965 0.0303367 0
0.64899 0.0300859 0
0.66607 0.0298264 0
0.683223 0.029557 0
0.700474 0.0292774 0
0.717852 0.0289872 0
0.735332 0.028686 0
0.752803 0.028375 0
0.770262 0.0280572 0
0.787638 0.0277321 0
0.80484 0.0274049 0
0.821918 0.0270793 0
0.838925 0.0267566 0
0.855933 0.0264381 0
0.87295 0.0261248 0
0.889693 0.0258191 0
0.906164 0.0255285 0
0.922446 0.0252552 0
0.9386 0.0250003 0
0.954381 0.0247658 0
0.969936 0.0245575 0
0.985794 0.0243759 0
1.00152 0.0242191 0
1.01688 0.0240946 0
1.0315 0.0240055 0
1.04544 0.0239528 0
1.05891 0.0239336 0
1.07206 0.0239461 0
1.08501 0.0239895 0
1.09776 0.0240635 0
1.11021 0.0241679 0
1.12233 0.0243006 0
1.13422 0.0244598 0
1.14597 0.0246453 0
1.15755 0.0248578 0
1.16897 0.0250958 0
1.18027 0.0253578 0
1.19138 0.025644 0
1.20233 0.0259513 0
1.21315 0.026279 0
1.22387 0.0266264 0
1.23452 0.026993 0
1.24515 0.0273789 0
1.25579 0.0277843 0
1.2665 0.02821 0
1.2773 0.0286564 0
1.2882 0.0291242 0
1.29927 0.0296128 0
1.31056 0.0301236 0
1.32213 0.0306576 0
1.33406 0.0312167 0
1.34645 0.031803 0
1.35898 0.0324184 0
1.37141 0.0330454 0
1.38375 0.0336682 0
1.39611 0.0342842 0
1.40852 0.0348962 0
1.42095 0.0355033 0
1.43344 0.0361012 0
1.44602 0.0366878 0
1.45877 0.037262 0
1.47184 0.0378247 0
1.48529 0.0383777 0
1.49912 0.0389197 0
1.51338 0.0394431 0
1.52812 0.0399437 0
1.5425 0.0404142 0
1.55656 0.0408246 0
1.57105 0.0411756 0
1.58529 0.0414814 0
1.59906 0.0417254 0
1.61244 0.0419063 0
1.62622 0.0420288 0
1.64013 0.0420971 0
1.65408 0.0421067 0
1.66737 0.0420563 0
1.68099 0.0419553 0
1.69433 0.0417979 0
1.70762 0.0415942 0
1.72075 0.0413448 0
1.73354 0.0410551 0
1.74615 0.0407348 0
1.75838 0.0403846 0
1.7705 0.0400147 0
1.7828 0.0396207 0
1.79529 0.0391954 0
1.80759 0.0387394 0
1.81967 0.0382692 0
1.83202 0.0377903 0
1.84485 0.037284 0
1.85772 0.0367439 0
1.87076 0.0361915 0
1.8837 0.0356239 0
1.89677 0.0350564 0
1.90994 0.0344812 0
1.92335 0.0339033 0
1.93695 0.0333178 0
1.9507 0.0327308 0
1.96444 0.0321458 0
1.97832 0.0315729 0
1.99248 0.0310072 0
2.00681 0.0304466 0
2.02141 0.0298969 0
2.03633 0.0293571 0
2.05159 0.0288273 0
2.06723 0.0283086 0
2.08326 0.0278019 0
2.09969 0.0273088 0
2.11627 0.0268296 0
2.13298 0.026371 0
2.14939 0.0259328 0
2.16586 0.0255231 0
2.18277 0.0251306 0
2.19967 0.0247443 0
2.21646 0.0243715 0
2.23337 0.0240115 0
2.25022 0.0236556 0
2.26698 0.0233042 0
2.28362 0.022954 0
2.30007 0.0226025 0
2.31629 0.0222484 0
2.33228 0.0218901 0
2.34803 0.0215263 0
2.36352 0.0211567 0
2.37877 0.0207814 0
2.39371 0.0204009 0
2.40835 0.0200179 0
2.4227 0.019635 0
2.43677 0.0192544 0
2.4506 0.0188786 0
2.46419 0.01851 0
2.47757 0.0181522 0
2.49078 0.0178092 0
2.50365 0.0174838 0
2.51622 0.0171837 0
2.52852 0.0169131 0
2.54068 0.0166737 0
2.55276 0.0164656 0
2.56468 0.0162892 0
2.57656 0.0161478 0
2.58847 0.0160403 0
2.59998 0.015968 0
2.60445 0.0159322 0
2.60885 0.0159237 0
2.6134 0.0159199 0
2.6178 0.0159213 0
2.62224 0.0159277 0
2.62662 0.0159394 0
2.63744 0.0159559 0
2.64814 0.0160277 0
2.6588 0.0161312 0
2.66921 0.0162676 0
2.67961 0.0164336 0
2.69011 0.0166327 0
2.70045 0.0168674 0
2.71066 0.0171316 0
2.72069 0.0174253 0
2.73055 0.0177455 0
2.74022 0.0180908 0
2.74972 0.0184598 0
2.75909 0.0188519 0
2.76835 0.0192675 0
2.7775 0.0197065 0
2.78657 0.0201687 0
2.79558 0.0206548 0
2.80455 0.021165 0
2.81352 0.0217006 0
2.82252 0.022263 0
2.83158 0.0228545 0
2.84076 0.0234775 0
2.85005 0.0241351 0
2.85954 0.0248271 0
2.86935 0.0255609 0
2.87898 0.0263461 0
2.88834 0.0271406 0
2.89765 0.0279355 0
2.90692 0.0287477 0
2.91603 0.0295784 0
2.92496 0.0304146 0
2.93372 0.0312546 0
2.94233 0.0320986 0
2.95082 0.0329472 0
2.9593 0.0338041 0
2.96786 0.0346774 0
2.97652 0.0355793 0
2.98476 0.0365111 0
2.99294 0.0374158 0
3.00127 0.0383326 0
3.0098 0.0392836 0
3.01826 0.0402764 0
3.02682 0.0412792 0
3.03534 0.0423131 0
3.04389 0.0433626 0
3.05229 0.0444358 0
3.06056 0.0455115 0
3.06926 0.0465897 0
3.07766 0.0477454 0
3.08584 0.0488793 0
3.09358 0.0500028 0
3.09649 0.051084 0
3.09921 0.0514948 0
3.10172 0.0518838 0
3.1041 0.0522444 0
3.10636 0.0525895 0
3.10854 0.0529201 0
3.11062 0.0532387 0
3.11262 0.0535457 0
3.11453 0.0538392 0
