t x y
0.01 0.0242 0
0.02 0.0241845 0
0.0305888 0.0241531 0
0.0412942 0.024103 0
0.0521873 0.0240362 0
0.0632597 0.0239528 0
0.0745071 0.0238537 0
0.0859403 0.0237398 0
0.0975237 0.0236124 0
0.109284 0.0234734 0
0.121179 0.0233243 0
0.133231 0.0231678 0
0.145398 0.023006 0
0.1576 0.0228418 0
0.169807 0.0226791 0
0.182042 0.0225209 0
0.194333 0.0223695 0
0.206606 0.0222272 0
0.218616 0.0220969 0
0.230368 0.0219829 0
0.242035 0.0218861 0
0.253795 0.0218057 0
0.265933 0.021742 0
0.277949 0.0216959 0
0.289647 0.0216703 0
0.301696 0.0216648 0
0.313908 0.0216795 0
0.326529 0.0217147 0
0.338791 0.0217719 0
0.350999 0.0218458 0
0.363237 0.0219358 0
0.375343 0.0220402 0
0.387325 0.022155 0
0.399189 0.022277 0
0.410952 0.022403 0
0.422631 0.0225302 0
0.434235 0.0226557 0
0.44578 0.0227764 0
0.457285 0.0228895 0
0.468488 0.022992 0
0.47965 0.0230792 0
0.491039 0.0231507 0
0.502325 0.0232044 0
0.513424 0.0232358 0
0.524243 0.0232428 0
0.534928 0.0232247 0
0.545441 0.0231811 0
0.556248 0.023112 0
0.56779 0.0230123 0
0.578901 0.0228726 0
0.589794 0.0227069 0
0.600451 0.0225144 0
0.611001 0.0222976 0
0.621468 0.022056 0
0.631912 0.0217911 0
0.642414 0.0215031 0
0.653107 0.0211915 0
0.663721 0.0208542 0
0.674046 0.0205028 0
0.684164 0.0201482 0
0.694221 0.0197917 0
0.704301 0.0194315 0
0.714499 0.019068 0
0.724694 0.0187012 0
0.734906 0.0183388 0
0.745062 0.0179841 0
0.754995 0.0176435 0
0.765062 0.0173249 0
0.774902 0.0170206 0
0.784782 0.016744 0
0.794472 0.0164903 0
0.803875 0.016267 0
0.81323 0.0160767 0
0.822272 0.0159156 0
0.831469 0.0157877 0
0.840161 0.0156876 0
0.848723 0.0156207 0
0.857359 0.0155822 0
0.865735 0.0155716 0
0.87396 0.0155877 0
0.88193 0.0156286 0
0.890121 0.0156912 0
0.898749 0.0157787 0
0.90783 0.0158957 0
0.917125 0.0160446 0
0.926452 0.0162223 0
0.935819 0.0164243 0
0.945141 0.0166491 0
0.954422 0.0168929 0
0.963685 0.0171535 0
0.972958 0.0174293 0
0.982272 0.017719 0
0.99166 0.0180212 0
1.00115 0.0183347 0
1.01076 0.0186576 0
1.02052 0.0189881 0
1.03033 0.0193242 0
1.04044 0.0196592 0
1.05046 0.0199977 0
1.06033 0.020323 0
1.07026 0.020631 0
1.08013 0.0209253 0
1.09007 0.0211989 0
1.10004 0.0214528 0
1.10967 0.0216827 0
1.11968 0.0218793 0
1.12987 0.0220546 0
1.13988 0.0222015 0
1.14992 0.0223136 0
1.15988 0.0223919 0
1.16978 0.0224353 0
1.17992 0.0224442 0
1.19006 0.0224178 0
1.19996 0.0223567 0
1.20992 0.0222649 0
1.21973 0.0221415 0
1.22943 0.0219909 0
1.2388 0.021815 0
1.24785 0.0216212 0
1.25702 0.0214135 0
1.26638 0.0211835 0
1.27549 0.0209313 0
1.28441 0.0206709 0
1.2933 0.0204043 0
1.30229 0.0201289 0
1.31147 0.0198438 0
1.32092 0.0195488 0
1.33076 0.0192441 0
1.34107 0.0189304 0
1.35122 0.01861 0
1.36146 0.0183065 0
1.37164 0.0180174 0
1.3812 0.0177509 0
1.39078 0.0175213 0
1.39994 0.017315 0
1.4095 0.0171415 0
1.41854 0.016988 0
1.42756 0.0168685 0
1.43674 0.0167761 0
1.44557 0.0167105 0
1.45455 0.0166733 0
1.46375 0.0166627 0
1.47271 0.0166803 0
1.48164 0.0167239 0
1.49025 0.0167929 0
1.49865 0.0168825 0
1.50779 0.0169907 0
1.51702 0.0171316 0
1.52648 0.0172957 0
1.53613 0.0174846 0
1.54579 0.0176966 0
1.55552 0.0179262 0
1.5653 0.0181727 0
1.57513 0.0184337 0
1.58506 0.0187075 0
1.5951 0.0189927 0
1.60528 0.0192875 0
1.61554 0.0195898 0
1.62591 0.0198946 0
1.63595 0.0201999 0
1.64607 0.0204897 0
1.65615 0.0207731 0
1.66673 0.0210438 0
1.6773 0.0213122 0
1.6876 0.0215615 0
1.6976 0.0217834 0
1.70812 0.0219763 0
1.71857 0.0221524 0
1.72867 0.0222993 0
1.73909 0.0224129 0
1.74953 0.0224985 0
1.76004 0.0225509 0
1.77056 0.0225689 0
1.781 0.0225511 0
1.79132 0.022498 0
1.80186 0.0224105 0
1.81244 0.0222852 0
1.82313 0.0221238 0
1.83375 0.0219252 0
1.84409 0.0216948 0
1.85434 0.0214404 0
1.86473 0.0211606 0
1.87488 0.0208512 0
1.88478 0.0205271 0
1.89456 0.020193 0
1.90436 0.019847 0
1.91427 0.0194879 0
1.92421 0.0191148 0
1.93411 0.0187344 0
1.94397 0.0183531 0
1.95377 0.0179746 0
1.96347 0.0176028 0
1.97311 0.0172422 0
1.98266 0.0168961 0
1.99218 0.016568 0
2.0014 0.0162579 0
2.01037 0.0159764 0
2.01938 0.0157228 0
2.02837 0.0154902 0
2.03715 0.0152816 0
2.04566 0.0151015 0
2.05448 0.0149508 0
2.06314 0.0148205 0
2.0719 0.0147188 0
2.08087 0.0146435 0
2.08977 0.0145963 0
2.09842 0.0145793 0
2.10712 0.0145909 0
2.11551 0.014631 0
2.12417 0.0146957 0
2.13333 0.0147894 0
2.14249 0.0149176 0
2.1517 0.0150735 0
2.16087 0.0152564 0
2.16997 0.0154633 0
2.179 0.0156911 0
2.18799 0.0159377 0
2.19694 0.0162017 0
2.2059 0.0164821 0
2.21488 0.016778 0
2.2239 0.0170883 0
2.23297 0.0174118 0
2.24211 0.0177474 0
2.25134 0.0180937 0
2.26068 0.0184494 0
2.27016 0.0188132 0
2.2798 0.0191837 0
2.28963 0.0195594 0
2.29968 0.0199386 0
2.30926 0.0203199 0
2.31877 0.020675 0
2.32846 0.0210178 0
2.33847 0.0213536 0
2.34849 0.021685 0
2.3585 0.0219977 0
2.36842 0.0222898 0
2.37843 0.0225566 0
2.38891 0.0228013 0
2.39914 0.0230285 0
2.40936 0.0232207 0
2.41942 0.0233816 0
2.42931 0.0235084 0
2.43971 0.0236014 0
2.45 0.0236637 0
2.46018 0.0236899 0
2.47028 0.0236811 0
2.48034 0.0236384 0
2.49031 0.0235628 0
2.50001 0.0234562 0
2.50929 0.0233237 0
2.5187 0.0231719 0
2.52849 0.0229937 0
2.53811 0.0227841 0
2.54762 0.0225575 0
2.55711 0.0223155 0
2.56664 0.0220586 0
2.57624 0.0217877 0
2.58599 0.0215041 0
2.59599 0.0212079 0
2.60634 0.0208985 0
2.61705 0.0205763 0
2.62778 0.0202439 0
2.63845 0.0199162 0
2.64904 0.0196 0
2.65972 0.0192992 0
2.67005 0.019013 0
2.68013 0.0187551 0
2.69 0.018525 0
2.6999 0.0183222 0
2.7093 0.0181442 0
2.71875 0.0179999 0
2.72813 0.0178815 0
2.73756 0.0177908 0
2.74626 0.0177279 0
2.75541 0.0176942 0
2.76465 0.0176859 0
2.77368 0.0177049 0
2.78272 0.0177491 0
2.79169 0.0178184 0
2.80106 0.0179107 0
2.81049 0.0180316 0
2.81988 0.0181765 0
2.82926 0.0183424 0
2.83876 0.0185274 0
2.84849 0.018733 0
2.8583 0.0189603 0
2.86782 0.0192042 0
2.87725 0.0194521 0
2.88681 0.0197059 0
2.89659 0.0199691 0
2.90665 0.0202416 0
2.91707 0.0205213 0
2.92741 0.0208069 0
2.938 0.0210825 0
2.94827 0.0213525 0
2.95884 0.021599 0
2.96901 0.0218332 0
2.9792 0.022037 0
2.98896 0.0222163 0
2.99924 0.0223627 0
3.00909 0.0224866 0
3.01904 0.0225755 0
3.02914 0.0226334 0
3.03926 0.0226577 0
3.04929 0.0226464 0
3.05919 0.0226001 0
3.06939 0.0225208 0
3.07951 0.0224038 0
3.08951 0.0222543 0
3.09935 0.022075 0
3.10913 0.0218696 0
3.11892 0.0216391 0
3.12846 0.0213834 0
3.13783 0.0211134 0
3.14729 0.0208304 0
3.15699 0.0205288 0
3.16637 0.0202066 0
3.17566 0.0198859 0
3.18506 0.0195619 0
3.19472 0.0192312 0
3.2048 0.0188925 0
3.21505 0.0185447 0
3.22519 0.0182011 0
3.23528 0.0178757 0
3.24516 0.0175712 0
3.25464 0.0172955 0
3.2641 0.0170533 0
3.27354 0.0168381 0
3.2829 0.0166515 0
3.29179 0.0164957 0
3.30044 0.0163757 0
3.30939 0.0162861 0
3.3182 0.016223 0
3.32681 0.0161897 0
3.33566 0.0161848 0
3.34428 0.0162086 0
3.35272 0.0162583 0
3.36076 0.0163315 0
3.36881 0.0164229 0
3.37781 0.0165349 0
3.38674 0.0166844 0
3.39587 0.0168544 0
3.40523 0.0170491 0
3.41466 0.0172684 0
3.42417 0.0175075 0
3.43374 0.0177651 0
3.44337 0.0180387 0
3.45308 0.0183263 0
3.4629 0.0186261 0
3.47286 0.0189365 0
3.48297 0.0192555 0
3.49318 0.0195809 0
3.50334 0.0199077 0
3.51322 0.020228 0
3.52308 0.020532 0
3.53304 0.0208251 0
3.54317 0.0211086 0
3.5534 0.0213808 0
3.56364 0.0216364 0
3.57351 0.0218696 0
3.5838 0.0220712 0
3.5941 0.0222541 0
3.6042 0.0224084 0
3.61463 0.0225301 0
3.62496 0.0226227 0
3.63525 0.0226807 0
3.64573 0.0227043 0
3.65617 0.0226922 0
3.66639 0.0226445 0
3.67685 0.0225638 0
3.68727 0.0224459 0
3.69772 0.0222944 0
3.708 0.022109 0
3.71802 0.0218958 0
3.72817 0.0216598 0
3.73839 0.0213942 0
3.74824 0.0211016 0
3.75792 0.0207987 0
3.76756 0.0204834 0
3.77729 0.0201531 0
3.7872 0.0198065 0
3.79728 0.0194424 0
3.80733 0.0190639 0
3.81733 0.0186827 0
3.8273 0.0183023 0
3.83717 0.0179264 0
3.84697 0.0175603 0
3.8567 0.0172063 0
3.86637 0.0168685 0
3.87569 0.0165482 0
3.88503 0.0162563 0
3.8944 0.0159838 0
3.90366 0.0157322 0
3.91272 0.0155067 0
3.92192 0.0153098 0
3.93072 0.0151359 0
3.9395 0.0149945 0
3.94858 0.0148792 0
3.95748 0.0147884 0
3.96676 0.014728 0
3.97596 0.0146967 0
3.98502 0.0146971 0
3.99409 0.0147277 0
4.00281 0.0147884 0
4.01227 0.0148737 0
4.02163 0.0149968 0
4.03102 0.0151469 0
4.04025 0.0153244 0
4.04937 0.0155235 0
4.05839 0.0157424 0
4.06736 0.015979 0
4.07632 0.0162329 0
4.0853 0.0165031 0
4.09431 0.0167891 0
4.10336 0.0170895 0
4.11246 0.0174029 0
4.12164 0.0177278 0
4.13091 0.0180633 0
4.1403 0.0184077 0
4.14982 0.0187597 0
4.15951 0.0191176 0
4.16939 0.0194793 0
4.17941 0.0198431 0
4.18895 0.0202041 0
4.19864 0.0205388 0
4.20837 0.020867 0
4.2185 0.0211823 0
4.22855 0.0214927 0
4.23841 0.0217803 0
4.24837 0.0220408 0
4.25844 0.0222801 0
4.26883 0.0224954 0
4.2791 0.022687 0
4.28923 0.0228442 0
4.29915 0.0229664 0
4.30921 0.023053 0
4.31958 0.0231064 0
4.32992 0.0231249 0
4.34002 0.0231071 0
4.35012 0.0230556 0
4.3601 0.0229712 0
4.36994 0.0228563 0
4.37941 0.0227135 0
4.38861 0.0225504 0
4.39788 0.0223691 0
4.4074 0.0221655 0
4.41671 0.0219368 0
4.42588 0.0216971 0
4.435 0.0214474 0
4.44413 0.0211884 0
4.45334 0.0209213 0
4.46273 0.0206465 0
4.47244 0.0203633 0
4.48258 0.0200712 0
4.49321 0.0197706 0
4.50366 0.0194651 0
4.51436 0.0191784 0
4.52475 0.0189033 0
4.53492 0.0186576 0
4.54497 0.0184415 0
4.55499 0.0182537 0
4.56475 0.018095 0
4.57433 0.0179693 0
4.58363 0.0178753 0
4.59315 0.0178122 0
4.60198 0.0177775 0
4.61094 0.017771 0
4.62003 0.0177909 0
4.62902 0.0178378 0
4.63788 0.0179095 0
4.64656 0.0180038 0
4.65565 0.0181177 0
4.66488 0.0182592 0
4.67461 0.0184239 0
4.68422 0.0186188 0
4.69383 0.01883 0
4.70346 0.0190572 0
4.71333 0.0192988 0
4.72284 0.0195579 0
4.73212 0.0198154 0
4.74157 0.0200717 0
4.75135 0.0203346 0
4.76154 0.0206062 0
4.77207 0.0208845 0
4.78274 0.0211639 0
4.79294 0.0214338 0
4.80369 0.0216766 0
4.81397 0.0219121 0
4.82422 0.0221153 0
4.83416 0.0222933 0
4.84449 0.0224403 0
4.85443 0.0225631 0
4.86437 0.022652 0
4.87465 0.0227099 0
4.88466 0.0227353 0
4.89455 0.0227262 0
4.90416 0.0226839 0
4.91429 0.0226112 0
4.92439 0.0224997 0
4.93438 0.0223541 0
