t x vx
0.01 0.022 -1.24085e-06
0.02 0.022 2.52776e-06
0.0520547 0.0220006 1.69631e-05
0.0841069 0.0220016 3.3034e-05
0.116572 0.0220033 5.04228e-05
0.149324 0.0220055 6.8814e-05
0.1826 0.0220084 8.82913e-05
0.216493 0.0220121 0.000108678
0.250896 0.0220166 0.000129776
0.285801 0.0220219 0.000151614
0.321194 0.022028 0.000174132
0.356997 0.0220351 0.000197173
0.393123 0.0220431 0.000220612
0.429467 0.022052 0.000244225
0.465921 0.0220617 0.000268046
0.50243 0.0220724 0.000292539
0.538948 0.022084 0.000317924
0.575385 0.0220965 0.000343388
0.611683 0.0221099 0.0003692
0.647784 0.0221242 0.000395089
0.683577 0.0221393 0.000421185
0.719043 0.0221551 0.000447066
0.754319 0.0221718 0.000472482
0.789483 0.0221893 0.000498119
0.824466 0.0222068 0.000500763
0.85944 0.0222244 0.000503209
0.894587 0.0222421 0.000503317
0.929833 0.0222597 0.000499964
0.965137 0.0222772 0.000494237
1.00057 0.0222944 0.000486533
1.03613 0.0223113 0.000475952
1.07185 0.0223278 0.000461976
1.10764 0.0223438 0.000444682
1.14345 0.0223589 0.000423645
1.17928 0.0223732 0.000397624
1.21511 0.0223863 0.000365211
1.25081 0.0223979 0.000325367
1.28625 0.0224077 0.000277351
1.32147 0.0224155 0.000220512
1.35657 0.0224209 0.000154053
1.39143 0.0224236 7.71691e-05
1.42606 0.0224232 -1.10094e-05
1.46053 0.0224194 -0.000111028
1.49473 0.0224118 -0.000222568
1.52854 0.0224001 -0.000345146
1.56205 0.0223841 -0.000478457
1.59539 0.0223633 -0.000622292
1.62872 0.0223374 -0.000776465
1.66215 0.022306 -0.000940576
1.69577 0.0222685 -0.00111399
1.72956 0.0222248 -0.00129525
1.76332 0.0221747 -0.00148216
1.79702 0.0221183 -0.00167326
1.83067 0.0220555 -0.00186647
1.86429 0.0219863 -0.00206002
1.89791 0.0219106 -0.00225214
1.93147 0.0218287 -0.00244015
1.96497 0.0217408 -0.0026218
1.99847 0.0216472 -0.0027948
2.03201 0.0215481 -0.00295634
2.06565 0.0214437 -0.00310335
2.09939 0.0213346 -0.00323241
2.1331 0.021222 -0.00333952
2.16648 0.0211078 -0.00342043
2.19959 0.0209929 -0.00347249
2.23247 0.020878 -0.00349317
2.26521 0.0207641 -0.00347959
2.29791 0.020652 -0.0034289
2.33042 0.0205434 -0.00333885
2.36261 0.0204402 -0.00320838
2.39446 0.0203434 -0.00303665
2.42599 0.0202544 -0.00282324
2.45715 0.0201744 -0.00256828
2.48797 0.0201044 -0.00227227
2.51838 0.0200455 -0.00193673
2.54834 0.0199986 -0.00156367
2.57778 0.0199646 -0.00115538
2.60643 0.019944 -0.000718888
2.63465 0.0199369 -0.000251573
2.66302 0.0199441 0.000255037
2.69162 0.019967 0.00080058
2.71972 0.0200054 0.00136701
2.74753 0.0200599 0.0019561
2.77536 0.0201314 0.0025728
2.80354 0.0202223 0.00322294
2.8316 0.0203315 0.0038928
2.85943 0.0204589 0.00457649
2.88717 0.0206051 0.00527178
2.91493 0.020771 0.00597684
2.94228 0.0209536 0.00667537
2.96891 0.0211495 0.00735415
2.99499 0.0213585 0.00801371
3.02063 0.0215803 0.00865339
3.04586 0.0218142 0.00927115
3.07081 0.0220604 0.00986632
3.0956 0.0223192 0.0104392
3.1203 0.0225906 0.0109891
3.14502 0.0228752 0.0115117
3.16966 0.0231709 0.0120024
3.19422 0.0234768 0.0124558
3.21876 0.0237927 0.0128703
3.24339 0.0241187 0.0132413
3.26814 0.0244545 0.013561
3.29295 0.0247972 0.0138185
3.31757 0.0251421 0.0140034
3.3421 0.0254881 0.0141097
3.36656 0.0258337 0.0141272
3.39088 0.0261753 0.0140446
3.41512 0.0265111 0.0138516
3.43916 0.0268365 0.0135399
3.46288 0.0271475 0.0131088
3.48625 0.027441 0.0125595
3.50923 0.0277143 0.0118923
3.53185 0.0279656 0.0111114
3.55405 0.0281926 0.0102294
3.57589 0.0283948 0.00925332
3.59725 0.02857 0.00820405
3.61811 0.0287181 0.00709604
3.63834 0.0288386 0.00596157
3.65829 0.0289344 0.00480222
3.67734 0.0290041 0.00365821
3.69614 0.0290513 0.0025071
3.71434 0.0290763 0.00137461
3.73172 0.029081 0.000270594
3.74823 0.0290681 -0.000783749
3.76475 0.0290377 -0.00183524
3.78069 0.0289924 -0.00284154
3.79622 0.0289332 -0.00381598
3.8115 0.0288602 -0.00477341
3.82666 0.0287734 -0.00572538
3.84178 0.0286725 -0.00667916
3.85692 0.0285568 -0.00763949
3.87217 0.0284255 -0.00860967
3.88761 0.0282774 -0.00959381
3.90326 0.0281116 -0.0105929
3.91909 0.0279279 -0.0116032
3.93508 0.027726 -0.0126267
3.95129 0.0275045 -0.0136725
3.9673 0.0272688 -0.0147175
3.98293 0.0270227 -0.0157454
3.99806 0.0267692 -0.0167479
4.01273 0.0265093 -0.0177244
4.02679 0.0262467 -0.0186675
4.03853 0.0260181 -0.0194743
4.04852 0.0258167 -0.0201675
4.05774 0.0256249 -0.0208096
4.06674 0.0254318 -0.0214371
4.07579 0.0252323 -0.0220659
4.08503 0.0250223 -0.0227077
4.09464 0.0247979 -0.0233702
4.10477 0.0245539 -0.0240618
4.1151 0.0242983 -0.0247618
4.12535 0.0240375 -0.0254517
4.13557 0.0237703 -0.0261326
4.1458 0.023496 -0.0268064
4.15609 0.0232133 -0.027477
4.16648 0.0229209 -0.0281458
4.17702 0.0226172 -0.0288133
4.18777 0.0223003 -0.0294847
4.19876 0.0219686 -0.0301667
4.20952 0.0216369 -0.0308433
4.22016 0.0213017 -0.0315077
4.23069 0.0209627 -0.0321652
4.24108 0.020622 -0.0328117
4.25155 0.0202717 -0.0334558
4.26231 0.0199048 -0.0341123
4.27336 0.0195203 -0.0347838
4.28452 0.0191247 -0.03546
4.29557 0.0187252 -0.0361313
4.30661 0.0183191 -0.0368003
4.3177 0.0179035 -0.0374729
4.3289 0.0174763 -0.0381485
4.34024 0.0170357 -0.0388267
4.35177 0.0165806 -0.0395032
4.36346 0.0161108 -0.0401785
4.37531 0.0156266 -0.0408622
4.3873 0.0151284 -0.0415539
4.39941 0.0146166 -0.0422479
4.41163 0.0140922 -0.0429302
4.41654 0.0138789 -0.0433691
4.42148 0.0136632 -0.0437357
4.42632 0.0134495 -0.0441013
4.43104 0.0132399 -0.0444618
4.4356 0.0130352 -0.0448143
4.44002 0.012836 -0.0451554
4.44426 0.0126429 -0.0454821
4.44835 0.0124558 -0.0457905
4.45225 0.0122757 -0.0460762
4.45599 0.0121026 -0.0463347
4.45956 0.0119365 -0.0465605
4.46296 0.0117774 -0.0467472
4.4662 0.0116254 -0.0468861
4.46929 0.0114804 -0.0469649
4.47224 0.0113419 -0.0469686
