t x vx
0.01 0.0220008 7.52564e-05
0.02 0.0220019 0.000112447
0.0355042 0.0220036 0.000114182
0.0512917 0.0220055 0.000117081
0.0677752 0.0220076 0.00012946
0.0848578 0.02201 0.00013805
0.10244 0.0220124 0.000139654
0.120355 0.0220148 0.00012878
0.138329 0.0220164 9.34363e-05
0.15622 0.0220171 3.51276e-05
0.17395 0.0220175 2.7155e-05
0.191454 0.0220192 9.48781e-05
0.208657 0.0220227 0.000202723
0.22516 0.0220268 0.000248191
0.241308 0.0220313 0.000281275
0.257548 0.0220368 0.000336746
0.273711 0.0220437 0.000427474
0.289381 0.0220513 0.000482245
0.304374 0.0220587 0.000498168
0.320035 0.022066 0.000461975
0.33589 0.0220722 0.000394963
0.351953 0.022077 0.000295864
0.367984 0.0220799 0.000179086
0.383952 0.0220809 6.81865e-05
0.399855 0.0220802 -4.47521e-05
0.415712 0.0220777 -0.000157221
0.431534 0.0220738 -0.000249259
0.447338 0.0220688 -0.000316356
0.463141 0.0220631 -0.000357281
0.478947 0.0220572 -0.00037857
0.494757 0.0220512 -0.000376714
0.510567 0.0220457 -0.000349208
0.525742 0.0220409 -0.000314483
0.5409 0.0220365 -0.000292892
0.556389 0.0220321 -0.000280992
0.571816 0.0220277 -0.000285856
0.587167 0.0220229 -0.000313733
0.6027 0.0220175 -0.000345838
0.618294 0.0220121 -0.000349717
0.633992 0.0220072 -0.000313036
0.649797 0.0220034 -0.000235958
0.665699 0.0220011 -0.000143662
0.681692 0.0220011 -3.44309e-06
0.697757 0.0220037 0.000161804
0.713895 0.0220096 0.000366054
0.730104 0.0220192 0.000595619
0.746393 0.0220328 0.00083283
0.762744 0.0220503 0.00106666
0.779131 0.0220712 0.0012774
0.795526 0.0220949 0.00144587
0.81191 0.0221205 0.0015635
0.828282 0.0221467 0.00159875
0.844594 0.0221716 0.00152718
0.860823 0.0221934 0.00134372
0.876977 0.0222105 0.00105701
0.893078 0.0222216 0.000693256
0.909166 0.0222262 0.000283473
0.925292 0.0222239 -0.000142364
0.9415 0.0222149 -0.000557372
0.957812 0.0221998 -0.000923485
0.974176 0.0221799 -0.00121481
0.990467 0.0221569 -0.00141104
1.0067 0.0221327 -0.00149275
1.02304 0.0221091 -0.00144667
1.03933 0.0220886 -0.00125418
1.05548 0.0220734 -0.00094151
1.07145 0.0220645 -0.000558266
1.08704 0.0220622 -0.000148308
1.10231 0.022066 0.00025036
1.11733 0.022075 0.000598393
1.13212 0.022088 0.000874767
1.1466 0.0221034 0.00106668
1.16098 0.0221201 0.00116389
1.17549 0.0221367 0.00114493
1.19027 0.0221511 0.000973486
1.20518 0.022161 0.000659707
1.22024 0.0221649 0.000260104
1.2356 0.0221622 -0.000172045
1.25113 0.0221532 -0.000579638
1.26613 0.022139 -0.00095084
1.28037 0.0221209 -0.00126779
1.29374 0.0221005 -0.0015259
1.30681 0.022078 -0.0017197
1.32017 0.0220532 -0.00185691
1.33428 0.022026 -0.00192713
1.34918 0.0219975 -0.00191805
1.36423 0.0219703 -0.00180857
1.37955 0.021946 -0.00158034
1.39483 0.0219274 -0.00122161
1.41017 0.0219155 -0.000772548
1.42538 0.0219109 -0.00030277
1.44034 0.0219132 0.000152258
1.45516 0.0219218 0.000579196
1.46988 0.0219361 0.000972546
1.48413 0.0219548 0.00131307
1.4982 0.0219773 0.00160025
1.51239 0.0220031 0.00181652
1.52706 0.0220313 0.00192397
1.5424 0.02206 0.00186555
1.55726 0.0220846 0.00165766
1.57208 0.0221042 0.00132477
1.58715 0.0221173 0.000869502
1.60268 0.0221221 0.000309091
1.61852 0.0221169 -0.000329496
1.63429 0.0221009 -0.00101171
1.65003 0.0220738 -0.00172263
1.66548 0.0220367 -0.00240245
1.68048 0.0219921 -0.00297423
1.69523 0.0219418 -0.00340924
1.70993 0.0218875 -0.00369326
1.72467 0.0218313 -0.00381284
1.73953 0.0217754 -0.00376142
1.7543 0.0217232 -0.00353868
1.7691 0.0216758 -0.00319822
1.78383 0.0216356 -0.00273375
1.79857 0.0216041 -0.00213543
1.81348 0.0215825 -0.00144768
1.82842 0.0215718 -0.000716564
1.84321 0.021572 1.30596e-05
1.85778 0.021582 0.000689747
1.87235 0.0216004 0.00126233
1.88655 0.0216243 0.00168262
1.90033 0.0216511 0.00194098
1.91401 0.021679 0.00204446
1.92791 0.0217067 0.00199338
1.94234 0.0217325 0.00178759
1.95737 0.0217538 0.00141525
1.97244 0.0217674 0.000903714
1.98786 0.0217719 0.00028926
2.00352 0.0217659 -0.000383376
2.01908 0.0217493 -0.00106674
2.03422 0.0217231 -0.00172694
2.04903 0.0216887 -0.00232696
2.06359 0.0216474 -0.00283391
2.07806 0.0216011 -0.0032009
2.09263 0.0215519 -0.00337833
2.10747 0.0215021 -0.00335184
2.12231 0.0214559 -0.00311458
2.13736 0.0214156 -0.00268077
2.15237 0.0213842 -0.0020906
2.16699 0.0213637 -0.00140206
2.18181 0.0213544 -0.00062725
2.19669 0.0213576 0.000215158
2.21187 0.0213733 0.00103446
2.2266 0.0213984 0.00170208
2.24131 0.021431 0.002219
2.25577 0.0214682 0.00257247
2.27014 0.0215072 0.00271095
2.28372 0.0215427 0.00261838
2.29692 0.0215736 0.00233852
2.31007 0.0215984 0.00188506
2.32364 0.0216156 0.00126962
2.33789 0.0216232 0.000533507
2.35288 0.0216196 -0.000243952
2.3686 0.0216038 -0.00100081
2.38395 0.0215781 -0.00167285
2.3988 0.0215448 -0.0022436
2.41326 0.021506 -0.0026835
2.42743 0.0214641 -0.00295825
2.44155 0.021421 -0.00305284
2.4559 0.021379 -0.00292586
2.47015 0.0213426 -0.00255272
2.48413 0.0213151 -0.00197238
2.49811 0.0212977 -0.00124165
2.51239 0.0212922 -0.000386698
2.52718 0.0213004 0.000556275
2.5419 0.0213227 0.00151365
2.55685 0.021359 0.00242505
2.57188 0.0214077 0.00323906
2.58689 0.0214674 0.00398164
2.60185 0.0215346 0.00449317
2.61679 0.0216034 0.00460326
2.63125 0.0216695 0.00457135
2.64522 0.0217302 0.00434508
2.65888 0.0217842 0.00395068
2.67248 0.0218285 0.00326344
2.68622 0.0218634 0.00253766
2.7003 0.0218878 0.0017354
2.71485 0.0219011 0.000910459
2.72944 0.0219032 0.00014194
2.7436 0.0218964 -0.000477669
2.75745 0.0218838 -0.000911192
2.77113 0.0218683 -0.00113483
2.7848 0.021853 -0.00111292
2.79858 0.0218416 -0.000831828
2.81224 0.0218377 -0.000283904
2.82562 0.0218446 0.000512289
2.83902 0.0218649 0.00151416
2.85268 0.0219014 0.00267496
2.86668 0.0219572 0.00398381
2.88116 0.0220357 0.00542619
2.89596 0.022138 0.00690792
2.9112 0.0222657 0.00838181
2.92664 0.022417 0.00979699
2.94229 0.0225893 0.0110099
2.95788 0.0227748 0.0119026
2.97347 0.022969 0.0124564
2.98911 0.0231668 0.0126455
3.00483 0.0233627 0.0124658
3.02056 0.0235505 0.0119358
3.03607 0.0237226 0.0110933
3.0515 0.0238775 0.0100393
3.06662 0.0240119 0.0088886
3.08191 0.0241283 0.00761857
3.09742 0.0242253 0.00624833
3.11288 0.0243009 0.00488908
3.12841 0.0243565 0.00358522
3.14418 0.0243948 0.00242517
3.1593 0.0244173 0.00148715
3.17425 0.0244285 0.00075383
3.18928 0.0244328 0.000285835
3.20444 0.024434 7.94572e-05
3.21979 0.0244359 0.000123318
3.23529 0.0244428 0.000440531
3.25097 0.0244592 0.00104904
3.26661 0.0244895 0.00193746
3.28241 0.0245376 0.00304283
3.29811 0.0246049 0.00428611
3.31386 0.0246946 0.00569741
3.32961 0.0248079 0.00719652
3.34533 0.0249442 0.00866809
3.36095 0.0251009 0.0100345
3.37639 0.0252741 0.0112137
3.39158 0.0254586 0.0121446
3.40648 0.0256485 0.0127474
3.421 0.0258375 0.0130175
3.43515 0.0260201 0.0129046
3.44909 0.026193 0.0123985
3.46304 0.026354 0.0115429
3.47721 0.0265006 0.0103477
3.49181 0.0266291 0.00879934
3.506 0.026729 0.00704465
3.52037 0.0268027 0.00512593
3.5344 0.0268472 0.00317092
3.54839 0.0268637 0.00118017
3.56253 0.0268526 -0.000783794
3.57606 0.0268182 -0.0025436
3.5893 0.026764 -0.00409199
3.60192 0.0266963 -0.00536696
3.61401 0.0266191 -0.00638968
3.62562 0.0265358 -0.00716757
3.63682 0.0264497 -0.007693
3.64765 0.0263632 -0.00798048
3.6582 0.0262783 -0.00805348
3.66853 0.0261963 -0.00793359
3.67873 0.0261185 -0.00762854
3.6889 0.0260459 -0.00714164
3.69913 0.0259796 -0.00647213
3.70955 0.0259212 -0.00561349
3.72024 0.0258722 -0.00457665
3.73132 0.0258348 -0.00337863
3.74287 0.0258111 -0.00205047
3.75491 0.0258034 -0.000641328
3.7674 0.0258128 0.000756377
3.7802 0.0258396 0.00209348
3.7942 0.0258873 0.0034004
3.80913 0.0259558 0.00459327
3.82324 0.0260327 0.0054491
3.83792 0.026121 0.00601448
3.85292 0.0262144 0.00622587
3.86812 0.0263064 0.00605563
3.88307 0.026388 0.00545357
3.89728 0.0264524 0.00453246
3.91179 0.0265005 0.00331298
3.92607 0.0265281 0.00193477
3.94016 0.0265342 0.00043743
3.95435 0.0265182 -0.00113082
3.96854 0.0264812 -0.00260574
3.98166 0.0264314 -0.00379876
3.99458 0.0263692 -0.00481262
4.00765 0.0262949 -0.00568192
4.02117 0.026209 -0.00635845
4.03552 0.0261111 -0.00681764
4.05047 0.0260059 -0.00704019
4.0657 0.0258999 -0.00695619
4.08099 0.0257995 -0.00656863
4.09637 0.0257081 -0.00594711
4.11187 0.0256288 -0.00511245
4.12752 0.0255648 -0.00408821
4.14331 0.0255181 -0.00295761
4.15917 0.0254899 -0.00178112
4.17482 0.0254798 -0.000645637
4.1905 0.0254856 0.000372064
4.2061 0.0255052 0.00125766
4.22176 0.0255369 0.00202384
4.23758 0.0255781 0.00260549
4.25288 0.0256226 0.00290487
4.26807 0.0256678 0.00297881
4.28231 0.0257083 0.00284344
4.29727 0.0257448 0.00243947
4.31187 0.025771 0.00179099
4.32595 0.0257844 0.000955216
4.3403 0.0257833 -7.9889e-05
4.35502 0.0257638 -0.00132259
4.36988 0.0257238 -0.0026929
4.38485 0.0256621 -0.00411991
4.39989 0.025579 -0.00552312
4.41484 0.0254771 -0.00681921
4.42959 0.0253605 -0.00790128
4.44424 0.0252334 -0.00867716
4.45876 0.0251008 -0.00913336
4.47287 0.0249694 -0.00931526
4.48701 0.0248397 -0.00917194
4.50167 0.0247123 -0.00869102
4.51701 0.0245917 -0.00786151
4.53256 0.0244877 -0.00668313
4.54789 0.0244064 -0.00530737
4.56347 0.0243484 -0.00372312
4.57904 0.0243164 -0.00205552
4.59456 0.0243109 -0.000356561
4.61021 0.0243319 0.00134828
4.62544 0.0243761 0.00289852
4.64045 0.0244391 0.00419695
4.65567 0.0245191 0.00525267
4.67069 0.0246101 0.0060586
4.68556 0.0247069 0.00651841
4.7004 0.0248054 0.00663666
4.71512 0.0249001 0.00642954
4.7296 0.0249857 0.00591151
4.74402 0.0250593 0.00510657
4.75843 0.0251174 0.00402939
4.77261 0.0251561 0.00273183
4.78715 0.0251737 0.00120642
4.80175 0.025167 -0.000460537
4.81636 0.0251352 -0.0021745
4.83014 0.0250837 -0.00373739
4.84383 0.025013 -0.00516155
4.85753 0.0249258 -0.0063659
4.8715 0.0248238 -0.00730029
4.88601 0.0247089 -0.00791786
4.90113 0.0245863 -0.00811515
4.91642 0.0244664 -0.00784192
4.93198 0.0243553 -0.00713677
4.94764 0.0242606 -0.00604979
4.96254 0.02419 -0.00473359
4.97801 0.0241414 -0.00314323
4.99325 0.0241193 -0.00144921
5.00871 0.0241245 0.000338033
5.02444 0.0241597 0.00223127
5.04053 0.0242283 0.00426623
5.05641 0.0243285 0.00630855
5.07226 0.0244605 0.00832831
5.0881 0.0246226 0.010237
5.10388 0.0248104 0.0118999
5.11953 0.0250171 0.0132051
5.135 0.0252349 0.0140821
5.15033 0.0254564 0.0144473
5.16562 0.0256749 0.0142946
5.18086 0.0258822 0.0136065
5.19581 0.026069 0.0124888
5.21064 0.0262319 0.0109879
5.22537 0.0263668 0.00915797
5.24009 0.0264703 0.00702672
5.25433 0.0265382 0.00476553
5.26856 0.026572 0.00237784
5.28273 0.0265708 -8.1848e-05
5.29688 0.026535 -0.00253443
5.31021 0.0264717 -0.00474681
5.32371 0.0263801 -0.00678584
5.33785 0.0262583 -0.0086127
5.35213 0.0261144 -0.0100749
5.36692 0.0259506 -0.0110806
5.38189 0.0257779 -0.0115356
5.39709 0.0256043 -0.0114231
5.41241 0.0254396 -0.0107423
5.42748 0.0252959 -0.00953436
5.44267 0.0251769 -0.00783737
5.45784 0.0250897 -0.00575381
5.47237 0.0250394 -0.00345603
5.48728 0.0250263 -0.000883153
5.50211 0.0250527 0.00178337
5.51717 0.0251204 0.00449037
5.53241 0.0252303 0.00721637
5.54727 0.0253761 0.009813
5.56218 0.0255576 0.0121651
5.57622 0.0257551 0.014074
5.59104 0.0259854 0.0155356
5.60563 0.0262238 0.0163446
5.62025 0.0264638 0.0164145
5.63487 0.0266932 0.0156859
5.64909 0.0268966 0.0143029
5.66302 0.0270681 0.0123181
5.6768 0.0272033 0.00980522
5.69038 0.0272966 0.00687381
5.7036 0.0273448 0.0036432
5.71621 0.0273497 0.000391157
5.72892 0.0273122 -0.00294865
5.74215 0.0272268 -0.00645679
5.75581 0.0270903 -0.00998679
5.76848 0.0269251 -0.0130426
5.78194 0.0267109 -0.0159085
5.79618 0.0264492 -0.0183885
5.81055 0.0261577 -0.020283
5.82519 0.0258421 -0.0215616
5.8401 0.0255114 -0.022172
5.85537 0.0251752 -0.0220228
5.87038 0.0248581 -0.0211182
5.88538 0.0245657 -0.0195007
5.9009 0.0242993 -0.0171555
5.91644 0.0240786 -0.0142108
5.93171 0.0239144 -0.0107487
5.9472 0.0238091 -0.00680078
5.96184 0.023769 -0.00273931
5.97667 0.0237927 0.00159743
5.99174 0.0238841 0.0060715
6.00716 0.0240496 0.0107297
6.02196 0.0242713 0.0149851
6.03716 0.0245574 0.0188148
6.05227 0.0248882 0.0218868
6.06714 0.0252456 0.0240444
6.08173 0.025613 0.0251717
6.09613 0.0259761 0.0252279
6.11034 0.0263203 0.0242154
6.12449 0.0266339 0.0221694
6.13848 0.026903 0.0192327
6.15209 0.0271151 0.0155833
6.16525 0.0272649 0.0113806
6.17848 0.027352 0.00658173
6.19128 0.0273703 0.00143416
6.20395 0.0273221 -0.00381114
6.21691 0.0272036 -0.00913906
6.22997 0.027017 -0.0142861
6.24322 0.0267647 -0.0190415
6.25619 0.0264652 -0.0230986
6.26915 0.0261218 -0.0264975
6.28307 0.0257141 -0.0292901
6.29763 0.0252595 -0.0312205
6.31228 0.0247873 -0.032235
6.32749 0.0242973 -0.0322065
6.34271 0.0238248 -0.0310579
6.35787 0.0233872 -0.0288634
6.3724 0.0230122 -0.0257979
6.38748 0.0226856 -0.0216626
6.40211 0.022438 -0.0169164
6.41684 0.0222682 -0.0115286
6.43184 0.0221868 -0.00543339
6.44625 0.022198 0.00078045
6.46119 0.0223045 0.00712512
6.47524 0.0224871 0.0130021
6.48928 0.022747 0.0185002
6.50382 0.0230863 0.0233553
6.51814 0.0234744 0.027087
6.53211 0.0238884 0.0296448
6.54589 0.0243157 0.0310086
6.55971 0.0247451 0.0310753
6.57365 0.0251597 0.0297252
6.5873 0.0255297 0.027105
6.60095 0.0258482 0.0233318
6.61492 0.026105 0.0183911
6.62863 0.0262801 0.0127712
6.64177 0.0263675 0.00665265
6.65456 0.0263709 0.000263773
6.66786 0.0262836 -0.00656558
6.68038 0.0261232 -0.0128109
6.69333 0.0258805 -0.0187367
6.70627 0.0255697 -0.0240122
6.71969 0.0251847 -0.0287027
6.73253 0.0247692 -0.0323554
6.74539 0.0243173 -0.035122
6.75907 0.0238124 -0.0369305
6.77366 0.0232646 -0.0375374
6.78827 0.0227264 -0.0368466
6.80331 0.0222037 -0.0347569
6.81813 0.0217392 -0.0313384
6.83223 0.0213583 -0.0270121
6.84676 0.021045 -0.0215616
6.86099 0.0208262 -0.0153732
6.87544 0.0207028 -0.00854318
6.88925 0.0206806 -0.0016071
6.90329 0.0207564 0.00539726
6.91661 0.0209147 0.0118814
6.93044 0.0211662 0.0181955
6.94426 0.0214948 0.0237709
6.95815 0.0218899 0.0284547
6.9716 0.0223204 0.031987
6.9849 0.022778 0.0344143
6.99842 0.02326 0.0356574
7.01244 0.0237595 0.0356096
7.02612 0.0242265 0.0341594
7.03957 0.0246493 0.0314351
7.05401 0.0250403 0.0270713
7.06747 0.0253348 0.0218837
7.08134 0.0255518 0.0156439
7.09489 0.0256736 0.00899333
7.10796 0.0257012 0.0021094
7.1209 0.0256378 -0.00490113
7.13446 0.0254742 -0.0120648
7.14723 0.0252398 -0.0183479
7.16035 0.0249236 -0.0241142
7.1735 0.0245405 -0.0291275
7.1875 0.0240712 -0.0335054
7.20151 0.0235566 -0.0367529
7.21553 0.0230132 -0.0387503
7.22988 0.0224471 -0.0394594
7.24451 0.0218798 -0.0387732
7.25944 0.0213333 -0.0365986
7.27442 0.0208396 -0.0329509
7.28871 0.0204362 -0.0282336
7.30305 0.0201141 -0.0224584
7.31692 0.0198907 -0.0161084
