t x vx
0.01 0.0220008 7.61216e-05
0.02 0.0220019 0.000111964
0.0355042 0.0220052 0.000211758
0.0512917 0.0220104 0.000334064
0.0677909 0.0220184 0.000482732
0.0848839 0.0220297 0.000658426
0.102475 0.0220447 0.000852967
0.1204 0.0220639 0.00107475
0.138387 0.0220876 0.00131493
0.15632 0.0221165 0.0016106
0.174088 0.0221516 0.0019792
0.191594 0.0221946 0.00245611
0.2089 0.0222466 0.00300183
0.225837 0.0223072 0.00357786
0.242477 0.0223761 0.0041429
0.258908 0.0224547 0.0047859
0.275113 0.0225435 0.0054786
0.290281 0.0226361 0.00610072
0.30595 0.0227409 0.00668833
0.322192 0.0228584 0.00723545
0.338367 0.0229827 0.00768815
0.354472 0.023113 0.00808556
0.370538 0.0232482 0.00841535
0.386352 0.0233854 0.00867647
0.402086 0.023525 0.00887598
0.417778 0.0236663 0.00900426
0.433438 0.0238084 0.0090758
0.449124 0.0239512 0.00909917
0.464885 0.0240943 0.00907943
0.480757 0.0242372 0.00900561
0.496683 0.0243784 0.00886316
0.512596 0.0245159 0.00864161
0.52854 0.0246489 0.00834251
0.544547 0.0247764 0.00796458
0.560617 0.0248971 0.0075115
0.576718 0.0250099 0.00700413
0.592809 0.0251139 0.00646623
0.608854 0.0252089 0.00592278
0.624826 0.0252949 0.00538254
0.640708 0.0253719 0.00484885
0.656509 0.0254403 0.00432781
0.672258 0.0255006 0.00382992
0.688002 0.0255535 0.00336121
0.703803 0.0255999 0.00293494
0.719709 0.0256408 0.00256831
0.735731 0.0256769 0.00225218
0.751823 0.0257086 0.00197225
0.767972 0.0257361 0.00170523
0.784036 0.025759 0.0014265
0.800037 0.0257769 0.00111475
0.815999 0.025789 0.000761382
0.83196 0.0257949 0.000365878
0.847914 0.0257936 -7.73932e-05
0.863571 0.0257849 -0.000560538
0.87909 0.0257683 -0.00107029
0.894547 0.0257438 -0.0015817
0.90999 0.0257118 -0.00207138
0.925423 0.025673 -0.00251295
0.940766 0.0256286 -0.00289284
0.95585 0.0255803 -0.0032046
0.970528 0.0255296 -0.00345242
0.984929 0.0254771 -0.00364557
0.999372 0.0254224 -0.00378925
1.01408 0.0253654 -0.00388019
1.0292 0.0253063 -0.00390766
1.04466 0.0252464 -0.0038734
1.06039 0.0251867 -0.00379459
1.07612 0.0251273 -0.00377475
1.09189 0.0250692 -0.00368501
1.10767 0.0250134 -0.00353937
1.12345 0.0249598 -0.00338996
1.13901 0.0249094 -0.00324153
1.15417 0.0248619 -0.00313169
1.16911 0.0248157 -0.00309243
1.18355 0.0247716 -0.00305462
1.19753 0.0247284 -0.0030913
1.21162 0.0246829 -0.00323234
1.22622 0.0246314 -0.00352186
1.24134 0.0245711 -0.00398985
1.25656 0.0245029 -0.00448303
1.27198 0.0244263 -0.00496998
1.28726 0.0243444 -0.00535824
1.30267 0.024257 -0.00566989
1.31744 0.0241701 -0.0058801
1.33206 0.0240828 -0.00597199
1.34635 0.0239982 -0.00591848
1.36023 0.0239186 -0.00574153
1.37338 0.0238471 -0.00543465
1.38673 0.0237803 -0.00500889
1.40061 0.0237179 -0.00449155
1.41526 0.0236607 -0.00390722
1.43 0.0236121 -0.0032957
1.44517 0.0235707 -0.00272945
1.46081 0.0235375 -0.00211843
1.47669 0.0235136 -0.00151091
1.49231 0.0234999 -0.000872068
1.50822 0.0234936 -0.000395259
1.52404 0.0234955 0.000119925
1.5398 0.0235044 0.000560299
1.55489 0.0235172 0.000847536
1.56993 0.0235328 0.00104284
1.58536 0.0235494 0.00107234
1.60085 0.0235655 0.00103971
1.61532 0.023579 0.000932206
1.62953 0.0235895 0.000738585
1.64382 0.0235962 0.000467648
1.65832 0.0235991 0.000199665
1.6729 0.0235985 -4.11335e-05
1.68778 0.0235942 -0.000282858
1.70276 0.0235857 -0.000568764
1.71801 0.023572 -0.00089806
1.73394 0.0235514 -0.00129252
1.74997 0.0235244 -0.0016885
1.76622 0.023489 -0.00217779
1.78256 0.0234434 -0.00279208
1.79882 0.0233879 -0.00340844
1.81462 0.023325 -0.00398392
1.83017 0.0232531 -0.004626
1.84595 0.0231729 -0.00508021
1.86152 0.0230889 -0.00539508
1.8768 0.0230036 -0.00558245
1.89203 0.022918 -0.00561913
1.90698 0.0228358 -0.00549943
1.92195 0.0227556 -0.00535716
1.93602 0.0226848 -0.00503454
1.95012 0.0226209 -0.00453275
1.96464 0.0225649 -0.0038578
1.97969 0.0225195 -0.00301437
1.99495 0.0224887 -0.00201518
2.0106 0.0224749 -0.000881213
2.02652 0.0224798 0.000303531
2.04267 0.0225028 0.00142614
2.059 0.0225412 0.00234949
2.07509 0.0225899 0.00302919
2.09097 0.022645 0.00346728
2.10668 0.0227016 0.00360526
2.12226 0.0227546 0.00340263
2.13766 0.0227994 0.00290806
2.15287 0.0228325 0.00217734
2.16785 0.0228518 0.00128552
2.1829 0.0228552 0.000230867
2.19782 0.0228432 -0.000808405
2.21251 0.0228158 -0.00186396
2.22707 0.0227737 -0.00289187
2.24187 0.0227167 -0.0038529
2.25568 0.0226527 -0.00463355
2.269 0.0225822 -0.00529374
2.28227 0.0225047 -0.00583894
2.29569 0.0224212 -0.00621832
2.30953 0.0223331 -0.00636488
2.32352 0.0222456 -0.0062551
2.33791 0.0221618 -0.00582288
2.35269 0.0220874 -0.00503661
2.36773 0.0220282 -0.00393224
2.3832 0.0219892 -0.00252196
2.39836 0.0219756 -0.000899533
2.41375 0.0219904 0.000961096
2.42891 0.0220345 0.00290585
2.44391 0.0221079 0.0048956
2.45873 0.0222104 0.00692052
2.47339 0.0223403 0.00885639
2.48787 0.0224937 0.0105922
2.50222 0.0226676 0.0121197
2.51649 0.0228581 0.01335
2.53052 0.0230576 0.0142198
2.54436 0.0232615 0.0147412
2.5582 0.023468 0.0149186
2.57216 0.0236744 0.0147811
2.58649 0.0238799 0.0143398
2.60121 0.02408 0.0135906
2.61627 0.0242694 0.0125807
2.63116 0.0244393 0.0114108
2.64605 0.0245897 0.0100929
2.66099 0.0247189 0.0086532
2.67593 0.0248263 0.00718748
2.69089 0.0249122 0.00574604
2.70547 0.0249766 0.00441267
2.71955 0.0250222 0.00323744
2.73348 0.0250533 0.00223652
2.74752 0.0250738 0.00146174
2.76188 0.0250876 0.000955752
2.77643 0.0250983 0.00073904
2.7907 0.0251095 0.000787083
2.80518 0.0251247 0.00105013
2.82027 0.025147 0.00147567
2.83491 0.0251766 0.0020221
2.84867 0.025213 0.00264321
2.8627 0.0252592 0.00329343
2.87697 0.0253149 0.0039019
2.8914 0.0253789 0.00443499
2.90584 0.0254492 0.00487184
2.9205 0.0255248 0.00515721
2.93496 0.0256004 0.0052291
2.94938 0.0256743 0.00512495
2.9638 0.025744 0.00482908
2.9784 0.0258072 0.00432888
2.99301 0.0258605 0.00365266
3.00756 0.0259019 0.00283915
3.02207 0.0259296 0.00190981
3.03667 0.0259418 0.000841907
3.05142 0.0259369 -0.000332606
3.06579 0.0259152 -0.00151079
3.08009 0.0258772 -0.00266263
3.09457 0.0258231 -0.0037378
3.10913 0.0257545 -0.00470871
3.12356 0.0256746 -0.00553907
3.1379 0.0255853 -0.00622485
3.15218 0.0254886 -0.00676844
3.16645 0.025387 -0.00712182
3.18078 0.0252835 -0.00722262
3.19524 0.0251813 -0.00706727
3.20991 0.0250836 -0.0066566
3.2249 0.0249947 -0.00593909
3.24028 0.0249187 -0.00493514
3.25589 0.0248604 -0.00373638
3.27172 0.0248231 -0.00235621
3.28782 0.0248096 -0.000836861
3.3036 0.0248178 0.000518786
3.31939 0.0248446 0.00169423
3.33496 0.0248877 0.00277058
3.35043 0.0249465 0.00380279
3.36353 0.0250057 0.00451421
3.37879 0.025084 0.00513634
3.39309 0.0251625 0.00548699
3.40826 0.0252468 0.00555827
3.42324 0.0253243 0.00517165
3.43804 0.0253898 0.00442804
3.45254 0.0254383 0.00333886
3.4671 0.0254657 0.00188587
3.48166 0.0254677 0.000137659
3.49611 0.0254428 -0.00172356
3.51045 0.0253891 -0.00374707
3.52397 0.0253125 -0.00566341
3.53746 0.0252122 -0.00743233
3.55119 0.0250871 -0.00911477
3.56533 0.0249365 -0.0106479
3.57983 0.0247625 -0.0120028
3.5943 0.0245726 -0.0131247
3.60879 0.0243699 -0.013983
3.62333 0.0241589 -0.014512
3.63797 0.0239449 -0.0146228
3.65273 0.0237339 -0.0142926
3.66766 0.0235319 -0.0135364
3.68275 0.0233443 -0.0124306
3.69796 0.023177 -0.0109978
3.71302 0.0230376 -0.00925673
3.72822 0.0229282 -0.00719691
3.74319 0.022853 -0.0050253
3.75841 0.022811 -0.00275427
3.77303 0.0228031 -0.000542639
3.7877 0.0228264 0.00158668
3.80227 0.0228778 0.00352956
3.81669 0.0229531 0.00522497
3.83104 0.0230503 0.00677672
3.84548 0.0231679 0.00813866
3.85953 0.0232973 0.00920866
3.87337 0.0234352 0.00996423
3.88719 0.0235788 0.0103946
3.90113 0.0237248 0.0104743
3.91526 0.0238684 0.010158
3.92951 0.0240025 0.00941257
3.94383 0.0241204 0.00823702
3.95831 0.0242167 0.00665083
3.97287 0.0242855 0.00471671
3.98786 0.0243233 0.00252278
4.00183 0.0243281 0.000349508
4.01633 0.0242999 -0.0019496
4.02976 0.0242453 -0.00406309
4.04403 0.0241578 -0.00613172
4.05743 0.0240528 -0.00783261
4.07206 0.0239171 -0.00927934
4.08688 0.0237644 -0.0103029
4.10175 0.0236034 -0.0108271
4.11636 0.0234453 -0.0108205
4.13173 0.0232882 -0.0102263
4.1472 0.0231488 -0.00900836
4.16274 0.023037 -0.00719416
4.17819 0.0229627 -0.00480829
4.19393 0.0229324 -0.00192484
4.20955 0.0229522 0.00126934
4.22528 0.0230249 0.00461744
4.24119 0.0231544 0.00814351
4.25644 0.0233324 0.011674
4.27161 0.0235623 0.0151563
4.28645 0.0238351 0.0183728
4.30128 0.0241488 0.0211613
4.31592 0.0244909 0.0233547
4.33046 0.0248532 0.0249302
4.34508 0.0252304 0.0258046
4.35932 0.0255994 0.0259116
4.37348 0.0259571 0.0252509
4.38775 0.0262971 0.0238295
4.40244 0.0266144 0.021607
4.41713 0.0268888 0.0186676
4.43154 0.0271076 0.0151821
4.44579 0.0272677 0.0112367
4.45972 0.0273646 0.00695426
4.47305 0.0273984 0.00253985
4.48638 0.0273718 -0.00199445
4.49963 0.0272859 -0.00648492
4.51276 0.0271441 -0.0107998
4.52522 0.0269611 -0.0146848
4.53805 0.0267263 -0.0183053
4.55131 0.0264405 -0.0215578
4.56495 0.0261083 -0.024342
4.57873 0.0257429 -0.0265138
4.59281 0.0253488 -0.0279891
4.6073 0.0249329 -0.0287167
4.62229 0.0245035 -0.0286342
4.63754 0.0240813 -0.0276961
4.65252 0.0236924 -0.0259558
4.66755 0.0233393 -0.0235035
4.6825 0.0230329 -0.0204826
4.69711 0.0227851 -0.0169661
4.71149 0.0225969 -0.0130878
4.72523 0.0224728 -0.00902931
4.73917 0.0224085 -0.0046121
4.75378 0.0224119 0.000231162
4.76762 0.0224795 0.0048813
4.78207 0.0226186 0.00962671
4.79634 0.0228202 0.0141301
4.81034 0.0230747 0.0181717
4.8242 0.0233744 0.0216296
4.83811 0.023714 0.0244211
4.85158 0.0240688 0.0263319
4.86498 0.0244354 0.027364
4.87843 0.0248046 0.027441
4.89214 0.0251674 0.026466
4.90639 0.0255144 0.0243625
4.92085 0.0258211 0.0211971
4.9349 0.0260638 0.0172783
4.94873 0.0262402 0.0127561
4.96232 0.0263452 0.0077256
4.97562 0.0263768 0.00237325
4.98845 0.026338 -0.00302102
5.00188 0.026223 -0.00856693
5.01534 0.0260357 -0.0139099
5.02781 0.0258058 -0.0184361
5.04004 0.0255318 -0.02241
5.05287 0.0251987 -0.0259595
5.06648 0.0248045 -0.0289749
5.08047 0.0243678 -0.0312018
5.09515 0.0238906 -0.0325007
5.1101 0.0234014 -0.0327382
5.12534 0.0229155 -0.0318684
5.1406 0.0224591 -0.0299063
5.15601 0.0220457 -0.0268277
5.1713 0.0216981 -0.0227403
5.1865 0.0214282 -0.0177598
5.2013 0.0212488 -0.0121136
5.21568 0.0211616 -0.00606327
5.22947 0.0211632 0.000113326
5.24402 0.0212613 0.00674447
5.25772 0.0214385 0.0129301
5.27184 0.0217056 0.0189185
5.28599 0.0220482 0.0242197
5.30007 0.0224527 0.0287157
5.31377 0.0228951 0.0323017
5.32737 0.0233699 0.0349143
5.34092 0.0238638 0.0364563
5.35451 0.0243651 0.0368707
5.36801 0.024852 0.0360777
5.38196 0.0253254 0.0339287
5.39619 0.025757 0.0303459
5.41063 0.0261243 0.0254321
5.42502 0.0264034 0.0193818
5.43889 0.0265812 0.0128207
5.45267 0.0266596 0.00569285
5.46598 0.0266396 -0.00149953
5.4789 0.0265298 -0.00850032
5.4916 0.0263388 -0.0150413
5.50425 0.0260732 -0.020989
5.51754 0.0257211 -0.0264966
5.53011 0.0253329 -0.0308986
5.54276 0.024897 -0.034452
5.55651 0.0243851 -0.0372312
5.57064 0.0238351 -0.0389173
5.58518 0.0232617 -0.0394264
5.59932 0.0227141 -0.0387388
5.61355 0.0221913 -0.0367405
5.62808 0.0217064 -0.033376
5.64315 0.0212744 -0.0286575
5.6581 0.020934 -0.0227695
5.67237 0.0207014 -0.0163083
5.6868 0.020569 -0.00917075
5.70062 0.020545 -0.00173725
5.71397 0.0206213 0.00571314
5.72785 0.0208063 0.0133274
5.74186 0.021095 0.0206137
5.75564 0.0214696 0.0271716
5.76944 0.0219227 0.0328389
5.78308 0.0224334 0.0374354
5.79631 0.0229738 0.0408554
5.80937 0.0235363 0.0430536
5.82262 0.0241186 0.0439583
5.83613 0.0247069 0.0435407
5.84962 0.0252693 0.0416878
5.8635 0.0258006 0.0382779
5.87754 0.0262687 0.0333435
5.89169 0.0266502 0.0269565
5.90533 0.0269215 0.0198903
5.9184 0.0270853 0.0125359
5.93161 0.0271466 0.00464209
5.94448 0.0271046 -0.00326422
5.95726 0.0269648 -0.0109333
5.97005 0.0267325 -0.0181775
5.98261 0.0264232 -0.0246234
5.99561 0.0260258 -0.030561
6.00875 0.0255578 -0.035615
6.02231 0.0250187 -0.0397508
6.03622 0.0244225 -0.0428618
6.05013 0.0237987 -0.0448513
6.06358 0.0231852 -0.0456321
6.07704 0.0225751 -0.0452991
6.09074 0.0219755 -0.043794
6.10489 0.0213964 -0.0409025
6.11949 0.0208639 -0.0364824
6.13434 0.0204077 -0.030717
6.14865 0.0200648 -0.0239619
6.16229 0.0198356 -0.0168062
6.17627 0.0197112 -0.00889494
6.18938 0.0196972 -0.00106642
6.20304 0.0197946 0.00713164
6.21594 0.0199839 0.0146656
6.22857 0.0202575 0.0216584
6.24217 0.0206418 0.0282645
6.25569 0.0211005 0.0339211
6.26874 0.0216027 0.0384776
6.28176 0.0221488 0.0419538
6.2947 0.0227214 0.0442697
6.30776 0.0233139 0.0453574
6.32125 0.0239229 0.0451384
6.33486 0.0245161 0.0435763
6.34888 0.0250832 0.0404543
6.36345 0.0256037 0.0357266
6.37731 0.0260178 0.0298821
6.39126 0.0263381 0.0229562
6.40516 0.0265517 0.0153637
6.41836 0.0266549 0.00781906
6.43159 0.0266535 -0.000102341
6.44569 0.0265349 -0.00841629
6.45935 0.0263158 -0.0160344
6.47272 0.0260104 -0.0228465
6.48598 0.0256285 -0.028793
6.49936 0.0251756 -0.0338547
6.51294 0.024661 -0.0379019
6.52632 0.0241142 -0.0408626
6.54045 0.0235092 -0.0428004
6.55416 0.022913 -0.0435013
6.56792 0.0223206 -0.0430567
6.58189 0.021742 -0.0413918
6.59633 0.0211902 -0.0382331
6.61114 0.0206919 -0.0336395
6.6259 0.0202815 -0.0278141
6.64012 0.0199812 -0.0211087
6.65382 0.0197896 -0.0139847
6.6682 0.0197048 -0.00589962
6.68166 0.0197328 0.00207795
6.69582 0.0198797 0.0103829
6.70968 0.0201312 0.0181403
6.72271 0.0204567 0.02497
6.73634 0.020882 0.0312084
6.74995 0.0213787 0.0364967
6.76309 0.021913 0.0406779
6.77617 0.0224846 0.0436889
6.78914 0.0230743 0.0454845
6.80248 0.0236889 0.0460568
6.81595 0.024299 0.0452854
6.82973 0.0248917 0.0430261
6.84346 0.0254323 0.0393727
6.85782 0.0259217 0.0340658
6.87201 0.0263112 0.027462
6.88583 0.0265901 0.0201821
6.89886 0.0267571 0.0128097
6.91257 0.0268203 0.00461098
6.92565 0.026777 -0.00331026
6.93858 0.0266359 -0.0109161
6.95148 0.0264031 -0.0180427
6.96426 0.0260908 -0.0244284
6.97749 0.0256909 -0.0302406
6.99087 0.0252211 -0.0350996
7.00413 0.0247056 -0.0388818
7.01817 0.0241198 -0.0417124
7.0322 0.0235117 -0.0433535
7.04588 0.0229128 -0.043787
7.05965 0.0223199 -0.0430605
7.07371 0.0217422 -0.0410921
7.08821 0.021197 -0.037589
7.10313 0.0207095 -0.0326779
7.11799 0.0203154 -0.0265211
7.13243 0.0200331 -0.01955
7.14622 0.0198642 -0.0122487
7.16057 0.0198055 -0.00409144
7.17403 0.0198576 0.00387526
7.18792 0.0200243 0.0119891
7.20179 0.0202962 0.0196204
7.21563 0.0206636 0.0265396
7.22936 0.02111 0.0325086
7.24286 0.0216154 0.0374323
7.25601 0.0221575 0.0412352
