t x y
0.01 0.0242 0
0.02 0.0241969 0
0.0473487 0.0241906 0
0.0747595 0.02415 0
0.102634 0.0240864 0
0.130924 0.0239999 0
0.159763 0.023891 0
0.189164 0.0237598 0
0.21908 0.0236068 0
0.249564 0.0234326 0
0.280602 0.0232378 0
0.312061 0.0230239 0
0.343122 0.0227933 0
0.373779 0.0225546 0
0.404116 0.0223103 0
0.434206 0.0220621 0
0.464098 0.0218113 0
0.493837 0.0215594 0
0.523465 0.0213078 0
0.553023 0.0210577 0
0.582549 0.0208104 0
0.61208 0.0205669 0
0.641651 0.0203287 0
0.671307 0.020097 0
0.701097 0.0198735 0
0.731081 0.0196597 0
0.761317 0.0194574 0
0.79186 0.0192683 0
0.822653 0.0190944 0
0.853792 0.0189386 0
0.885326 0.0188027 0
0.916783 0.0186894 0
0.947963 0.0186026 0
0.978743 0.0185441 0
1.00927 0.0185153 0
1.03858 0.0185167 0
1.06672 0.0185473 0
1.09374 0.0186047 0
1.11987 0.0186867 0
1.14526 0.0187921 0
1.16999 0.0189199 0
1.19421 0.0190692 0
1.21799 0.0192399 0
1.24144 0.019432 0
1.26464 0.0196454 0
1.28754 0.0198806 0
1.31005 0.0201365 0
1.33229 0.0204114 0
1.35433 0.0207059 0
1.37628 0.0210206 0
1.39826 0.0213567 0
1.42038 0.0217158 0
1.44281 0.0221003 0
1.46577 0.0225132 0
1.48944 0.0229591 0
1.51222 0.0234425 0
1.5344 0.0239295 0
1.55614 0.0244231 0
1.57745 0.0249248 0
1.59854 0.0254316 0
1.61966 0.0259466 0
1.64124 0.0264734 0
1.66244 0.02702 0
1.68341 0.0275614 0
1.70408 0.0280976 0
1.72426 0.0286218 0
1.74389 0.0291244 0
1.7629 0.0295985 0
1.77028 0.0300374 0
1.77748 0.0302045 0
1.78434 0.0303639 0
1.79133 0.0305122 0
1.79819 0.0306593 0
1.8049 0.0307991 0
1.81152 0.0309313 0
1.81806 0.0310554 0
1.82451 0.0311703 0
1.83089 0.031275 0
1.8372 0.0313684 0
1.84348 0.0314499 0
1.84967 0.031519 0
1.85572 0.0315746 0
1.86166 0.0316164 0
1.86746 0.0316448 0
1.87312 0.0316602 0
1.87873 0.0316633 0
1.88413 0.0316548 0
1.88921 0.0316361 0
1.89411 0.0316096 0
1.89877 0.0315759 0
1.90353 0.0315367 0
1.90815 0.0314898 0
1.91282 0.031438 0
1.91779 0.0313797 0
1.92331 0.0313115 0
1.92883 0.0312284 0
1.93439 0.0311392 0
1.94027 0.0310436 0
1.94672 0.030937 0
1.95296 0.0308149 0
1.95933 0.0306928 0
1.96626 0.0305644 0
1.97331 0.0304203 0
1.98053 0.0302688 0
1.98745 0.030109 0
1.99428 0.0299515 0
2.0012 0.0297915 0
2.01927 0.0296244 0
2.03751 0.0291532 0
2.0539 0.0286408 0
2.07529 0.0281513 0
2.09705 0.0274596 0
2.11733 0.0267011 0
2.13783 0.0259448 0
2.15831 0.0251283 0
2.17781 0.0242606 0
2.19677 0.0233849 0
2.21575 0.0224855 0
2.23404 0.0215351 0
2.25204 0.0205712 0
2.26977 0.0195743 0
2.28645 0.0185438 0
2.30251 0.0175297 0
2.31755 0.0165087 0
2.33151 0.0155116 0
2.34435 0.0145475 0
2.34899 0.0136262 0
2.35313 0.0132862 0
2.35671 0.0129778 0
2.36003 0.0127071 0
2.36313 0.0124543 0
2.36603 0.0122159 0
2.36874 0.0119925 0
2.37128 0.0117826 0
2.37365 0.011586 0
