t x vx
0.01 0.0220006 6.33195e-05
0.02 0.0220012 6.01283e-05
0.0269721 0.0220016 5.89927e-05
0.0340685 0.022002 5.47363e-05
0.0412477 0.0220024 5.24043e-05
0.0485479 0.0220028 5.02036e-05
0.0559649 0.0220032 5.06654e-05
0.0634783 0.0220035 5.27671e-05
0.071098 0.022004 5.5292e-05
0.0788069 0.0220044 5.38532e-05
0.086603 0.0220048 4.88828e-05
0.0944752 0.0220051 3.77237e-05
0.102397 0.0220052 1.51835e-05
0.11035 0.022005 -2.45838e-05
0.118308 0.0220044 -7.80819e-05
0.12625 0.0220033 -0.000136144
0.134154 0.0220017 -0.000200285
0.141839 0.0219996 -0.00027218
0.14926 0.021997 -0.000355461
0.156735 0.0219936 -0.000449218
0.163936 0.0219898 -0.000535648
0.170992 0.0219855 -0.000608052
0.17802 0.0219807 -0.000674674
0.185087 0.0219756 -0.000724219
0.192171 0.0219703 -0.000752066
0.199274 0.021965 -0.000744406
0.206428 0.02196 -0.000702561
0.213572 0.0219554 -0.000636627
0.220724 0.0219515 -0.000551931
0.227839 0.0219483 -0.000441303
0.234925 0.0219462 -0.000301506
0.241993 0.0219452 -0.000135398
0.24904 0.0219456 5.57894e-05
0.256063 0.0219475 0.00026612
0.263068 0.021951 0.000496595
0.270094 0.0219562 0.000746377
0.277172 0.0219634 0.00102093
0.284217 0.0219728 0.00132512
0.291258 0.0219845 0.00166025
0.298375 0.0219989 0.00202165
0.305575 0.0220161 0.00240097
0.312719 0.0220361 0.00278882
0.319844 0.0220588 0.00318823
0.327 0.0220846 0.00360462
0.334206 0.0221138 0.00405179
0.341475 0.0221467 0.00453493
0.348642 0.0221829 0.005044
0.355709 0.0222224 0.00559194
0.362772 0.0222661 0.00619043
0.369881 0.0223148 0.00684155
0.377005 0.0223686 0.00755037
0.384159 0.0224281 0.00832394
0.39134 0.022494 0.00916882
0.398486 0.022566 0.0100828
0.405597 0.0226447 0.011063
0.412648 0.02273 0.0121006
0.419627 0.022822 0.0131882
0.426473 0.02292 0.0143143
0.43315 0.0230233 0.0154665
0.439673 0.0231319 0.0166428
0.446046 0.0232455 0.0178387
0.452288 0.0233645 0.0190539
0.458414 0.0234888 0.0202875
0.464425 0.0236182 0.0215344
0.470335 0.0237529 0.022789
0.476162 0.023893 0.0240456
0.481914 0.0240386 0.0253046
0.487604 0.0241897 0.0265686
0.493242 0.0243467 0.0278348
0.498841 0.0245096 0.0290981
0.504412 0.0246787 0.030352
0.509971 0.0248543 0.0315936
0.515532 0.0250369 0.0328257
0.521117 0.025227 0.0340477
0.526684 0.0254232 0.0352413
0.532225 0.0256249 0.0364023
0.537739 0.0258319 0.0375396
0.543238 0.0260445 0.0386662
0.548725 0.0262629 0.0398037
0.554212 0.0264878 0.040982
0.559706 0.0267198 0.0422231
0.565211 0.0269593 0.0435114
0.570557 0.0271989 0.0448244
0.575747 0.0274386 0.0461747
0.580832 0.0276806 0.0475882
0.585828 0.0279258 0.0490852
0.59074 0.0281747 0.0506847
0.595574 0.0284279 0.052368
0.600148 0.028675 0.0540247
0.60403 0.0288904 0.0554991
0.607318 0.0290772 0.0568085
0.610159 0.0292419 0.0579605
0.612818 0.029399 0.0590591
0.615474 0.0295588 0.0601787
0.618233 0.0297281 0.0613773
0.619424 0.0298019 0.0619254
0.620768 0.029886 0.0625663
0.622209 0.0299771 0.0632707
0.623748 0.0300757 0.0640397
0.625217 0.0301709 0.0647821
0.626611 0.0302622 0.0655046
0.627937 0.0303499 0.0661169
0.629205 0.0304344 0.0667201
0.630421 0.0305163 0.0673169
0.631593 0.030596 0.0680022
0.632726 0.0306738 0.0686832
0.633824 0.0307499 0.0692683
0.634894 0.0308247 0.0699461
0.63594 0.0308986 0.0706242
0.636967 0.0309718 0.0713036
0.637979 0.0310447 0.0719857
0.638983 0.0311176 0.0726723
0.639984 0.0311911 0.0733668
0.64099 0.0312656 0.0740726
0.642009 0.0313418 0.0747916
0.643052 0.0314206 0.0755319
0.644133 0.0315031 0.0763033
0.645273 0.0315909 0.0771135
0.646499 0.0316866 0.0779852
0.647745 0.0317849 0.0788846
0.648977 0.0318831 0.0797735
0.650183 0.0319804 0.0806327
0.65136 0.0320763 0.0814552
0.652497 0.0321698 0.0822304
0.653602 0.0322614 0.0829421
0.654679 0.0323514 0.0835694
0.65573 0.0324398 0.0840664
0.656762 0.0325268 0.0843806
