t x y
0.01 0.0242 0
0.02 0.0241917 0
0.0355528 0.0241749 0
0.0512533 0.0241291 0
0.0671913 0.024064 0
0.0833604 0.0239799 0
0.0997893 0.0238775 0
0.116503 0.0237579 0
0.133541 0.0236218 0
0.150829 0.0234704 0
0.168355 0.0233061 0
0.185547 0.0231311 0
0.202524 0.0229538 0
0.21937 0.0227757 0
0.236164 0.0225982 0
0.252957 0.0224228 0
0.269785 0.0222509 0
0.286674 0.0220842 0
0.30365 0.0219242 0
0.320737 0.0217727 0
0.337963 0.0216313 0
0.355358 0.0215015 0
0.372954 0.0213847 0
0.390793 0.0212823 0
0.408931 0.0211956 0
0.427108 0.0211256 0
0.445462 0.021074 0
0.463854 0.0210403 0
0.482495 0.0210243 0
0.501272 0.0210252 0
0.519893 0.0210417 0
0.538376 0.0210716 0
0.556763 0.0211125 0
0.575076 0.021162 0
0.593307 0.0212178 0
0.611531 0.021277 0
0.629704 0.0213369 0
0.647771 0.0213943 0
0.665663 0.0214458 0
0.683436 0.0214881 0
0.701019 0.0215183 0
0.718184 0.0215331 0
0.735249 0.0215301 0
0.752265 0.0215073 0
0.769364 0.0214629 0
0.786372 0.0213944 0
0.803346 0.0213012 0
0.820456 0.021182 0
0.837241 0.0210345 0
0.853723 0.020863 0
0.870021 0.0206693 0
0.886265 0.0204538 0
0.902573 0.0202171 0
0.918787 0.0199595 0
0.934841 0.0196866 0
0.950736 0.0194031 0
0.966534 0.019113 0
0.982251 0.018819 0
0.997799 0.0185251 0
1.01321 0.0182372 0
1.02852 0.0179584 0
1.04376 0.0176919 0
1.05888 0.0174412 0
1.07381 0.0172108 0
1.08846 0.0170046 0
1.10274 0.0168258 0
1.11687 0.0166765 0
1.13067 0.0165559 0
1.14425 0.0164655 0
1.15761 0.0164052 0
1.17059 0.0163754 0
1.18351 0.0163754 0
1.19664 0.0164047 0
1.20985 0.0164654 0
1.22278 0.0165581 0
1.23599 0.016679 0
1.24913 0.0168332 0
1.26218 0.0170162 0
1.27501 0.0172262 0
1.28769 0.017459 0
1.30026 0.0177133 0
1.31276 0.0179883 0
1.32525 0.018283 0
1.33777 0.0185969 0
1.35035 0.0189294 0
1.36303 0.0192801 0
1.37576 0.0196482 0
1.38858 0.0200307 0
1.4015 0.0204266 0
1.41458 0.0208348 0
1.42789 0.0212545 0
1.44151 0.0216859 0
1.4555 0.0221274 0
1.46983 0.0225782 0
1.4847 0.0230333 0
1.49993 0.0234949 0
1.51543 0.0239516 0
1.53086 0.0243951 0
1.54603 0.0248101 0
1.5614 0.0251879 0
1.57647 0.0255342 0
1.5913 0.0258351 0
1.6056 0.0260908 0
1.61911 0.0262972 0
1.63324 0.026455 0
1.64706 0.0265781 0
1.66082 0.0266576 0
1.67498 0.0266962 0
1.68854 0.0266932 0
1.70156 0.0266518 0
1.7145 0.0265774 0
1.72776 0.0264703 0
1.74115 0.0263269 0
1.75445 0.0261489 0
1.76809 0.0259406 0
1.78204 0.0256961 0
1.79615 0.0254159 0
1.81047 0.0251045 0
1.82499 0.0247621 0
1.83984 0.0243916 0
1.85529 0.0239916 0
1.87051 0.0235574 0
1.88538 0.0231157 0
1.90003 0.0226756 0
1.91457 0.0222371 0
1.92914 0.0218012 0
1.94382 0.021368 0
1.9587 0.0209393 0
1.97383 0.0205166 0
1.9893 0.0201031 0
2.00457 0.0197017 0
2.02004 0.0193306 0
2.03545 0.018985 0
2.05012 0.0186733 0
2.06425 0.0184088 0
2.07887 0.0181859 0
2.09315 0.0179914 0
2.10736 0.0178374 0
2.12182 0.0177203 0
2.13588 0.0176385 0
2.14987 0.0175941 0
2.1641 0.0175838 0
2.17833 0.0176071 0
2.19261 0.0176627 0
2.20675 0.0177491 0
2.22063 0.0178628 0
2.23413 0.0179998 0
2.24734 0.0181552 0
2.26057 0.0183269 0
2.27414 0.0185168 0
2.28808 0.0187285 0
2.30187 0.0189615 0
2.31576 0.019205 0
2.33003 0.0194613 0
2.34444 0.0197335 0
2.35906 0.0200142 0
2.37388 0.0203024 0
2.38895 0.0205942 0
2.40432 0.0208872 0
2.42004 0.0211781 0
2.43616 0.0214631 0
2.45234 0.0217377 0
2.46835 0.0219915 0
2.48425 0.0222173 0
2.49981 0.022412 0
2.51588 0.0225715 0
2.53174 0.0227007 0
2.54752 0.0227913 0
2.56267 0.022843 0
2.57871 0.0228556 0
2.59471 0.0228274 0
2.61053 0.0227586 0
2.62674 0.0226523 0
2.64257 0.0225045 0
2.65814 0.0223247 0
2.67366 0.0221159 0
2.68932 0.0218786 0
2.70438 0.0216123 0
2.71929 0.0213342 0
2.73472 0.0210404 0
2.74977 0.0207206 0
2.76427 0.0203973 0
2.77872 0.0200791 0
2.79338 0.0197582 0
2.80845 0.0194332 0
2.82408 0.0191047 0
2.83968 0.0187748 0
2.85527 0.0184619 0
2.87068 0.0181699 0
2.88584 0.0179061 0
2.90053 0.0176738 0
2.91477 0.0174786 0
2.92948 0.0173195 0
2.94386 0.0171894 0
2.95758 0.0170971 0
2.97134 0.0170419 0
2.98579 0.0170202 0
2.99901 0.0170354 0
3.01256 0.0170806 0
3.0259 0.0171593 0
3.03933 0.0172671 0
3.0527 0.0174052 0
3.06591 0.0175706 0
3.07892 0.0177591 0
3.09182 0.0179679 0
3.10466 0.0181955 0
3.11749 0.0184414 0
3.13035 0.0187048 0
3.14327 0.018985 0
3.15627 0.0192809 0
3.16939 0.0195917 0
3.18268 0.0199163 0
3.19618 0.0202541 0
3.20994 0.0206039 0
3.22398 0.0209646 0
3.23836 0.0213344 0
3.25315 0.0217114 0
3.26841 0.0220935 0
3.28417 0.0224771 0
3.29979 0.0228569 0
3.31548 0.0232123 0
3.33089 0.0235442 0
3.34614 0.0238414 0
3.36144 0.0241033 0
3.3768 0.0243303 0
3.39183 0.0245185 0
3.40632 0.0246624 0
3.42103 0.0247612 0
3.436 0.0248191 0
3.45078 0.0248339 0
3.46579 0.0248059 0
3.4805 0.0247351 0
3.49464 0.0246259 0
3.50848 0.0244852 0
3.52241 0.0243143 0
3.53674 0.0241104 0
3.55074 0.0238688 0
3.56496 0.0236045 0
3.57983 0.0233098 0
3.59477 0.022976 0
3.60945 0.0226177 0
3.62411 0.0222472 0
3.63912 0.0218623 0
3.6542 0.0214566 0
3.6692 0.0210422 0
3.68428 0.0206279 0
3.69949 0.0202148 0
3.71496 0.0198065 0
3.73066 0.0194054 0
3.74615 0.0190189 0
3.7615 0.0186621 0
3.77638 0.0183372 0
3.79111 0.0180527 0
3.80543 0.0178042 0
3.81939 0.0175966 0
3.83397 0.0174281 0
3.84794 0.017291 0
3.86212 0.0171959 0
3.87598 0.017137 0
3.88923 0.0171153 0
3.90251 0.0171275 0
3.91599 0.0171718 0
3.9298 0.0172487 0
3.94346 0.0173595 0
3.95727 0.0174991 0
3.97078 0.0176686 0
3.98411 0.0178599 0
3.99733 0.0180718 0
4.01048 0.0183027 0
4.02363 0.0185516 0
4.03681 0.0188177 0
4.05007 0.0191001 0
4.06343 0.0193978 0
4.07694 0.0197096 0
4.09063 0.0200342 0
4.10455 0.0203708 0
4.11873 0.0207177 0
4.13321 0.0210729 0
4.14807 0.0214342 0
4.16335 0.0217998 0
4.17906 0.0221661 0
4.19486 0.0225276 0
4.21064 0.0228714 0
4.22623 0.0231912 0
4.24143 0.0234796 0
4.25694 0.0237306 0
4.27261 0.0239519 0
4.28802 0.0241369 0
4.30308 0.024279 0
4.31783 0.0243771 0
4.33346 0.0244327 0
4.34885 0.0244454 0
4.36415 0.0244137 0
4.37959 0.0243397 0
4.3945 0.0242233 0
4.40904 0.024073 0
4.42353 0.023892 0
4.43838 0.0236792 0
4.45291 0.0234292 0
4.46751 0.0231562 0
4.48265 0.0228566 0
4.49785 0.0225217 0
4.51269 0.0221647 0
4.52745 0.0217999 0
4.54252 0.0214247 0
4.55785 0.0210327 0
4.57319 0.0206303 0
4.58872 0.0202283 0
4.60437 0.0198279 0
4.62013 0.0194365 0
4.63574 0.0190599 0
4.65109 0.0187093 0
4.66611 0.0183904 0
4.68106 0.0181065 0
4.69548 0.0178559 0
4.70952 0.0176464 0
4.72419 0.0174751 0
4.73834 0.0173335 0
4.75248 0.017233 0
4.76636 0.0171688 0
4.77972 0.017141 0
4.79306 0.017147 0
4.80647 0.0171849 0
4.82047 0.0172543 0
4.83417 0.0173596 0
4.84804 0.0174929 0
4.86157 0.0176566 0
4.87491 0.0178419 0
4.88811 0.0180476 0
4.90124 0.018272 0
4.91436 0.0185143 0
4.92751 0.0187736 0
4.94072 0.0190491 0
4.95403 0.0193396 0
4.96748 0.0196442 0
4.9811 0.0199615 0
4.99495 0.0202906 0
5.00905 0.0206298 0
5.02344 0.0209773 0
5.03819 0.0213306 0
5.05336 0.0216876 0
5.069 0.0220452 0
5.08479 0.0223993 0
5.1006 0.0227373 0
5.11616 0.0230521 0
5.13137 0.0233346 0
5.14686 0.0235807 0
5.16255 0.0237971 0
5.17801 0.023978 0
5.19313 0.0241162 0
5.20785 0.0242109 0
5.22348 0.024263 0
5.23885 0.0242727 0
5.25405 0.0242383 0
5.2694 0.0241625 0
5.28424 0.0240449 0
5.29872 0.0238937 0
5.31311 0.0237123 0
5.3278 0.0234998 0
5.34218 0.0232516 0
5.35659 0.0229812 0
5.37151 0.0226853 0
5.38655 0.0223553 0
5.40113 0.0220022 0
5.41565 0.0216439 0
5.43048 0.0212753 0
5.44584 0.0208902 0
5.46125 0.0204874 0
5.47676 0.0200844 0
5.49234 0.0196857 0
5.508 0.0192971 0
5.52352 0.0189246 0
5.53874 0.018578 0
5.55381 0.018264 0
5.56881 0.0179821 0
5.58312 0.0177341 0
5.59709 0.0175299 0
5.61169 0.0173634 0
5.62564 0.0172267 0
5.63957 0.0171314 0
5.65326 0.0170718 0
5.66644 0.0170479 0
5.67968 0.0170572 0
5.69303 0.0170982 0
5.7068 0.0171709 0
5.72041 0.0172783 0
5.73416 0.0174142 0
5.74758 0.0175803 0
5.76082 0.0177679 0
5.77392 0.0179758 0
5.78697 0.0182026 0
5.8 0.0184475 0
5.81306 0.0187095 0
5.82619 0.018988 0
5.83941 0.0192818 0
5.85277 0.01959 0
5.8663 0.0199114 0
5.88005 0.0202453 0
5.89406 0.0205901 0
5.90835 0.0209444 0
5.923 0.0213056 0
5.93807 0.0216718 0
5.95362 0.0220404 0
5.96909 0.0224072 0
5.98488 0.0227545 0
6.00042 0.0230865 0
6.01632 0.0233871 0
6.03165 0.0236628 0
6.04736 0.0238951 0
6.06284 0.024095 0
6.07812 0.024252 0
6.09259 0.0243657 0
6.10811 0.0244341 0
6.12342 0.0244619 0
6.13846 0.0244449 0
6.15388 0.0243861 0
6.16877 0.0242834 0
6.18323 0.0241457 0
6.19751 0.023977 0
6.21201 0.0237778 0
6.22642 0.0235439 0
6.24072 0.0232825 0
6.25542 0.0229969 0
6.27043 0.022679 0
6.28518 0.0223323 0
6.2997 0.0219735 0
6.31446 0.0216061 0
6.3297 0.0212222 0
6.34503 0.0208193 0
6.36051 0.0204127 0
6.37608 0.0200059 0
6.39174 0.0196066 0
6.40749 0.0192198 0
6.42303 0.0188518 0
6.43812 0.0185138 0
6.45298 0.0182132 0
6.46826 0.0179472 0
6.48236 0.0177094 0
6.49697 0.0175225 0
6.51154 0.0173656 0
6.5253 0.0172474 0
6.53944 0.0171705 0
6.55346 0.0171282 0
6.56653 0.0171227 0
6.57985 0.0171488 0
6.59352 0.0172071 0
6.60724 0.0172991 0
6.62116 0.0174223 0
6.6348 0.0175775 0
6.64818 0.0177565 0
6.66141 0.0179564 0
6.67454 0.0181757 0
6.68763 0.0184133 0
6.70074 0.0186685 0
6.7139 0.0189405 0
6.72715 0.0192282 0
6.74052 0.0195309 0
6.75406 0.0198473 0
6.7678 0.0201764 0
6.78179 0.020517 0
6.79606 0.0208676 0
6.81066 0.0212259 0
6.82567 0.0215897 0
6.84114 0.0219567 0
6.8567 0.0223233 0
6.87247 0.0226754 0
6.88816 0.0230109 0
6.90398 0.0233192 0
6.91913 0.0235999 0
6.93502 0.0238371 0
6.95065 0.024048 0
6.96593 0.0242155 0
6.98052 0.0243386 0
6.9957 0.0244171 0
7.01106 0.0244552 0
7.02618 0.0244491 0
7.04168 0.0244005 0
7.05678 0.0243075 0
7.07139 0.024177 0
7.08573 0.024015 0
7.10017 0.0238228 0
7.11477 0.0235976 0
7.12911 0.0233394 0
7.14372 0.0230593 0
7.15884 0.0227493 0
7.17387 0.0224051 0
7.18849 0.0220434 0
7.20323 0.0216768 0
7.21838 0.021296 0
7.23371 0.0208969 0
7.24918 0.0204908 0
7.26473 0.0200838 0
7.28039 0.0196828 0
7.29616 0.019293 0
7.31176 0.0189203 0
7.32704 0.0185757 0
7.34212 0.0182656 0
7.35733 0.0179897 0
7.37158 0.0177464 0
7.38589 0.0175512 0
