t x y
0.01 0.0242 0
0.02 0.0241914 0
0.0355529 0.024174 0
0.0512544 0.0241265 0
0.0671957 0.0240589 0
0.0833701 0.0239716 0
0.0998118 0.0238653 0
0.116544 0.0237407 0
0.133605 0.0235987 0
0.150924 0.0234402 0
0.168167 0.0232678 0
0.185044 0.023087 0
0.201706 0.0229037 0
0.218239 0.0227187 0
0.234721 0.0225332 0
0.251202 0.0223485 0
0.267717 0.0221658 0
0.284294 0.0219866 0
0.300957 0.0218122 0
0.317728 0.0216442 0
0.334631 0.0214842 0
0.351693 0.0213337 0
0.36894 0.0211941 0
0.386405 0.0210668 0
0.404128 0.0209535 0
0.422167 0.0208553 0
0.44059 0.0207734 0
0.459158 0.020709 0
0.47752 0.020664 0
0.49636 0.0206383 0
0.515343 0.0206309 0
0.534071 0.0206414 0
0.552501 0.0206678 0
0.570663 0.0207074 0
0.588599 0.020758 0
0.606373 0.0208171 0
0.624054 0.0208826 0
0.641699 0.0209523 0
0.659353 0.0210238 0
0.677063 0.0210948 0
0.694698 0.0211628 0
0.712077 0.0212243 0
0.729397 0.0212762 0
0.746503 0.0213165 0
0.763551 0.0213424 0
0.780897 0.0213522 0
0.798267 0.0213432 0
0.815559 0.0213133 0
0.832815 0.0212613 0
0.850166 0.0211865 0
0.867624 0.0210874 0
0.884901 0.0209627 0
0.902056 0.0208147 0
0.918908 0.020644 0
0.935584 0.0204545 0
0.952196 0.0202472 0
0.968849 0.0200234 0
0.985391 0.0197843 0
1.00181 0.0195353 0
1.01812 0.0192801 0
1.03435 0.0190222 0
1.05042 0.0187655 0
1.06624 0.0185149 0
1.08197 0.0182757 0
1.09768 0.0180494 0
1.11328 0.0178385 0
1.12837 0.0176478 0
1.14326 0.0174837 0
1.15783 0.0173447 0
1.17203 0.0172325 0
1.18624 0.0171475 0
1.20037 0.0170885 0
1.21374 0.0170577 0
1.22683 0.0170547 0
1.24038 0.0170778 0
1.25394 0.0171304 0
1.2673 0.0172124 0
1.28053 0.0173219 0
1.29366 0.0174584 0
1.30649 0.0176214 0
1.31906 0.0178063 0
1.33144 0.0180113 0
1.34366 0.0182356 0
1.35577 0.0184779 0
1.3678 0.0187376 0
1.37979 0.0190138 0
1.39178 0.0193061 0
1.40382 0.0196142 0
1.41592 0.0199378 0
1.42815 0.0202765 0
1.44054 0.0206301 0
1.45313 0.0209984 0
1.46598 0.0213814 0
1.47911 0.0217782 0
1.4926 0.0221883 0
1.50651 0.0226109 0
1.52092 0.0230449 0
1.5358 0.023489 0
1.55089 0.0239379 0
1.5662 0.024379 0
1.58132 0.0248075 0
1.59601 0.025207 0
1.61105 0.0255679 0
1.62589 0.0259039 0
1.64026 0.026199 0
1.65447 0.0264475 0
1.66773 0.0266538 0
1.68191 0.0268102 0
1.69542 0.0269343 0
1.70907 0.0270121 0
1.72301 0.0270484 0
1.73653 0.0270411 0
1.74953 0.026992 0
1.76247 0.0269068 0
1.77571 0.0267852 0
1.78943 0.0266229 0
1.80296 0.0264152 0
1.81637 0.026173 0
1.82976 0.025898 0
1.84325 0.0255905 0
1.85696 0.025249 0
1.87101 0.0248715 0
1.88557 0.0244545 0
1.89944 0.0239929 0
1.91291 0.0235281 0
1.92619 0.0230552 0
1.93928 0.02257 0
1.95219 0.0220748 0
1.96498 0.0215722 0
1.97777 0.0210613 0
1.99069 0.0205398 0
2.00347 0.0200046 0
2.01623 0.0194694 0
2.02886 0.0189309 0
2.04157 0.0183969 0
2.05443 0.0178611 0
2.06714 0.0173232 0
2.07967 0.0167992 0
2.09199 0.0162923 0
2.10413 0.0158065 0
2.11611 0.0153431 0
2.12798 0.0149038 0
2.13982 0.0144897 0
2.14456 0.0141018 0
2.14934 0.0139507 0
2.15399 0.0138025 0
2.1586 0.0136627 0
2.16321 0.0135287 0
2.16785 0.0133991 0
2.1725 0.0132735 0
2.1772 0.0131528 0
2.18194 0.0130365 0
2.18673 0.0129254 0
2.19157 0.0128206 0
2.19645 0.0127229 0
2.20131 0.0126331 0
2.20609 0.0125532 0
2.21078 0.0124842 0
2.21538 0.0124262 0
2.21985 0.0123791 0
2.22418 0.0123428 0
2.22836 0.0123168 0
2.23244 0.0123003 0
2.23651 0.0122924 0
2.24052 0.012293 0
2.24444 0.0123014 0
2.24824 0.0123171 0
2.25189 0.0123391 0
2.25539 0.0123664 0
2.25877 0.0123978 0
2.26208 0.0124329 0
2.2654 0.0124715 0
2.26881 0.0125143 0
2.27242 0.0125624 0
2.27634 0.0126174 0
2.28022 0.012682 0
2.28411 0.01275 0
2.28796 0.0128219 0
2.29178 0.0128965 0
2.29559 0.0129734 0
2.2994 0.0130527 0
2.3032 0.0131342 0
2.30698 0.0132174 0
2.31073 0.0133018 0
2.31445 0.0133871 0
2.31814 0.0134731 0
2.32182 0.0135601 0
2.32547 0.0136479 0
2.32911 0.0137367 0
2.33274 0.0138264 0
2.33635 0.013917 0
2.33995 0.0140086 0
2.34354 0.0141012 0
2.34712 0.0141948 0
2.35069 0.0142895 0
2.35959 0.0143853 0
2.36848 0.0146372 0
2.37787 0.0149004 0
2.38726 0.0151927 0
2.39678 0.0154992 0
2.40636 0.0158253 0
2.4159 0.0161699 0
2.42549 0.0165294 0
2.43514 0.0169075 0
2.44487 0.017306 0
2.45472 0.0177263 0
2.4646 0.0181708 0
2.47456 0.0186351 0
2.48466 0.0191225 0
2.49495 0.0196363 0
2.50559 0.0201803 0
2.51625 0.0207628 0
2.52659 0.0213667 0
2.53665 0.0219723 0
2.54655 0.0225784 0
2.55632 0.0231916 0
2.56605 0.0238121 0
2.57572 0.024445 0
2.58528 0.0250882 0
2.59484 0.0257369 0
2.60439 0.026398 0
2.61374 0.027069 0
2.62301 0.0277339 0
2.63241 0.0284003 0
2.64185 0.0290802 0
2.6455 0.0297683 0
2.64907 0.0300368 0
2.65214 0.0303012 0
2.65519 0.0305306 0
2.65818 0.0307593 0
2.66108 0.0309842 0
2.66388 0.0312032 0
2.66658 0.0314143 0
2.66918 0.0316178 0
2.67169 0.0318133 0
2.6741 0.0320003 0
2.67642 0.0321786 0
2.67862 0.0323477 0
2.68071 0.0325062 0
