t x vx
0.01 0.0220002 2.48111e-05
0.02 0.0220006 3.89115e-05
0.0398802 0.0220022 7.91136e-05
0.0599836 0.0220049 0.000132736
0.0809298 0.0220091 0.000201574
0.102753 0.0220154 0.000287802
0.125225 0.0220239 0.000378816
0.148145 0.0220348 0.000475586
0.171193 0.0220481 0.000575839
0.194229 0.0220638 0.000682063
0.217084 0.0220822 0.000804532
0.239665 0.0221039 0.000960698
0.261856 0.0221292 0.00114249
0.282937 0.0221566 0.00129784
0.303961 0.0221874 0.00146402
0.325065 0.0222227 0.00167352
0.346175 0.0222633 0.00192509
0.366389 0.0223067 0.00214901
0.386405 0.0223541 0.00236347
0.407059 0.0224072 0.00257501
0.428008 0.0224651 0.00276357
0.449326 0.0225277 0.00293483
0.470535 0.022593 0.00308111
0.491555 0.0226604 0.00320659
0.51237 0.0227291 0.00330037
0.533 0.0227983 0.0033516
0.553503 0.0228671 0.003356
0.573956 0.0229348 0.00331112
0.594423 0.0230007 0.00322094
0.614935 0.0230641 0.00308692
0.635502 0.0231239 0.00290991
0.656112 0.0231793 0.00268963
0.676747 0.0232295 0.00243163
0.697355 0.0232737 0.00214413
0.717914 0.0233115 0.00184051
0.738424 0.0233431 0.00153761
0.758902 0.0233687 0.00125048
0.779376 0.0233891 0.000999287
0.79988 0.0234056 0.000803028
0.820456 0.0234194 0.000671846
0.841133 0.023432 0.000608827
0.861758 0.0234446 0.000611023
0.882337 0.0234584 0.000668836
0.902882 0.0234744 0.000777971
0.92343 0.0234934 0.000926565
0.944016 0.0235161 0.00110151
0.964658 0.0235427 0.00128693
0.985362 0.023573 0.00146379
1.00613 0.0236063 0.00160786
1.02693 0.0236416 0.00169555
1.04778 0.0236772 0.00170511
1.06865 0.023711 0.00161904
1.08958 0.0237409 0.0014292
1.1106 0.0237648 0.00113802
1.13161 0.0237808 0.000762503
1.15262 0.0237877 0.000325289
1.17356 0.0237846 -0.000147222
1.19447 0.0237715 -0.000623022
1.21539 0.0237492 -0.00106579
1.2364 0.0237187 -0.00145467
1.25758 0.0236811 -0.00177602
1.27898 0.0236378 -0.0020199
1.30035 0.0235914 -0.00217405
1.32169 0.023544 -0.00222206
1.34295 0.0234981 -0.00215896
1.36413 0.0234562 -0.00197456
1.38506 0.0234212 -0.00167472
1.40581 0.0233948 -0.00127385
1.42643 0.0233764 -0.000888187
1.447 0.023367 -0.000459288
1.46754 0.023367 1.00085e-06
1.48803 0.0233762 0.000448759
1.50844 0.0233931 0.00082825
1.52873 0.023415 0.00107706
1.54892 0.0234383 0.00115336
1.56896 0.023459 0.00103683
1.58878 0.0234733 0.000717728
1.60845 0.0234773 0.000203431
1.62811 0.0234678 -0.000482386
1.64786 0.0234418 -0.00131394
1.66765 0.0233974 -0.00224344
1.68746 0.0233339 -0.00320924
1.70722 0.0232515 -0.00416573
1.72659 0.0231537 -0.00505157
1.74583 0.0230418 -0.00581721
1.76444 0.0229223 -0.00642098
1.78181 0.0228039 -0.00681381
1.79882 0.0226849 -0.00699865
1.81611 0.0225645 -0.00696352
1.83403 0.0224445 -0.00669508
1.85228 0.0223317 -0.00618244
1.87123 0.0222289 -0.00542633
1.8906 0.0221423 -0.00446499
1.91077 0.0220754 -0.00332143
1.93048 0.0220341 -0.0020947
1.9495 0.0220174 -0.000877307
1.96852 0.0220228 0.000285182
1.98752 0.0220476 0.00130552
2.0064 0.0220876 0.00212016
2.02493 0.0221374 0.0026872
2.04324 0.0221921 0.00298729
2.06185 0.0222482 0.00301266
2.07981 0.022298 0.00277439
2.09759 0.0223386 0.002282
2.11552 0.0223663 0.0015436
2.13412 0.0223768 0.000563647
2.15339 0.0223647 -0.000623841
2.17261 0.0223272 -0.00195316
2.19161 0.0222636 -0.00334838
2.21026 0.0221747 -0.00476838
2.22948 0.022055 -0.00622297
2.24752 0.0219194 -0.00751484
2.26496 0.0217695 -0.0085967
2.28243 0.0216068 -0.00931733
2.30024 0.0214334 -0.00973449
2.31865 0.0212536 -0.00977091
2.33703 0.0210807 -0.00940133
2.35505 0.0209244 -0.00867188
2.3732 0.0207864 -0.00760262
2.39152 0.0206727 -0.00621085
2.41008 0.0205887 -0.00452283
2.42837 0.0205413 -0.00259169
2.4467 0.0205336 -0.000423443
2.46489 0.020566 0.00178262
2.48332 0.0206408 0.00406176
2.50171 0.0207572 0.00632734
2.51986 0.0209108 0.00846179
2.53771 0.0210966 0.0104084
2.55555 0.0213122 0.0120887
2.57344 0.0215516 0.0133833
2.59145 0.0218078 0.0142186
2.60906 0.0220634 0.014516
2.62676 0.0223167 0.0143139
2.64486 0.0225629 0.0136024
2.66352 0.0227944 0.012407
2.68225 0.0229941 0.0106619
2.70112 0.0231534 0.00844001
2.71944 0.023262 0.00592988
2.73778 0.0233216 0.00325018
2.75639 0.0233281 0.000344909
2.77459 0.0232806 -0.002607
2.79284 0.0231794 -0.00554818
2.8114 0.0230237 -0.00838266
2.82894 0.0228339 -0.0108231
2.84604 0.0226148 -0.0128124
2.86318 0.0223696 -0.0143095
2.88064 0.0221027 -0.0152831
2.89865 0.0218211 -0.015642
2.91685 0.02154 -0.0154388
2.93483 0.0212799 -0.0144701
2.95332 0.0210422 -0.0128524
2.97259 0.0208404 -0.0104723
2.99158 0.0206987 -0.0074607
3.01031 0.0206246 -0.00395526
3.02891 0.0206234 -6.57841e-05
3.04701 0.0206936 0.0038777
3.06549 0.0208409 0.00797499
3.08367 0.0210578 0.0119228
3.10223 0.0213475 0.0156107
3.12072 0.0216936 0.0187227
3.13903 0.0220809 0.0211427
3.15693 0.0224882 0.0227557
3.17468 0.022906 0.0235516
3.19277 0.0233306 0.0234614
3.21114 0.0237429 0.022449
3.22987 0.0241272 0.020516
3.24851 0.0244569 0.0176935
3.26696 0.0247174 0.0141168
3.28466 0.0248967 0.0101284
3.30211 0.0249968 0.00573457
3.31898 0.0250172 0.00120955
3.33635 0.0249548 -0.00359067
3.35295 0.0248205 -0.00808759
3.37002 0.0246117 -0.0122367
3.38713 0.024338 -0.0159965
3.40356 0.0240241 -0.0190995
3.41938 0.023684 -0.0215103
3.43577 0.0233016 -0.0233208
3.45334 0.0228733 -0.024374
3.4714 0.0224312 -0.0244759
3.4893 0.0220095 -0.0235721
3.50745 0.0216165 -0.0216528
3.5254 0.0212781 -0.0188504
3.54419 0.0209941 -0.0151162
3.56275 0.0207921 -0.0108826
3.581 0.0206779 -0.0062551
3.59843 0.0206517 -0.00150668
3.61585 0.0207093 0.00330815
3.63282 0.0208426 0.00785516
3.6504 0.0210589 0.0122977
3.66765 0.0213381 0.0161898
3.68534 0.0216838 0.0195416
3.70247 0.0220616 0.0220619
3.71915 0.0224588 0.0238094
3.73599 0.0228755 0.0247401
3.75369 0.0233141 0.024791
3.77119 0.0237321 0.0238821
3.78857 0.0241157 0.0220648
3.80689 0.0244675 0.0192052
3.82525 0.0247528 0.0155422
3.84345 0.024957 0.0112178
3.86077 0.025073 0.00669803
3.8774 0.0251076 0.00207895
3.8946 0.0250608 -0.00272288
3.91196 0.0249314 -0.00744843
3.92892 0.024731 -0.011813
3.94564 0.0244698 -0.0156269
3.9635 0.0241288 -0.0190923
3.98168 0.0237315 -0.02186
3.99864 0.023329 -0.0237317
4.01601 0.0228972 -0.0248465
4.03506 0.0224202 -0.0250408
4.05422 0.0219576 -0.0241485
4.07365 0.0215268 -0.0221688
4.0929 0.0211573 -0.0191975
4.11134 0.0208699 -0.0155876
4.12962 0.0206615 -0.0113999
4.14736 0.0205387 -0.00692256
4.16583 0.0205019 -0.00199067
4.18391 0.0205538 0.00286696
4.2015 0.0206852 0.00747615
4.21886 0.0208897 0.0117735
4.23597 0.0211555 0.0155384
4.2544 0.0215033 0.0188736
4.27257 0.0218909 0.021333
4.29042 0.0223 0.0229175
4.30851 0.0227261 0.0235492
4.32745 0.0231645 0.0231546
4.34645 0.0235758 0.0216467
4.36522 0.0239349 0.0191226
4.38368 0.0242256 0.0157535
4.40204 0.0244396 0.011655
4.4202 0.024568 0.00706578
4.43802 0.0246083 0.00226431
4.45604 0.0245587 -0.002751
4.47412 0.0244201 -0.00766686
4.49147 0.0242097 -0.0121298
4.50927 0.0239208 -0.0162307
4.52669 0.023578 -0.0196706
4.54573 0.0231468 -0.0226474
4.56404 0.0226955 -0.0246547
4.5822 0.022228 -0.0257469
4.60135 0.0217333 -0.0258298
4.62071 0.0212537 -0.0247688
4.64015 0.020815 -0.0225718
4.6592 0.020446 -0.0193728
4.67789 0.0201572 -0.0154423
4.69642 0.0199546 -0.010943
4.71483 0.0198434 -0.00603815
4.73285 0.0198261 -0.000959058
4.75069 0.019899 0.00408501
4.76828 0.0200555 0.00889919
4.78621 0.0202967 0.0134472
4.80389 0.0206038 0.0173751
4.82247 0.0209902 0.0207937
4.84042 0.0214085 0.0233063
4.85875 0.0218663 0.0249756
4.87734 0.0223433 0.0256539
4.89627 0.0228213 0.025255
4.91525 0.0232725 0.0237708
4.93432 0.0236769 0.0212081
4.95276 0.0240054 0.0178149
4.97107 0.0242558 0.0136739
4.9895 0.0244217 0.0089979
5.00708 0.0244962 0.0042428
5.02428 0.0244858 -0.000604122
5.04175 0.0243911 -0.00542344
5.05936 0.0242147 -0.010015
5.07718 0.0239614 -0.0142152
5.09456 0.0236526 -0.0177671
5.11371 0.0232531 -0.020865
5.13194 0.0228347 -0.0229458
5.14965 0.0224082 -0.0240904
5.16868 0.0219466 -0.0242547
5.18809 0.0214946 -0.0232818
5.20759 0.0210819 -0.0211664
5.22636 0.0207423 -0.0180898
5.24514 0.0204747 -0.0142536
5.264 0.02029 -0.00979541
5.28261 0.0201978 -0.00495178
5.30056 0.020198 1.17507e-05
5.31847 0.0202869 0.00495842
5.33618 0.0204583 0.0096867
5.35421 0.0207133 0.0141373
5.37185 0.0210297 0.0179403
5.39073 0.0214312 0.021266
5.40902 0.0218637 0.0236486
5.42754 0.0223295 0.0251547
5.4463 0.0228108 0.0256467
5.46516 0.0232833 0.0250478
5.4841 0.0237256 0.0233554
5.50312 0.0241174 0.0206019
5.52137 0.0244289 0.0170726
5.53968 0.0246634 0.012802
5.55803 0.024811 0.00804849
5.57608 0.0248668 0.00308776
5.59372 0.024833 -0.00191287
5.61181 0.0247082 -0.0069017
5.62879 0.0245162 -0.0113089
5.64642 0.0242449 -0.0153854
5.66393 0.0239152 -0.0188245
5.68263 0.0235094 -0.0217045
5.70084 0.0230789 -0.0236452
5.71883 0.0226357 -0.0246329
5.73795 0.0221655 -0.024587
5.75746 0.0217091 -0.0234013
5.77704 0.0212961 -0.0210887
5.79555 0.0209645 -0.0179176
5.81443 0.020701 -0.0139558
5.83335 0.0205229 -0.00940987
5.85193 0.0204388 -0.00452906
5.86963 0.0204452 0.000360653
5.88756 0.0205401 0.00529265
5.90529 0.0207165 0.00994831
5.92387 0.0209837 0.0143768
5.94214 0.0213145 0.0181154
5.96069 0.0217075 0.0211879
5.97925 0.0221417 0.0233875
5.9975 0.0225909 0.0246169
6.01635 0.0230593 0.02485
6.03521 0.0235117 0.0239823
6.05417 0.0239294 0.0220335
6.07321 0.0242917 0.0190279
6.0918 0.0245751 0.0152469
6.11036 0.0247746 0.0107441
6.12828 0.0248821 0.00600506
6.1456 0.0249019 0.00114065
6.16269 0.0248384 -0.00371663
6.18079 0.0246812 -0.00868423
6.19806 0.0244558 -0.0130522
6.21544 0.0241614 -0.016939
6.23325 0.0238005 -0.020266
6.25217 0.0233658 -0.0229704
6.27055 0.0229115 -0.024714
6.28914 0.0224381 -0.0254764
6.30842 0.021953 -0.0251584
6.32792 0.0214911 -0.0236841
6.34753 0.0210773 -0.0211
6.36567 0.0207546 -0.0177888
6.38428 0.0204994 -0.0137164
6.40271 0.0203304 -0.00916587
6.4211 0.0202524 -0.00424316
6.43859 0.0202633 0.00062086
6.45695 0.0203671 0.00565678
6.47466 0.0205492 0.0102785
6.49267 0.0208111 0.014545
6.5109 0.0211433 0.0182249
6.52973 0.0215435 0.0212553
6.54811 0.0219727 0.023346
6.56631 0.0224181 0.0244789
6.58526 0.0228847 0.0246136
6.60421 0.023333 0.023656
6.62327 0.023745 0.0216207
6.6424 0.0240995 0.0185344
6.66121 0.024375 0.0146414
6.67992 0.0245635 0.0100763
6.69763 0.0246591 0.00539669
6.71489 0.024669 0.000574967
6.7321 0.024596 -0.00423875
6.75015 0.0244318 -0.00909913
6.76766 0.0241967 -0.0134315
6.7851 0.0238963 -0.0172225
6.80337 0.0235215 -0.0205066
6.82182 0.0230969 -0.0230176
6.84004 0.0226486 -0.0246152
6.8586 0.0221801 -0.0252318
6.87793 0.0217018 -0.0247482
6.89739 0.0212522 -0.0230978
6.91699 0.0208537 -0.0203305
6.93498 0.0205496 -0.0169098
6.95343 0.0203144 -0.0127492
6.97148 0.0201664 -0.00819659
6.98968 0.0201072 -0.00325421
7.00753 0.0201377 0.00171119
7.02609 0.0202634 0.00676761
7.04346 0.0204595 0.0112933
7.06111 0.020732 0.015438
7.07954 0.0210836 0.0190839
7.09866 0.0215052 0.0220455
7.11706 0.0219473 0.0240216
7.13545 0.0224077 0.0250423
7.15442 0.0228831 0.0250597
7.17341 0.0233387 0.0239839
7.19249 0.0237555 0.021844
7.21155 0.0241117 0.0186947
7.23034 0.024389 0.0147565
7.249 0.0245802 0.0102478
7.26656 0.0246805 0.00571473
7.28352 0.0246999 0.00114074
7.30061 0.0246416 -0.00341002
7.31832 0.0244995 -0.00802357
7.33616 0.0242806 -0.0122683
7.35362 0.0240028 -0.0159078
7.37237 0.0236454 -0.0190711
7.39071 0.0232537 -0.0213517
7.40879 0.0228429 -0.0227244
7.42742 0.0224118 -0.0231345
7.4469 0.0219745 -0.0224561
7.46658 0.0215683 -0.0206292
7.48635 0.0212182 -0.0177145
7.50467 0.0209581 -0.0142019
7.52314 0.0207725 -0.0100483
7.54102 0.0206729 -0.00557203
7.55966 0.0206617 -0.000598783
7.57767 0.0207385 0.00426253
7.59621 0.0209079 0.00914059
7.61372 0.0211443 0.0134989
7.63122 0.0214485 0.0173803
7.65014 0.0218424 0.0208216
7.6692 0.0222888 0.0234169
7.68784 0.0227556 0.025036
7.70651 0.0232341 0.0256327
7.72528 0.0237062 0.0251619
7.74413 0.024151 0.023594
7.76309 0.0245482 0.0209484
7.78137 0.0248672 0.0174497
7.7996 0.0251084 0.0132273
7.81777 0.0252623 0.00847174
7.83574 0.0253243 0.00345244
7.8539 0.0252914 -0.00180951
7.87186 0.0251673 -0.00691115
7.88878 0.0249733 -0.0114644
7.90628 0.0246988 -0.0156886
7.92348 0.0243675 -0.0192564
7.94249 0.0239417 -0.0224087
7.9607 0.0234939 -0.0245929
7.97887 0.0230237 -0.0258734
7.99805 0.0225218 -0.0261599
8.01753 0.0220284 -0.0253247
8.03712 0.021571 -0.0233602
8.05665 0.0211738 -0.0203372
8.07498 0.0208675 -0.0167081
8.09329 0.0206397 -0.0124388
8.11109 0.0204999 -0.00785068
8.12971 0.020448 -0.00278774
8.14779 0.0204875 0.00218151
8.16578 0.0206135 0.00700337
8.18343 0.0208155 0.0114508
8.20091 0.0210844 0.0153788
8.21954 0.021435 0.0188177
8.23797 0.0218289 0.021374
8.25592 0.022242 0.0230152
8.27413 0.0226738 0.0237124
8.29308 0.0231167 0.0233746
8.31209 0.0235338 0.0219367
8.33125 0.0239057 0.0194191
8.34983 0.0242039 0.0160457
8.36822 0.0244237 0.0119507
8.38651 0.024558 0.00734289
8.40431 0.0246034 0.00254975
8.42204 0.0245607 -0.00240651
8.4398 0.0244316 -0.00726668
8.45764 0.0242202 -0.011855
8.47565 0.0239319 -0.0160021
8.49313 0.0235919 -0.019451
8.51239 0.0231594 -0.0224549
8.53078 0.0227096 -0.0244654
8.54919 0.0222392 -0.0255475
8.56849 0.0217455 -0.0255909
8.58795 0.0212687 -0.0244917
8.60747 0.0208345 -0.0222434
8.62643 0.0204739 -0.019016
8.64522 0.0201912 -0.015052
8.66391 0.0199948 -0.0105053
8.68248 0.0198915 -0.0055607
8.70031 0.0198818 -0.000547516
8.71822 0.0199621 0.0044866
8.73599 0.0201271 0.00928475
8.75434 0.020381 0.0138363
8.7726 0.0207052 0.0177561
8.79115 0.0210957 0.0210457
8.80927 0.0215205 0.023451
8.82757 0.0219776 0.024972
8.84636 0.0224571 0.0255172
8.86534 0.0229308 0.0249673
8.88439 0.0233755 0.0233344
8.90353 0.0237702 0.0206197
8.92195 0.0240853 0.0171103
8.94034 0.0243218 0.0128566
8.95877 0.0244715 0.00812574
8.97698 0.0245293 0.00317246
8.99485 0.0244966 -0.0018292
9.01307 0.0243729 -0.00678929
9.0304 0.0241782 -0.0112366
9.04825 0.0239046 -0.0153286
9.06602 0.023571 -0.0187733
9.0845 0.0231721 -0.0215863
9.10247 0.0227501 -0.0234777
9.12033 0.0223138 -0.0244369
9.13953 0.0218462 -0.0243513
9.15899 0.0213965 -0.0231081
9.17857 0.0209905 -0.0207353
9.19698 0.0206681 -0.0175145
9.21594 0.0204125 -0.0134761
9.23486 0.0202445 -0.00888207
9.25332 0.020171 -0.00398291
9.27079 0.0201863 0.000875111
9.28896 0.0202931 0.00588044
9.30657 0.0204784 0.0105197
9.32499 0.0207532 0.0149193
