t x vx
0.01 0.018109 -0.00409674
0.02 0.0180213 -0.00876968
0.0228549 0.0179927 -0.0100462
0.0259274 0.0179576 -0.0113937
0.0290225 0.0179184 -0.0126817
0.0321487 0.0178749 -0.0139113
0.0352986 0.0178274 -0.0150712
0.0384799 0.017776 -0.0161595
0.0416815 0.0177211 -0.0171622
0.0449074 0.0176628 -0.0180717
0.0481492 0.0176016 -0.0188764
0.0514093 0.0175378 -0.019568
0.0546797 0.0174719 -0.0201392
0.05796 0.0174044 -0.0205812
0.0612484 0.0173357 -0.0208838
0.0645408 0.0172665 -0.0210356
0.0678404 0.0171971 -0.0210303
0.0711408 0.0171283 -0.0208596
0.0744371 0.0170606 -0.0205233
0.0776794 0.0169957 -0.0200304
0.0807766 0.0169355 -0.0194127
0.0839031 0.0168772 -0.0186437
0.0870509 0.0168215 -0.017723
0.0901042 0.0167705 -0.0166874
0.0931908 0.0167226 -0.0155155
0.0961606 0.0166802 -0.0142901
0.09914 0.0166415 -0.0129659
0.102187 0.0166065 -0.0115033
0.105117 0.0165772 -0.00999181
0.107978 0.0165531 -0.00842369
0.11086 0.0165335 -0.00678886
0.11371 0.0165189 -0.0051398
0.116526 0.0165091 -0.00347686
0.119288 0.0165041 -0.0018219
0.12206 0.0165037 -0.000145569
0.124859 0.0165081 0.00156485
0.127641 0.0165172 0.00327793
0.130387 0.0165308 0.00497573
0.133117 0.016549 0.00665634
0.135854 0.0165718 0.00831953
0.138703 0.0166003 0.0100077
0.141695 0.0166353 0.0117095
0.144656 0.0166747 0.0133093
0.147578 0.016718 0.0148016
0.15049 0.0167652 0.0162008
0.153383 0.0168158 0.0175125
0.156255 0.0168696 0.0187403
0.159105 0.0169263 0.019888
0.161935 0.0169856 0.0209608
0.164747 0.0170474 0.0219563
0.167539 0.0171113 0.022873
0.170314 0.0171771 0.0237095
0.173074 0.0172446 0.0244606
0.175821 0.0173136 0.0251208
0.178555 0.0173838 0.0256864
0.18128 0.0174551 0.0261593
0.183999 0.0175272 0.0265365
0.186713 0.0176 0.0268093
0.189426 0.0176732 0.0269713
0.192141 0.0177465 0.0270266
0.19486 0.0178199 0.0269923
0.197588 0.0178932 0.0268582
0.200325 0.0179661 0.0266143
0.203076 0.0180383 0.0262667
0.205843 0.0181097 0.0258052
0.208629 0.0181799 0.0252051
0.211436 0.0182486 0.0244535
0.214263 0.0183152 0.0235602
0.217019 0.0183774 0.0225818
0.219746 0.0184361 0.0215352
0.2225 0.0184924 0.0204149
0.225321 0.0185465 0.019199
0.228186 0.0185977 0.0178737
0.231014 0.0186443 0.016481
0.233824 0.0186866 0.01503
0.236659 0.0187248 0.013496
0.239497 0.0187586 0.0118926
0.242223 0.0187866 0.0102949
0.244872 0.0188097 0.00869467
0.247542 0.0188285 0.00703806
0.250304 0.018843 0.00527855
0.253204 0.0188529 0.00338344
0.25583 0.0188572 0.00166453
0.258587 0.0188568 -0.000143457
0.261529 0.0188507 -0.0020762
0.264505 0.0188388 -0.00402159
0.267532 0.0188206 -0.00599612
0.270634 0.0187957 -0.00802347
0.273798 0.0187637 -0.0101096
0.276967 0.018725 -0.0122224
0.280146 0.0186794 -0.0143577
0.28318 0.0186296 -0.0164047
0.286035 0.0185772 -0.0183394
0.288768 0.018522 -0.0201981
0.291406 0.018464 -0.021987
0.293977 0.0184031 -0.0237172
0.296505 0.0183388 -0.0254004
0.299015 0.0182709 -0.0270506
0.301535 0.0181986 -0.0286897
0.30409 0.0181211 -0.0303414
0.306713 0.0180371 -0.0320305
0.309449 0.0179447 -0.0337864
0.312167 0.0178481 -0.0355387
0.31496 0.0177438 -0.0373384
0.317913 0.017628 -0.0392036
0.320421 0.0175257 -0.0407786
0.322359 0.0174444 -0.0419908
0.324202 0.0173649 -0.0431049
0.32598 0.0172864 -0.0441406
0.327778 0.0172053 -0.0451443
0.329666 0.0171181 -0.0461484
0.33176 0.0170193 -0.0471957
0.3342 0.0169014 -0.0483156
0.336719 0.016777 -0.0493794
0.339019 0.0166614 -0.0502787
0.341201 0.01655 -0.0510524
0.343338 0.0164395 -0.0517156
0.34551 0.0163259 -0.0522811
0.347793 0.0162055 -0.0527557
0.350304 0.0160721 -0.0531279
0.352963 0.0159302 -0.0533441
0.355544 0.0157925 -0.0533766
0.357693 0.0156779 -0.0533172
0.360131 0.0155485 -0.0530684
0.362538 0.0154214 -0.0527988
0.365195 0.0152829 -0.0521574
0.367848 0.0151466 -0.051339
0.370421 0.015017 -0.0503734
0.37296 0.014892 -0.049254
0.37546 0.014772 -0.047991
0.377917 0.0146575 -0.0465904
0.380335 0.0145486 -0.0450653
0.382801 0.0144416 -0.0433678
0.385387 0.0143345 -0.0414327
0.387936 0.0142341 -0.0393685
0.390148 0.014151 -0.0375527
0.392202 0.0140777 -0.0357394
0.394215 0.0140094 -0.0338839
0.396279 0.0139436 -0.0319215
0.398485 0.0138779 -0.0297784
0.400914 0.0138113 -0.0273848
0.40341 0.0137492 -0.0249013
0.405904 0.0136933 -0.0224042
0.408386 0.0136439 -0.0199094
0.410719 0.0136029 -0.0175588
0.412921 0.0135692 -0.0153386
0.41508 0.0135407 -0.0131637
0.417302 0.0135164 -0.0109378
0.419632 0.0134963 -0.00863289
0.421611 0.013483 -0.00671393
0.423251 0.0134746 -0.00515259
