t x vx
0.01 0.0181415 -0.000849616
0.02 0.0181229 -0.00185557
0.0264888 0.0181068 -0.0024936
0.0330763 0.0180862 -0.00312835
0.0397472 0.0180611 -0.00375418
0.0465068 0.0180316 -0.00436854
0.0533512 0.0179976 -0.00496905
0.0602766 0.0179591 -0.0055523
0.0672933 0.0179162 -0.00611635
0.0743786 0.017869 -0.00665619
0.081542 0.0178177 -0.00716897
0.0887755 0.0177624 -0.0076507
0.0960632 0.0177033 -0.00809691
0.103401 0.0176409 -0.00850384
0.110782 0.0175755 -0.00886753
0.118194 0.0175074 -0.00918409
0.125638 0.0174371 -0.00945034
0.133113 0.0173648 -0.00966224
0.140609 0.0172913 -0.00981636
0.148107 0.017217 -0.00991004
0.155581 0.0171426 -0.00994179
0.162968 0.0170694 -0.00991373
0.170287 0.0169975 -0.00982853
0.177587 0.0169268 -0.0096891
0.184822 0.016858 -0.00949757
0.192018 0.0167915 -0.00925266
0.199166 0.0167274 -0.00895622
0.206174 0.016667 -0.00861801
0.213145 0.0166096 -0.00823766
0.220097 0.0165553 -0.00781623
0.22731 0.0165024 -0.00733631
0.234276 0.0164548 -0.00683088
0.241057 0.0164121 -0.00630063
0.247992 0.0163723 -0.00572713
0.255016 0.0163364 -0.00512155
0.261986 0.016305 -0.00449938
0.269048 0.0162778 -0.00385252
0.276023 0.0162555 -0.00320101
0.282725 0.0162383 -0.00256298
0.289284 0.0162256 -0.00193115
0.295926 0.0162171 -0.0012887
0.302801 0.0162128 -0.000626535
0.309891 0.0162131 4.67094e-05
0.317105 0.0162182 0.000713753
0.324561 0.0162285 0.00137419
0.33195 0.0162432 0.00199664
0.339263 0.0162621 0.0025807
0.346512 0.0162848 0.00312751
0.353707 0.0163109 0.00363151
0.360857 0.0163401 0.00408809
0.367969 0.0163721 0.00449516
0.375052 0.0164065 0.00485055
0.382112 0.0164429 0.00515464
0.389156 0.0164809 0.00540796
0.396173 0.0165203 0.0056098
0.40317 0.0165606 0.00576067
0.410154 0.0166016 0.00586279
0.417132 0.0166428 0.00591568
0.424109 0.0166841 0.0059181
0.431093 0.0167251 0.00586895
0.43809 0.0167655 0.00576526
0.444963 0.016804 0.00560963
0.451703 0.0168405 0.00540574
0.458376 0.0168748 0.00515319
0.465034 0.0169071 0.00485022
0.471709 0.0169371 0.00449354
0.478193 0.0169637 0.00409909
0.484417 0.0169866 0.00367416
0.490546 0.0170063 0.00321162
0.496688 0.0170229 0.00270378
0.502955 0.0170363 0.00214096
0.50946 0.0170461 0.00150658
0.516196 0.0170515 0.000798201
0.523125 0.0170516 2.05513e-05
0.530072 0.017046 -0.000803211
0.536731 0.0170352 -0.00162771
0.543888 0.0170169 -0.00255461
0.551089 0.0169916 -0.00351484
0.558253 0.0169594 -0.00448966
0.565375 0.0169205 -0.00546685
0.572449 0.0168749 -0.00644022
0.579474 0.0168228 -0.00741641
0.586452 0.0167642 -0.00839598
0.593385 0.0166992 -0.00938137
0.600262 0.0166278 -0.0103797
0.607067 0.0165504 -0.0113825
0.613802 0.016467 -0.0123772
0.620465 0.016378 -0.0133572
0.627058 0.0162836 -0.0143198
0.633584 0.016184 -0.0152612
0.640045 0.0160795 -0.0161785
0.646442 0.0159703 -0.0170683
0.652776 0.0158567 -0.0179255
0.659053 0.0157391 -0.0187466
0.665275 0.0156175 -0.0195309
0.671449 0.0154924 -0.0202763
0.677561 0.0153641 -0.0209774
0.683612 0.0152333 -0.0216282
0.689605 0.0151001 -0.0222242
0.695542 0.0149649 -0.0227632
0.70142 0.0148283 -0.0232429
0.707243 0.0146906 -0.0236607
0.713013 0.014552 -0.0240095
0.718734 0.0144131 -0.0242823
0.724409 0.0142742 -0.0244786
0.730041 0.0141356 -0.024603
0.735633 0.0139977 -0.0246614
0.741185 0.0138608 -0.0246499
0.746703 0.0137254 -0.0245563
0.752194 0.0135915 -0.0243754
0.757667 0.0134596 -0.0241089
0.759854 0.013407 -0.0240138
0.762041 0.0133548 -0.0238956
0.764234 0.0133027 -0.0237666
0.76643 0.0132508 -0.0236244
0.768627 0.0131992 -0.0234674
0.770828 0.013148 -0.0232969
0.772991 0.0130979 -0.0231182
0.77512 0.0130491 -0.0229323
0.777233 0.0130011 -0.0227381
0.779349 0.0129534 -0.022534
0.781488 0.0129056 -0.0223174
0.783646 0.012858 -0.0220882
0.7858 0.0128109 -0.0218485
0.787954 0.0127644 -0.0215976
0.790109 0.0127184 -0.0213356
0.792265 0.012673 -0.021063
0.79442 0.0126282 -0.0207804
0.796572 0.0125842 -0.0204778
0.798726 0.0125408 -0.0201442
0.800888 0.012498 -0.0197779
0.803017 0.0124567 -0.0193857
0.805092 0.0124174 -0.0189729
0.807122 0.0123797 -0.0185391
0.809062 0.0123446 -0.0180974
0.810934 0.0123116 -0.0176459
0.812768 0.0122801 -0.0171801
0.814588 0.0122497 -0.0166957
0.816408 0.0122202 -0.0161894
0.818239 0.0121916 -0.0156588
0.820086 0.0121637 -0.015102
0.821903 0.0121373 -0.0145326
0.823708 0.0121121 -0.0139446
0.825516 0.012088 -0.0133342
0.82734 0.0120648 -0.0126982
0.82919 0.0120426 -0.0120349
0.831072 0.0120212 -0.0113435
0.832849 0.0120022 -0.0106762
0.834523 0.0119854 -0.0100354
0.836139 0.0119702 -0.00940602
0.837737 0.0119562 -0.00877394
0.839349 0.0119431 -0.00812582
0.841011 0.0119307 -0.00744987
0.842761 0.011919 -0.00673257
0.844649 0.0119077 -0.00595515
0.846743 0.0118971 -0.00508884
0.848852 0.0118882 -0.0042107
0.850886 0.0118813 -0.00335978
0.852864 0.0118763 -0.002531
0.8548 0.011873 -0.00172104
0.856716 0.0118712 -0.000922218
0.858634 0.011871 -0.000123996
0.860581 0.0118723 0.00068415
0.862503 0.0118752 0.00147373
0.864432 0.0118795 0.00225546
0.866457 0.0118857 0.00306789
0.868453 0.0118934 0.00385942
0.870423 0.0119026 0.00463198
0.872365 0.011913 0.00538125
0.874283 0.0119247 0.00610764
0.876182 0.0119377 0.00681299
0.878061 0.0119518 0.00749922
0.879926 0.011967 0.00816939
0.881776 0.0119833 0.00882047
0.883613 0.0120007 0.00945024
0.885434 0.012019 0.0100582
0.887241 0.0120382 0.010646
0.889034 0.0120583 0.0112154
0.890814 0.0120793 0.011768
0.892582 0.012101 0.0123058
0.894338 0.0121236 0.01283
0.896085 0.0121469 0.0133414
0.897821 0.0121709 0.0138398
0.899549 0.0121956 0.0143254
0.901267 0.0122211 0.0147977
0.902976 0.0122472 0.0152571
0.904677 0.0122739 0.0157044
0.90637 0.0123012 0.0161407
0.908056 0.0123291 0.0165662
0.909734 0.0123576 0.0169809
0.911405 0.0123867 0.0173843
0.913069 0.0124162 0.0177763
0.914726 0.0124463 0.0181567
0.916377 0.0124769 0.0185259
0.91802 0.0125079 0.0188839
0.919657 0.0125394 0.0192312
0.921287 0.0125713 0.0195684
0.922911 0.0126036 0.0198954
0.924528 0.0126363 0.0202115
0.926139 0.0126694 0.0205171
0.927744 0.0127028 0.0208198
0.929343 0.0127366 0.0211252
0.930936 0.0127707 0.0214331
0.932524 0.0128052 0.0217433
0.934105 0.0128401 0.0220556
0.935682 0.0128754 0.0223697
0.937253 0.012911 0.0226858
0.93882 0.0129471 0.0230036
0.940382 0.0129835 0.0233233
0.941939 0.0130203 0.0236447
0.943492 0.0130575 0.023968
0.945041 0.0130952 0.0242924
0.946586 0.0131332 0.0246181
0.948126 0.0131716 0.0249451
0.949663 0.0132104 0.0252735
0.951195 0.0132497 0.0256037
0.952724 0.0132893 0.025936
0.954249 0.0133294 0.0262705
0.955769 0.0133698 0.026607
0.957285 0.0134107 0.0269454
0.958796 0.0134519 0.0272858
0.960303 0.0134936 0.0276287
0.96406 0.0136008 0.0285396
0.967804 0.013711 0.0294542
0.971755 0.0138312 0.0304146
0.975674 0.0139543 0.031395
0.979583 0.0140808 0.0323765
0.983474 0.0142107 0.0333759
0.987354 0.0143441 0.0343852
0.99113 0.0144777 0.0353868
0.994833 0.0146125 0.0363884
0.998496 0.0147495 0.0373986
1.00213 0.0148892 0.0384175
1.00575 0.0150318 0.0394431
1.00934 0.0151771 0.0404743
1.01291 0.0153253 0.0415081
1.01646 0.0154762 0.0425481
1.01998 0.0156299 0.043594
1.02349 0.0157865 0.0446473
1.02698 0.0159461 0.045706
1.03046 0.0161086 0.0467691
1.03392 0.0162743 0.0478356
1.03737 0.016443 0.0489059
1.04081 0.016615 0.0499785
1.04424 0.0167903 0.0510515
1.04767 0.0169691 0.0521231
1.0511 0.0171514 0.0531927
1.05453 0.0173375 0.0542581
1.05797 0.0175276 0.0553163
1.06142 0.0177223 0.0563652
1.06491 0.0179223 0.0574026
1.06844 0.0181285 0.0584279
1.07203 0.0183422 0.0594353
1.07562 0.018559 0.0603976
1.07919 0.0187776 0.0613125
1.08271 0.0189969 0.0621727
1.08621 0.0192169 0.0629735
1.08964 0.0194355 0.063706
1.09299 0.0196512 0.0643625
1.09429 0.0197355 0.0646478
1.09556 0.0198178 0.0649853
1.0967 0.0198921 0.0652913
1.09783 0.0199663 0.0655934
1.09892 0.0200379 0.0658778
1.09999 0.0201091 0.0661545
1.10106 0.0201803 0.0664207
1.10214 0.0202518 0.0666774
1.10321 0.0203239 0.0669234
1.10429 0.020396 0.0671557
1.10535 0.0204673 0.0673596
1.10638 0.0205374 0.0675288
1.10741 0.0206065 0.0676638
1.10841 0.0206744 0.0677643
1.10939 0.0207412 0.0678305
1.11036 0.0208066 0.0678615
1.1113 0.0208707 0.0678574
1.11223 0.0209335 0.0678179
1.11313 0.020995 0.0677423
1.11403 0.0210553 0.067629
1.11489 0.0211138 0.0674777
1.11574 0.0211707 0.0672877
1.11656 0.0212261 0.0670572
1.11737 0.0212798 0.0667844
1.11815 0.0213319 0.0664687
1.11891 0.0213821 0.0661102
1.11965 0.0214303 0.0657093
1.12036 0.0214767 0.0652665
1.12105 0.0215213 0.0647809
1.12172 0.0215645 0.0642498
1.12237 0.0216063 0.0636679
1.12302 0.0216469 0.0630333
1.12365 0.0216863 0.0623365
1.12427 0.0217247 0.0615651
1.12489 0.021762 0.0607106
1.1255 0.0217984 0.0597634
1.1261 0.0218339 0.0587144
1.12671 0.0218687 0.0575506
