t x vx
0.01 0.0181189 -0.0031136
0.02 0.0180518 -0.00670335
0.0240923 0.0180185 -0.00813563
0.0284554 0.0179768 -0.00956822
0.032879 0.0179284 -0.0109293
0.0373588 0.0178738 -0.0121953
0.041867 0.0178136 -0.0133544
0.0464157 0.0177481 -0.0143958
0.0510065 0.0176779 -0.0153062
0.0556256 0.0176036 -0.0160664
0.0602613 0.0175264 -0.0166596
0.0648991 0.0174473 -0.017068
0.0695338 0.0173672 -0.0172732
0.0741661 0.0172872 -0.0172629
0.0787833 0.0172086 -0.0170332
0.0833802 0.0171324 -0.0165847
0.0877678 0.0170623 -0.0159606
0.0921827 0.0169955 -0.0151378
0.0966276 0.0169328 -0.0141136
0.100877 0.0168777 -0.0129476
0.10505 0.0168291 -0.0116484
0.109136 0.0167873 -0.0102431
0.113246 0.0167516 -0.00868904
0.11736 0.0167227 -0.00701582
0.121466 0.0167011 -0.00525383
0.125562 0.016687 -0.00344603
0.129652 0.0166805 -0.00160039
0.133699 0.0166815 0.000263536
0.137739 0.0166902 0.00214115
0.141771 0.0167064 0.00401295
0.145609 0.0167286 0.00579124
0.149565 0.0167587 0.00760452
0.153504 0.0167956 0.00936877
0.157614 0.0168413 0.0111258
0.161708 0.0168936 0.0127787
0.165815 0.0169525 0.0143361
0.169909 0.0170171 0.0157899
0.173958 0.0170865 0.0171291
0.177984 0.0171604 0.0183559
0.182001 0.0172385 0.0194492
0.186009 0.0173202 0.0203827
0.189994 0.0174045 0.0211483
0.193971 0.0174911 0.0217698
0.197945 0.0175796 0.0222652
0.201926 0.0176697 0.0226446
0.205918 0.0177611 0.0229016
0.209927 0.0178534 0.0230176
0.213953 0.0179459 0.0229802
0.217996 0.018038 0.022778
0.222064 0.0181292 0.0224123
0.226163 0.0182189 0.0218943
0.2303 0.0183068 0.0212355
0.234482 0.0183922 0.0204131
0.238645 0.018473 0.0194124
0.242679 0.0185467 0.0182751
0.246777 0.0186162 0.0169611
0.251052 0.0186822 0.0154482
0.255345 0.0187415 0.0138079
0.259566 0.0187926 0.0121035
0.263754 0.0188359 0.0103507
0.268012 0.0188722 0.00851083
0.272197 0.0189 0.00663962
0.276451 0.0189199 0.0046851
0.280883 0.0189313 0.00257307
0.28521 0.0189332 0.000432621
0.289568 0.0189253 -0.00179913
0.293882 0.0189079 -0.00403649
0.298331 0.0188798 -0.00633318
0.303095 0.0188381 -0.00875197
0.307995 0.0187832 -0.011196
0.312836 0.0187175 -0.0135684
0.317583 0.0186422 -0.0158631
0.322275 0.0185573 -0.0181047
0.326912 0.0184632 -0.0202935
0.331519 0.0183599 -0.0224225
0.33607 0.0182485 -0.0244707
0.340577 0.0181293 -0.0264436
0.345025 0.0180033 -0.0283377
0.349404 0.0178712 -0.0301599
0.353725 0.0177333 -0.0319125
0.357998 0.0175898 -0.0335804
0.362221 0.0174414 -0.0351335
0.366405 0.0172886 -0.0365429
0.370457 0.0171354 -0.0377822
0.374513 0.0169777 -0.0389017
0.378559 0.0168162 -0.0399074
0.382567 0.0166529 -0.0407441
0.38654 0.0164885 -0.0413877
0.390488 0.0163233 -0.041842
0.394419 0.0161577 -0.0421099
0.398322 0.0159931 -0.0421747
0.402199 0.0158302 -0.0420254
0.406045 0.01567 -0.04166
0.409854 0.0155135 -0.0410885
0.413621 0.0153617 -0.0402969
0.417334 0.0152158 -0.0392947
0.421036 0.0150747 -0.0380979
0.424682 0.0149407 -0.0367479
0.428234 0.0148154 -0.0352819
0.431692 0.0146989 -0.0337103
0.435073 0.0145906 -0.0320302
0.438398 0.01449 -0.0302478
0.4417 0.0143963 -0.0283725
0.445008 0.0143089 -0.0264245
0.448342 0.0142275 -0.0244255
0.451716 0.014152 -0.022379
0.455148 0.0140824 -0.0202661
0.458468 0.014022 -0.0182012
0.461643 0.0139705 -0.016213
0.46475 0.0139261 -0.014273
0.467883 0.0138875 -0.0123392
0.471104 0.013854 -0.0103896
0.474338 0.0138266 -0.00848736
0.47763 0.0138048 -0.00662336
0.481045 0.0137885 -0.00477739
0.484603 0.0137779 -0.00295504
0.488332 0.0137736 -0.00116181
0.492278 0.013776 0.000601934
0.496243 0.0137848 0.00222365
0.500156 0.0137993 0.00369693
0.504038 0.0138186 0.00499099
0.507944 0.0138428 0.0061893
0.511613 0.0138693 0.00722134
0.515486 0.0139011 0.00820945
0.519448 0.0139372 0.00910202
0.523124 0.0139733 0.00982475
0.526811 0.0140118 0.010441
0.530515 0.0140523 0.0109497
0.534288 0.0140952 0.011357
0.538115 0.0141398 0.0116486
0.541935 0.0141849 0.0118076
0.545765 0.0142302 0.0118259
0.549608 0.0142751 0.0116857
0.553487 0.0143192 0.0113725
0.557399 0.0143618 0.0108977
0.561293 0.0144018 0.0102685
0.565154 0.0144384 0.00947949
0.568973 0.014471 0.00853275
0.572725 0.0144989 0.00743777
0.576405 0.0145218 0.0062123
0.580021 0.0145394 0.00486953
0.583508 0.0145514 0.00345595
0.586894 0.0145581 0.00197341
0.590253 0.0145594 0.000399411
0.593722 0.0145548 -0.00132906
0.597136 0.0145442 -0.00312984
0.60052 0.0145272 -0.00500608
0.604003 0.0145028 -0.00701747
0.60747 0.0144712 -0.00909258
0.610933 0.0144324 -0.0112244
0.614461 0.014385 -0.0134402
0.618032 0.0143288 -0.0157115
0.621576 0.0142651 -0.0179867
0.625056 0.0141947 -0.0202358
0.628474 0.014118 -0.0224495
0.63183 0.0140353 -0.0246155
0.635135 0.013947 -0.0267289
0.63839 0.0138533 -0.028786
0.641595 0.0137546 -0.0307785
0.644754 0.0136514 -0.0326841
0.647867 0.0135441 -0.0344734
0.650934 0.0134333 -0.036129
0.652142 0.0133888 -0.0367943
0.653335 0.0133442 -0.0374337
0.654501 0.0132998 -0.0380455
0.655653 0.0132553 -0.0386308
0.656792 0.0132107 -0.0391893
0.657921 0.0131658 -0.039718
0.659045 0.0131206 -0.0402188
0.660159 0.0130753 -0.0406894
0.661264 0.0130299 -0.0411312
0.662362 0.0129842 -0.041545
0.663454 0.0129384 -0.0419296
0.66454 0.0128925 -0.0422827
0.66562 0.0128465 -0.0426029
0.666695 0.0128004 -0.0428884
0.667764 0.0127543 -0.0431379
0.668828 0.0127082 -0.0433519
0.669887 0.0126621 -0.0435329
0.670941 0.0126161 -0.0436828
0.67199 0.0125701 -0.0437936
0.673035 0.0125243 -0.0438611
0.674076 0.0124786 -0.0438844
0.675113 0.0124331 -0.0438657
0.676146 0.0123878 -0.0438077
0.677176 0.0123428 -0.0437078
0.678203 0.0122981 -0.0435617
0.679227 0.0122537 -0.0433621
0.680248 0.0122097 -0.0431046
0.681268 0.012166 -0.0427905
0.682287 0.0121228 -0.0424186
0.683297 0.0120804 -0.0419949
0.684292 0.0120391 -0.0415279
0.685279 0.0119986 -0.0410153
0.686224 0.0119603 -0.0404768
0.687118 0.0119246 -0.0399275
0.688003 0.0118898 -0.0393318
0.688925 0.0118542 -0.0386512
0.689871 0.0118183 -0.0379007
0.690848 0.0117821 -0.0370788
0.691817 0.011747 -0.0362219
0.692772 0.0117133 -0.0353411
0.693706 0.0116811 -0.0344549
0.694626 0.0116502 -0.033567
0.695538 0.0116204 -0.0326643
0.696429 0.0115921 -0.0317684
0.697325 0.0115645 -0.0308512
0.698234 0.0115373 -0.0299059
0.699084 0.0115126 -0.0290335
0.699937 0.0114886 -0.0281608
0.700817 0.0114646 -0.0272499
0.7017 0.0114413 -0.0263272
0.702558 0.0114195 -0.0254313
0.703396 0.0113989 -0.0245517
0.704222 0.0113794 -0.023671
0.70504 0.0113608 -0.0227811
0.705851 0.011343 -0.0218773
0.706672 0.0113258 -0.0209627
0.707495 0.0113093 -0.020053
0.708263 0.0112945 -0.019216
0.709016 0.0112807 -0.0183926
0.709772 0.0112674 -0.0175578
0.710541 0.0112546 -0.0166898
0.711234 0.0112436 -0.0159138
0.711861 0.011234 -0.0152107
0.712435 0.0112257 -0.0145624
0.712967 0.0112183 -0.0139562
0.713463 0.0112116 -0.0133846
0.713931 0.0112056 -0.0128413
0.714375 0.0112001 -0.0123209
0.714798 0.0111951 -0.0118212
0.715206 0.0111905 -0.01134
0.715602 0.0111862 -0.010865
0.715989 0.0111822 -0.010393
0.71637 0.0111784 -0.00991937
0.716752 0.0111748 -0.00943917
0.717138 0.0111713 -0.00894611
0.717536 0.011168 -0.0084306
0.717956 0.0111647 -0.007885
0.718368 0.0111616 -0.0073527
0.718729 0.0111592 -0.00688988

