t x vx
0.01 0.0181099 -0.00401358
0.02 0.018024 -0.00858856
0.0228548 0.0179959 -0.00983727
0.0259268 0.0179616 -0.0111555
0.0290216 0.0179232 -0.0124148
0.0321466 0.0178807 -0.013616
0.0352954 0.0178342 -0.014748
0.0384762 0.0177839 -0.0158089
0.0416751 0.0177302 -0.0167839
0.0449002 0.0176733 -0.0176654
0.0481382 0.0176136 -0.018442
0.051394 0.0175513 -0.0191066
0.0546596 0.0174872 -0.0196506
0.057935 0.0174215 -0.0200653
0.061213 0.0173548 -0.0203386
0.0644943 0.0172876 -0.0204608
0.0677813 0.0172205 -0.0204253
0.071066 0.0171541 -0.0202234
0.0743439 0.017089 -0.0198582
0.0775338 0.0170273 -0.0193462
0.0806198 0.0169696 -0.0187028
0.0837261 0.0169139 -0.0179096
0.0868448 0.016861 -0.0169668
0.0898912 0.0168126 -0.0159002
0.0929208 0.016768 -0.0147197
0.0958464 0.0167285 -0.0134872
0.0988453 0.0166921 -0.0121331
0.101843 0.0166601 -0.0106812
0.104753 0.0166334 -0.00916768
0.107601 0.0166118 -0.00759401
0.110463 0.0165948 -0.00595772
0.113297 0.0165825 -0.00431031
0.1161 0.0165751 -0.00265337
0.118847 0.0165724 -0.000998621
0.121605 0.0165742 0.000677134
0.124379 0.0165808 0.00237452
0.127138 0.016592 0.00406751
0.129858 0.0166076 0.00573641
0.132576 0.0166277 0.00739251
0.135301 0.0166523 0.0090258
0.138142 0.0166827 0.0106806
0.141098 0.0167191 0.0123373
0.144031 0.0167599 0.0139025
0.14694 0.0168046 0.0153708
0.14983 0.016853 0.0167417
0.152697 0.0169047 0.0180125
0.155542 0.0169593 0.0191896
0.158365 0.0170165 0.0202824
0.161169 0.0170762 0.0212966
0.163953 0.0171381 0.0222353
0.166719 0.017202 0.0230956
0.169469 0.0172677 0.0238757
0.172203 0.0173349 0.0245744
0.174924 0.0174034 0.0251885
0.177633 0.0174731 0.0257101
0.180334 0.0175436 0.0261355
0.183029 0.017615 0.0264675
0.185721 0.0176868 0.0266922
0.188412 0.0177589 0.0267979
0.191107 0.0178311 0.026782
0.193808 0.0179031 0.0266575
0.196521 0.0179748 0.0264384
0.199247 0.018046 0.0261129
0.20199 0.0181164 0.0256565
0.204752 0.0181857 0.0250803
0.207537 0.0182536 0.0243843
0.210349 0.0183198 0.0235523
0.213131 0.0183827 0.0226047
0.215877 0.0184419 0.0215602
0.218622 0.018498 0.0204223
0.221428 0.0185518 0.0191857
0.224288 0.0186029 0.0178754
0.227078 0.018649 0.0165332
0.229867 0.0186912 0.0150966
0.232702 0.0187296 0.0135516
0.235567 0.0187637 0.0119213
0.238433 0.0187931 0.0102366
0.241232 0.0188169 0.00853292
0.243939 0.0188355 0.00683779
0.246659 0.0188493 0.00509055
0.249471 0.0188585 0.0032581
0.25238 0.0188623 0.00132161
0.25518 0.0188608 -0.000545793
0.257934 0.0188542 -0.00237301
0.260882 0.0188415 -0.00432816
0.263897 0.0188224 -0.00631475
0.266978 0.0187968 -0.00832982
0.270121 0.0187641 -0.0103834
0.273273 0.0187249 -0.0124625
0.276441 0.0186787 -0.0145777
0.279488 0.018628 -0.0166263
0.28238 0.0185743 -0.0185819
0.28518 0.0185169 -0.0204817
0.287902 0.0184562 -0.0223218
0.29056 0.0183921 -0.0241103
0.293175 0.0183245 -0.0258536
0.295768 0.018253 -0.0275644
0.298369 0.0181769 -0.0292648
0.301 0.0180954 -0.030968
0.303679 0.0180079 -0.0326726
0.306438 0.017913 -0.034383
0.309321 0.0178089 -0.0361193
0.312262 0.0176976 -0.0378482
0.315186 0.017582 -0.0395256
0.318091 0.0174625 -0.0411476
0.320981 0.017339 -0.0427061
0.323857 0.017212 -0.0441811
0.326722 0.0170815 -0.0455425
0.329573 0.0169482 -0.0467588
0.33241 0.0168125 -0.0478327
0.33521 0.0166759 -0.0487744
0.337965 0.0165393 -0.0495921
0.340733 0.0164001 -0.0503
0.343522 0.0162581 -0.0508939
0.346302 0.0161154 -0.0513536
0.349074 0.0159722 -0.0516539
0.35184 0.015829 -0.0517805
0.354603 0.015686 -0.0517388
0.357367 0.0155435 -0.0515511
0.360075 0.0154044 -0.0513603
0.36276 0.0152675 -0.0510136
0.365511 0.0151286 -0.0504907
0.368265 0.0149915 -0.0497819
0.371028 0.0148564 -0.0488778
0.373811 0.0147235 -0.0477639
0.376564 0.0145955 -0.0464763
0.379331 0.0144709 -0.0450225
0.382051 0.0143528 -0.0434493
0.384716 0.0142415 -0.0417705
0.387342 0.0141365 -0.0399817
0.389944 0.0140374 -0.038088
0.392529 0.0139441 -0.0360976
0.395107 0.0138564 -0.0340193
0.397686 0.0137741 -0.0318735
0.400278 0.0136972 -0.029679
0.402892 0.0136255 -0.0274435
0.405535 0.013559 -0.0251681
0.408157 0.0134989 -0.0229014
0.410714 0.013446 -0.0206733
0.411737 0.0134258 -0.0197555
0.412716 0.0134074 -0.0188559
0.413658 0.0133904 -0.0179874
0.414572 0.0133748 -0.0171391
0.415469 0.0133601 -0.0163038
0.41636 0.0133464 -0.0154732
0.41725 0.0133333 -0.0146413
0.418146 0.013321 -0.0138041
0.419054 0.0133092 -0.0129587
0.419975 0.013298 -0.0121037
0.420914 0.0132875 -0.0112389
0.421861 0.0132777 -0.0103722
0.422791 0.0132688 -0.00952637
0.423712 0.0132608 -0.00869522
0.424632 0.0132536 -0.00787301
0.425561 0.013247 -0.00705304
0.426507 0.0132411 -0.00622832
0.427479 0.0132359 -0.00539219
0.428484 0.0132313 -0.00453867
0.429527 0.0132275 -0.0036637
0.430607 0.0132245 -0.00276827
0.43172 0.0132224 -0.00185746
0.432852 0.0132214 -0.000941643
0.43398 0.0132213 -4.04958e-05
0.435041 0.0132222 0.000799431
0.436061 0.0132238 0.00159715
0.437062 0.0132262 0.00236718
0.43806 0.0132293 0.00311941
0.439067 0.0132332 0.00386184
0.440095 0.0132379 0.00460342
0.441151 0.0132436 0.00536396
0.442245 0.0132503 0.00611254
0.443383 0.0132581 0.00686656
0.444523 0.0132668 0.00761313
0.445676 0.0132763 0.00832615
0.446825 0.0132867 0.00901354
0.447963 0.0132977 0.00967145
0.449089 0.0133093 0.0102982
0.450206 0.0133215 0.0108937
0.451312 0.0133342 0.0114589
0.452408 0.0133473 0.0119958
0.453495 0.0133609 0.0125074
0.454577 0.013375 0.0129947
0.455657 0.0133895 0.013458
0.456736 0.0134045 0.0138977
0.457819 0.01342 0.0143165
0.458907 0.013436 0.0147162
0.459999 0.0134525 0.0150951
0.461094 0.0134694 0.015452
0.462192 0.0134867 0.0157848
0.464946 0.0135319 0.0164051
0.467684 0.0135781 0.0168574
0.470388 0.0136245 0.0171676
0.473014 0.0136701 0.0173647
0.475573 0.0137148 0.0174524
0.478136 0.0137594 0.0174324
0.480735 0.0138044 0.017285
0.483292 0.0138478 0.0170061
0.485772 0.013889 0.0165989
0.488249 0.0139287 0.0160463
0.490743 0.013967 0.0153506
0.493257 0.0140036 0.0145273
0.495814 0.0140383 0.0135782
0.498399 0.0140706 0.0125006
0.500979 0.0140997 0.0112944
0.503533 0.0141252 0.00995855
0.506066 0.0141467 0.00849226
0.508583 0.014164 0.00690231
0.511094 0.0141771 0.00519394
0.513599 0.0141855 0.00337333
0.516048 0.0141892 0.00147828
0.518457 0.014188 -0.000493969
0.520837 0.0141819 -0.00254643
0.523195 0.0141708 -0.00469498
0.525539 0.0141546 -0.00694201
0.527873 0.0141329 -0.00928712
0.530204 0.0141056 -0.0117106
0.532539 0.0140725 -0.0141908
0.534882 0.0140333 -0.016717
0.537165 0.0139894 -0.0192218
0.53937 0.0139416 -0.0216977
0.54151 0.0138899 -0.0241543
0.543574 0.013835 -0.0265701
0.545503 0.0137794 -0.0288544
0.547313 0.0137233 -0.0310032
0.549013 0.0136671 -0.033046
0.550617 0.0136109 -0.0349947
0.552137 0.0135549 -0.0368496
0.553584 0.013499 -0.0386218
0.554978 0.0134428 -0.0403483
0.55552 0.0134205 -0.0411141
0.556053 0.0133982 -0.0418427
