t x vx
0.01 0.0181115 -0.00385089
0.02 0.0180291 -0.0082353
0.0228545 0.0180022 -0.00943058
0.0259251 0.0179694 -0.0106921
0.0290192 0.0179326 -0.0118966
0.0321419 0.0178918 -0.0130438
0.0352883 0.0178474 -0.0141232
0.0384672 0.0177993 -0.0151324
0.0416606 0.017748 -0.0160558
0.0448813 0.0176936 -0.0168871
0.0481115 0.0176367 -0.0176147
0.0513583 0.0175776 -0.0182315
0.054614 0.0175166 -0.0187284
0.0578718 0.0174544 -0.0190951
0.0611293 0.0173914 -0.0193196
0.0643888 0.0173282 -0.0193935
0.0676471 0.0172653 -0.0193094
0.0709022 0.0172033 -0.0190629
0.0741422 0.0171428 -0.0186591
0.077252 0.0170865 -0.0181194
0.0803514 0.0170324 -0.0174293
0.08345 0.016981 -0.0165949
0.0865323 0.0169329 -0.015619
0.0895416 0.0168892 -0.0145216
0.0924899 0.0168499 -0.0133351
0.0953583 0.0168152 -0.0120857
0.0983465 0.0167832 -0.0106924
0.101245 0.0167564 -0.00924363
0.104141 0.0167341 -0.00771426
0.106966 0.0167167 -0.00614678
0.109803 0.0167039 -0.0045222
0.112616 0.0166958 -0.00287628
0.115396 0.0166924 -0.00122373
0.118123 0.0166936 0.000423318
0.120862 0.0166993 0.0020954
0.123572 0.0167095 0.00376252
0.126281 0.0167242 0.00542608
0.12895 0.016743 0.00705864
0.131649 0.0167665 0.00869368
0.13436 0.0167944 0.0103027
0.137193 0.0168282 0.0119192
0.140085 0.0168672 0.0134971
0.142961 0.0169104 0.0149967
0.145818 0.0169572 0.0164073
0.148649 0.0170074 0.017719
0.151458 0.0170606 0.018923
0.154245 0.0171163 0.0200135
0.15701 0.0171744 0.0210079
0.159756 0.0172346 0.0219132
0.162483 0.0172966 0.0227364
0.165193 0.0173602 0.0234808
0.167886 0.0174252 0.0241373
0.170566 0.0174915 0.0247135
0.173233 0.0175587 0.0252102
0.175891 0.0176268 0.0256271
0.178542 0.0176956 0.0259429
0.18119 0.0177649 0.0261603
0.183837 0.0178344 0.0262639
0.186488 0.017904 0.0262554
0.189146 0.0179734 0.0261127
0.191815 0.0180424 0.0258404
0.194498 0.0181106 0.0254272
0.1972 0.0181778 0.0248884
0.199924 0.0182438 0.024224
0.202674 0.0183083 0.0234343
0.205454 0.0183708 0.0224896
0.208256 0.0184308 0.0214211
0.210984 0.0184862 0.0202972
0.213757 0.0185391 0.0190763
0.216588 0.0185893 0.0177361
0.219531 0.0186371 0.0162547
0.222324 0.0186784 0.0147785
0.225003 0.0187141 0.013313
0.227709 0.0187459 0.0117738
0.230515 0.0187743 0.0101104
0.233419 0.0187985 0.00832763
0.236385 0.0188176 0.00646192
0.239387 0.0188312 0.00452089
0.242307 0.0188388 0.00258592
0.245201 0.0188406 0.000618928
0.248178 0.0188363 -0.00144442
0.251123 0.0188259 -0.003516
0.254066 0.0188094 -0.00561469
0.257067 0.0187861 -0.00776769
0.260104 0.0187559 -0.00994213
0.263207 0.0187182 -0.012157
0.266332 0.0186733 -0.0143721
0.269488 0.0186209 -0.0165926
0.272664 0.0185611 -0.0188097
0.275638 0.0184991 -0.0208719
0.278506 0.0184335 -0.0228522
0.281338 0.0183633 -0.0247969
0.28415 0.0182882 -0.0267111
0.28694 0.0182084 -0.0285879
0.289718 0.0181239 -0.0304204
0.292509 0.018034 -0.0322121
0.295335 0.017938 -0.0339693
0.298207 0.0178355 -0.0356858
0.301119 0.0177267 -0.0373529
0.304022 0.0176137 -0.0389458
0.306878 0.0174982 -0.0404478
0.309604 0.0173842 -0.0418084
0.312253 0.0172702 -0.0430652
0.314894 0.0171532 -0.044268
0.317634 0.0170287 -0.045454
0.320431 0.0168984 -0.0465713
0.323011 0.0167758 -0.0475117
0.325086 0.0166758 -0.0482311
0.326969 0.0165838 -0.0488469
0.328763 0.0164952 -0.0493885
0.330519 0.0164076 -0.0498786
0.332293 0.0163183 -0.0503234
0.334131 0.0162251 -0.0507173
0.336069 0.0161262 -0.0510531
0.338172 0.0160182 -0.0513165
0.340405 0.0159033 -0.0514686
0.342357 0.0158028 -0.051515
0.344146 0.0157107 -0.0514816
0.345841 0.0156236 -0.0513754
0.34749 0.0155392 -0.0512004
0.349137 0.0154552 -0.0509474
0.350823 0.0153699 -0.0506091
0.3526 0.0152807 -0.0501699
0.354575 0.0151828 -0.0495713
0.357049 0.0150626 -0.048607
0.35884 0.014977 -0.0477943
0.360633 0.014893 -0.0468578
0.36247 0.0148089 -0.0457748
0.364403 0.0147228 -0.0445227
0.366397 0.0146368 -0.0431268
0.368405 0.014553 -0.0417325
0.370393 0.014473 -0.0402418
0.372359 0.0143972 -0.0385699
0.374329 0.0143246 -0.0368497
0.376349 0.0142538 -0.0350418
0.378484 0.0141832 -0.0330962
0.380833 0.0141106 -0.0309129
0.383361 0.0140385 -0.0285143
0.385755 0.0139758 -0.0261827
0.388105 0.0139197 -0.023849
0.39047 0.013869 -0.0214725
0.392817 0.0138242 -0.019085
0.395168 0.013785 -0.0166692
0.397538 0.0137513 -0.0142184
0.399935 0.0137232 -0.0117323
0.402325 0.013701 -0.0092611
0.404681 0.0136849 -0.00684862
0.407045 0.0136743 -0.00445982
0.409461 0.0136694 -0.0020624
0.41198 0.0136703 0.000373338
0.414614 0.0136778 0.00283018
0.417242 0.0136914 0.00518781
0.419918 0.0137115 0.00750148
0.422723 0.0137391 0.00983935
0.425532 0.013773 0.0121012
0.428403 0.0138142 0.0143189
0.431271 0.0138613 0.0164303
0.434124 0.0139138 0.0184228
0.436956 0.0139713 0.0202919
0.439765 0.0140332 0.0220355
0.44255 0.014099 0.0236379
0.445309 0.0141682 0.0250817
0.448043 0.0142403 0.0263568
0.450751 0.0143147 0.0274612
0.453437 0.0143909 0.0284017
0.456102 0.0144687 0.0291871
0.45875 0.0145477 0.0298261
0.461384 0.0146276 0.0303271
0.464006 0.0147081 0.0306995
0.46662 0.014789 0.0309427
0.469229 0.01487 0.0310518
0.471836 0.0149509 0.0310293
0.474444 0.0150314 0.0308734
0.477056 0.0151113 0.030574
0.479676 0.0151902 0.0301295
0.482296 0.0152676 0.0295383
0.484824 0.0153405 0.0288297
0.487303 0.0154099 0.0280034
0.489774 0.0154767 0.0270465
0.492288 0.0155419 0.0259375
0.494846 0.0156051 0.0246777
0.49744 0.0156654 0.0232706
0.500062 0.0157224 0.0217205
0.502694 0.0157751 0.0200393
0.50531 0.0158228 0.0182459
0.507901 0.0158652 0.0163536
0.510479 0.0159023 0.0143646
0.513061 0.0159339 0.0122685
0.51559 0.0159595 0.0101138
0.518087 0.0159792 0.00789368
0.520583 0.0159932 0.00559679
0.523117 0.0160013 0.0031977
0.525737 0.016003 0.0006607
0.528351 0.015998 -0.00192794
0.530957 0.0159861 -0.00455641
0.533591 0.015967 -0.00723766
0.536282 0.0159402 -0.00999
0.53903 0.0159049 -0.0128134
0.541779 0.0158619 -0.0156461
0.544476 0.0158122 -0.0184375
0.547141 0.0157557 -0.0212084
0.549779 0.0156925 -0.0239598
0.55239 0.0156228 -0.0266898
0.554978 0.0155467 -0.0293987
0.557543 0.0154644 -0.0320737
0.560085 0.0153762 -0.0347049
0.562599 0.0152825 -0.037283
0.565085 0.0151835 -0.0398018
0.567538 0.0150799 -0.0422545
0.56996 0.0149718 -0.0446349
0.572234 0.0148653 -0.0468315
0.574317 0.0147637 -0.0487967
0.576228 0.0146671 -0.0505447
0.578007 0.0145743 -0.0521136
0.579699 0.0144838 -0.0535469
0.581211 0.0144009 -0.0547843
0.582588 0.014324 -0.0558696
0.583894 0.0142497 -0.056855
0.585174 0.0141758 -0.0577697
0.586458 0.0141005 -0.0586299
0.58776 0.0140231 -0.0594345
0.589066 0.0139445 -0.0601722
