t x vx
0.01 0.0180865 -0.00635148
0.02 0.0179479 -0.013859
0.022859 0.0179021 -0.0160056
0.0259423 0.0178457 -0.0183023
0.0289308 0.0177845 -0.0204888
0.031818 0.0177193 -0.0225693
0.0345931 0.0176512 -0.02454
0.0372832 0.0175801 -0.0264249
0.0399035 0.0175061 -0.0282363
0.0424689 0.0174292 -0.0299913
0.0449788 0.0173496 -0.0316966
0.0474473 0.0172673 -0.0333708
0.0498879 0.0171818 -0.0350216
0.052302 0.0170933 -0.0366531
0.0546845 0.0170021 -0.03827
0.057042 0.0169081 -0.0398832
0.0593785 0.0168111 -0.0415041
0.0616981 0.0167111 -0.043144
0.0640029 0.0166078 -0.0448101
0.0662948 0.0165012 -0.0465095
0.0685776 0.016391 -0.0482499
0.0708555 0.0162771 -0.050036
0.0731327 0.0161589 -0.0518724
0.0754125 0.0160363 -0.0537708
0.0776984 0.0159089 -0.0557379
0.0799942 0.0157763 -0.057782
0.0823038 0.0156379 -0.0599163
0.0846311 0.0154933 -0.0621463
0.0869799 0.0153418 -0.0644943
0.0893529 0.0151829 -0.0669632
0.0917103 0.0150189 -0.0695485
0.0940148 0.0148525 -0.0722064
0.096263 0.0146841 -0.074925
0.0984694 0.0145126 -0.0777234
0.100641 0.0143375 -0.0806331
0.102791 0.0141576 -0.0836665
0.104907 0.0139739 -0.0868199
0.106988 0.0137864 -0.0900969
0.10905 0.0135936 -0.0935097
0.111078 0.0133968 -0.0970353
0.111873 0.0133184 -0.0985961
0.112647 0.013241 -0.100039
0.113359 0.0131688 -0.101411
0.11406 0.0130967 -0.1028
0.114746 0.0130252 -0.104193
0.115424 0.0129536 -0.105602
0.116095 0.0128818 -0.107028
0.116759 0.0128098 -0.108466
0.117415 0.0127377 -0.109912
0.118065 0.0126653 -0.111363
0.11871 0.0125926 -0.112822
0.119349 0.0125196 -0.114279
0.119976 0.0124469 -0.115712
0.120592 0.0123748 -0.117115

