x y fp fmu
0.0449681 0.198 -0.201698 5.50025e-10
0.0449367 0.198831 0.433538 -1.10824e-10
0.0448332 0.199717 -0.341763 -3.25492e-10
0.0446783 0.200508 0.0474058 -3.7901e-10
0.0445311 0.20107 0.348264 -3.13901e-10
0.0444092 0.201462 0.367755 -3.32187e-10
0.0442974 0.201782 0.384945 -1.47368e-10
0.0441721 0.202108 0.515523 -4.74214e-10
0.0440291 0.202447 0.469516 -4.06745e-10
0.0438708 0.202789 0.677866 -4.89333e-10
0.0436925 0.203142 0.411304 -6.37146e-10
0.0434578 0.203563 0.483009 -7.89279e-10
0.0430965 0.204138 0.651542 -6.63032e-10
0.0426898 0.204703 0.558679 -2.72978e-10
0.0423234 0.205155 0.58064 -3.29074e-10
0.0418955 0.205626 0.895535 -6.94816e-10
0.0415473 0.205972 0.833314 -4.7298e-10
0.0412554 0.20624 0.790023 -6.26824e-10
0.0410373 0.206428 0.73057 -6.53391e-10
0.0408357 0.206593 1.06931 -5.98938e-10
0.0406326 0.206751 0.800258 -5.99703e-10
0.0404197 0.206909 0.76254 -5.48812e-10
0.0401933 0.207069 0.832651 -5.24473e-10
0.0399662 0.207221 1.07492 -5.08138e-10
0.0397471 0.20736 0.633853 -5.82173e-10
0.0395431 0.207483 0.85066 -6.09042e-10
0.0392809 0.207632 1.12722 -6.17118e-10
0.0390429 0.207759 0.878512 -1.41797e-10
0.0387164 0.207922 1.41766 5.13542e-11
0.0383644 0.208083 1.10974 -1.75482e-09
0.0380299 0.208223 0.617649 -5.38728e-10
0.0377664 0.208323 0.910829 -3.39833e-10
0.0374815 0.208424 0.937339 -4.40398e-10
0.0371971 0.208515 1.05558 -2.12955e-10
0.036883 0.208607 0.967377 -3.07641e-10
0.0366025 0.20868 1.30204 -3.3874e-10
0.0363547 0.208738 0.996696 -2.00281e-10
0.0361148 0.208788 0.656876 -2.58947e-10
0.0358848 0.208832 1.02199 -2.74196e-10
0.0356669 0.208868 1.09136 -2.13818e-10
0.0354447 0.2089 0.965807 -1.75952e-10
0.0352016 0.208931 1.04443 -2.43645e-10
0.0349156 0.208959 1.0715 -1.53705e-10
0.0345688 0.208984 1.04213 -7.7617e-11
0.0341018 0.208999 1.04147 -6.52923e-11
0.0336073 0.208994 1.01624 2.55349e-11
0.0331405 0.208969 0.991021 9.7243e-11
0.0326759 0.208924 1.13101 9.03808e-11
0.0322255 0.208861 1.01446 3.40798e-10
0.031776 0.208779 0.615927 -1.16025e-10
0.0313144 0.208675 1.25659 1.40102e-09
0.0309994 0.208592 1.14622 -1.19609e-10
0.0306996 0.208503 0.772741 -7.34755e-12
0.0304168 0.208411 1.09174 3.10556e-10
0.0301693 0.208323 0.75211 2.35237e-10
0.0299382 0.208235 0.604939 2.79475e-10
0.0297223 0.208148 0.981703 3.48808e-10
0.0294498 0.208029 0.880987 3.41523e-10
0.0290878 0.207858 0.854708 3.97001e-10
0.0287612 0.20769 0.922571 4.24152e-10
0.028441 0.207511 0.852763 5.68363e-10
0.028203 0.207368 0.523061 3.41048e-10
0.027991 0.207234 0.913905 4.90469e-10
0.0277522 0.207075 0.730553 8.14258e-11
0.0274279 0.206845 0.695262 2.8285e-10
0.0269649 0.206483 0.734727 5.70802e-10
0.0263697 0.205954 0.549681 4.38892e-10
0.025752 0.205314 0.532478 5.49296e-10
0.0252031 0.204646 -0.130844 3.47378e-10
0.024749 0.204001 1.22865 6.1818e-10
0.0243502 0.203338 0.332459 -2.20642e-11
0.0240748 0.202809 0.347703 4.49142e-10
0.0238856 0.202398 0.0919202 1.7704e-10
0.023745 0.20206 0.300461 3.86104e-10
0.0236309 0.20176 0.224737 -7.12432e-11
0.02353 0.201471 -0.926388 1.2282e-09
0.0234404 0.201189 -1.25207 -3.72162e-11
0.0233494 0.200871 2.36857 1.57745e-09
0.0232539 0.200491 -0.177587 -6.61383e-10
0.0231639 0.200066 -0.967503 6.75667e-10
0.0230647 0.199454 -0.188659 -1.05235e-09
0.0229911 0.19871 0.966198 -2.80839e-10
0.0229683 0.197945 -1.13973 4.59965e-10
0.0229962 0.197214 1.76984 -1.7019e-09
0.0230555 0.196617 0.660571 -1.47692e-09
0.0231341 0.196096 -0.109284 -9.47121e-10
0.0232555 0.195502 -0.302529 -3.35062e-10
0.0233967 0.194959 -0.0279776 -7.40149e-10
0.0235128 0.194582 -0.0937695 -5.71177e-10
0.0236352 0.194228 -0.212263 -7.83846e-10
0.0237482 0.193932 -0.0748267 -8.17356e-10
0.0238872 0.193598 -0.110729 -9.03573e-10
0.024075 0.193191 -0.134327 -5.5074e-10
0.0243431 0.192675 -0.188457 -7.81776e-10
0.02472 0.192044 -0.148636 -6.68625e-10
0.0251332 0.191447 -0.161883 -4.99201e-10
0.025467 0.191019 -0.196898 -6.66267e-10
0.0257732 0.190662 -0.206747 -7.04951e-10
0.0260883 0.190325 -0.162661 -6.7814e-10
0.0264933 0.18993 -0.146773 -6.43636e-10
0.0269631 0.189519 -0.131463 -5.64046e-10
0.0273449 0.189217 -0.114813 -4.15862e-10
0.0276251 0.189013 -0.125264 -5.29643e-10
0.0279098 0.188819 -0.249276 -5.09205e-10
0.0281429 0.188669 -0.17117 -4.46178e-10
0.0283812 0.188524 -0.0596024 -4.13977e-10
0.028615 0.18839 -0.0205425 -3.4797e-10
0.0288191 0.18828 -0.189175 -4.39655e-10
0.0290877 0.188142 -0.199041 -3.28041e-10
0.0293292 0.188026 -0.162383 -2.72184e-10
0.0296045 0.187903 -0.194747 -2.93078e-10
0.0298501 0.1878 -0.0904836 -2.21451e-10
0.0300746 0.187712 -0.0714087 -2.67757e-10
0.0303584 0.187609 -0.134425 -2.68819e-10
0.0306051 0.187527 -0.153072 -2.06122e-10
0.0309268 0.187429 -0.130534 -2.01701e-10
0.0312068 0.187352 -0.146254 -1.94606e-10
0.0314876 0.187283 -0.14896 -1.49621e-10
0.0317165 0.187233 -0.122531 -1.28406e-10
0.0319596 0.187185 -0.0906567 -1.38955e-10
0.0321874 0.187145 -0.0274751 -1.18782e-10
0.0324129 0.18711 -0.275255 -1.79839e-10
0.0326511 0.187079 -0.183255 -5.31168e-13
0.0329214 0.18705 -0.205147 -4.82715e-11
0.0332029 0.187027 -0.166263 7.91063e-11
0.0335633 0.187007 -0.100465 -5.95315e-11
0.0339641 0.187 -0.128325 3.28368e-11
0.0344118 0.187009 -0.105853 4.69441e-11
0.0349286 0.187042 -0.0959486 3.98133e-11
0.0355697 0.187117 -0.107869 2.16968e-11
0.036163 0.187221 -0.113261 1.2912e-10
0.0366312 0.187327 -0.305014 2.63359e-10
0.036949 0.187412 -0.14368 1.01717e-10
0.0372523 0.187502 -0.127605 2.14592e-10
0.0375692 0.187606 -0.153112 2.8625e-10
0.0378115 0.187693 -0.0805357 2.62787e-10
0.0380729 0.187795 -0.150956 2.95775e-10
0.0384235 0.187943 -0.167237 3.30476e-10
0.0387416 0.18809 -0.133269 2.37773e-10
0.0390722 0.188256 -0.139321 3.16075e-10
0.039359 0.188412 -0.164764 4.14615e-10
0.0395626 0.188529 -0.191289 4.30913e-10
0.0397679 0.188653 -0.1379 4.48354e-10
0.0399885 0.188794 -0.122936 3.21568e-10
0.0402238 0.188952 -0.104744 4.93524e-10
0.0404561 0.189117 -0.182833 4.5728e-10
0.040673 0.18928 -0.253042 5.94566e-10
0.0408827 0.189445 -0.0540051 5.20812e-10
0.0410869 0.189614 -0.0648914 4.08256e-10
0.0413186 0.189816 0.0809601 4.99097e-10
0.0416049 0.190083 -0.26984 9.63247e-10
0.0419457 0.190427 -0.422359 2.39759e-10
0.0422267 0.190734 -0.064685 4.23568e-10
0.0424836 0.191037 -0.262776 6.81437e-10
0.0427393 0.191362 -0.0475872 4.16679e-10
0.0429271 0.191617 -0.0302147 7.98738e-10
0.0430755 0.191831 -0.19377 7.84755e-10
0.0432007 0.19202 0.0861477 6.52935e-10
0.0433229 0.192213 -0.3395 6.80863e-10
0.0434429 0.192412 -0.33918 6.22426e-10
0.043557 0.19261 0.218809 4.5019e-10
0.0436668 0.19281 -0.107286 7.92559e-10
0.0437813 0.19303 -0.326968 7.48687e-10
0.0439072 0.193287 -0.148824 3.4621e-10
0.044066 0.193637 -0.0234656 7.76886e-10
0.0442131 0.193995 -0.0210738 5.54357e-10
0.0443258 0.194296 -0.256849 6.25309e-10
0.0444203 0.194572 0.0992784 3.88063e-10
0.0445123 0.194866 0.0916365 7.13513e-10
0.0445942 0.195156 -0.325199 8.27689e-10
0.0446667 0.195443 0.209222 4.54521e-10
0.0447488 0.195814 -0.103824 3.67191e-10
0.0448454 0.196361 -0.124041 4.43512e-10
0.0449363 0.197163 0.832398 2.16498e-10
