x y fp fmu
0.0448979 0.198 -0.177526 5.45014e-10
0.0448665 0.198831 0.436853 -9.34574e-11
0.044763 0.199717 -0.31522 -3.02426e-10
0.0446081 0.200508 0.0649785 -3.5387e-10
0.0444609 0.20107 0.356595 -2.92862e-10
0.044339 0.201462 0.375232 -3.10105e-10
0.0442272 0.201782 0.3932 -1.32146e-10
0.0441019 0.202108 0.52021 -4.48824e-10
0.0439588 0.202447 0.475762 -3.83364e-10
0.0438006 0.202789 0.678943 -4.65141e-10
0.0436222 0.203142 0.418735 -6.10446e-10
0.0433875 0.203563 0.489481 -7.59636e-10
0.0430263 0.204138 0.654462 -6.3865e-10
0.0426196 0.204703 0.562807 -2.6105e-10
0.0422532 0.205155 0.585982 -3.15092e-10
0.0418253 0.205626 0.894835 -6.73356e-10
0.0414771 0.205972 0.833344 -4.57828e-10
0.0411852 0.20624 0.79065 -6.09965e-10
0.0409671 0.206428 0.732578 -6.36539e-10
0.0407655 0.206593 1.06655 -5.84001e-10
0.0405624 0.206751 0.799793 -5.85403e-10
0.0403494 0.206909 0.763284 -5.36901e-10
0.0401231 0.207069 0.832936 -5.12871e-10
0.039896 0.207221 1.07192 -4.97404e-10
0.0396769 0.20736 0.634641 -5.71149e-10
0.0394729 0.207483 0.851447 -5.97995e-10
0.0392106 0.207632 1.12384 -6.07337e-10
0.0389727 0.207759 0.877073 -1.36319e-10
0.0386462 0.207922 1.41752 5.64433e-11
0.0382941 0.208083 1.10325 -1.74427e-09
0.0379596 0.208223 0.617045 -5.34464e-10
0.0376961 0.208323 0.908263 -3.35961e-10
0.0374113 0.208424 0.935431 -4.36084e-10
0.0371268 0.208515 1.05186 -2.09454e-10
0.0368127 0.208607 0.964934 -3.03998e-10
0.0365323 0.20868 1.30034 -3.35925e-10
0.0362845 0.208738 0.986866 -2.0152e-10
0.0360446 0.208788 0.652747 -2.58131e-10
0.0358146 0.208832 1.02177 -2.72318e-10
0.0355966 0.208868 1.08623 -2.1447e-10
0.0353745 0.2089 0.961381 -1.73392e-10
0.0351314 0.208931 1.04084 -2.42713e-10
0.0348454 0.208959 1.067 -1.53467e-10
0.0344986 0.208984 1.03714 -7.77907e-11
0.0340316 0.208999 1.03634 -6.49817e-11
0.033537 0.208994 1.01056 2.59548e-11
0.0330703 0.208969 0.985751 9.77159e-11
0.0326057 0.208924 1.12581 9.15157e-11
0.0321553 0.208861 1.00549 3.44762e-10
0.0317058 0.208779 0.609301 -1.16647e-10
0.0312442 0.208675 1.25345 1.40585e-09
0.0309292 0.208592 1.13312 -1.15563e-10
0.0306294 0.208503 0.764656 -5.40497e-12
0.0303466 0.208411 1.08485 3.17394e-10
0.030099 0.208323 0.741142 2.413e-10
0.029868 0.208235 0.595415 2.8438e-10
0.0296521 0.208148 0.974674 3.56415e-10
0.0293795 0.208029 0.872356 3.50156e-10
0.0290176 0.207858 0.846005 4.06099e-10
0.0286909 0.20769 0.914348 4.34844e-10
0.0283708 0.207511 0.842847 5.83035e-10
0.0281328 0.207368 0.509876 3.50687e-10
0.0279208 0.207234 0.906367 5.05575e-10
0.027682 0.207075 0.718626 8.97478e-11
0.0273577 0.206845 0.684748 2.9357e-10
0.0268947 0.206483 0.723815 5.89002e-10
0.0262994 0.205954 0.536593 4.56441e-10
0.0256817 0.205314 0.518328 5.70936e-10
0.0251329 0.204646 -0.157059 3.62279e-10
0.0246788 0.204001 1.2325 6.45345e-10
0.0242799 0.203338 0.315337 -6.86842e-12
0.0240046 0.202809 0.333048 4.76552e-10
0.0238153 0.202398 0.0705757 1.95781e-10
0.0236747 0.20206 0.285887 4.11304e-10
0.0235606 0.20176 0.207183 -5.85963e-11
0.0234597 0.201471 -0.975072 1.28009e-09
0.0233702 0.201189 -1.30214 -3.04835e-11
0.0232792 0.200871 2.41392 1.636e-09
0.0231836 0.200491 -0.209186 -6.591e-10
0.0230937 0.200066 -1.01772 7.14223e-10
0.0229945 0.199454 -0.209344 -1.07557e-09
0.0229209 0.19871 0.978166 -2.79725e-10
0.022898 0.197945 -1.19646 4.97276e-10
0.022926 0.197214 1.82413 -1.75393e-09
0.0229852 0.196617 0.667133 -1.51409e-09
0.0230639 0.196096 -0.128217 -9.6678e-10
0.0231853 0.195502 -0.326231 -3.29282e-10
0.0233265 0.194959 -0.03819 -7.54224e-10
0.0234426 0.194582 -0.106196 -5.75727e-10
0.023565 0.194228 -0.22884 -8.00967e-10
0.0236779 0.193932 -0.0835712 -8.38198e-10
0.023817 0.193598 -0.121066 -9.2958e-10
0.0240048 0.193191 -0.144227 -5.56532e-10
0.0242729 0.192675 -0.199498 -8.02221e-10
0.0246498 0.192044 -0.155645 -6.85505e-10
0.025063 0.191447 -0.168846 -5.04319e-10
0.0253968 0.191019 -0.204223 -6.83102e-10
0.025703 0.190662 -0.213063 -7.27788e-10
0.0260181 0.190325 -0.165213 -7.00675e-10
0.0264231 0.18993 -0.1477 -6.65744e-10
0.0268929 0.189519 -0.130971 -5.81831e-10
0.0272747 0.189217 -0.113358 -4.21861e-10
0.0275549 0.189013 -0.124799 -5.46755e-10
0.0278395 0.188819 -0.255483 -5.25903e-10
0.0280727 0.188669 -0.168247 -4.61896e-10
0.028311 0.188524 -0.0527675 -4.26098e-10
0.0285448 0.18839 -0.0162017 -3.50978e-10
0.0287489 0.18828 -0.192555 -4.50044e-10
0.0290175 0.188142 -0.198982 -3.34855e-10
0.029259 0.188026 -0.161093 -2.74613e-10
0.0295343 0.187903 -0.193184 -3.00472e-10
0.0297799 0.1878 -0.083322 -2.25922e-10
0.0300044 0.187712 -0.0673145 -2.731e-10
0.0302882 0.187609 -0.132781 -2.74585e-10
0.0305349 0.187527 -0.150887 -2.06903e-10
0.0308566 0.187429 -0.127436 -2.05304e-10
0.0311365 0.187352 -0.143674 -1.98374e-10
0.0314173 0.187283 -0.145962 -1.51996e-10
0.0316463 0.187233 -0.118168 -1.29964e-10
0.0318894 0.187185 -0.0876178 -1.40708e-10
0.0321172 0.187145 -0.0257434 -1.16183e-10
0.0323427 0.18711 -0.277913 -1.86247e-10
0.0325809 0.187079 -0.176219 1.42524e-12
0.0328511 0.18705 -0.203459 -5.12869e-11
0.0331327 0.187027 -0.160673 7.89238e-11
0.033493 0.187007 -0.0967931 -5.9679e-11
0.0338939 0.187 -0.124711 3.31405e-11
0.0343416 0.187009 -0.102699 4.57961e-11
0.0348584 0.187042 -0.0932839 4.22584e-11
0.0354994 0.187117 -0.10483 2.29023e-11
0.0360928 0.187221 -0.11311 1.26424e-10
0.0365609 0.187327 -0.29949 2.61145e-10
0.0368788 0.187412 -0.132732 1.06727e-10
0.037182 0.187502 -0.124457 2.1081e-10
0.0374989 0.187606 -0.148143 2.8178e-10
0.0377413 0.187693 -0.0787193 2.57811e-10
0.0380026 0.187795 -0.14758 2.88938e-10
0.0383533 0.187943 -0.162109 3.23369e-10
0.0386714 0.18809 -0.1289 2.37798e-10
0.0390019 0.188256 -0.135209 3.10706e-10
0.0392888 0.188412 -0.1596 4.03538e-10
0.0394923 0.188529 -0.183538 4.20313e-10
0.0396977 0.188653 -0.132447 4.36581e-10
0.0399183 0.188794 -0.118312 3.18908e-10
0.0401536 0.188952 -0.101517 4.79521e-10
0.0403859 0.189117 -0.176303 4.45437e-10
0.0406028 0.18928 -0.239972 5.77089e-10
0.0408125 0.189445 -0.0508632 5.06848e-10
0.0410167 0.189614 -0.0617034 4.02319e-10
0.0412484 0.189816 0.0743215 4.85002e-10
0.0415347 0.190083 -0.259151 9.21066e-10
0.0418755 0.190427 -0.395221 2.46786e-10
0.0421565 0.190734 -0.0602981 4.16557e-10
0.0424133 0.191037 -0.247122 6.62745e-10
0.0426691 0.191362 -0.0404977 4.14031e-10
0.0428569 0.191617 -0.0257681 7.72109e-10
0.0430053 0.191831 -0.179666 7.60139e-10
0.0431304 0.19202 0.0855671 6.35071e-10
0.0432527 0.192213 -0.318478 6.6307e-10
0.0433727 0.192412 -0.315609 6.08627e-10
0.0434868 0.19261 0.214014 4.45247e-10
0.0435965 0.19281 -0.0963763 7.69565e-10
0.0437111 0.19303 -0.303949 7.28467e-10
0.043837 0.193287 -0.133159 3.48793e-10
0.0439957 0.193637 -0.0130044 7.5615e-10
0.0441429 0.193995 -0.0109231 5.45301e-10
0.0442556 0.194296 -0.234398 6.14872e-10
0.0443501 0.194572 0.10625 3.89276e-10
0.044442 0.194866 0.0989517 6.96945e-10
0.044524 0.195156 -0.298249 8.06948e-10
0.0445965 0.195443 0.213828 4.51218e-10
0.0446786 0.195814 -0.0863851 3.68174e-10
0.0447752 0.196361 -0.10163 4.44541e-10
0.044866 0.197163 0.816803 2.23517e-10
