x y fp fmu
0.0442986 0.198 -0.189225 6.09827e-10
0.0442671 0.198831 0.41844 -2.93957e-11
0.0441637 0.199717 -0.350124 -2.28653e-10
0.0440087 0.200508 0.0449193 -2.73799e-10
0.0438616 0.20107 0.330817 -2.19844e-10
0.0437397 0.201462 0.344387 -2.25006e-10
0.0436279 0.201782 0.367621 -5.58337e-11
0.0435026 0.202108 0.491874 -3.64177e-10
0.0433595 0.202447 0.445483 -2.93167e-10
0.0432012 0.202789 0.650342 -3.83573e-10
0.0430229 0.203142 0.37659 -5.34871e-10
0.0427882 0.203563 0.453749 -6.86508e-10
0.0424269 0.204138 0.622585 -5.68763e-10
0.0420202 0.204703 0.51631 -2.04071e-10
0.0416538 0.205155 0.556674 -2.42326e-10
0.0412259 0.205626 0.871425 -6.11808e-10
0.0408778 0.205972 0.800268 -3.99684e-10
0.0405858 0.20624 0.7527 -5.6483e-10
0.0403677 0.206428 0.698233 -5.90225e-10
0.0401661 0.206593 1.0561 -5.40593e-10
0.039963 0.206751 0.752292 -5.45671e-10
0.0397501 0.206909 0.723191 -5.04941e-10
0.0395238 0.207069 0.806615 -4.74866e-10
0.0392967 0.207221 1.05731 -4.62741e-10
0.0390776 0.20736 0.57315 -5.48393e-10
0.0388735 0.207483 0.843648 -5.70799e-10
0.0386113 0.207632 1.11554 -5.90642e-10
0.0383734 0.207759 0.843737 -7.81954e-11
0.0380469 0.207922 1.51767 1.5831e-10
0.0376948 0.208083 1.03805 -1.96208e-09
0.0373603 0.208223 0.551286 -5.55229e-10
0.0370968 0.208323 0.888415 -3.19174e-10
0.036812 0.208424 0.930179 -4.23681e-10
0.0365275 0.208515 1.03826 -1.66334e-10
0.0362134 0.208607 0.964212 -2.79332e-10
0.035933 0.20868 1.35247 -3.22895e-10
0.0356851 0.208738 0.862092 -2.52657e-10
0.0354453 0.208788 0.616426 -2.59305e-10
0.0352153 0.208832 1.08859 -2.47716e-10
0.0349973 0.208868 1.06984 -2.35308e-10
0.0347752 0.2089 0.957339 -1.26098e-10
0.034532 0.208931 1.05413 -2.26709e-10
0.0342461 0.208959 1.06769 -1.50565e-10
0.0338993 0.208984 1.03461 -8.05759e-11
0.0334322 0.208999 1.03746 -5.64853e-11
0.0329377 0.208994 1.0106 3.19933e-11
0.0324709 0.208969 1.00131 9.3442e-11
0.0320064 0.208924 1.12791 9.9674e-11
0.031556 0.208861 0.975773 3.54444e-10
0.0311065 0.208779 0.679219 -1.03767e-10
0.0306449 0.208675 1.26885 1.24096e-09
0.0303299 0.208592 1.04972 -3.80102e-11
0.0300301 0.208503 0.800544 2.16332e-11
0.0297472 0.208411 1.08313 3.46205e-10
0.0294997 0.208323 0.754295 2.71536e-10
0.0292687 0.208235 0.651886 2.95227e-10
0.0290528 0.208148 0.993719 3.78543e-10
0.0287802 0.208029 0.892989 3.80847e-10
0.0284182 0.207858 0.870332 4.30945e-10
0.0280916 0.20769 0.931274 4.66033e-10
0.0277714 0.207511 0.856247 6.18031e-10
0.0275334 0.207368 0.553471 3.81426e-10
0.0273215 0.207234 0.929882 5.51149e-10
0.0270827 0.207075 0.735573 1.51422e-10
0.0267584 0.206845 0.718701 3.37115e-10
0.0262953 0.206483 0.745532 6.35548e-10
0.0257001 0.205954 0.570768 5.14799e-10
0.0250824 0.205314 0.545981 6.28796e-10
0.0245335 0.204646 -0.0953176 4.0134e-10
0.0240795 0.204001 1.23822 7.15092e-10
0.0236806 0.203338 0.333251 9.18805e-11
0.0234053 0.202809 0.357176 5.62726e-10
0.023216 0.202398 0.0945545 2.68816e-10
0.0230754 0.20206 0.309162 4.84385e-10
0.0229613 0.20176 0.222185 1.67227e-11
0.0228604 0.201471 -0.93516 1.3596e-09
0.0227709 0.201189 -1.21266 -7.26462e-12
0.0226799 0.200871 2.39051 1.68016e-09
0.0225843 0.200491 -0.225823 -5.30937e-10
0.0224944 0.200066 -0.991686 7.98175e-10
0.0223951 0.199454 -0.170625 -1.03259e-09
0.0223215 0.19871 0.979301 -2.81195e-10
0.0222987 0.197945 -1.19437 6.10729e-10
0.0223267 0.197214 1.84745 -1.75487e-09
0.0223859 0.196617 0.647422 -1.47318e-09
0.0224645 0.196096 -0.146775 -9.37393e-10
0.022586 0.195502 -0.34061 -2.78759e-10
0.0227272 0.194959 -0.0484376 -7.30467e-10
0.0228432 0.194582 -0.116597 -5.33039e-10
0.0229657 0.194228 -0.246429 -7.85727e-10
0.0230786 0.193932 -0.0925368 -8.36874e-10
0.0232177 0.193598 -0.136596 -9.38648e-10
0.0234054 0.193191 -0.15656 -5.25043e-10
0.0236736 0.192675 -0.216502 -8.04256e-10
0.0240505 0.192044 -0.169959 -6.86673e-10
0.0244636 0.191447 -0.185158 -4.79309e-10
0.0247975 0.191019 -0.222235 -6.87049e-10
0.0251036 0.190662 -0.229854 -7.54031e-10
0.0254188 0.190325 -0.175517 -7.28172e-10
0.0258237 0.18993 -0.155967 -6.96359e-10
0.0262936 0.189519 -0.137407 -6.05303e-10
0.0266753 0.189217 -0.117569 -4.14208e-10
0.0269556 0.189013 -0.13328 -5.74127e-10
0.0272402 0.188819 -0.278719 -5.53597e-10
0.0274734 0.188669 -0.167131 -4.91983e-10
0.0277117 0.188524 -0.0445016 -4.44254e-10
0.0279454 0.18839 -0.0172266 -3.41436e-10
0.0281496 0.18828 -0.21227 -4.63277e-10
0.0284181 0.188142 -0.206897 -3.41863e-10
0.0286597 0.188026 -0.166008 -2.68482e-10
0.028935 0.187903 -0.197133 -3.13121e-10
0.0291805 0.1878 -0.0711229 -2.31719e-10
0.0294051 0.187712 -0.0670923 -2.8178e-10
0.0296889 0.187609 -0.138903 -2.85872e-10
0.0299355 0.187527 -0.153901 -2.00469e-10
0.0302572 0.187429 -0.12851 -2.12142e-10
0.0305372 0.187352 -0.14574 -2.07055e-10
0.030818 0.187283 -0.1463 -1.57618e-10
0.0310469 0.187233 -0.11305 -1.33469e-10
0.03129 0.187185 -0.089644 -1.45154e-10
0.0315178 0.187145 -0.03462 -1.01436e-10
0.0317434 0.18711 -0.30195 -2.13846e-10
0.0319816 0.187079 -0.156045 9.69078e-12
0.0322518 0.18705 -0.209253 -6.75103e-11
0.0325333 0.187027 -0.147665 7.42849e-11
0.0328937 0.187007 -0.0940153 -6.04907e-11
0.0332946 0.187 -0.121363 3.31524e-11
0.0337422 0.187009 -0.100199 3.8744e-11
0.0342591 0.187042 -0.0924585 5.36104e-11
0.0349001 0.187117 -0.102588 2.72935e-11
0.0354934 0.187221 -0.121059 1.17339e-10
0.0359616 0.187327 -0.293805 2.63101e-10
0.0362795 0.187412 -0.100851 1.30289e-10
0.0365827 0.187502 -0.12048 2.04713e-10
0.0368996 0.187606 -0.140186 2.77315e-10
0.037142 0.187693 -0.0774652 2.51922e-10
0.0374033 0.187795 -0.144814 2.7831e-10
0.037754 0.187943 -0.154246 3.15454e-10
0.038072 0.18809 -0.122854 2.50356e-10
0.0384026 0.188256 -0.130176 3.09516e-10
0.0386894 0.188412 -0.153013 3.88774e-10
0.038893 0.188529 -0.17058 4.0947e-10
0.0390983 0.188653 -0.124061 4.23102e-10
0.039319 0.188794 -0.113044 3.2972e-10
0.0395543 0.188952 -0.0991833 4.63972e-10
0.0397866 0.189117 -0.168714 4.35499e-10
0.0400035 0.18928 -0.218405 5.57762e-10
0.0402131 0.189445 -0.046668 4.95215e-10
0.0404173 0.189614 -0.0606994 4.11109e-10
0.0406491 0.189816 0.057387 4.74772e-10
0.0409353 0.190083 -0.248662 8.51043e-10
0.0412762 0.190427 -0.352038 2.86655e-10
0.0415571 0.190734 -0.0597925 4.21633e-10
0.041814 0.191037 -0.228629 6.56711e-10
0.0420698 0.191362 -0.0354056 4.3867e-10
0.0422576 0.191617 -0.0255608 7.47643e-10
0.0424059 0.191831 -0.166666 7.44743e-10
0.0425311 0.19202 0.0769286 6.30659e-10
0.0426533 0.192213 -0.299688 6.63763e-10
0.0427733 0.192412 -0.29212 6.15538e-10
0.0428875 0.19261 0.199021 4.69143e-10
0.0429972 0.19281 -0.0917582 7.65116e-10
0.0431117 0.19303 -0.285108 7.27763e-10
0.0432376 0.193287 -0.124665 3.90736e-10
0.0433964 0.193637 -0.00919858 7.56695e-10
0.0435436 0.193995 -0.0116803 5.70371e-10
0.0436563 0.194296 -0.221261 6.45915e-10
0.0437508 0.194572 0.0986908 4.34734e-10
0.0438427 0.194866 0.096133 7.09379e-10
0.0439246 0.195156 -0.287888 8.20896e-10
0.0439972 0.195443 0.205662 4.86347e-10
0.0440792 0.195814 -0.0893159 4.16081e-10
0.0441758 0.196361 -0.0916322 5.0849e-10
0.0442667 0.197163 0.792649 2.81335e-10
