x y fp fmu
0.042384 0.198 -0.446123 9.63028e-10
0.0423526 0.198831 0.33125 8.31099e-11
0.0422492 0.199717 -0.760956 -1.10143e-10
0.0420942 0.200508 -0.200423 -1.55978e-10
0.041947 0.20107 0.145147 -9.57558e-11
0.0418251 0.201462 0.142744 -4.38161e-11
0.0417133 0.201782 0.182491 1.37556e-10
0.0415881 0.202108 0.326 -2.1782e-10
0.041445 0.202447 0.254462 -9.87385e-11
0.0412867 0.202789 0.512723 -2.42726e-10
0.0411084 0.203142 0.10978 -4.3913e-10
0.0408737 0.203563 0.22531 -6.2969e-10
0.0405124 0.204138 0.442688 -4.79323e-10
0.0401057 0.204703 0.24882 -6.87689e-11
0.0397393 0.205155 0.36413 -5.002e-11
0.0393114 0.205626 0.756036 -5.28712e-10
0.0389632 0.205972 0.627332 -2.79286e-10
0.0386713 0.20624 0.548378 -5.1899e-10
0.0384532 0.206428 0.50279 -5.26326e-10
0.0382516 0.206593 1.00758 -4.85728e-10
0.0380485 0.206751 0.5084 -4.89194e-10
0.0378356 0.206909 0.504425 -4.74748e-10
0.0376092 0.207069 0.659873 -4.09731e-10
0.0373821 0.207221 0.981853 -4.11504e-10
0.037163 0.20736 0.256985 -5.37489e-10
0.036959 0.207483 0.777667 -5.44605e-10
0.0366968 0.207632 1.06573 -6.09202e-10
0.0364588 0.207759 0.698106 1.54592e-10
0.0361324 0.207922 1.94855 5.33725e-10
0.0357803 0.208083 0.739009 -2.97672e-09
0.0354458 0.208223 0.237032 -7.11117e-10
0.0351823 0.208323 0.785051 -2.77522e-10
0.0348974 0.208424 0.883509 -4.02607e-10
0.034613 0.208515 0.966456 -1.64548e-11
0.0342989 0.208607 0.948141 -1.90678e-10
0.0340185 0.20868 1.53128 -2.90821e-10
0.0337706 0.208738 0.355153 -4.37638e-10
0.0335308 0.208788 0.481128 -2.74299e-10
0.0333008 0.208832 1.33494 -1.84668e-10
0.0330828 0.208868 0.989203 -3.08263e-10
0.0328607 0.2089 0.940291 4.92305e-11
0.0326175 0.208931 1.09217 -1.60496e-10
0.0323316 0.208959 1.06009 -1.32855e-10
0.0319847 0.208984 1.01869 -8.55407e-11
0.0315177 0.208999 1.03784 -2.09348e-11
0.0310232 0.208994 1.0139 5.53348e-11
0.0305564 0.208969 1.06342 7.11621e-11
0.0300919 0.208924 1.12822 1.27133e-10
0.0296415 0.208861 0.894418 3.51463e-10
0.0291919 0.208779 0.986259 -3.52811e-11
0.0287304 0.208675 1.29219 5.46526e-10
0.0284154 0.208592 0.819579 2.60571e-10
0.0281156 0.208503 0.985628 1.12905e-10
0.0278327 0.208411 1.08979 4.00356e-10
0.0275852 0.208323 0.872081 3.34699e-10
0.0273541 0.208235 0.921373 3.04724e-10
0.0271383 0.208148 1.08755 4.04746e-10
0.0268657 0.208029 1.0144 4.27965e-10
0.0265037 0.207858 1.00695 4.54897e-10
0.0261771 0.20769 1.03713 4.99502e-10
0.0258569 0.207511 0.966301 6.2694e-10
0.0256189 0.207368 0.81121 4.29329e-10
0.0254069 0.207234 1.05492 5.98004e-10
0.0251682 0.207075 0.883356 3.35682e-10
0.0248439 0.206845 0.915625 4.20507e-10
0.0243808 0.206483 0.903828 6.63993e-10
0.0237856 0.205954 0.798235 5.90624e-10
0.0231679 0.205314 0.760622 6.76175e-10
0.022619 0.204646 0.348838 4.41009e-10
0.0221649 0.204001 1.23496 7.61878e-10
0.0217661 0.203338 0.559142 3.37011e-10
0.0214907 0.202809 0.581849 6.67861e-10
0.0213015 0.202398 0.377775 4.04049e-10
0.0211609 0.20206 0.532784 5.64892e-10
0.0210468 0.20176 0.441765 2.13257e-10
0.0209459 0.201471 -0.377873 1.24309e-09
0.0208563 0.201189 -0.470441 5.9556e-11
0.0207654 0.200871 1.97352 1.39119e-09
0.0206698 0.200491 0.0214203 -7.43628e-11
0.0205798 0.200066 -0.463027 7.93234e-10
0.0204806 0.199454 0.166078 -6.55056e-10
0.020407 0.19871 0.930663 -2.51669e-10
0.0203842 0.197945 -0.691114 7.06517e-10
0.0204121 0.197214 1.55628 -1.3084e-09
0.0204714 0.196617 0.587318 -1.01105e-09
0.02055 0.196096 -0.0051432 -6.61092e-10
0.0206715 0.195502 -0.156577 -1.26668e-10
0.0208126 0.194959 0.0447089 -5.12254e-10
0.0209287 0.194582 -0.00774699 -3.2642e-10
0.0210512 0.194228 -0.127449 -5.74783e-10
0.0211641 0.193932 -0.00941833 -6.47909e-10
0.0213031 0.193598 -0.063721 -7.44114e-10
0.0214909 0.193191 -0.0776614 -3.51491e-10
0.021759 0.192675 -0.146393 -6.29422e-10
0.022136 0.192044 -0.125836 -5.38757e-10
0.0225491 0.191447 -0.151896 -3.35274e-10
0.022883 0.191019 -0.193101 -5.49938e-10
0.0231891 0.190662 -0.207008 -6.49431e-10
0.0235042 0.190325 -0.16244 -6.3096e-10
0.0239092 0.18993 -0.151469 -6.14214e-10
0.0243791 0.189519 -0.140763 -5.33004e-10
0.0247608 0.189217 -0.122311 -3.26839e-10
0.0250411 0.189013 -0.145781 -5.22511e-10
0.0253257 0.188819 -0.287973 -5.05387e-10
0.0255589 0.188669 -0.168438 -4.621e-10
0.0257972 0.188524 -0.0535262 -4.00199e-10
0.0260309 0.18839 -0.0385898 -2.73959e-10
0.026235 0.18828 -0.235463 -4.18523e-10
0.0265036 0.188142 -0.217769 -3.01838e-10
0.0267451 0.188026 -0.176413 -2.18028e-10
0.0270204 0.187903 -0.206954 -2.92167e-10
0.027266 0.1878 -0.0711231 -2.08631e-10
0.0274906 0.187712 -0.0849286 -2.62987e-10
0.0277744 0.187609 -0.159068 -2.74111e-10
0.028021 0.187527 -0.167216 -1.63533e-10
0.0283427 0.187429 -0.142984 -2.03015e-10
0.0286227 0.187352 -0.15951 -2.0295e-10
0.0289035 0.187283 -0.157696 -1.54621e-10
0.0291324 0.187233 -0.116138 -1.29e-10
0.0293755 0.187185 -0.108616 -1.42881e-10
0.0296033 0.187145 -0.067836 -6.4858e-11
0.0298288 0.18711 -0.353936 -2.59316e-10
0.030067 0.187079 -0.123597 2.80526e-11
0.0303373 0.18705 -0.230034 -9.64442e-11
0.0306188 0.187027 -0.128087 5.13463e-11
0.0309792 0.187007 -0.100421 -5.96306e-11
0.0313801 0.187 -0.124496 2.86523e-11
0.0318277 0.187009 -0.103252 1.76731e-11
0.0323445 0.187042 -0.0986134 7.87841e-11
0.0329856 0.187117 -0.105559 3.46582e-11
0.0335789 0.187221 -0.142719 9.7233e-11
0.0340471 0.187327 -0.301086 2.85856e-10
0.034365 0.187412 -0.034538 1.84119e-10
0.0346682 0.187502 -0.113228 2.07416e-10
0.0349851 0.187606 -0.132881 2.89003e-10
0.0352274 0.187693 -0.0727941 2.62242e-10
0.0354888 0.187795 -0.146362 2.83844e-10
0.0358394 0.187943 -0.146842 3.36723e-10
0.0361575 0.18809 -0.116794 3.00216e-10
0.0364881 0.188256 -0.12635 3.44014e-10
0.0367749 0.188412 -0.150522 4.13214e-10
0.0369785 0.188529 -0.16074 4.46068e-10
0.0371838 0.188653 -0.114841 4.58766e-10
0.0374045 0.188794 -0.110483 3.95804e-10
0.0376398 0.188952 -0.0978844 5.09382e-10
0.0378721 0.189117 -0.171529 4.88014e-10
0.038089 0.18928 -0.212387 6.16399e-10
0.0382986 0.189445 -0.0332111 5.59611e-10
0.0385028 0.189614 -0.0622409 4.97886e-10
0.0387346 0.189816 0.0594214 5.45147e-10
0.0390208 0.190083 -0.27124 8.96448e-10
0.0393617 0.190427 -0.364805 4.04827e-10
0.0396426 0.190734 -0.0708645 5.05671e-10
0.0398995 0.191037 -0.254507 7.89551e-10
0.0401553 0.191362 -0.046788 5.73315e-10
0.040343 0.191617 -0.0351156 8.67132e-10
0.0404914 0.191831 -0.20194 8.91009e-10
0.0406166 0.19202 0.0731536 7.67629e-10
0.0407388 0.192213 -0.370396 8.21615e-10
0.0408588 0.192412 -0.362774 7.67919e-10
0.040973 0.19261 0.205782 6.21485e-10
0.0410827 0.19281 -0.135558 9.46229e-10
0.0411972 0.19303 -0.371612 9.04406e-10
0.0413231 0.193287 -0.193525 5.59701e-10
0.0414819 0.193637 -0.0497084 9.42698e-10
0.041629 0.193995 -0.0709567 7.66065e-10
0.0417417 0.194296 -0.327463 8.80893e-10
0.0418362 0.194572 0.0350862 6.32452e-10
0.0419282 0.194866 0.0564502 9.09285e-10
0.0420101 0.195156 -0.451922 1.07289e-09
0.0420827 0.195443 0.164267 6.74252e-10
0.0421647 0.195814 -0.228257 6.27162e-10
0.0422613 0.196361 -0.211077 7.99676e-10
0.0423522 0.197163 0.875516 4.81566e-10
