x y fp fmu
0.0424682 0.198 -0.49155 9.83441e-10
0.0424368 0.198831 0.319047 6.32844e-11
0.0423333 0.199717 -0.81756 -1.39458e-10
0.0421784 0.200508 -0.241962 -1.90588e-10
0.0420312 0.20107 0.119537 -1.24537e-10
0.0419093 0.201462 0.11697 -7.09249e-11
0.0417975 0.201782 0.155751 1.18809e-10
0.0416722 0.202108 0.304719 -2.51337e-10
0.0415292 0.202447 0.229375 -1.27913e-10
0.0413709 0.202789 0.496223 -2.74932e-10
0.0411926 0.203142 0.0802661 -4.76709e-10
0.0409579 0.203563 0.196977 -6.73311e-10
0.0405966 0.204138 0.420094 -5.15419e-10
0.0401899 0.204703 0.221524 -8.67163e-11
0.0398235 0.205155 0.33492 -7.10369e-11
0.0393956 0.205626 0.73872 -5.62044e-10
0.0390474 0.205972 0.607273 -3.02815e-10
0.0387555 0.20624 0.526187 -5.47069e-10
0.0385374 0.206428 0.477404 -5.54604e-10
0.0383358 0.206593 0.993725 -5.11179e-10
0.0381327 0.206751 0.486435 -5.13666e-10
0.0379197 0.206909 0.480238 -4.9629e-10
0.0376934 0.207069 0.637004 -4.30625e-10
0.0374663 0.207221 0.967323 -4.30863e-10
0.0372472 0.20736 0.229094 -5.58537e-10
0.0370432 0.207483 0.754148 -5.66286e-10
0.0367809 0.207632 1.05254 -6.29627e-10
0.036543 0.207759 0.675999 1.46675e-10
0.0362165 0.207922 1.93778 5.33285e-10
0.0358645 0.208083 0.727698 -3.02162e-09
0.03553 0.208223 0.209142 -7.24037e-10
0.0352665 0.208323 0.764761 -2.86794e-10
0.0349816 0.208424 0.863816 -4.14173e-10
0.0346971 0.208515 0.950831 -2.20732e-11
0.0343831 0.208607 0.92948 -1.98872e-10
0.0341026 0.20868 1.52003 -2.98323e-10
0.0338548 0.208738 0.342702 -4.41656e-10
0.0336149 0.208788 0.457629 -2.78808e-10
0.0333849 0.208832 1.31697 -1.88519e-10
0.0331669 0.208868 0.9761 -3.11819e-10
0.0329448 0.2089 0.924107 4.56174e-11
0.0327017 0.208931 1.07735 -1.64682e-10
0.0324157 0.208959 1.04627 -1.35482e-10
0.0320689 0.208984 1.0049 -8.67237e-11
0.0316019 0.208999 1.02441 -2.21146e-11
0.0311074 0.208994 1.00076 5.52908e-11
0.0306406 0.208969 1.05026 7.17036e-11
0.030176 0.208924 1.11674 1.26828e-10
0.0297256 0.208861 0.88448 3.51331e-10
0.0292761 0.208779 0.972115 -3.56792e-11
0.0288145 0.208675 1.28139 5.49667e-10
0.0284995 0.208592 0.813937 2.55638e-10
0.0281997 0.208503 0.974386 1.1144e-10
0.0279169 0.208411 1.08079 3.95891e-10
0.0276693 0.208323 0.864096 3.30704e-10
0.0274383 0.208235 0.911952 3.01403e-10
0.0272224 0.208148 1.07837 3.98943e-10
0.0269499 0.208029 1.00608 4.21084e-10
0.0265879 0.207858 0.998947 4.47546e-10
0.0262613 0.20769 1.02921 4.90418e-10
0.0259411 0.207511 0.959869 6.14258e-10
0.0257031 0.207368 0.806542 4.20591e-10
0.0254911 0.207234 1.04705 5.8377e-10
0.0252523 0.207075 0.878933 3.26634e-10
0.024928 0.206845 0.909962 4.09865e-10
0.024465 0.206483 0.899377 6.46089e-10
0.0238697 0.205954 0.795834 5.71669e-10
0.0232521 0.205314 0.76003 6.52941e-10
0.0227032 0.204646 0.359714 4.23819e-10
0.0222491 0.204001 1.2202 7.29678e-10
0.0218502 0.203338 0.56472 3.16212e-10
0.0215749 0.202809 0.585699 6.34132e-10
0.0213857 0.202398 0.388619 3.80431e-10
0.0212451 0.20206 0.537509 5.3443e-10
0.021131 0.20176 0.450025 1.95487e-10
0.0210301 0.201471 -0.339989 1.18329e-09
0.0209405 0.201189 -0.434454 5.24895e-11
0.0208495 0.200871 1.92421 1.327e-09
0.020754 0.200491 0.0476011 -9.00019e-11
0.020664 0.200066 -0.420667 7.46718e-10
0.0205648 0.199454 0.179549 -6.37314e-10
0.0204912 0.19871 0.916209 -2.48404e-10
0.0204684 0.197945 -0.637147 6.55673e-10
0.0204963 0.197214 1.50345 -1.25781e-09
0.0205556 0.196617 0.585743 -9.81361e-10
0.0206342 0.196096 0.0179548 -6.44537e-10
0.0207556 0.195502 -0.128371 -1.38721e-10
0.0208968 0.194959 0.0608888 -5.02409e-10
0.0210129 0.194582 0.0104512 -3.29198e-10
0.0211353 0.194228 -0.10392 -5.61034e-10
0.0212483 0.193932 0.00631496 -6.27811e-10
0.0213873 0.193598 -0.0449425 -7.17805e-10
0.0215751 0.193191 -0.0597111 -3.51939e-10
0.0218432 0.192675 -0.126024 -6.10515e-10
0.0222201 0.192044 -0.108613 -5.23923e-10
0.0226333 0.191447 -0.134013 -3.36405e-10
0.0229671 0.191019 -0.174591 -5.34992e-10
0.0232733 0.190662 -0.189221 -6.2435e-10
0.0235884 0.190325 -0.148831 -6.06158e-10
0.0239934 0.18993 -0.139393 -5.89586e-10
0.0244632 0.189519 -0.130105 -5.13991e-10
0.024845 0.189217 -0.113072 -3.24557e-10
0.0251252 0.189013 -0.135036 -5.03036e-10
0.0254099 0.188819 -0.268838 -4.86935e-10
0.025643 0.188669 -0.160916 -4.43733e-10
0.0258813 0.188524 -0.0510818 -3.87769e-10
0.0261151 0.18839 -0.0328541 -2.74285e-10
0.0263192 0.18828 -0.219383 -4.07493e-10
0.0265878 0.188142 -0.20663 -2.9618e-10
0.0268293 0.188026 -0.167047 -2.18557e-10
0.0271046 0.187903 -0.197793 -2.842e-10
0.0273502 0.1878 -0.0696947 -2.05116e-10
0.0275747 0.187712 -0.0788308 -2.57831e-10
0.0278585 0.187609 -0.149724 -2.67849e-10
0.0281052 0.187527 -0.158889 -1.6512e-10
0.0284269 0.187429 -0.135833 -1.99204e-10
0.0287069 0.187352 -0.151715 -1.98934e-10
0.0289877 0.187283 -0.150547 -1.52348e-10
0.0292166 0.187233 -0.110867 -1.2804e-10
0.0294597 0.187185 -0.101441 -1.41404e-10
0.0296875 0.187145 -0.0589275 -6.9409e-11
0.029913 0.18711 -0.338973 -2.51616e-10
0.0301512 0.187079 -0.122541 2.44142e-11
0.0304215 0.18705 -0.22141 -9.3964e-11
0.030703 0.187027 -0.124735 5.26373e-11
0.0310634 0.187007 -0.0941109 -5.96423e-11
0.0314642 0.187 -0.118062 2.86166e-11
0.0319119 0.187009 -0.0961308 1.89074e-11
0.0324287 0.187042 -0.0909496 7.65802e-11
0.0330698 0.187117 -0.0983919 3.42554e-11
0.0336631 0.187221 -0.132966 1.01008e-10
0.0341313 0.187327 -0.297632 2.90677e-10
0.0344491 0.187412 -0.0355155 1.82209e-10
0.0347523 0.187502 -0.106532 2.13266e-10
0.0350693 0.187606 -0.127654 2.97557e-10
0.0353116 0.187693 -0.0637078 2.71157e-10
0.035573 0.187795 -0.139642 2.94872e-10
0.0359236 0.187943 -0.14204 3.48758e-10
0.0362417 0.18809 -0.11109 3.05396e-10
0.0365723 0.188256 -0.120271 3.5559e-10
0.0368591 0.188412 -0.145925 4.31099e-10
0.0370627 0.188529 -0.159298 4.64769e-10
0.037268 0.188653 -0.110237 4.78554e-10
0.0374886 0.188794 -0.105249 4.06029e-10
0.0377239 0.188952 -0.0905139 5.33313e-10
0.0379562 0.189117 -0.168837 5.09583e-10
0.0381731 0.18928 -0.218546 6.46074e-10
0.0383828 0.189445 -0.0249811 5.84454e-10
0.038587 0.189614 -0.0553162 5.14267e-10
0.0388187 0.189816 0.0807344 5.70969e-10
0.039105 0.190083 -0.275952 9.55345e-10
0.0394458 0.190427 -0.392849 4.05368e-10
0.0397268 0.190734 -0.0668746 5.20749e-10
0.0399836 0.191037 -0.266756 8.25656e-10
0.0402394 0.191362 -0.0469364 5.87882e-10
0.0404272 0.191617 -0.0309178 9.10972e-10
0.0405756 0.191831 -0.2133 9.3444e-10
0.0407008 0.19202 0.08374 8.00995e-10
0.040823 0.192213 -0.393831 8.56923e-10
0.040943 0.192412 -0.390378 7.97127e-10
0.0410571 0.19261 0.221793 6.39157e-10
0.0411669 0.19281 -0.143662 9.89229e-10
0.0412814 0.19303 -0.399662 9.42432e-10
0.0414073 0.193287 -0.210841 5.68476e-10
0.0415661 0.193637 -0.058367 9.80952e-10
0.0417132 0.193995 -0.0808421 7.90573e-10
0.0418259 0.194296 -0.357225 9.0998e-10
0.0419204 0.194572 0.0277102 6.43274e-10
0.0420123 0.194866 0.0509421 9.41926e-10
0.0420943 0.195156 -0.492177 1.11365e-09
0.0421668 0.195443 0.160371 6.88157e-10
0.0422489 0.195814 -0.254179 6.37665e-10
0.0423455 0.196361 -0.244071 8.13864e-10
0.0424364 0.197163 0.901252 4.81384e-10
