x y fp fmu
0.0427292 0.198 -0.525512 9.73692e-10
0.0426978 0.198831 0.310416 2.86493e-11
0.0425944 0.199717 -0.847668 -1.86787e-10
0.0424394 0.200508 -0.269627 -2.43574e-10
0.0422922 0.20107 0.1057 -1.7144e-10
0.0421703 0.201462 0.104666 -1.22159e-10
0.0420585 0.201782 0.140823 7.80004e-11
0.0419333 0.202108 0.295076 -3.07124e-10
0.0417902 0.202447 0.21776 -1.83008e-10
0.0416319 0.202789 0.490894 -3.28212e-10
0.0414536 0.203142 0.0713463 -5.32892e-10
0.0412189 0.203563 0.186173 -7.33343e-10
0.0408576 0.204138 0.412268 -5.69085e-10
0.0404509 0.204703 0.216492 -1.20892e-10
0.0400845 0.205155 0.320321 -1.14302e-10
0.0396566 0.205626 0.732321 -6.12068e-10
0.0393084 0.205972 0.603085 -3.4336e-10
0.0390165 0.20624 0.52246 -5.8664e-10
0.0387984 0.206428 0.468595 -5.96956e-10
0.0385968 0.206593 0.986755 -5.48322e-10
0.0383937 0.206751 0.486875 -5.50609e-10
0.0381808 0.206909 0.475434 -5.26368e-10
0.0379544 0.207069 0.627232 -4.63149e-10
0.0377273 0.207221 0.962527 -4.59838e-10
0.0375082 0.20736 0.228048 -5.87205e-10
0.0373042 0.207483 0.736247 -5.9682e-10
0.037042 0.207632 1.04745 -6.54151e-10
0.036804 0.207759 0.665916 1.14832e-10
0.0364776 0.207922 1.8932 5.02281e-10
0.0361255 0.208083 0.747674 -2.99604e-09
0.035791 0.208223 0.207434 -7.25955e-10
0.0355275 0.208323 0.755296 -3.02258e-10
0.0352426 0.208424 0.849924 -4.3129e-10
0.0349582 0.208515 0.944467 -4.15668e-11
0.0346441 0.208607 0.913834 -2.17655e-10
0.0343637 0.20868 1.49949 -3.10735e-10
0.0341158 0.208738 0.376788 -4.3317e-10
0.033876 0.208788 0.444741 -2.83405e-10
0.033646 0.208832 1.28155 -1.97111e-10
0.033428 0.208868 0.974225 -3.10938e-10
0.0332059 0.2089 0.911951 2.69544e-11
0.0329627 0.208931 1.06316 -1.76036e-10
0.0326768 0.208959 1.03714 -1.40636e-10
0.0323299 0.208984 0.996414 -8.81213e-11
0.0318629 0.208999 1.01502 -2.65405e-11
0.0313684 0.208994 0.991286 5.33043e-11
0.0309016 0.208969 1.03617 7.42587e-11
0.0304371 0.208924 1.11003 1.24244e-10
0.0299867 0.208861 0.885055 3.52267e-10
0.0295371 0.208779 0.936584 -4.22267e-11
0.0290756 0.208675 1.2745 6.08019e-10
0.0287606 0.208592 0.829553 2.25387e-10
0.0284608 0.208503 0.952024 1.0254e-10
0.0281779 0.208411 1.07602 3.86852e-10
0.0279304 0.208323 0.85077 3.21646e-10
0.0276993 0.208235 0.885586 2.9653e-10
0.0274835 0.208148 1.06641 3.90111e-10
0.0272109 0.208029 0.992525 4.09546e-10
0.0268489 0.207858 0.984589 4.37049e-10
0.0265223 0.20769 1.01718 4.77208e-10
0.0262021 0.207511 0.949026 5.99005e-10
0.0259641 0.207368 0.786291 4.06111e-10
0.0257521 0.207234 1.03361 5.63681e-10
0.0255134 0.207075 0.867133 3.01006e-10
0.0251891 0.206845 0.893213 3.90653e-10
0.024726 0.206483 0.886672 6.22695e-10
0.0241308 0.205954 0.780071 5.43655e-10
0.0235131 0.205314 0.747177 6.21457e-10
0.0229642 0.204646 0.343222 3.99365e-10
0.0225101 0.204001 1.20569 6.87606e-10
0.0221113 0.203338 0.55677 2.73444e-10
0.0218359 0.202809 0.575864 5.86003e-10
0.0216467 0.202398 0.382591 3.41312e-10
0.0215061 0.20206 0.528525 4.91263e-10
0.021392 0.20176 0.445275 1.58682e-10
0.0212911 0.201471 -0.33312 1.11998e-09
0.0212015 0.201189 -0.442346 3.63161e-11
0.0211106 0.200871 1.89526 1.26958e-09
0.021015 0.200491 0.0606276 -1.4063e-10
0.020925 0.200066 -0.407122 6.91585e-10
0.0208258 0.199454 0.172081 -6.44185e-10
0.0207522 0.19871 0.901503 -2.50392e-10
0.0207294 0.197945 -0.610008 5.90291e-10
0.0207573 0.197214 1.45801 -1.23099e-09
0.0208166 0.196617 0.584715 -9.79407e-10
0.0208952 0.196096 0.0317503 -6.45269e-10
0.0210167 0.195502 -0.111417 -1.64105e-10
0.0211578 0.194959 0.0696601 -5.07053e-10
0.0212739 0.194582 0.0207582 -3.47477e-10
0.0213964 0.194228 -0.0884433 -5.60766e-10
0.0215093 0.193932 0.0152316 -6.18872e-10
0.0216483 0.193598 -0.0319219 -7.02206e-10
0.0218361 0.193191 -0.0479186 -3.65307e-10
0.0221042 0.192675 -0.110961 -6.02062e-10
0.0224811 0.192044 -0.0953913 -5.18306e-10
0.0228943 0.191447 -0.119122 -3.48662e-10
0.0232282 0.191019 -0.158715 -5.28666e-10
0.0235343 0.190662 -0.173677 -6.04374e-10
0.0238494 0.190325 -0.137297 -5.85976e-10
0.0242544 0.18993 -0.128857 -5.68563e-10
0.0247243 0.189519 -0.120471 -4.98687e-10
0.025106 0.189217 -0.104767 -3.29375e-10
0.0253863 0.189013 -0.124386 -4.85842e-10
0.0256709 0.188819 -0.248925 -4.70623e-10
0.0259041 0.188669 -0.154833 -4.26102e-10
0.0261423 0.188524 -0.0498661 -3.77903e-10
0.0263761 0.18839 -0.0266399 -2.80787e-10
0.0265802 0.18828 -0.20158 -3.99499e-10
0.0268488 0.188142 -0.195435 -2.93746e-10
0.0270903 0.188026 -0.157735 -2.23879e-10
0.0273656 0.187903 -0.188878 -2.77636e-10
0.0276112 0.1878 -0.0699652 -2.03644e-10
0.0278358 0.187712 -0.0722444 -2.54373e-10
0.0281195 0.187609 -0.139389 -2.62617e-10
0.0283662 0.187527 -0.15027 -1.70624e-10
0.0286879 0.187429 -0.128342 -1.96415e-10
0.0289679 0.187352 -0.143538 -1.95536e-10
0.0292487 0.187283 -0.143254 -1.50716e-10
0.0294776 0.187233 -0.106199 -1.27969e-10
0.0297207 0.187185 -0.0931761 -1.40638e-10
0.0299485 0.187145 -0.0472208 -7.81286e-11
0.030174 0.18711 -0.320022 -2.40198e-10
0.0304122 0.187079 -0.125705 1.86239e-11
0.0306825 0.18705 -0.211746 -8.94274e-11
0.030964 0.187027 -0.124263 5.64888e-11
0.0313244 0.187007 -0.0876299 -6.01775e-11
0.0317253 0.187 -0.111841 2.91252e-11
0.0321729 0.187009 -0.088871 2.24975e-11
0.0326897 0.187042 -0.0826246 7.18955e-11
0.0333308 0.187117 -0.0909779 3.30273e-11
0.0339241 0.187221 -0.120425 1.08323e-10
0.0343923 0.187327 -0.295529 2.9603e-10
0.0347102 0.187412 -0.0458532 1.75064e-10
0.0350134 0.187502 -0.100757 2.21522e-10
0.0353303 0.187606 -0.124015 3.08833e-10
0.0355726 0.187693 -0.0543419 2.82952e-10
0.035834 0.187795 -0.133122 3.10001e-10
0.0361846 0.187943 -0.139101 3.63637e-10
0.0365027 0.18809 -0.106702 3.08095e-10
0.0368333 0.188256 -0.115226 3.68503e-10
0.0371201 0.188412 -0.142887 4.53509e-10
0.0373237 0.188529 -0.161319 4.87066e-10
0.037529 0.188653 -0.107883 5.02346e-10
0.0377497 0.188794 -0.101348 4.13803e-10
0.037985 0.188952 -0.0836977 5.61631e-10
0.0382173 0.189117 -0.168169 5.33942e-10
0.0384341 0.18928 -0.230758 6.80669e-10
0.0386438 0.189445 -0.0187948 6.11792e-10
0.038848 0.189614 -0.0492903 5.27899e-10
0.0390798 0.189816 0.105201 5.988e-10
0.039366 0.190083 -0.283695 1.02955e-09
0.0397069 0.190427 -0.431997 3.94896e-10
0.0399878 0.190734 -0.0642613 5.32914e-10
0.0402447 0.191037 -0.284312 8.60341e-10
0.0405005 0.191362 -0.0499434 5.93987e-10
0.0406882 0.191617 -0.0288706 9.57061e-10
0.0408366 0.191831 -0.228851 9.76825e-10
0.0409618 0.19202 0.0932483 8.31252e-10
0.041084 0.192213 -0.42139 8.87568e-10
0.041204 0.192412 -0.423035 8.20361e-10
0.0413182 0.19261 0.237336 6.47357e-10
0.0414279 0.19281 -0.154297 1.02746e-09
0.0415424 0.19303 -0.43147 9.74443e-10
0.0416683 0.193287 -0.230331 5.6342e-10
0.0418271 0.193637 -0.0699296 1.01236e-09
0.0419742 0.193995 -0.0919822 8.02972e-10
0.0420869 0.194296 -0.388795 9.24295e-10
0.0421814 0.194572 0.0208026 6.38065e-10
0.0422734 0.194866 0.0433933 9.6503e-10
0.0423553 0.195156 -0.530505 1.14128e-09
0.0424279 0.195443 0.155613 6.88286e-10
0.0425099 0.195814 -0.277207 6.30877e-10
0.0426065 0.196361 -0.278427 8.02625e-10
0.0426974 0.197163 0.920355 4.61519e-10
