x y fp fmu
0.0431676 0.198 -0.540001 9.2843e-10
0.0431362 0.198831 0.309545 -2.05675e-11
0.0430328 0.199717 -0.842317 -2.50819e-10
0.0428778 0.200508 -0.276175 -3.13094e-10
0.0427306 0.20107 0.109191 -2.34708e-10
0.0426087 0.201462 0.111545 -1.96582e-10
0.0424969 0.201782 0.143623 1.53141e-11
0.0423717 0.202108 0.302384 -3.83249e-10
0.0422286 0.202447 0.225605 -2.62874e-10
0.0420703 0.202789 0.501368 -4.00918e-10
0.041892 0.203142 0.0895156 -6.05045e-10
0.0416573 0.203563 0.199386 -8.06209e-10
0.041296 0.204138 0.425026 -6.37331e-10
0.0408893 0.204703 0.240547 -1.70039e-10
0.0405229 0.205155 0.327495 -1.78354e-10
0.040095 0.205626 0.742275 -6.75513e-10
0.0397468 0.205972 0.620719 -3.987e-10
0.0394549 0.20624 0.543522 -6.3459e-10
0.0392368 0.206428 0.483412 -6.49971e-10
0.0390352 0.206593 0.991352 -5.9428e-10
0.0388321 0.206751 0.516328 -5.96918e-10
0.0386192 0.206909 0.496985 -5.62315e-10
0.0383928 0.207069 0.637313 -5.04696e-10
0.0381657 0.207221 0.972304 -4.96152e-10
0.0379466 0.20736 0.262188 -6.20281e-10
0.0377426 0.207483 0.730892 -6.3302e-10
0.0374804 0.207632 1.05484 -6.79764e-10
0.0372424 0.207759 0.675965 6.03935e-11
0.036916 0.207922 1.81713 4.37019e-10
0.0365639 0.208083 0.803781 -2.88627e-09
0.0362294 0.208223 0.240314 -7.15081e-10
0.0359659 0.208323 0.763189 -3.22797e-10
0.035681 0.208424 0.848115 -4.51786e-10
0.0353966 0.208515 0.952741 -7.50959e-11
0.0350825 0.208607 0.907416 -2.45763e-10
0.0348021 0.20868 1.47183 -3.27094e-10
0.0345542 0.208738 0.464717 -4.09118e-10
0.0343144 0.208788 0.45106 -2.87149e-10
0.0340844 0.208832 1.23242 -2.11549e-10
0.0338664 0.208868 0.988349 -3.03996e-10
0.0336443 0.2089 0.909758 -7.36382e-12
0.0334011 0.208931 1.05416 -1.9346e-10
0.0331152 0.208959 1.03732 -1.4777e-10
0.0327683 0.208984 0.998059 -8.92037e-11
0.0323013 0.208999 1.01443 -3.40644e-11
0.0318068 0.208994 0.990378 4.92686e-11
0.03134 0.208969 1.02557 7.8694e-11
0.0308755 0.208924 1.1122 1.19236e-10
0.0304251 0.208861 0.901651 3.53224e-10
0.0299756 0.208779 0.883783 -5.45374e-11
0.029514 0.208675 1.27434 7.24129e-10
0.029199 0.208592 0.87372 1.69272e-10
0.0288992 0.208503 0.9228 8.58391e-11
0.0286163 0.208411 1.07943 3.72447e-10
0.0283688 0.208323 0.836596 3.06609e-10
0.0281378 0.208235 0.845667 2.90134e-10
0.0279219 0.208148 1.05523 3.78021e-10
0.0276493 0.208029 0.977537 3.92907e-10
0.0272873 0.207858 0.96749 4.23288e-10
0.0269607 0.20769 1.00478 4.59727e-10
0.0266405 0.207511 0.937549 5.80963e-10
0.0264025 0.207368 0.753751 3.86121e-10
0.0261905 0.207234 1.01795 5.37655e-10
0.0259518 0.207075 0.851612 2.58874e-10
0.0256275 0.206845 0.868567 3.63027e-10
0.0251644 0.206483 0.869015 5.94335e-10
0.0245692 0.205954 0.753836 5.07086e-10
0.0239515 0.205314 0.724794 5.82875e-10
0.0234026 0.204646 0.300809 3.69084e-10
0.0229485 0.204001 1.1949 6.37821e-10
0.0225497 0.203338 0.537558 2.09536e-10
0.0222743 0.202809 0.554262 5.25772e-10
0.0220851 0.202398 0.361135 2.88575e-10
0.0219445 0.20206 0.507383 4.37759e-10
0.0218304 0.20176 0.428864 1.04531e-10
0.0217295 0.201471 -0.358127 1.05773e-09
0.0216399 0.201189 -0.495339 1.23182e-11
0.021549 0.200871 1.8913 1.22398e-09
0.0214534 0.200491 0.0608953 -2.24605e-10
0.0213634 0.200066 -0.423909 6.31071e-10
0.0212642 0.199454 0.143345 -6.75594e-10
0.0211906 0.19871 0.888719 -2.58744e-10
0.0211678 0.197945 -0.611606 5.13371e-10
0.0211957 0.197214 1.42378 -1.23023e-09
0.021255 0.196617 0.586071 -1.0065e-09
0.0213336 0.196096 0.0366166 -6.647e-10
0.0214551 0.195502 -0.105993 -2.01807e-10
0.0215962 0.194959 0.0711145 -5.26483e-10
0.0217123 0.194582 0.0232198 -3.80502e-10
0.0218348 0.194228 -0.0813571 -5.74599e-10
0.0219477 0.193932 0.0171634 -6.2245e-10
0.0220867 0.193598 -0.0251957 -6.99052e-10
0.0222745 0.193191 -0.042709 -3.91015e-10
0.0225426 0.192675 -0.102083 -6.0493e-10
0.0229196 0.192044 -0.0872067 -5.22496e-10
0.0233327 0.191447 -0.108484 -3.71216e-10
0.0236666 0.191019 -0.146932 -5.3157e-10
0.0239727 0.190662 -0.162019 -5.91398e-10
0.0242878 0.190325 -0.129298 -5.72273e-10
0.0246928 0.18993 -0.121374 -5.53088e-10
0.0251627 0.189519 -0.113379 -4.88529e-10
0.0255444 0.189217 -0.0987914 -3.40878e-10
0.0258247 0.189013 -0.115465 -4.7267e-10
0.0261093 0.188819 -0.23075 -4.57931e-10
0.0263425 0.188669 -0.151854 -4.10816e-10
0.0265808 0.188524 -0.050909 -3.71467e-10
0.0268145 0.18839 -0.0211223 -2.93053e-10
0.0270186 0.18828 -0.184562 -3.95694e-10
0.0272872 0.188142 -0.186316 -2.9471e-10
0.0275288 0.188026 -0.150365 -2.33479e-10
0.027804 0.187903 -0.182262 -2.73213e-10
0.0280496 0.1878 -0.0730485 -2.0427e-10
0.0282742 0.187712 -0.066799 -2.53065e-10
0.028558 0.187609 -0.130164 -2.59133e-10
0.0288046 0.187527 -0.143389 -1.79613e-10
0.0291263 0.187429 -0.122467 -1.95114e-10
0.0294063 0.187352 -0.137059 -1.93211e-10
0.0296871 0.187283 -0.13785 -1.49959e-10
0.029916 0.187233 -0.103981 -1.28782e-10
0.0301591 0.187185 -0.085761 -1.40759e-10
0.0303869 0.187145 -0.034636 -9.06555e-11
0.0306125 0.18711 -0.300318 -2.25673e-10
0.0308506 0.187079 -0.134715 1.13634e-11
0.0311209 0.18705 -0.2035 -8.23686e-11
0.0314024 0.187027 -0.128569 6.26778e-11
0.0317628 0.187007 -0.0831339 -6.13035e-11
0.0321637 0.187 -0.108115 3.01597e-11
0.0326113 0.187009 -0.0838316 2.85946e-11
0.0331281 0.187042 -0.0760217 6.46744e-11
0.0337692 0.187117 -0.0857656 3.06519e-11
0.0343625 0.187221 -0.107421 1.19149e-10
0.0348307 0.187327 -0.297519 3.01745e-10
0.0351486 0.187412 -0.0681699 1.61423e-10
0.0354518 0.187502 -0.0983533 2.32071e-10
0.0357687 0.187606 -0.124792 3.2198e-10
0.036011 0.187693 -0.047577 2.96758e-10
0.0362724 0.187795 -0.129633 3.2838e-10
0.0366231 0.187943 -0.140877 3.80317e-10
0.0369411 0.18809 -0.106457 3.067e-10
0.0372717 0.188256 -0.114186 3.81001e-10
0.0375585 0.188412 -0.144322 4.78853e-10
0.0377621 0.188529 -0.169573 5.10801e-10
0.0379674 0.188653 -0.110757 5.28156e-10
0.0381881 0.188794 -0.101666 4.16787e-10
0.0384234 0.188952 -0.0807349 5.91605e-10
0.0386557 0.189117 -0.172571 5.5822e-10
0.0388726 0.18928 -0.25131 7.16692e-10
0.0390822 0.189445 -0.0180311 6.38464e-10
0.0392864 0.189614 -0.0470236 5.35348e-10
0.0395182 0.189816 0.128414 6.25005e-10
0.0398044 0.190083 -0.296643 1.11466e-09
0.0401453 0.190427 -0.482135 3.70298e-10
0.0404262 0.190734 -0.0656576 5.39645e-10
0.0406831 0.191037 -0.308375 8.87726e-10
0.0409389 0.191362 -0.0578746 5.87235e-10
0.0411266 0.191617 -0.0316978 1.00004e-09
0.041275 0.191831 -0.249425 1.01194e-09
0.0414002 0.19202 0.0986845 8.53105e-10
0.0415224 0.192213 -0.452163 9.07501e-10
0.0416424 0.192412 -0.459328 8.32265e-10
0.0417566 0.19261 0.248939 6.41282e-10
0.0418663 0.19281 -0.168302 1.05394e-09
0.0419808 0.19303 -0.465119 9.94183e-10
0.0421067 0.193287 -0.2512 5.39937e-10
0.0422655 0.193637 -0.0846591 1.03081e-09
0.0424126 0.193995 -0.104098 7.97539e-10
0.0425253 0.194296 -0.419338 9.16877e-10
0.0426198 0.194572 0.015067 6.12127e-10
0.0427118 0.194866 0.0335585 9.728e-10
0.0427937 0.195156 -0.562274 1.14878e-09
0.0428663 0.195443 0.149864 6.70509e-10
0.0429483 0.195814 -0.294094 6.01855e-10
0.0430449 0.196361 -0.309412 7.60128e-10
0.0431358 0.197163 0.931253 4.1869e-10
