x y fp fmu
0.0437713 0.198 -0.528987 8.46086e-10
0.0437399 0.198831 0.319337 -8.36111e-11
0.0436364 0.199717 -0.795505 -3.28608e-10
0.0434815 0.200508 -0.254967 -3.95011e-10
0.0433343 0.20107 0.134638 -3.10392e-10
0.0432124 0.201462 0.14282 -2.90299e-10
0.0431006 0.201782 0.169052 -6.6497e-11
0.0429753 0.202108 0.330959 -4.75355e-10
0.0428322 0.202447 0.2574 -3.63588e-10
0.0426739 0.202789 0.531108 -4.89388e-10
0.0424956 0.203142 0.138743 -6.88469e-10
0.0422609 0.203563 0.240703 -8.86822e-10
0.0418997 0.204138 0.461889 -7.15697e-10
0.041493 0.204703 0.297017 -2.31774e-10
0.0411266 0.205155 0.361197 -2.59789e-10
0.0406987 0.205626 0.771749 -7.47739e-10
0.0403505 0.205972 0.663083 -4.65199e-10
0.0400585 0.20624 0.59224 -6.87083e-10
0.0398405 0.206428 0.525713 -7.08795e-10
0.0396388 0.206593 1.00998 -6.4552e-10
0.0394358 0.206751 0.577273 -6.48211e-10
0.0392228 0.206909 0.548068 -6.01012e-10
0.0389965 0.207069 0.671227 -5.51541e-10
0.0387694 0.207221 0.998733 -5.37044e-10
0.0385503 0.20736 0.33533 -6.53618e-10
0.0383463 0.207483 0.743064 -6.70734e-10
0.038084 0.207632 1.07647 -7.03243e-10
0.0378461 0.207759 0.712318 -1.2105e-11
0.0375196 0.207922 1.71465 3.35947e-10
0.0371675 0.208083 0.895154 -2.68391e-09
0.036833 0.208223 0.312707 -6.91336e-10
0.0365695 0.208323 0.792262 -3.46378e-10
0.0362847 0.208424 0.862415 -4.72772e-10
0.0360002 0.208515 0.97879 -1.21427e-10
0.0356861 0.208607 0.91511 -2.80313e-10
0.0354057 0.20868 1.43816 -3.45841e-10
0.0351578 0.208738 0.607919 -3.66535e-10
0.034918 0.208788 0.484084 -2.88963e-10
0.034688 0.208832 1.17374 -2.33151e-10
0.03447 0.208868 1.0204 -2.89181e-10
0.0342479 0.2089 0.921688 -5.69774e-11
0.0340048 0.208931 1.05338 -2.15351e-10
0.0337188 0.208959 1.04967 -1.55434e-10
0.033372 0.208984 1.01274 -8.93041e-11
0.032905 0.208999 1.0255 -4.42349e-11
0.0324104 0.208994 1.0012 4.3266e-11
0.0319437 0.208969 1.02142 8.46803e-11
0.0314791 0.208924 1.12525 1.11873e-10
0.0310287 0.208861 0.937972 3.52606e-10
0.0305792 0.208779 0.81806 -7.15393e-11
0.0301176 0.208675 1.28112 8.97629e-10
0.0298026 0.208592 0.952561 8.87954e-11
0.0295028 0.208503 0.890754 6.11679e-11
0.02922 0.208411 1.09314 3.51824e-10
0.0289724 0.208323 0.825526 2.84513e-10
0.0287414 0.208235 0.795268 2.82405e-10
0.0285255 0.208148 1.04709 3.62467e-10
0.0282529 0.208029 0.96401 3.70656e-10
0.027891 0.207858 0.950408 4.06142e-10
0.0275643 0.20769 0.994804 4.37779e-10
0.0272441 0.207511 0.928481 5.59512e-10
0.0270062 0.207368 0.712098 3.61132e-10
0.0267942 0.207234 1.00248 5.05361e-10
0.0265554 0.207075 0.835677 2.01202e-10
0.0262311 0.206845 0.838806 3.27372e-10
0.0257681 0.206483 0.849362 5.61298e-10
0.0251728 0.205954 0.72006 4.62342e-10
0.0245551 0.205314 0.695787 5.38285e-10
0.0240063 0.204646 0.234895 3.34737e-10
0.0235522 0.204001 1.19112 5.82327e-10
0.0231533 0.203338 0.510485 1.25601e-10
0.022878 0.202809 0.523819 4.55586e-10
0.0226887 0.202398 0.327144 2.24363e-10
0.0225481 0.20206 0.476847 3.76212e-10
0.022434 0.20176 0.40357 3.52582e-11
0.0223331 0.201471 -0.413208 9.99857e-10
0.0222436 0.201189 -0.591872 -1.72592e-11
0.0221526 0.200871 1.91616 1.194e-09
0.022057 0.200491 0.0517925 -3.39464e-10
0.0219671 0.200066 -0.468994 5.67353e-10
0.0218678 0.199454 0.0954548 -7.2899e-10
0.0217943 0.19871 0.880332 -2.71838e-10
0.0217714 0.197945 -0.640823 4.28187e-10
0.0217994 0.197214 1.40331 -1.25431e-09
0.0218586 0.196617 0.591483 -1.06107e-09
0.0219373 0.196096 0.0335753 -7.02281e-10
0.0220587 0.195502 -0.111767 -2.49769e-10
0.0221999 0.194959 0.0655207 -5.59031e-10
0.022316 0.194582 0.0181427 -4.2578e-10
0.0224384 0.194228 -0.082549 -6.0099e-10
0.0225513 0.193932 0.0122769 -6.37955e-10
0.0226904 0.193598 -0.0248545 -7.08158e-10
0.0228781 0.193191 -0.0440719 -4.27131e-10
0.0231463 0.192675 -0.0997502 -6.18489e-10
0.0235232 0.192044 -0.0846235 -5.35788e-10
0.0239364 0.191447 -0.102911 -4.02157e-10
0.0242702 0.191019 -0.140147 -5.42942e-10
0.0245764 0.190662 -0.155324 -5.85887e-10
0.0248915 0.190325 -0.125828 -5.65501e-10
0.0252964 0.18993 -0.118009 -5.43739e-10
0.0257663 0.189519 -0.109985 -4.83734e-10
0.026148 0.189217 -0.0962375 -3.57658e-10
0.0264283 0.189013 -0.109576 -4.64108e-10
0.0267129 0.188819 -0.216334 -4.49205e-10
0.0269461 0.188669 -0.15325 -3.9854e-10
0.0271844 0.188524 -0.0550167 -3.68424e-10
0.0274181 0.18839 -0.0173959 -3.09774e-10
0.0276223 0.18828 -0.170499 -3.9627e-10
0.0278908 0.188142 -0.180997 -2.98473e-10
0.0281324 0.188026 -0.146515 -2.46097e-10
0.0284077 0.187903 -0.179638 -2.71031e-10
0.0286532 0.1878 -0.0798475 -2.06516e-10
0.0288778 0.187712 -0.0640116 -2.53749e-10
0.0291616 0.187609 -0.123954 -2.57542e-10
0.0294083 0.187527 -0.140018 -1.91091e-10
0.02973 0.187429 -0.119929 -1.95326e-10
0.0300099 0.187352 -0.134102 -1.92e-10
0.0302907 0.187283 -0.13614 -1.49972e-10
0.0305196 0.187233 -0.105862 -1.30157e-10
0.0307627 0.187185 -0.0810053 -1.41635e-10
0.0309905 0.187145 -0.0231127 -1.06225e-10
0.0312161 0.18711 -0.282802 -2.08447e-10
0.0314543 0.187079 -0.150703 3.55961e-12
0.0317245 0.18705 -0.198857 -7.204e-11
0.032006 0.187027 -0.139078 7.05965e-11
0.0323664 0.187007 -0.0826143 -6.29466e-11
0.0327673 0.187 -0.108933 3.15658e-11
0.033215 0.187009 -0.0831959 3.70939e-11
0.0337318 0.187042 -0.0734144 5.496e-11
0.0343728 0.187117 -0.0850229 2.68109e-11
0.0349662 0.187221 -0.0963179 1.32902e-10
0.0354343 0.187327 -0.305865 3.07262e-10
0.0357522 0.187412 -0.103229 1.40181e-10
0.0360554 0.187502 -0.101295 2.44328e-10
0.0363723 0.187606 -0.132261 3.35342e-10
0.0366147 0.187693 -0.0460324 3.10905e-10
0.036876 0.187795 -0.131598 3.48233e-10
0.0372267 0.187943 -0.149482 3.97112e-10
0.0375448 0.18809 -0.112483 2.99455e-10
0.0378753 0.188256 -0.119445 3.90646e-10
0.0381621 0.188412 -0.152303 5.04625e-10
0.0383657 0.188529 -0.185666 5.32894e-10
0.0385711 0.188653 -0.120877 5.53079e-10
0.0387917 0.188794 -0.108214 4.12404e-10
0.039027 0.188952 -0.0840325 6.19367e-10
0.0392593 0.189117 -0.183802 5.78738e-10
0.0394762 0.18928 -0.280289 7.49672e-10
0.0396858 0.189445 -0.0246972 6.6082e-10
0.0398901 0.189614 -0.0501921 5.33257e-10
0.0401218 0.189816 0.146231 6.45129e-10
0.0404081 0.190083 -0.315295 1.20417e-09
0.0407489 0.190427 -0.539438 3.30014e-10
0.0410299 0.190734 -0.0719748 5.39176e-10
0.0412867 0.191037 -0.337634 9.01935e-10
0.0415425 0.191362 -0.0706306 5.64516e-10
0.0417303 0.191617 -0.0403381 1.03423e-09
0.0418787 0.191831 -0.273411 1.0338e-09
0.0420038 0.19202 0.0987082 8.61904e-10
0.0421261 0.192213 -0.482943 9.11112e-10
0.0422461 0.192412 -0.495092 8.28338e-10
0.0423602 0.19261 0.254926 6.17511e-10
0.0424699 0.19281 -0.184401 1.06219e-09
0.0425845 0.19303 -0.496262 9.96554e-10
0.0427104 0.193287 -0.270345 4.95589e-10
0.0428691 0.193637 -0.100711 1.03133e-09
0.0430163 0.193995 -0.115055 7.70269e-10
0.043129 0.194296 -0.444114 8.82473e-10
0.0432235 0.194572 0.0124208 5.62767e-10
0.0433154 0.194866 0.0226254 9.60328e-10
0.0433973 0.195156 -0.581471 1.13065e-09
0.0434699 0.195443 0.144983 6.32346e-10
0.0435519 0.195814 -0.300462 5.48151e-10
0.0436485 0.196361 -0.331338 6.8388e-10
0.0437394 0.197163 0.933852 3.52457e-10
