x y fp fmu
0.0453649 0.198 -0.414178 5.87649e-10
0.0453334 0.198831 0.383915 -2.39714e-10
0.04523 0.199717 -0.575556 -5.04578e-10
0.045075 0.200508 -0.116725 -5.74972e-10
0.0449279 0.20107 0.258667 -4.79395e-10
0.044806 0.201462 0.284766 -5.09654e-10
0.0446942 0.201782 0.296147 -2.68714e-10
0.0445689 0.202108 0.457192 -6.81183e-10
0.0444258 0.202447 0.397918 -5.99066e-10
0.0442675 0.202789 0.650832 -6.90245e-10
0.0440892 0.203142 0.328923 -8.63041e-10
0.0438545 0.203563 0.407999 -1.04504e-09
0.0434933 0.204138 0.607895 -8.78382e-10
0.0430865 0.204703 0.501025 -3.78961e-10
0.0427201 0.205155 0.511705 -4.53415e-10
0.0422922 0.205626 0.889195 -8.92768e-10
0.0419441 0.205972 0.817518 -6.10579e-10
0.0416521 0.20624 0.766229 -7.86696e-10
0.041434 0.206428 0.691312 -8.17813e-10
0.0412324 0.206593 1.08819 -7.4577e-10
0.0410293 0.206751 0.782402 -7.42787e-10
0.0408164 0.206909 0.73201 -6.72348e-10
0.0405901 0.207069 0.810097 -6.4287e-10
0.040363 0.207221 1.09544 -6.19202e-10
0.0401439 0.20736 0.5887 -7.02036e-10
0.0399398 0.207483 0.826444 -7.31935e-10
0.0396776 0.207632 1.15541 -7.32832e-10
0.0394397 0.207759 0.869861 -1.8268e-10
0.0391132 0.207922 1.46148 3.68575e-11
0.0387611 0.208083 1.1511 -2.00446e-09
0.0384266 0.208223 0.572249 -6.1426e-10
0.0381631 0.208323 0.91137 -3.91793e-10
0.0378783 0.208424 0.938596 -5.04091e-10
0.0375938 0.208515 1.07789 -2.43908e-10
0.0372797 0.208607 0.976488 -3.51783e-10
0.0369993 0.20868 1.34782 -3.81866e-10
0.0367514 0.208738 1.0299 -2.20855e-10
0.0365116 0.208788 0.642943 -2.8583e-10
0.0362816 0.208832 1.03864 -3.01708e-10
0.0360636 0.208868 1.12673 -2.3162e-10
0.0358415 0.2089 0.98914 -1.93862e-10
0.0355983 0.208931 1.07326 -2.63998e-10
0.0353124 0.208959 1.10556 -1.66162e-10
0.0349656 0.208984 1.07644 -8.33656e-11
0.0344986 0.208999 1.0779 -6.93857e-11
0.034004 0.208994 1.05455 2.64329e-11
0.0335372 0.208969 1.02987 9.94236e-11
0.0330727 0.208924 1.17541 9.19218e-11
0.0326223 0.208861 1.06662 3.4024e-10
0.0321728 0.208779 0.658372 -1.13726e-10
0.0317112 0.208675 1.29972 1.39772e-09
0.0313962 0.208592 1.21873 -1.28425e-10
0.0310964 0.208503 0.82653 -1.22166e-11
0.0308135 0.208411 1.14411 2.90886e-10
0.030566 0.208323 0.81713 2.17201e-10
0.030335 0.208235 0.667128 2.65409e-10
0.0301191 0.208148 1.03589 3.21932e-10
0.0298465 0.208029 0.941394 3.09284e-10
0.0294845 0.207858 0.916201 3.63e-10
0.0291579 0.20769 0.982022 3.81623e-10
0.0288377 0.207511 0.918799 5.05333e-10
0.0285997 0.207368 0.606674 3.00706e-10
0.0283878 0.207234 0.971119 4.22459e-10
0.028149 0.207075 0.806554 4.9146e-11
0.0278247 0.206845 0.766682 2.3614e-10
0.0273616 0.206483 0.80733 4.84537e-10
0.0267664 0.205954 0.634684 3.52449e-10
0.0261487 0.205314 0.622681 4.38509e-10
0.0255998 0.204646 0.0382178 2.64262e-10
0.0251458 0.204001 1.20975 4.65577e-10
0.0247469 0.203338 0.442109 -9.42771e-11
0.0244716 0.202809 0.443796 2.97101e-10
0.0242823 0.202398 0.230069 7.40565e-11
0.0241417 0.20206 0.395116 2.41545e-10
0.0240276 0.20176 0.334104 -1.34555e-10
0.0239267 0.201471 -0.608115 9.12169e-10
0.0238372 0.201189 -0.909339 -7.97168e-11
0.0237462 0.200871 2.06224 1.19791e-09
0.0236506 0.200491 0.0189883 -6.46248e-10
0.0235607 0.200066 -0.63666 4.40116e-10
0.0234614 0.199454 -0.0507958 -8.86945e-10
0.0233878 0.19871 0.886522 -3.02615e-10
0.023365 0.197945 -0.774751 2.43219e-10
0.023393 0.197214 1.4156 -1.36745e-09
0.0234522 0.196617 0.623233 -1.2409e-09
0.0235308 0.196096 0.0125276 -8.25518e-10
0.0236523 0.195502 -0.150789 -3.65974e-10
0.0237935 0.194959 0.039189 -6.53842e-10
0.0239095 0.194582 -0.00887797 -5.41495e-10
0.024032 0.194228 -0.104379 -6.83294e-10
0.0241449 0.193932 -0.0127667 -6.99117e-10
0.024284 0.193598 -0.0391661 -7.58119e-10
0.0244717 0.193191 -0.0621848 -5.20499e-10
0.0247399 0.192675 -0.111406 -6.71e-10
0.0251168 0.192044 -0.0936962 -5.83091e-10
0.0255299 0.191447 -0.105438 -4.78903e-10
0.0258638 0.191019 -0.140398 -5.84409e-10
0.0261699 0.190662 -0.156229 -5.94636e-10
0.0264851 0.190325 -0.131789 -5.70304e-10
0.02689 0.18993 -0.123508 -5.41576e-10
0.0273599 0.189519 -0.114686 -4.87382e-10
0.0277416 0.189217 -0.101868 -3.99189e-10
0.0280219 0.189013 -0.108113 -4.593e-10
0.0283065 0.188819 -0.20194 -4.41464e-10
0.0285397 0.188669 -0.169672 -3.82501e-10
0.028778 0.188524 -0.0722432 -3.69611e-10
0.0290117 0.18839 -0.0170733 -3.49199e-10
0.0292159 0.18828 -0.155281 -4.07722e-10
0.0294844 0.188142 -0.184006 -3.09965e-10
0.029726 0.188026 -0.151475 -2.73924e-10
0.0300013 0.187903 -0.18838 -2.71437e-10
0.0302468 0.1878 -0.104766 -2.12408e-10
0.0304714 0.187712 -0.0690944 -2.58299e-10
0.0307552 0.187609 -0.124056 -2.58284e-10
0.0310019 0.187527 -0.146614 -2.16164e-10
0.0313235 0.187429 -0.127704 -1.98536e-10
0.0316035 0.187352 -0.141852 -1.91341e-10
0.0318843 0.187283 -0.146735 -1.50588e-10
0.0321132 0.187233 -0.124437 -1.32358e-10
0.0323563 0.187185 -0.0829726 -1.43788e-10
0.0325841 0.187145 -0.00802025 -1.41943e-10
0.0328097 0.18711 -0.260436 -1.66942e-10
0.0330479 0.187079 -0.202989 -9.47456e-12
0.0333181 0.18705 -0.204334 -3.8608e-11
0.0335996 0.187027 -0.179084 8.78148e-11
0.03396 0.187007 -0.0973507 -6.66538e-11
0.0343609 0.187 -0.12773 3.43815e-11
0.0348085 0.187009 -0.0994716 5.93176e-11
0.0353254 0.187042 -0.0851405 2.92938e-11
0.0359664 0.187117 -0.101329 1.45723e-11
0.0365597 0.187221 -0.0864107 1.63789e-10
0.0370279 0.187327 -0.343621 3.12801e-10
0.0373458 0.187412 -0.200395 7.5443e-11
0.037649 0.187502 -0.125431 2.68875e-10
0.0379659 0.187606 -0.168879 3.53449e-10
0.0382083 0.187693 -0.0634654 3.30814e-10
0.0384696 0.187795 -0.155215 3.81594e-10
0.0388203 0.187943 -0.18756 4.22085e-10
0.0391383 0.18809 -0.144192 2.62898e-10
0.0394689 0.188256 -0.150207 3.908e-10
0.0397557 0.188412 -0.187816 5.44081e-10
0.0399593 0.188529 -0.237583 5.57489e-10
0.0401647 0.188653 -0.161434 5.85659e-10
0.0403853 0.188794 -0.139034 3.74393e-10
0.0406206 0.188952 -0.110162 6.50611e-10
0.0408529 0.189117 -0.223761 5.93117e-10
0.0410698 0.18928 -0.351078 7.8661e-10
0.0412794 0.189445 -0.0585293 6.77543e-10
0.0414836 0.189614 -0.0710053 4.91133e-10
0.0417154 0.189816 0.156384 6.49073e-10
0.0420016 0.190083 -0.360399 1.36032e-09
0.0423425 0.190427 -0.643213 2.08141e-10
0.0426234 0.190734 -0.0929943 5.13861e-10
0.0428803 0.191037 -0.393444 8.72764e-10
0.0431361 0.191362 -0.0986637 4.69445e-10
0.0433239 0.191617 -0.0668976 1.05519e-09
0.0434722 0.191831 -0.312959 1.02024e-09
0.0435974 0.19202 0.0882846 8.28829e-10
0.0437196 0.192213 -0.520879 8.55429e-10
0.0438396 0.192412 -0.536869 7.64651e-10
0.0439538 0.19261 0.254763 5.14822e-10
0.0440635 0.19281 -0.207001 1.00713e-09
0.044178 0.19303 -0.523958 9.39185e-10
0.0443039 0.193287 -0.282462 3.49428e-10
0.0444627 0.193637 -0.118561 9.69235e-10
0.0446099 0.193995 -0.116117 6.48113e-10
0.0447226 0.194296 -0.449549 7.2916e-10
0.0448171 0.194572 0.0326898 4.0055e-10
0.044909 0.194866 0.0147078 8.66562e-10
0.0449909 0.195156 -0.552788 1.01369e-09
0.0450635 0.195443 0.155095 5.0013e-10
0.0451455 0.195814 -0.260415 3.76136e-10
0.0452421 0.196361 -0.317676 4.48209e-10
0.045333 0.197163 0.926934 1.66182e-10
