x y fp fmu
0.0486782 0.198 0.137324 7.04858e-12
0.0486468 0.198831 0.690467 -5.14003e-10
0.0485433 0.199717 0.174645 -7.334e-10
0.0483884 0.200508 0.435 -8.10349e-10
0.0482412 0.20107 0.698144 -7.22332e-10
0.0481193 0.201462 0.754829 -8.1458e-10
0.0480075 0.201782 0.74249 -6.25546e-10
0.0478822 0.202108 0.865082 -9.30487e-10
0.0477392 0.202447 0.846287 -9.09463e-10
0.0475809 0.202789 1.00571 -9.38329e-10
0.0474026 0.203142 0.865713 -1.01624e-09
0.0471679 0.203563 0.890829 -1.12958e-09
0.0468066 0.204138 1.01043 -1.01243e-09
0.0463999 0.204703 1.01048 -6.28917e-10
0.0460335 0.205155 0.946834 -7.60856e-10
0.0456056 0.205626 1.17472 -9.83102e-10
0.0452574 0.205972 1.17041 -7.86213e-10
0.0449655 0.20624 1.15746 -8.41186e-10
0.0447474 0.206428 1.09755 -8.44685e-10
0.0445458 0.206593 1.23972 -8.12254e-10
0.0443427 0.206751 1.21137 -7.6445e-10
0.0441297 0.206909 1.14114 -7.04869e-10
0.0439034 0.207069 1.1353 -7.11917e-10
0.0436763 0.207221 1.25356 -6.92428e-10
0.0434572 0.20736 1.1507 -6.48205e-10
0.0432532 0.207483 1.04578 -7.16066e-10
0.0429909 0.207632 1.25337 -6.96437e-10
0.042753 0.207759 1.24517 -4.48599e-10
0.0424265 0.207922 0.964397 -6.18439e-10
0.0420745 0.208083 1.51301 -2.23525e-10
0.04174 0.208223 1.193 -4.50966e-10
0.0414765 0.208323 1.13351 -4.20876e-10
0.0411916 0.208424 1.06875 -4.81313e-10
0.0409071 0.208515 1.21409 -5.03101e-10
0.0405931 0.208607 1.08286 -4.08095e-10
0.0403126 0.20868 0.995309 -3.91273e-10
0.0400648 0.208738 1.82273 1.70718e-10
0.0398249 0.208788 1.07402 -2.97754e-10
0.0395949 0.208832 0.682651 -4.89866e-10
0.0393769 0.208868 1.23067 -6.83017e-11
0.0391548 0.2089 1.08271 -4.85085e-10
0.0389117 0.208931 1.01599 -3.34032e-10
0.0386257 0.208959 1.12079 -1.48126e-10
0.0382789 0.208984 1.11399 -4.64173e-11
0.0378119 0.208999 1.08616 -1.12774e-10
0.0373174 0.208994 1.07137 -1.01498e-11
0.0368506 0.208969 0.934108 1.28488e-10
0.036386 0.208924 1.14977 5.9375e-11
0.0359356 0.208861 1.27697 2.81663e-10
0.0354861 0.208779 0.193383 -1.94302e-10
0.0350245 0.208675 1.14762 2.64453e-09
0.0347095 0.208592 1.83589 -5.73196e-10
0.0344097 0.208503 0.621126 -2.14268e-10
0.0341269 0.208411 1.12471 1.54104e-10
0.0338794 0.208323 0.707834 5.70684e-11
0.0336483 0.208235 0.232271 2.65493e-10
0.0334324 0.208148 0.873542 2.56165e-10
0.0331599 0.208029 0.773274 1.84908e-10
0.0327979 0.207858 0.715472 3.00854e-10
0.0324713 0.20769 0.845117 2.89022e-10
0.0321511 0.207511 0.793495 4.24579e-10
0.0319131 0.207368 0.230218 2.14406e-10
0.0317011 0.207234 0.780929 2.69448e-10
0.0314623 0.207075 0.641948 -2.56749e-10
0.031138 0.206845 0.480468 6.24448e-11
0.030675 0.206483 0.610765 3.84809e-10
0.0300797 0.205954 0.320444 1.59985e-10
0.0294621 0.205314 0.344857 3.20826e-10
0.0289132 0.204646 -0.65193 2.23145e-10
0.0284591 0.204001 1.3087 3.59451e-10
0.0280602 0.203338 0.217614 -5.97993e-10
0.0277849 0.202809 0.178633 6.48409e-11
0.0275957 0.202398 -0.107657 -1.73039e-10
0.0274551 0.20206 0.128561 7.21788e-11
0.027341 0.20176 0.092606 -4.5576e-10
0.0272401 0.201471 -1.41425 1.04091e-09
0.0271505 0.201189 -2.0799 -1.08809e-10
0.0270595 0.200871 2.8236 1.66139e-09
0.026964 0.200491 -0.116419 -1.42543e-09
0.026874 0.200066 -1.33995 3.19163e-10
0.0267748 0.199454 -0.536959 -1.36076e-09
0.0267012 0.19871 1.05627 -2.807e-10
0.0266784 0.197945 -1.39815 -6.85165e-11
0.0267063 0.197214 1.86553 -1.89364e-09
0.0267656 0.196617 0.836994 -1.87084e-09
0.0268442 0.196096 -0.0541766 -1.24487e-09
0.0269656 0.195502 -0.321928 -6.14389e-10
0.0271068 0.194959 -0.0245621 -9.33084e-10
0.0272229 0.194582 -0.0910441 -8.26261e-10
0.0273453 0.194228 -0.190702 -9.48912e-10
0.0274583 0.193932 -0.0743478 -9.35034e-10
0.0275973 0.193598 -0.0828654 -9.86883e-10
0.0277851 0.193191 -0.117302 -7.53555e-10
0.0280532 0.192675 -0.158448 -8.72034e-10
0.0284301 0.192044 -0.122014 -7.49935e-10
0.0288433 0.191447 -0.123311 -6.59097e-10
0.0291771 0.191019 -0.153138 -7.33568e-10
0.0294833 0.190662 -0.170882 -6.96031e-10
0.0297984 0.190325 -0.14587 -6.59057e-10
0.0302034 0.18993 -0.133849 -6.08541e-10
0.0306732 0.189519 -0.121115 -5.44769e-10
0.031055 0.189217 -0.107352 -4.90107e-10
0.0313352 0.189013 -0.0998075 -4.95658e-10
0.0316199 0.188819 -0.189531 -4.61027e-10
0.031853 0.188669 -0.200641 -3.8635e-10
0.0320913 0.188524 -0.0886325 -3.91741e-10
0.0323251 0.18839 -0.00261939 -4.23037e-10
0.0325292 0.18828 -0.133753 -4.53648e-10
0.0327978 0.188142 -0.193102 -3.33544e-10
0.0330393 0.188026 -0.161018 -3.17074e-10
0.0333146 0.187903 -0.20557 -2.80173e-10
0.0335602 0.1878 -0.14193 -2.16072e-10
0.0337847 0.187712 -0.0738575 -2.64609e-10
0.0340685 0.187609 -0.125254 -2.61796e-10
0.0343152 0.187527 -0.159284 -2.49646e-10
0.0346369 0.187429 -0.140516 -2.01953e-10
0.0349169 0.187352 -0.15679 -1.84612e-10
0.0351977 0.187283 -0.166972 -1.43447e-10
0.0354266 0.187233 -0.159757 -1.242e-10
0.0356697 0.187185 -0.0843714 -1.37076e-10
0.0358975 0.187145 0.0230505 -1.94868e-10
0.036123 0.18711 -0.221232 -8.01793e-11
0.0363612 0.187079 -0.295633 -8.18588e-12
0.0366315 0.18705 -0.215345 5.77392e-11
0.036913 0.187027 -0.245333 1.04556e-10
0.0372734 0.187007 -0.128118 -6.39818e-11
0.0376742 0.187 -0.164648 3.46647e-11
0.0381219 0.187009 -0.136587 9.52856e-11
0.0386387 0.187042 -0.116086 -1.76345e-11
0.0392798 0.187117 -0.136722 -9.98312e-12
0.0398731 0.187221 -0.0836056 1.8889e-10
0.0403413 0.187327 -0.391045 2.66669e-10
0.0406591 0.187412 -0.299756 -4.70791e-11
0.0409623 0.187502 -0.164283 2.68702e-10
0.0412793 0.187606 -0.218703 3.12869e-10
0.0415216 0.187693 -0.104291 2.92689e-10
0.041783 0.187795 -0.189915 3.57293e-10
0.0421336 0.187943 -0.230111 3.85311e-10
0.0424517 0.18809 -0.178955 1.46334e-10
0.0427823 0.188256 -0.184169 2.98371e-10
0.0430691 0.188412 -0.217505 4.95283e-10
0.0432727 0.188529 -0.271835 4.71349e-10
0.043478 0.188653 -0.194067 5.09969e-10
0.0436986 0.188794 -0.156276 2.27355e-10
0.0439339 0.188952 -0.130788 5.47753e-10
0.0441662 0.189117 -0.236116 4.73529e-10
0.0443831 0.18928 -0.352688 6.61853e-10
0.0445928 0.189445 -0.0824801 5.49091e-10
0.044797 0.189614 -0.0643905 3.03618e-10
0.0450287 0.189816 0.133984 4.79323e-10
0.045315 0.190083 -0.31978 1.29092e-09
0.0456558 0.190427 -0.546157 -1.86725e-11
0.0459368 0.190734 -0.0503271 3.78373e-10
0.0461936 0.191037 -0.306132 5.97559e-10
0.0464494 0.191362 -0.0278689 2.09547e-10
0.0466372 0.191617 -0.016193 8.2875e-10
0.0467856 0.191831 -0.189541 7.50312e-10
0.0469108 0.19202 0.140398 5.7722e-10
0.047033 0.192213 -0.329275 5.37669e-10
0.047153 0.192412 -0.326506 4.74403e-10
0.0472671 0.19261 0.303044 2.14247e-10
0.0473769 0.19281 -0.0651657 6.45409e-10
0.0474914 0.19303 -0.280994 6.20962e-10
0.0476173 0.193287 -0.0732309 1.99379e-11
0.0477761 0.193637 0.0434501 6.29271e-10
0.0479232 0.193995 0.0823954 2.73948e-10
0.0480359 0.194296 -0.153259 2.67017e-10
0.0481304 0.194572 0.250176 1.90446e-11
0.0482223 0.194866 0.187617 4.70358e-10
0.0483043 0.195156 -0.146119 5.65118e-10
0.0483768 0.195443 0.347703 1.48871e-10
0.0484589 0.195814 0.095609 -2.01593e-11
0.0485555 0.196361 0.0365452 -6.17821e-11
0.0486464 0.197163 0.964817 -1.97345e-10
