x y fp fmu
0.0480478 0.198 0.284513 3.09456e-11
0.0480164 0.198831 0.658947 -3.33236e-10
0.0479129 0.199717 0.299876 -5.00281e-10
0.047758 0.200508 0.470968 -5.78579e-10
0.0476108 0.20107 0.664548 -5.27111e-10
0.0474889 0.201462 0.698265 -5.8586e-10
0.0473771 0.201782 0.690473 -4.69388e-10
0.0472518 0.202108 0.779202 -6.77519e-10
0.0471087 0.202447 0.7634 -6.6498e-10
0.0469504 0.202789 0.878178 -6.91942e-10
0.0467721 0.203142 0.775607 -7.56554e-10
0.0465374 0.203563 0.787799 -8.48784e-10
0.0461762 0.204138 0.870941 -7.82888e-10
0.0457695 0.204703 0.864521 -5.18462e-10
0.0454031 0.205155 0.804487 -6.34757e-10
0.0449752 0.205626 0.982557 -7.95355e-10
0.044627 0.205972 0.975544 -6.58436e-10
0.0443351 0.20624 0.9611 -7.06613e-10
0.044117 0.206428 0.905156 -7.16152e-10
0.0439153 0.206593 1.01907 -6.97974e-10
0.0437123 0.206751 0.995968 -6.61296e-10
0.0434993 0.206909 0.930854 -6.22543e-10
0.043273 0.207069 0.918106 -6.33988e-10
0.0430459 0.207221 1.02127 -6.20033e-10
0.0428268 0.20736 0.921553 -5.86393e-10
0.0426228 0.207483 0.821012 -6.55894e-10
0.0423605 0.207632 1.01268 -6.45287e-10
0.0421226 0.207759 0.992158 -4.19597e-10
0.0417961 0.207922 0.74501 -5.71349e-10
0.041444 0.208083 1.25031 -2.57968e-10
0.0411095 0.208223 0.916207 -4.44182e-10
0.040846 0.208323 0.862486 -4.20848e-10
0.0405612 0.208424 0.802732 -4.88529e-10
0.0402767 0.208515 0.943366 -4.89001e-10
0.0399626 0.208607 0.805509 -4.15782e-10
0.0396822 0.20868 0.772573 -4.08253e-10
0.0394344 0.208738 1.48981 1.28028e-10
0.0391945 0.208788 0.71859 -3.11044e-10
0.0389645 0.208832 0.42315 -4.95911e-10
0.0387465 0.208868 0.943361 -1.03094e-10
0.0385244 0.2089 0.773445 -4.83604e-10
0.0382813 0.208931 0.72967 -3.58951e-10
0.0379953 0.208959 0.828676 -1.7315e-10
0.0376485 0.208984 0.810803 -6.45197e-11
0.0371815 0.208999 0.781592 -1.22586e-10
0.0366869 0.208994 0.758076 -6.20065e-12
0.0362202 0.208969 0.625209 1.42092e-10
0.0357556 0.208924 0.868922 8.05438e-11
0.0353052 0.208861 0.934387 3.73857e-10
0.0348557 0.208779 -0.172573 -2.15789e-10
0.0343941 0.208675 0.931378 2.86473e-09
0.0340791 0.208592 1.47571 -5.40712e-10
0.0337793 0.208503 0.262864 -1.80958e-10
0.0334965 0.208411 0.849872 2.76647e-10
0.0332489 0.208323 0.334842 1.57922e-10
0.0330179 0.208235 -0.131833 3.62993e-10
0.032802 0.208148 0.594587 3.89181e-10
0.0325294 0.208029 0.467162 3.27269e-10
0.0321675 0.207858 0.413246 4.60198e-10
0.0318408 0.20769 0.562611 4.69672e-10
0.0315206 0.207511 0.490267 6.62214e-10
0.0312827 0.207368 -0.143037 3.81508e-10
0.0310707 0.207234 0.523932 5.01711e-10
0.0308319 0.207075 0.32089 -1.31326e-10
0.0305076 0.206845 0.177029 2.31994e-10
0.0300446 0.206483 0.321334 6.6206e-10
0.0294493 0.205954 0.00389951 4.03855e-10
0.0288316 0.205314 0.035458 6.26049e-10
0.0282828 0.204646 -1.1298 4.37493e-10
0.0278287 0.204001 1.31177 7.04956e-10
0.0274298 0.203338 -0.0970715 -4.51773e-10
0.0271545 0.202809 -0.100764 3.8701e-10
0.0269652 0.202398 -0.477867 5.81821e-11
0.0268246 0.20206 -0.1427 3.90735e-10
0.0267105 0.20176 -0.206617 -3.12899e-10
0.0266096 0.201471 -2.18987 1.69951e-09
0.0265201 0.201189 -2.93432 4.63336e-11
0.0264291 0.200871 3.48664 2.49133e-09
0.0263335 0.200491 -0.572648 -1.55667e-09
0.0262436 0.200066 -2.11541 7.75963e-10
0.0261443 0.199454 -0.893372 -1.71674e-09
0.0260708 0.19871 1.19735 -1.38006e-10
0.0260479 0.197945 -2.2399 2.30668e-10
0.0260759 0.197214 2.68501 -2.64156e-09
0.0261351 0.196617 0.98842 -2.50289e-09
0.0262138 0.196096 -0.306883 -1.58785e-09
0.0263352 0.195502 -0.656059 -6.3803e-10
0.0264764 0.194959 -0.140939 -1.21192e-09
0.0265925 0.194582 -0.251132 -1.0142e-09
0.0267149 0.194228 -0.402664 -1.26705e-09
0.0268278 0.193932 -0.174348 -1.28133e-09
0.0269669 0.193598 -0.189693 -1.3951e-09
0.0271546 0.193191 -0.231071 -9.50907e-10
0.0274228 0.192675 -0.279579 -1.2215e-09
0.0277997 0.192044 -0.173918 -1.0578e-09
0.0282129 0.191447 -0.168761 -8.50922e-10
0.0285467 0.191019 -0.202377 -1.04396e-09
0.0288529 0.190662 -0.200604 -1.04804e-09
0.029168 0.190325 -0.123758 -1.00572e-09
0.029573 0.18993 -0.0831691 -9.45157e-10
0.0300428 0.189519 -0.0437 -8.31375e-10
0.0304245 0.189217 -0.0160236 -6.61668e-10
0.0307048 0.189013 -0.012151 -7.55627e-10
0.0309894 0.188819 -0.18024 -7.18985e-10
0.0312226 0.188669 -0.0937515 -6.10803e-10
0.0314609 0.188524 0.0737384 -5.92584e-10
0.0316947 0.18839 0.14706 -5.43049e-10
0.0318988 0.18828 -0.0732109 -6.37553e-10
0.0321673 0.188142 -0.106684 -4.68066e-10
0.0324089 0.188026 -0.0581609 -4.11135e-10
0.0326842 0.187903 -0.101352 -4.01534e-10
0.0329297 0.1878 0.0202846 -3.03145e-10
0.0331543 0.187712 0.0744037 -3.60379e-10
0.0334381 0.187609 -0.00478395 -3.55555e-10
0.0336848 0.187527 -0.0396022 -3.05265e-10
0.0340065 0.187429 -0.00773006 -2.63622e-10
0.0342864 0.187352 -0.0304989 -2.43821e-10
0.0345672 0.187283 -0.0383902 -1.83543e-10
0.0347962 0.187233 -0.019525 -1.55169e-10
0.0350392 0.187185 0.05207 -1.67723e-10
0.035267 0.187145 0.158181 -1.99488e-10
0.0354926 0.18711 -0.134274 -1.37162e-10
0.0357308 0.187079 -0.151292 -3.83672e-12
0.036001 0.18705 -0.0965913 2.89369e-11
0.0362825 0.187027 -0.102251 1.1663e-10
0.0366429 0.187007 0.0104994 -6.73689e-11
0.0370438 0.187 -0.0288586 4.2562e-11
0.0374915 0.187009 -0.00512481 8.53954e-11
0.0380083 0.187042 0.00917707 1.24842e-11
0.0386493 0.187117 -0.00813847 1.48896e-11
0.0392427 0.187221 0.00216444 1.64104e-10
0.0397108 0.187327 -0.229339 2.54602e-10
0.0400287 0.187412 -0.0862089 4.27469e-11
0.0403319 0.187502 -0.0395807 2.28041e-10
0.0406488 0.187606 -0.0661243 2.80403e-10
0.0408912 0.187693 0.00720285 2.52089e-10
0.0411525 0.187795 -0.0590425 2.9071e-10
0.0415032 0.187943 -0.0782473 3.13225e-10
0.0418213 0.18809 -0.0390098 1.85715e-10
0.0421518 0.188256 -0.0455624 2.703e-10
0.0424386 0.188412 -0.0668726 3.82232e-10
0.0426422 0.188529 -0.0918426 3.77865e-10
0.0428476 0.188653 -0.040878 3.96994e-10
0.0430682 0.188794 -0.0171339 2.43329e-10
0.0433035 0.188952 -0.00342285 4.19647e-10
0.0435358 0.189117 -0.0708955 3.75537e-10
0.0437527 0.18928 -0.123522 4.98145e-10
0.0439623 0.189445 0.0426941 4.24233e-10
0.0441666 0.189614 0.0519802 2.92113e-10
0.0443983 0.189816 0.16089 3.75543e-10
0.0446846 0.190083 -0.117705 8.30702e-10
0.0450254 0.190427 -0.208204 1.12984e-10
0.0453064 0.190734 0.0740819 3.1819e-10
0.0455632 0.191037 -0.0733444 4.63154e-10
0.045819 0.191362 0.109742 2.37056e-10
0.0460068 0.191617 0.112528 5.83219e-10
0.0461552 0.191831 0.0124942 5.40213e-10
0.0462803 0.19202 0.21343 4.3253e-10
0.0464026 0.192213 -0.0725871 4.17993e-10
0.0465226 0.192412 -0.0598221 3.80387e-10
0.0466367 0.19261 0.327621 2.22627e-10
0.0467464 0.19281 0.102018 4.78657e-10
0.046861 0.19303 -0.02797 4.58873e-10
0.0469869 0.193287 0.108617 1.06235e-10
0.0471456 0.193637 0.188197 4.61061e-10
0.0472928 0.193995 0.213304 2.45324e-10
0.0474055 0.194296 0.0700627 2.47748e-10
0.0475 0.194572 0.328716 9.00688e-11
0.0475919 0.194866 0.297516 3.55914e-10
0.0476738 0.195156 0.0819029 4.09892e-10
0.0477464 0.195443 0.406206 1.47246e-10
0.0478284 0.195814 0.244025 4.13439e-11
0.047925 0.196361 0.217391 1.70527e-11
0.0480159 0.197163 0.832579 -8.98673e-11
