x y fp fmu
0.0455836 0.198 0.137085 3.05639e-10
0.0455522 0.198831 0.525731 -7.80799e-11
0.0454488 0.199717 0.0854452 -2.45572e-10
0.0452938 0.200508 0.314068 -2.97533e-10
0.0451466 0.20107 0.513922 -2.647e-10
0.0450247 0.201462 0.531774 -2.99387e-10
0.0449129 0.201782 0.541667 -1.82916e-10
0.0447877 0.202108 0.63325 -4.0117e-10
0.0446446 0.202447 0.608649 -3.73241e-10
0.0444863 0.202789 0.746685 -4.25939e-10
0.044308 0.203142 0.589012 -5.29494e-10
0.0440733 0.203563 0.626979 -6.44102e-10
0.043712 0.204138 0.737504 -5.80363e-10
0.0433053 0.204703 0.687925 -3.10544e-10
0.0429389 0.205155 0.673047 -3.88552e-10
0.042511 0.205626 0.905928 -6.38561e-10
0.0421628 0.205972 0.871014 -4.82006e-10
0.0418709 0.20624 0.841584 -5.89318e-10
0.0416528 0.206428 0.783265 -6.21237e-10
0.0414512 0.206593 1.0162 -5.8638e-10
0.0412481 0.206751 0.854948 -5.8373e-10
0.0410352 0.206909 0.805745 -5.46816e-10
0.0408088 0.207069 0.836204 -5.40084e-10
0.0405817 0.207221 1.02169 -5.27832e-10
0.0403626 0.20736 0.711846 -5.69384e-10
0.0401586 0.207483 0.800722 -6.17587e-10
0.0398964 0.207632 1.04875 -6.22516e-10
0.0396584 0.207759 0.872838 -2.51327e-10
0.039332 0.207922 1.12644 -1.75122e-10
0.0389799 0.208083 1.13476 -1.23797e-09
0.0386454 0.208223 0.661351 -5.17974e-10
0.0383819 0.208323 0.829337 -3.95575e-10
0.038097 0.208424 0.827858 -4.93846e-10
0.0378126 0.208515 0.959667 -3.29479e-10
0.0374985 0.208607 0.839624 -3.79155e-10
0.0372181 0.20868 1.09482 -4.01077e-10
0.0369702 0.208738 1.09783 -1.13624e-10
0.0367303 0.208788 0.535281 -3.06321e-10
0.0365003 0.208832 0.739588 -3.84416e-10
0.0362824 0.208868 0.974925 -2.13083e-10
0.0360603 0.2089 0.802613 -3.10591e-10
0.0358171 0.208931 0.859764 -3.28344e-10
0.0355312 0.208959 0.913375 -1.92258e-10
0.0351843 0.208984 0.878731 -9.2927e-11
0.0347173 0.208999 0.867215 -1.00246e-10
0.0342228 0.208994 0.833551 1.84221e-11
0.033756 0.208969 0.771779 1.34066e-10
0.0332914 0.208924 0.986252 1.11181e-10
0.032841 0.208861 0.869073 4.60459e-10
0.0323915 0.208779 0.174743 -1.8535e-10
0.0319299 0.208675 1.15688 2.1967e-09
0.031615 0.208592 1.11969 -2.55348e-10
0.0313152 0.208503 0.452873 -4.12454e-11
0.0310323 0.208411 0.951693 4.2487e-10
0.0307848 0.208323 0.445799 3.15212e-10
0.0305537 0.208235 0.195415 4.03825e-10
0.0303379 0.208148 0.784928 4.9759e-10
0.0300653 0.208029 0.642459 4.83208e-10
0.0297033 0.207858 0.609407 5.79995e-10
0.0293767 0.20769 0.722849 6.22418e-10
0.0290565 0.207511 0.627884 8.40902e-10
0.0288185 0.207368 0.126489 5.12382e-10
0.0286065 0.207234 0.726905 7.27643e-10
0.0283677 0.207075 0.463799 1.23503e-10
0.0280435 0.206845 0.414428 4.32986e-10
0.0275804 0.206483 0.494585 8.76642e-10
0.0269852 0.205954 0.236409 6.76227e-10
0.0263675 0.205314 0.235031 8.71453e-10
0.0258186 0.204646 -0.735637 5.69682e-10
0.0253645 0.204001 1.35798 9.91958e-10
0.0249657 0.203338 0.0118879 2.90394e-11
0.0246903 0.202809 0.0515745 7.59667e-10
0.0245011 0.202398 -0.324166 3.65766e-10
0.0243605 0.20206 0.00492314 6.9135e-10
0.0242464 0.20176 -0.10384 2.97865e-12
0.0241455 0.201471 -1.87501 1.97699e-09
0.0240559 0.201189 -2.34828 7.74942e-11
0.023965 0.200871 3.24858 2.55474e-09
0.0238694 0.200491 -0.684678 -9.26192e-10
0.0237794 0.200066 -1.89923 1.15308e-09
0.0236802 0.199454 -0.647837 -1.52594e-09
0.0236066 0.19871 1.13187 -2.07274e-10
0.0235838 0.197945 -2.14422 8.03158e-10
0.0236117 0.197214 2.59784 -2.58026e-09
0.023671 0.196617 0.755746 -2.21141e-09
0.0237496 0.196096 -0.477778 -1.35912e-09
0.023871 0.195502 -0.777321 -3.72792e-10
0.0240122 0.194959 -0.278563 -1.06765e-09
0.0241283 0.194582 -0.389784 -7.83449e-10
0.0242507 0.194228 -0.57818 -1.15624e-09
0.0243637 0.193932 -0.316201 -1.23204e-09
0.0245027 0.193598 -0.366471 -1.39769e-09
0.0246905 0.193191 -0.391955 -7.78998e-10
0.0249586 0.192675 -0.464023 -1.20395e-09
0.0253355 0.192044 -0.347862 -1.0515e-09
0.0257487 0.191447 -0.351235 -7.23034e-10
0.0260825 0.191019 -0.396645 -1.05487e-09
0.0263887 0.190662 -0.38319 -1.17315e-09
0.0267038 0.190325 -0.269741 -1.14312e-09
0.0271088 0.18993 -0.211465 -1.11078e-09
0.0275787 0.189519 -0.152955 -9.73849e-10
0.0279604 0.189217 -0.107952 -6.49578e-10
0.0282406 0.189013 -0.1255 -9.23066e-10
0.0285253 0.188819 -0.372535 -8.99454e-10
0.0287585 0.188669 -0.139699 -7.98636e-10
0.0289967 0.188524 0.0724577 -7.2682e-10
0.0292305 0.18839 0.0983687 -5.2695e-10
0.0294346 0.18828 -0.22929 -7.39785e-10
0.0297032 0.188142 -0.192149 -5.4374e-10
0.0299447 0.188026 -0.122852 -4.15687e-10
0.03022 0.187903 -0.158892 -4.9876e-10
0.0304656 0.1878 0.0630224 -3.68565e-10
0.0306902 0.187712 0.0564529 -4.40721e-10
0.0309739 0.187609 -0.0585748 -4.4678e-10
0.0312206 0.187527 -0.0766572 -3.06198e-10
0.0315423 0.187429 -0.0295722 -3.26117e-10
0.0318223 0.187352 -0.056382 -3.17606e-10
0.0321031 0.187283 -0.0528535 -2.36419e-10
0.032332 0.187233 -0.00146839 -1.96565e-10
0.0325751 0.187185 0.0372455 -2.14664e-10
0.0328029 0.187145 0.114769 -1.47988e-10
0.0330284 0.18711 -0.276445 -2.99733e-10
0.0332666 0.187079 -0.0669446 1.95479e-11
0.0335369 0.18705 -0.137449 -7.59908e-11
0.0338184 0.187027 -0.0561733 1.18228e-10
0.0341788 0.187007 0.0249752 -8.5443e-11
0.0345797 0.187 -0.0169525 4.99598e-11
0.0350273 0.187009 0.00672673 6.57379e-11
0.0355441 0.187042 0.0155102 6.3428e-11
0.0361852 0.187117 0.000831176 3.47868e-11
0.0367785 0.187221 -0.0292593 1.53441e-10
0.0372467 0.187327 -0.234983 3.02952e-10
0.0375645 0.187412 -0.00375822 1.46761e-10
0.0378678 0.187502 -0.0352687 2.35547e-10
0.0381847 0.187606 -0.0511118 3.09748e-10
0.038427 0.187693 0.00800772 2.73112e-10
0.0386884 0.187795 -0.0625684 2.97436e-10
0.039039 0.187943 -0.0702654 3.27392e-10
0.0393571 0.18809 -0.0351071 2.68614e-10
0.0396877 0.188256 -0.0464395 3.15843e-10
0.0399745 0.188412 -0.0675638 3.83765e-10
0.0401781 0.188529 -0.076741 3.9933e-10
0.0403834 0.188653 -0.0363055 4.08491e-10
0.040604 0.188794 -0.023632 3.29874e-10
0.0408393 0.188952 -0.0180229 4.30941e-10
0.0410716 0.189117 -0.0780465 4.0353e-10
0.0412885 0.18928 -0.0977339 5.06881e-10
0.0414982 0.189445 0.0317312 4.49524e-10
0.0417024 0.189614 0.0263271 3.82044e-10
0.0419341 0.189816 0.0921653 4.11821e-10
0.0422204 0.190083 -0.13727 6.92394e-10
0.0425612 0.190427 -0.150759 2.87872e-10
0.0428422 0.190734 0.0327604 3.83046e-10
0.0430991 0.191037 -0.0805329 5.31136e-10
0.0433549 0.191362 0.0747481 3.7877e-10
0.0435426 0.191617 0.0643108 5.9232e-10
0.043691 0.191831 -0.0168296 5.77339e-10
0.0438162 0.19202 0.14073 4.9356e-10
0.0439384 0.192213 -0.100907 5.08437e-10
0.0440584 0.192412 -0.077066 4.81506e-10
0.0441725 0.19261 0.239021 3.67456e-10
0.0442823 0.19281 0.0454287 5.63036e-10
0.0443968 0.19303 -0.0652055 5.41288e-10
0.0445227 0.193287 0.0537917 3.02795e-10
0.0446815 0.193637 0.126126 5.52382e-10
0.0448286 0.193995 0.132775 4.03479e-10
0.0449413 0.194296 0.00931228 4.38772e-10
0.0450358 0.194572 0.231832 3.04243e-10
0.0451278 0.194866 0.213513 4.91586e-10
0.0452097 0.195156 0.000537907 5.50745e-10
0.0452822 0.195443 0.308911 3.29817e-10
0.0453643 0.195814 0.137159 2.59805e-10
0.0454609 0.196361 0.14318 2.89889e-10
0.0455518 0.197163 0.71217 1.46374e-10
