x y fp fmu
0.040316 0.198 0.440747 1.3888e-08
0.0402846 0.198831 0.362592 3.94875e-10
0.0401811 0.199717 -0.510489 -7.79898e-11
0.0400262 0.200508 0.143198 1.69833e-10
0.039879 0.20107 0.341931 1.8494e-10
0.0397571 0.201462 0.350415 2.00921e-10
0.0396453 0.201782 0.41056 3.17582e-10
0.03952 0.202108 0.517003 8.50764e-11
0.0393769 0.202447 0.476533 1.75833e-10
0.0392186 0.202789 0.678511 4.37253e-11
0.0390403 0.203142 0.356481 -1.19676e-10
0.0388056 0.203563 0.472175 -2.75511e-10
0.0384444 0.204138 0.659701 -1.88509e-10
0.0380377 0.204703 0.475419 8.11739e-11
0.0376712 0.205155 0.630557 1.4009e-10
0.0372434 0.205626 0.975514 -2.7222e-10
0.0368952 0.205972 0.846826 -8.18783e-11
0.0366032 0.20624 0.769162 -3.22538e-10
0.0363851 0.206428 0.750708 -3.21477e-10
0.0361835 0.206593 1.24306 -3.17917e-10
0.0359805 0.206751 0.706833 -3.2105e-10
0.0357675 0.206909 0.726308 -3.56705e-10
0.0355412 0.207069 0.911864 -2.72663e-10
0.0353141 0.207221 1.21436 -3.01527e-10
0.035095 0.20736 0.444466 -4.1978e-10
0.034891 0.207483 1.07389 -4.32646e-10
0.0346287 0.207632 1.30409 -5.42769e-10
0.0343908 0.207759 0.985987 3.3766e-10
0.0340643 0.207922 2.47436 6.67397e-10
0.0337122 0.208083 0.829377 -3.26673e-09
0.0333777 0.208223 0.408458 -8.05912e-10
0.0331142 0.208323 1.01987 -2.49234e-10
0.0328294 0.208424 1.15651 -3.79922e-10
0.0325449 0.208515 1.20855 5.17915e-11
0.0322308 0.208607 1.24484 -1.18865e-10
0.0319504 0.20868 1.92348 -2.8434e-10
0.0317025 0.208738 0.306375 -4.98247e-10
0.0314627 0.208788 0.684907 -3.02431e-10
0.0312327 0.208832 1.77814 -2.31245e-10
0.0310147 0.208868 1.20347 -3.5756e-10
0.0307926 0.2089 1.20226 1.24428e-10
0.0305495 0.208931 1.3872 -1.44956e-10
0.0302635 0.208959 1.32785 -1.29164e-10
0.0299167 0.208984 1.27195 -9.20387e-11
0.0294497 0.208999 1.29665 -2.10857e-12
0.0289551 0.208994 1.26498 8.35602e-11
0.0284884 0.208969 1.34555 8.96112e-11
0.0280238 0.208924 1.40019 1.90669e-10
0.0275734 0.208861 1.04857 4.85364e-10
0.0271239 0.208779 1.33824 -2.8564e-11
0.0266623 0.208675 1.61873 5.25654e-10
0.0263473 0.208592 0.865324 5.14859e-10
0.0260475 0.208503 1.28956 1.96398e-10
0.0257647 0.208411 1.32608 6.23081e-10
0.0255171 0.208323 1.07166 5.28167e-10
0.0252861 0.208235 1.21522 4.64378e-10
0.0250702 0.208148 1.36981 6.37576e-10
0.0247976 0.208029 1.27752 6.89756e-10
0.0244357 0.207858 1.27463 7.30415e-10
0.024109 0.20769 1.30561 8.16584e-10
0.0237888 0.207511 1.19622 1.01744e-09
0.0235509 0.207368 1.04773 7.19949e-10
0.0233389 0.207234 1.3465 1.01738e-09
0.0231001 0.207075 1.09001 6.75448e-10
0.0227758 0.206845 1.18191 7.6149e-10
0.0223128 0.206483 1.13577 1.15263e-09
0.0217175 0.205954 1.02224 1.09544e-09
0.0210998 0.205314 0.957006 1.24395e-09
0.0205509 0.204646 0.463093 8.43259e-10
0.0200969 0.204001 1.58675 1.46742e-09
0.019698 0.203338 0.656288 9.19103e-10
0.0194227 0.202809 0.70366 1.40174e-09
0.0192334 0.202398 0.415704 9.45575e-10
0.0190928 0.20206 0.62894 1.18704e-09
0.0189787 0.20176 0.468413 6.84228e-10
0.0188778 0.201471 -0.612122 2.23949e-09
0.0187883 0.201189 -0.531763 2.42881e-10
0.0186973 0.200871 2.48718 2.28664e-09
0.0186017 0.200491 -0.220177 5.70449e-10
0.0185118 0.200066 -0.755535 1.54395e-09
0.0184125 0.199454 0.158544 -5.86264e-10
0.0183389 0.19871 1.08126 -3.84384e-10
0.0183161 0.197945 -1.18508 1.59603e-09
0.0183441 0.197214 2.00446 -1.72231e-09
0.0184033 0.196617 0.501073 -1.12597e-09
0.018482 0.196096 -0.338322 -7.73853e-10
0.0186034 0.195502 -0.563925 1.54426e-10
0.0187446 0.194959 -0.27324 -5.30094e-10
0.0188607 0.194582 -0.334462 -1.36533e-10
0.0189831 0.194228 -0.545044 -6.7166e-10
0.019096 0.193932 -0.340734 -9.08669e-10
0.0192351 0.193598 -0.459223 -1.1228e-09
0.0194228 0.193191 -0.443129 -2.60349e-10
0.019691 0.192675 -0.577596 -8.91128e-10
0.0200679 0.192044 -0.530214 -7.78917e-10
0.0204811 0.191447 -0.571196 -2.69541e-10
0.0208149 0.191019 -0.636301 -8.12863e-10
0.0211211 0.190662 -0.647752 -1.18785e-09
0.0214362 0.190325 -0.524525 -1.17512e-09
0.0218411 0.18993 -0.476333 -1.2001e-09
0.022311 0.189519 -0.425206 -1.02749e-09
0.0226927 0.189217 -0.352456 -4.25513e-10
0.022973 0.189013 -0.411986 -1.07364e-09
0.0232576 0.188819 -0.749722 -1.03389e-09
0.0234908 0.188669 -0.382109 -9.9138e-10
0.0237291 0.188524 -0.0996374 -7.81942e-10
0.0239628 0.18839 -0.107501 -3.61227e-10
0.024167 0.18828 -0.602403 -8.28982e-10
0.0244355 0.188142 -0.483389 -5.2372e-10
0.0246771 0.188026 -0.370127 -2.81307e-10
0.0249524 0.187903 -0.419917 -5.92119e-10
0.0251979 0.1878 -0.0469776 -3.63338e-10
0.0254225 0.187712 -0.144982 -5.03832e-10
0.0257063 0.187609 -0.320854 -5.57316e-10
0.025953 0.187527 -0.309292 -2.06367e-10
0.0262747 0.187429 -0.242512 -4.03643e-10
0.0265546 0.187352 -0.274339 -4.06877e-10
0.0268354 0.187283 -0.255752 -2.96554e-10
0.0270643 0.187233 -0.145775 -2.22573e-10
0.0273074 0.187185 -0.164325 -2.6313e-10
0.0275352 0.187145 -0.110341 -2.77758e-11
0.0277608 0.18711 -0.724529 -5.76266e-10
0.027999 0.187079 -0.077287 1.21474e-10
0.0282692 0.18705 -0.378741 -1.93846e-10
0.0285507 0.187027 -0.119412 4.39025e-11
0.0289111 0.187007 -0.109573 -1.01637e-10
0.029312 0.187 -0.157523 4.4093e-11
0.0297597 0.187009 -0.125091 1.88124e-11
0.0302765 0.187042 -0.120183 1.55777e-10
0.0309175 0.187117 -0.123006 4.47627e-11
0.0315108 0.187221 -0.198441 1.20546e-10
0.031979 0.187327 -0.403677 3.95713e-10
0.0322969 0.187412 0.0189552 2.73801e-10
0.0326001 0.187502 -0.118762 2.66033e-10
0.032917 0.187606 -0.154927 3.56372e-10
0.0331594 0.187693 -0.0817145 3.11587e-10
0.0334207 0.187795 -0.175385 3.24547e-10
0.0337714 0.187943 -0.16614 3.7737e-10
0.0340895 0.18809 -0.124491 3.71723e-10
0.03442 0.188256 -0.139047 3.82827e-10
0.0347068 0.188412 -0.163067 4.22895e-10
0.0349104 0.188529 -0.153677 4.54923e-10
0.0351158 0.188653 -0.113366 4.59169e-10
0.0353364 0.188794 -0.108877 4.46031e-10
0.0355717 0.188952 -0.110282 4.83732e-10
0.035804 0.189117 -0.173242 4.71029e-10
0.0360209 0.18928 -0.155483 5.64804e-10
0.0362305 0.189445 -0.0342371 5.24177e-10
0.0364347 0.189614 -0.0604512 5.12894e-10
0.0366665 0.189816 -0.0373869 4.84093e-10
0.0369528 0.190083 -0.253625 6.18929e-10
0.0372936 0.190427 -0.149921 5.10994e-10
0.0375746 0.190734 -0.0628751 5.08597e-10
0.0378314 0.191037 -0.154506 6.68544e-10
0.0380872 0.191362 0.00205543 5.91243e-10
0.038275 0.191617 -0.0331634 6.82055e-10
0.0384234 0.191831 -0.102581 7.01201e-10
0.0385485 0.19202 0.026235 6.37719e-10
0.0386707 0.192213 -0.201231 6.81037e-10
0.0387908 0.192412 -0.148134 6.66626e-10
0.0389049 0.19261 0.127853 5.92321e-10
0.0390146 0.19281 -0.0673372 7.42927e-10
0.0391292 0.19303 -0.15975 7.30257e-10
0.0392551 0.193287 -0.0431521 5.93584e-10
0.0394138 0.193637 0.0347823 7.56544e-10
0.039561 0.193995 0.0132006 6.72641e-10
0.0396737 0.194296 -0.0969573 7.51827e-10
0.0397682 0.194572 0.112808 6.381e-10
0.0398601 0.194866 0.109791 7.42852e-10
0.039942 0.195156 -0.146546 8.42038e-10
0.0400146 0.195443 0.233142 6.50498e-10
0.0400966 0.195814 -0.0700839 5.79805e-10
0.0401932 0.196361 0.233199 7.99632e-10
0.0402841 0.197163 0.0623079 -1.48614e-09
