x y fp fmu
0.0339814 0.198 -0.019838 2.49323e-08
0.0339499 0.198831 0.314987 8.00214e-10
0.0338465 0.199717 -1.95874 1.9889e-10
0.0336915 0.200508 -0.45518 4.92477e-10
0.0335444 0.20107 -0.18071 5.88232e-10
0.0334225 0.201462 -0.135093 7.89772e-10
0.0333107 0.201782 -0.0357614 8.82482e-10
0.0331854 0.202108 0.115791 6.25709e-10
0.0330423 0.202447 0.0247174 8.41001e-10
0.032884 0.202789 0.327107 5.24463e-10
0.0327057 0.203142 -0.422077 3.13722e-10
0.032471 0.203563 -0.164632 5.52198e-11
0.0321097 0.204138 0.135016 2.05498e-10
0.031703 0.204703 -0.393972 5.23682e-10
0.0313366 0.205155 0.151371 8.17663e-10
0.0309087 0.205626 0.62385 1.45806e-10
0.0305606 0.205972 0.247648 4.23146e-10
0.0302686 0.20624 0.0335606 -3.75501e-11
0.0300505 0.206428 0.158845 1.18711e-10
0.0298489 0.206593 0.992586 -4.92105e-11
0.0296458 0.206751 -0.218395 6.69863e-11
0.0294329 0.206909 -0.0698107 -1.79835e-10
0.0292066 0.207069 0.459875 7.23093e-11
0.0289795 0.207221 0.771094 -4.97056e-11
0.0287604 0.20736 -0.584156 -1.13265e-10
0.0285563 0.207483 0.964538 -1.21399e-10
0.0282941 0.207632 0.83023 -2.97668e-10
0.0280562 0.207759 1.20721 1.45535e-09
0.0277297 0.207922 3.71916 1.24513e-09
0.0273776 0.208083 -0.679646 -5.76592e-09
0.0270431 0.208223 -0.608433 -1.66592e-09
0.0267796 0.208323 0.667309 -4.77217e-11
0.0264948 0.208424 0.906979 -9.44588e-11
0.0262103 0.208515 0.815121 5.5626e-10
0.0258962 0.208607 1.23889 3.99218e-10
0.0256158 0.20868 1.96918 -1.51715e-10
0.0253679 0.208738 -1.47986 -4.72837e-10
0.0251281 0.208788 0.63472 -1.22122e-10
0.0248981 0.208832 2.40296 -5.45005e-10
0.0246801 0.208868 0.689374 -2.17479e-10
0.024458 0.2089 1.11981 5.6297e-10
0.0242148 0.208931 1.28041 2.63749e-10
0.0239289 0.208959 1.11365 6.4066e-11
0.0235821 0.208984 1.05229 3.27948e-11
0.023115 0.208999 1.12954 1.59252e-10
0.0226205 0.208994 1.15941 1.9487e-10
0.0221537 0.208969 1.37234 1.91961e-11
0.0216892 0.208924 1.15112 2.70741e-10
0.0212388 0.208861 0.905007 2.41712e-10
0.0207893 0.208779 2.25639 4.28765e-10
0.0203277 0.208675 1.19635 -1.06118e-09
0.0200127 0.208592 0.878901 1.36889e-09
0.0197129 0.208503 1.77435 5.66751e-10
0.01943 0.208411 1.26404 4.9911e-10
0.0191825 0.208323 1.56246 4.85324e-10
0.0189515 0.208235 1.91635 5.0674e-10
0.0187356 0.208148 1.54801 5.77693e-10
0.018463 0.208029 1.63121 6.43101e-10
0.018101 0.207858 1.66583 6.97716e-10
0.0177744 0.20769 1.64059 7.71347e-10
0.0174542 0.207511 1.62407 7.486e-10
0.0172162 0.207368 1.87274 8.54963e-10
0.0170043 0.207234 1.70903 8.48852e-10
0.0167655 0.207075 1.71914 1.22173e-09
0.0164412 0.206845 1.82321 9.73e-10
0.0159781 0.206483 1.76786 1.04462e-09
0.0153829 0.205954 1.87715 1.08508e-09
0.0147652 0.205314 1.81397 1.26635e-09
0.0142163 0.204646 1.9564 1.11287e-09
0.0137623 0.204001 1.94273 1.49033e-09
0.0133634 0.203338 1.79832 1.44847e-09
0.0130881 0.202809 1.8052 1.61314e-09
0.0128988 0.202398 1.74133 1.46205e-09
0.0127582 0.20206 1.76952 1.54725e-09
0.0126441 0.20176 1.68348 1.40505e-09
0.0125432 0.201471 1.43318 1.92874e-09
0.0124537 0.201189 1.73841 1.02511e-09
0.0123627 0.200871 2.03628 1.8399e-09
0.0122671 0.200491 1.34983 1.6224e-09
0.0121772 0.200066 1.31745 1.59936e-09
0.0120779 0.199454 1.55912 8.48713e-10
0.0120043 0.19871 1.63825 2.95884e-10
0.0119815 0.197945 0.904818 1.70999e-09
0.0120095 0.197214 1.8133 1.8501e-10
0.0120687 0.196617 1.21871 3.79919e-10
0.0121473 0.196096 0.850978 1.84411e-10
0.0122688 0.195502 0.702336 7.55826e-10
0.01241 0.194959 0.718153 2.85964e-10
0.012526 0.194582 0.668296 6.30729e-10
0.0126485 0.194228 0.534708 2.11946e-10
0.0127614 0.193932 0.561648 -1.82906e-10
0.0129005 0.193598 0.43148 -4.04961e-10
0.0130882 0.193191 0.431093 3.46526e-10
0.0133564 0.192675 0.254364 -1.86827e-10
0.0137333 0.192044 0.183029 -1.75318e-10
0.0141464 0.191447 0.0492303 2.64198e-10
0.0144803 0.191019 -0.0239448 -2.48868e-10
0.0147864 0.190662 -0.107355 -7.28735e-10
0.0151016 0.190325 -0.0734083 -7.35273e-10
0.0155065 0.18993 -0.101984 -7.95056e-10
0.0159764 0.189519 -0.13664 -6.42324e-10
0.0163581 0.189217 -0.0987462 -4.91598e-11
0.0166384 0.189013 -0.187205 -7.616e-10
0.016923 0.188819 -0.42669 -7.06578e-10
0.0171562 0.188669 -0.236036 -6.89556e-10
0.0173945 0.188524 -0.0301729 -4.59548e-10
0.0176282 0.18839 -0.00279732 -9.48399e-11
0.0178324 0.18828 -0.417455 -6.31084e-10
0.0181009 0.188142 -0.356382 -2.26961e-10
0.0183425 0.188026 -0.253892 -4.69044e-11
0.0186178 0.187903 -0.332928 -4.50243e-10
0.0188633 0.1878 -0.0525947 -1.78627e-10
0.0190879 0.187712 -0.131121 -3.34216e-10
0.0193717 0.187609 -0.288627 -4.3329e-10
0.0196183 0.187527 -0.279863 -4.21685e-11
0.01994 0.187429 -0.24328 -3.2225e-10
0.02022 0.187352 -0.270705 -3.12021e-10
0.0205008 0.187283 -0.265544 -2.24261e-10
0.0207297 0.187233 -0.168407 -1.27537e-10
0.0209728 0.187185 -0.205855 -1.97544e-10
0.0212006 0.187145 -0.1476 6.92444e-12
0.0214262 0.18711 -0.726232 -5.0112e-10
0.0216644 0.187079 -0.103745 1.42966e-10
0.0219346 0.18705 -0.37365 -9.71646e-11
0.0222161 0.187027 -0.117253 -8.24129e-11
0.0225765 0.187007 -0.142992 -6.79332e-11
0.0229774 0.187 -0.195408 3.32378e-12
0.023425 0.187009 -0.161143 -3.87353e-11
0.0239419 0.187042 -0.164161 1.77291e-10
0.0245829 0.187117 -0.158678 2.41367e-11
0.0251762 0.187221 -0.250981 3.00667e-11
0.0256444 0.187327 -0.432765 4.03894e-10
0.0259623 0.187412 0.108313 2.74564e-10
0.0262655 0.187502 -0.0601352 2.47042e-10
0.0265824 0.187606 -0.174829 3.02974e-10
0.0268248 0.187693 -0.0873246 2.53008e-10
0.0270861 0.187795 -0.194403 2.64885e-10
0.0274368 0.187943 -0.165345 3.46964e-10
0.0277548 0.18809 -0.124682 3.74722e-10
0.0280854 0.188256 -0.142665 3.57588e-10
0.0283722 0.188412 -0.167716 3.90541e-10
0.0285758 0.188529 -0.138714 4.27832e-10
0.0287811 0.188653 -0.100039 4.37826e-10
0.0290018 0.188794 -0.106523 4.77262e-10
0.0292371 0.188952 -0.116731 4.69827e-10
0.0294694 0.189117 -0.184681 4.76409e-10
0.0296863 0.18928 -0.129453 5.65678e-10
0.0298959 0.189445 -0.00306374 5.57288e-10
0.0301001 0.189614 -0.0578399 5.84968e-10
0.0303319 0.189816 -0.0696889 5.19573e-10
0.0306181 0.190083 -0.293962 5.9036e-10
0.030959 0.190427 -0.0912339 6.77618e-10
0.0312399 0.190734 -0.0627191 6.35876e-10
0.0314968 0.191037 -0.163953 8.21011e-10
0.0317526 0.191362 0.00698288 7.93294e-10
0.0319404 0.191617 -0.0415455 8.34127e-10
0.0320887 0.191831 -0.133755 8.99526e-10
0.0322139 0.19202 0.01496 8.38838e-10
0.0323361 0.192213 -0.286578 9.09331e-10
0.0324561 0.192412 -0.201063 9.05749e-10
0.0325703 0.19261 0.140122 8.55693e-10
0.03268 0.19281 -0.134242 1.01772e-09
0.0327945 0.19303 -0.251412 1.02742e-09
0.0329204 0.193287 -0.122778 9.19034e-10
0.0330792 0.193637 0.0037553 1.08513e-09
0.0332264 0.193995 -0.0695767 1.04616e-09
0.0333391 0.194296 -0.216836 1.18139e-09
0.0334336 0.194572 0.0264032 1.06405e-09
0.0335255 0.194866 0.0686893 1.11252e-09
0.0336074 0.195156 -0.393541 1.35022e-09
0.03368 0.195443 0.231662 1.0708e-09
0.033762 0.195814 -0.403945 1.07141e-09
0.0338586 0.196361 0.482687 1.77736e-09
0.0339495 0.197163 -0.449536 -2.23793e-09
