x y fp fmu
0.0455902 0.198 -0.84738 6.27572e-10
0.0455587 0.198831 0.394174 -5.20002e-10
0.0454553 0.199717 -0.942279 -9.31017e-10
0.0453003 0.200508 -0.273161 -1.00608e-09
0.0451532 0.20107 0.298292 -8.32597e-10
0.0450313 0.201462 0.365212 -9.4817e-10
0.0449195 0.201782 0.370742 -5.12883e-10
0.0447942 0.202108 0.628722 -1.19841e-09
0.0446511 0.202447 0.548471 -1.09537e-09
0.0444928 0.202789 0.94216 -1.20984e-09
0.0443145 0.203142 0.470378 -1.4747e-09
0.0440798 0.203563 0.587196 -1.76585e-09
0.0437186 0.204138 0.891371 -1.49409e-09
0.0433119 0.204703 0.734339 -6.16965e-10
0.0429454 0.205155 0.712584 -7.41163e-10
0.0425175 0.205626 1.31775 -1.51442e-09
0.0421694 0.205972 1.19357 -1.00193e-09
0.0418774 0.20624 1.09896 -1.30012e-09
0.0416593 0.206428 0.953991 -1.39068e-09
0.0414577 0.206593 1.62435 -1.24439e-09
0.0412546 0.206751 1.09428 -1.26592e-09
0.0410417 0.206909 0.987002 -1.1243e-09
0.0408154 0.207069 1.10904 -1.06497e-09
0.0405883 0.207221 1.60776 -1.02391e-09
0.0403692 0.20736 0.676305 -1.2046e-09
0.0401651 0.207483 1.1105 -1.24825e-09
0.0399029 0.207632 1.67794 -1.24869e-09
0.039665 0.207759 1.11958 -2.4368e-10
0.0393385 0.207922 2.2952 2.4176e-10
0.0389864 0.208083 1.56837 -3.9286e-09
0.0386519 0.208223 0.444884 -1.06997e-09
0.0383884 0.208323 1.13688 -6.62604e-10
0.0381036 0.208424 1.19318 -8.64204e-10
0.0378191 0.208515 1.40587 -3.08603e-10
0.037505 0.208607 1.2294 -5.74833e-10
0.0372246 0.20868 2.01898 -6.39453e-10
0.0369767 0.208738 0.987148 -5.44265e-10
0.0367369 0.208788 0.472324 -5.07757e-10
0.0365069 0.208832 1.45754 -4.37958e-10
0.0362889 0.208868 1.38887 -4.62989e-10
0.0360668 0.2089 1.15563 -1.87475e-10
0.0358236 0.208931 1.34431 -3.97427e-10
0.0355377 0.208959 1.34965 -2.73948e-10
0.0351909 0.208984 1.26819 -1.53152e-10
0.0347239 0.208999 1.25667 -7.77451e-11
0.0342293 0.208994 1.1906 7.19195e-11
0.0337626 0.208969 1.18521 1.50426e-10
0.033298 0.208924 1.35769 1.9302e-10
0.0328476 0.208861 1.06875 5.79222e-10
0.0323981 0.208779 0.76973 -1.04e-10
0.0319365 0.208675 1.56441 1.53699e-09
0.0316215 0.208592 1.15869 8.51745e-11
0.0313217 0.208503 0.929508 8.39767e-11
0.0310388 0.208411 1.28929 5.0429e-10
0.0307913 0.208323 0.879382 3.99581e-10
0.0305603 0.208235 0.804391 4.20007e-10
0.0303444 0.208148 1.21156 4.99378e-10
0.0300718 0.208029 1.09645 4.91307e-10
0.0297098 0.207858 1.08024 5.50305e-10
0.0293832 0.20769 1.1509 5.71397e-10
0.029063 0.207511 1.0696 6.97021e-10
0.028825 0.207368 0.773334 4.57988e-10
0.0286131 0.207234 1.16493 5.92446e-10
0.0283743 0.207075 0.961744 2.22567e-10
0.02805 0.206845 0.954663 3.85229e-10
0.027587 0.206483 0.98915 6.31546e-10
0.0269917 0.205954 0.8381 4.71339e-10
0.026374 0.205314 0.833304 5.25409e-10
0.0258251 0.204646 0.386777 2.93029e-10
0.0253711 0.204001 1.31519 4.72413e-10
0.0249722 0.203338 0.665103 1.97883e-11
0.0246969 0.202809 0.666321 2.88948e-10
0.0245076 0.202398 0.505965 8.88082e-11
0.024367 0.20206 0.615911 2.0187e-10
0.0242529 0.20176 0.554208 -7.37848e-11
0.024152 0.201471 -0.0794477 6.54342e-10
0.0240625 0.201189 -0.255827 -8.96806e-11
0.0239715 0.200871 1.70199 7.83968e-10
0.0238759 0.200491 0.300376 -4.21948e-10
0.023786 0.200066 -0.0948593 2.58135e-10
0.0236867 0.199454 0.251935 -6.12723e-10
0.0236131 0.19871 0.845225 -3.62688e-10
0.0235903 0.197945 -0.244177 8.93643e-11
0.0236183 0.197214 1.06313 -1.00267e-09
0.0236775 0.196617 0.637839 -9.66958e-10
0.0237562 0.196096 0.210458 -7.10386e-10
0.0238776 0.195502 0.0869361 -4.24655e-10
0.0240188 0.194959 0.180661 -6.19386e-10
0.0241349 0.194582 0.161554 -5.64965e-10
0.0242573 0.194228 0.0735616 -6.62579e-10
0.0243702 0.193932 0.124276 -6.80564e-10
0.0245093 0.193598 0.105438 -7.31857e-10
0.024697 0.193191 0.089494 -5.89998e-10
0.0249652 0.192675 0.0313945 -6.96903e-10
0.0253421 0.192044 0.0303478 -6.51007e-10
0.0257553 0.191447 0.0231658 -6.03273e-10
0.0260891 0.191019 -0.028259 -6.82633e-10
0.0263953 0.190662 -0.0540667 -6.90939e-10
0.0267104 0.190325 -0.041358 -6.71602e-10
0.0271153 0.18993 -0.0328511 -6.6599e-10
0.0275852 0.189519 -0.0203008 -6.43749e-10
0.0279669 0.189217 0.000307382 -5.71607e-10
0.0282472 0.189013 -0.0137422 -6.35356e-10
0.0285318 0.188819 -0.140474 -6.31048e-10
0.028765 0.188669 -0.106834 -5.58912e-10
0.0290033 0.188524 0.0446818 -5.63112e-10
0.029237 0.18839 0.134947 -5.38774e-10
0.0294412 0.18828 -0.0908497 -6.31928e-10
0.0297097 0.188142 -0.134174 -5.03097e-10
0.0299513 0.188026 -0.0819302 -4.37327e-10
0.0302266 0.187903 -0.152984 -4.47032e-10
0.0304721 0.1878 0.019981 -3.74158e-10
0.0306967 0.187712 0.0627334 -4.61604e-10
0.0309805 0.187609 -0.0422373 -4.73153e-10
0.0312272 0.187527 -0.0775654 -3.75985e-10
0.0315489 0.187429 -0.0488002 -3.71147e-10
0.0318288 0.187352 -0.0762814 -3.79272e-10
0.0321096 0.187283 -0.0827337 -3.06341e-10
0.0323385 0.187233 -0.0262065 -2.76988e-10
0.0325816 0.187185 0.0422236 -3.13089e-10
0.0328094 0.187145 0.163777 -2.51352e-10
0.033035 0.18711 -0.427134 -4.17988e-10
0.0332732 0.187079 -0.170135 6.93529e-12
0.0335434 0.18705 -0.280232 -1.15866e-10
0.0338249 0.187027 -0.185517 1.90959e-10
0.0341853 0.187007 -0.0474034 -1.67973e-10
0.0345862 0.187 -0.137029 7.27232e-11
0.0350338 0.187009 -0.0985878 1.49187e-10
0.0355507 0.187042 -0.0970418 3.81087e-11
0.0361917 0.187117 -0.195394 -1.83166e-11
0.036785 0.187221 -0.153144 4.16569e-10
0.0372532 0.187327 -0.908629 7.05788e-10
0.0375711 0.187412 -0.780022 -1.88332e-11
0.0378743 0.187502 -0.427187 6.40832e-10
0.0381912 0.187606 -0.615392 7.94171e-10
0.0384336 0.187693 -0.33429 7.53448e-10
0.0386949 0.187795 -0.58642 8.90035e-10
0.0390456 0.187943 -0.743536 9.26404e-10
0.0393636 0.18809 -0.658911 3.9734e-10
0.0396942 0.188256 -0.693902 7.63534e-10
0.039981 0.188412 -0.816166 1.17762e-09
0.0401846 0.188529 -0.995053 1.14869e-09
0.04039 0.188653 -0.817007 1.21075e-09
0.0406106 0.188794 -0.755684 5.67287e-10
0.0408459 0.188952 -0.69449 1.31854e-09
0.0410782 0.189117 -0.97529 1.14423e-09
0.0412951 0.18928 -1.3546 1.54814e-09
0.0415047 0.189445 -0.673284 1.2559e-09
0.0417089 0.189614 -0.672239 7.30933e-10
0.0419407 0.189816 -0.15081 1.15117e-09
0.0422269 0.190083 -1.30098 2.78343e-09
0.0425678 0.190427 -2.03082 -6.27057e-11
0.0428487 0.190734 -0.764933 7.36804e-10
0.0431056 0.191037 -1.39438 1.3759e-09
0.0433614 0.191362 -0.80858 4.93446e-10
0.0435492 0.191617 -0.723978 1.7788e-09
0.0436975 0.191831 -1.20233 1.63508e-09
0.0438227 0.19202 -0.426226 1.25418e-09
0.0439449 0.192213 -1.54548 1.24604e-09
0.044065 0.192412 -1.58274 1.05686e-09
0.0441791 0.19261 -0.114526 5.60628e-10
0.0442888 0.19281 -0.947055 1.49599e-09
0.0444034 0.19303 -1.49257 1.36113e-09
0.0445293 0.193287 -1.04329 2.06869e-10
0.044688 0.193637 -0.762647 1.39049e-09
0.0448352 0.193995 -0.714942 7.71979e-10
0.0449479 0.194296 -1.25938 8.47584e-10
0.0450424 0.194572 -0.414218 3.00486e-10
0.0451343 0.194866 -0.470728 1.17203e-09
0.0452162 0.195156 -1.32986 1.40747e-09
0.0452888 0.195443 -0.196019 5.41353e-10
0.0453708 0.195814 -0.798309 3.04465e-10
0.0454674 0.196361 -0.889244 3.57248e-10
0.0455583 0.197163 1.0838 -4.02071e-12
