x y fp fmu
0.0575199 0.198 2.02447 -1.69055e-09
0.0574885 0.198831 2.81402 -2.4791e-09
0.057385 0.199717 2.65112 -2.56654e-09
0.0572301 0.200508 3.1141 -2.57737e-09
0.0570829 0.20107 3.13909 -2.57636e-09
0.056961 0.201462 3.38976 -2.76843e-09
0.0568492 0.201782 3.36495 -2.60128e-09
0.0567239 0.202108 3.45971 -2.81191e-09
0.0565808 0.202447 3.50618 -2.81842e-09
0.0564226 0.202789 3.57953 -2.7665e-09
0.0562442 0.203142 3.61899 -2.66362e-09
0.0560095 0.203563 3.55705 -2.58128e-09
0.0556483 0.204138 3.59009 -2.37884e-09
0.0552416 0.204703 3.6503 -2.09644e-09
0.0548752 0.205155 3.51049 -2.20094e-09
0.0544473 0.205626 3.51709 -1.84818e-09
0.0540991 0.205972 3.54247 -1.86541e-09
0.0538072 0.20624 3.52324 -1.66869e-09
0.0535891 0.206428 3.50574 -1.44392e-09
0.0533875 0.206593 3.30853 -1.46526e-09
0.0531844 0.206751 3.52535 -1.30367e-09
0.0529714 0.206909 3.46535 -1.32881e-09
0.0527451 0.207069 3.36838 -1.33158e-09
0.052518 0.207221 3.18151 -1.2122e-09
0.0522989 0.20736 3.58339 -9.46385e-10
0.0520949 0.207483 3.11734 -1.06339e-09
0.0518326 0.207632 3.02153 -1.20158e-09
0.0515947 0.207759 3.42856 -1.19823e-09
0.0512682 0.207922 2.514 -1.67194e-09
0.0509161 0.208083 3.13418 1.04517e-09
0.0505816 0.208223 4.00291 -6.40989e-10
0.0503181 0.208323 3.00843 -6.13645e-10
0.0500333 0.208424 2.80402 -4.70963e-10
0.0497488 0.208515 2.84589 -1.25623e-09
0.0494347 0.208607 2.80235 -4.05466e-10
0.0491543 0.20868 1.69226 6.47124e-11
0.0489065 0.208738 4.18392 6.81357e-10
0.0486666 0.208788 4.00013 -1.08344e-09
0.0484366 0.208832 1.57826 -9.69385e-10
0.0482186 0.208868 2.60327 -7.85698e-12
0.0479965 0.2089 2.69792 -1.03319e-09
0.0477534 0.208931 2.2464 -4.54679e-10
0.0474674 0.208959 2.43815 -1.18995e-11
0.0471206 0.208984 2.4977 5.16545e-11
0.0466536 0.208999 2.40152 -1.44667e-10
0.046159 0.208994 2.42974 -8.40054e-11
0.0456923 0.208969 2.02654 1.46895e-10
0.0452277 0.208924 2.25243 1.06545e-10
0.0447773 0.208861 3.11232 4.04164e-11
0.0443278 0.208779 0.713984 -2.64837e-10
0.0438662 0.208675 1.69717 5.12403e-09
0.0435512 0.208592 4.46558 -1.12059e-09
0.0432514 0.208503 2.23548 -6.09334e-10
0.0429686 0.208411 2.12524 -2.20841e-10
0.042721 0.208323 1.94938 -2.18271e-10
0.04249 0.208235 0.731056 3.06124e-10
0.0422741 0.208148 1.66515 3.43445e-11
0.0420015 0.208029 1.69272 -1.29856e-10
0.0416396 0.207858 1.55506 1.05643e-10
0.0413129 0.20769 1.80958 -1.85599e-11
0.0409928 0.207511 1.78361 7.16049e-11
0.0407548 0.207368 0.900835 -3.81564e-11
0.0405428 0.207234 1.53859 -2.92066e-10
0.040304 0.207075 1.58835 -7.11859e-10
0.0399797 0.206845 1.16862 -3.39134e-10
0.0395167 0.206483 1.43829 7.37865e-12
0.0389214 0.205954 0.963039 -3.84583e-10
0.0383037 0.205314 1.02573 -6.91181e-11
0.0377549 0.204646 -0.434453 4.82066e-11
0.0373008 0.204001 2.11495 -5.074e-11
0.0369019 0.203338 1.05038 -1.41462e-09
0.0366266 0.202809 0.733415 -5.35537e-10
0.0364373 0.202398 0.517079 -6.65565e-10
0.0362967 0.20206 0.615221 -4.43056e-10
0.0361826 0.20176 0.634144 -8.1365e-10
0.0360817 0.201471 -1.0084 4.64346e-10
0.0359922 0.201189 -1.92665 -1.75734e-10
0.0359012 0.200871 3.22303 1.28607e-09
0.0358056 0.200491 0.94356 -1.86966e-09
0.0357157 0.200066 -0.742843 -4.09982e-10
0.0356165 0.199454 -0.36408 -1.25725e-09
0.0355429 0.19871 1.35071 -2.44721e-10
0.03552 0.197945 -0.88656 -7.77445e-10
0.035548 0.197214 1.83576 -1.52955e-09
0.0356072 0.196617 1.22132 -1.78265e-09
0.0356859 0.196096 0.416516 -1.32651e-09
0.0358073 0.195502 -0.0104445 -7.88765e-10
0.0359485 0.194959 0.216697 -9.0264e-10
0.0360646 0.194582 0.1621 -8.78649e-10
0.036187 0.194228 0.0592827 -9.15697e-10
0.0362999 0.193932 0.127334 -8.91988e-10
0.036439 0.193598 0.128901 -9.1012e-10
0.0366268 0.193191 0.0722679 -7.84524e-10
0.0368949 0.192675 -0.00989085 -8.12838e-10
0.0372718 0.192044 0.0121185 -7.49495e-10
0.037685 0.191447 -0.026023 -6.71136e-10
0.0380188 0.191019 -0.108064 -7.03616e-10
0.038325 0.190662 -0.145571 -6.97369e-10
0.0386401 0.190325 -0.122361 -6.57844e-10
0.0390451 0.18993 -0.113033 -6.5487e-10
0.0395149 0.189519 -0.0932273 -6.40233e-10
0.0398967 0.189217 -0.113537 -5.35205e-10
0.0401769 0.189013 -0.164981 -5.82957e-10
0.0404615 0.188819 -0.397561 -6.61107e-10
0.0406947 0.188669 -0.179488 -5.15489e-10
0.040933 0.188524 0.000300726 -5.95816e-10
0.0411668 0.18839 -0.0978183 -4.47799e-10
0.0413709 0.18828 -0.395225 -5.90055e-10
0.0416395 0.188142 -0.354538 -4.69301e-10
0.041881 0.188026 -0.320162 -3.70674e-10
0.0421563 0.187903 -0.362023 -4.1178e-10
0.0424019 0.1878 -0.106661 -3.94497e-10
0.0426264 0.187712 -0.180432 -4.36823e-10
0.0429102 0.187609 -0.341985 -4.34425e-10
0.0431569 0.187527 -0.355171 -3.23078e-10
0.0434786 0.187429 -0.347861 -3.17129e-10
0.0437585 0.187352 -0.397665 -3.49348e-10
0.0440393 0.187283 -0.388291 -2.67282e-10
0.0442683 0.187233 -0.32826 -2.75004e-10
0.0445114 0.187185 -0.240667 -3.10758e-10
0.0447392 0.187145 -0.329957 -1.77748e-10
0.0449647 0.18711 -0.872838 -3.72968e-10
0.0452029 0.187079 -0.454828 1.24874e-10
0.0454731 0.18705 -0.729729 7.79611e-11
0.0457546 0.187027 -0.499467 2.95462e-10
0.046115 0.187007 -0.468024 -1.67705e-10
0.0465159 0.187 -0.523898 1.00915e-10
0.0469636 0.187009 -0.510526 2.39468e-10
0.0474804 0.187042 -0.493805 -8.81143e-12
0.0481214 0.187117 -0.593451 -8.33145e-11
0.0487148 0.187221 -0.471662 4.62968e-10
0.0491829 0.187327 -1.5335 6.49467e-10
0.0495008 0.187412 -0.700154 -1.10072e-10
0.049804 0.187502 -0.891432 7.64415e-10
0.0501209 0.187606 -0.935841 7.90425e-10
0.0503633 0.187693 -0.730073 7.1126e-10
0.0506246 0.187795 -0.980973 9.76227e-10
0.0509753 0.187943 -1.0732 1.26238e-09
0.0512934 0.18809 -0.923027 5.09356e-11
0.0516239 0.188256 -1.00501 4.31493e-10
0.0519108 0.188412 -1.11425 1.44286e-09
0.0521143 0.188529 -1.20841 1.13771e-09
0.0523197 0.188653 -1.04134 1.35662e-09
0.0525403 0.188794 -0.894509 2.15071e-10
0.0527756 0.188952 -0.923028 1.3228e-09
0.0530079 0.189117 -1.20868 9.56326e-10
0.0532248 0.18928 -1.23762 1.58049e-09
0.0534345 0.189445 -0.80179 1.09381e-09
0.0536387 0.189614 -0.651589 1.943e-10
0.0538704 0.189816 -0.424131 4.93938e-10
0.0541567 0.190083 -1.29031 3.58072e-09
0.0544975 0.190427 -1.10519 -5.15894e-10
0.0547785 0.190734 -0.586769 6.57753e-10
0.0550353 0.191037 -0.889033 6.06293e-10
0.0552911 0.191362 -0.239884 -9.291e-11
0.0554789 0.191617 -0.488233 1.38999e-09
0.0556273 0.191831 -0.351853 1.48194e-09
0.0557524 0.19202 -0.0863488 6.19717e-10
0.0558747 0.192213 -0.49096 2.38328e-10
0.0559947 0.192412 -0.327377 2.97459e-10
0.0561088 0.19261 0.28103 -5.6957e-10
0.0562185 0.19281 -0.0657236 3.5431e-10
0.0563331 0.19303 -0.0924216 8.60962e-10
0.056459 0.193287 0.191664 -1.00071e-09
0.0566177 0.193637 0.374482 5.54242e-10
0.0567649 0.193995 0.591046 -6.60919e-10
0.0568776 0.194296 0.472122 -8.56362e-10
0.0569721 0.194572 1.05915 -1.38861e-09
0.057064 0.194866 0.762089 -5.61386e-10
0.057146 0.195156 1.00974 -1.86491e-10
0.0572185 0.195443 1.27458 -1.0187e-09
0.0573006 0.195814 1.33448 -1.43277e-09
0.0573972 0.196361 1.30793 -1.52911e-09
0.057488 0.197163 2.50758 -1.53454e-09
