x y fp fmu
0.0598206 0.198 3.50103 -2.23076e-09
0.0597892 0.198831 4.21801 -3.05039e-09
0.0596858 0.199717 4.16361 -3.08483e-09
0.0595308 0.200508 4.47071 -3.05567e-09
0.0593836 0.20107 4.3406 -3.12562e-09
0.0592617 0.201462 4.57935 -3.01186e-09
0.0591499 0.201782 4.487 -3.06354e-09
0.0590247 0.202108 4.51298 -2.9795e-09
0.0588816 0.202447 4.49264 -2.84509e-09
0.0587233 0.202789 4.42593 -2.64413e-09
0.058545 0.203142 4.45891 -2.33151e-09
0.0583103 0.203563 4.32086 -2.0601e-09
0.057949 0.204138 4.20045 -1.87369e-09
0.0575423 0.204703 4.09953 -2.16259e-09
0.0571759 0.205155 3.97215 -2.08728e-09
0.056748 0.205626 3.72857 -1.01611e-09
0.0563998 0.205972 3.70245 -1.57572e-09
0.0561079 0.20624 3.62161 -1.24156e-09
0.0558898 0.206428 3.62806 -8.5531e-10
0.0556882 0.206593 3.3227 -8.27134e-10
0.0554851 0.206751 3.464 -8.19442e-10
0.0552722 0.206909 3.50396 -9.92256e-10
0.0550458 0.207069 3.35324 -9.46033e-10
0.0548187 0.207221 3.03003 -6.74531e-10
0.0545996 0.20736 3.51434 -5.84543e-10
0.0543956 0.207483 3.1068 -5.67202e-10
0.0541334 0.207632 2.7789 -8.07552e-10
0.0538954 0.207759 3.17136 -1.23179e-09
0.053569 0.207922 2.48946 -1.57259e-09
0.0532169 0.208083 2.46642 1.46663e-09
0.0528824 0.208223 4.10608 -2.31364e-10
0.0526189 0.208323 2.75605 -3.65473e-10
0.052334 0.208424 2.55878 -9.46274e-11
0.0520496 0.208515 2.43667 -1.23767e-09
0.0517355 0.208607 2.48507 -8.81871e-11
0.0514551 0.20868 1.12993 7.36738e-10
0.0512072 0.208738 3.5468 7.72492e-10
0.0509674 0.208788 4.1525 -1.05293e-09
0.0507374 0.208832 1.24536 -8.52698e-10
0.0505194 0.208868 2.07008 4.21281e-11
0.0502973 0.2089 2.26541 -9.79701e-10
0.0500541 0.208931 1.77779 -2.79553e-10
0.0497682 0.208959 1.91089 1.30784e-10
0.0494213 0.208984 1.99685 1.26785e-10
0.0489543 0.208999 1.88684 -9.05603e-11
0.0484598 0.208994 1.92783 -9.20093e-11
0.047993 0.208969 1.48995 1.10811e-10
0.0475285 0.208924 1.63094 9.91993e-11
0.0470781 0.208861 2.67486 -1.22838e-10
0.0466285 0.208779 0.233833 -2.21212e-10
0.046167 0.208675 0.916225 5.3549e-09
0.045852 0.208592 3.99455 -1.17868e-09
0.0455522 0.208503 2.09159 -5.52118e-10
0.0452693 0.208411 1.51466 -4.16859e-10
0.0450218 0.208323 1.52615 -2.85478e-10
0.0447907 0.208235 0.20403 2.39847e-10
0.0445749 0.208148 1.06649 -8.24016e-11
0.0443023 0.208029 1.15188 -2.20107e-10
0.0439403 0.207858 1.01536 -6.33413e-12
0.0436137 0.20769 1.29845 -1.52905e-10
0.0432935 0.207511 1.29134 -7.52153e-11
0.0430555 0.207368 0.419254 -1.43995e-10
0.0428435 0.207234 1.00124 -4.79216e-10
0.0426048 0.207075 1.12171 -8.06094e-10
0.0422805 0.206845 0.678578 -4.45653e-10
0.0418174 0.206483 0.980584 -1.17742e-10
0.0412222 0.205954 0.508481 -5.30306e-10
0.0406045 0.205314 0.599748 -1.54634e-10
0.0400556 0.204646 -0.997743 3.40785e-11
0.0396015 0.204001 1.81395 -9.16851e-11
0.0392027 0.203338 0.818619 -1.60114e-09
0.0389273 0.202809 0.400956 -6.49626e-10
0.0387381 0.202398 0.224592 -7.52512e-10
0.0385975 0.20206 0.290897 -5.27709e-10
0.0384834 0.20176 0.352203 -8.5079e-10
0.0383825 0.201471 -1.46145 4.29383e-10
0.0382929 0.201189 -2.42762 -1.37685e-10
0.038202 0.200871 3.11954 1.37232e-09
0.0381064 0.200491 0.931116 -1.95819e-09
0.0380164 0.200066 -1.02712 -5.45691e-10
0.0379172 0.199454 -0.683097 -1.27372e-09
0.0378436 0.19871 1.23478 -1.60773e-10
0.0378208 0.197945 -1.08105 -9.05417e-10
0.0378487 0.197214 1.78068 -1.46215e-09
0.037908 0.196617 1.13672 -1.74096e-09
0.0379866 0.196096 0.389654 -1.323e-09
0.0381081 0.195502 -0.0866513 -7.83135e-10
0.0382492 0.194959 0.151492 -8.38181e-10
0.0383653 0.194582 0.105122 -8.19279e-10
0.0384878 0.194228 0.02619 -8.38918e-10
0.0386007 0.193932 0.0907736 -8.09447e-10
0.0387397 0.193598 0.10381 -8.11254e-10
0.0389275 0.193191 0.0511788 -6.97035e-10
0.0391956 0.192675 -0.00892755 -7.02338e-10
0.0395726 0.192044 0.026906 -6.36394e-10
0.0399857 0.191447 -0.00530657 -5.5296e-10
0.0403196 0.191019 -0.0654016 -5.65723e-10
0.0406257 0.190662 -0.0921632 -5.63204e-10
0.0409408 0.190325 -0.0590622 -5.18416e-10
0.0413458 0.18993 -0.0409777 -5.15539e-10
0.0418157 0.189519 -0.0140424 -4.99624e-10
0.0421974 0.189217 -0.0402723 -3.95412e-10
0.0424777 0.189013 -0.0906682 -4.3426e-10
0.0427623 0.188819 -0.293164 -5.42265e-10
0.0429955 0.188669 -0.0422571 -3.8709e-10
0.0432338 0.188524 0.0928128 -4.67147e-10
0.0434675 0.18839 -0.0581532 -3.04427e-10
0.0436716 0.18828 -0.295753 -4.18475e-10
0.0439402 0.188142 -0.221992 -3.49788e-10
0.0441818 0.188026 -0.189994 -2.57544e-10
0.044457 0.187903 -0.200379 -2.9829e-10
0.0447026 0.1878 0.0260076 -3.11467e-10
0.0449272 0.187712 -0.0784844 -3.29353e-10
0.045211 0.187609 -0.219356 -3.13297e-10
0.0454576 0.187527 -0.210925 -2.11568e-10
0.0457793 0.187429 -0.206842 -2.15551e-10
0.0460593 0.187352 -0.243854 -2.55054e-10
0.0463401 0.187283 -0.224974 -1.91158e-10
0.046569 0.187233 -0.162065 -2.09718e-10
0.0468121 0.187185 -0.142142 -2.22984e-10
0.0470399 0.187145 -0.288863 -7.81439e-11
0.0472655 0.18711 -0.65303 -2.98407e-10
0.0475036 0.187079 -0.215367 9.48723e-11
0.0477739 0.18705 -0.494448 4.04897e-11
0.0480554 0.187027 -0.269318 2.45034e-10
0.0484158 0.187007 -0.289135 -1.16458e-10
0.0488167 0.187 -0.317994 9.92619e-11
0.0492643 0.187009 -0.314307 1.825e-10
0.0497811 0.187042 -0.301179 3.69843e-11
0.0504222 0.187117 -0.36453 -3.9903e-11
0.0510155 0.187221 -0.286497 3.56915e-10
0.0514837 0.187327 -1.05842 5.67729e-10
0.0518016 0.187412 -0.313042 8.29531e-12
0.0521048 0.187502 -0.566121 6.00888e-10
0.0524217 0.187606 -0.537112 6.37445e-10
0.052664 0.187693 -0.407388 5.76468e-10
0.0529254 0.187795 -0.577926 7.94791e-10
0.0532761 0.187943 -0.61752 1.09622e-09
0.0535941 0.18809 -0.482451 3.15604e-11
0.0539247 0.188256 -0.537057 2.96477e-10
0.0542115 0.188412 -0.60146 1.22016e-09
0.0544151 0.188529 -0.643821 9.23893e-10
0.0546204 0.188653 -0.503859 1.16405e-09
0.0548411 0.188794 -0.363713 1.65774e-10
0.0550764 0.188952 -0.386047 1.10692e-09
0.0553087 0.189117 -0.58854 7.75871e-10
0.0555256 0.18928 -0.523382 1.3185e-09
0.0557352 0.189445 -0.212093 8.35988e-10
0.0559394 0.189614 -0.0549853 9.52644e-11
0.0561712 0.189816 0.117884 2.80547e-10
0.0564574 0.190083 -0.511165 3.25228e-09
0.0567983 0.190427 -0.189827 -4.93972e-10
0.0570792 0.190734 0.164836 4.63441e-10
0.0573361 0.191037 0.00378619 3.88884e-10
0.0575919 0.191362 0.592371 -1.7068e-10
0.0577796 0.191617 0.364653 1.09508e-09
0.057928 0.191831 0.628874 1.37704e-09
0.0580532 0.19202 0.790975 3.29152e-10
0.0581754 0.192213 0.572467 -1.82301e-11
0.0582954 0.192412 0.744277 -3.31885e-11
0.0584096 0.19261 1.1663 -8.55065e-10
0.0585193 0.19281 1.01455 7.81279e-11
0.0586338 0.19303 1.06757 7.5254e-10
0.0587597 0.193287 1.29304 -1.2353e-09
0.0589185 0.193637 1.53861 2.25036e-10
0.0590656 0.193995 1.77962 -1.0251e-09
0.0591783 0.194296 1.76466 -1.17082e-09
0.0592728 0.194572 2.25788 -1.8088e-09
0.0593648 0.194866 2.05412 -1.15218e-09
0.0594467 0.195156 2.4234 -7.5622e-10
0.0595193 0.195443 2.57684 -1.56456e-09
0.0596013 0.195814 2.75078 -1.92888e-09
0.0596979 0.196361 2.80881 -1.86585e-09
0.0597888 0.197163 3.89669 -1.95057e-09
