x y fp fmu
0.0611458 0.198 4.83241 -2.68449e-09
0.0611143 0.198831 5.62473 -3.65495e-09
0.0610109 0.199717 5.58942 -3.75396e-09
0.0608559 0.200508 5.7468 -3.64752e-09
0.0607087 0.20107 5.46186 -3.73634e-09
0.0605868 0.201462 5.72072 -3.36946e-09
0.0604751 0.201782 5.49254 -3.5684e-09
0.0603498 0.202108 5.45757 -3.27694e-09
0.0602067 0.202447 5.33967 -3.01241e-09
0.0600484 0.202789 5.13261 -2.67818e-09
0.0598701 0.203142 5.09926 -2.13792e-09
0.0596354 0.203563 4.85135 -1.78616e-09
0.0592741 0.204138 4.55756 -1.56932e-09
0.0588674 0.204703 4.26347 -2.22764e-09
0.058501 0.205155 4.08678 -2.02678e-09
0.0580731 0.205626 3.64896 -4.36379e-10
0.057725 0.205972 3.55475 -1.38504e-09
0.057433 0.20624 3.39969 -9.68544e-10
0.0572149 0.206428 3.38985 -4.80143e-10
0.0570133 0.206593 3.04375 -3.92471e-10
0.0568102 0.206751 3.08816 -5.32184e-10
0.0565973 0.206909 3.17898 -7.91139e-10
0.056371 0.207069 2.97968 -6.94465e-10
0.0561439 0.207221 2.5975 -3.07252e-10
0.0559247 0.20736 3.06239 -3.84963e-10
0.0557207 0.207483 2.71418 -2.61704e-10
0.0554585 0.207632 2.2695 -5.5168e-10
0.0552206 0.207759 2.59328 -1.25122e-09
0.0548941 0.207922 2.10564 -1.46851e-09
0.054542 0.208083 1.67309 1.60948e-09
0.0542075 0.208223 3.66221 5.93055e-11
0.053944 0.208323 2.17817 -2.09024e-10
0.0536591 0.208424 1.99023 1.25984e-10
0.0533747 0.208515 1.7747 -1.17269e-09
0.0530606 0.208607 1.86725 1.10529e-10
0.0527802 0.20868 0.472985 1.14624e-09
0.0525323 0.208738 2.65337 7.67996e-10
0.0522925 0.208788 3.70562 -9.18667e-10
0.0520625 0.208832 0.713343 -7.5893e-10
0.0518445 0.208868 1.35409 6.57511e-11
0.0516224 0.2089 1.57487 -8.96116e-10
0.0513792 0.208931 1.11518 -1.42451e-10
0.0510933 0.208959 1.19984 2.08196e-10
0.0507464 0.208984 1.29841 1.65977e-10
0.0502794 0.208999 1.19062 -4.78856e-11
0.0497849 0.208994 1.23663 -8.40999e-11
0.0493181 0.208969 0.816025 8.66e-11
0.0488536 0.208924 0.901217 9.70243e-11
0.0484032 0.208861 1.97315 -1.97124e-10
0.0479537 0.208779 -0.289373 -1.61858e-10
0.0474921 0.208675 0.167751 5.10022e-09
0.0471771 0.208592 3.14135 -1.11964e-09
0.0468773 0.208503 1.65256 -4.44438e-10
0.0465944 0.208411 0.830689 -5.05033e-10
0.0463469 0.208323 0.947392 -2.93361e-10
0.0461159 0.208235 -0.30909 1.86551e-10
0.0459 0.208148 0.439455 -1.33775e-10
0.0456274 0.208029 0.551367 -2.40889e-10
0.0452654 0.207858 0.437003 -6.14533e-11
0.0449388 0.20769 0.716719 -2.07748e-10
0.0446186 0.207511 0.725725 -1.48649e-10
0.0443806 0.207368 -0.0512902 -1.85685e-10
0.0441686 0.207234 0.449274 -5.34861e-10
0.0439299 0.207075 0.598649 -7.81786e-10
0.0436056 0.206845 0.196562 -4.53668e-10
0.0431425 0.206483 0.496856 -1.71747e-10
0.0425473 0.205954 0.0904366 -5.55149e-10
0.0419296 0.205314 0.206482 -1.8365e-10
0.0413807 0.204646 -1.29409 2.34558e-11
0.0409267 0.204001 1.39608 -9.83172e-11
0.0405278 0.203338 0.570315 -1.53682e-09
0.0402525 0.202809 0.137758 -6.52802e-10
0.0400632 0.202398 0.014571 -7.25858e-10
0.0399226 0.20206 0.0554823 -5.24624e-10
0.0398085 0.20176 0.144824 -7.80936e-10
0.0397076 0.201471 -1.57964 3.58682e-10
0.0396181 0.201189 -2.46481 -1.09251e-10
0.0395271 0.200871 2.74185 1.278e-09
0.0394315 0.200491 0.852893 -1.80059e-09
0.0393415 0.200066 -1.06742 -5.66034e-10
0.0392423 0.199454 -0.77559 -1.16785e-09
0.0391687 0.19871 1.09983 -1.00391e-10
0.0391459 0.197945 -1.05191 -8.97657e-10
0.0391739 0.197214 1.68363 -1.30947e-09
0.0392331 0.196617 1.07249 -1.58312e-09
0.0393117 0.196096 0.424983 -1.22001e-09
0.0394332 0.195502 -0.041084 -7.2264e-10
0.0395744 0.194959 0.194591 -7.46583e-10
0.0396904 0.194582 0.158891 -7.31042e-10
0.0398129 0.194228 0.0996208 -7.44564e-10
0.0399258 0.193932 0.16482 -7.18333e-10
0.0400648 0.193598 0.186645 -7.14715e-10
0.0402526 0.193191 0.140984 -6.09409e-10
0.0405207 0.192675 0.0991376 -6.09175e-10
0.0408977 0.192044 0.151243 -5.52235e-10
0.0413108 0.191447 0.125523 -4.6722e-10
0.0416447 0.191019 0.079423 -4.7469e-10
0.0419508 0.190662 0.064493 -4.83943e-10
0.042266 0.190325 0.109772 -4.39402e-10
0.0426709 0.18993 0.139164 -4.43837e-10
0.0431408 0.189519 0.176805 -4.31979e-10
0.0435225 0.189217 0.148473 -3.2409e-10
0.0438028 0.189013 0.0964425 -3.65386e-10
0.0440874 0.188819 -0.0928352 -5.03038e-10
0.0443206 0.188669 0.198331 -3.33168e-10
0.0445589 0.188524 0.311366 -4.18868e-10
0.0447926 0.18839 0.124146 -2.38143e-10
0.0449967 0.18828 -0.0898227 -3.40986e-10
0.0452653 0.188142 0.0133311 -3.04746e-10
0.0455069 0.188026 0.0511678 -2.12929e-10
0.0457822 0.187903 0.0596407 -2.57377e-10
0.0460277 0.1878 0.285517 -2.89263e-10
0.0462523 0.187712 0.161954 -2.95573e-10
0.0465361 0.187609 0.0284574 -2.71402e-10
0.0467827 0.187527 0.0536842 -1.70851e-10
0.0471044 0.187429 0.0608093 -1.82341e-10
0.0473844 0.187352 0.0340522 -2.28019e-10
0.0476652 0.187283 0.0635172 -1.71193e-10
0.0478941 0.187233 0.134837 -1.93418e-10
0.0481372 0.187185 0.123119 -1.97231e-10
0.048365 0.187145 -0.0406386 -4.50554e-11
0.0485906 0.18711 -0.337951 -2.78454e-10
0.0488287 0.187079 0.125623 7.40903e-11
0.049099 0.18705 -0.152601 3.35391e-11
0.0493805 0.187027 0.0753862 2.20197e-10
0.0497409 0.187007 0.0492492 -1.06406e-10
0.0501418 0.187 0.0387913 9.47782e-11
0.0505894 0.187009 0.051773 1.67186e-10
0.0511063 0.187042 0.0763256 4.41509e-11
0.0517473 0.187117 0.0402567 -3.11817e-11
0.0523406 0.187221 0.114234 3.25494e-10
0.0528088 0.187327 -0.549678 5.48892e-10
0.0531267 0.187412 0.172204 4.73877e-11
0.0534299 0.187502 -0.0954991 5.48084e-10
0.0537468 0.187606 -0.0320244 5.94537e-10
0.0539892 0.187693 0.0679241 5.36555e-10
0.0542505 0.187795 -0.0686591 7.3613e-10
0.0546012 0.187943 -0.0855259 1.04236e-09
0.0549192 0.18809 0.0438359 4.88988e-11
0.0552498 0.188256 -0.00252934 2.72814e-10
0.0555366 0.188412 -0.0508446 1.14813e-09
0.0557402 0.188529 -0.074174 8.66401e-10
0.0559455 0.188653 0.0497626 1.11754e-09
0.0561662 0.188794 0.175915 1.9915e-10
0.0564015 0.188952 0.14678 1.05652e-09
0.0566338 0.189117 -0.0249033 7.5354e-10
0.0568507 0.18928 0.0773518 1.26111e-09
0.0570603 0.189445 0.322966 7.76809e-10
0.0572645 0.189614 0.471097 1.31389e-10
0.0574963 0.189816 0.606019 2.58614e-10
0.0577825 0.190083 0.0787156 3.22429e-09
0.0581234 0.190427 0.44929 -3.8843e-10
0.0584043 0.190734 0.722137 4.62637e-10
0.0586612 0.191037 0.612419 4.13652e-10
0.058917 0.191362 1.17473 -9.59805e-11
0.0591048 0.191617 0.951657 1.08454e-09
0.0592531 0.191831 1.29076 1.51527e-09
0.0593783 0.19202 1.41652 3.06229e-10
0.0595005 0.192213 1.26324 -3.43726e-11
0.0596205 0.192412 1.44722 -1.10826e-10
0.0597347 0.19261 1.80659 -9.51758e-10
0.0598444 0.19281 1.75317 6.02128e-11
0.0599589 0.19303 1.85594 9.47263e-10
0.0600848 0.193287 2.06281 -1.33921e-09
0.0602436 0.193637 2.38791 1.70228e-10
0.0603908 0.193995 2.66288 -1.19805e-09
0.0605035 0.194296 2.71556 -1.32074e-09
0.060598 0.194572 3.2201 -2.11107e-09
0.0606899 0.194866 3.08022 -1.53665e-09
0.0607718 0.195156 3.56265 -1.05873e-09
0.0608444 0.195443 3.69118 -1.96012e-09
0.0609264 0.195814 3.9541 -2.35101e-09
0.061023 0.196361 4.12857 -2.15552e-09
0.0611139 0.197163 5.33138 -2.26513e-09
