x y fp fmu
0.0614185 0.198 5.15102 -2.58854e-09
0.0613871 0.198831 5.74508 -3.39151e-09
0.0612836 0.199717 5.69789 -3.51408e-09
0.0611287 0.200508 5.60962 -3.40438e-09
0.0609815 0.20107 5.3259 -3.40969e-09
0.0608596 0.201462 5.49567 -2.95995e-09
0.0607478 0.201782 5.19981 -3.22952e-09
0.0606226 0.202108 5.12717 -2.85459e-09
0.0604795 0.202447 4.95116 -2.54433e-09
0.0603212 0.202789 4.69247 -2.1924e-09
0.0601429 0.203142 4.62175 -1.61568e-09
0.0599082 0.203563 4.34349 -1.29886e-09
0.0595469 0.204138 3.98397 -1.12484e-09
0.0591402 0.204703 3.62264 -1.88613e-09
0.0587738 0.205155 3.43758 -1.66725e-09
0.0583459 0.205626 2.96552 -9.20602e-11
0.0579977 0.205972 2.84849 -1.08341e-09
0.0577058 0.20624 2.67845 -7.04433e-10
0.0574877 0.206428 2.65835 -2.54486e-10
0.0572861 0.206593 2.33583 -1.70763e-10
0.057083 0.206751 2.34155 -3.42463e-10
0.0568701 0.206909 2.43174 -6.03779e-10
0.0566437 0.207069 2.23755 -5.13094e-10
0.0564166 0.207221 1.88173 -1.48602e-10
0.0561975 0.20736 2.28041 -2.67107e-10
0.0559935 0.207483 1.98525 -1.37645e-10
0.0557313 0.207632 1.56122 -4.07626e-10
0.0554933 0.207759 1.82465 -1.09614e-09
0.0551669 0.207922 1.43096 -1.26891e-09
0.0548148 0.208083 0.962231 1.46998e-09
0.0544803 0.208223 2.78448 1.10889e-10
0.0542168 0.208323 1.44474 -1.59853e-10
0.0539319 0.208424 1.27622 1.46974e-10
0.0536475 0.208515 1.06941 -1.04177e-09
0.0533334 0.208607 1.15521 1.25659e-10
0.0530529 0.20868 -0.107609 1.0996e-09
0.0528051 0.208738 1.82199 6.92533e-10
0.0525652 0.208788 2.83053 -8.17566e-10
0.0523352 0.208832 0.11263 -6.86237e-10
0.0521173 0.208868 0.671396 5.7432e-11
0.0518951 0.2089 0.875667 -8.1287e-10
0.051652 0.208931 0.459916 -1.18274e-10
0.051366 0.208959 0.530992 1.97232e-10
0.0510192 0.208984 0.622797 1.56976e-10
0.0505522 0.208999 0.525382 -3.47567e-11
0.0500577 0.208994 0.575723 -7.01245e-11
0.0495909 0.208969 0.178651 9.25035e-11
0.0491263 0.208924 0.269182 1.16489e-10
0.0486759 0.208861 1.32152 -1.6039e-10
0.0482264 0.208779 -0.90552 -1.32966e-10
0.0477648 0.208675 -0.416955 5.18079e-09
0.0474498 0.208592 2.52098 -1.06596e-09
0.0471501 0.208503 1.08349 -3.94375e-10
0.0468672 0.208411 0.26566 -4.51683e-10
0.0466197 0.208323 0.361049 -2.42064e-10
0.0463886 0.208235 -0.916984 2.49664e-10
0.0461728 0.208148 -0.126551 -6.99883e-11
0.0459002 0.208029 -0.005173 -1.74665e-10
0.0455382 0.207858 -0.113848 8.72479e-12
0.0452116 0.20769 0.200458 -1.38838e-10
0.0448914 0.207511 0.209526 -4.9304e-11
0.0446534 0.207368 -0.625724 -1.09366e-10
0.0444414 0.207234 -0.0569151 -4.70537e-10
0.0442026 0.207075 0.100161 -7.4708e-10
0.0438783 0.206845 -0.32039 -4.09471e-10
0.0434153 0.206483 0.0308727 -7.57269e-11
0.0428201 0.205954 -0.405648 -5.20933e-10
0.0422024 0.205314 -0.253191 -7.36712e-11
0.0416535 0.204646 -2.01911 1.45911e-10
0.0411994 0.204001 1.33264 2.56208e-11
0.0408006 0.203338 0.291252 -1.72886e-09
0.0405252 0.202809 -0.211275 -6.34339e-10
0.040336 0.202398 -0.371171 -7.34536e-10
0.0401954 0.20206 -0.30092 -4.78811e-10
0.0400813 0.20176 -0.183528 -8.03756e-10
0.0399804 0.201471 -2.44513 6.51312e-10
0.0398908 0.201189 -3.47981 3.10299e-11
0.0397998 0.200871 3.29149 1.83917e-09
0.0397043 0.200491 0.748936 -2.16947e-09
0.0396143 0.200066 -1.71955 -5.80361e-10
0.0395151 0.199454 -1.2313 -1.42048e-09
0.0394415 0.19871 1.20893 3.25452e-11
0.0394187 0.197945 -1.59069 -1.09867e-09
0.0394466 0.197214 2.11118 -1.6266e-09
0.0395059 0.196617 1.19884 -1.9462e-09
0.0395845 0.196096 0.395889 -1.48246e-09
0.0397059 0.195502 -0.197964 -8.49555e-10
0.0398471 0.194959 0.115568 -8.75337e-10
0.0399632 0.194582 0.0706083 -8.57783e-10
0.0400856 0.194228 0.0143761 -8.7212e-10
0.0401986 0.193932 0.0950899 -8.33647e-10
0.0403376 0.193598 0.128444 -8.2489e-10
0.0405254 0.193191 0.082098 -7.06563e-10
0.0407935 0.192675 0.052827 -6.99055e-10
0.0411704 0.192044 0.120827 -6.17486e-10
0.0415836 0.191447 0.113604 -5.33183e-10
0.0419174 0.191019 0.0861833 -5.33099e-10
0.0422236 0.190662 0.0764272 -5.19875e-10
0.0425387 0.190325 0.128411 -4.70012e-10
0.0429437 0.18993 0.168396 -4.58427e-10
0.0434136 0.189519 0.217489 -4.34587e-10
0.0437953 0.189217 0.207188 -3.44168e-10
0.0440755 0.189013 0.179415 -3.63892e-10
0.0443602 0.188819 0.0168814 -4.64905e-10
0.0445934 0.188669 0.250501 -3.17208e-10
0.0448316 0.188524 0.376029 -3.88469e-10
0.0450654 0.18839 0.24214 -2.57571e-10
0.0452695 0.18828 0.0593702 -3.42884e-10
0.0455381 0.188142 0.134355 -2.85239e-10
0.0457796 0.188026 0.175592 -2.13199e-10
0.0460549 0.187903 0.184726 -2.41453e-10
0.0463005 0.1878 0.378429 -2.51789e-10
0.046525 0.187712 0.301821 -2.64842e-10
0.0468088 0.187609 0.196772 -2.51324e-10
0.0470555 0.187527 0.215684 -1.7163e-10
0.0473772 0.187429 0.233953 -1.71257e-10
0.0476572 0.187352 0.216752 -2.01111e-10
0.047938 0.187283 0.245641 -1.50217e-10
0.0481669 0.187233 0.303399 -1.61944e-10
0.04841 0.187185 0.339656 -1.72246e-10
0.0486378 0.187145 0.23414 -7.78211e-11
0.0488633 0.18711 -0.0299231 -2.07622e-10
0.0491015 0.187079 0.284754 8.12477e-11
0.0493718 0.18705 0.107959 8.3624e-11
0.0496533 0.187027 0.285161 1.86087e-10
0.0500137 0.187007 0.296791 -8.7841e-11
0.0504145 0.187 0.295213 6.80986e-11
0.0508622 0.187009 0.320949 1.56664e-10
0.051379 0.187042 0.361212 6.89236e-12
0.0520201 0.187117 0.351995 -4.28384e-11
0.0526134 0.187221 0.440327 2.63351e-10
0.0530816 0.187327 -0.0979196 4.12332e-10
0.0533994 0.187412 0.494051 4.65041e-12
0.0537027 0.187502 0.299843 4.27436e-10
0.0540196 0.187606 0.361618 4.52872e-10
0.0542619 0.187693 0.451666 4.10468e-10
0.0545233 0.187795 0.357432 5.68443e-10
0.0548739 0.187943 0.359866 8.09211e-10
0.055192 0.18809 0.478723 1.03357e-11
0.0555226 0.188256 0.458696 1.90301e-10
0.0558094 0.188412 0.438801 8.83142e-10
0.056013 0.188529 0.433142 6.56289e-10
0.0562183 0.188653 0.543294 8.57665e-10
0.0564389 0.188794 0.656524 1.33149e-10
0.0566742 0.188952 0.648737 8.06857e-10
0.0569065 0.189117 0.535911 5.69467e-10
0.0571234 0.18928 0.636059 9.60547e-10
0.0573331 0.189445 0.83919 5.76289e-10
0.0575373 0.189614 0.971457 7.13918e-11
0.057769 0.189816 1.09618 1.6672e-10
0.0580553 0.190083 0.718629 2.54158e-09
0.0583961 0.190427 1.05247 -3.48973e-10
0.0586771 0.190734 1.29762 3.14501e-10
0.058934 0.191037 1.24656 2.72167e-10
0.0591897 0.191362 1.7287 -1.39127e-10
0.0593775 0.191617 1.57857 7.99753e-10
0.0595259 0.191831 1.88555 1.17047e-09
0.0596511 0.19202 2.00504 1.56724e-10
0.0597733 0.192213 1.90652 -1.32094e-10
0.0598933 0.192412 2.07359 -2.186e-10
0.0600074 0.19261 2.38033 -9.06643e-10
0.0601172 0.19281 2.37211 -7.5805e-11
0.0602317 0.19303 2.48038 6.83952e-10
0.0603576 0.193287 2.66639 -1.26422e-09
0.0605164 0.193637 2.97913 -3.25349e-11
0.0606635 0.193995 3.24078 -1.18841e-09
0.0607762 0.194296 3.3193 -1.30308e-09
0.0608707 0.194572 3.74679 -1.98917e-09
0.0609627 0.194866 3.66687 -1.55087e-09
0.0610446 0.195156 4.08937 -1.16071e-09
0.0611171 0.195443 4.20269 -1.92524e-09
0.0611992 0.195814 4.45766 -2.2647e-09
0.0612958 0.196361 4.65191 -2.08532e-09
0.0613867 0.197163 5.61382 -2.19934e-09
