x y fp fmu
0.0613111 0.198 4.90395 -2.42214e-09
0.0612797 0.198831 5.32966 -3.07361e-09
0.0611763 0.199717 5.25729 -3.18055e-09
0.0610213 0.200508 5.06299 -3.09199e-09
0.0608741 0.20107 4.81186 -3.05324e-09
0.0607522 0.201462 4.9146 -2.62157e-09
0.0606404 0.201782 4.62303 -2.8941e-09
0.0605152 0.202108 4.5413 -2.52845e-09
0.0603721 0.202447 4.3586 -2.22845e-09
0.0602138 0.202789 4.10621 -1.90091e-09
0.0600355 0.203142 4.03114 -1.3702e-09
0.0598008 0.203563 3.76282 -1.08379e-09
0.0594395 0.204138 3.40776 -9.45401e-10
0.0590328 0.204703 3.05492 -1.67765e-09
0.0586664 0.205155 2.87631 -1.47524e-09
0.0582385 0.205626 2.42731 -3.68319e-11
0.0578903 0.205972 2.31137 -9.54784e-10
0.0575984 0.20624 2.14975 -6.1733e-10
0.0573803 0.206428 2.12726 -2.1613e-10
0.0571787 0.206593 1.82678 -1.50384e-10
0.0569756 0.206751 1.8315 -3.03075e-10
0.0567627 0.206909 1.90777 -5.45583e-10
0.0565363 0.207069 1.72774 -4.6925e-10
0.0563092 0.207221 1.40063 -1.48787e-10
0.0560901 0.20736 1.7608 -2.5016e-10
0.0558861 0.207483 1.48402 -1.42744e-10
0.0556239 0.207632 1.09977 -3.91173e-10
0.0553859 0.207759 1.34008 -9.95992e-10
0.0550595 0.207922 0.96193 -1.16742e-09
0.0547074 0.208083 0.567266 1.31013e-09
0.0543729 0.208223 2.18439 6.22021e-11
0.0541094 0.208323 0.972747 -1.74105e-10
0.0538245 0.208424 0.812583 9.54766e-11
0.0535401 0.208515 0.634179 -9.70503e-10
0.053226 0.208607 0.702741 7.75717e-11
0.0529456 0.20868 -0.448104 9.47698e-10
0.0526977 0.208738 1.34817 6.25595e-10
0.0524578 0.208788 2.20461 -7.91179e-10
0.0522278 0.208832 -0.284151 -6.57583e-10
0.0520099 0.208868 0.259254 3.66717e-11
0.0517878 0.2089 0.442814 -7.72671e-10
0.0515446 0.208931 0.053058 -1.41571e-10
0.0512586 0.208959 0.126379 1.63865e-10
0.0509118 0.208984 0.207244 1.34865e-10
0.0504448 0.208999 0.114678 -3.78021e-11
0.0499503 0.208994 0.163684 -6.31028e-11
0.0494835 0.208969 -0.217155 9.96777e-11
0.0490189 0.208924 -0.108961 1.33499e-10
0.0485685 0.208861 0.900978 -1.03299e-10
0.048119 0.208779 -1.32447 -1.303e-10
0.0476574 0.208675 -0.739574 5.23985e-09
0.0473425 0.208592 2.14627 -1.0186e-09
0.0470427 0.208503 0.657805 -3.7564e-10
0.0467598 0.208411 -0.08098 -3.64393e-10
0.0465123 0.208323 -0.0401323 -1.83999e-10
0.0462812 0.208235 -1.33011 3.22235e-10
0.0460654 0.208148 -0.481281 9.52758e-12
0.0457928 0.208029 -0.361255 -9.8685e-11
0.0454308 0.207858 -0.468965 9.78967e-11
0.0451042 0.20769 -0.129265 -4.55948e-11
0.044784 0.207511 -0.127811 7.79252e-11
0.044546 0.207368 -1.02465 -1.19613e-11
0.044334 0.207234 -0.380619 -3.68902e-10
0.0440952 0.207075 -0.23166 -6.87483e-10
0.043771 0.206845 -0.669065 -3.41188e-10
0.0433079 0.206483 -0.279999 5.16037e-11
0.0427127 0.205954 -0.75372 -4.48984e-10
0.042095 0.205314 -0.574108 6.25151e-11
0.0415461 0.204646 -2.56591 2.73112e-10
0.041092 0.204001 1.3728 1.50172e-10
0.0406932 0.203338 0.0952333 -1.87946e-09
0.0404178 0.202809 -0.454588 -5.85731e-10
0.0402286 0.202398 -0.665844 -7.16663e-10
0.040088 0.20206 -0.558356 -4.04942e-10
0.0399739 0.20176 -0.423306 -8.13006e-10
0.039873 0.201471 -3.20658 9.70124e-10
0.0397834 0.201189 -4.39114 1.68217e-10
0.0396925 0.200871 3.93356 2.40487e-09
0.0395969 0.200491 0.672134 -2.54519e-09
0.0395069 0.200066 -2.3172 -5.69856e-10
0.0394077 0.199454 -1.61328 -1.69952e-09
0.0393341 0.19871 1.3973 1.60586e-10
0.0393113 0.197945 -2.13087 -1.33056e-09
0.0393392 0.197214 2.69931 -2.04072e-09
0.0393985 0.196617 1.46412 -2.43647e-09
0.0394771 0.196096 0.436804 -1.84168e-09
0.0395985 0.195502 -0.308862 -1.03566e-09
0.0397397 0.194959 0.103049 -1.08305e-09
0.0398558 0.194582 0.040979 -1.06602e-09
0.0399782 0.194228 -0.0234815 -1.08852e-09
0.0400912 0.193932 0.0776997 -1.03691e-09
0.0402302 0.193598 0.12288 -1.02797e-09
0.040418 0.193191 0.0699472 -8.92791e-10
0.0406861 0.192675 0.043482 -8.83104e-10
0.041063 0.192044 0.122456 -7.69007e-10
0.0414762 0.191447 0.131334 -6.92276e-10
0.04181 0.191019 0.114487 -6.87422e-10
0.0421162 0.190662 0.0997494 -6.3571e-10
0.0424313 0.190325 0.150034 -5.78472e-10
0.0428363 0.18993 0.19384 -5.42013e-10
0.0433062 0.189519 0.249082 -5.02071e-10
0.0436879 0.189217 0.259536 -4.38738e-10
0.0439681 0.189013 0.259865 -4.24465e-10
0.0442528 0.188819 0.112608 -4.63858e-10
0.044486 0.188669 0.250536 -3.45028e-10
0.0447242 0.188524 0.414841 -3.99381e-10
0.044958 0.18839 0.363537 -3.44876e-10
0.0451621 0.18828 0.193421 -4.16959e-10
0.0454307 0.188142 0.210937 -3.06458e-10
0.0456722 0.188026 0.255427 -2.55827e-10
0.0459475 0.187903 0.249999 -2.58979e-10
0.0461931 0.1878 0.415318 -2.33994e-10
0.0464177 0.187712 0.404607 -2.65188e-10
0.0467014 0.187609 0.320208 -2.68728e-10
0.0469481 0.187527 0.322016 -2.09637e-10
0.0472698 0.187429 0.349437 -1.87695e-10
0.0475498 0.187352 0.335414 -1.96331e-10
0.0478306 0.187283 0.359074 -1.45923e-10
0.0480595 0.187233 0.400629 -1.46899e-10
0.0483026 0.187185 0.511266 -1.6906e-10
0.0485304 0.187145 0.467873 -1.40002e-10
0.0487559 0.18711 0.187916 -1.49591e-10
0.0489941 0.187079 0.340831 1.07977e-10
0.0492644 0.18705 0.265707 1.50781e-10
0.0495459 0.187027 0.402354 1.78944e-10
0.0499063 0.187007 0.457642 -7.84681e-11
0.0503072 0.187 0.458898 4.72568e-11
0.0507548 0.187009 0.496652 1.63445e-10
0.0512716 0.187042 0.551723 -3.27885e-11
0.0519127 0.187117 0.558667 -6.00832e-11
0.052506 0.187221 0.671237 2.33597e-10
0.0529742 0.187327 0.171695 3.26124e-10
0.053292 0.187412 0.703452 -4.62417e-11
0.0535953 0.187502 0.560425 3.67196e-10
0.0539122 0.187606 0.61672 3.73464e-10
0.0541545 0.187693 0.712106 3.40907e-10
0.0544159 0.187795 0.637814 4.80471e-10
0.0547665 0.187943 0.649831 6.84531e-10
0.0550846 0.18809 0.768277 -3.08532e-11
0.0554152 0.188256 0.76487 1.35695e-10
0.055702 0.188412 0.759711 7.41196e-10
0.0559056 0.188529 0.761348 5.38559e-10
0.0561109 0.188653 0.867798 7.11186e-10
0.0563315 0.188794 0.977848 7.44739e-11
0.0565668 0.188952 0.983003 6.64999e-10
0.0567991 0.189117 0.897022 4.57632e-10
0.057016 0.18928 0.989171 7.88701e-10
0.0572257 0.189445 1.17998 4.59072e-10
0.0574299 0.189614 1.30583 1.31363e-11
0.0576616 0.189816 1.43088 1.01016e-10
0.0579479 0.190083 1.11601 2.14561e-09
0.0582887 0.190427 1.41275 -3.67007e-10
0.0585697 0.190734 1.64974 2.11406e-10
0.0588266 0.191037 1.61589 1.6264e-10
0.0590823 0.191362 2.04702 -1.98738e-10
0.0592701 0.191617 1.93035 6.17163e-10
0.0594185 0.191831 2.19693 9.2082e-10
0.0595437 0.19202 2.31093 5.20563e-11
0.0596659 0.192213 2.22918 -2.07119e-10
0.0597859 0.192412 2.37568 -2.87786e-10
0.0599 0.19261 2.65252 -8.80397e-10
0.0600098 0.19281 2.64581 -1.73721e-10
0.0601243 0.19303 2.73878 4.57322e-10
0.0602502 0.193287 2.90522 -1.2118e-09
0.060409 0.193637 3.17469 -1.62038e-10
0.0605561 0.193995 3.40417 -1.16171e-09
0.0606688 0.194296 3.47108 -1.27368e-09
0.0607633 0.194572 3.83227 -1.85633e-09
0.0608553 0.194866 3.7623 -1.48243e-09
0.0609372 0.195156 4.1087 -1.16818e-09
0.0610097 0.195443 4.20247 -1.82113e-09
0.0610918 0.195814 4.41423 -2.11884e-09
0.0611884 0.196361 4.56697 -1.97939e-09
0.0612793 0.197163 5.31828 -2.09716e-09
