x y fp fmu
0.047477 0.198 0.375188 5.51324e-11
0.0474456 0.198831 0.597013 -1.45598e-10
0.0473421 0.199717 0.39518 -3.06509e-10
0.0471872 0.200508 0.516174 -3.55737e-10
0.04704 0.20107 0.633203 -3.35442e-10
0.0469181 0.201462 0.656593 -4.42001e-10
0.0468063 0.201782 0.647459 -3.41075e-10
0.046681 0.202108 0.715902 -5.29734e-10
0.0465379 0.202447 0.709708 -5.55058e-10
0.0463796 0.202789 0.795278 -5.92253e-10
0.0462013 0.203142 0.718184 -6.74385e-10
0.0459666 0.203563 0.724838 -7.94892e-10
0.0456054 0.204138 0.791938 -7.7765e-10
0.0451987 0.204703 0.781821 -4.88304e-10
0.0448323 0.205155 0.711143 -6.12729e-10
0.0444044 0.205626 0.930286 -8.87212e-10
0.0440562 0.205972 0.919698 -7.00601e-10
0.0437643 0.20624 0.898336 -8.07619e-10
0.0435462 0.206428 0.815252 -8.89695e-10
0.0433445 0.206593 1.03721 -8.52864e-10
0.0431415 0.206751 0.932646 -8.58815e-10
0.0429285 0.206909 0.844452 -8.02267e-10
0.0427022 0.207069 0.86064 -8.03905e-10
0.0424751 0.207221 1.08867 -7.9955e-10
0.042256 0.20736 0.764821 -8.51343e-10
0.042052 0.207483 0.786089 -9.41962e-10
0.0417897 0.207632 1.15165 -9.38364e-10
0.0415518 0.207759 0.996983 -4.45816e-10
0.0412253 0.207922 1.12365 -4.69511e-10
0.0408732 0.208083 1.53654 -1.36422e-09
0.0405387 0.208223 0.898477 -7.26499e-10
0.0402752 0.208323 1.11341 -6.10216e-10
0.0399904 0.208424 1.12017 -7.41056e-10
0.0397059 0.208515 1.38213 -5.77577e-10
0.0393918 0.208607 1.24306 -6.02755e-10
0.0391114 0.20868 1.47187 -6.06015e-10
0.0388635 0.208738 2.03615 5.89074e-12
0.0386237 0.208788 1.09147 -4.46763e-10
0.0383937 0.208832 1.06568 -6.34685e-10
0.0381757 0.208868 1.66359 -2.23986e-10
0.0379536 0.2089 1.44592 -5.81859e-10
0.0377105 0.208931 1.48704 -5.03678e-10
0.0374245 0.208959 1.64708 -2.71928e-10
0.0370777 0.208984 1.66199 -1.17383e-10
0.0366107 0.208999 1.69611 -1.78545e-10
0.0361161 0.208994 1.72115 -1.23642e-11
0.0356494 0.208969 1.62727 1.74837e-10
0.0351848 0.208924 2.00865 8.42685e-11
0.0347344 0.208861 2.06472 5.20382e-10
0.0342849 0.208779 0.751465 -3.33702e-10
0.0338233 0.208675 2.28819 3.57673e-09
0.0335083 0.208592 2.74376 -7.2552e-10
0.0332085 0.208503 1.36622 -2.30802e-10
0.0329257 0.208411 2.18061 3.75189e-10
0.0326781 0.208323 1.48513 2.27525e-10
0.0324471 0.208235 0.972995 4.09942e-10
0.0322312 0.208148 1.91178 4.89211e-10
0.0319586 0.208029 1.72695 4.36133e-10
0.0315967 0.207858 1.68608 5.70068e-10
0.03127 0.20769 1.87531 5.9598e-10
0.0309498 0.207511 1.77658 8.75192e-10
0.0307119 0.207368 1.01581 4.26057e-10
0.0304999 0.207234 1.87424 6.92252e-10
0.0302611 0.207075 1.54755 -2.06757e-10
0.0299368 0.206845 1.43538 2.95732e-10
0.0294738 0.206483 1.57717 8.63266e-10
0.0288785 0.205954 1.19523 6.12149e-10
0.0282608 0.205314 1.19077 8.25264e-10
0.027712 0.204646 -0.120816 4.70095e-10
0.0272579 0.204001 2.49322 1.00712e-09
0.026859 0.203338 0.769532 -1.73813e-10
0.0265837 0.202809 0.790191 7.52296e-10
0.0263944 0.202398 0.316995 2.17006e-10
0.0262538 0.20206 0.668593 6.33864e-10
0.0261397 0.20176 0.507105 -1.93768e-10
0.0260388 0.201471 -1.56977 2.27714e-09
0.0259493 0.201189 -2.08931 -2.19313e-10
0.0258583 0.200871 4.30813 2.85714e-09
0.0257627 0.200491 -0.358308 -1.02818e-09
0.0256728 0.200066 -1.67849 1.33943e-09
0.0255735 0.199454 -0.34717 -1.83197e-09
0.0255 0.19871 1.55928 -5.21342e-10
0.0254771 0.197945 -2.24976 1.22663e-09
0.0255051 0.197214 3.02213 -2.9997e-09
0.0255643 0.196617 0.77377 -2.39829e-09
0.025643 0.196096 -0.668565 -1.44718e-09
0.0257644 0.195502 -1.08501 -1.85672e-10
0.0259056 0.194959 -0.589429 -1.02939e-09
0.0260217 0.194582 -0.765167 -5.92991e-10
0.0261441 0.194228 -1.06907 -1.11692e-09
0.026257 0.193932 -0.786013 -1.25162e-09
0.0263961 0.193598 -0.931974 -1.46815e-09
0.0265838 0.193191 -1.00454 -5.43236e-10
0.026852 0.192675 -1.20607 -1.17707e-09
0.0272289 0.192044 -1.16107 -1.01406e-09
0.0276421 0.191447 -1.27945 -4.33777e-10
0.0279759 0.191019 -1.42018 -9.8412e-10
0.0282821 0.190662 -1.43811 -1.29562e-09
0.0285972 0.190325 -1.3118 -1.29466e-09
0.0290022 0.18993 -1.2819 -1.32477e-09
0.029472 0.189519 -1.24257 -1.15993e-09
0.0298537 0.189217 -1.21499 -5.26645e-10
0.030134 0.189013 -1.31071 -1.15856e-09
0.0304186 0.188819 -1.77443 -1.18533e-09
0.0306518 0.188669 -1.19382 -1.11152e-09
0.0308901 0.188524 -0.893345 -9.65571e-10
0.0311238 0.18839 -1.02112 -4.19648e-10
0.031328 0.18828 -1.60964 -9.05869e-10
0.0315965 0.188142 -1.39717 -6.57507e-10
0.0318381 0.188026 -1.29257 -3.83754e-10
0.0321134 0.187903 -1.31588 -6.81621e-10
0.0323589 0.1878 -0.847559 -5.00892e-10
0.0325835 0.187712 -0.999355 -6.0253e-10
0.0328673 0.187609 -1.18965 -6.48902e-10
0.033114 0.187527 -1.15922 -3.31225e-10
0.0334357 0.187429 -1.06298 -4.8088e-10
0.0337156 0.187352 -1.08401 -5.02844e-10
0.0339964 0.187283 -1.03264 -3.7211e-10
0.0342253 0.187233 -0.907612 -3.025e-10
0.0344684 0.187185 -0.854432 -3.55308e-10
0.0346962 0.187145 -0.76396 -1.51309e-10
0.0349218 0.18711 -1.40434 -5.65721e-10
0.03516 0.187079 -0.829075 6.19335e-11
0.0354302 0.18705 -1.03378 -1.50845e-10
0.0357117 0.187027 -0.829322 1.77664e-10
0.0360721 0.187007 -0.671025 -1.76338e-10
0.036473 0.187 -0.687132 6.17451e-11
0.0369207 0.187009 -0.580229 1.36193e-10
0.0374375 0.187042 -0.477316 2.26434e-11
0.0380785 0.187117 -0.40914 -1.89404e-11
0.0386719 0.187221 -0.297578 2.82087e-10
0.03914 0.187327 -0.672772 4.22718e-10
0.0394579 0.187412 -0.417891 1.60262e-11
0.0397611 0.187502 -0.237456 3.83174e-10
0.040078 0.187606 -0.257251 4.6361e-10
0.0403204 0.187693 -0.0959397 4.07275e-10
0.0405817 0.187795 -0.181995 4.66424e-10
0.0409324 0.187943 -0.182839 4.717e-10
0.0412505 0.18809 -0.0850158 2.92073e-10
0.041581 0.188256 -0.0744708 4.2711e-10
0.0418678 0.188412 -0.089343 5.59275e-10
0.0420714 0.188529 -0.103981 5.55263e-10
0.0422768 0.188653 -0.0309424 5.63802e-10
0.0424974 0.188794 0.00823672 3.93e-10
0.0427327 0.188952 0.0187244 5.79135e-10
0.042965 0.189117 -0.0599286 5.34047e-10
0.0431819 0.18928 -0.0742697 6.68455e-10
0.0433915 0.189445 0.0860971 5.70171e-10
0.0435958 0.189614 0.100892 4.55661e-10
0.0438275 0.189816 0.149973 4.89569e-10
0.0441138 0.190083 -0.098295 8.50496e-10
0.0444546 0.190427 -0.0431215 3.45448e-10
0.0447356 0.190734 0.107105 4.82161e-10
0.0449924 0.191037 0.0131982 5.7807e-10
0.0452482 0.191362 0.176978 4.32116e-10
0.045436 0.191617 0.133834 6.43223e-10
0.0455844 0.191831 0.0976298 6.12402e-10
0.0457095 0.19202 0.199733 5.21359e-10
0.0458318 0.192213 0.0288612 5.11715e-10
0.0459518 0.192412 0.0858929 5.06485e-10
0.0460659 0.19261 0.290245 3.76172e-10
0.0461756 0.19281 0.142212 5.22354e-10
0.0462902 0.19303 0.0916877 5.30862e-10
0.0464161 0.193287 0.194906 3.00854e-10
0.0465748 0.193637 0.223857 5.10082e-10
0.046722 0.193995 0.229942 3.50017e-10
0.0468347 0.194296 0.188299 3.28316e-10
0.0469292 0.194572 0.355073 2.58499e-10
0.0470211 0.194866 0.28784 4.08841e-10
0.047103 0.195156 0.228432 4.41122e-10
0.0471756 0.195443 0.374179 2.65501e-10
0.0472576 0.195814 0.301919 1.65287e-10
0.0473542 0.196361 0.315621 1.28412e-10
0.0474451 0.197163 0.637189 5.52353e-11
