x y fp fmu
0.026293 0.198 1.17945 1.10558e-09
0.0262615 0.198831 1.88836 2.91518e-10
0.0261581 0.199717 1.0532 3.9257e-10
0.0260031 0.200508 1.78939 3.89498e-10
0.0258559 0.20107 2.02395 4.40456e-10
0.025734 0.201462 2.0641 5.76688e-10
0.0256223 0.201782 2.16059 5.98886e-10
0.025497 0.202108 2.29395 4.8566e-10
0.0253539 0.202447 2.30157 6.0241e-10
0.0251956 0.202789 2.48028 4.3408e-10
0.0250173 0.203142 2.1494 3.46986e-10
0.0247826 0.203563 2.38713 2.33525e-10
0.0244213 0.204138 2.61076 2.89551e-10
0.0240146 0.204703 2.37442 4.22432e-10
0.0236482 0.205155 2.8506 6.56955e-10
0.0232203 0.205626 3.20093 2.96188e-10
0.0228721 0.205972 3.00189 4.63471e-10
0.0225802 0.20624 2.88091 1.87957e-10
0.0223621 0.206428 3.06811 2.94254e-10
0.0221605 0.206593 3.64075 1.35559e-10
0.0219574 0.206751 2.75371 2.18377e-10
0.0217445 0.206909 2.90486 8.96683e-13
0.0215181 0.207069 3.44565 1.76592e-10
0.021291 0.207221 3.57384 1.65671e-10
0.0210719 0.20736 2.65926 1.74079e-10
0.0208679 0.207483 4.038 1.63383e-10
0.0206057 0.207632 3.62697 4.36266e-10
0.0203677 0.207759 5.52458 1.12918e-09
0.0200413 0.207922 6.11462 9.0471e-10
0.0196892 0.208083 2.12956 -5.30623e-09
0.0193547 0.208223 2.59575 -2.08089e-09
0.0190912 0.208323 4.00495 -8.0063e-11
0.0188063 0.208424 4.18793 2.39916e-10
0.0185219 0.208515 4.10151 7.35981e-10
0.0182078 0.208607 4.84483 6.70345e-10
0.0179274 0.20868 4.98636 3.35229e-11
0.0176795 0.208738 1.54206 -3.54891e-11
0.0174397 0.208788 4.59923 3.79346e-10
0.0172097 0.208832 6.15734 -1.57031e-09
0.0169917 0.208868 4.00139 3.37945e-10
0.0167696 0.2089 4.7064 5.55235e-10
0.0165264 0.208931 4.76768 6.48315e-10
0.0162405 0.208959 4.64531 3.01326e-10
0.0158936 0.208984 4.5913 3.07629e-10
0.0154266 0.208999 4.73897 3.62464e-10
0.0149321 0.208994 4.87538 4.27871e-10
0.0144653 0.208969 5.16842 1.76291e-10
0.0140008 0.208924 4.73038 5.54746e-10
0.0135504 0.208861 4.9269 1.58531e-10
0.0131009 0.208779 6.84632 1.29692e-09
0.0126393 0.208675 4.71642 -8.16175e-10
0.0123243 0.208592 5.47943 2.15615e-09
0.0120245 0.208503 6.00085 1.44787e-09
0.0117416 0.208411 5.46311 4.72125e-10
0.0114941 0.208323 6.12899 1.00834e-09
0.0112631 0.208235 6.48845 1.2589e-09
0.0110472 0.208148 6.00177 8.9901e-10
0.0107746 0.208029 6.24025 1.1528e-09
0.0104126 0.207858 6.40106 1.57441e-09
0.010086 0.20769 6.45941 1.74293e-09
0.0097658 0.207511 6.61585 1.35721e-09
0.00952782 0.207368 7.06701 2.09428e-09
0.00931583 0.207234 6.78034 1.44929e-09
0.00907706 0.207075 7.10257 3.02964e-09
0.00875277 0.206845 7.25093 2.65279e-09
0.00828972 0.206483 7.42137 2.45162e-09
0.00769447 0.205954 7.98116 2.96572e-09
0.00707679 0.205314 8.09927 3.15883e-09
0.00652791 0.204646 8.91379 3.17663e-09
0.00607385 0.204001 8.82145 3.67893e-09
0.00567497 0.203338 9.13792 4.61581e-09
0.00539965 0.202809 9.25668 5.01082e-09
0.00521038 0.202398 9.37437 5.10119e-09
0.00506979 0.20206 9.33485 5.40333e-09
0.00495569 0.20176 9.30412 5.33073e-09
0.00485479 0.201471 9.17411 6.08271e-09
0.00476525 0.201189 9.52569 5.3665e-09
0.00467427 0.200871 9.1369 5.94235e-09
0.00457869 0.200491 8.67844 6.10626e-09
0.00448873 0.200066 8.78642 5.41069e-09
0.0043895 0.199454 7.87041 3.91283e-09
0.00431591 0.19871 7.42865 -1.20269e-09
0.00429309 0.197945 6.1057 7.42374e-09
0.00432104 0.197214 5.35488 5.79809e-09
0.00438028 0.196617 5.72129 2.07287e-09
0.00445892 0.196096 2.61294 3.09081e-09
0.00458036 0.195502 3.14683 1.3975e-09
0.00472155 0.194959 1.89332 -5.32602e-10
0.00483762 0.194582 1.2932 1.9745e-09
0.00496006 0.194228 0.883758 1.46245e-09
0.00507298 0.193932 0.504674 -2.10773e-09
0.00521204 0.193598 -0.0169077 -2.87353e-09
0.00539981 0.193191 -0.523574 3.26513e-10
0.00566794 0.192675 -1.40418 -1.67233e-09
0.00604486 0.192044 -1.51791 -1.89947e-09
0.00645803 0.191447 -2.67056 5.15378e-10
0.00679186 0.191019 -2.38157 -2.02658e-09
0.00709802 0.190662 -3.00509 -3.7146e-09
0.00741315 0.190325 -2.96424 -2.94223e-09
0.00781811 0.18993 -2.99984 -3.1656e-09
0.00828797 0.189519 -3.18632 -2.65576e-09
0.00866971 0.189217 -2.85047 -7.75867e-10
0.00894996 0.189013 -3.11126 -3.20287e-09
0.0092346 0.188819 -3.23273 -2.97111e-09
0.00946777 0.188669 -3.30217 -2.66971e-09
0.00970606 0.188524 -2.7517 -1.73788e-09
0.00993981 0.18839 -2.14953 -9.1945e-10
0.0101439 0.18828 -2.99174 -3.14465e-09
0.0104125 0.188142 -3.15133 -9.20334e-10
0.0106541 0.188026 -2.66651 -7.93945e-10
0.0109294 0.187903 -2.85782 -2.15483e-09
0.0111749 0.1878 -2.34554 -7.49751e-10
0.0113995 0.187712 -1.97152 -1.46666e-09
0.0116833 0.187609 -2.32292 -1.88443e-09
0.0119299 0.187527 -2.28999 -7.08678e-10
0.0122516 0.187429 -2.11321 -1.53696e-09
0.0125316 0.187352 -2.0417 -1.36561e-09
0.0128124 0.187283 -2.00675 -1.04351e-09
0.0130413 0.187233 -1.72353 -6.10768e-10
0.0132844 0.187185 -1.58484 -7.39685e-10
0.0135122 0.187145 -1.11066 -6.55683e-10
0.0137378 0.18711 -2.19566 -1.6895e-09
0.0139759 0.187079 -2.13458 3.10604e-10
0.0142462 0.18705 -1.35375 -4.90362e-10
0.0145277 0.187027 -1.69585 4.68108e-11
0.0148881 0.187007 -0.818171 -2.9619e-10
0.015289 0.187 -1.07863 7.16589e-11
0.0157366 0.187009 -0.784136 2.22445e-10
0.0162534 0.187042 -0.592741 1.69567e-12
0.0168945 0.187117 -0.483661 -6.9846e-11
0.0174878 0.187221 -0.195229 5.32433e-10
0.017956 0.187327 -0.795398 -3.89291e-10
0.0182739 0.187412 -1.767 9.3857e-11
0.0185771 0.187502 -1.04887 7.76747e-11
0.018894 0.187606 -0.442158 7.10428e-10
0.0191363 0.187693 -0.0101004 7.48106e-10
0.0193977 0.187795 -0.0730985 8.87413e-10
0.0197484 0.187943 -0.33944 6.12343e-10
0.0200664 0.18809 -0.20709 4.1103e-10
0.020397 0.188256 0.0151219 7.86704e-10
0.0206838 0.188412 -0.0405524 8.65278e-10
0.0208874 0.188529 -0.278579 8.99492e-10
0.0210927 0.188653 -0.0273785 7.95973e-10
0.0213134 0.188794 0.0838857 5.66897e-10
0.0215487 0.188952 0.36731 1.01684e-09
0.021781 0.189117 0.217381 9.85928e-10
0.0219979 0.18928 -0.359737 1.07896e-09
0.0222075 0.189445 0.382478 7.46368e-10
0.0224117 0.189614 0.378074 7.35564e-10
0.0226435 0.189816 1.23089 9.26041e-10
0.0229297 0.190083 0.175066 1.21632e-09
0.0232706 0.190427 -0.55745 1.62704e-10
0.0235515 0.190734 0.329652 2.61598e-10
0.0238084 0.191037 0.296208 8.97597e-10
0.0240642 0.191362 0.597553 6.12574e-10
0.0242519 0.191617 0.898216 8.27419e-10
0.0244003 0.191831 0.56713 1.03968e-09
0.0245255 0.19202 1.03567 7.99709e-10
0.0246477 0.192213 0.27132 8.59783e-10
0.0247677 0.192412 0.324085 7.47367e-10
0.0248819 0.19261 1.26157 6.5658e-10
0.0249916 0.19281 0.79606 9.3831e-10
0.0251061 0.19303 0.469858 8.93986e-10
0.025232 0.193287 0.7528 6.08717e-10
0.0253908 0.193637 0.994565 7.90391e-10
0.0255379 0.193995 0.960135 7.95549e-10
0.0256506 0.194296 0.854024 8.92422e-10
0.0257451 0.194572 1.19288 7.44576e-10
0.0258371 0.194866 1.34529 7.93654e-10
0.025919 0.195156 0.794723 1.06265e-09
0.0259916 0.195443 1.37425 6.6966e-10
0.0260736 0.195814 1.09169 7.50321e-10
0.0261702 0.196361 1.35716 9.92399e-10
0.0262611 0.197163 2.16921 6.3781e-10
