 masa A  
t x y 
5,839167E-1 5,116983E-2 1,270043E-2
6,256250E-1 5,101746E-2 1,325546E-2
6,673333E-1 5,066271E-2 1,431206E-2
7,090417E-1 5,027650E-2 1,570179E-2
7,507500E-1 5,007502E-2 1,711811E-2
7,924583E-1 4,973538E-2 1,823270E-2
8,341667E-1 4,938524E-2 1,908233E-2
8,758750E-1 4,895412E-2 1,971992E-2
9,175833E-1 4,853088E-2 2,045542E-2
9,592917E-1 4,808378E-2 2,138373E-2
1,001000E0 4,761595E-2 2,255779E-2
1,042708E0 4,714500E-2 2,367429E-2
1,084417E0 4,655974E-2 2,468399E-2
1,126125E0 4,600334E-2 2,550528E-2
1,167833E0 4,537730E-2 2,627166E-2
1,209542E0 4,478724E-2 2,683374E-2
1,251250E0 4,419032E-2 2,740640E-2
1,292958E0 4,354975E-2 2,796277E-2
1,334667E0 4,296281E-2 2,864512E-2
1,376375E0 4,235975E-2 2,951757E-2
1,418083E0 4,170878E-2 3,056589E-2
1,459792E0 4,115268E-2 3,156361E-2
1,501500E0 4,043128E-2 3,239741E-2
1,543208E0 3,978606E-2 3,320707E-2
1,584917E0 3,915373E-2 3,402128E-2
1,626625E0 3,850734E-2 3,492360E-2
1,668333E0 3,783275E-2 3,581432E-2
1,710042E0 3,720875E-2 3,665301E-2
1,751750E0 3,659454E-2 3,742427E-2
1,793458E0 3,593770E-2 3,818056E-2
1,835167E0 3,535508E-2 3,900345E-2
1,876875E0 3,473236E-2 3,990226E-2
1,918583E0 3,414362E-2 4,082121E-2
1,960292E0 3,359239E-2 4,168566E-2
2,002000E0 3,299690E-2 4,260591E-2
2,043708E0 3,250587E-2 4,363990E-2
2,085417E0 3,191591E-2 4,486178E-2
2,127125E0 3,139806E-2 4,615461E-2
2,168833E0 3,082171E-2 4,742392E-2
2,210542E0 3,034595E-2 4,864544E-2
2,252250E0 2,990837E-2 4,954016E-2
2,293958E0 2,947711E-2 5,043374E-2
2,335667E0 2,901189E-2 5,134356E-2
2,377375E0 2,859702E-2 5,252316E-2
2,419083E0 2,833921E-2 5,372789E-2
2,460792E0 2,798128E-2 5,485232E-2
2,502500E0 2,765153E-2 5,568702E-2
2,544208E0 2,736092E-2 5,653452E-2
2,585917E0 2,716671E-2 5,753439E-2
2,627625E0 2,692884E-2 5,855832E-2
2,669333E0 2,674615E-2 5,961221E-2
2,711042E0 2,661621E-2 6,075768E-2
2,752750E0 2,650182E-2 6,175576E-2
2,794458E0 2,638212E-2 6,269478E-2
2,836167E0 2,633696E-2 6,357156E-2
2,877875E0 2,632251E-2 6,451317E-2
2,919583E0 2,640634E-2 6,541028E-2
2,961292E0 2,645833E-2 6,637552E-2
3,003000E0 2,651732E-2 6,734294E-2
3,044708E0 2,669951E-2 6,808973E-2
3,086417E0 2,687501E-2 6,899639E-2
3,128125E0 2,696318E-2 6,976374E-2
3,169833E0 2,726677E-2 7,068914E-2
3,211542E0 2,748537E-2 7,175214E-2
3,253250E0 2,782033E-2 7,275802E-2
3,294958E0 2,805949E-2 7,381064E-2
3,336667E0 2,848649E-2 7,476387E-2
3,378375E0 2,882414E-2 7,567601E-2
3,420083E0 2,916023E-2 7,668566E-2
3,461792E0 2,958909E-2 7,752145E-2
3,503500E0 2,997636E-2 7,843227E-2
3,545208E0 3,041558E-2 7,948888E-2
3,586917E0 3,086387E-2 8,034258E-2
3,628625E0 3,129887E-2 8,123518E-2
3,670333E0 3,172008E-2 8,195382E-2
3,712042E0 3,217961E-2 8,279370E-2
3,753750E0 3,263968E-2 8,374791E-2
3,795458E0 3,307036E-2 8,465776E-2
3,837167E0 3,361172E-2 8,564292E-2
3,878875E0 3,401633E-2 8,655979E-2
3,920583E0 3,439821E-2 8,757600E-2
3,962292E0 3,489530E-2 8,856131E-2
4,004000E0 3,530892E-2 8,974812E-2
4,045708E0 3,563753E-2 9,076677E-2
4,087417E0 3,599690E-2 9,164268E-2
4,129125E0 3,634883E-2 9,237248E-2
4,170833E0 3,659813E-2 9,304105E-2
4,212542E0 3,692096E-2 9,380019E-2
4,254250E0 3,712339E-2 9,478738E-2
4,295958E0 3,729332E-2 9,589868E-2
4,337667E0 3,745529E-2 9,700918E-2
4,379375E0 3,748571E-2 9,778974E-2
4,421083E0 3,764522E-2 9,848284E-2
4,462792E0 3,771313E-2 9,908615E-2
4,504500E0 3,771194E-2 9,995069E-2
4,546208E0 3,761222E-2 1,009780E-1
4,587917E0 3,758457E-2 1,019816E-1
4,629625E0 3,738399E-2 1,029388E-1
4,671333E0 3,719479E-2 1,035704E-1
4,713042E0 3,696041E-2 1,041770E-1
4,754750E0 3,669053E-2 1,049166E-1
4,796458E0 3,633950E-2 1,058409E-1
4,838167E0 3,597676E-2 1,067523E-1
4,879875E0 3,561028E-2 1,077518E-1
4,921583E0 3,514806E-2 1,087393E-1
4,963292E0 3,459560E-2 1,096866E-1
5,005000E0 3,409234E-2 1,108084E-1
5,046708E0 3,357875E-2 1,118610E-1
5,088417E0 3,291185E-2 1,128824E-1
5,130125E0 3,225018E-2 1,139458E-1
5,171833E0 3,155924E-2 1,150527E-1
5,213542E0 3,081099E-2 1,160269E-1
5,255250E0 3,009729E-2 1,171036E-1
5,296958E0 2,927525E-2 1,180381E-1
5,338667E0 2,846317E-2 1,189884E-1
5,380375E0 2,760668E-2 1,199327E-1
5,422083E0 2,680489E-2 1,209808E-1
5,463792E0 2,596670E-2 1,219972E-1
5,505500E0 2,518440E-2 1,231167E-1
5,547208E0 2,433931E-2 1,242501E-1
5,588917E0 2,351997E-2 1,254166E-1
5,630625E0 2,273702E-2 1,265287E-1
5,672333E0 2,191950E-2 1,275705E-1
5,714042E0 2,118414E-2 1,285665E-1
5,755750E0 2,041661E-2 1,295764E-1
5,797458E0 1,973563E-2 1,303844E-1
5,839167E0 1,905818E-2 1,312292E-1
5,880875E0 1,844480E-2 1,321461E-1
5,922583E0 1,787196E-2 1,330569E-1
5,964292E0 1,732648E-2 1,339683E-1
6,006000E0 1,695578E-2 1,349265E-1
6,047708E0 1,651881E-2 1,357994E-1
6,089417E0 1,615000E-2 1,367497E-1
6,131125E0 1,584225E-2 1,376336E-1
6,172833E0 1,558713E-2 1,385314E-1
6,214542E0 1,546444E-2 1,396117E-1
6,256250E0 1,536309E-2 1,405911E-1
6,297958E0 1,524830E-2 1,415543E-1
6,339667E0 1,534334E-2 1,425247E-1
6,381375E0 1,541228E-2 1,435308E-1
6,423083E0 1,559447E-2 1,443584E-1
6,464792E0 1,579060E-2 1,453245E-1
6,506500E0 1,606966E-2 1,462377E-1
6,548208E0 1,638564E-2 1,471016E-1
6,589917E0 1,689093E-2 1,481385E-1
6,631625E0 1,736892E-2 1,490163E-1
6,673333E0 1,785318E-2 1,499774E-1
6,715042E0 1,841099E-2 1,508259E-1
6,756750E0 1,900860E-2 1,517185E-1
6,798458E0 1,965058E-2 1,526609E-1
6,840167E0 2,041263E-2 1,537381E-1
6,881875E0 2,117108E-2 1,545871E-1
6,923583E0 2,192647E-2 1,555207E-1
6,965292E0 2,284717E-2 1,564901E-1
7,007000E0 2,359498E-2 1,575709E-1
7,048708E0 2,450056E-2 1,586814E-1
7,090417E0 2,544507E-2 1,597138E-1
7,132125E0 2,632377E-2 1,606279E-1
7,173833E0 2,710674E-2 1,614344E-1
7,215542E0 2,798495E-2 1,622709E-1
7,257250E0 2,896894E-2 1,631999E-1
7,298958E0 2,968567E-2 1,642137E-1
7,340667E0 3,048426E-2 1,653129E-1
7,382375E0 3,126666E-2 1,662566E-1
7,424083E0 3,193419E-2 1,668745E-1
7,465792E0 3,262461E-2 1,673904E-1
7,507500E0 3,323173E-2 1,681034E-1
7,549208E0 3,384718E-2 1,689442E-1
7,590917E0 3,446234E-2 1,700198E-1
7,632625E0 3,489301E-2 1,709811E-1
7,674333E0 3,531005E-2 1,719043E-1
7,716042E0 3,571911E-2 1,726456E-1
7,757750E0 3,598326E-2 1,733606E-1
7,799458E0 3,623725E-2 1,742380E-1
7,841167E0 3,647489E-2 1,752679E-1
7,882875E0 3,663346E-2 1,763423E-1
7,924583E0 3,660638E-2 1,773909E-1
7,966292E0 3,653673E-2 1,783355E-1
8,008000E0 3,639178E-2 1,791620E-1
8,049708E0 3,623398E-2 1,800150E-1
8,091417E0 3,596367E-2 1,808842E-1
8,133125E0 3,569448E-2 1,818735E-1
8,174833E0 3,522558E-2 1,829204E-1
8,216542E0 3,472889E-2 1,840571E-1
8,258250E0 3,420165E-2 1,851071E-1
8,299958E0 3,357241E-2 1,861534E-1
8,341667E0 3,284960E-2 1,870457E-1
8,383375E0 3,215293E-2 1,880459E-1
8,425083E0 3,133515E-2 1,890462E-1
8,466792E0 3,052089E-2 1,900724E-1
8,508500E0 2,960074E-2 1,911926E-1
8,550208E0 2,873590E-2 1,922665E-1
8,591917E0 2,784410E-2 1,932993E-1
8,633625E0 2,689387E-2 1,943580E-1
8,675333E0 2,606979E-2 1,951767E-1
8,717042E0 2,518607E-2 1,961791E-1
8,758750E0 2,417234E-2 1,972777E-1
8,800458E0 2,336408E-2 1,982934E-1
8,842167E0 2,251968E-2 1,992541E-1
8,883875E0 2,167822E-2 2,001220E-1
8,925583E0 2,083798E-2 2,010481E-1
8,967292E0 2,013871E-2 2,020416E-1
9,009000E0 1,940231E-2 2,030682E-1
9,050708E0 1,875981E-2 2,041361E-1
9,092417E0 1,813543E-2 2,050991E-1
9,134125E0 1,758717E-2 2,059947E-1
9,175833E0 1,714682E-2 2,067112E-1
9,217542E0 1,663461E-2 2,075429E-1
9,259250E0 1,634505E-2 2,083523E-1
9,300958E0 1,616323E-2 2,093127E-1
9,342667E0 1,588335E-2 2,104272E-1
9,384375E0 1,576605E-2 2,116022E-1
9,426083E0 1,578851E-2 2,126331E-1
9,467792E0 1,584767E-2 2,135227E-1
9,509500E0 1,595821E-2 2,144117E-1
9,551208E0 1,614429E-2 2,153310E-1
9,592917E0 1,646889E-2 2,163629E-1
9,634625E0 1,678724E-2 2,173616E-1
9,676333E0 1,731610E-2 2,183840E-1
9,718042E0 1,785514E-2 2,193815E-1
9,759750E0 1,846816E-2 2,202268E-1
9,801458E0 1,908991E-2 2,209415E-1
9,843167E0 1,994286E-2 2,218688E-1
9,884875E0 2,070018E-2 2,229661E-1
9,926583E0 2,165869E-2 2,240931E-1
9,968292E0 2,263776E-2 2,251455E-1
1,001000E1 2,361840E-2 2,261516E-1
1,005171E1 2,470645E-2 2,269761E-1
1,009342E1 2,573979E-2 2,279665E-1
1,013513E1 2,693391E-2 2,290356E-1
1,017683E1 2,812717E-2 2,301379E-1
1,021854E1 2,926818E-2 2,310841E-1
1,026025E1 3,046656E-2 2,319221E-1
1,030196E1 3,169817E-2 2,327089E-1
1,034367E1 3,284160E-2 2,336680E-1
1,038537E1 3,394173E-2 2,347069E-1
1,042708E1 3,510152E-2 2,357891E-1
1,046879E1 3,628266E-2 2,368530E-1
1,051050E1 3,739193E-2 2,376886E-1
1,055221E1 3,839625E-2 2,383508E-1
1,059392E1 3,934565E-2 2,389174E-1
1,063562E1 4,032018E-2 2,398013E-1
1,067733E1 4,114241E-2 2,407840E-1
1,071904E1 4,202037E-2 2,418099E-1
1,076075E1 4,274107E-2 2,427011E-1
1,080246E1 4,341970E-2 2,434702E-1
1,084417E1 4,388486E-2 2,443155E-1
1,088588E1 4,445050E-2 2,452711E-1
1,092758E1 4,480373E-2 2,462293E-1
1,096929E1 4,504019E-2 2,472401E-1
1,101100E1 4,529682E-2 2,482453E-1
1,105271E1 4,535232E-2 2,492057E-1
1,109442E1 4,532430E-2 2,501504E-1
1,113612E1 4,528365E-2 2,510830E-1
1,117783E1 4,503803E-2 2,520328E-1
1,121954E1 4,471436E-2 2,530071E-1
1,126125E1 4,423856E-2 2,539231E-1
1,130296E1 4,375796E-2 2,549648E-1
1,134467E1 4,308384E-2 2,558671E-1
1,138637E1 4,239879E-2 2,569235E-1
1,142808E1 4,155308E-2 2,579507E-1
1,146979E1 4,068043E-2 2,589515E-1
1,151150E1 3,967690E-2 2,599747E-1
1,155321E1 3,863513E-2 2,609104E-1
1,159492E1 3,750105E-2 2,618381E-1
1,163663E1 3,634665E-2 2,628084E-1
1,167833E1 3,515103E-2 2,637903E-1
1,172004E1 3,391745E-2 2,646625E-1
1,176175E1 3,268442E-2 2,656234E-1
1,180346E1 3,147421E-2 2,667011E-1
1,184517E1 3,026557E-2 2,677953E-1
1,188687E1 2,901858E-2 2,689158E-1
1,192858E1 2,778370E-2 2,698897E-1
1,197029E1 2,662369E-2 2,707348E-1
1,201200E1 2,551114E-2 2,715766E-1
1,205371E1 2,437709E-2 2,725382E-1
1,209542E1 2,340279E-2 2,735914E-1
1,213712E1 2,244766E-2 2,746196E-1
1,217883E1 2,156289E-2 2,755085E-1
1,222054E1 2,076688E-2 2,764270E-1
1,226225E1 2,013779E-2 2,773993E-1
1,230396E1 1,954911E-2 2,784029E-1
1,234567E1 1,902409E-2 2,793444E-1
1,238738E1 1,866021E-2 2,803703E-1
1,242908E1 1,838817E-2 2,815123E-1
1,247079E1 1,811489E-2 2,825695E-1
1,251250E1 1,805425E-2 2,836143E-1
1,255421E1 1,809468E-2 2,845941E-1
1,259592E1 1,819034E-2 2,854608E-1
1,263762E1 1,849215E-2 2,864639E-1
1,267933E1 1,878125E-2 2,873947E-1
1,272104E1 1,925146E-2 2,883730E-1
1,276275E1 1,975907E-2 2,891550E-1
1,280446E1 2,046700E-2 2,902556E-1
1,284617E1 2,112555E-2 2,912481E-1
1,288787E1 2,196914E-2 2,923071E-1
1,292958E1 2,284189E-2 2,933636E-1
1,297129E1 2,385661E-2 2,943592E-1
1,301300E1 2,493599E-2 2,954516E-1
1,305471E1 2,608440E-2 2,964310E-1
1,309642E1 2,718041E-2 2,974322E-1
1,313813E1 2,841838E-2 2,985497E-1
1,317983E1 2,961351E-2 2,997211E-1
1,322154E1 3,089701E-2 3,009336E-1
1,326325E1 3,229084E-2 3,018571E-1
1,330496E1 3,361437E-2 3,028369E-1
1,334667E1 3,489336E-2 3,036125E-1
1,338837E1 3,611466E-2 3,044944E-1
1,343008E1 3,722309E-2 3,055386E-1
1,347179E1 3,848832E-2 3,066422E-1
1,351350E1 3,963769E-2 3,074384E-1
1,355521E1 4,062772E-2 3,082110E-1
1,359692E1 4,177323E-2 3,088968E-1
1,363862E1 4,269702E-2 3,095958E-1
1,368033E1 4,358097E-2 3,104595E-1
1,372204E1 4,436698E-2 3,114254E-1
1,376375E1 4,510096E-2 3,122225E-1
1,380546E1 4,582082E-2 3,130306E-1
1,384717E1 4,633596E-2 3,136872E-1
1,388888E1 4,675794E-2 3,146526E-1
1,393058E1 4,711482E-2 3,155500E-1
1,397229E1 4,745085E-2 3,165366E-1
1,401400E1 4,759078E-2 3,175482E-1
1,405571E1 4,764371E-2 3,184554E-1
1,409742E1 4,768380E-2 3,194588E-1
1,413912E1 4,755718E-2 3,204651E-1
1,418083E1 4,739108E-2 3,211617E-1
1,422254E1 4,704570E-2 3,220571E-1
1,426425E1 4,654872E-2 3,230860E-1
1,430596E1 4,598769E-2 3,241458E-1
1,434767E1 4,538882E-2 3,252191E-1
1,438937E1 4,465962E-2 3,263027E-1
1,443108E1 4,388935E-2 3,272136E-1
1,447279E1 4,306978E-2 3,280820E-1
1,451450E1 4,220305E-2 3,288571E-1
1,455621E1 4,127737E-2 3,297433E-1
1,459792E1 4,032499E-2 3,308068E-1
1,463963E1 3,935987E-2 3,320245E-1
1,468133E1 3,837310E-2 3,331547E-1
1,472304E1 3,739021E-2 3,343044E-1
1,476475E1 3,634802E-2 3,353076E-1
1,480646E1 3,533722E-2 3,362482E-1
1,484817E1 3,439727E-2 3,373016E-1
1,488987E1 3,343880E-2 3,383387E-1
1,493158E1 3,253284E-2 3,394174E-1
1,497329E1 3,167960E-2 3,403619E-1
1,501500E1 3,090988E-2 3,414211E-1
1,505671E1 3,012400E-2 3,424248E-1
1,509842E1 2,951802E-2 3,434755E-1
1,514012E1 2,897190E-2 3,445054E-1
1,518183E1 2,845952E-2 3,454863E-1
1,522354E1 2,799421E-2 3,465115E-1
1,526525E1 2,777763E-2 3,474366E-1
1,530696E1 2,752612E-2 3,484195E-1
1,534867E1 2,744638E-2 3,494695E-1
1,539038E1 2,734075E-2 3,505173E-1
1,543208E1 2,745177E-2 3,517090E-1
1,547379E1 2,765186E-2 3,526657E-1
1,551550E1 2,785716E-2 3,536750E-1
1,555721E1 2,818853E-2 3,545259E-1
1,559892E1 2,860550E-2 3,555182E-1
1,564062E1 2,922415E-2 3,564750E-1
1,568233E1 2,976630E-2 3,575034E-1
1,572404E1 3,044646E-2 3,584336E-1
1,576575E1 3,123697E-2 3,594293E-1
1,580746E1 3,203173E-2 3,603296E-1
1,584917E1 3,284416E-2 3,612615E-1
1,589087E1 3,369517E-2 3,621581E-1
1,593258E1 3,458179E-2 3,631238E-1
1,597429E1 3,556365E-2 3,642740E-1
1,601600E1 3,658577E-2 3,653638E-1
1,605771E1 3,763594E-2 3,664756E-1
1,609942E1 3,860949E-2 3,673586E-1
1,614113E1 3,953148E-2 3,682613E-1
1,618283E1 4,050714E-2 3,693093E-1
1,622454E1 4,148902E-2 3,705209E-1
1,626625E1 4,234399E-2 3,715954E-1
1,630796E1 4,323913E-2 3,725614E-1
1,634967E1 4,404086E-2 3,735429E-1
1,639138E1 4,478532E-2 3,742956E-1
1,643308E1 4,541595E-2 3,752249E-1
1,647479E1 4,597840E-2 3,761590E-1
1,651650E1 4,649378E-2 3,770671E-1
1,655821E1 4,696144E-2 3,779283E-1
1,659992E1 4,729832E-2 3,785875E-1
1,664163E1 4,769996E-2 3,792314E-1
1,668333E1 4,781030E-2 3,799516E-1
1,672504E1 4,790264E-2 3,808431E-1
1,676675E1 4,796557E-2 3,818459E-1
1,680846E1 4,788313E-2 3,828835E-1
1,685017E1 4,774251E-2 3,837011E-1
1,689187E1 4,752936E-2 3,846261E-1
1,693358E1 4,714810E-2 3,853138E-1
1,697529E1 4,670122E-2 3,862001E-1
1,701700E1 4,625880E-2 3,872981E-1
1,705871E1 4,567551E-2 3,884531E-1
1,710042E1 4,504975E-2 3,894890E-1
1,714213E1 4,432698E-2 3,903944E-1
1,718383E1 4,345560E-2 3,914066E-1
1,722554E1 4,265833E-2 3,925881E-1
1,726725E1 4,177086E-2 3,937618E-1
1,730896E1 4,089962E-2 3,947038E-1
1,735067E1 3,986912E-2 3,956958E-1
1,739238E1 3,883640E-2 3,969687E-1
1,743408E1 3,782923E-2 3,981286E-1
1,747579E1 3,680030E-2 3,991549E-1
1,751750E1 3,576646E-2 4,001391E-1
1,755921E1 3,479349E-2 4,012692E-1
1,760092E1 3,383695E-2 4,024939E-1
1,764262E1 3,291252E-2 4,035834E-1
1,768433E1 3,204398E-2 4,046417E-1
1,772604E1 3,119797E-2 4,059360E-1
1,776775E1 3,045881E-2 4,070151E-1
1,780946E1 2,976825E-2 4,081621E-1
1,785117E1 2,919351E-2 4,091521E-1
1,789288E1 2,870283E-2 4,101673E-1
1,793458E1 2,827254E-2 4,111923E-1
1,797629E1 2,796818E-2 4,120553E-1
1,801800E1 2,772533E-2 4,129311E-1
1,805971E1 2,754039E-2 4,138640E-1
1,810142E1 2,751502E-2 4,149148E-1
1,814313E1 2,753024E-2 4,159011E-1
1,818483E1 2,764518E-2 4,167949E-1
1,822654E1 2,795097E-2 4,178067E-1
1,826825E1 2,821162E-2 4,188104E-1
1,830996E1 2,863959E-2 4,198215E-1
1,835167E1 2,913231E-2 4,208761E-1
1,839337E1 2,975950E-2 4,218789E-1
1,843508E1 3,038859E-2 4,228329E-1
1,847679E1 3,104360E-2 4,238599E-1
1,851850E1 3,189435E-2 4,248266E-1
1,856021E1 3,265422E-2 4,258233E-1
1,860192E1 3,347674E-2 4,265959E-1
1,864363E1 3,434647E-2 4,274622E-1
1,868533E1 3,516750E-2 4,284826E-1
1,872704E1 3,607498E-2 4,295173E-1
1,876875E1 3,690240E-2 4,305733E-1
1,881046E1 3,781941E-2 4,316194E-1
1,885217E1 3,869559E-2 4,327407E-1
1,889388E1 3,948004E-2 4,337608E-1
1,893558E1 4,027421E-2 4,348277E-1
1,897729E1 4,104265E-2 4,358747E-1
1,901900E1 4,162728E-2 4,369674E-1
1,906071E1 4,231426E-2 4,379593E-1
1,910242E1 4,290910E-2 4,388587E-1
1,914412E1 4,347156E-2 4,397028E-1
1,918583E1 4,381125E-2 4,407554E-1
1,922754E1 4,418373E-2 4,417804E-1
1,926925E1 4,441717E-2 4,430178E-1
1,931096E1 4,464035E-2 4,441342E-1
1,935267E1 4,476100E-2 4,452350E-1
1,939438E1 4,475591E-2 4,464282E-1
1,943608E1 4,470381E-2 4,475653E-1
1,947779E1 4,446301E-2 4,486457E-1
1,951950E1 4,416193E-2 4,495105E-1
1,956121E1 4,381123E-2 4,504997E-1
1,960292E1 4,336741E-2 4,516407E-1
1,964463E1 4,280638E-2 4,528511E-1
1,968633E1 4,213354E-2 4,537696E-1
1,972804E1 4,148764E-2 4,544761E-1
1,976975E1 4,080668E-2 4,552626E-1
1,981146E1 4,008160E-2 4,562350E-1
1,985317E1 3,925706E-2 4,573061E-1
1,989487E1 3,836531E-2 4,585017E-1
1,993658E1 3,751907E-2 4,593981E-1
1,997829E1 3,674470E-2 4,603192E-1
2,002000E1 3,595231E-2 4,613670E-1
2,006171E1 3,518863E-2 4,625186E-1
2,010342E1 3,438645E-2 4,635271E-1
2,014513E1 3,361246E-2 4,645470E-1
2,018683E1 3,290554E-2 4,655533E-1
2,022854E1 3,234102E-2 4,664007E-1
2,027025E1 3,180084E-2 4,672369E-1
2,031196E1 3,124783E-2 4,680374E-1
2,035367E1 3,078115E-2 4,690434E-1
2,039538E1 3,045565E-2 4,700305E-1
2,043708E1 3,024215E-2 4,708543E-1
2,047879E1 3,001699E-2 4,715421E-1
2,052050E1 3,000709E-2 4,723694E-1
2,056221E1 2,995725E-2 4,732756E-1
2,060392E1 2,983466E-2 4,742954E-1
2,064562E1 2,964524E-2 4,768817E-1
2,068733E1 2,992797E-2 4,797715E-1
