 masa A  
t x y 
5,005000E-1 5,008722E-2 1,283824E-2
5,422083E-1 5,035758E-2 1,507745E-2
5,839167E-1 5,030767E-2 1,962274E-2
6,256250E-1 4,963794E-2 2,614377E-2
6,673333E-1 4,885534E-2 3,443211E-2
7,090417E-1 4,762459E-2 4,257912E-2
7,507500E-1 4,535238E-2 4,994806E-2
7,924583E-1 4,142566E-2 5,647807E-2
8,341667E-1 3,625717E-2 6,109197E-2
8,758750E-1 3,069743E-2 6,472595E-2
9,175833E-1 2,505623E-2 6,875926E-2
9,592917E-1 1,963175E-2 7,359727E-2
1,001000E0 1,486270E-2 7,990298E-2
1,042708E0 1,176922E-2 8,701179E-2
1,084417E0 1,145739E-2 9,364353E-2
1,126125E0 1,330863E-2 1,001555E-1
1,167833E0 1,644639E-2 1,066535E-1
1,209542E0 2,008029E-2 1,132155E-1
1,251250E0 2,358741E-2 1,197795E-1
1,292958E0 2,652602E-2 1,261308E-1
1,334667E0 2,849047E-2 1,324246E-1
1,376375E0 2,939317E-2 1,386374E-1
1,418083E0 2,926377E-2 1,446362E-1
1,459792E0 2,827024E-2 1,501844E-1
1,501500E0 2,677975E-2 1,550945E-1
1,543208E0 2,500492E-2 1,601604E-1
1,584917E0 2,311020E-2 1,662620E-1
1,626625E0 2,108275E-2 1,734335E-1
1,668333E0 1,939871E-2 1,807793E-1
1,710042E0 1,836415E-2 1,878418E-1
1,751750E0 1,825703E-2 1,940587E-1
1,793458E0 1,914499E-2 1,995919E-1
1,835167E0 2,094193E-2 2,049929E-1
1,876875E0 2,356250E-2 2,107583E-1
1,918583E0 2,706936E-2 2,169281E-1
1,960292E0 3,092101E-2 2,227160E-1
2,002000E0 3,487370E-2 2,281920E-1
2,043708E0 3,870318E-2 2,340263E-1
2,085417E0 4,228227E-2 2,404690E-1
2,127125E0 4,514829E-2 2,468941E-1
2,168833E0 4,731510E-2 2,532252E-1
2,210542E0 4,873728E-2 2,596224E-1
2,252250E0 4,938274E-2 2,660056E-1
2,293958E0 4,940891E-2 2,723960E-1
2,335667E0 4,891783E-2 2,789518E-1
2,377375E0 4,801269E-2 2,857152E-1
2,419083E0 4,688036E-2 2,921307E-1
2,460792E0 4,558063E-2 2,976182E-1
2,502500E0 4,422936E-2 3,028730E-1
2,544208E0 4,282979E-2 3,085551E-1
2,585917E0 4,139855E-2 3,145880E-1
2,627625E0 3,995656E-2 3,209170E-1
2,669333E0 3,830225E-2 3,278725E-1
2,711042E0 3,703037E-2 3,347040E-1
2,752750E0 3,566878E-2 3,409095E-1
2,794458E0 3,453531E-2 3,469126E-1
2,836167E0 3,371966E-2 3,525119E-1
2,877875E0 3,311571E-2 3,582823E-1
2,919583E0 3,301832E-2 3,637507E-1
2,961292E0 3,322882E-2 3,693489E-1
3,003000E0 3,414883E-2 3,754806E-1
3,044708E0 3,547243E-2 3,815361E-1
3,086417E0 3,738970E-2 3,876131E-1
3,128125E0 3,998678E-2 3,938575E-1
3,169833E0 4,232462E-2 3,993869E-1
3,211542E0 4,475114E-2 4,050230E-1
3,253250E0 4,691030E-2 4,112466E-1
3,294958E0 4,867967E-2 4,181155E-1
3,336667E0 4,990000E-2 4,248772E-1
3,378375E0 5,037238E-2 4,312027E-1
3,420083E0 5,007845E-2 4,370449E-1
3,461792E0 4,894496E-2 4,429076E-1
3,503500E0 4,708585E-2 4,490948E-1
3,545208E0 4,447747E-2 4,554809E-1
3,586917E0 4,120750E-2 4,616936E-1
3,628625E0 3,770256E-2 4,680148E-1
3,670333E0 3,416780E-2 4,752151E-1
3,712042E0 3,114951E-2 4,807585E-1
