 masa A  
t x y 
2,043708E0 2,982201E-2 6,359814E-2
2,085417E0 2,993254E-2 6,519295E-2
2,127125E0 2,953080E-2 6,621896E-2
2,168833E0 2,957297E-2 6,747239E-2
2,210542E0 2,959913E-2 6,831560E-2
2,252250E0 2,956867E-2 6,912919E-2
2,293958E0 2,951595E-2 7,008128E-2
2,335667E0 2,948363E-2 7,072947E-2
2,377375E0 2,941794E-2 7,116134E-2
2,419083E0 2,935776E-2 7,184605E-2
2,460792E0 2,924335E-2 7,277595E-2
2,502500E0 2,908700E-2 7,378163E-2
2,544208E0 2,892320E-2 7,497699E-2
2,585917E0 2,876018E-2 7,621835E-2
2,627625E0 2,857009E-2 7,746400E-2
2,669333E0 2,841579E-2 7,862401E-2
2,711042E0 2,819505E-2 7,975568E-2
2,752750E0 2,799732E-2 8,083046E-2
2,794458E0 2,780830E-2 8,191929E-2
2,836167E0 2,760287E-2 8,309311E-2
2,877875E0 2,737954E-2 8,429455E-2
2,919583E0 2,719878E-2 8,535810E-2
2,961292E0 2,698930E-2 8,633914E-2
3,003000E0 2,676681E-2 8,726379E-2
3,044708E0 2,660685E-2 8,800027E-2
3,086417E0 2,641554E-2 8,877105E-2
3,128125E0 2,620315E-2 8,956525E-2
3,169833E0 2,605651E-2 9,039913E-2
3,211542E0 2,587198E-2 9,124199E-2
3,253250E0 2,567864E-2 9,216196E-2
3,294958E0 2,552480E-2 9,311673E-2
3,336667E0 2,535420E-2 9,419628E-2
3,378375E0 2,519464E-2 9,525993E-2
3,420083E0 2,500505E-2 9,631670E-2
3,461792E0 2,483118E-2 9,741887E-2
3,503500E0 2,470182E-2 9,849883E-2
3,545208E0 2,454989E-2 9,959040E-2
3,586917E0 2,442940E-2 1,005983E-1
3,628625E0 2,427474E-2 1,015617E-1
3,670333E0 2,417563E-2 1,024459E-1
3,712042E0 2,409871E-2 1,032174E-1
3,753750E0 2,399256E-2 1,040651E-1
3,795458E0 2,391048E-2 1,050368E-1
3,837167E0 2,386476E-2 1,060448E-1
3,878875E0 2,383484E-2 1,071426E-1
3,920583E0 2,372706E-2 1,082461E-1
3,962292E0 2,370856E-2 1,091313E-1
4,004000E0 2,366966E-2 1,099331E-1
4,045708E0 2,367727E-2 1,108533E-1
4,087417E0 2,367334E-2 1,119445E-1
4,129125E0 2,368370E-2 1,130993E-1
4,170833E0 2,370732E-2 1,142193E-1
4,212542E0 2,374628E-2 1,152688E-1
4,254250E0 2,376776E-2 1,161361E-1
4,295958E0 2,381954E-2 1,170357E-1
4,337667E0 2,383750E-2 1,181076E-1
4,379375E0 2,388705E-2 1,192707E-1
4,421083E0 2,398533E-2 1,203575E-1
4,462792E0 2,406648E-2 1,214087E-1
4,504500E0 2,412863E-2 1,224091E-1
4,546208E0 2,421758E-2 1,234770E-1
4,587917E0 2,434557E-2 1,244203E-1
4,629625E0 2,442940E-2 1,252189E-1
4,671333E0 2,448985E-2 1,259949E-1
4,713042E0 2,463079E-2 1,265571E-1
4,754750E0 2,473068E-2 1,273278E-1
4,796458E0 2,486745E-2 1,282255E-1
4,838167E0 2,499817E-2 1,293050E-1
4,879875E0 2,512150E-2 1,304415E-1
4,921583E0 2,525673E-2 1,315079E-1
4,963292E0 2,540412E-2 1,325290E-1
5,005000E0 2,555751E-2 1,333951E-1
5,046708E0 2,569324E-2 1,342198E-1
5,088417E0 2,584981E-2 1,349444E-1
5,130125E0 2,599645E-2 1,357111E-1
5,171833E0 2,613795E-2 1,364982E-1
5,213542E0 2,628861E-2 1,374135E-1
5,255250E0 2,645065E-2 1,383661E-1
5,296958E0 2,658575E-2 1,394648E-1
5,338667E0 2,672175E-2 1,405360E-1
5,380375E0 2,684912E-2 1,416349E-1
5,422083E0 2,698673E-2 1,427422E-1
5,463792E0 2,709605E-2 1,439385E-1
5,505500E0 2,723152E-2 1,450217E-1
5,547208E0 2,730675E-2 1,460923E-1
5,588917E0 2,737561E-2 1,471874E-1
5,630625E0 2,746998E-2 1,482426E-1
5,672333E0 2,749569E-2 1,492751E-1
5,714042E0 2,754302E-2 1,502864E-1
5,755750E0 2,753355E-2 1,513474E-1
5,797458E0 2,754467E-2 1,523830E-1
5,839167E0 2,754306E-2 1,534444E-1
5,880875E0 2,750751E-2 1,544905E-1
5,922583E0 2,747509E-2 1,554275E-1
5,964292E0 2,746472E-2 1,563910E-1
6,006000E0 2,740084E-2 1,574158E-1
6,047708E0 2,735767E-2 1,584542E-1
6,089417E0 2,727842E-2 1,594963E-1
6,131125E0 2,717053E-2 1,605543E-1
6,172833E0 2,709720E-2 1,615958E-1
6,214542E0 2,699177E-2 1,625519E-1
6,256250E0 2,684184E-2 1,634716E-1
6,297958E0 2,673989E-2 1,642552E-1
6,339667E0 2,659719E-2 1,651088E-1
6,381375E0 2,647679E-2 1,660642E-1
6,423083E0 2,636020E-2 1,669655E-1
6,464792E0 2,620390E-2 1,680250E-1
6,506500E0 2,606003E-2 1,690067E-1
6,548208E0 2,590372E-2 1,699241E-1
6,589917E0 2,575939E-2 1,707512E-1
6,631625E0 2,558740E-2 1,716685E-1
6,673333E0 2,543168E-2 1,726925E-1
6,715042E0 2,525460E-2 1,737777E-1
6,756750E0 2,507324E-2 1,749000E-1
6,798458E0 2,491434E-2 1,760478E-1
6,840167E0 2,472502E-2 1,770835E-1
6,881875E0 2,453771E-2 1,779404E-1
6,923583E0 2,438952E-2 1,786330E-1
6,965292E0 2,421375E-2 1,794613E-1
7,007000E0 2,406598E-2 1,804876E-1
7,048708E0 2,390130E-2 1,815972E-1
7,090417E0 2,375060E-2 1,828128E-1
7,132125E0 2,359244E-2 1,838561E-1
7,173833E0 2,346795E-2 1,847892E-1
7,215542E0 2,329519E-2 1,855926E-1
7,257250E0 2,316985E-2 1,866532E-1
7,298958E0 2,301454E-2 1,879147E-1
7,340667E0 2,289062E-2 1,892302E-1
7,382375E0 2,273925E-2 1,904757E-1
7,424083E0 2,262757E-2 1,914479E-1
7,465792E0 2,247109E-2 1,921439E-1
7,507500E0 2,237882E-2 1,926659E-1
7,549208E0 2,223627E-2 1,933418E-1
7,590917E0 2,214678E-2 1,942853E-1
7,632625E0 2,205560E-2 1,953320E-1
7,674333E0 2,195528E-2 1,963815E-1
7,716042E0 2,188946E-2 1,973467E-1
7,757750E0 2,185424E-2 1,981942E-1
7,799458E0 2,180164E-2 1,990426E-1
7,841167E0 2,175499E-2 1,999314E-1
7,882875E0 2,169167E-2 2,007922E-1
7,924583E0 2,168730E-2 2,017169E-1
7,966292E0 2,172272E-2 2,027135E-1
8,008000E0 2,171310E-2 2,037049E-1
8,049708E0 2,171202E-2 2,046638E-1
8,091417E0 2,178061E-2 2,055055E-1
8,133125E0 2,178900E-2 2,064591E-1
8,174833E0 2,182755E-2 2,075352E-1
8,216542E0 2,190869E-2 2,085566E-1
8,258250E0 2,198886E-2 2,092881E-1
8,299958E0 2,208799E-2 2,101325E-1
8,341667E0 2,216087E-2 2,115767E-1
8,383375E0 2,231445E-2 2,131928E-1
8,425083E0 2,231074E-2 2,141036E-1
8,466792E0 2,237612E-2 2,150133E-1
8,508500E0 2,249185E-2 2,160539E-1
8,550208E0 2,258917E-2 2,171084E-1
8,591917E0 2,271239E-2 2,181703E-1
8,633625E0 2,287873E-2 2,192854E-1
8,675333E0 2,303122E-2 2,205264E-1
8,717042E0 2,321418E-2 2,217014E-1
8,758750E0 2,331420E-2 2,229796E-1
8,800458E0 2,346759E-2 2,240004E-1
8,842167E0 2,359921E-2 2,250358E-1
8,883875E0 2,377409E-2 2,258777E-1
8,925583E0 2,389722E-2 2,267810E-1
8,967292E0 2,404810E-2 2,276437E-1
9,009000E0 2,416932E-2 2,286055E-1
9,050708E0 2,432319E-2 2,295981E-1
9,092417E0 2,445639E-2 2,307511E-1
9,134125E0 2,463178E-2 2,317776E-1
9,175833E0 2,477256E-2 2,328645E-1
9,217542E0 2,492134E-2 2,337149E-1
9,259250E0 2,502190E-2 2,346504E-1
9,300958E0 2,518142E-2 2,354668E-1
9,342667E0 2,527443E-2 2,364169E-1
9,384375E0 2,535711E-2 2,375745E-1
9,426083E0 2,547418E-2 2,386175E-1
9,467792E0 2,554324E-2 2,395960E-1
9,509500E0 2,561828E-2 2,406600E-1
9,551208E0 2,570816E-2 2,416082E-1
9,592917E0 2,577789E-2 2,425504E-1
9,634625E0 2,579338E-2 2,435911E-1
9,676333E0 2,583802E-2 2,446543E-1
9,718042E0 2,584354E-2 2,457692E-1
9,759750E0 2,585106E-2 2,467745E-1
9,801458E0 2,585463E-2 2,476841E-1
9,843167E0 2,584122E-2 2,486181E-1
9,884875E0 2,583540E-2 2,496320E-1
9,926583E0 2,583077E-2 2,507396E-1
9,968292E0 2,580707E-2 2,519093E-1
1,001000E1 2,574432E-2 2,529668E-1
1,005171E1 2,575001E-2 2,538999E-1
1,009342E1 2,570212E-2 2,548638E-1
1,013512E1 2,566410E-2 2,559828E-1
1,017683E1 2,560962E-2 2,573656E-1
1,021854E1 2,558364E-2 2,585727E-1
1,026025E1 2,548091E-2 2,598117E-1
1,030196E1 2,539398E-2 2,607463E-1
1,034367E1 2,532258E-2 2,613866E-1
1,038537E1 2,523900E-2 2,618962E-1
1,042708E1 2,515442E-2 2,626394E-1
1,046879E1 2,506182E-2 2,636491E-1
1,051050E1 2,498796E-2 2,646534E-1
1,055221E1 2,489438E-2 2,657107E-1
1,059392E1 2,483814E-2 2,667514E-1
1,063562E1 2,477222E-2 2,676537E-1
1,067733E1 2,471156E-2 2,684698E-1
1,071904E1 2,464047E-2 2,693736E-1
1,076075E1 2,457182E-2 2,703421E-1
1,080246E1 2,450857E-2 2,713188E-1
1,084417E1 2,448839E-2 2,722108E-1
1,088587E1 2,449989E-2 2,731229E-1
1,092758E1 2,446658E-2 2,740782E-1
1,096929E1 2,445104E-2 2,751392E-1
1,101100E1 2,445585E-2 2,762442E-1
1,105271E1 2,447178E-2 2,773059E-1
1,109442E1 2,446708E-2 2,781320E-1
1,113612E1 2,447703E-2 2,789438E-1
1,117783E1 2,445431E-2 2,799007E-1
1,121954E1 2,444075E-2 2,810738E-1
1,126125E1 2,443003E-2 2,823293E-1
1,130296E1 2,439020E-2 2,837183E-1
1,134467E1 2,439572E-2 2,850824E-1
1,138637E1 2,435668E-2 2,861700E-1
1,142808E1 2,435613E-2 2,869808E-1
1,146979E1 2,433167E-2 2,878724E-1
1,151150E1 2,432876E-2 2,889612E-1
1,155321E1 2,433363E-2 2,902490E-1
1,159492E1 2,437153E-2 2,914810E-1
1,163662E1 2,440631E-2 2,926331E-1
1,167833E1 2,442416E-2 2,935778E-1
1,172004E1 2,441201E-2 2,944731E-1
1,176175E1 2,442833E-2 2,953578E-1
1,180346E1 2,443281E-2 2,962678E-1
1,184517E1 2,447930E-2 2,973722E-1
1,188687E1 2,456664E-2 2,984973E-1
1,192858E1 2,459929E-2 2,995626E-1
1,197029E1 2,462956E-2 3,004641E-1
1,201200E1 2,465249E-2 3,013289E-1
1,205371E1 2,469795E-2 3,022026E-1
1,209542E1 2,475250E-2 3,031795E-1
1,213712E1 2,482820E-2 3,041049E-1
1,217883E1 2,486424E-2 3,050291E-1
1,222054E1 2,489399E-2 3,059587E-1
1,226225E1 2,495774E-2 3,069373E-1
1,230396E1 2,499810E-2 3,080666E-1
1,234567E1 2,502011E-2 3,094041E-1
1,238737E1 2,507272E-2 3,106109E-1
1,242908E1 2,513674E-2 3,116505E-1
1,247079E1 2,516696E-2 3,125970E-1
1,251250E1 2,518614E-2 3,135445E-1
1,255421E1 2,522684E-2 3,145468E-1
1,259592E1 2,521352E-2 3,156011E-1
1,263762E1 2,522882E-2 3,165558E-1
1,267933E1 2,522578E-2 3,175145E-1
1,272104E1 2,521447E-2 3,184982E-1
1,276275E1 2,521774E-2 3,195340E-1
1,280446E1 2,522858E-2 3,207254E-1
1,284617E1 2,521518E-2 3,219449E-1
1,288787E1 2,520902E-2 3,230162E-1
1,292958E1 2,518199E-2 3,239723E-1
1,297129E1 2,517287E-2 3,248603E-1
1,301300E1 2,514116E-2 3,259393E-1
1,305471E1 2,516388E-2 3,270500E-1
1,309642E1 2,508185E-2 3,282351E-1
1,313812E1 2,508211E-2 3,296494E-1
1,317983E1 2,504364E-2 3,306670E-1
1,322154E1 2,504058E-2 3,314377E-1
1,326325E1 2,502985E-2 3,321078E-1
1,330496E1 2,503690E-2 3,328814E-1
1,334667E1 2,502105E-2 3,339651E-1
1,338837E1 2,500503E-2 3,350260E-1
1,343008E1 2,492522E-2 3,360149E-1
1,347179E1 2,491025E-2 3,366652E-1
1,351350E1 2,488000E-2 3,374194E-1
1,355521E1 2,486595E-2 3,382615E-1
1,359692E1 2,487478E-2 3,391899E-1
1,363862E1 2,489731E-2 3,401360E-1
1,368033E1 2,491188E-2 3,410421E-1
1,372204E1 2,492102E-2 3,420058E-1
1,376375E1 2,493894E-2 3,430121E-1
1,380546E1 2,493368E-2 3,441047E-1
1,384717E1 2,498624E-2 3,453773E-1
1,388887E1 2,498269E-2 3,464284E-1
1,393058E1 2,498560E-2 3,471166E-1
1,397229E1 2,495177E-2 3,478892E-1
1,401400E1 2,498592E-2 3,486126E-1
1,405571E1 2,499420E-2 3,495190E-1
1,409742E1 2,502107E-2 3,507370E-1
1,413912E1 2,507964E-2 3,520143E-1
1,418083E1 2,509891E-2 3,532819E-1
1,422254E1 2,509115E-2 3,546517E-1
1,426425E1 2,514056E-2 3,562011E-1
1,430596E1 2,516650E-2 3,571052E-1
1,434767E1 2,514123E-2 3,575110E-1
1,438937E1 2,516872E-2 3,580672E-1
1,443108E1 2,522410E-2 3,591372E-1
1,447279E1 2,501116E-2 3,605968E-1
1,451450E1 2,509617E-2 3,616419E-1
1,455621E1 2,505203E-2 3,626623E-1
1,459792E1 2,503524E-2 3,636640E-1
1,463962E1 2,487816E-2 3,648923E-1
1,468133E1 2,476994E-2 3,664863E-1
1,472304E1 2,512681E-2 3,671887E-1
1,476475E1 2,513772E-2 3,687567E-1
1,480646E1 2,517718E-2 3,703093E-1
1,484817E1 2,529483E-2 3,718789E-1
1,488987E1 2,529343E-2 3,728055E-1
1,493158E1 2,530440E-2 3,735415E-1
1,497329E1 2,524483E-2 3,742582E-1
1,501500E1 2,519239E-2 3,749696E-1
1,505671E1 2,507822E-2 3,756966E-1
1,509842E1 2,502265E-2 3,764673E-1
1,514012E1 2,498857E-2 3,774184E-1
1,518183E1 2,498264E-2 3,784871E-1
1,522354E1 2,499898E-2 3,796906E-1
1,526525E1 2,506183E-2 3,811126E-1
1,530696E1 2,514518E-2 3,825993E-1
1,534867E1 2,515460E-2 3,838638E-1
1,539037E1 2,507267E-2 3,847421E-1
1,543208E1 2,495139E-2 3,855974E-1
1,547379E1 2,488642E-2 3,866582E-1
1,551550E1 2,481372E-2 3,876866E-1
1,555721E1 2,481410E-2 3,886805E-1
1,559892E1 2,475702E-2 3,897325E-1
1,564062E1 2,475198E-2 3,907564E-1
1,568233E1 2,478403E-2 3,918482E-1
1,572404E1 2,468020E-2 3,928914E-1
1,576575E1 2,466024E-2 3,939678E-1
1,580746E1 2,457414E-2 3,949753E-1
1,584917E1 2,453540E-2 3,958484E-1
1,589087E1 2,449799E-2 3,968051E-1
1,593258E1 2,444419E-2 3,979962E-1
1,597429E1 2,448083E-2 3,992904E-1
1,601600E1 2,450578E-2 4,004074E-1
1,605771E1 2,450459E-2 4,015826E-1
1,609942E1 2,446815E-2 4,026770E-1
1,614112E1 2,444178E-2 4,036982E-1
1,618283E1 2,451203E-2 4,045285E-1
1,622454E1 2,452205E-2 4,053846E-1
1,626625E1 2,455441E-2 4,063200E-1
1,630796E1 2,468084E-2 4,072826E-1
1,634967E1 2,465460E-2 4,082135E-1
1,639137E1 2,468755E-2 4,090734E-1
1,643308E1 2,468690E-2 4,099167E-1
1,647479E1 2,465557E-2 4,106748E-1
1,651650E1 2,472126E-2 4,114110E-1
1,655821E1 2,483233E-2 4,122083E-1
1,659992E1 2,489573E-2 4,130646E-1
1,664162E1 2,493589E-2 4,141182E-1
1,668333E1 2,497845E-2 4,151982E-1
1,672504E1 2,505924E-2 4,163984E-1
1,676675E1 2,514293E-2 4,176595E-1
1,680846E1 2,532412E-2 4,190094E-1
1,685017E1 2,539887E-2 4,199483E-1
1,689187E1 2,532177E-2 4,205934E-1
1,693358E1 2,537679E-2 4,214154E-1
1,697529E1 2,539898E-2 4,225268E-1
1,701700E1 2,540602E-2 4,238274E-1
1,705871E1 2,548859E-2 4,251192E-1
1,710042E1 2,556084E-2 4,264699E-1
1,714212E1 2,562449E-2 4,279600E-1
1,718383E1 2,570020E-2 4,291197E-1
1,722554E1 2,566009E-2 4,300275E-1
1,726725E1 2,564620E-2 4,310725E-1
1,730896E1 2,571989E-2 4,321822E-1
1,735067E1 2,577841E-2 4,332389E-1
1,739237E1 2,576412E-2 4,341802E-1
1,743408E1 2,577215E-2 4,351179E-1
1,747579E1 2,592751E-2 4,360999E-1
1,751750E1 2,592821E-2 4,371712E-1
1,755921E1 2,600759E-2 4,382134E-1
1,760092E1 2,601595E-2 4,392389E-1
1,764262E1 2,611915E-2 4,401877E-1
1,768433E1 2,613522E-2 4,411595E-1
1,772604E1 2,625510E-2 4,422651E-1
1,776775E1 2,630901E-2 4,432428E-1
1,780946E1 2,634617E-2 4,441372E-1
1,785117E1 2,645760E-2 4,451788E-1
1,789287E1 2,649523E-2 4,461766E-1
1,793458E1 2,663111E-2 4,471468E-1
1,797629E1 2,665074E-2 4,482353E-1
1,801800E1 2,675305E-2 4,492956E-1
1,805971E1 2,680835E-2 4,502762E-1
1,810142E1 2,687824E-2 4,512845E-1
1,814312E1 2,697646E-2 4,523779E-1
1,818483E1 2,700119E-2 4,534052E-1
1,822654E1 2,709843E-2 4,545205E-1
1,826825E1 2,723684E-2 4,555782E-1
1,830996E1 2,726636E-2 4,566739E-1
1,835167E1 2,730123E-2 4,577410E-1
1,839337E1 2,732363E-2 4,589876E-1
1,843508E1 2,748709E-2 4,600389E-1
1,847679E1 2,752863E-2 4,609978E-1
1,851850E1 2,755072E-2 4,618681E-1
1,856021E1 2,756939E-2 4,626999E-1
1,860192E1 2,756980E-2 4,636661E-1
1,864362E1 2,762178E-2 4,647791E-1
1,868533E1 2,768000E-2 4,659502E-1
1,872704E1 2,776214E-2 4,670542E-1
1,876875E1 2,788014E-2 4,682145E-1
1,881046E1 2,799928E-2 4,693103E-1
1,885217E1 2,800098E-2 4,703201E-1
