 masa A  
t x y 
0,000000E0 3,399974E-2 2,821747E-2
4,170833E-2 3,393116E-2 2,908243E-2
8,341667E-2 3,391816E-2 2,987726E-2
1,251250E-1 3,378042E-2 3,066273E-2
1,668333E-1 3,370859E-2 3,149598E-2
2,085417E-1 3,363248E-2 3,263131E-2
2,502500E-1 3,358433E-2 3,404979E-2
2,919583E-1 3,354293E-2 3,549525E-2
3,336667E-1 3,342320E-2 3,717604E-2
3,753750E-1 3,333914E-2 3,869453E-2
4,170833E-1 3,327783E-2 3,996914E-2
4,587917E-1 3,321222E-2 4,106154E-2
5,005000E-1 3,308026E-2 4,216557E-2
5,422083E-1 3,301313E-2 4,307070E-2
5,839167E-1 3,291491E-2 4,396126E-2
6,256250E-1 3,281904E-2 4,474458E-2
6,673333E-1 3,274638E-2 4,545586E-2
7,090417E-1 3,268746E-2 4,600730E-2
7,507500E-1 3,258888E-2 4,657409E-2
7,924583E-1 3,250938E-2 4,715627E-2
8,341667E-1 3,245292E-2 4,783601E-2
8,758750E-1 3,240569E-2 4,866900E-2
9,175833E-1 3,234814E-2 4,944414E-2
9,592917E-1 3,230910E-2 5,030261E-2
1,001000E0 3,225673E-2 5,124201E-2
1,042708E0 3,223742E-2 5,229206E-2
1,084417E0 3,218158E-2 5,354217E-2
1,126125E0 3,216284E-2 5,473165E-2
1,167833E0 3,216395E-2 5,586756E-2
1,209542E0 3,215433E-2 5,689675E-2
1,251250E0 3,213464E-2 5,788070E-2
1,292958E0 3,212218E-2 5,882347E-2
1,334667E0 3,211862E-2 5,973058E-2
1,376375E0 3,213305E-2 6,076468E-2
1,418083E0 3,214329E-2 6,176356E-2
1,459792E0 3,215523E-2 6,275941E-2
1,501500E0 3,215238E-2 6,372476E-2
1,543208E0 3,215716E-2 6,469506E-2
1,584917E0 3,218354E-2 6,569330E-2
1,626625E0 3,217659E-2 6,675839E-2
1,668333E0 3,219401E-2 6,777712E-2
1,710042E0 3,222208E-2 6,882608E-2
1,751750E0 3,224144E-2 6,971847E-2
1,793458E0 3,224891E-2 7,048834E-2
1,835167E0 3,226300E-2 7,130902E-2
1,876875E0 3,232338E-2 7,211913E-2
1,918583E0 3,232576E-2 7,315270E-2
1,960292E0 3,236823E-2 7,425964E-2
2,002000E0 3,241983E-2 7,551513E-2
2,043708E0 3,249614E-2 7,673666E-2
2,085417E0 3,253585E-2 7,782579E-2
2,127125E0 3,260447E-2 7,871179E-2
2,168833E0 3,265252E-2 7,961365E-2
2,210542E0 3,270541E-2 8,048601E-2
2,252250E0 3,278439E-2 8,136559E-2
2,293958E0 3,284072E-2 8,231671E-2
2,335667E0 3,290145E-2 8,332229E-2
2,377375E0 3,299143E-2 8,441597E-2
2,419083E0 3,309530E-2 8,547971E-2
2,460792E0 3,314857E-2 8,648774E-2
2,502500E0 3,322501E-2 8,746645E-2
2,544208E0 3,327172E-2 8,844784E-2
2,585917E0 3,331735E-2 8,941043E-2
2,627625E0 3,339735E-2 9,032122E-2
2,669333E0 3,347904E-2 9,124971E-2
2,711042E0 3,354620E-2 9,224414E-2
2,752750E0 3,362957E-2 9,325940E-2
2,794458E0 3,367484E-2 9,418027E-2
2,836167E0 3,371708E-2 9,511814E-2
2,877875E0 3,374858E-2 9,600839E-2
2,919583E0 3,378955E-2 9,701285E-2
2,961292E0 3,389491E-2 9,806370E-2
3,003000E0 3,397934E-2 9,902861E-2
3,044708E0 3,403557E-2 9,992723E-2
3,086417E0 3,405324E-2 1,008464E-1
3,128125E0 3,408523E-2 1,018761E-1
3,169833E0 3,409200E-2 1,029115E-1
3,211542E0 3,416102E-2 1,041090E-1
3,253250E0 3,421945E-2 1,051948E-1
3,294958E0 3,425632E-2 1,062074E-1
3,336667E0 3,427691E-2 1,071325E-1
3,378375E0 3,431287E-2 1,080891E-1
3,420083E0 3,428147E-2 1,091423E-1
3,461792E0 3,431444E-2 1,102071E-1
3,503500E0 3,428183E-2 1,112800E-1
3,545208E0 3,428694E-2 1,122711E-1
3,586917E0 3,426519E-2 1,133982E-1
3,628625E0 3,424179E-2 1,144102E-1
3,670333E0 3,423393E-2 1,153868E-1
3,712042E0 3,419806E-2 1,163708E-1
3,753750E0 3,416913E-2 1,172875E-1
3,795458E0 3,411053E-2 1,179660E-1
3,837167E0 3,405439E-2 1,186248E-1
3,878875E0 3,397536E-2 1,192770E-1
3,920583E0 3,397855E-2 1,200628E-1
3,962292E0 3,390720E-2 1,210238E-1
4,004000E0 3,385119E-2 1,219534E-1
4,045708E0 3,374741E-2 1,228887E-1
4,087417E0 3,367339E-2 1,237581E-1
4,129125E0 3,361077E-2 1,245987E-1
4,170833E0 3,355782E-2 1,254562E-1
4,212542E0 3,344572E-2 1,265034E-1
4,254250E0 3,335593E-2 1,275155E-1
4,295958E0 3,325805E-2 1,283970E-1
4,337667E0 3,315518E-2 1,293935E-1
4,379375E0 3,305805E-2 1,303994E-1
4,421083E0 3,301141E-2 1,314309E-1
4,462792E0 3,286921E-2 1,324317E-1
4,504500E0 3,278478E-2 1,334617E-1
4,546208E0 3,267604E-2 1,343437E-1
4,587917E0 3,252774E-2 1,353412E-1
4,629625E0 3,240193E-2 1,362775E-1
4,671333E0 3,231391E-2 1,372118E-1
4,713042E0 3,220001E-2 1,384424E-1
4,754750E0 3,208494E-2 1,395519E-1
4,796458E0 3,191111E-2 1,407865E-1
4,838167E0 3,179049E-2 1,417457E-1
4,879875E0 3,166364E-2 1,427998E-1
4,921583E0 3,152798E-2 1,438160E-1
4,963292E0 3,144554E-2 1,445984E-1
5,005000E0 3,131567E-2 1,457259E-1
5,046708E0 3,117583E-2 1,467367E-1
5,088417E0 3,108210E-2 1,479564E-1
5,130125E0 3,091862E-2 1,490262E-1
5,171833E0 3,079463E-2 1,501146E-1
5,213542E0 3,069662E-2 1,511138E-1
5,255250E0 3,063176E-2 1,518676E-1
5,296958E0 3,049550E-2 1,527471E-1
5,338667E0 3,041900E-2 1,536193E-1
5,380375E0 3,035127E-2 1,544869E-1
5,422083E0 3,024722E-2 1,556149E-1
5,463792E0 3,015481E-2 1,568137E-1
5,505500E0 3,010214E-2 1,579746E-1
5,547208E0 3,003359E-2 1,589602E-1
5,588917E0 2,996748E-2 1,598830E-1
5,630625E0 2,990140E-2 1,608370E-1
5,672333E0 2,985368E-2 1,617503E-1
5,714042E0 2,983734E-2 1,626299E-1
5,755750E0 2,977861E-2 1,634328E-1
5,797458E0 2,972762E-2 1,644285E-1
5,839167E0 2,968198E-2 1,653505E-1
5,880875E0 2,967319E-2 1,663391E-1
5,922583E0 2,966281E-2 1,673244E-1
5,964292E0 2,967522E-2 1,683644E-1
6,006000E0 2,963881E-2 1,694539E-1
6,047708E0 2,965921E-2 1,704305E-1
6,089417E0 2,965783E-2 1,713591E-1
6,131125E0 2,965511E-2 1,722466E-1
6,172833E0 2,967261E-2 1,730796E-1
6,214542E0 2,970302E-2 1,739568E-1
6,256250E0 2,970242E-2 1,749931E-1
6,297958E0 2,976835E-2 1,760615E-1
6,339667E0 2,979105E-2 1,772422E-1
6,381375E0 2,985218E-2 1,781356E-1
6,423083E0 2,991159E-2 1,790146E-1
6,464792E0 2,999903E-2 1,799916E-1
6,506500E0 3,002499E-2 1,811099E-1
6,548208E0 3,010904E-2 1,823638E-1
6,589917E0 3,018866E-2 1,836181E-1
6,631625E0 3,027172E-2 1,847661E-1
6,673333E0 3,032462E-2 1,858536E-1
6,715042E0 3,042639E-2 1,869512E-1
6,756750E0 3,047217E-2 1,878029E-1
6,798458E0 3,054326E-2 1,885768E-1
6,840167E0 3,062645E-2 1,893208E-1
6,881875E0 3,069589E-2 1,901620E-1
6,923583E0 3,077796E-2 1,908723E-1
6,965292E0 3,087632E-2 1,916127E-1
7,007000E0 3,091646E-2 1,923647E-1
7,048708E0 3,098203E-2 1,933391E-1
7,090417E0 3,108457E-2 1,941720E-1
7,132125E0 3,115892E-2 1,950035E-1
7,173833E0 3,127524E-2 1,958575E-1
7,215542E0 3,138416E-2 1,966592E-1
7,257250E0 3,144814E-2 1,975816E-1
7,298958E0 3,153634E-2 1,987535E-1
7,340667E0 3,164348E-2 1,998651E-1
7,382375E0 3,173775E-2 2,009315E-1
7,424083E0 3,176395E-2 2,019051E-1
7,465792E0 3,180672E-2 2,027856E-1
7,507500E0 3,185722E-2 2,038002E-1
7,549208E0 3,197732E-2 2,046937E-1
7,590917E0 3,198251E-2 2,057027E-1
7,632625E0 3,205786E-2 2,067277E-1
7,674333E0 3,203614E-2 2,078533E-1
7,716042E0 3,204000E-2 2,089587E-1
7,757750E0 3,204677E-2 2,101076E-1
7,799458E0 3,204502E-2 2,112601E-1
7,841167E0 3,203513E-2 2,124212E-1
7,882875E0 3,202697E-2 2,135433E-1
7,924583E0 3,202951E-2 2,146156E-1
7,966292E0 3,195711E-2 2,156695E-1
8,008000E0 3,193259E-2 2,165712E-1
8,049708E0 3,193050E-2 2,174946E-1
8,091417E0 3,190180E-2 2,185474E-1
8,133125E0 3,186108E-2 2,196855E-1
8,174833E0 3,181752E-2 2,208636E-1
8,216542E0 3,176630E-2 2,219576E-1
8,258250E0 3,167236E-2 2,231118E-1
8,299958E0 3,160688E-2 2,242339E-1
8,341667E0 3,153255E-2 2,252147E-1
8,383375E0 3,145322E-2 2,259853E-1
8,425083E0 3,132856E-2 2,269283E-1
8,466792E0 3,124321E-2 2,278931E-1
8,508500E0 3,112602E-2 2,287405E-1
8,550208E0 3,103555E-2 2,298178E-1
8,591917E0 3,090650E-2 2,307647E-1
8,633625E0 3,077237E-2 2,317863E-1
8,675333E0 3,064322E-2 2,326325E-1
8,717042E0 3,048836E-2 2,336137E-1
8,758750E0 3,034443E-2 2,344621E-1
8,800458E0 3,018869E-2 2,354925E-1
8,842167E0 3,008733E-2 2,365194E-1
8,883875E0 2,995852E-2 2,374516E-1
8,925583E0 2,982387E-2 2,385340E-1
8,967292E0 2,967050E-2 2,394951E-1
9,009000E0 2,955128E-2 2,405732E-1
9,050708E0 2,939594E-2 2,414948E-1
9,092417E0 2,927170E-2 2,425784E-1
9,134125E0 2,910873E-2 2,435548E-1
9,175833E0 2,899245E-2 2,445844E-1
9,217542E0 2,880452E-2 2,453967E-1
9,259250E0 2,867383E-2 2,462012E-1
9,300958E0 2,853647E-2 2,468443E-1
9,342667E0 2,846530E-2 2,477778E-1
9,384375E0 2,835009E-2 2,490220E-1
9,426083E0 2,821457E-2 2,502446E-1
9,467792E0 2,812743E-2 2,515370E-1
9,509500E0 2,801990E-2 2,525270E-1
9,551208E0 2,789357E-2 2,534453E-1
9,592917E0 2,778672E-2 2,543245E-1
9,634625E0 2,770550E-2 2,551620E-1
9,676333E0 2,760501E-2 2,562922E-1
9,718042E0 2,751649E-2 2,575572E-1
9,759750E0 2,745269E-2 2,586582E-1
9,801458E0 2,735951E-2 2,597951E-1
9,843167E0 2,726664E-2 2,608251E-1
9,884875E0 2,720902E-2 2,617082E-1
9,926583E0 2,723952E-2 2,626230E-1
9,968292E0 2,717618E-2 2,636103E-1
1,001000E1 2,718929E-2 2,644708E-1
1,005171E1 2,712089E-2 2,651361E-1
1,009342E1 2,711156E-2 2,658779E-1
1,013513E1 2,705656E-2 2,666608E-1
1,017683E1 2,706926E-2 2,674380E-1
1,021854E1 2,708234E-2 2,682790E-1
1,026025E1 2,708261E-2 2,691979E-1
1,030196E1 2,714565E-2 2,701763E-1
1,034367E1 2,713425E-2 2,710899E-1
1,038537E1 2,719992E-2 2,720382E-1
1,042708E1 2,728821E-2 2,728936E-1
1,046879E1 2,734556E-2 2,738300E-1
1,051050E1 2,740498E-2 2,749223E-1
1,055221E1 2,748477E-2 2,761263E-1
1,059392E1 2,759105E-2 2,770623E-1
1,063562E1 2,766187E-2 2,779731E-1
1,067733E1 2,777236E-2 2,790299E-1
1,071904E1 2,786382E-2 2,800462E-1
1,076075E1 2,794878E-2 2,811089E-1
1,080246E1 2,803920E-2 2,823526E-1
1,084417E1 2,819476E-2 2,833498E-1
1,088588E1 2,825253E-2 2,843707E-1
1,092758E1 2,833755E-2 2,854829E-1
1,096929E1 2,847886E-2 2,865258E-1
1,101100E1 2,859373E-2 2,876706E-1
1,105271E1 2,867860E-2 2,890885E-1
1,109442E1 2,878910E-2 2,901367E-1
1,113612E1 2,886913E-2 2,911310E-1
1,117783E1 2,892857E-2 2,921721E-1
1,121954E1 2,903344E-2 2,929988E-1
1,126125E1 2,909935E-2 2,939504E-1
1,130296E1 2,916406E-2 2,950992E-1
1,134467E1 2,923625E-2 2,965502E-1
1,138637E1 2,930086E-2 2,977681E-1
1,142808E1 2,937347E-2 2,988165E-1
1,146979E1 2,936609E-2 2,997672E-1
1,151150E1 2,940114E-2 3,006333E-1
1,155321E1 2,942010E-2 3,014852E-1
1,159492E1 2,944068E-2 3,023866E-1
1,163663E1 2,943293E-2 3,032341E-1
1,167833E1 2,942544E-2 3,041160E-1
1,172004E1 2,940087E-2 3,050280E-1
1,176175E1 2,941293E-2 3,060513E-1
1,180346E1 2,942432E-2 3,071105E-1
1,184517E1 2,935264E-2 3,082029E-1
1,188687E1 2,936826E-2 3,092440E-1
1,192858E1 2,927801E-2 3,102994E-1
1,197029E1 2,929409E-2 3,111849E-1
1,201200E1 2,922457E-2 3,121786E-1
1,205371E1 2,917406E-2 3,129530E-1
1,209542E1 2,905366E-2 3,139947E-1
1,213712E1 2,900957E-2 3,150058E-1
1,217883E1 2,892330E-2 3,160081E-1
1,222054E1 2,880189E-2 3,168530E-1
1,226225E1 2,874059E-2 3,178991E-1
1,230396E1 2,859117E-2 3,188752E-1
1,234567E1 2,847349E-2 3,200626E-1
1,238738E1 2,835871E-2 3,212309E-1
1,242908E1 2,821951E-2 3,220522E-1
1,247079E1 2,808513E-2 3,229969E-1
1,251250E1 2,797187E-2 3,237321E-1
1,255421E1 2,779392E-2 3,248344E-1
1,259592E1 2,765690E-2 3,259453E-1
1,263762E1 2,755146E-2 3,272434E-1
1,267933E1 2,736477E-2 3,282191E-1
1,272104E1 2,716842E-2 3,291593E-1
1,276275E1 2,705261E-2 3,299191E-1
1,280446E1 2,687673E-2 3,309050E-1
1,284617E1 2,674335E-2 3,319777E-1
1,288787E1 2,663130E-2 3,333102E-1
1,292958E1 2,647780E-2 3,345135E-1
1,297129E1 2,624556E-2 3,355277E-1
1,301300E1 2,611104E-2 3,365459E-1
1,305471E1 2,594836E-2 3,374080E-1
1,309642E1 2,573682E-2 3,384821E-1
1,313813E1 2,558426E-2 3,393969E-1
1,317983E1 2,545834E-2 3,404906E-1
1,322154E1 2,531067E-2 3,413509E-1
1,326325E1 2,519396E-2 3,421666E-1
1,330496E1 2,505228E-2 3,426843E-1
1,334667E1 2,494624E-2 3,433283E-1
1,338837E1 2,489965E-2 3,440798E-1
1,343008E1 2,481951E-2 3,449812E-1
1,347179E1 2,471519E-2 3,461543E-1
1,351350E1 2,462912E-2 3,472496E-1
1,355521E1 2,460982E-2 3,482420E-1
1,359692E1 2,459198E-2 3,491387E-1
1,363862E1 2,454826E-2 3,501066E-1
1,368033E1 2,455450E-2 3,511794E-1
1,372204E1 2,448917E-2 3,521785E-1
1,376375E1 2,446117E-2 3,533276E-1
1,380546E1 2,444404E-2 3,544335E-1
1,384717E1 2,445729E-2 3,554774E-1
1,388888E1 2,441993E-2 3,565212E-1
1,393058E1 2,444976E-2 3,575492E-1
1,397229E1 2,446320E-2 3,586600E-1
1,401400E1 2,452243E-2 3,597812E-1
1,405571E1 2,447959E-2 3,608497E-1
1,409742E1 2,448897E-2 3,620053E-1
1,413912E1 2,455553E-2 3,632061E-1
1,418083E1 2,462499E-2 3,642802E-1
1,422254E1 2,466660E-2 3,654119E-1
1,426425E1 2,474317E-2 3,665096E-1
1,430596E1 2,480654E-2 3,676371E-1
1,434767E1 2,485942E-2 3,688951E-1
1,438937E1 2,491209E-2 3,698693E-1
1,443108E1 2,501302E-2 3,706930E-1
1,447279E1 2,505118E-2 3,716207E-1
1,451450E1 2,513772E-2 3,727904E-1
1,455621E1 2,528655E-2 3,737971E-1
1,459792E1 2,537225E-2 3,749187E-1
1,463963E1 2,538614E-2 3,759291E-1
1,468133E1 2,549512E-2 3,769927E-1
1,472304E1 2,558083E-2 3,779250E-1
1,476475E1 2,561355E-2 3,788922E-1
1,480646E1 2,572671E-2 3,799849E-1
1,484817E1 2,581627E-2 3,808968E-1
1,488987E1 2,586807E-2 3,818063E-1
1,493158E1 2,592404E-2 3,826689E-1
1,497329E1 2,600655E-2 3,838331E-1
1,501500E1 2,612462E-2 3,848297E-1
1,505671E1 2,614533E-2 3,857733E-1
1,509842E1 2,621598E-2 3,865966E-1
1,514012E1 2,621850E-2 3,874369E-1
1,518183E1 2,622310E-2 3,883095E-1
1,522354E1 2,620808E-2 3,892981E-1
1,526525E1 2,624413E-2 3,904048E-1
1,530696E1 2,624255E-2 3,915565E-1
1,534867E1 2,624258E-2 3,926722E-1
1,539038E1 2,622281E-2 3,935732E-1
1,543208E1 2,617057E-2 3,945163E-1
1,547379E1 2,609359E-2 3,955573E-1
1,551550E1 2,613178E-2 3,965544E-1
1,555721E1 2,612193E-2 3,975991E-1
1,559892E1 2,606437E-2 3,986126E-1
1,564062E1 2,600859E-2 3,995103E-1
1,568233E1 2,589638E-2 4,001804E-1
1,572404E1 2,586513E-2 4,011674E-1
1,576575E1 2,577992E-2 4,021736E-1
1,580746E1 2,572676E-2 4,032296E-1
1,584917E1 2,558039E-2 4,042390E-1
1,589087E1 2,550525E-2 4,053615E-1
1,593258E1 2,535013E-2 4,062824E-1
1,597429E1 2,524281E-2 4,073257E-1
1,601600E1 2,510695E-2 4,082389E-1
1,605771E1 2,492849E-2 4,094384E-1
1,609942E1 2,475408E-2 4,105933E-1
1,614113E1 2,465420E-2 4,119402E-1
1,618283E1 2,450546E-2 4,130537E-1
1,622454E1 2,436084E-2 4,142230E-1
1,626625E1 2,410155E-2 4,151672E-1
1,630796E1 2,387161E-2 4,160755E-1
1,634967E1 2,372552E-2 4,171382E-1
1,639138E1 2,346378E-2 4,182068E-1
1,643308E1 2,330690E-2 4,189484E-1
1,647479E1 2,309714E-2 4,199841E-1
1,651650E1 2,291346E-2 4,211294E-1
1,655821E1 2,274948E-2 4,218387E-1
1,659992E1 2,251660E-2 4,229096E-1
1,664163E1 2,238704E-2 4,240940E-1
1,668333E1 2,216651E-2 4,251430E-1
1,672504E1 2,200155E-2 4,264607E-1
1,676675E1 2,177202E-2 4,275241E-1
1,680846E1 2,161365E-2 4,285121E-1
1,685017E1 2,141235E-2 4,298585E-1
1,689187E1 2,126332E-2 4,310461E-1
1,693358E1 2,119007E-2 4,323904E-1
1,697529E1 2,106484E-2 4,336128E-1
1,701700E1 2,092559E-2 4,344837E-1
1,705871E1 2,084629E-2 4,356297E-1
1,710042E1 2,072123E-2 4,364831E-1
1,714213E1 2,067105E-2 4,375334E-1
1,718383E1 2,062533E-2 4,386814E-1
1,722554E1 2,055393E-2 4,397003E-1
1,726725E1 2,056436E-2 4,407252E-1
1,730896E1 2,057066E-2 4,418903E-1
1,735067E1 2,057768E-2 4,430468E-1
1,739238E1 2,058244E-2 4,439896E-1
1,743408E1 2,055475E-2 4,446965E-1
1,747579E1 2,064978E-2 4,454292E-1
1,751750E1 2,062436E-2 4,464572E-1
1,755921E1 2,072700E-2 4,474007E-1
1,760092E1 2,080454E-2 4,486081E-1
1,764262E1 2,089227E-2 4,497151E-1
1,768433E1 2,096688E-2 4,506885E-1
1,772604E1 2,106034E-2 4,516720E-1
1,776775E1 2,121750E-2 4,524437E-1
1,780946E1 2,143596E-2 4,534703E-1
1,785117E1 2,154727E-2 4,544261E-1
1,789288E1 2,174192E-2 4,556779E-1
1,793458E1 2,197180E-2 4,567699E-1
1,797629E1 2,216605E-2 4,575768E-1
1,801800E1 2,231552E-2 4,585884E-1
1,805971E1 2,258860E-2 4,596057E-1
1,810142E1 2,272363E-2 4,606314E-1
1,814313E1 2,293167E-2 4,617398E-1
1,818483E1 2,315153E-2 4,628104E-1
1,822654E1 2,329167E-2 4,637902E-1
1,826825E1 2,351569E-2 4,648197E-1
1,830996E1 2,366247E-2 4,654852E-1
