 masa A  
t x y 
0,000000E0 3,192780E-2 2,075307E-2
4,170833E-2 3,190208E-2 2,953063E-2
8,341667E-2 3,168822E-2 3,705970E-2
1,251250E-1 3,133585E-2 4,318135E-2
1,668333E-1 3,124790E-2 4,807590E-2
2,085417E-1 3,134477E-2 5,346643E-2
2,502500E-1 3,156749E-2 5,960095E-2
2,919583E-1 3,208385E-2 6,626507E-2
3,336667E-1 3,287898E-2 7,305155E-2
3,753750E-1 3,399898E-2 7,998314E-2
4,170833E-1 3,533492E-2 8,679369E-2
4,587917E-1 3,676005E-2 9,268782E-2
5,005000E-1 3,828574E-2 9,801085E-2
5,422083E-1 3,987246E-2 1,032988E-1
5,839167E-1 4,131282E-2 1,088855E-1
6,256250E-1 4,196455E-2 1,150694E-1
6,673333E-1 4,377539E-2 1,223128E-1
7,090417E-1 4,299932E-2 1,290388E-1
7,507500E-1 4,248193E-2 1,342127E-1
7,924583E-1 4,092978E-2 1,414560E-1
8,341667E-1 3,911893E-2 1,502516E-1
8,758750E-1 3,782547E-2 1,551667E-1
9,175833E-1 3,575593E-2 1,590471E-1
9,592917E-1 3,446247E-2 1,639623E-1
1,001000E0 3,394509E-2 1,709470E-1
1,042708E0 3,342770E-2 1,784490E-1
1,084417E0 3,441458E-2 1,844173E-1
1,126125E0 3,446247E-2 1,893141E-1
1,167833E0 3,526573E-2 1,975548E-1
1,209542E0 3,588381E-2 2,040388E-1
1,251250E0 3,634733E-2 2,103596E-1
1,292958E0 3,670454E-2 2,162834E-1
1,334667E0 3,682095E-2 2,220835E-1
1,376375E0 3,679961E-2 2,275338E-1
1,418083E0 3,656709E-2 2,331468E-1
1,459792E0 3,618237E-2 2,395370E-1
1,501500E0 3,558404E-2 2,461235E-1
1,543208E0 3,491051E-2 2,523394E-1
1,584917E0 3,424431E-2 2,581840E-1
1,626625E0 3,362753E-2 2,640047E-1
1,668333E0 3,309732E-2 2,697858E-1
1,710042E0 3,274467E-2 2,753565E-1
1,751750E0 3,261363E-2 2,811566E-1
1,793458E0 3,262886E-2 2,872736E-1
1,835167E0 3,284022E-2 2,936754E-1
1,876875E0 3,315905E-2 3,003608E-1
1,918583E0 3,360718E-2 3,069863E-1
1,960292E0 3,405078E-2 3,138958E-1
2,002000E0 3,431534E-2 3,204493E-1
2,043708E0 3,439326E-2 3,266937E-1
2,085417E0 3,425839E-2 3,324874E-1
2,127125E0 3,394703E-2 3,381155E-1
2,168833E0 3,355730E-2 3,439195E-1
2,210542E0 3,300170E-2 3,502265E-1
2,252250E0 3,239905E-2 3,568205E-1
2,293958E0 3,187881E-2 3,629194E-1
2,335667E0 3,153205E-2 3,688527E-1
2,377375E0 3,153856E-2 3,748762E-1
2,419083E0 3,187352E-2 3,817108E-1
2,460792E0 3,247141E-2 3,884789E-1
2,502500E0 3,325856E-2 3,945727E-1
2,544208E0 3,418466E-2 4,005364E-1
2,585917E0 3,492116E-2 4,060330E-1
2,627625E0 3,523855E-2 4,115308E-1
2,669333E0 3,548578E-2 4,197451E-1
2,711042E0 3,495360E-2 4,273401E-1
2,752750E0 3,425887E-2 4,329376E-1
2,794458E0 3,291032E-2 4,371413E-1
2,836167E0 3,168465E-2 4,448385E-1
2,877875E0 3,006877E-2 4,510729E-1
2,919583E0 2,890059E-2 4,539563E-1
2,961292E0 2,825385E-2 4,562846E-1
3,003000E0 2,825385E-2 4,599063E-1
