 masa A  
t x y 
0,000000E0 4,082514E-2 5,451828E-2
4,170833E-2 4,108410E-2 6,075176E-2
8,341667E-2 4,041391E-2 6,664973E-2
1,251250E-1 3,897458E-2 7,240703E-2
1,668333E-1 3,671279E-2 7,590253E-2
2,085417E-1 3,054425E-2 7,939803E-2
2,502500E-1 2,684313E-2 8,721151E-2
2,919583E-1 2,174955E-2 9,469981E-2
3,336667E-1 1,873072E-2 1,013136E-1
3,753750E-1 1,804610E-2 1,083793E-1
4,170833E-1 1,960039E-2 1,141924E-1
4,587917E-1 2,226482E-2 1,188803E-1
5,005000E-1 2,568670E-2 1,255988E-1
5,422083E-1 2,890653E-2 1,337185E-1
5,839167E-1 3,110609E-2 1,418075E-1
6,256250E-1 3,178481E-2 1,488215E-1
6,673333E-1 3,087579E-2 1,546138E-1
7,090417E-1 2,860135E-2 1,598146E-1
7,507500E-1 2,531158E-2 1,645651E-1
7,924583E-1 2,187492E-2 1,688746E-1
8,341667E-1 1,814425E-2 1,737634E-1
8,758750E-1 1,502169E-2 1,796694E-1
9,175833E-1 1,342319E-2 1,870672E-1
9,592917E-1 1,421786E-2 1,960049E-1
1,001000E0 1,649503E-2 2,029828E-1
1,042708E0 1,950033E-2 2,086720E-1
1,084417E0 2,310694E-2 2,137034E-1
1,126125E0 2,665473E-2 2,193452E-1
1,167833E0 2,981231E-2 2,261647E-1
1,209542E0 3,214806E-2 2,336278E-1
1,251250E0 3,308661E-2 2,406970E-1
1,292958E0 3,253523E-2 2,469002E-1
1,334667E0 3,067880E-2 2,520013E-1
1,376375E0 2,779823E-2 2,567162E-1
1,418083E0 2,413253E-2 2,615029E-1
1,459792E0 2,054409E-2 2,662066E-1
1,501500E0 1,681254E-2 2,714757E-1
1,543208E0 1,183303E-2 2,784361E-1
1,584917E0 1,183303E-2 2,848102E-1
1,626625E0 1,183303E-2 2,928293E-1
1,668333E0 1,418049E-2 3,019513E-1
1,710042E0 1,729041E-2 3,080197E-1
1,751750E0 2,090460E-2 3,149720E-1
1,793458E0 2,417729E-2 3,207331E-1
1,835167E0 2,676372E-2 3,264658E-1
1,876875E0 2,846630E-2 3,323729E-1
1,918583E0 2,876305E-2 3,391314E-1
1,960292E0 2,798438E-2 3,460007E-1
2,002000E0 2,624396E-2 3,521501E-1
2,043708E0 2,408657E-2 3,575753E-1
2,085417E0 2,185463E-2 3,631212E-1
2,127125E0 1,991085E-2 3,696521E-1
2,168833E0 1,855174E-2 3,767137E-1
2,210542E0 1,795710E-2 3,836107E-1
2,252250E0 1,828466E-2 3,902450E-1
2,293958E0 1,931959E-2 3,964107E-1
2,335667E0 2,102360E-2 4,021339E-1
2,377375E0 2,325578E-2 4,081020E-1
2,419083E0 2,588029E-2 4,153482E-1
2,460792E0 2,858594E-2 4,218835E-1
2,502500E0 3,061963E-2 4,269776E-1
2,544208E0 3,259049E-2 4,346293E-1
2,585917E0 3,377313E-2 4,394414E-1
2,627625E0 3,402601E-2 4,449283E-1
2,669333E0 3,346173E-2 4,503583E-1
2,711042E0 3,222847E-2 4,563969E-1
2,752750E0 3,021846E-2 4,616261E-1
2,794458E0 2,756116E-2 4,692905E-1
2,836167E0 2,496579E-2 4,751634E-1
