 masa A  
t x y 
4,170833E-2 3,311533E-2 3,297009E-2
8,341667E-2 3,318914E-2 3,644241E-2
1,251250E-1 3,326938E-2 4,263454E-2
1,668333E-1 3,341571E-2 5,111519E-2
2,085417E-1 3,344582E-2 5,949547E-2
2,502500E-1 3,350987E-2 6,633577E-2
2,919583E-1 3,361328E-2 7,137510E-2
3,336667E-1 3,383534E-2 7,573132E-2
3,753750E-1 3,406741E-2 8,081356E-2
4,170833E-1 3,438744E-2 8,738311E-2
4,587917E-1 3,467188E-2 9,483979E-2
5,005000E-1 3,503623E-2 1,029441E-1
5,422083E-1 3,532569E-2 1,100768E-1
5,839167E-1 3,541698E-2 1,160852E-1
6,256250E-1 3,542166E-2 1,214488E-1
6,673333E-1 3,528627E-2 1,273014E-1
7,090417E-1 3,487660E-2 1,338171E-1
7,507500E-1 3,423036E-2 1,403684E-1
7,924583E-1 3,331697E-2 1,464200E-1
8,341667E-1 3,216399E-2 1,518401E-1
8,758750E-1 3,058504E-2 1,574606E-1
9,175833E-1 2,881862E-2 1,632021E-1
9,592917E-1 2,672150E-2 1,695577E-1
1,001000E0 2,450542E-2 1,759226E-1
1,042708E0 2,240428E-2 1,815439E-1
1,084417E0 2,082627E-2 1,872269E-1
1,126125E0 1,977698E-2 1,935847E-1
1,167833E0 1,957085E-2 2,006340E-1
1,209542E0 2,022019E-2 2,079014E-1
1,251250E0 2,177354E-2 2,145633E-1
1,292958E0 2,394624E-2 2,202800E-1
1,334667E0 2,649086E-2 2,255369E-1
1,376375E0 2,920817E-2 2,308739E-1
1,418083E0 3,206934E-2 2,365129E-1
1,459792E0 3,484197E-2 2,432118E-1
1,501500E0 3,715720E-2 2,496372E-1
1,543208E0 3,886327E-2 2,558335E-1
1,584917E0 3,981989E-2 2,621467E-1
1,626625E0 3,984768E-2 2,683323E-1
1,668333E0 3,916167E-2 2,739816E-1
1,710042E0 3,780630E-2 2,797708E-1
1,751750E0 3,606147E-2 2,855747E-1
1,793458E0 3,398809E-2 2,917180E-1
1,835167E0 3,186263E-2 2,979143E-1
1,876875E0 2,992863E-2 3,044694E-1
1,918583E0 2,847314E-2 3,116079E-1
1,960292E0 2,763769E-2 3,182707E-1
2,002000E0 2,748325E-2 3,238256E-1
2,043708E0 2,804726E-2 3,294636E-1
2,085417E0 2,926864E-2 3,356660E-1
2,127125E0 3,096216E-2 3,424646E-1
2,168833E0 3,300799E-2 3,491429E-1
2,210542E0 3,501855E-2 3,551144E-1
2,252250E0 3,656731E-2 3,607476E-1
2,293958E0 3,744119E-2 3,664018E-1
2,335667E0 3,742415E-2 3,728413E-1
2,377375E0 3,653535E-2 3,799310E-1
2,419083E0 3,482557E-2 3,866580E-1
2,460792E0 3,286823E-2 3,921376E-1
2,502500E0 3,101428E-2 3,973640E-1
2,544208E0 2,935919E-2 4,044942E-1
2,585917E0 2,836030E-2 4,116343E-1
2,627625E0 2,825166E-2 4,179212E-1
2,669333E0 2,903831E-2 4,239030E-1
2,711042E0 3,043207E-2 4,314222E-1
2,752750E0 3,265826E-2 4,374799E-1
2,794458E0 3,426823E-2 4,444776E-1
