 masa A  
t x y 
2,085417E-1 3,425360E-2 2,365262E-2
2,502500E-1 3,429474E-2 2,434467E-2
2,919583E-1 3,428143E-2 2,470585E-2
3,336667E-1 3,421914E-2 2,528222E-2
3,753750E-1 3,427044E-2 2,558190E-2
4,170833E-1 3,440481E-2 2,599828E-2
4,587917E-1 3,432194E-2 2,614819E-2
5,005000E-1 3,433237E-2 2,606295E-2
5,422083E-1 3,426249E-2 2,614563E-2
5,839167E-1 3,434943E-2 2,636117E-2
6,256250E-1 3,438356E-2 2,708300E-2
6,673333E-1 3,431284E-2 2,784932E-2
7,090417E-1 3,431159E-2 2,872426E-2
7,507500E-1 3,428583E-2 2,936539E-2
7,924583E-1 3,420352E-2 3,010731E-2
8,341667E-1 3,425529E-2 3,071970E-2
8,758750E-1 3,433632E-2 3,119437E-2
9,175833E-1 3,432480E-2 3,194111E-2
9,592917E-1 3,435109E-2 3,240001E-2
1,001000E0 3,432867E-2 3,327147E-2
1,042708E0 3,426304E-2 3,397006E-2
1,084417E0 3,422513E-2 3,467928E-2
1,126125E0 3,411342E-2 3,535592E-2
1,167833E0 3,396542E-2 3,601388E-2
1,209542E0 3,397990E-2 3,660800E-2
1,251250E0 3,397125E-2 3,720643E-2
1,292958E0 3,395142E-2 3,786634E-2
1,334667E0 3,379126E-2 3,846307E-2
1,376375E0 3,387766E-2 3,945238E-2
1,418083E0 3,413760E-2 4,116477E-2
1,459792E0 3,405982E-2 4,211160E-2
1,501500E0 3,405961E-2 4,295806E-2
1,543208E0 3,406360E-2 4,391795E-2
1,584917E0 3,397169E-2 4,484037E-2
1,626625E0 3,400335E-2 4,578123E-2
1,668333E0 3,397542E-2 4,702011E-2
1,710042E0 3,387270E-2 4,815207E-2
1,751750E0 3,401298E-2 4,912454E-2
1,793458E0 3,396615E-2 5,006120E-2
1,835167E0 3,397828E-2 5,111958E-2
1,876875E0 3,396686E-2 5,255317E-2
1,918583E0 3,397770E-2 5,380155E-2
1,960292E0 3,394020E-2 5,491364E-2
2,002000E0 3,396317E-2 5,593395E-2
2,043708E0 3,398342E-2 5,717917E-2
2,085417E0 3,406771E-2 5,834779E-2
2,127125E0 3,404657E-2 5,960286E-2
2,168833E0 3,405018E-2 6,075749E-2
2,210542E0 3,400337E-2 6,191074E-2
2,252250E0 3,394997E-2 6,313905E-2
2,293958E0 3,397553E-2 6,453006E-2
2,335667E0 3,389580E-2 6,571720E-2
2,377375E0 3,391267E-2 6,690484E-2
2,419083E0 3,392705E-2 6,819227E-2
2,460792E0 3,390435E-2 6,935208E-2
2,502500E0 3,382851E-2 7,072397E-2
2,544208E0 3,389872E-2 7,206881E-2
2,585917E0 3,397816E-2 7,322570E-2
2,627625E0 3,395546E-2 7,436771E-2
2,669333E0 3,388533E-2 7,590827E-2
2,711042E0 3,379585E-2 7,740069E-2
2,752750E0 3,381683E-2 7,857507E-2
2,794458E0 3,374632E-2 7,986502E-2
2,836167E0 3,372902E-2 8,117590E-2
2,877875E0 3,376967E-2 8,255176E-2
2,919583E0 3,377783E-2 8,366407E-2
2,961292E0 3,378663E-2 8,479566E-2
3,003000E0 3,382030E-2 8,578733E-2
3,044708E0 3,377498E-2 8,681741E-2
3,086417E0 3,375512E-2 8,776448E-2
3,128125E0 3,387690E-2 8,868063E-2
3,169833E0 3,381824E-2 8,967305E-2
3,211542E0 3,378248E-2 9,082954E-2
3,253250E0 3,373725E-2 9,178970E-2
3,294958E0 3,369435E-2 9,284344E-2
3,336667E0 3,373729E-2 9,388976E-2
3,378375E0 3,373977E-2 9,489856E-2
3,420083E0 3,373599E-2 9,599771E-2
3,461792E0 3,375220E-2 9,706013E-2
3,503500E0 3,370108E-2 9,820914E-2
3,545208E0 3,367792E-2 9,929230E-2
3,586917E0 3,370324E-2 1,003724E-1
3,628625E0 3,373479E-2 1,013315E-1
3,670333E0 3,370505E-2 1,023885E-1
3,712042E0 3,375210E-2 1,032635E-1
3,753750E0 3,376762E-2 1,042920E-1
3,795458E0 3,380650E-2 1,051320E-1
3,837167E0 3,379820E-2 1,060388E-1
3,878875E0 3,377144E-2 1,069668E-1
3,920583E0 3,375510E-2 1,079885E-1
3,962292E0 3,378907E-2 1,090098E-1
4,004000E0 3,379570E-2 1,101460E-1
4,045708E0 3,375565E-2 1,113792E-1
4,087417E0 3,378609E-2 1,123845E-1
4,129125E0 3,368102E-2 1,133538E-1
4,170833E0 3,375934E-2 1,143962E-1
4,212542E0 3,367444E-2 1,152123E-1
4,254250E0 3,371114E-2 1,162099E-1
4,295958E0 3,364591E-2 1,171635E-1
4,337667E0 3,370107E-2 1,181968E-1
4,379375E0 3,363699E-2 1,193133E-1
4,421083E0 3,372324E-2 1,202041E-1
4,462792E0 3,367390E-2 1,210496E-1
4,504500E0 3,371890E-2 1,218919E-1
4,546208E0 3,373210E-2 1,226893E-1
4,587917E0 3,375776E-2 1,235609E-1
4,629625E0 3,375028E-2 1,244907E-1
4,671333E0 3,366667E-2 1,253910E-1
4,713042E0 3,368909E-2 1,264800E-1
4,754750E0 3,379107E-2 1,275135E-1
4,796458E0 3,378472E-2 1,284007E-1
4,838167E0 3,375162E-2 1,294698E-1
4,879875E0 3,376526E-2 1,304003E-1
4,921583E0 3,380712E-2 1,314086E-1
4,963292E0 3,382767E-2 1,323735E-1
5,005000E0 3,385701E-2 1,333100E-1
5,046708E0 3,380774E-2 1,342622E-1
5,088417E0 3,380347E-2 1,350488E-1
5,130125E0 3,388722E-2 1,359481E-1
5,171833E0 3,379890E-2 1,367035E-1
5,213542E0 3,386944E-2 1,377419E-1
5,255250E0 3,388737E-2 1,386581E-1
5,296958E0 3,397152E-2 1,396565E-1
5,338667E0 3,396721E-2 1,405898E-1
5,380375E0 3,393781E-2 1,414950E-1
5,422083E0 3,384099E-2 1,425373E-1
5,463792E0 3,384000E-2 1,437119E-1
5,505500E0 3,375619E-2 1,447588E-1
5,547208E0 3,372189E-2 1,458620E-1
5,588917E0 3,365401E-2 1,469202E-1
5,630625E0 3,375406E-2 1,479989E-1
5,672333E0 3,374932E-2 1,490964E-1
5,714042E0 3,378186E-2 1,500007E-1
5,755750E0 3,377817E-2 1,510502E-1
5,797458E0 3,375349E-2 1,521940E-1
5,839167E0 3,375519E-2 1,532337E-1
5,880875E0 3,366766E-2 1,543442E-1
5,922583E0 3,366134E-2 1,553526E-1
5,964292E0 3,365126E-2 1,563863E-1
6,006000E0 3,367245E-2 1,572535E-1
6,047708E0 3,360311E-2 1,580200E-1
6,089417E0 3,361380E-2 1,589244E-1
6,131125E0 3,363816E-2 1,596320E-1
6,172833E0 3,367895E-2 1,606676E-1
6,214542E0 3,362912E-2 1,614022E-1
6,256250E0 3,367200E-2 1,623363E-1
6,297958E0 3,362549E-2 1,630798E-1
6,339667E0 3,362499E-2 1,640060E-1
6,381375E0 3,366997E-2 1,649549E-1
6,423083E0 3,365597E-2 1,659451E-1
6,464792E0 3,371868E-2 1,669461E-1
6,506500E0 3,368323E-2 1,679616E-1
6,548208E0 3,360331E-2 1,690353E-1
6,589917E0 3,358900E-2 1,700012E-1
6,631625E0 3,355292E-2 1,711791E-1
6,673333E0 3,348602E-2 1,721212E-1
6,715042E0 3,351107E-2 1,730091E-1
6,756750E0 3,355332E-2 1,740892E-1
6,798458E0 3,354359E-2 1,750534E-1
6,840167E0 3,361256E-2 1,759331E-1
6,881875E0 3,360181E-2 1,769841E-1
6,923583E0 3,357875E-2 1,779639E-1
6,965292E0 3,355192E-2 1,790158E-1
7,007000E0 3,356466E-2 1,799013E-1
7,048708E0 3,354319E-2 1,810510E-1
7,090417E0 3,354332E-2 1,820386E-1
7,132125E0 3,356127E-2 1,832977E-1
7,173833E0 3,360843E-2 1,844094E-1
7,215542E0 3,356690E-2 1,853354E-1
7,257250E0 3,355653E-2 1,863612E-1
7,298958E0 3,361460E-2 1,873149E-1
7,340667E0 3,355517E-2 1,883588E-1
7,382375E0 3,348525E-2 1,893573E-1
7,424083E0 3,355946E-2 1,902732E-1
7,465792E0 3,353283E-2 1,913432E-1
7,507500E0 3,351342E-2 1,923507E-1
7,549208E0 3,350973E-2 1,932903E-1
7,590917E0 3,349390E-2 1,942197E-1
7,632625E0 3,351509E-2 1,952335E-1
7,674333E0 3,349356E-2 1,960209E-1
7,716042E0 3,347293E-2 1,971016E-1
7,757750E0 3,356528E-2 1,980253E-1
7,799458E0 3,350825E-2 1,991127E-1
7,841167E0 3,347215E-2 2,000379E-1
7,882875E0 3,352888E-2 2,010302E-1
7,924583E0 3,351536E-2 2,020014E-1
7,966292E0 3,355779E-2 2,029048E-1
8,008000E0 3,346657E-2 2,039944E-1
8,049708E0 3,345440E-2 2,047890E-1
8,091417E0 3,345238E-2 2,058931E-1
8,133125E0 3,347432E-2 2,067820E-1
8,174833E0 3,344862E-2 2,078046E-1
8,216542E0 3,342592E-2 2,088392E-1
8,258250E0 3,339266E-2 2,098257E-1
8,299958E0 3,334898E-2 2,108022E-1
8,341667E0 3,345268E-2 2,118415E-1
8,383375E0 3,336769E-2 2,127706E-1
8,425083E0 3,343642E-2 2,137518E-1
8,466792E0 3,336860E-2 2,148391E-1
8,508500E0 3,346314E-2 2,158364E-1
8,550208E0 3,345984E-2 2,168607E-1
8,591917E0 3,343677E-2 2,178478E-1
8,633625E0 3,340339E-2 2,189731E-1
8,675333E0 3,342662E-2 2,200683E-1
8,717042E0 3,345419E-2 2,211224E-1
8,758750E0 3,344792E-2 2,223347E-1
8,800458E0 3,339370E-2 2,234902E-1
8,842167E0 3,346112E-2 2,245614E-1
8,883875E0 3,343127E-2 2,256889E-1
8,925583E0 3,335673E-2 2,266948E-1
8,967292E0 3,333005E-2 2,276631E-1
9,009000E0 3,335257E-2 2,286685E-1
9,050708E0 3,331765E-2 2,297011E-1
9,092417E0 3,334142E-2 2,306359E-1
9,134125E0 3,337322E-2 2,316058E-1
9,175833E0 3,331744E-2 2,324659E-1
9,217542E0 3,338304E-2 2,333434E-1
9,259250E0 3,332773E-2 2,343041E-1
9,300958E0 3,339903E-2 2,353169E-1
9,342667E0 3,343055E-2 2,361468E-1
9,384375E0 3,342574E-2 2,371978E-1
9,426083E0 3,341040E-2 2,381660E-1
9,467792E0 3,341130E-2 2,392477E-1
9,509500E0 3,342110E-2 2,402409E-1
9,551208E0 3,349299E-2 2,412559E-1
9,592917E0 3,351554E-2 2,421738E-1
9,634625E0 3,353567E-2 2,432383E-1
9,676333E0 3,352934E-2 2,442640E-1
9,718042E0 3,349636E-2 2,454204E-1
9,759750E0 3,346581E-2 2,463919E-1
9,801458E0 3,341080E-2 2,475736E-1
9,843167E0 3,339935E-2 2,485929E-1
9,884875E0 3,342723E-2 2,496685E-1
9,926583E0 3,343011E-2 2,505685E-1
9,968292E0 3,335746E-2 2,515879E-1
1,001000E1 3,335160E-2 2,525031E-1
1,005171E1 3,331994E-2 2,536402E-1
1,009342E1 3,334427E-2 2,546614E-1
1,013513E1 3,327303E-2 2,556677E-1
1,017683E1 3,329722E-2 2,565979E-1
1,021854E1 3,334174E-2 2,577123E-1
1,026025E1 3,337779E-2 2,587180E-1
1,030196E1 3,336965E-2 2,597702E-1
1,034367E1 3,336004E-2 2,606568E-1
1,038537E1 3,341609E-2 2,617212E-1
1,042708E1 3,338720E-2 2,626394E-1
1,046879E1 3,341793E-2 2,637222E-1
1,051050E1 3,344834E-2 2,645984E-1
1,055221E1 3,343985E-2 2,655546E-1
1,059392E1 3,350224E-2 2,664403E-1
1,063562E1 3,345439E-2 2,673865E-1
1,067733E1 3,350119E-2 2,684469E-1
1,071904E1 3,355248E-2 2,694078E-1
1,076075E1 3,349946E-2 2,703095E-1
1,080246E1 3,349500E-2 2,712467E-1
1,084417E1 3,347135E-2 2,723809E-1
1,088588E1 3,349463E-2 2,732678E-1
1,092758E1 3,341425E-2 2,742296E-1
1,096929E1 3,343910E-2 2,752769E-1
1,101100E1 3,340694E-2 2,761006E-1
1,105271E1 3,338125E-2 2,771357E-1
1,109442E1 3,337486E-2 2,781416E-1
1,113612E1 3,336991E-2 2,791229E-1
1,117783E1 3,342011E-2 2,800484E-1
1,121954E1 3,342588E-2 2,810673E-1
1,126125E1 3,338148E-2 2,820236E-1
1,130296E1 3,344040E-2 2,828792E-1
1,134467E1 3,341615E-2 2,839939E-1
1,138637E1 3,343287E-2 2,850344E-1
1,142808E1 3,343233E-2 2,861152E-1
1,146979E1 3,339107E-2 2,871028E-1
1,151150E1 3,338906E-2 2,880823E-1
1,155321E1 3,335364E-2 2,890100E-1
1,159492E1 3,333748E-2 2,900747E-1
1,163663E1 3,330823E-2 2,910662E-1
1,167833E1 3,328059E-2 2,922189E-1
1,172004E1 3,334855E-2 2,932920E-1
1,176175E1 3,342186E-2 2,944664E-1
1,180346E1 3,335212E-2 2,955423E-1
1,184517E1 3,329921E-2 2,966036E-1
1,188687E1 3,334295E-2 2,976471E-1
1,192858E1 3,331772E-2 2,987256E-1
1,197029E1 3,324984E-2 2,997846E-1
1,201200E1 3,331510E-2 3,009659E-1
1,205371E1 3,330351E-2 3,018394E-1
1,209542E1 3,340158E-2 3,028944E-1
1,213712E1 3,347998E-2 3,038898E-1
1,217883E1 3,350379E-2 3,047349E-1
1,222054E1 3,344464E-2 3,057164E-1
1,226225E1 3,350303E-2 3,066915E-1
1,230396E1 3,349869E-2 3,076787E-1
1,234567E1 3,355768E-2 3,086522E-1
1,238738E1 3,353090E-2 3,095727E-1
1,242908E1 3,360305E-2 3,103791E-1
1,247079E1 3,349769E-2 3,115224E-1
1,251250E1 3,352656E-2 3,124657E-1
1,255421E1 3,360234E-2 3,135279E-1
1,259592E1 3,356080E-2 3,146063E-1
1,263762E1 3,359299E-2 3,156338E-1
1,267933E1 3,360937E-2 3,167101E-1
1,272104E1 3,359312E-2 3,177490E-1
1,276275E1 3,358567E-2 3,186667E-1
1,280446E1 3,358245E-2 3,198041E-1
1,284617E1 3,360411E-2 3,207853E-1
1,288787E1 3,353403E-2 3,218560E-1
1,292958E1 3,352154E-2 3,229803E-1
1,297129E1 3,355537E-2 3,239505E-1
1,301300E1 3,353205E-2 3,250581E-1
1,305471E1 3,349794E-2 3,260523E-1
1,309642E1 3,348642E-2 3,271172E-1
1,313813E1 3,350181E-2 3,282761E-1
1,317983E1 3,347461E-2 3,292881E-1
1,322154E1 3,343884E-2 3,303718E-1
1,326325E1 3,347095E-2 3,314677E-1
1,330496E1 3,345254E-2 3,323415E-1
1,334667E1 3,347570E-2 3,334531E-1
1,338837E1 3,349010E-2 3,344968E-1
1,343008E1 3,349219E-2 3,354030E-1
1,347179E1 3,351124E-2 3,364813E-1
1,351350E1 3,346165E-2 3,374804E-1
1,355521E1 3,349049E-2 3,384733E-1
1,359692E1 3,351356E-2 3,392946E-1
1,363862E1 3,358646E-2 3,402896E-1
1,368033E1 3,354126E-2 3,411367E-1
1,372204E1 3,359591E-2 3,421001E-1
1,376375E1 3,361113E-2 3,431618E-1
1,380546E1 3,363879E-2 3,440642E-1
1,384717E1 3,354620E-2 3,449956E-1
1,388888E1 3,360358E-2 3,459214E-1
1,393058E1 3,356386E-2 3,468447E-1
1,397229E1 3,355064E-2 3,479190E-1
1,401400E1 3,345170E-2 3,488890E-1
1,405571E1 3,344227E-2 3,499886E-1
1,409742E1 3,342359E-2 3,509897E-1
1,413912E1 3,346287E-2 3,519232E-1
1,418083E1 3,336798E-2 3,530264E-1
1,422254E1 3,333609E-2 3,541091E-1
1,426425E1 3,322890E-2 3,550986E-1
1,430596E1 3,315654E-2 3,560881E-1
1,434767E1 3,305502E-2 3,570920E-1
1,438937E1 3,296751E-2 3,580368E-1
1,443108E1 3,299740E-2 3,591873E-1
1,447279E1 3,292997E-2 3,602121E-1
1,451450E1 3,293499E-2 3,612699E-1
1,455621E1 3,286586E-2 3,623547E-1
1,459792E1 3,280483E-2 3,633913E-1
1,463963E1 3,275906E-2 3,645175E-1
1,468133E1 3,266625E-2 3,656766E-1
1,472304E1 3,262021E-2 3,667281E-1
1,476475E1 3,253648E-2 3,679384E-1
1,480646E1 3,246415E-2 3,690573E-1
1,484817E1 3,240600E-2 3,702593E-1
1,488987E1 3,237490E-2 3,714001E-1
1,493158E1 3,233212E-2 3,726290E-1
1,497329E1 3,220809E-2 3,738801E-1
1,501500E1 3,219829E-2 3,749536E-1
1,505671E1 3,217991E-2 3,759388E-1
1,509842E1 3,214730E-2 3,771204E-1
1,514012E1 3,215519E-2 3,780685E-1
1,518183E1 3,213092E-2 3,789909E-1
1,522354E1 3,211649E-2 3,800783E-1
1,526525E1 3,207126E-2 3,807040E-1
1,530696E1 3,211125E-2 3,816872E-1
1,534867E1 3,210329E-2 3,826476E-1
1,539038E1 3,219371E-2 3,835381E-1
1,543208E1 3,216495E-2 3,845958E-1
1,547379E1 3,219805E-2 3,852984E-1
1,551550E1 3,216990E-2 3,862554E-1
1,555721E1 3,213672E-2 3,872870E-1
1,559892E1 3,222501E-2 3,881091E-1
1,564062E1 3,223783E-2 3,890587E-1
1,568233E1 3,220586E-2 3,901621E-1
1,572404E1 3,212289E-2 3,912382E-1
1,576575E1 3,218436E-2 3,922272E-1
1,580746E1 3,213902E-2 3,935194E-1
1,584917E1 3,212690E-2 3,945787E-1
1,589087E1 3,217766E-2 3,958364E-1
1,593258E1 3,208877E-2 3,969208E-1
1,597429E1 3,206048E-2 3,980897E-1
1,601600E1 3,199133E-2 3,992943E-1
1,605771E1 3,195456E-2 4,004082E-1
1,609942E1 3,183930E-2 4,015509E-1
1,614113E1 3,182047E-2 4,026586E-1
1,618283E1 3,178290E-2 4,038168E-1
1,622454E1 3,181265E-2 4,047892E-1
1,626625E1 3,178059E-2 4,058132E-1
1,630796E1 3,180039E-2 4,069127E-1
1,634967E1 3,183610E-2 4,079476E-1
1,639138E1 3,182632E-2 4,089266E-1
1,643308E1 3,181327E-2 4,101382E-1
1,647479E1 3,182313E-2 4,112858E-1
1,651650E1 3,180271E-2 4,123602E-1
1,655821E1 3,174757E-2 4,136396E-1
1,659992E1 3,178145E-2 4,145905E-1
1,664163E1 3,181286E-2 4,155513E-1
1,668333E1 3,182955E-2 4,164796E-1
1,672504E1 3,184373E-2 4,174190E-1
1,676675E1 3,189190E-2 4,184693E-1
1,680846E1 3,190392E-2 4,193918E-1
1,685017E1 3,188804E-2 4,203673E-1
1,689187E1 3,192061E-2 4,213555E-1
1,693358E1 3,190623E-2 4,225154E-1
1,697529E1 3,192389E-2 4,236411E-1
1,701700E1 3,185738E-2 4,246975E-1
1,705871E1 3,176670E-2 4,258526E-1
1,710042E1 3,173742E-2 4,271371E-1
1,714213E1 3,166136E-2 4,283004E-1
1,718383E1 3,171008E-2 4,295285E-1
1,722554E1 3,166033E-2 4,307544E-1
1,726725E1 3,174126E-2 4,317718E-1
1,730896E1 3,171748E-2 4,329590E-1
1,735067E1 3,167488E-2 4,339170E-1
1,739238E1 3,164147E-2 4,351754E-1
1,743408E1 3,158569E-2 4,361279E-1
1,747579E1 3,165240E-2 4,371848E-1
1,751750E1 3,164393E-2 4,380797E-1
1,755921E1 3,159448E-2 4,388707E-1
1,760092E1 3,162241E-2 4,395609E-1
1,764262E1 3,154451E-2 4,399970E-1
1,768433E1 3,155935E-2 4,407406E-1
1,772604E1 3,153454E-2 4,415467E-1
1,776775E1 3,158695E-2 4,418590E-1
1,780946E1 3,151845E-2 4,420937E-1
1,785117E1 3,155595E-2 4,423253E-1
1,789288E1 3,160247E-2 4,425277E-1
1,793458E1 3,160834E-2 4,430502E-1
1,797629E1 3,152387E-2 4,438811E-1
1,801800E1 3,141636E-2 4,448327E-1
1,805971E1 3,136127E-2 4,454800E-1
1,810142E1 3,132779E-2 4,461027E-1
1,814313E1 3,141253E-2 4,471552E-1
1,818483E1 3,128141E-2 4,479615E-1
1,822654E1 3,128009E-2 4,485174E-1
1,826825E1 3,111569E-2 4,490624E-1
1,830996E1 3,112375E-2 4,492012E-1
1,835167E1 3,114069E-2 4,498296E-1
1,839337E1 3,105375E-2 4,506912E-1
1,843508E1 3,104454E-2 4,513220E-1
1,847679E1 3,099836E-2 4,513783E-1
1,851850E1 3,094423E-2 4,515275E-1
1,856021E1 3,084925E-2 4,520810E-1
1,860192E1 3,088441E-2 4,521531E-1
1,864363E1 3,086929E-2 4,521319E-1
1,868533E1 3,085781E-2 4,520877E-1
1,872704E1 3,091630E-2 4,520438E-1
1,876875E1 3,093402E-2 4,520426E-1
