 masa A  
t x y 
8,341667E-1 2,174296E-2 5,200963E-2
8,758750E-1 2,188724E-2 5,225347E-2
9,175833E-1 2,182231E-2 5,235489E-2
9,592917E-1 2,196590E-2 5,283952E-2
1,001000E0 2,190164E-2 5,310022E-2
1,042708E0 2,204317E-2 5,365184E-2
1,084417E0 2,206722E-2 5,428504E-2
1,126125E0 2,211844E-2 5,509847E-2
1,167833E0 2,216166E-2 5,599922E-2
1,209542E0 2,216121E-2 5,703480E-2
1,251250E0 2,215931E-2 5,815059E-2
1,292958E0 2,225315E-2 5,933915E-2
1,334667E0 2,220047E-2 6,005064E-2
1,376375E0 2,233555E-2 6,065933E-2
1,418083E0 2,237704E-2 6,144165E-2
1,459792E0 2,235437E-2 6,218342E-2
1,501500E0 2,243025E-2 6,277874E-2
1,543208E0 2,242973E-2 6,339392E-2
1,584917E0 2,261455E-2 6,392729E-2
1,626625E0 2,252457E-2 6,410499E-2
1,668333E0 2,255458E-2 6,449102E-2
1,710042E0 2,261809E-2 6,473046E-2
1,751750E0 2,268442E-2 6,542458E-2
1,793458E0 2,260095E-2 6,631540E-2
1,835167E0 2,256067E-2 6,726230E-2
1,876875E0 2,260921E-2 6,801291E-2
1,918583E0 2,264887E-2 6,874210E-2
1,960292E0 2,260430E-2 6,931125E-2
2,002000E0 2,265609E-2 6,991451E-2
2,043708E0 2,275206E-2 7,021067E-2
2,085417E0 2,258933E-2 7,052469E-2
2,127125E0 2,265970E-2 7,101948E-2
2,168833E0 2,257676E-2 7,178785E-2
2,210542E0 2,267788E-2 7,230708E-2
2,252250E0 2,274797E-2 7,272579E-2
2,293958E0 2,268566E-2 7,260828E-2
2,335667E0 2,263521E-2 7,272370E-2
2,377375E0 2,267737E-2 7,299719E-2
2,419083E0 2,267159E-2 7,354045E-2
2,460792E0 2,265845E-2 7,384169E-2
2,502500E0 2,272795E-2 7,386161E-2
2,544208E0 2,266613E-2 7,431203E-2
2,585917E0 2,268781E-2 7,457460E-2
2,627625E0 2,265956E-2 7,488778E-2
2,669333E0 2,260491E-2 7,498964E-2
2,711042E0 2,265996E-2 7,539887E-2
2,752750E0 2,260569E-2 7,600561E-2
2,794458E0 2,257682E-2 7,674170E-2
2,836167E0 2,268846E-2 7,712613E-2
2,877875E0 2,267613E-2 7,781092E-2
2,919583E0 2,275957E-2 7,834075E-2
2,961292E0 2,274654E-2 7,918613E-2
3,003000E0 2,276839E-2 7,988015E-2
3,044708E0 2,268943E-2 8,074335E-2
3,086417E0 2,277405E-2 8,133677E-2
3,128125E0 2,286136E-2 8,207075E-2
3,169833E0 2,285952E-2 8,270611E-2
3,211542E0 2,287550E-2 8,345017E-2
3,253250E0 2,279722E-2 8,415238E-2
3,294958E0 2,294988E-2 8,508256E-2
3,336667E0 2,289089E-2 8,579286E-2
3,378375E0 2,294537E-2 8,668460E-2
3,420083E0 2,304727E-2 8,773393E-2
3,461792E0 2,306720E-2 8,873209E-2
3,503500E0 2,319256E-2 8,945740E-2
3,545208E0 2,321104E-2 9,028990E-2
3,586917E0 2,328118E-2 9,147017E-2
3,628625E0 2,339326E-2 9,216466E-2
3,670333E0 2,341462E-2 9,319963E-2
3,712042E0 2,351798E-2 9,412227E-2
3,753750E0 2,361241E-2 9,493652E-2
3,795458E0 2,364059E-2 9,578331E-2
3,837167E0 2,375103E-2 9,651399E-2
3,878875E0 2,380057E-2 9,742822E-2
3,920583E0 2,387619E-2 9,834635E-2
3,962292E0 2,389541E-2 9,929846E-2
4,004000E0 2,399252E-2 1,001965E-1
4,045708E0 2,396321E-2 1,012150E-1
4,087417E0 2,407814E-2 1,022228E-1
4,129125E0 2,417201E-2 1,029841E-1
4,170833E0 2,416620E-2 1,039789E-1
4,212542E0 2,430115E-2 1,050083E-1
4,254250E0 2,437226E-2 1,059050E-1
4,295958E0 2,434807E-2 1,067336E-1
4,337667E0 2,439478E-2 1,076162E-1
4,379375E0 2,449656E-2 1,086266E-1
4,421083E0 2,457573E-2 1,094208E-1
4,462792E0 2,462869E-2 1,104378E-1
4,504500E0 2,471326E-2 1,114885E-1
4,546208E0 2,475338E-2 1,125460E-1
4,587917E0 2,475507E-2 1,134240E-1
4,629625E0 2,491329E-2 1,144431E-1
4,671333E0 2,494243E-2 1,155883E-1
4,713042E0 2,507753E-2 1,165997E-1
4,754750E0 2,511396E-2 1,176592E-1
4,796458E0 2,509432E-2 1,186479E-1
4,838167E0 2,519631E-2 1,198593E-1
4,879875E0 2,529650E-2 1,206211E-1
4,921583E0 2,539140E-2 1,217678E-1
4,963292E0 2,546127E-2 1,229625E-1
5,005000E0 2,557773E-2 1,239863E-1
5,046708E0 2,554697E-2 1,250038E-1
5,088417E0 2,555802E-2 1,260026E-1
5,130125E0 2,565489E-2 1,269661E-1
5,171833E0 2,566554E-2 1,281243E-1
5,213542E0 2,576809E-2 1,292351E-1
5,255250E0 2,576788E-2 1,301667E-1
5,296958E0 2,582504E-2 1,311754E-1
5,338667E0 2,591120E-2 1,324049E-1
5,380375E0 2,607178E-2 1,332313E-1
5,422083E0 2,616599E-2 1,343844E-1
5,463792E0 2,623369E-2 1,353940E-1
5,505500E0 2,624631E-2 1,363885E-1
5,547208E0 2,627724E-2 1,372819E-1
5,588917E0 2,634949E-2 1,381230E-1
5,630625E0 2,636381E-2 1,391375E-1
5,672333E0 2,655777E-2 1,401413E-1
5,714042E0 2,651134E-2 1,413067E-1
5,755750E0 2,664248E-2 1,423839E-1
5,797458E0 2,668740E-2 1,433975E-1
5,839167E0 2,678205E-2 1,442552E-1
5,880875E0 2,672887E-2 1,451537E-1
5,922583E0 2,682359E-2 1,460385E-1
5,964292E0 2,682065E-2 1,471923E-1
6,006000E0 2,690663E-2 1,482442E-1
6,047708E0 2,696012E-2 1,491122E-1
6,089417E0 2,693890E-2 1,501161E-1
6,131125E0 2,706413E-2 1,508922E-1
6,172833E0 2,715133E-2 1,516954E-1
6,214542E0 2,719466E-2 1,525942E-1
6,256250E0 2,719921E-2 1,533885E-1
6,297958E0 2,732641E-2 1,543409E-1
6,339667E0 2,733535E-2 1,554221E-1
6,381375E0 2,736036E-2 1,562295E-1
6,423083E0 2,739243E-2 1,573829E-1
6,464792E0 2,747741E-2 1,584026E-1
6,506500E0 2,756678E-2 1,591866E-1
6,548208E0 2,758972E-2 1,602802E-1
6,589917E0 2,758731E-2 1,611225E-1
6,631625E0 2,773139E-2 1,621257E-1
6,673333E0 2,782269E-2 1,632390E-1
6,715042E0 2,785915E-2 1,641525E-1
6,756750E0 2,787160E-2 1,652656E-1
6,798458E0 2,791453E-2 1,663477E-1
6,840167E0 2,793079E-2 1,674346E-1
6,881875E0 2,800533E-2 1,684239E-1
6,923583E0 2,805550E-2 1,695087E-1
6,965292E0 2,807033E-2 1,703425E-1
7,007000E0 2,814809E-2 1,712174E-1
7,048708E0 2,825684E-2 1,722465E-1
7,090417E0 2,830119E-2 1,732183E-1
7,132125E0 2,837886E-2 1,742494E-1
7,173833E0 2,837615E-2 1,751719E-1
7,215542E0 2,848166E-2 1,762688E-1
7,257250E0 2,843602E-2 1,773110E-1
7,298958E0 2,844604E-2 1,784176E-1
7,340667E0 2,851703E-2 1,792809E-1
7,382375E0 2,854468E-2 1,804353E-1
7,424083E0 2,849347E-2 1,814277E-1
7,465792E0 2,864555E-2 1,824217E-1
7,507500E0 2,871820E-2 1,833590E-1
7,549208E0 2,877316E-2 1,846700E-1
7,590917E0 2,881520E-2 1,855806E-1
7,632625E0 2,888721E-2 1,867250E-1
7,674333E0 2,881072E-2 1,876395E-1
7,716042E0 2,890208E-2 1,886683E-1
7,757750E0 2,909244E-2 1,895792E-1
7,799458E0 2,915160E-2 1,907517E-1
7,841167E0 2,914008E-2 1,917398E-1
7,882875E0 2,921497E-2 1,928720E-1
7,924583E0 2,935886E-2 1,940409E-1
7,966292E0 2,947092E-2 1,951685E-1
8,008000E0 2,950510E-2 1,963467E-1
8,049708E0 2,949991E-2 1,972807E-1
8,091417E0 2,956386E-2 1,985773E-1
8,133125E0 2,961218E-2 1,993701E-1
8,174833E0 2,969167E-2 2,005951E-1
8,216542E0 2,968781E-2 2,016815E-1
8,258250E0 2,984655E-2 2,028250E-1
8,299958E0 2,993056E-2 2,038717E-1
8,341667E0 2,989016E-2 2,048988E-1
8,383375E0 2,996709E-2 2,059354E-1
8,425083E0 3,001930E-2 2,067628E-1
8,466792E0 3,001368E-2 2,075909E-1
8,508500E0 3,005275E-2 2,085071E-1
8,550208E0 3,012287E-2 2,094757E-1
8,591917E0 3,014941E-2 2,104224E-1
8,633625E0 3,020672E-2 2,114226E-1
8,675333E0 3,027327E-2 2,126333E-1
8,717042E0 3,037363E-2 2,135070E-1
8,758750E0 3,039581E-2 2,145726E-1
8,800458E0 3,054863E-2 2,156992E-1
8,842167E0 3,051964E-2 2,167458E-1
8,883875E0 3,052885E-2 2,179925E-1
8,925583E0 3,061957E-2 2,192891E-1
8,967292E0 3,056382E-2 2,200976E-1
9,009000E0 3,065929E-2 2,211739E-1
9,050708E0 3,071492E-2 2,221922E-1
9,092417E0 3,083920E-2 2,232108E-1
9,134125E0 3,087766E-2 2,239828E-1
9,175833E0 3,087122E-2 2,248079E-1
9,217542E0 3,083938E-2 2,255260E-1
9,259250E0 3,091648E-2 2,262764E-1
9,300958E0 3,099782E-2 2,272317E-1
9,342667E0 3,087049E-2 2,281772E-1
9,384375E0 3,094048E-2 2,291424E-1
9,426083E0 3,107931E-2 2,301277E-1
9,467792E0 3,113754E-2 2,309237E-1
9,509500E0 3,123903E-2 2,320964E-1
9,551208E0 3,118733E-2 2,330308E-1
9,592917E0 3,125130E-2 2,338554E-1
9,634625E0 3,124004E-2 2,348544E-1
9,676333E0 3,133946E-2 2,358304E-1
9,718042E0 3,134224E-2 2,368542E-1
9,759750E0 3,141149E-2 2,377696E-1
9,801458E0 3,141555E-2 2,387544E-1
9,843167E0 3,141689E-2 2,397385E-1
9,884875E0 3,146599E-2 2,407275E-1
9,926583E0 3,146790E-2 2,417310E-1
9,968292E0 3,159309E-2 2,429595E-1
1,001000E1 3,162049E-2 2,440468E-1
1,005171E1 3,159192E-2 2,450467E-1
1,009342E1 3,164265E-2 2,461635E-1
1,013513E1 3,174219E-2 2,470432E-1
1,017683E1 3,185085E-2 2,480219E-1
1,021854E1 3,183205E-2 2,490080E-1
1,026025E1 3,190205E-2 2,498628E-1
1,030196E1 3,198746E-2 2,510808E-1
1,034367E1 3,198481E-2 2,522043E-1
1,038537E1 3,194125E-2 2,533151E-1
1,042708E1 3,190186E-2 2,544170E-1
1,046879E1 3,196476E-2 2,555042E-1
1,051050E1 3,192293E-2 2,565049E-1
1,055221E1 3,190961E-2 2,578744E-1
1,059392E1 3,204060E-2 2,587727E-1
1,063562E1 3,204495E-2 2,599930E-1
1,067733E1 3,200406E-2 2,609521E-1
1,071904E1 3,204684E-2 2,619817E-1
1,076075E1 3,205033E-2 2,629726E-1
1,080246E1 3,210227E-2 2,639800E-1
1,084417E1 3,210534E-2 2,650000E-1
1,088588E1 3,211729E-2 2,661911E-1
1,092758E1 3,217621E-2 2,672628E-1
1,096929E1 3,222068E-2 2,683793E-1
1,101100E1 3,225220E-2 2,694805E-1
1,105271E1 3,229721E-2 2,704281E-1
1,109442E1 3,235429E-2 2,715768E-1
1,113612E1 3,236117E-2 2,725925E-1
1,117783E1 3,245746E-2 2,736533E-1
1,121954E1 3,240460E-2 2,748101E-1
1,126125E1 3,241753E-2 2,756834E-1
1,130296E1 3,248886E-2 2,767641E-1
1,134467E1 3,243889E-2 2,779366E-1
1,138637E1 3,247183E-2 2,790507E-1
1,142808E1 3,248232E-2 2,801833E-1
1,146979E1 3,252309E-2 2,813360E-1
1,151150E1 3,248455E-2 2,822491E-1
1,155321E1 3,260498E-2 2,833155E-1
1,159492E1 3,260232E-2 2,841596E-1
1,163663E1 3,256201E-2 2,851725E-1
1,167833E1 3,264469E-2 2,861079E-1
1,172004E1 3,256989E-2 2,871287E-1
1,176175E1 3,260345E-2 2,880998E-1
1,180346E1 3,263303E-2 2,890668E-1
1,184517E1 3,257752E-2 2,899490E-1
1,188687E1 3,264302E-2 2,908911E-1
1,192858E1 3,266509E-2 2,916893E-1
1,197029E1 3,271466E-2 2,928033E-1
1,201200E1 3,265653E-2 2,939039E-1
1,205371E1 3,276061E-2 2,950903E-1
1,209542E1 3,278867E-2 2,963430E-1
1,213712E1 3,274432E-2 2,973486E-1
1,217883E1 3,278099E-2 2,983183E-1
1,222054E1 3,279577E-2 2,992199E-1
1,226225E1 3,284720E-2 2,999131E-1
1,230396E1 3,285728E-2 3,007956E-1
1,234567E1 3,282050E-2 3,016753E-1
1,238738E1 3,283912E-2 3,025454E-1
1,242908E1 3,278783E-2 3,034889E-1
1,247079E1 3,277139E-2 3,043324E-1
1,251250E1 3,285753E-2 3,051020E-1
1,255421E1 3,287015E-2 3,059683E-1
1,259592E1 3,293236E-2 3,067438E-1
1,263762E1 3,288696E-2 3,077310E-1
1,267933E1 3,291230E-2 3,086388E-1
1,272104E1 3,286848E-2 3,094794E-1
1,276275E1 3,293581E-2 3,103303E-1
1,280446E1 3,303056E-2 3,113457E-1
1,284617E1 3,303068E-2 3,124737E-1
1,288787E1 3,306640E-2 3,135062E-1
1,292958E1 3,304169E-2 3,143714E-1
1,297129E1 3,310396E-2 3,153181E-1
1,301300E1 3,308923E-2 3,164126E-1
1,305471E1 3,308898E-2 3,175854E-1
1,309642E1 3,313789E-2 3,184490E-1
1,313813E1 3,313185E-2 3,195586E-1
1,317983E1 3,314864E-2 3,206859E-1
1,322154E1 3,300670E-2 3,217702E-1
1,326325E1 3,307787E-2 3,228361E-1
1,330496E1 3,312462E-2 3,238194E-1
1,334667E1 3,311400E-2 3,249463E-1
1,338837E1 3,320448E-2 3,259428E-1
1,343008E1 3,311067E-2 3,270082E-1
1,347179E1 3,313829E-2 3,281554E-1
1,351350E1 3,315863E-2 3,291665E-1
1,355521E1 3,313144E-2 3,302001E-1
1,359692E1 3,322231E-2 3,313480E-1
1,363862E1 3,327607E-2 3,325347E-1
1,368033E1 3,320464E-2 3,336338E-1
1,372204E1 3,319695E-2 3,347404E-1
1,376375E1 3,317022E-2 3,360560E-1
1,380546E1 3,323596E-2 3,369688E-1
1,384717E1 3,331822E-2 3,378959E-1
1,388888E1 3,326822E-2 3,389499E-1
1,393058E1 3,328972E-2 3,399726E-1
1,397229E1 3,331535E-2 3,409369E-1
1,401400E1 3,330557E-2 3,419380E-1
1,405571E1 3,331628E-2 3,430114E-1
1,409742E1 3,334575E-2 3,440152E-1
1,413912E1 3,337404E-2 3,451613E-1
1,418083E1 3,345305E-2 3,461716E-1
1,422254E1 3,332675E-2 3,473571E-1
1,426425E1 3,340681E-2 3,481502E-1
1,430596E1 3,334825E-2 3,494079E-1
1,434767E1 3,330855E-2 3,503724E-1
1,438937E1 3,329439E-2 3,513913E-1
1,443108E1 3,331483E-2 3,524664E-1
1,447279E1 3,331706E-2 3,534923E-1
1,451450E1 3,324432E-2 3,546690E-1
1,455621E1 3,324285E-2 3,555532E-1
1,459792E1 3,326048E-2 3,564611E-1
1,463963E1 3,326316E-2 3,572935E-1
1,468133E1 3,328017E-2 3,581988E-1
1,472304E1 3,329548E-2 3,589342E-1
1,476475E1 3,332433E-2 3,597822E-1
1,480646E1 3,330738E-2 3,607390E-1
1,484817E1 3,332275E-2 3,615173E-1
1,488987E1 3,328195E-2 3,626039E-1
1,493158E1 3,334936E-2 3,635915E-1
1,497329E1 3,331305E-2 3,647468E-1
1,501500E1 3,324338E-2 3,659480E-1
1,505671E1 3,321737E-2 3,670829E-1
1,509842E1 3,329914E-2 3,680958E-1
1,514012E1 3,321851E-2 3,693160E-1
1,518183E1 3,323811E-2 3,703731E-1
1,522354E1 3,317943E-2 3,714191E-1
1,526525E1 3,312206E-2 3,726167E-1
1,530696E1 3,319272E-2 3,737079E-1
1,534867E1 3,317466E-2 3,747019E-1
1,539038E1 3,311322E-2 3,756675E-1
1,543208E1 3,318083E-2 3,765872E-1
1,547379E1 3,323234E-2 3,771695E-1
1,551550E1 3,314022E-2 3,780272E-1
1,555721E1 3,331711E-2 3,789805E-1
1,559892E1 3,327120E-2 3,796039E-1
1,564062E1 3,332225E-2 3,804806E-1
1,568233E1 3,336304E-2 3,811400E-1
1,572404E1 3,335409E-2 3,819880E-1
1,576575E1 3,333800E-2 3,829543E-1
1,580746E1 3,339443E-2 3,838481E-1
1,584917E1 3,344865E-2 3,847280E-1
1,589087E1 3,337362E-2 3,856769E-1
1,593258E1 3,336029E-2 3,866042E-1
1,597429E1 3,341176E-2 3,877221E-1
1,601600E1 3,337183E-2 3,886388E-1
1,605771E1 3,340727E-2 3,898847E-1
1,609942E1 3,346578E-2 3,909765E-1
1,614113E1 3,341468E-2 3,920174E-1
1,618283E1 3,336317E-2 3,931711E-1
1,622454E1 3,338002E-2 3,943688E-1
1,626625E1 3,335624E-2 3,954991E-1
1,630796E1 3,342588E-2 3,968107E-1
1,634967E1 3,332839E-2 3,980006E-1
1,639138E1 3,334789E-2 3,991036E-1
1,643308E1 3,326341E-2 4,003169E-1
1,647479E1 3,335992E-2 4,012615E-1
1,651650E1 3,320197E-2 4,024468E-1
1,655821E1 3,321710E-2 4,035523E-1
1,659992E1 3,331050E-2 4,047073E-1
1,664163E1 3,323993E-2 4,058868E-1
1,668333E1 3,318765E-2 4,070209E-1
1,672504E1 3,312537E-2 4,083021E-1
1,676675E1 3,310393E-2 4,094915E-1
1,680846E1 3,306294E-2 4,106504E-1
1,685017E1 3,316617E-2 4,117288E-1
1,689187E1 3,308582E-2 4,129265E-1
1,693358E1 3,309463E-2 4,141142E-1
1,697529E1 3,311367E-2 4,150576E-1
1,701700E1 3,314995E-2 4,160507E-1
1,705871E1 3,310218E-2 4,170084E-1
1,710042E1 3,315782E-2 4,180194E-1
1,714213E1 3,315687E-2 4,190755E-1
1,718383E1 3,309627E-2 4,202772E-1
1,722554E1 3,310362E-2 4,211621E-1
1,726725E1 3,293347E-2 4,224504E-1
1,730896E1 3,294835E-2 4,235656E-1
1,735067E1 3,293488E-2 4,247634E-1
1,739238E1 3,274205E-2 4,259476E-1
1,743408E1 3,276520E-2 4,271322E-1
1,747579E1 3,277305E-2 4,282808E-1
1,751750E1 3,283789E-2 4,294504E-1
1,755921E1 3,284261E-2 4,306712E-1
1,760092E1 3,291186E-2 4,315222E-1
1,764262E1 3,280971E-2 4,327299E-1
1,768433E1 3,283082E-2 4,335726E-1
1,772604E1 3,293193E-2 4,344451E-1
1,776775E1 3,290884E-2 4,355557E-1
1,780946E1 3,280563E-2 4,365261E-1
1,785117E1 3,287924E-2 4,377031E-1
1,789288E1 3,277757E-2 4,387193E-1
1,793458E1 3,279806E-2 4,396730E-1
1,797629E1 3,284276E-2 4,407765E-1
1,801800E1 3,279338E-2 4,414551E-1
1,805971E1 3,272779E-2 4,423562E-1
1,810142E1 3,264797E-2 4,433350E-1
1,814313E1 3,263417E-2 4,442641E-1
1,818483E1 3,260884E-2 4,450980E-1
1,822654E1 3,250449E-2 4,459675E-1
1,826825E1 3,234913E-2 4,472598E-1
1,830996E1 3,230641E-2 4,482302E-1
1,835167E1 3,223959E-2 4,493979E-1
1,839337E1 3,207716E-2 4,502744E-1
1,843508E1 3,218252E-2 4,509520E-1
1,847679E1 3,194297E-2 4,516992E-1
1,851850E1 3,179312E-2 4,526447E-1
1,856021E1 3,179554E-2 4,536782E-1
1,860192E1 3,172761E-2 4,542033E-1
1,864363E1 3,164224E-2 4,548123E-1
1,868533E1 3,156983E-2 4,551853E-1
1,872704E1 3,145573E-2 4,558729E-1
1,876875E1 3,142755E-2 4,564054E-1
1,881046E1 3,124991E-2 4,566092E-1
1,885217E1 3,125427E-2 4,568684E-1
1,889388E1 3,123073E-2 4,573517E-1
1,893558E1 3,122262E-2 4,581296E-1
1,897729E1 3,106414E-2 4,586231E-1
1,901900E1 3,088337E-2 4,595941E-1
1,906071E1 3,083700E-2 4,603097E-1
1,910242E1 3,056722E-2 4,608187E-1
1,914412E1 3,053452E-2 4,618168E-1
